-6.36269e-06 -8.13868e-06 -0.617639
-5.64934e-06 -8.13868e-06 -0.61761
-6.36269e-06 -8.67613e-06 -0.617637
-5.64934e-06 -8.67613e-06 -0.617608
-6.36269e-06 -9.21359e-06 -0.617635
-5.64934e-06 -9.21359e-06 -0.617607
-6.36269e-06 -9.75104e-06 -0.617634
-5.64934e-06 -9.75104e-06 -0.617605
-6.36269e-06 -1.02885e-05 -0.617632
-5.64934e-06 -1.02885e-05 -0.617603
-6.36269e-06 -1.08259e-05 -0.61763
-5.64934e-06 -1.08259e-05 -0.617601
-6.36269e-06 -1.13634e-05 -0.617628
-5.64934e-06 -1.13634e-05 -0.617599
-6.36269e-06 -1.19008e-05 -0.617626
-5.64934e-06 -1.19008e-05 -0.617597
-6.36269e-06 -1.24383e-05 -0.617624
-5.64934e-06 -1.24383e-05 -0.617595
-6.36269e-06 -1.29758e-05 -0.617622
-5.64934e-06 -1.29758e-05 -0.617594
-6.36269e-06 -1.35132e-05 -0.617621
-5.64934e-06 -1.35132e-05 -0.617592
-6.36269e-06 -1.40507e-05 -0.617619
-5.64934e-06 -1.40507e-05 -0.61759
-6.36269e-06 -1.45881e-05 -0.617617
-5.64934e-06 -1.45881e-05 -0.617588
-6.36269e-06 -1.51256e-05 -0.617615
-5.64934e-06 -1.51256e-05 -0.617586
-6.36269e-06 -1.5663e-05 -0.617613
-5.64934e-06 -1.5663e-05 -0.617584
-6.36269e-06 -1.62005e-05 -0.617611
-5.64934e-06 -1.62005e-05 -0.617582
-6.36269e-06 -1.67379e-05 -0.61761
-5.64934e-06 -1.67379e-05 -0.617581
-6.36269e-06 -1.72754e-05 -0.617608
-5.64934e-06 -1.72754e-05 -0.617579
-6.36269e-06 -1.78128e-05 -0.617606
-5.64934e-06 -1.78128e-05 -0.617577
-6.36269e-06 -1.83503e-05 -0.617604
-5.64934e-06 -1.83503e-05 -0.617575
-6.36269e-06 -1.88877e-05 -0.617602
-5.64934e-06 -1.88877e-05 -0.617573
-6.36269e-06 -1.94252e-05 -0.6176
-5.64934e-06 -1.94252e-05 -0.617571
-6.36269e-06 -1.99626e-05 -0.617598
-5.64934e-06 -1.99626e-05 -0.61757
-6.36269e-06 -2.05001e-05 -0.617597
-5.64934e-06 -2.05001e-05 -0.617568
-6.36269e-06 -2.10375e-05 -0.617595
-5.64934e-06 -2.10375e-05 -0.617566
-6.36269e-06 -2.1575e-05 -0.617593
-5.64934e-06 -2.1575e-05 -0.617564
-6.36269e-06 -2.21124e-05 -0.617591
-5.64934e-06 -2.21124e-05 -0.617562
-6.36269e-06 -2.26499e-05 -0.617589
-5.64934e-06 -2.26499e-05 -0.61756
-6.36269e-06 -2.31874e-05 -0.617587
-5.64934e-06 -2.31874e-05 -0.617558
-6.36269e-06 -2.37248e-05 -0.617585
-5.64934e-06 -2.37248e-05 -0.617557
-6.36269e-06 -2.42623e-05 -0.617584
-5.64934e-06 -2.42623e-05 -0.617555
-6.36269e-06 -2.47997e-05 -0.617582
-5.64934e-06 -2.47997e-05 -0.617553
-6.36269e-06 -2.53372e-05 -0.61758
-5.64934e-06 -2.53372e-05 -0.617551
-6.36269e-06 -2.58746e-05 -0.617578
-5.64934e-06 -2.58746e-05 -0.617549
-6.36269e-06 -2.64121e-05 -0.617576
-5.64934e-06 -2.64121e-05 -0.617547
-6.36269e-06 -2.69495e-05 -0.617574
-5.64934e-06 -2.69495e-05 -0.617546
-6.36269e-06 -2.7487e-05 -0.617573
-5.64934e-06 -2.7487e-05 -0.617544
-6.36269e-06 -2.80244e-05 -0.617571
-5.64934e-06 -2.80244e-05 -0.617542
-6.36269e-06 -2.85619e-05 -0.617569
-5.64934e-06 -2.85619e-05 -0.61754
-6.36269e-06 -2.90993e-05 -0.617567
-5.64934e-06 -2.90993e-05 -0.617538
-6.36269e-06 -2.96368e-05 -0.617565
-5.64934e-06 -2.96368e-05 -0.617536
-6.36269e-06 -3.01742e-05 -0.617563
-5.64934e-06 -3.01742e-05 -0.617534
-6.36269e-06 -3.07117e-05 -0.617561
-5.64934e-06 -3.07117e-05 -0.617533
-6.36269e-06 -3.12491e-05 -0.61756
-5.64934e-06 -3.12491e-05 -0.617531
-6.36269e-06 -3.17866e-05 -0.617558
-5.64934e-06 -3.17866e-05 -0.617529
-6.36269e-06 -3.2324e-05 -0.617556
-5.64934e-06 -3.2324e-05 -0.617527
-6.36269e-06 -3.28615e-05 -0.617554
-5.64934e-06 -3.28615e-05 -0.617525
-6.36269e-06 -3.3399e-05 -0.617552
-5.64934e-06 -3.3399e-05 -0.617523
-6.36269e-06 -3.39364e-05 -0.61755
-5.64934e-06 -3.39364e-05 -0.617522
-6.36269e-06 -3.44739e-05 -0.617549
-5.64934e-06 -3.44739e-05 -0.61752
-6.36269e-06 -3.50113e-05 -0.617547
-5.64934e-06 -3.50113e-05 -0.617518
-6.36269e-06 -3.55488e-05 -0.617545
-5.64934e-06 -3.55488e-05 -0.617516
-6.36269e-06 -3.60862e-05 -0.617543
-5.64934e-06 -3.60862e-05 -0.617514
-6.36269e-06 -3.66237e-05 -0.617541
-5.64934e-06 -3.66237e-05 -0.617512
-6.36269e-06 -3.71611e-05 -0.617539
-5.64934e-06 -3.71611e-05 -0.61751
-6.36269e-06 -3.76986e-05 -0.617537
-5.64934e-06 -3.76986e-05 -0.617509
-6.36269e-06 -3.8236e-05 -0.617536
-5.64934e-06 -3.8236e-05 -0.617507
-6.36269e-06 -3.87735e-05 -0.617534
-5.64934e-06 -3.87735e-05 -0.617505
-6.36269e-06 -3.93109e-05 -0.617532
-5.64934e-06 -3.93109e-05 -0.617503
-6.36269e-06 -3.98484e-05 -0.61753
-5.64934e-06 -3.98484e-05 -0.617501
-6.36269e-06 -4.03858e-05 -0.617528
-5.64934e-06 -4.03858e-05 -0.617499
-6.36269e-06 -4.09233e-05 -0.617526
-5.64934e-06 -4.09233e-05 -0.617498
-6.36269e-06 -4.14607e-05 -0.617525
-5.64934e-06 -4.14607e-05 -0.617496
-6.36269e-06 -4.19982e-05 -0.617523
-5.64934e-06 -4.19982e-05 -0.617494
-6.36269e-06 -4.25356e-05 -0.617521
-5.64934e-06 -4.25356e-05 -0.617492
-6.36269e-06 -4.30731e-05 -0.617519
-5.64934e-06 -4.30731e-05 -0.61749
-6.36269e-06 -4.36106e-05 -0.617517
-5.64934e-06 -4.36106e-05 -0.617488
-6.36269e-06 -4.4148e-05 -0.617515
-5.64934e-06 -4.4148e-05 -0.617486
-6.36269e-06 -4.46855e-05 -0.617513
-5.64934e-06 -4.46855e-05 -0.617485
-6.36269e-06 -4.52229e-05 -0.617512
-5.64934e-06 -4.52229e-05 -0.617483
-6.36269e-06 -4.57604e-05 -0.61751
-5.64934e-06 -4.57604e-05 -0.617481
-6.36269e-06 -4.62978e-05 -0.617508
-5.64934e-06 -4.62978e-05 -0.617479
-6.36269e-06 -4.68353e-05 -0.617506
-5.64934e-06 -4.68353e-05 -0.617477
-6.36269e-06 -4.73727e-05 -0.617504
-5.64934e-06 -4.73727e-05 -0.617475
