-5.45767e-06 -3.57711e-05 -0.586805
-6.11416e-06 -3.57711e-05 -0.586732
-5.45767e-06 -3.52765e-05 -0.586804
-6.11416e-06 -3.52765e-05 -0.586732
-5.45767e-06 -3.47819e-05 -0.586804
-6.11416e-06 -3.47819e-05 -0.586731
-5.45767e-06 -3.42873e-05 -0.586803
-6.11416e-06 -3.42873e-05 -0.586731
-5.45767e-06 -3.37927e-05 -0.586803
-6.11416e-06 -3.37927e-05 -0.58673
-5.45767e-06 -3.3298e-05 -0.586802
-6.11416e-06 -3.3298e-05 -0.58673
-5.45767e-06 -3.28034e-05 -0.586802
-6.11416e-06 -3.28034e-05 -0.586729
-5.45767e-06 -3.23088e-05 -0.586801
-6.11416e-06 -3.23088e-05 -0.586729
-5.45767e-06 -3.18142e-05 -0.586801
-6.11416e-06 -3.18142e-05 -0.586728
-5.45767e-06 -3.13196e-05 -0.5868
-6.11416e-06 -3.13196e-05 -0.586728
-5.45767e-06 -3.0825e-05 -0.5868
-6.11416e-06 -3.0825e-05 -0.586727
-5.45767e-06 -3.03304e-05 -0.586799
-6.11416e-06 -3.03304e-05 -0.586727
-5.45767e-06 -2.98357e-05 -0.586799
-6.11416e-06 -2.98357e-05 -0.586726
-5.45767e-06 -2.93411e-05 -0.586798
-6.11416e-06 -2.93411e-05 -0.586726
-5.45767e-06 -2.88465e-05 -0.586798
-6.11416e-06 -2.88465e-05 -0.586725
-5.45767e-06 -2.83519e-05 -0.586797
-6.11416e-06 -2.83519e-05 -0.586725
-5.45767e-06 -2.78573e-05 -0.586797
-6.11416e-06 -2.78573e-05 -0.586724
-5.45767e-06 -2.73627e-05 -0.586796
-6.11416e-06 -2.73627e-05 -0.586724
-5.45767e-06 -2.6868e-05 -0.586796
-6.11416e-06 -2.6868e-05 -0.586724
-5.45767e-06 -2.63734e-05 -0.586795
-6.11416e-06 -2.63734e-05 -0.586723
-5.45767e-06 -2.58788e-05 -0.586795
-6.11416e-06 -2.58788e-05 -0.586722
-5.45767e-06 -2.53842e-05 -0.586794
-6.11416e-06 -2.53842e-05 -0.586722
-5.45767e-06 -2.48896e-05 -0.586794
-6.11416e-06 -2.48896e-05 -0.586722
-5.45767e-06 -2.4395e-05 -0.586793
-6.11416e-06 -2.4395e-05 -0.586721
-5.45767e-06 -2.39004e-05 -0.586793
-6.11416e-06 -2.39004e-05 -0.586721
-5.45767e-06 -2.34057e-05 -0.586792
-6.11416e-06 -2.34057e-05 -0.58672
-5.45767e-06 -2.29111e-05 -0.586792
-6.11416e-06 -2.29111e-05 -0.58672
-5.45767e-06 -2.24165e-05 -0.586791
-6.11416e-06 -2.24165e-05 -0.586719
-5.45767e-06 -2.19219e-05 -0.586791
-6.11416e-06 -2.19219e-05 -0.586719
-5.45767e-06 -2.14273e-05 -0.58679
-6.11416e-06 -2.14273e-05 -0.586718
-5.45767e-06 -2.09327e-05 -0.58679
-6.11416e-06 -2.09327e-05 -0.586718
-5.45767e-06 -2.0438e-05 -0.586789
-6.11416e-06 -2.0438e-05 -0.586717
-5.45767e-06 -1.99434e-05 -0.586789
-6.11416e-06 -1.99434e-05 -0.586717
-5.45767e-06 -1.94488e-05 -0.586788
-6.11416e-06 -1.94488e-05 -0.586716
-5.45767e-06 -1.89542e-05 -0.586788
-6.11416e-06 -1.89542e-05 -0.586716
-5.45767e-06 -1.84596e-05 -0.586787
-6.11416e-06 -1.84596e-05 -0.586715
-5.45767e-06 -1.7965e-05 -0.586787
-6.11416e-06 -1.7965e-05 -0.586715
-5.45767e-06 -1.74704e-05 -0.586786
-6.11416e-06 -1.74704e-05 -0.586714
-5.45767e-06 -1.69757e-05 -0.586786
-6.11416e-06 -1.69757e-05 -0.586714
-5.45767e-06 -1.64811e-05 -0.586785
-6.11416e-06 -1.64811e-05 -0.586713
-5.45767e-06 -1.59865e-05 -0.586785
-6.11416e-06 -1.59865e-05 -0.586713
-5.45767e-06 -1.54919e-05 -0.586784
-6.11416e-06 -1.54919e-05 -0.586712
-5.45767e-06 -1.49973e-05 -0.586784
-6.11416e-06 -1.49973e-05 -0.586712
-5.45767e-06 -1.45027e-05 -0.586783
-6.11416e-06 -1.45027e-05 -0.586711
-5.45767e-06 -1.4008e-05 -0.586783
-6.11416e-06 -1.4008e-05 -0.586711
-5.45767e-06 -1.35134e-05 -0.586782
-6.11416e-06 -1.35134e-05 -0.58671
-5.45767e-06 -1.30188e-05 -0.586782
-6.11416e-06 -1.30188e-05 -0.58671
-5.45767e-06 -1.25242e-05 -0.586781
-6.11416e-06 -1.25242e-05 -0.586709
-5.45767e-06 -1.20296e-05 -0.586781
-6.11416e-06 -1.20296e-05 -0.586709
-5.45767e-06 -1.1535e-05 -0.58678
-6.11416e-06 -1.1535e-05 -0.586708
-5.45767e-06 -1.10403e-05 -0.58678
-6.11416e-06 -1.10403e-05 -0.586708
-5.45767e-06 -1.05457e-05 -0.586779
-6.11416e-06 -1.05457e-05 -0.586707
-5.45767e-06 -1.00511e-05 -0.586779
-6.11416e-06 -1.00511e-05 -0.586707
-5.45767e-06 -9.5565e-06 -0.586779
-6.11416e-06 -9.5565e-06 -0.586706
-5.45767e-06 -9.06189e-06 -0.586778
-6.11416e-06 -9.06189e-06 -0.586706
-5.45767e-06 -8.56727e-06 -0.586778
-6.11416e-06 -8.56727e-06 -0.586705
-5.45767e-06 -8.07266e-06 -0.586777
-6.11416e-06 -8.07266e-06 -0.586705
-5.45767e-06 -7.57804e-06 -0.586777
-6.11416e-06 -7.57804e-06 -0.586704
-5.45767e-06 -7.08342e-06 -0.586776
-6.11416e-06 -7.08342e-06 -0.586704
-5.45767e-06 -6.58881e-06 -0.586776
-6.11416e-06 -6.58881e-06 -0.586703
-5.45767e-06 -6.0942e-06 -0.586775
-6.11416e-06 -6.0942e-06 -0.586703
-5.45767e-06 -5.59958e-06 -0.586775
-6.11416e-06 -5.59958e-06 -0.586702
-5.45767e-06 -5.10496e-06 -0.586774
-6.11416e-06 -5.10496e-06 -0.586702
-5.45767e-06 -4.61035e-06 -0.586774
-6.11416e-06 -4.61035e-06 -0.586701
-5.45767e-06 -4.11573e-06 -0.586773
-6.11416e-06 -4.11573e-06 -0.586701
-5.45767e-06 -3.62112e-06 -0.586773
-6.11416e-06 -3.62112e-06 -0.5867
-5.45767e-06 -3.1265e-06 -0.586772
-6.11416e-06 -3.1265e-06 -0.5867
-5.45767e-06 -2.63189e-06 -0.586772
-6.11416e-06 -2.63189e-06 -0.586699
-5.45767e-06 -2.13727e-06 -0.586771
-6.11416e-06 -2.13727e-06 -0.586699
-5.45767e-06 -1.64265e-06 -0.586771
-6.11416e-06 -1.64265e-06 -0.586698
-5.45767e-06 -1.14804e-06 -0.58677
-6.11416e-06 -1.14804e-06 -0.586698
-5.45767e-06 -6.53425e-07 -0.58677
-6.11416e-06 -6.53425e-07 -0.586697
-5.45767e-06 -1.58809e-07 -0.586769
-6.11416e-06 -1.58809e-07 -0.586697
-5.45767e-06 3.35807e-07 -0.586769
-6.11416e-06 3.35807e-07 -0.586696
