-2.16181e-06 1.6067e-05 -0.664032
2.76092e-07 1.6067e-05 -0.663875
-2.16181e-06 1.42303e-05 -0.664033
2.76092e-07 1.42303e-05 -0.663876
-2.16181e-06 1.23935e-05 -0.664034
2.76092e-07 1.23935e-05 -0.663878
-2.16181e-06 1.05567e-05 -0.664035
2.76092e-07 1.05567e-05 -0.663879
-2.16181e-06 8.71996e-06 -0.664036
2.76092e-07 8.71996e-06 -0.66388
-2.16181e-06 6.88319e-06 -0.664037
2.76092e-07 6.88319e-06 -0.663881
-2.16181e-06 5.04641e-06 -0.664038
2.76092e-07 5.04641e-06 -0.663882
-2.16181e-06 3.20964e-06 -0.664039
2.76092e-07 3.20964e-06 -0.663883
-2.16181e-06 1.37287e-06 -0.664041
2.76092e-07 1.37287e-06 -0.663884
-2.16181e-06 -4.63901e-07 -0.664042
2.76092e-07 -4.63901e-07 -0.663885
-2.16181e-06 -2.30067e-06 -0.664043
2.76092e-07 -2.30067e-06 -0.663886
-2.16181e-06 -4.13744e-06 -0.664044
2.76092e-07 -4.13744e-06 -0.663887
-2.16181e-06 -5.97422e-06 -0.664045
2.76092e-07 -5.97422e-06 -0.663888
-2.16181e-06 -7.81099e-06 -0.664046
2.76092e-07 -7.81099e-06 -0.663889
-2.16181e-06 -9.64776e-06 -0.664047
2.76092e-07 -9.64776e-06 -0.66389
-2.16181e-06 -1.14845e-05 -0.664048
2.76092e-07 -1.14845e-05 -0.663891
-2.16181e-06 -1.33213e-05 -0.664049
2.76092e-07 -1.33213e-05 -0.663893
-2.16181e-06 -1.51581e-05 -0.66405
2.76092e-07 -1.51581e-05 -0.663894
-2.16181e-06 -1.69948e-05 -0.664051
2.76092e-07 -1.69948e-05 -0.663895
-2.16181e-06 -1.88316e-05 -0.664052
2.76092e-07 -1.88316e-05 -0.663896
-2.16181e-06 -2.06684e-05 -0.664053
2.76092e-07 -2.06684e-05 -0.663897
-2.16181e-06 -2.25052e-05 -0.664055
2.76092e-07 -2.25052e-05 -0.663898
-2.16181e-06 -2.43419e-05 -0.664056
2.76092e-07 -2.43419e-05 -0.663899
-2.16181e-06 -2.61787e-05 -0.664057
2.76092e-07 -2.61787e-05 -0.6639
-2.16181e-06 -2.80155e-05 -0.664058
2.76092e-07 -2.80155e-05 -0.663901
-2.16181e-06 -2.98523e-05 -0.664059
2.76092e-07 -2.98523e-05 -0.663902
-2.16181e-06 -3.1689e-05 -0.66406
2.76092e-07 -3.1689e-05 -0.663903
-2.16181e-06 -3.35258e-05 -0.664061
2.76092e-07 -3.35258e-05 -0.663904
-2.16181e-06 -3.53626e-05 -0.664062
2.76092e-07 -3.53626e-05 -0.663906
-2.16181e-06 -3.71993e-05 -0.664063
2.76092e-07 -3.71993e-05 -0.663907
-2.16181e-06 -3.90361e-05 -0.664064
2.76092e-07 -3.90361e-05 -0.663908
-2.16181e-06 -4.08729e-05 -0.664065
2.76092e-07 -4.08729e-05 -0.663909
-2.16181e-06 -4.27096e-05 -0.664066
2.76092e-07 -4.27096e-05 -0.66391
-2.16181e-06 -4.45464e-05 -0.664067
2.76092e-07 -4.45464e-05 -0.663911
-2.16181e-06 -4.63832e-05 -0.664068
2.76092e-07 -4.63832e-05 -0.663912
-2.16181e-06 -4.822e-05 -0.66407
2.76092e-07 -4.822e-05 -0.663913
-2.16181e-06 -5.00567e-05 -0.664071
2.76092e-07 -5.00567e-05 -0.663914
-2.16181e-06 -5.18935e-05 -0.664072
2.76092e-07 -5.18935e-05 -0.663915
-2.16181e-06 -5.37303e-05 -0.664073
2.76092e-07 -5.37303e-05 -0.663916
-2.16181e-06 -5.55671e-05 -0.664074
2.76092e-07 -5.55671e-05 -0.663917
-2.16181e-06 -5.74038e-05 -0.664075
2.76092e-07 -5.74038e-05 -0.663918
-2.16181e-06 -5.92406e-05 -0.664076
2.76092e-07 -5.92406e-05 -0.663919
-2.16181e-06 -6.10774e-05 -0.664077
2.76092e-07 -6.10774e-05 -0.663921
-2.16181e-06 -6.29141e-05 -0.664078
2.76092e-07 -6.29141e-05 -0.663922
-2.16181e-06 -6.47509e-05 -0.664079
2.76092e-07 -6.47509e-05 -0.663923
-2.16181e-06 -6.65877e-05 -0.66408
2.76092e-07 -6.65877e-05 -0.663924
-2.16181e-06 -6.84245e-05 -0.664081
2.76092e-07 -6.84245e-05 -0.663925
-2.16181e-06 -7.02612e-05 -0.664082
2.76092e-07 -7.02612e-05 -0.663926
-2.16181e-06 -7.2098e-05 -0.664083
2.76092e-07 -7.2098e-05 -0.663927
-2.16181e-06 -7.39348e-05 -0.664085
2.76092e-07 -7.39348e-05 -0.663928
-2.16181e-06 -7.57715e-05 -0.664086
2.76092e-07 -7.57715e-05 -0.663929
-2.16181e-06 -7.76083e-05 -0.664087
2.76092e-07 -7.76083e-05 -0.66393
-2.16181e-06 -7.94451e-05 -0.664088
2.76092e-07 -7.94451e-05 -0.663931
-2.16181e-06 -8.12819e-05 -0.664089
2.76092e-07 -8.12819e-05 -0.663932
-2.16181e-06 -8.31186e-05 -0.66409
2.76092e-07 -8.31186e-05 -0.663933
-2.16181e-06 -8.49554e-05 -0.664091
2.76092e-07 -8.49554e-05 -0.663935
-2.16181e-06 -8.67922e-05 -0.664092
2.76092e-07 -8.67922e-05 -0.663936
-2.16181e-06 -8.86289e-05 -0.664093
2.76092e-07 -8.86289e-05 -0.663937
-2.16181e-06 -9.04657e-05 -0.664094
2.76092e-07 -9.04657e-05 -0.663938
-2.16181e-06 -9.23025e-05 -0.664095
2.76092e-07 -9.23025e-05 -0.663939
-2.16181e-06 -9.41393e-05 -0.664096
2.76092e-07 -9.41393e-05 -0.66394
-2.16181e-06 -9.5976e-05 -0.664097
2.76092e-07 -9.5976e-05 -0.663941
-2.16181e-06 -9.78128e-05 -0.664099
2.76092e-07 -9.78128e-05 -0.663942
-2.16181e-06 -9.96496e-05 -0.6641
2.76092e-07 -9.96496e-05 -0.663943
-2.16181e-06 -0.000101486 -0.664101
2.76092e-07 -0.000101486 -0.663944
-2.16181e-06 -0.000103323 -0.664102
2.76092e-07 -0.000103323 -0.663945
-2.16181e-06 -0.00010516 -0.664103
2.76092e-07 -0.00010516 -0.663946
-2.16181e-06 -0.000106997 -0.664104
2.76092e-07 -0.000106997 -0.663947
-2.16181e-06 -0.000108833 -0.664105
2.76092e-07 -0.000108833 -0.663948
-2.16181e-06 -0.00011067 -0.664106
2.76092e-07 -0.00011067 -0.66395
-2.16181e-06 -0.000112507 -0.664107
2.76092e-07 -0.000112507 -0.663951
-2.16181e-06 -0.000114344 -0.664108
2.76092e-07 -0.000114344 -0.663952
-2.16181e-06 -0.000116181 -0.664109
2.76092e-07 -0.000116181 -0.663953
-2.16181e-06 -0.000118017 -0.66411
2.76092e-07 -0.000118017 -0.663954
