-2.10978e-06 -8.15297e-06 -0.71312
-2.2668e-06 -8.15297e-06 -0.713129
-2.10978e-06 -8.03467e-06 -0.713122
-2.2668e-06 -8.03467e-06 -0.713131
-2.10978e-06 -7.91637e-06 -0.713123
-2.2668e-06 -7.91637e-06 -0.713132
-2.10978e-06 -7.79806e-06 -0.713125
-2.2668e-06 -7.79806e-06 -0.713134
-2.10978e-06 -7.67976e-06 -0.713127
-2.2668e-06 -7.67976e-06 -0.713136
-2.10978e-06 -7.56146e-06 -0.713128
-2.2668e-06 -7.56146e-06 -0.713137
-2.10978e-06 -7.44316e-06 -0.71313
-2.2668e-06 -7.44316e-06 -0.713139
-2.10978e-06 -7.32485e-06 -0.713132
-2.2668e-06 -7.32485e-06 -0.713141
-2.10978e-06 -7.20655e-06 -0.713133
-2.2668e-06 -7.20655e-06 -0.713142
-2.10978e-06 -7.08825e-06 -0.713135
-2.2668e-06 -7.08825e-06 -0.713144
-2.10978e-06 -6.96994e-06 -0.713137
-2.2668e-06 -6.96994e-06 -0.713146
-2.10978e-06 -6.85164e-06 -0.713138
-2.2668e-06 -6.85164e-06 -0.713147
-2.10978e-06 -6.73334e-06 -0.71314
-2.2668e-06 -6.73334e-06 -0.713149
-2.10978e-06 -6.61503e-06 -0.713142
-2.2668e-06 -6.61503e-06 -0.713151
-2.10978e-06 -6.49673e-06 -0.713143
-2.2668e-06 -6.49673e-06 -0.713152
-2.10978e-06 -6.37843e-06 -0.713145
-2.2668e-06 -6.37843e-06 -0.713154
-2.10978e-06 -6.26012e-06 -0.713147
-2.2668e-06 -6.26012e-06 -0.713156
-2.10978e-06 -6.14182e-06 -0.713148
-2.2668e-06 -6.14182e-06 -0.713157
-2.10978e-06 -6.02352e-06 -0.71315
-2.2668e-06 -6.02352e-06 -0.713159
-2.10978e-06 -5.90521e-06 -0.713152
-2.2668e-06 -5.90521e-06 -0.713161
-2.10978e-06 -5.78691e-06 -0.713153
-2.2668e-06 -5.78691e-06 -0.713162
-2.10978e-06 -5.66861e-06 -0.713155
-2.2668e-06 -5.66861e-06 -0.713164
-2.10978e-06 -5.55031e-06 -0.713157
-2.2668e-06 -5.55031e-06 -0.713166
-2.10978e-06 -5.432e-06 -0.713158
-2.2668e-06 -5.432e-06 -0.713167
-2.10978e-06 -5.3137e-06 -0.71316
-2.2668e-06 -5.3137e-06 -0.713169
-2.10978e-06 -5.1954e-06 -0.713162
-2.2668e-06 -5.1954e-06 -0.713171
-2.10978e-06 -5.07709e-06 -0.713163
-2.2668e-06 -5.07709e-06 -0.713172
-2.10978e-06 -4.95879e-06 -0.713165
-2.2668e-06 -4.95879e-06 -0.713174
-2.10978e-06 -4.84049e-06 -0.713167
-2.2668e-06 -4.84049e-06 -0.713176
-2.10978e-06 -4.72218e-06 -0.713168
-2.2668e-06 -4.72218e-06 -0.713177
-2.10978e-06 -4.60388e-06 -0.71317
-2.2668e-06 -4.60388e-06 -0.713179
-2.10978e-06 -4.48558e-06 -0.713172
-2.2668e-06 -4.48558e-06 -0.713181
-2.10978e-06 -4.36727e-06 -0.713173
-2.2668e-06 -4.36727e-06 -0.713182
-2.10978e-06 -4.24897e-06 -0.713175
-2.2668e-06 -4.24897e-06 -0.713184
-2.10978e-06 -4.13067e-06 -0.713177
-2.2668e-06 -4.13067e-06 -0.713186
-2.10978e-06 -4.01236e-06 -0.713178
-2.2668e-06 -4.01236e-06 -0.713187
-2.10978e-06 -3.89406e-06 -0.71318
-2.2668e-06 -3.89406e-06 -0.713189
-2.10978e-06 -3.77576e-06 -0.713182
-2.2668e-06 -3.77576e-06 -0.713191
-2.10978e-06 -3.65746e-06 -0.713183
-2.2668e-06 -3.65746e-06 -0.713192
-2.10978e-06 -3.53915e-06 -0.713185
-2.2668e-06 -3.53915e-06 -0.713194
-2.10978e-06 -3.42085e-06 -0.713187
-2.2668e-06 -3.42085e-06 -0.713196
-2.10978e-06 -3.30255e-06 -0.713188
-2.2668e-06 -3.30255e-06 -0.713197
-2.10978e-06 -3.18424e-06 -0.71319
-2.2668e-06 -3.18424e-06 -0.713199
-2.10978e-06 -3.06594e-06 -0.713192
-2.2668e-06 -3.06594e-06 -0.713201
-2.10978e-06 -2.94764e-06 -0.713193
-2.2668e-06 -2.94764e-06 -0.713202
-2.10978e-06 -2.82933e-06 -0.713195
-2.2668e-06 -2.82933e-06 -0.713204
-2.10978e-06 -2.71103e-06 -0.713197
-2.2668e-06 -2.71103e-06 -0.713206
-2.10978e-06 -2.59273e-06 -0.713198
-2.2668e-06 -2.59273e-06 -0.713207
-2.10978e-06 -2.47442e-06 -0.7132
-2.2668e-06 -2.47442e-06 -0.713209
-2.10978e-06 -2.35612e-06 -0.713202
-2.2668e-06 -2.35612e-06 -0.713211
-2.10978e-06 -2.23782e-06 -0.713203
-2.2668e-06 -2.23782e-06 -0.713212
-2.10978e-06 -2.11951e-06 -0.713205
-2.2668e-06 -2.11951e-06 -0.713214
-2.10978e-06 -2.00121e-06 -0.713207
-2.2668e-06 -2.00121e-06 -0.713216
-2.10978e-06 -1.88291e-06 -0.713208
-2.2668e-06 -1.88291e-06 -0.713217
-2.10978e-06 -1.7646e-06 -0.71321
-2.2668e-06 -1.7646e-06 -0.713219
-2.10978e-06 -1.6463e-06 -0.713212
-2.2668e-06 -1.6463e-06 -0.713221
-2.10978e-06 -1.528e-06 -0.713213
-2.2668e-06 -1.528e-06 -0.713222
-2.10978e-06 -1.4097e-06 -0.713215
-2.2668e-06 -1.4097e-06 -0.713224
-2.10978e-06 -1.29139e-06 -0.713217
-2.2668e-06 -1.29139e-06 -0.713226
-2.10978e-06 -1.17309e-06 -0.713218
-2.2668e-06 -1.17309e-06 -0.713227
-2.10978e-06 -1.05479e-06 -0.71322
-2.2668e-06 -1.05479e-06 -0.713229
-2.10978e-06 -9.36483e-07 -0.713222
-2.2668e-06 -9.36483e-07 -0.713231
-2.10978e-06 -8.1818e-07 -0.713223
-2.2668e-06 -8.1818e-07 -0.713232
-2.10978e-06 -6.99877e-07 -0.713225
-2.2668e-06 -6.99877e-07 -0.713234
-2.10978e-06 -5.81574e-07 -0.713227
-2.2668e-06 -5.81574e-07 -0.713236
-2.10978e-06 -4.63271e-07 -0.713228
-2.2668e-06 -4.63271e-07 -0.713237
-2.10978e-06 -3.44967e-07 -0.71323
-2.2668e-06 -3.44967e-07 -0.713239
-2.10978e-06 -2.26665e-07 -0.713232
-2.2668e-06 -2.26665e-07 -0.713241
-2.10978e-06 -1.08361e-07 -0.713233
-2.2668e-06 -1.08361e-07 -0.713242
-2.10978e-06 9.9419e-09 -0.713235
-2.2668e-06 9.9419e-09 -0.713244
-2.10978e-06 1.28245e-07 -0.713237
-2.2668e-06 1.28245e-07 -0.713246
-2.10978e-06 2.46548e-07 -0.713238
-2.2668e-06 2.46548e-07 -0.713247
-2.10978e-06 3.64851e-07 -0.71324
-2.2668e-06 3.64851e-07 -0.713249
-2.10978e-06 4.83154e-07 -0.713242
-2.2668e-06 4.83154e-07 -0.713251
