1.60445e-06 -1.02696e-05 -0.719246
1.3516e-06 -1.02696e-05 -0.719238
1.60445e-06 -1.00791e-05 -0.719253
1.3516e-06 -1.00791e-05 -0.719244
1.60445e-06 -9.88864e-06 -0.719259
1.3516e-06 -9.88864e-06 -0.719251
1.60445e-06 -9.69814e-06 -0.719266
1.3516e-06 -9.69814e-06 -0.719257
1.60445e-06 -9.50764e-06 -0.719272
1.3516e-06 -9.50764e-06 -0.719263
1.60445e-06 -9.31714e-06 -0.719279
1.3516e-06 -9.31714e-06 -0.71927
1.60445e-06 -9.12665e-06 -0.719285
1.3516e-06 -9.12665e-06 -0.719276
1.60445e-06 -8.93615e-06 -0.719291
1.3516e-06 -8.93615e-06 -0.719283
1.60445e-06 -8.74565e-06 -0.719298
1.3516e-06 -8.74565e-06 -0.719289
1.60445e-06 -8.55515e-06 -0.719304
1.3516e-06 -8.55515e-06 -0.719296
1.60445e-06 -8.36465e-06 -0.719311
1.3516e-06 -8.36465e-06 -0.719302
1.60445e-06 -8.17416e-06 -0.719317
1.3516e-06 -8.17416e-06 -0.719308
1.60445e-06 -7.98366e-06 -0.719324
1.3516e-06 -7.98366e-06 -0.719315
1.60445e-06 -7.79316e-06 -0.71933
1.3516e-06 -7.79316e-06 -0.719321
1.60445e-06 -7.60266e-06 -0.719336
1.3516e-06 -7.60266e-06 -0.719328
1.60445e-06 -7.41216e-06 -0.719343
1.3516e-06 -7.41216e-06 -0.719334
1.60445e-06 -7.22167e-06 -0.719349
1.3516e-06 -7.22167e-06 -0.719341
1.60445e-06 -7.03117e-06 -0.719356
1.3516e-06 -7.03117e-06 -0.719347
1.60445e-06 -6.84067e-06 -0.719362
1.3516e-06 -6.84067e-06 -0.719353
1.60445e-06 -6.65017e-06 -0.719369
1.3516e-06 -6.65017e-06 -0.71936
1.60445e-06 -6.45967e-06 -0.719375
1.3516e-06 -6.45967e-06 -0.719366
1.60445e-06 -6.26918e-06 -0.719381
1.3516e-06 -6.26918e-06 -0.719373
1.60445e-06 -6.07868e-06 -0.719388
1.3516e-06 -6.07868e-06 -0.719379
1.60445e-06 -5.88818e-06 -0.719394
1.3516e-06 -5.88818e-06 -0.719386
1.60445e-06 -5.69768e-06 -0.719401
1.3516e-06 -5.69768e-06 -0.719392
1.60445e-06 -5.50718e-06 -0.719407
1.3516e-06 -5.50718e-06 -0.719398
1.60445e-06 -5.31669e-06 -0.719414
1.3516e-06 -5.31669e-06 -0.719405
1.60445e-06 -5.12619e-06 -0.71942
1.3516e-06 -5.12619e-06 -0.719411
1.60445e-06 -4.93569e-06 -0.719426
1.3516e-06 -4.93569e-06 -0.719418
1.60445e-06 -4.74519e-06 -0.719433
1.3516e-06 -4.74519e-06 -0.719424
1.60445e-06 -4.55469e-06 -0.719439
1.3516e-06 -4.55469e-06 -0.719431
1.60445e-06 -4.3642e-06 -0.719446
1.3516e-06 -4.3642e-06 -0.719437
1.60445e-06 -4.1737e-06 -0.719452
1.3516e-06 -4.1737e-06 -0.719444
1.60445e-06 -3.9832e-06 -0.719459
1.3516e-06 -3.9832e-06 -0.71945
1.60445e-06 -3.7927e-06 -0.719465
1.3516e-06 -3.7927e-06 -0.719456
1.60445e-06 -3.6022e-06 -0.719471
1.3516e-06 -3.6022e-06 -0.719463
1.60445e-06 -3.41171e-06 -0.719478
1.3516e-06 -3.41171e-06 -0.719469
1.60445e-06 -3.22121e-06 -0.719484
1.3516e-06 -3.22121e-06 -0.719476
1.60445e-06 -3.03071e-06 -0.719491
1.3516e-06 -3.03071e-06 -0.719482
1.60445e-06 -2.84021e-06 -0.719497
1.3516e-06 -2.84021e-06 -0.719489
1.60445e-06 -2.64971e-06 -0.719504
1.3516e-06 -2.64971e-06 -0.719495
1.60445e-06 -2.45922e-06 -0.71951
1.3516e-06 -2.45922e-06 -0.719501
1.60445e-06 -2.26872e-06 -0.719517
1.3516e-06 -2.26872e-06 -0.719508
1.60445e-06 -2.07822e-06 -0.719523
1.3516e-06 -2.07822e-06 -0.719514
1.60445e-06 -1.88772e-06 -0.719529
1.3516e-06 -1.88772e-06 -0.719521
1.60445e-06 -1.69722e-06 -0.719536
1.3516e-06 -1.69722e-06 -0.719527
1.60445e-06 -1.50673e-06 -0.719542
1.3516e-06 -1.50673e-06 -0.719534
1.60445e-06 -1.31623e-06 -0.719549
1.3516e-06 -1.31623e-06 -0.71954
1.60445e-06 -1.12573e-06 -0.719555
1.3516e-06 -1.12573e-06 -0.719546
1.60445e-06 -9.35232e-07 -0.719562
1.3516e-06 -9.35232e-07 -0.719553
1.60445e-06 -7.44734e-07 -0.719568
1.3516e-06 -7.44734e-07 -0.719559
1.60445e-06 -5.54236e-07 -0.719574
1.3516e-06 -5.54236e-07 -0.719566
1.60445e-06 -3.63738e-07 -0.719581
1.3516e-06 -3.63738e-07 -0.719572
1.60445e-06 -1.7324e-07 -0.719587
1.3516e-06 -1.7324e-07 -0.719579
1.60445e-06 1.72583e-08 -0.719594
1.3516e-06 1.72583e-08 -0.719585
1.60445e-06 2.07756e-07 -0.7196
1.3516e-06 2.07756e-07 -0.719591
1.60445e-06 3.98254e-07 -0.719607
1.3516e-06 3.98254e-07 -0.719598
1.60445e-06 5.88752e-07 -0.719613
1.3516e-06 5.88752e-07 -0.719604
1.60445e-06 7.7925e-07 -0.719619
1.3516e-06 7.7925e-07 -0.719611
1.60445e-06 9.69748e-07 -0.719626
1.3516e-06 9.69748e-07 -0.719617
1.60445e-06 1.16025e-06 -0.719632
1.3516e-06 1.16025e-06 -0.719624
1.60445e-06 1.35074e-06 -0.719639
1.3516e-06 1.35074e-06 -0.71963
1.60445e-06 1.54124e-06 -0.719645
1.3516e-06 1.54124e-06 -0.719636
1.60445e-06 1.73174e-06 -0.719652
1.3516e-06 1.73174e-06 -0.719643
1.60445e-06 1.92224e-06 -0.719658
1.3516e-06 1.92224e-06 -0.719649
1.60445e-06 2.11274e-06 -0.719664
1.3516e-06 2.11274e-06 -0.719656
1.60445e-06 2.30323e-06 -0.719671
1.3516e-06 2.30323e-06 -0.719662
1.60445e-06 2.49373e-06 -0.719677
1.3516e-06 2.49373e-06 -0.719669
1.60445e-06 2.68423e-06 -0.719684
1.3516e-06 2.68423e-06 -0.719675
1.60445e-06 2.87473e-06 -0.71969
1.3516e-06 2.87473e-06 -0.719682
1.60445e-06 3.06523e-06 -0.719697
1.3516e-06 3.06523e-06 -0.719688
1.60445e-06 3.25572e-06 -0.719703
1.3516e-06 3.25572e-06 -0.719694
1.60445e-06 3.44622e-06 -0.71971
1.3516e-06 3.44622e-06 -0.719701
1.60445e-06 3.63672e-06 -0.719716
1.3516e-06 3.63672e-06 -0.719707
