1.48239e-07 -4.21975e-05 -0.835398
-1.36599e-06 -4.21975e-05 -0.835406
1.48239e-07 -4.10566e-05 -0.835402
-1.36599e-06 -4.10566e-05 -0.83541
1.48239e-07 -3.99158e-05 -0.835406
-1.36599e-06 -3.99158e-05 -0.835414
1.48239e-07 -3.87749e-05 -0.835409
-1.36599e-06 -3.87749e-05 -0.835417
1.48239e-07 -3.76341e-05 -0.835413
-1.36599e-06 -3.76341e-05 -0.835421
1.48239e-07 -3.64932e-05 -0.835417
-1.36599e-06 -3.64932e-05 -0.835425
1.48239e-07 -3.53523e-05 -0.83542
-1.36599e-06 -3.53523e-05 -0.835429
1.48239e-07 -3.42115e-05 -0.835424
-1.36599e-06 -3.42115e-05 -0.835432
1.48239e-07 -3.30706e-05 -0.835428
-1.36599e-06 -3.30706e-05 -0.835436
1.48239e-07 -3.19298e-05 -0.835432
-1.36599e-06 -3.19298e-05 -0.83544
1.48239e-07 -3.07889e-05 -0.835436
-1.36599e-06 -3.07889e-05 -0.835444
1.48239e-07 -2.9648e-05 -0.835439
-1.36599e-06 -2.9648e-05 -0.835447
1.48239e-07 -2.85072e-05 -0.835443
-1.36599e-06 -2.85072e-05 -0.835451
1.48239e-07 -2.73663e-05 -0.835447
-1.36599e-06 -2.73663e-05 -0.835455
1.48239e-07 -2.62255e-05 -0.835451
-1.36599e-06 -2.62255e-05 -0.835459
1.48239e-07 -2.50846e-05 -0.835454
-1.36599e-06 -2.50846e-05 -0.835462
1.48239e-07 -2.39437e-05 -0.835458
-1.36599e-06 -2.39437e-05 -0.835466
1.48239e-07 -2.28029e-05 -0.835462
-1.36599e-06 -2.28029e-05 -0.83547
1.48239e-07 -2.1662e-05 -0.835465
-1.36599e-06 -2.1662e-05 -0.835474
1.48239e-07 -2.05211e-05 -0.835469
-1.36599e-06 -2.05211e-05 -0.835477
1.48239e-07 -1.93803e-05 -0.835473
-1.36599e-06 -1.93803e-05 -0.835481
1.48239e-07 -1.82394e-05 -0.835477
-1.36599e-06 -1.82394e-05 -0.835485
1.48239e-07 -1.70986e-05 -0.835481
-1.36599e-06 -1.70986e-05 -0.835489
1.48239e-07 -1.59577e-05 -0.835484
-1.36599e-06 -1.59577e-05 -0.835492
1.48239e-07 -1.48168e-05 -0.835488
-1.36599e-06 -1.48168e-05 -0.835496
1.48239e-07 -1.3676e-05 -0.835492
-1.36599e-06 -1.3676e-05 -0.8355
1.48239e-07 -1.25351e-05 -0.835495
-1.36599e-06 -1.25351e-05 -0.835504
1.48239e-07 -1.13943e-05 -0.835499
-1.36599e-06 -1.13943e-05 -0.835507
1.48239e-07 -1.02534e-05 -0.835503
-1.36599e-06 -1.02534e-05 -0.835511
1.48239e-07 -9.11254e-06 -0.835507
-1.36599e-06 -9.11254e-06 -0.835515
1.48239e-07 -7.97168e-06 -0.83551
-1.36599e-06 -7.97168e-06 -0.835519
1.48239e-07 -6.83081e-06 -0.835514
-1.36599e-06 -6.83081e-06 -0.835522
1.48239e-07 -5.68995e-06 -0.835518
-1.36599e-06 -5.68995e-06 -0.835526
1.48239e-07 -4.54909e-06 -0.835522
-1.36599e-06 -4.54909e-06 -0.83553
1.48239e-07 -3.40823e-06 -0.835525
-1.36599e-06 -3.40823e-06 -0.835534
1.48239e-07 -2.26737e-06 -0.835529
-1.36599e-06 -2.26737e-06 -0.835537
1.48239e-07 -1.12651e-06 -0.835533
-1.36599e-06 -1.12651e-06 -0.835541
1.48239e-07 1.43522e-08 -0.835537
-1.36599e-06 1.43522e-08 -0.835545
1.48239e-07 1.15521e-06 -0.83554
-1.36599e-06 1.15521e-06 -0.835549
1.48239e-07 2.29607e-06 -0.835544
-1.36599e-06 2.29607e-06 -0.835552
1.48239e-07 3.43693e-06 -0.835548
-1.36599e-06 3.43693e-06 -0.835556
1.48239e-07 4.5778e-06 -0.835552
-1.36599e-06 4.5778e-06 -0.83556
1.48239e-07 5.71866e-06 -0.835555
-1.36599e-06 5.71866e-06 -0.835564
1.48239e-07 6.85952e-06 -0.835559
-1.36599e-06 6.85952e-06 -0.835567
1.48239e-07 8.00038e-06 -0.835563
-1.36599e-06 8.00038e-06 -0.835571
1.48239e-07 9.14124e-06 -0.835567
-1.36599e-06 9.14124e-06 -0.835575
1.48239e-07 1.02821e-05 -0.83557
-1.36599e-06 1.02821e-05 -0.835579
1.48239e-07 1.1423e-05 -0.835574
-1.36599e-06 1.1423e-05 -0.835582
1.48239e-07 1.25638e-05 -0.835578
-1.36599e-06 1.25638e-05 -0.835586
1.48239e-07 1.37047e-05 -0.835582
-1.36599e-06 1.37047e-05 -0.83559
1.48239e-07 1.48455e-05 -0.835585
-1.36599e-06 1.48455e-05 -0.835594
1.48239e-07 1.59864e-05 -0.835589
-1.36599e-06 1.59864e-05 -0.835597
1.48239e-07 1.71273e-05 -0.835593
-1.36599e-06 1.71273e-05 -0.835601
1.48239e-07 1.82681e-05 -0.835597
-1.36599e-06 1.82681e-05 -0.835605
1.48239e-07 1.9409e-05 -0.8356
-1.36599e-06 1.9409e-05 -0.835609
1.48239e-07 2.05498e-05 -0.835604
-1.36599e-06 2.05498e-05 -0.835612
1.48239e-07 2.16907e-05 -0.835608
-1.36599e-06 2.16907e-05 -0.835616
1.48239e-07 2.28316e-05 -0.835612
-1.36599e-06 2.28316e-05 -0.83562
1.48239e-07 2.39724e-05 -0.835615
-1.36599e-06 2.39724e-05 -0.835624
1.48239e-07 2.51133e-05 -0.835619
-1.36599e-06 2.51133e-05 -0.835627
1.48239e-07 2.62542e-05 -0.835623
-1.36599e-06 2.62542e-05 -0.835631
1.48239e-07 2.7395e-05 -0.835627
-1.36599e-06 2.7395e-05 -0.835635
1.48239e-07 2.85359e-05 -0.83563
-1.36599e-06 2.85359e-05 -0.835639
1.48239e-07 2.96767e-05 -0.835634
-1.36599e-06 2.96767e-05 -0.835642
1.48239e-07 3.08176e-05 -0.835638
-1.36599e-06 3.08176e-05 -0.835646
1.48239e-07 3.19585e-05 -0.835642
-1.36599e-06 3.19585e-05 -0.83565
1.48239e-07 3.30993e-05 -0.835645
-1.36599e-06 3.30993e-05 -0.835654
1.48239e-07 3.42402e-05 -0.835649
-1.36599e-06 3.42402e-05 -0.835657
1.48239e-07 3.5381e-05 -0.835653
-1.36599e-06 3.5381e-05 -0.835661
1.48239e-07 3.65219e-05 -0.835657
-1.36599e-06 3.65219e-05 -0.835665
1.48239e-07 3.76628e-05 -0.83566
-1.36599e-06 3.76628e-05 -0.835669
1.48239e-07 3.88036e-05 -0.835664
-1.36599e-06 3.88036e-05 -0.835672
1.48239e-07 3.99445e-05 -0.835668
-1.36599e-06 3.99445e-05 -0.835676
1.48239e-07 4.10853e-05 -0.835672
-1.36599e-06 4.10853e-05 -0.83568
