-7.2472e-06 -3.2093e-05 -0.546863
-7.44271e-06 -3.2093e-05 -0.546845
-7.2472e-06 -3.19457e-05 -0.546861
-7.44271e-06 -3.19457e-05 -0.546843
-7.2472e-06 -3.17984e-05 -0.54686
-7.44271e-06 -3.17984e-05 -0.546841
-7.2472e-06 -3.16511e-05 -0.546858
-7.44271e-06 -3.16511e-05 -0.546839
-7.2472e-06 -3.15038e-05 -0.546856
-7.44271e-06 -3.15038e-05 -0.546837
-7.2472e-06 -3.13565e-05 -0.546854
-7.44271e-06 -3.13565e-05 -0.546835
-7.2472e-06 -3.12092e-05 -0.546852
-7.44271e-06 -3.12092e-05 -0.546834
-7.2472e-06 -3.10619e-05 -0.54685
-7.44271e-06 -3.10619e-05 -0.546832
-7.2472e-06 -3.09146e-05 -0.546848
-7.44271e-06 -3.09146e-05 -0.54683
-7.2472e-06 -3.07673e-05 -0.546847
-7.44271e-06 -3.07673e-05 -0.546828
-7.2472e-06 -3.062e-05 -0.546845
-7.44271e-06 -3.062e-05 -0.546826
-7.2472e-06 -3.04727e-05 -0.546843
-7.44271e-06 -3.04727e-05 -0.546824
-7.2472e-06 -3.03254e-05 -0.546841
-7.44271e-06 -3.03254e-05 -0.546822
-7.2472e-06 -3.01781e-05 -0.546839
-7.44271e-06 -3.01781e-05 -0.54682
-7.2472e-06 -3.00308e-05 -0.546837
-7.44271e-06 -3.00308e-05 -0.546819
-7.2472e-06 -2.98835e-05 -0.546835
-7.44271e-06 -2.98835e-05 -0.546817
-7.2472e-06 -2.97362e-05 -0.546834
-7.44271e-06 -2.97362e-05 -0.546815
-7.2472e-06 -2.95889e-05 -0.546832
-7.44271e-06 -2.95889e-05 -0.546813
-7.2472e-06 -2.94415e-05 -0.54683
-7.44271e-06 -2.94415e-05 -0.546811
-7.2472e-06 -2.92942e-05 -0.546828
-7.44271e-06 -2.92942e-05 -0.546809
-7.2472e-06 -2.91469e-05 -0.546826
-7.44271e-06 -2.91469e-05 -0.546807
-7.2472e-06 -2.89996e-05 -0.546824
-7.44271e-06 -2.89996e-05 -0.546806
-7.2472e-06 -2.88523e-05 -0.546822
-7.44271e-06 -2.88523e-05 -0.546804
-7.2472e-06 -2.8705e-05 -0.546821
-7.44271e-06 -2.8705e-05 -0.546802
-7.2472e-06 -2.85577e-05 -0.546819
-7.44271e-06 -2.85577e-05 -0.5468
-7.2472e-06 -2.84104e-05 -0.546817
-7.44271e-06 -2.84104e-05 -0.546798
-7.2472e-06 -2.82631e-05 -0.546815
-7.44271e-06 -2.82631e-05 -0.546796
-7.2472e-06 -2.81158e-05 -0.546813
-7.44271e-06 -2.81158e-05 -0.546794
-7.2472e-06 -2.79685e-05 -0.546811
-7.44271e-06 -2.79685e-05 -0.546793
-7.2472e-06 -2.78212e-05 -0.546809
-7.44271e-06 -2.78212e-05 -0.546791
-7.2472e-06 -2.76739e-05 -0.546808
-7.44271e-06 -2.76739e-05 -0.546789
-7.2472e-06 -2.75266e-05 -0.546806
-7.44271e-06 -2.75266e-05 -0.546787
-7.2472e-06 -2.73793e-05 -0.546804
-7.44271e-06 -2.73793e-05 -0.546785
-7.2472e-06 -2.7232e-05 -0.546802
-7.44271e-06 -2.7232e-05 -0.546783
-7.2472e-06 -2.70847e-05 -0.5468
-7.44271e-06 -2.70847e-05 -0.546781
-7.2472e-06 -2.69374e-05 -0.546798
-7.44271e-06 -2.69374e-05 -0.54678
-7.2472e-06 -2.67901e-05 -0.546796
-7.44271e-06 -2.67901e-05 -0.546778
-7.2472e-06 -2.66428e-05 -0.546795
-7.44271e-06 -2.66428e-05 -0.546776
-7.2472e-06 -2.64955e-05 -0.546793
-7.44271e-06 -2.64955e-05 -0.546774
-7.2472e-06 -2.63482e-05 -0.546791
-7.44271e-06 -2.63482e-05 -0.546772
-7.2472e-06 -2.62009e-05 -0.546789
-7.44271e-06 -2.62009e-05 -0.54677
-7.2472e-06 -2.60536e-05 -0.546787
-7.44271e-06 -2.60536e-05 -0.546768
-7.2472e-06 -2.59063e-05 -0.546785
-7.44271e-06 -2.59063e-05 -0.546767
-7.2472e-06 -2.5759e-05 -0.546783
-7.44271e-06 -2.5759e-05 -0.546765
-7.2472e-06 -2.56117e-05 -0.546781
-7.44271e-06 -2.56117e-05 -0.546763
-7.2472e-06 -2.54644e-05 -0.54678
-7.44271e-06 -2.54644e-05 -0.546761
-7.2472e-06 -2.53171e-05 -0.546778
-7.44271e-06 -2.53171e-05 -0.546759
-7.2472e-06 -2.51698e-05 -0.546776
-7.44271e-06 -2.51698e-05 -0.546757
-7.2472e-06 -2.50225e-05 -0.546774
-7.44271e-06 -2.50225e-05 -0.546755
-7.2472e-06 -2.48752e-05 -0.546772
-7.44271e-06 -2.48752e-05 -0.546753
-7.2472e-06 -2.47279e-05 -0.54677
-7.44271e-06 -2.47279e-05 -0.546752
-7.2472e-06 -2.45806e-05 -0.546768
-7.44271e-06 -2.45806e-05 -0.54675
-7.2472e-06 -2.44333e-05 -0.546767
-7.44271e-06 -2.44333e-05 -0.546748
-7.2472e-06 -2.4286e-05 -0.546765
-7.44271e-06 -2.4286e-05 -0.546746
-7.2472e-06 -2.41387e-05 -0.546763
-7.44271e-06 -2.41387e-05 -0.546744
-7.2472e-06 -2.39914e-05 -0.546761
-7.44271e-06 -2.39914e-05 -0.546742
-7.2472e-06 -2.38441e-05 -0.546759
-7.44271e-06 -2.38441e-05 -0.54674
-7.2472e-06 -2.36968e-05 -0.546757
-7.44271e-06 -2.36968e-05 -0.546739
-7.2472e-06 -2.35495e-05 -0.546755
-7.44271e-06 -2.35495e-05 -0.546737
-7.2472e-06 -2.34022e-05 -0.546754
-7.44271e-06 -2.34022e-05 -0.546735
-7.2472e-06 -2.32549e-05 -0.546752
-7.44271e-06 -2.32549e-05 -0.546733
-7.2472e-06 -2.31075e-05 -0.54675
-7.44271e-06 -2.31075e-05 -0.546731
-7.2472e-06 -2.29602e-05 -0.546748
-7.44271e-06 -2.29602e-05 -0.546729
-7.2472e-06 -2.28129e-05 -0.546746
-7.44271e-06 -2.28129e-05 -0.546727
-7.2472e-06 -2.26656e-05 -0.546744
-7.44271e-06 -2.26656e-05 -0.546726
-7.2472e-06 -2.25183e-05 -0.546742
-7.44271e-06 -2.25183e-05 -0.546724
-7.2472e-06 -2.2371e-05 -0.546741
-7.44271e-06 -2.2371e-05 -0.546722
-7.2472e-06 -2.22237e-05 -0.546739
-7.44271e-06 -2.22237e-05 -0.54672
-7.2472e-06 -2.20764e-05 -0.546737
-7.44271e-06 -2.20764e-05 -0.546718
-7.2472e-06 -2.19291e-05 -0.546735
-7.44271e-06 -2.19291e-05 -0.546716
-7.2472e-06 -2.17818e-05 -0.546733
-7.44271e-06 -2.17818e-05 -0.546714
-7.2472e-06 -2.16345e-05 -0.546731
-7.44271e-06 -2.16345e-05 -0.546713
-7.2472e-06 -2.14872e-05 -0.546729
-7.44271e-06 -2.14872e-05 -0.546711
-7.2472e-06 -2.13399e-05 -0.546728
-7.44271e-06 -2.13399e-05 -0.546709
