4.93363e-07 6.31227e-06 -0.630511
9.15909e-07 6.31227e-06 -0.630517
4.93363e-07 5.99392e-06 -0.630512
9.15909e-07 5.99392e-06 -0.630517
4.93363e-07 5.67556e-06 -0.630512
9.15909e-07 5.67556e-06 -0.630518
4.93363e-07 5.3572e-06 -0.630512
9.15909e-07 5.3572e-06 -0.630518
4.93363e-07 5.03885e-06 -0.630512
9.15909e-07 5.03885e-06 -0.630518
4.93363e-07 4.72049e-06 -0.630513
9.15909e-07 4.72049e-06 -0.630519
4.93363e-07 4.40213e-06 -0.630513
9.15909e-07 4.40213e-06 -0.630519
4.93363e-07 4.08378e-06 -0.630513
9.15909e-07 4.08378e-06 -0.630519
4.93363e-07 3.76542e-06 -0.630514
9.15909e-07 3.76542e-06 -0.630519
4.93363e-07 3.44706e-06 -0.630514
9.15909e-07 3.44706e-06 -0.63052
4.93363e-07 3.12871e-06 -0.630514
9.15909e-07 3.12871e-06 -0.63052
4.93363e-07 2.81035e-06 -0.630514
9.15909e-07 2.81035e-06 -0.63052
4.93363e-07 2.49199e-06 -0.630515
9.15909e-07 2.49199e-06 -0.630521
4.93363e-07 2.17364e-06 -0.630515
9.15909e-07 2.17364e-06 -0.630521
4.93363e-07 1.85528e-06 -0.630515
9.15909e-07 1.85528e-06 -0.630521
4.93363e-07 1.53692e-06 -0.630516
9.15909e-07 1.53692e-06 -0.630521
4.93363e-07 1.21857e-06 -0.630516
9.15909e-07 1.21857e-06 -0.630522
4.93363e-07 9.00211e-07 -0.630516
9.15909e-07 9.00211e-07 -0.630522
4.93363e-07 5.81854e-07 -0.630516
9.15909e-07 5.81854e-07 -0.630522
4.93363e-07 2.63498e-07 -0.630517
9.15909e-07 2.63498e-07 -0.630523
4.93363e-07 -5.48587e-08 -0.630517
9.15909e-07 -5.48587e-08 -0.630523
4.93363e-07 -3.73215e-07 -0.630517
9.15909e-07 -3.73215e-07 -0.630523
4.93363e-07 -6.91572e-07 -0.630518
9.15909e-07 -6.91572e-07 -0.630523
4.93363e-07 -1.00993e-06 -0.630518
9.15909e-07 -1.00993e-06 -0.630524
4.93363e-07 -1.32829e-06 -0.630518
9.15909e-07 -1.32829e-06 -0.630524
4.93363e-07 -1.64664e-06 -0.630518
9.15909e-07 -1.64664e-06 -0.630524
4.93363e-07 -1.965e-06 -0.630519
9.15909e-07 -1.965e-06 -0.630525
4.93363e-07 -2.28336e-06 -0.630519
9.15909e-07 -2.28336e-06 -0.630525
4.93363e-07 -2.60171e-06 -0.630519
9.15909e-07 -2.60171e-06 -0.630525
4.93363e-07 -2.92007e-06 -0.63052
9.15909e-07 -2.92007e-06 -0.630525
4.93363e-07 -3.23842e-06 -0.63052
9.15909e-07 -3.23842e-06 -0.630526
4.93363e-07 -3.55678e-06 -0.63052
9.15909e-07 -3.55678e-06 -0.630526
4.93363e-07 -3.87514e-06 -0.63052
9.15909e-07 -3.87514e-06 -0.630526
4.93363e-07 -4.19349e-06 -0.630521
9.15909e-07 -4.19349e-06 -0.630527
4.93363e-07 -4.51185e-06 -0.630521
9.15909e-07 -4.51185e-06 -0.630527
4.93363e-07 -4.83021e-06 -0.630521
9.15909e-07 -4.83021e-06 -0.630527
4.93363e-07 -5.14856e-06 -0.630522
9.15909e-07 -5.14856e-06 -0.630527
4.93363e-07 -5.46692e-06 -0.630522
9.15909e-07 -5.46692e-06 -0.630528
4.93363e-07 -5.78528e-06 -0.630522
9.15909e-07 -5.78528e-06 -0.630528
4.93363e-07 -6.10363e-06 -0.630522
9.15909e-07 -6.10363e-06 -0.630528
4.93363e-07 -6.42199e-06 -0.630523
9.15909e-07 -6.42199e-06 -0.630529
4.93363e-07 -6.74035e-06 -0.630523
9.15909e-07 -6.74035e-06 -0.630529
4.93363e-07 -7.0587e-06 -0.630523
9.15909e-07 -7.0587e-06 -0.630529
4.93363e-07 -7.37706e-06 -0.630524
9.15909e-07 -7.37706e-06 -0.630529
4.93363e-07 -7.69542e-06 -0.630524
9.15909e-07 -7.69542e-06 -0.63053
4.93363e-07 -8.01377e-06 -0.630524
9.15909e-07 -8.01377e-06 -0.63053
4.93363e-07 -8.33213e-06 -0.630524
9.15909e-07 -8.33213e-06 -0.63053
4.93363e-07 -8.65049e-06 -0.630525
9.15909e-07 -8.65049e-06 -0.630531
4.93363e-07 -8.96884e-06 -0.630525
9.15909e-07 -8.96884e-06 -0.630531
4.93363e-07 -9.2872e-06 -0.630525
9.15909e-07 -9.2872e-06 -0.630531
4.93363e-07 -9.60556e-06 -0.630526
9.15909e-07 -9.60556e-06 -0.630531
4.93363e-07 -9.92391e-06 -0.630526
9.15909e-07 -9.92391e-06 -0.630532
4.93363e-07 -1.02423e-05 -0.630526
9.15909e-07 -1.02423e-05 -0.630532
4.93363e-07 -1.05606e-05 -0.630526
9.15909e-07 -1.05606e-05 -0.630532
4.93363e-07 -1.0879e-05 -0.630527
9.15909e-07 -1.0879e-05 -0.630533
4.93363e-07 -1.11973e-05 -0.630527
9.15909e-07 -1.11973e-05 -0.630533
4.93363e-07 -1.15157e-05 -0.630527
9.15909e-07 -1.15157e-05 -0.630533
4.93363e-07 -1.18341e-05 -0.630528
9.15909e-07 -1.18341e-05 -0.630533
4.93363e-07 -1.21524e-05 -0.630528
9.15909e-07 -1.21524e-05 -0.630534
4.93363e-07 -1.24708e-05 -0.630528
9.15909e-07 -1.24708e-05 -0.630534
4.93363e-07 -1.27891e-05 -0.630528
9.15909e-07 -1.27891e-05 -0.630534
4.93363e-07 -1.31075e-05 -0.630529
9.15909e-07 -1.31075e-05 -0.630535
4.93363e-07 -1.34258e-05 -0.630529
9.15909e-07 -1.34258e-05 -0.630535
4.93363e-07 -1.37442e-05 -0.630529
9.15909e-07 -1.37442e-05 -0.630535
4.93363e-07 -1.40625e-05 -0.63053
9.15909e-07 -1.40625e-05 -0.630535
4.93363e-07 -1.43809e-05 -0.63053
9.15909e-07 -1.43809e-05 -0.630536
4.93363e-07 -1.46993e-05 -0.63053
9.15909e-07 -1.46993e-05 -0.630536
4.93363e-07 -1.50176e-05 -0.63053
9.15909e-07 -1.50176e-05 -0.630536
4.93363e-07 -1.5336e-05 -0.630531
9.15909e-07 -1.5336e-05 -0.630537
4.93363e-07 -1.56543e-05 -0.630531
9.15909e-07 -1.56543e-05 -0.630537
4.93363e-07 -1.59727e-05 -0.630531
9.15909e-07 -1.59727e-05 -0.630537
4.93363e-07 -1.6291e-05 -0.630532
9.15909e-07 -1.6291e-05 -0.630537
4.93363e-07 -1.66094e-05 -0.630532
9.15909e-07 -1.66094e-05 -0.630538
4.93363e-07 -1.69278e-05 -0.630532
9.15909e-07 -1.69278e-05 -0.630538
