2.28938e-06 -1.15679e-05 -0.627837
2.58827e-06 -1.15679e-05 -0.627736
2.28938e-06 -1.17931e-05 -0.627839
2.58827e-06 -1.17931e-05 -0.627738
2.28938e-06 -1.20183e-05 -0.627841
2.58827e-06 -1.20183e-05 -0.62774
2.28938e-06 -1.22435e-05 -0.627843
2.58827e-06 -1.22435e-05 -0.627742
2.28938e-06 -1.24687e-05 -0.627845
2.58827e-06 -1.24687e-05 -0.627744
2.28938e-06 -1.26939e-05 -0.627847
2.58827e-06 -1.26939e-05 -0.627746
2.28938e-06 -1.29191e-05 -0.627849
2.58827e-06 -1.29191e-05 -0.627748
2.28938e-06 -1.31442e-05 -0.627851
2.58827e-06 -1.31442e-05 -0.627751
2.28938e-06 -1.33694e-05 -0.627853
2.58827e-06 -1.33694e-05 -0.627753
2.28938e-06 -1.35946e-05 -0.627855
2.58827e-06 -1.35946e-05 -0.627755
2.28938e-06 -1.38198e-05 -0.627857
2.58827e-06 -1.38198e-05 -0.627757
2.28938e-06 -1.4045e-05 -0.62786
2.58827e-06 -1.4045e-05 -0.627759
2.28938e-06 -1.42702e-05 -0.627862
2.58827e-06 -1.42702e-05 -0.627761
2.28938e-06 -1.44954e-05 -0.627864
2.58827e-06 -1.44954e-05 -0.627763
2.28938e-06 -1.47205e-05 -0.627866
2.58827e-06 -1.47205e-05 -0.627765
2.28938e-06 -1.49457e-05 -0.627868
2.58827e-06 -1.49457e-05 -0.627767
2.28938e-06 -1.51709e-05 -0.62787
2.58827e-06 -1.51709e-05 -0.627769
2.28938e-06 -1.53961e-05 -0.627872
2.58827e-06 -1.53961e-05 -0.627771
2.28938e-06 -1.56213e-05 -0.627874
2.58827e-06 -1.56213e-05 -0.627774
2.28938e-06 -1.58465e-05 -0.627876
2.58827e-06 -1.58465e-05 -0.627776
2.28938e-06 -1.60717e-05 -0.627878
2.58827e-06 -1.60717e-05 -0.627778
2.28938e-06 -1.62968e-05 -0.62788
2.58827e-06 -1.62968e-05 -0.62778
2.28938e-06 -1.6522e-05 -0.627883
2.58827e-06 -1.6522e-05 -0.627782
2.28938e-06 -1.67472e-05 -0.627885
2.58827e-06 -1.67472e-05 -0.627784
2.28938e-06 -1.69724e-05 -0.627887
2.58827e-06 -1.69724e-05 -0.627786
2.28938e-06 -1.71976e-05 -0.627889
2.58827e-06 -1.71976e-05 -0.627788
2.28938e-06 -1.74228e-05 -0.627891
2.58827e-06 -1.74228e-05 -0.62779
2.28938e-06 -1.7648e-05 -0.627893
2.58827e-06 -1.7648e-05 -0.627792
2.28938e-06 -1.78731e-05 -0.627895
2.58827e-06 -1.78731e-05 -0.627795
2.28938e-06 -1.80983e-05 -0.627897
2.58827e-06 -1.80983e-05 -0.627797
2.28938e-06 -1.83235e-05 -0.627899
2.58827e-06 -1.83235e-05 -0.627799
2.28938e-06 -1.85487e-05 -0.627901
2.58827e-06 -1.85487e-05 -0.627801
2.28938e-06 -1.87739e-05 -0.627903
2.58827e-06 -1.87739e-05 -0.627803
2.28938e-06 -1.89991e-05 -0.627906
2.58827e-06 -1.89991e-05 -0.627805
2.28938e-06 -1.92243e-05 -0.627908
2.58827e-06 -1.92243e-05 -0.627807
2.28938e-06 -1.94494e-05 -0.62791
2.58827e-06 -1.94494e-05 -0.627809
2.28938e-06 -1.96746e-05 -0.627912
2.58827e-06 -1.96746e-05 -0.627811
2.28938e-06 -1.98998e-05 -0.627914
2.58827e-06 -1.98998e-05 -0.627813
2.28938e-06 -2.0125e-05 -0.627916
2.58827e-06 -2.0125e-05 -0.627815
2.28938e-06 -2.03502e-05 -0.627918
2.58827e-06 -2.03502e-05 -0.627818
2.28938e-06 -2.05754e-05 -0.62792
2.58827e-06 -2.05754e-05 -0.62782
2.28938e-06 -2.08006e-05 -0.627922
2.58827e-06 -2.08006e-05 -0.627822
2.28938e-06 -2.10257e-05 -0.627924
2.58827e-06 -2.10257e-05 -0.627824
2.28938e-06 -2.12509e-05 -0.627926
2.58827e-06 -2.12509e-05 -0.627826
2.28938e-06 -2.14761e-05 -0.627929
2.58827e-06 -2.14761e-05 -0.627828
2.28938e-06 -2.17013e-05 -0.627931
2.58827e-06 -2.17013e-05 -0.62783
2.28938e-06 -2.19265e-05 -0.627933
2.58827e-06 -2.19265e-05 -0.627832
2.28938e-06 -2.21517e-05 -0.627935
2.58827e-06 -2.21517e-05 -0.627834
2.28938e-06 -2.23769e-05 -0.627937
2.58827e-06 -2.23769e-05 -0.627836
2.28938e-06 -2.2602e-05 -0.627939
2.58827e-06 -2.2602e-05 -0.627838
2.28938e-06 -2.28272e-05 -0.627941
2.58827e-06 -2.28272e-05 -0.627841
2.28938e-06 -2.30524e-05 -0.627943
2.58827e-06 -2.30524e-05 -0.627843
2.28938e-06 -2.32776e-05 -0.627945
2.58827e-06 -2.32776e-05 -0.627845
2.28938e-06 -2.35028e-05 -0.627947
2.58827e-06 -2.35028e-05 -0.627847
2.28938e-06 -2.3728e-05 -0.627949
2.58827e-06 -2.3728e-05 -0.627849
2.28938e-06 -2.39532e-05 -0.627952
2.58827e-06 -2.39532e-05 -0.627851
2.28938e-06 -2.41784e-05 -0.627954
2.58827e-06 -2.41784e-05 -0.627853
2.28938e-06 -2.44035e-05 -0.627956
2.58827e-06 -2.44035e-05 -0.627855
2.28938e-06 -2.46287e-05 -0.627958
2.58827e-06 -2.46287e-05 -0.627857
2.28938e-06 -2.48539e-05 -0.62796
2.58827e-06 -2.48539e-05 -0.627859
2.28938e-06 -2.50791e-05 -0.627962
2.58827e-06 -2.50791e-05 -0.627861
2.28938e-06 -2.53043e-05 -0.627964
2.58827e-06 -2.53043e-05 -0.627864
2.28938e-06 -2.55295e-05 -0.627966
2.58827e-06 -2.55295e-05 -0.627866
2.28938e-06 -2.57547e-05 -0.627968
2.58827e-06 -2.57547e-05 -0.627868
2.28938e-06 -2.59798e-05 -0.62797
2.58827e-06 -2.59798e-05 -0.62787
2.28938e-06 -2.6205e-05 -0.627972
2.58827e-06 -2.6205e-05 -0.627872
2.28938e-06 -2.64302e-05 -0.627975
2.58827e-06 -2.64302e-05 -0.627874
2.28938e-06 -2.66554e-05 -0.627977
2.58827e-06 -2.66554e-05 -0.627876
2.28938e-06 -2.68806e-05 -0.627979
2.58827e-06 -2.68806e-05 -0.627878
2.28938e-06 -2.71058e-05 -0.627981
2.58827e-06 -2.71058e-05 -0.62788
2.28938e-06 -2.7331e-05 -0.627983
2.58827e-06 -2.7331e-05 -0.627882
2.28938e-06 -2.75561e-05 -0.627985
2.58827e-06 -2.75561e-05 -0.627885
2.28938e-06 -2.77813e-05 -0.627987
2.58827e-06 -2.77813e-05 -0.627887
2.28938e-06 -2.80065e-05 -0.627989
2.58827e-06 -2.80065e-05 -0.627889
