-1.87262e-06 -4.73856e-05 -0.677742
-3.05745e-06 -4.73856e-05 -0.677741
-1.87262e-06 -4.64929e-05 -0.677743
-3.05745e-06 -4.64929e-05 -0.677741
-1.87262e-06 -4.56002e-05 -0.677744
-3.05745e-06 -4.56002e-05 -0.677742
-1.87262e-06 -4.47075e-05 -0.677745
-3.05745e-06 -4.47075e-05 -0.677743
-1.87262e-06 -4.38148e-05 -0.677745
-3.05745e-06 -4.38148e-05 -0.677744
-1.87262e-06 -4.29221e-05 -0.677746
-3.05745e-06 -4.29221e-05 -0.677745
-1.87262e-06 -4.20295e-05 -0.677747
-3.05745e-06 -4.20295e-05 -0.677746
-1.87262e-06 -4.11368e-05 -0.677748
-3.05745e-06 -4.11368e-05 -0.677747
-1.87262e-06 -4.02441e-05 -0.677749
-3.05745e-06 -4.02441e-05 -0.677748
-1.87262e-06 -3.93514e-05 -0.67775
-3.05745e-06 -3.93514e-05 -0.677748
-1.87262e-06 -3.84587e-05 -0.677751
-3.05745e-06 -3.84587e-05 -0.677749
-1.87262e-06 -3.7566e-05 -0.677752
-3.05745e-06 -3.7566e-05 -0.67775
-1.87262e-06 -3.66734e-05 -0.677752
-3.05745e-06 -3.66734e-05 -0.677751
-1.87262e-06 -3.57807e-05 -0.677753
-3.05745e-06 -3.57807e-05 -0.677752
-1.87262e-06 -3.4888e-05 -0.677754
-3.05745e-06 -3.4888e-05 -0.677753
-1.87262e-06 -3.39953e-05 -0.677755
-3.05745e-06 -3.39953e-05 -0.677754
-1.87262e-06 -3.31026e-05 -0.677756
-3.05745e-06 -3.31026e-05 -0.677755
-1.87262e-06 -3.22099e-05 -0.677757
-3.05745e-06 -3.22099e-05 -0.677755
-1.87262e-06 -3.13172e-05 -0.677758
-3.05745e-06 -3.13172e-05 -0.677756
-1.87262e-06 -3.04246e-05 -0.677759
-3.05745e-06 -3.04246e-05 -0.677757
-1.87262e-06 -2.95319e-05 -0.677759
-3.05745e-06 -2.95319e-05 -0.677758
-1.87262e-06 -2.86392e-05 -0.67776
-3.05745e-06 -2.86392e-05 -0.677759
-1.87262e-06 -2.77465e-05 -0.677761
-3.05745e-06 -2.77465e-05 -0.67776
-1.87262e-06 -2.68538e-05 -0.677762
-3.05745e-06 -2.68538e-05 -0.677761
-1.87262e-06 -2.59611e-05 -0.677763
-3.05745e-06 -2.59611e-05 -0.677761
-1.87262e-06 -2.50685e-05 -0.677764
-3.05745e-06 -2.50685e-05 -0.677762
-1.87262e-06 -2.41758e-05 -0.677765
-3.05745e-06 -2.41758e-05 -0.677763
-1.87262e-06 -2.32831e-05 -0.677765
-3.05745e-06 -2.32831e-05 -0.677764
-1.87262e-06 -2.23904e-05 -0.677766
-3.05745e-06 -2.23904e-05 -0.677765
-1.87262e-06 -2.14977e-05 -0.677767
-3.05745e-06 -2.14977e-05 -0.677766
-1.87262e-06 -2.0605e-05 -0.677768
-3.05745e-06 -2.0605e-05 -0.677767
-1.87262e-06 -1.97124e-05 -0.677769
-3.05745e-06 -1.97124e-05 -0.677768
-1.87262e-06 -1.88197e-05 -0.67777
-3.05745e-06 -1.88197e-05 -0.677769
-1.87262e-06 -1.7927e-05 -0.677771
-3.05745e-06 -1.7927e-05 -0.677769
-1.87262e-06 -1.70343e-05 -0.677772
-3.05745e-06 -1.70343e-05 -0.67777
-1.87262e-06 -1.61416e-05 -0.677773
-3.05745e-06 -1.61416e-05 -0.677771
-1.87262e-06 -1.52489e-05 -0.677773
-3.05745e-06 -1.52489e-05 -0.677772
-1.87262e-06 -1.43562e-05 -0.677774
-3.05745e-06 -1.43562e-05 -0.677773
-1.87262e-06 -1.34636e-05 -0.677775
-3.05745e-06 -1.34636e-05 -0.677774
-1.87262e-06 -1.25709e-05 -0.677776
-3.05745e-06 -1.25709e-05 -0.677775
-1.87262e-06 -1.16782e-05 -0.677777
-3.05745e-06 -1.16782e-05 -0.677776
-1.87262e-06 -1.07855e-05 -0.677778
-3.05745e-06 -1.07855e-05 -0.677776
-1.87262e-06 -9.89282e-06 -0.677779
-3.05745e-06 -9.89282e-06 -0.677777
-1.87262e-06 -9.00014e-06 -0.677779
-3.05745e-06 -9.00014e-06 -0.677778
-1.87262e-06 -8.10745e-06 -0.67778
-3.05745e-06 -8.10745e-06 -0.677779
-1.87262e-06 -7.21477e-06 -0.677781
-3.05745e-06 -7.21477e-06 -0.67778
-1.87262e-06 -6.32208e-06 -0.677782
-3.05745e-06 -6.32208e-06 -0.677781
-1.87262e-06 -5.4294e-06 -0.677783
-3.05745e-06 -5.4294e-06 -0.677782
-1.87262e-06 -4.53672e-06 -0.677784
-3.05745e-06 -4.53672e-06 -0.677782
-1.87262e-06 -3.64403e-06 -0.677785
-3.05745e-06 -3.64403e-06 -0.677783
-1.87262e-06 -2.75135e-06 -0.677786
-3.05745e-06 -2.75135e-06 -0.677784
-1.87262e-06 -1.85866e-06 -0.677786
-3.05745e-06 -1.85866e-06 -0.677785
-1.87262e-06 -9.65979e-07 -0.677787
-3.05745e-06 -9.65979e-07 -0.677786
-1.87262e-06 -7.3293e-08 -0.677788
-3.05745e-06 -7.3293e-08 -0.677787
-1.87262e-06 8.19393e-07 -0.677789
-3.05745e-06 8.19393e-07 -0.677788
-1.87262e-06 1.71207e-06 -0.67779
-3.05745e-06 1.71207e-06 -0.677789
-1.87262e-06 2.60476e-06 -0.677791
-3.05745e-06 2.60476e-06 -0.67779
-1.87262e-06 3.49745e-06 -0.677792
-3.05745e-06 3.49745e-06 -0.67779
-1.87262e-06 4.39013e-06 -0.677793
-3.05745e-06 4.39013e-06 -0.677791
-1.87262e-06 5.28281e-06 -0.677793
-3.05745e-06 5.28281e-06 -0.677792
-1.87262e-06 6.1755e-06 -0.677794
-3.05745e-06 6.1755e-06 -0.677793
-1.87262e-06 7.06818e-06 -0.677795
-3.05745e-06 7.06818e-06 -0.677794
-1.87262e-06 7.96087e-06 -0.677796
-3.05745e-06 7.96087e-06 -0.677795
-1.87262e-06 8.85355e-06 -0.677797
-3.05745e-06 8.85355e-06 -0.677796
-1.87262e-06 9.74624e-06 -0.677798
-3.05745e-06 9.74624e-06 -0.677796
-1.87262e-06 1.06389e-05 -0.677799
-3.05745e-06 1.06389e-05 -0.677797
-1.87262e-06 1.15316e-05 -0.6778
-3.05745e-06 1.15316e-05 -0.677798
-1.87262e-06 1.24243e-05 -0.6778
-3.05745e-06 1.24243e-05 -0.677799
-1.87262e-06 1.3317e-05 -0.677801
-3.05745e-06 1.3317e-05 -0.6778
-1.87262e-06 1.42097e-05 -0.677802
-3.05745e-06 1.42097e-05 -0.677801
-1.87262e-06 1.51023e-05 -0.677803
-3.05745e-06 1.51023e-05 -0.677802
-1.87262e-06 1.5995e-05 -0.677804
-3.05745e-06 1.5995e-05 -0.677803
-1.87262e-06 1.68877e-05 -0.677805
-3.05745e-06 1.68877e-05 -0.677803
-1.87262e-06 1.77804e-05 -0.677806
-3.05745e-06 1.77804e-05 -0.677804
