3.87493e-06 2.5899e-05 -0.545043
4.67183e-06 2.5899e-05 -0.544993
3.87493e-06 2.52986e-05 -0.545046
4.67183e-06 2.52986e-05 -0.544996
3.87493e-06 2.46982e-05 -0.545049
4.67183e-06 2.46982e-05 -0.544999
3.87493e-06 2.40978e-05 -0.545052
4.67183e-06 2.40978e-05 -0.545002
3.87493e-06 2.34974e-05 -0.545055
4.67183e-06 2.34974e-05 -0.545005
3.87493e-06 2.2897e-05 -0.545058
4.67183e-06 2.2897e-05 -0.545008
3.87493e-06 2.22965e-05 -0.545061
4.67183e-06 2.22965e-05 -0.545011
3.87493e-06 2.16961e-05 -0.545064
4.67183e-06 2.16961e-05 -0.545014
3.87493e-06 2.10957e-05 -0.545067
4.67183e-06 2.10957e-05 -0.545017
3.87493e-06 2.04953e-05 -0.54507
4.67183e-06 2.04953e-05 -0.54502
3.87493e-06 1.98949e-05 -0.545073
4.67183e-06 1.98949e-05 -0.545023
3.87493e-06 1.92945e-05 -0.545076
4.67183e-06 1.92945e-05 -0.545026
3.87493e-06 1.86941e-05 -0.545079
4.67183e-06 1.86941e-05 -0.545029
3.87493e-06 1.80937e-05 -0.545082
4.67183e-06 1.80937e-05 -0.545032
3.87493e-06 1.74933e-05 -0.545085
4.67183e-06 1.74933e-05 -0.545035
3.87493e-06 1.68929e-05 -0.545088
4.67183e-06 1.68929e-05 -0.545038
3.87493e-06 1.62925e-05 -0.545091
4.67183e-06 1.62925e-05 -0.545041
3.87493e-06 1.56921e-05 -0.545094
4.67183e-06 1.56921e-05 -0.545044
3.87493e-06 1.50917e-05 -0.545097
4.67183e-06 1.50917e-05 -0.545047
3.87493e-06 1.44913e-05 -0.545099
4.67183e-06 1.44913e-05 -0.54505
3.87493e-06 1.38909e-05 -0.545102
4.67183e-06 1.38909e-05 -0.545053
3.87493e-06 1.32905e-05 -0.545105
4.67183e-06 1.32905e-05 -0.545056
3.87493e-06 1.26901e-05 -0.545108
4.67183e-06 1.26901e-05 -0.545058
3.87493e-06 1.20897e-05 -0.545111
4.67183e-06 1.20897e-05 -0.545061
3.87493e-06 1.14893e-05 -0.545114
4.67183e-06 1.14893e-05 -0.545064
3.87493e-06 1.08889e-05 -0.545117
4.67183e-06 1.08889e-05 -0.545067
3.87493e-06 1.02885e-05 -0.54512
4.67183e-06 1.02885e-05 -0.54507
3.87493e-06 9.68808e-06 -0.545123
4.67183e-06 9.68808e-06 -0.545073
3.87493e-06 9.08768e-06 -0.545126
4.67183e-06 9.08768e-06 -0.545076
3.87493e-06 8.48728e-06 -0.545129
4.67183e-06 8.48728e-06 -0.545079
3.87493e-06 7.88688e-06 -0.545132
4.67183e-06 7.88688e-06 -0.545082
3.87493e-06 7.28647e-06 -0.545135
4.67183e-06 7.28647e-06 -0.545085
3.87493e-06 6.68607e-06 -0.545138
4.67183e-06 6.68607e-06 -0.545088
3.87493e-06 6.08567e-06 -0.545141
4.67183e-06 6.08567e-06 -0.545091
3.87493e-06 5.48526e-06 -0.545144
4.67183e-06 5.48526e-06 -0.545094
3.87493e-06 4.88486e-06 -0.545147
4.67183e-06 4.88486e-06 -0.545097
3.87493e-06 4.28446e-06 -0.54515
4.67183e-06 4.28446e-06 -0.5451
3.87493e-06 3.68405e-06 -0.545153
4.67183e-06 3.68405e-06 -0.545103
3.87493e-06 3.08365e-06 -0.545156
4.67183e-06 3.08365e-06 -0.545106
3.87493e-06 2.48325e-06 -0.545159
4.67183e-06 2.48325e-06 -0.545109
3.87493e-06 1.88285e-06 -0.545162
4.67183e-06 1.88285e-06 -0.545112
3.87493e-06 1.28244e-06 -0.545165
4.67183e-06 1.28244e-06 -0.545115
3.87493e-06 6.82041e-07 -0.545168
4.67183e-06 6.82041e-07 -0.545118
3.87493e-06 8.16383e-08 -0.54517
4.67183e-06 8.16383e-08 -0.545121
3.87493e-06 -5.18765e-07 -0.545173
4.67183e-06 -5.18765e-07 -0.545124
3.87493e-06 -1.11917e-06 -0.545176
4.67183e-06 -1.11917e-06 -0.545127
3.87493e-06 -1.71957e-06 -0.545179
4.67183e-06 -1.71957e-06 -0.54513
3.87493e-06 -2.31997e-06 -0.545182
4.67183e-06 -2.31997e-06 -0.545133
3.87493e-06 -2.92038e-06 -0.545185
4.67183e-06 -2.92038e-06 -0.545135
3.87493e-06 -3.52078e-06 -0.545188
4.67183e-06 -3.52078e-06 -0.545138
3.87493e-06 -4.12119e-06 -0.545191
4.67183e-06 -4.12119e-06 -0.545141
3.87493e-06 -4.72159e-06 -0.545194
4.67183e-06 -4.72159e-06 -0.545144
3.87493e-06 -5.32199e-06 -0.545197
4.67183e-06 -5.32199e-06 -0.545147
3.87493e-06 -5.92239e-06 -0.5452
4.67183e-06 -5.92239e-06 -0.54515
3.87493e-06 -6.5228e-06 -0.545203
4.67183e-06 -6.5228e-06 -0.545153
3.87493e-06 -7.1232e-06 -0.545206
4.67183e-06 -7.1232e-06 -0.545156
3.87493e-06 -7.7236e-06 -0.545209
4.67183e-06 -7.7236e-06 -0.545159
3.87493e-06 -8.32401e-06 -0.545212
4.67183e-06 -8.32401e-06 -0.545162
3.87493e-06 -8.92441e-06 -0.545215
4.67183e-06 -8.92441e-06 -0.545165
3.87493e-06 -9.52481e-06 -0.545218
4.67183e-06 -9.52481e-06 -0.545168
3.87493e-06 -1.01252e-05 -0.545221
4.67183e-06 -1.01252e-05 -0.545171
3.87493e-06 -1.07256e-05 -0.545224
4.67183e-06 -1.07256e-05 -0.545174
3.87493e-06 -1.1326e-05 -0.545227
4.67183e-06 -1.1326e-05 -0.545177
3.87493e-06 -1.19264e-05 -0.54523
4.67183e-06 -1.19264e-05 -0.54518
3.87493e-06 -1.25268e-05 -0.545233
4.67183e-06 -1.25268e-05 -0.545183
3.87493e-06 -1.31272e-05 -0.545236
4.67183e-06 -1.31272e-05 -0.545186
3.87493e-06 -1.37276e-05 -0.545239
4.67183e-06 -1.37276e-05 -0.545189
3.87493e-06 -1.4328e-05 -0.545242
4.67183e-06 -1.4328e-05 -0.545192
3.87493e-06 -1.49284e-05 -0.545245
4.67183e-06 -1.49284e-05 -0.545195
3.87493e-06 -1.55288e-05 -0.545247
4.67183e-06 -1.55288e-05 -0.545198
3.87493e-06 -1.61292e-05 -0.54525
4.67183e-06 -1.61292e-05 -0.545201
3.87493e-06 -1.67296e-05 -0.545253
4.67183e-06 -1.67296e-05 -0.545204
3.87493e-06 -1.73301e-05 -0.545256
4.67183e-06 -1.73301e-05 -0.545206
3.87493e-06 -1.79305e-05 -0.545259
4.67183e-06 -1.79305e-05 -0.545209
