-2.03193e-06 2.60034e-05 -0.592009
-1.28694e-06 2.60034e-05 -0.592007
-2.03193e-06 2.54421e-05 -0.592008
-1.28694e-06 2.54421e-05 -0.592006
-2.03193e-06 2.48808e-05 -0.592007
-1.28694e-06 2.48808e-05 -0.592004
-2.03193e-06 2.43195e-05 -0.592005
-1.28694e-06 2.43195e-05 -0.592003
-2.03193e-06 2.37582e-05 -0.592004
-1.28694e-06 2.37582e-05 -0.592002
-2.03193e-06 2.31969e-05 -0.592002
-1.28694e-06 2.31969e-05 -0.592
-2.03193e-06 2.26356e-05 -0.592001
-1.28694e-06 2.26356e-05 -0.591999
-2.03193e-06 2.20743e-05 -0.591999
-1.28694e-06 2.20743e-05 -0.591997
-2.03193e-06 2.15131e-05 -0.591998
-1.28694e-06 2.15131e-05 -0.591996
-2.03193e-06 2.09518e-05 -0.591997
-1.28694e-06 2.09518e-05 -0.591995
-2.03193e-06 2.03905e-05 -0.591995
-1.28694e-06 2.03905e-05 -0.591993
-2.03193e-06 1.98292e-05 -0.591994
-1.28694e-06 1.98292e-05 -0.591992
-2.03193e-06 1.92679e-05 -0.591992
-1.28694e-06 1.92679e-05 -0.59199
-2.03193e-06 1.87066e-05 -0.591991
-1.28694e-06 1.87066e-05 -0.591989
-2.03193e-06 1.81453e-05 -0.59199
-1.28694e-06 1.81453e-05 -0.591987
-2.03193e-06 1.7584e-05 -0.591988
-1.28694e-06 1.7584e-05 -0.591986
-2.03193e-06 1.70227e-05 -0.591987
-1.28694e-06 1.70227e-05 -0.591985
-2.03193e-06 1.64614e-05 -0.591985
-1.28694e-06 1.64614e-05 -0.591983
-2.03193e-06 1.59001e-05 -0.591984
-1.28694e-06 1.59001e-05 -0.591982
-2.03193e-06 1.53388e-05 -0.591983
-1.28694e-06 1.53388e-05 -0.59198
-2.03193e-06 1.47775e-05 -0.591981
-1.28694e-06 1.47775e-05 -0.591979
-2.03193e-06 1.42162e-05 -0.59198
-1.28694e-06 1.42162e-05 -0.591978
-2.03193e-06 1.36549e-05 -0.591978
-1.28694e-06 1.36549e-05 -0.591976
-2.03193e-06 1.30936e-05 -0.591977
-1.28694e-06 1.30936e-05 -0.591975
-2.03193e-06 1.25323e-05 -0.591976
-1.28694e-06 1.25323e-05 -0.591973
-2.03193e-06 1.1971e-05 -0.591974
-1.28694e-06 1.1971e-05 -0.591972
-2.03193e-06 1.14097e-05 -0.591973
-1.28694e-06 1.14097e-05 -0.591971
-2.03193e-06 1.08484e-05 -0.591971
-1.28694e-06 1.08484e-05 -0.591969
-2.03193e-06 1.02871e-05 -0.59197
-1.28694e-06 1.02871e-05 -0.591968
-2.03193e-06 9.72581e-06 -0.591968
-1.28694e-06 9.72581e-06 -0.591966
-2.03193e-06 9.16451e-06 -0.591967
-1.28694e-06 9.16451e-06 -0.591965
-2.03193e-06 8.60321e-06 -0.591966
-1.28694e-06 8.60321e-06 -0.591964
-2.03193e-06 8.04191e-06 -0.591964
-1.28694e-06 8.04191e-06 -0.591962
-2.03193e-06 7.48062e-06 -0.591963
-1.28694e-06 7.48062e-06 -0.591961
-2.03193e-06 6.91932e-06 -0.591961
-1.28694e-06 6.91932e-06 -0.591959
-2.03193e-06 6.35802e-06 -0.59196
-1.28694e-06 6.35802e-06 -0.591958
-2.03193e-06 5.79673e-06 -0.591959
-1.28694e-06 5.79673e-06 -0.591956
-2.03193e-06 5.23543e-06 -0.591957
-1.28694e-06 5.23543e-06 -0.591955
-2.03193e-06 4.67413e-06 -0.591956
-1.28694e-06 4.67413e-06 -0.591954
-2.03193e-06 4.11283e-06 -0.591954
-1.28694e-06 4.11283e-06 -0.591952
-2.03193e-06 3.55154e-06 -0.591953
-1.28694e-06 3.55154e-06 -0.591951
-2.03193e-06 2.99024e-06 -0.591952
-1.28694e-06 2.99024e-06 -0.591949
-2.03193e-06 2.42894e-06 -0.59195
-1.28694e-06 2.42894e-06 -0.591948
-2.03193e-06 1.86764e-06 -0.591949
-1.28694e-06 1.86764e-06 -0.591947
-2.03193e-06 1.30635e-06 -0.591947
-1.28694e-06 1.30635e-06 -0.591945
-2.03193e-06 7.45049e-07 -0.591946
-1.28694e-06 7.45049e-07 -0.591944
-2.03193e-06 1.83751e-07 -0.591945
-1.28694e-06 1.83751e-07 -0.591942
-2.03193e-06 -3.77545e-07 -0.591943
-1.28694e-06 -3.77545e-07 -0.591941
-2.03193e-06 -9.38843e-07 -0.591942
-1.28694e-06 -9.38843e-07 -0.59194
-2.03193e-06 -1.50014e-06 -0.59194
-1.28694e-06 -1.50014e-06 -0.591938
-2.03193e-06 -2.06144e-06 -0.591939
-1.28694e-06 -2.06144e-06 -0.591937
-2.03193e-06 -2.62273e-06 -0.591937
-1.28694e-06 -2.62273e-06 -0.591935
-2.03193e-06 -3.18403e-06 -0.591936
-1.28694e-06 -3.18403e-06 -0.591934
-2.03193e-06 -3.74533e-06 -0.591935
-1.28694e-06 -3.74533e-06 -0.591933
-2.03193e-06 -4.30663e-06 -0.591933
-1.28694e-06 -4.30663e-06 -0.591931
-2.03193e-06 -4.86792e-06 -0.591932
-1.28694e-06 -4.86792e-06 -0.59193
-2.03193e-06 -5.42922e-06 -0.59193
-1.28694e-06 -5.42922e-06 -0.591928
-2.03193e-06 -5.99052e-06 -0.591929
-1.28694e-06 -5.99052e-06 -0.591927
-2.03193e-06 -6.55182e-06 -0.591928
-1.28694e-06 -6.55182e-06 -0.591926
-2.03193e-06 -7.11311e-06 -0.591926
-1.28694e-06 -7.11311e-06 -0.591924
-2.03193e-06 -7.67441e-06 -0.591925
-1.28694e-06 -7.67441e-06 -0.591923
-2.03193e-06 -8.23571e-06 -0.591923
-1.28694e-06 -8.23571e-06 -0.591921
-2.03193e-06 -8.79701e-06 -0.591922
-1.28694e-06 -8.79701e-06 -0.59192
-2.03193e-06 -9.3583e-06 -0.591921
-1.28694e-06 -9.3583e-06 -0.591918
-2.03193e-06 -9.9196e-06 -0.591919
-1.28694e-06 -9.9196e-06 -0.591917
-2.03193e-06 -1.04809e-05 -0.591918
-1.28694e-06 -1.04809e-05 -0.591916
-2.03193e-06 -1.10422e-05 -0.591916
-1.28694e-06 -1.10422e-05 -0.591914
-2.03193e-06 -1.16035e-05 -0.591915
-1.28694e-06 -1.16035e-05 -0.591913
-2.03193e-06 -1.21648e-05 -0.591914
-1.28694e-06 -1.21648e-05 -0.591911
-2.03193e-06 -1.27261e-05 -0.591912
-1.28694e-06 -1.27261e-05 -0.59191
-2.03193e-06 -1.32874e-05 -0.591911
-1.28694e-06 -1.32874e-05 -0.591909
-2.03193e-06 -1.38487e-05 -0.591909
-1.28694e-06 -1.38487e-05 -0.591907
-2.03193e-06 -1.441e-05 -0.591908
-1.28694e-06 -1.441e-05 -0.591906
-2.03193e-06 -1.49713e-05 -0.591906
-1.28694e-06 -1.49713e-05 -0.591904
