3.25098e-07 -0.000119181 -0.58596
-3.80576e-06 -0.000119181 -0.585959
3.25098e-07 -0.000116068 -0.58596
-3.80576e-06 -0.000116068 -0.585959
3.25098e-07 -0.000112956 -0.58596
-3.80576e-06 -0.000112956 -0.585959
3.25098e-07 -0.000109844 -0.585959
-3.80576e-06 -0.000109844 -0.585959
3.25098e-07 -0.000106731 -0.585959
-3.80576e-06 -0.000106731 -0.585959
3.25098e-07 -0.000103619 -0.585959
-3.80576e-06 -0.000103619 -0.585959
3.25098e-07 -0.000100507 -0.585959
-3.80576e-06 -0.000100507 -0.585959
3.25098e-07 -9.73946e-05 -0.585959
-3.80576e-06 -9.73946e-05 -0.585959
3.25098e-07 -9.42823e-05 -0.585959
-3.80576e-06 -9.42823e-05 -0.585959
3.25098e-07 -9.117e-05 -0.585959
-3.80576e-06 -9.117e-05 -0.585959
3.25098e-07 -8.80577e-05 -0.585959
-3.80576e-06 -8.80577e-05 -0.585958
3.25098e-07 -8.49455e-05 -0.585959
-3.80576e-06 -8.49455e-05 -0.585958
3.25098e-07 -8.18332e-05 -0.585959
-3.80576e-06 -8.18332e-05 -0.585958
3.25098e-07 -7.87209e-05 -0.585959
-3.80576e-06 -7.87209e-05 -0.585958
3.25098e-07 -7.56086e-05 -0.585959
-3.80576e-06 -7.56086e-05 -0.585958
3.25098e-07 -7.24963e-05 -0.585958
-3.80576e-06 -7.24963e-05 -0.585958
3.25098e-07 -6.9384e-05 -0.585958
-3.80576e-06 -6.9384e-05 -0.585958
3.25098e-07 -6.62717e-05 -0.585958
-3.80576e-06 -6.62717e-05 -0.585958
3.25098e-07 -6.31594e-05 -0.585958
-3.80576e-06 -6.31594e-05 -0.585958
3.25098e-07 -6.00471e-05 -0.585958
-3.80576e-06 -6.00471e-05 -0.585958
3.25098e-07 -5.69348e-05 -0.585958
-3.80576e-06 -5.69348e-05 -0.585958
3.25098e-07 -5.38225e-05 -0.585958
-3.80576e-06 -5.38225e-05 -0.585958
3.25098e-07 -5.07102e-05 -0.585958
-3.80576e-06 -5.07102e-05 -0.585957
3.25098e-07 -4.7598e-05 -0.585958
-3.80576e-06 -4.7598e-05 -0.585957
3.25098e-07 -4.44857e-05 -0.585958
-3.80576e-06 -4.44857e-05 -0.585957
3.25098e-07 -4.13734e-05 -0.585958
-3.80576e-06 -4.13734e-05 -0.585957
3.25098e-07 -3.82611e-05 -0.585958
-3.80576e-06 -3.82611e-05 -0.585957
3.25098e-07 -3.51488e-05 -0.585957
-3.80576e-06 -3.51488e-05 -0.585957
3.25098e-07 -3.20365e-05 -0.585957
-3.80576e-06 -3.20365e-05 -0.585957
3.25098e-07 -2.89242e-05 -0.585957
-3.80576e-06 -2.89242e-05 -0.585957
3.25098e-07 -2.58119e-05 -0.585957
-3.80576e-06 -2.58119e-05 -0.585957
3.25098e-07 -2.26996e-05 -0.585957
-3.80576e-06 -2.26996e-05 -0.585957
3.25098e-07 -1.95873e-05 -0.585957
-3.80576e-06 -1.95873e-05 -0.585957
3.25098e-07 -1.6475e-05 -0.585957
-3.80576e-06 -1.6475e-05 -0.585957
3.25098e-07 -1.33627e-05 -0.585957
-3.80576e-06 -1.33627e-05 -0.585956
3.25098e-07 -1.02505e-05 -0.585957
-3.80576e-06 -1.02505e-05 -0.585956
3.25098e-07 -7.13817e-06 -0.585957
-3.80576e-06 -7.13817e-06 -0.585956
3.25098e-07 -4.02587e-06 -0.585957
-3.80576e-06 -4.02587e-06 -0.585956
3.25098e-07 -9.13583e-07 -0.585957
-3.80576e-06 -9.13583e-07 -0.585956
3.25098e-07 2.19871e-06 -0.585956
-3.80576e-06 2.19871e-06 -0.585956
3.25098e-07 5.311e-06 -0.585956
-3.80576e-06 5.311e-06 -0.585956
3.25098e-07 8.4233e-06 -0.585956
-3.80576e-06 8.4233e-06 -0.585956
3.25098e-07 1.15356e-05 -0.585956
-3.80576e-06 1.15356e-05 -0.585956
3.25098e-07 1.46479e-05 -0.585956
-3.80576e-06 1.46479e-05 -0.585956
3.25098e-07 1.77602e-05 -0.585956
-3.80576e-06 1.77602e-05 -0.585956
3.25098e-07 2.08725e-05 -0.585956
-3.80576e-06 2.08725e-05 -0.585956
3.25098e-07 2.39848e-05 -0.585956
-3.80576e-06 2.39848e-05 -0.585955
3.25098e-07 2.7097e-05 -0.585956
-3.80576e-06 2.7097e-05 -0.585955
3.25098e-07 3.02093e-05 -0.585956
-3.80576e-06 3.02093e-05 -0.585955
3.25098e-07 3.33216e-05 -0.585956
-3.80576e-06 3.33216e-05 -0.585955
3.25098e-07 3.64339e-05 -0.585956
-3.80576e-06 3.64339e-05 -0.585955
3.25098e-07 3.95462e-05 -0.585955
-3.80576e-06 3.95462e-05 -0.585955
3.25098e-07 4.26585e-05 -0.585955
-3.80576e-06 4.26585e-05 -0.585955
3.25098e-07 4.57708e-05 -0.585955
-3.80576e-06 4.57708e-05 -0.585955
3.25098e-07 4.88831e-05 -0.585955
-3.80576e-06 4.88831e-05 -0.585955
3.25098e-07 5.19954e-05 -0.585955
-3.80576e-06 5.19954e-05 -0.585955
3.25098e-07 5.51077e-05 -0.585955
-3.80576e-06 5.51077e-05 -0.585955
3.25098e-07 5.822e-05 -0.585955
-3.80576e-06 5.822e-05 -0.585954
3.25098e-07 6.13323e-05 -0.585955
-3.80576e-06 6.13323e-05 -0.585954
3.25098e-07 6.44445e-05 -0.585955
-3.80576e-06 6.44445e-05 -0.585954
3.25098e-07 6.75568e-05 -0.585955
-3.80576e-06 6.75568e-05 -0.585954
3.25098e-07 7.06691e-05 -0.585955
-3.80576e-06 7.06691e-05 -0.585954
3.25098e-07 7.37814e-05 -0.585954
-3.80576e-06 7.37814e-05 -0.585954
3.25098e-07 7.68937e-05 -0.585954
-3.80576e-06 7.68937e-05 -0.585954
3.25098e-07 8.0006e-05 -0.585954
-3.80576e-06 8.0006e-05 -0.585954
3.25098e-07 8.31183e-05 -0.585954
-3.80576e-06 8.31183e-05 -0.585954
3.25098e-07 8.62306e-05 -0.585954
-3.80576e-06 8.62306e-05 -0.585954
3.25098e-07 8.93429e-05 -0.585954
-3.80576e-06 8.93429e-05 -0.585954
3.25098e-07 9.24552e-05 -0.585954
-3.80576e-06 9.24552e-05 -0.585954
3.25098e-07 9.55675e-05 -0.585954
-3.80576e-06 9.55675e-05 -0.585953
3.25098e-07 9.86798e-05 -0.585954
-3.80576e-06 9.86798e-05 -0.585953
3.25098e-07 0.000101792 -0.585954
-3.80576e-06 0.000101792 -0.585953
3.25098e-07 0.000104904 -0.585954
-3.80576e-06 0.000104904 -0.585953
3.25098e-07 0.000108017 -0.585954
-3.80576e-06 0.000108017 -0.585953
