-3.71806e-06 -3.93768e-05 -0.698346
-4.67943e-06 -3.93768e-05 -0.698316
-3.71806e-06 -3.86525e-05 -0.698345
-4.67943e-06 -3.86525e-05 -0.698315
-3.71806e-06 -3.79282e-05 -0.698344
-4.67943e-06 -3.79282e-05 -0.698314
-3.71806e-06 -3.72039e-05 -0.698343
-4.67943e-06 -3.72039e-05 -0.698313
-3.71806e-06 -3.64795e-05 -0.698342
-4.67943e-06 -3.64795e-05 -0.698312
-3.71806e-06 -3.57552e-05 -0.698341
-4.67943e-06 -3.57552e-05 -0.698311
-3.71806e-06 -3.50309e-05 -0.69834
-4.67943e-06 -3.50309e-05 -0.69831
-3.71806e-06 -3.43066e-05 -0.698339
-4.67943e-06 -3.43066e-05 -0.698309
-3.71806e-06 -3.35822e-05 -0.698338
-4.67943e-06 -3.35822e-05 -0.698308
-3.71806e-06 -3.28579e-05 -0.698337
-4.67943e-06 -3.28579e-05 -0.698307
-3.71806e-06 -3.21336e-05 -0.698336
-4.67943e-06 -3.21336e-05 -0.698307
-3.71806e-06 -3.14093e-05 -0.698335
-4.67943e-06 -3.14093e-05 -0.698305
-3.71806e-06 -3.06849e-05 -0.698334
-4.67943e-06 -3.06849e-05 -0.698305
-3.71806e-06 -2.99606e-05 -0.698333
-4.67943e-06 -2.99606e-05 -0.698304
-3.71806e-06 -2.92363e-05 -0.698332
-4.67943e-06 -2.92363e-05 -0.698303
-3.71806e-06 -2.8512e-05 -0.698331
-4.67943e-06 -2.8512e-05 -0.698302
-3.71806e-06 -2.77876e-05 -0.69833
-4.67943e-06 -2.77876e-05 -0.698301
-3.71806e-06 -2.70633e-05 -0.698329
-4.67943e-06 -2.70633e-05 -0.6983
-3.71806e-06 -2.6339e-05 -0.698328
-4.67943e-06 -2.6339e-05 -0.698299
-3.71806e-06 -2.56147e-05 -0.698327
-4.67943e-06 -2.56147e-05 -0.698298
-3.71806e-06 -2.48903e-05 -0.698326
-4.67943e-06 -2.48903e-05 -0.698297
-3.71806e-06 -2.4166e-05 -0.698325
-4.67943e-06 -2.4166e-05 -0.698296
-3.71806e-06 -2.34417e-05 -0.698324
-4.67943e-06 -2.34417e-05 -0.698295
-3.71806e-06 -2.27174e-05 -0.698323
-4.67943e-06 -2.27174e-05 -0.698294
-3.71806e-06 -2.1993e-05 -0.698322
-4.67943e-06 -2.1993e-05 -0.698293
-3.71806e-06 -2.12687e-05 -0.698321
-4.67943e-06 -2.12687e-05 -0.698292
-3.71806e-06 -2.05444e-05 -0.69832
-4.67943e-06 -2.05444e-05 -0.698291
-3.71806e-06 -1.98201e-05 -0.698319
-4.67943e-06 -1.98201e-05 -0.69829
-3.71806e-06 -1.90957e-05 -0.698318
-4.67943e-06 -1.90957e-05 -0.698289
-3.71806e-06 -1.83714e-05 -0.698317
-4.67943e-06 -1.83714e-05 -0.698288
-3.71806e-06 -1.76471e-05 -0.698316
-4.67943e-06 -1.76471e-05 -0.698287
-3.71806e-06 -1.69228e-05 -0.698315
-4.67943e-06 -1.69228e-05 -0.698286
-3.71806e-06 -1.61985e-05 -0.698314
-4.67943e-06 -1.61985e-05 -0.698285
-3.71806e-06 -1.54741e-05 -0.698313
-4.67943e-06 -1.54741e-05 -0.698284
-3.71806e-06 -1.47498e-05 -0.698312
-4.67943e-06 -1.47498e-05 -0.698283
-3.71806e-06 -1.40255e-05 -0.698311
-4.67943e-06 -1.40255e-05 -0.698282
-3.71806e-06 -1.33012e-05 -0.69831
-4.67943e-06 -1.33012e-05 -0.698281
-3.71806e-06 -1.25768e-05 -0.698309
-4.67943e-06 -1.25768e-05 -0.69828
-3.71806e-06 -1.18525e-05 -0.698308
-4.67943e-06 -1.18525e-05 -0.698279
-3.71806e-06 -1.11282e-05 -0.698307
-4.67943e-06 -1.11282e-05 -0.698278
-3.71806e-06 -1.04039e-05 -0.698306
-4.67943e-06 -1.04039e-05 -0.698277
-3.71806e-06 -9.67953e-06 -0.698305
-4.67943e-06 -9.67953e-06 -0.698276
-3.71806e-06 -8.95521e-06 -0.698304
-4.67943e-06 -8.95521e-06 -0.698275
-3.71806e-06 -8.23089e-06 -0.698303
-4.67943e-06 -8.23089e-06 -0.698274
-3.71806e-06 -7.50656e-06 -0.698302
-4.67943e-06 -7.50656e-06 -0.698273
-3.71806e-06 -6.78224e-06 -0.698301
-4.67943e-06 -6.78224e-06 -0.698272
-3.71806e-06 -6.05791e-06 -0.6983
-4.67943e-06 -6.05791e-06 -0.698271
-3.71806e-06 -5.33359e-06 -0.698299
-4.67943e-06 -5.33359e-06 -0.69827
-3.71806e-06 -4.60926e-06 -0.698298
-4.67943e-06 -4.60926e-06 -0.698269
-3.71806e-06 -3.88494e-06 -0.698297
-4.67943e-06 -3.88494e-06 -0.698268
-3.71806e-06 -3.16061e-06 -0.698296
-4.67943e-06 -3.16061e-06 -0.698267
-3.71806e-06 -2.43629e-06 -0.698295
-4.67943e-06 -2.43629e-06 -0.698266
-3.71806e-06 -1.71197e-06 -0.698294
-4.67943e-06 -1.71197e-06 -0.698265
-3.71806e-06 -9.87642e-07 -0.698293
-4.67943e-06 -9.87642e-07 -0.698264
-3.71806e-06 -2.63317e-07 -0.698292
-4.67943e-06 -2.63317e-07 -0.698263
-3.71806e-06 4.61005e-07 -0.698291
-4.67943e-06 4.61005e-07 -0.698262
-3.71806e-06 1.18533e-06 -0.69829
-4.67943e-06 1.18533e-06 -0.698261
-3.71806e-06 1.90966e-06 -0.69829
-4.67943e-06 1.90966e-06 -0.69826
-3.71806e-06 2.63398e-06 -0.698289
-4.67943e-06 2.63398e-06 -0.698259
-3.71806e-06 3.3583e-06 -0.698287
-4.67943e-06 3.3583e-06 -0.698258
-3.71806e-06 4.08263e-06 -0.698287
-4.67943e-06 4.08263e-06 -0.698257
-3.71806e-06 4.80695e-06 -0.698286
-4.67943e-06 4.80695e-06 -0.698256
-3.71806e-06 5.53128e-06 -0.698285
-4.67943e-06 5.53128e-06 -0.698255
-3.71806e-06 6.2556e-06 -0.698284
-4.67943e-06 6.2556e-06 -0.698254
-3.71806e-06 6.97992e-06 -0.698283
-4.67943e-06 6.97992e-06 -0.698253
-3.71806e-06 7.70425e-06 -0.698282
-4.67943e-06 7.70425e-06 -0.698252
-3.71806e-06 8.42857e-06 -0.698281
-4.67943e-06 8.42857e-06 -0.698251
-3.71806e-06 9.1529e-06 -0.69828
-4.67943e-06 9.1529e-06 -0.69825
-3.71806e-06 9.87722e-06 -0.698279
-4.67943e-06 9.87722e-06 -0.698249
-3.71806e-06 1.06015e-05 -0.698278
-4.67943e-06 1.06015e-05 -0.698248
-3.71806e-06 1.13259e-05 -0.698277
-4.67943e-06 1.13259e-05 -0.698247
-3.71806e-06 1.20502e-05 -0.698276
-4.67943e-06 1.20502e-05 -0.698246
-3.71806e-06 1.27745e-05 -0.698275
-4.67943e-06 1.27745e-05 -0.698245
-3.71806e-06 1.34988e-05 -0.698274
-4.67943e-06 1.34988e-05 -0.698244
