0.474596 11.8575 -2.58521
0.476626 11.8575 -2.58482
0.474596 11.8535 -2.58528
0.476626 11.8535 -2.58489
0.474596 11.8495 -2.58536
0.476626 11.8495 -2.58496
0.474596 11.8455 -2.58543
0.476626 11.8455 -2.58504
0.474596 11.8416 -2.5855
0.476626 11.8416 -2.58511
0.474596 11.8376 -2.58558
0.476626 11.8376 -2.58518
0.474596 11.8336 -2.58565
0.476626 11.8336 -2.58526
0.474596 11.8296 -2.58572
0.476626 11.8296 -2.58533
0.474596 11.8256 -2.5858
0.476626 11.8256 -2.5854
0.474596 11.8216 -2.58587
0.476626 11.8216 -2.58548
0.474596 11.8176 -2.58594
0.476626 11.8176 -2.58555
0.474596 11.8137 -2.58602
0.476626 11.8137 -2.58562
0.474596 11.8097 -2.58609
0.476626 11.8097 -2.5857
0.474596 11.8057 -2.58616
0.476626 11.8057 -2.58577
0.474596 11.8017 -2.58624
0.476626 11.8017 -2.58584
0.474596 11.7977 -2.58631
0.476626 11.7977 -2.58592
0.474596 11.7937 -2.58639
0.476626 11.7937 -2.58599
0.474596 11.7897 -2.58646
0.476626 11.7897 -2.58606
0.474596 11.7857 -2.58653
0.476626 11.7857 -2.58614
0.474596 11.7818 -2.58661
0.476626 11.7818 -2.58621
0.474596 11.7778 -2.58668
0.476626 11.7778 -2.58628
0.474596 11.7738 -2.58675
0.476626 11.7738 -2.58636
0.474596 11.7698 -2.58683
0.476626 11.7698 -2.58643
0.474596 11.7658 -2.5869
0.476626 11.7658 -2.58651
0.474596 11.7618 -2.58697
0.476626 11.7618 -2.58658
0.474596 11.7578 -2.58705
0.476626 11.7578 -2.58665
0.474596 11.7538 -2.58712
0.476626 11.7538 -2.58673
0.474596 11.7499 -2.58719
0.476626 11.7499 -2.5868
0.474596 11.7459 -2.58727
0.476626 11.7459 -2.58687
