6.93402e-06 7.2377e-05 -0.603639
9.92749e-06 7.2377e-05 -0.603622
6.93402e-06 7.01217e-05 -0.603643
9.92749e-06 7.01217e-05 -0.603626
6.93402e-06 6.78663e-05 -0.603647
9.92749e-06 6.78663e-05 -0.60363
6.93402e-06 6.5611e-05 -0.603651
9.92749e-06 6.5611e-05 -0.603634
6.93402e-06 6.33556e-05 -0.603655
9.92749e-06 6.33556e-05 -0.603638
6.93402e-06 6.11003e-05 -0.603659
9.92749e-06 6.11003e-05 -0.603642
6.93402e-06 5.88449e-05 -0.603663
9.92749e-06 5.88449e-05 -0.603646
6.93402e-06 5.65895e-05 -0.603667
9.92749e-06 5.65895e-05 -0.60365
6.93402e-06 5.43342e-05 -0.603671
9.92749e-06 5.43342e-05 -0.603655
6.93402e-06 5.20788e-05 -0.603675
9.92749e-06 5.20788e-05 -0.603659
6.93402e-06 4.98235e-05 -0.60368
9.92749e-06 4.98235e-05 -0.603663
6.93402e-06 4.75681e-05 -0.603684
9.92749e-06 4.75681e-05 -0.603667
6.93402e-06 4.53128e-05 -0.603688
9.92749e-06 4.53128e-05 -0.603671
6.93402e-06 4.30574e-05 -0.603692
9.92749e-06 4.30574e-05 -0.603675
6.93402e-06 4.0802e-05 -0.603696
9.92749e-06 4.0802e-05 -0.603679
6.93402e-06 3.85467e-05 -0.6037
9.92749e-06 3.85467e-05 -0.603683
6.93402e-06 3.62913e-05 -0.603704
9.92749e-06 3.62913e-05 -0.603687
6.93402e-06 3.4036e-05 -0.603708
9.92749e-06 3.4036e-05 -0.603691
6.93402e-06 3.17806e-05 -0.603712
9.92749e-06 3.17806e-05 -0.603695
6.93402e-06 2.95252e-05 -0.603716
9.92749e-06 2.95252e-05 -0.603699
6.93402e-06 2.72699e-05 -0.60372
9.92749e-06 2.72699e-05 -0.603703
6.93402e-06 2.50145e-05 -0.603724
9.92749e-06 2.50145e-05 -0.603708
6.93402e-06 2.27592e-05 -0.603729
9.92749e-06 2.27592e-05 -0.603712
6.93402e-06 2.05038e-05 -0.603733
9.92749e-06 2.05038e-05 -0.603716
6.93402e-06 1.82485e-05 -0.603737
9.92749e-06 1.82485e-05 -0.60372
6.93402e-06 1.59931e-05 -0.603741
9.92749e-06 1.59931e-05 -0.603724
6.93402e-06 1.37377e-05 -0.603745
9.92749e-06 1.37377e-05 -0.603728
6.93402e-06 1.14824e-05 -0.603749
9.92749e-06 1.14824e-05 -0.603732
6.93402e-06 9.22703e-06 -0.603753
9.92749e-06 9.22703e-06 -0.603736
6.93402e-06 6.97167e-06 -0.603757
9.92749e-06 6.97167e-06 -0.60374
6.93402e-06 4.71631e-06 -0.603761
9.92749e-06 4.71631e-06 -0.603744
6.93402e-06 2.46095e-06 -0.603765
9.92749e-06 2.46095e-06 -0.603748
6.93402e-06 2.056e-07 -0.603769
9.92749e-06 2.056e-07 -0.603752
6.93402e-06 -2.04976e-06 -0.603773
9.92749e-06 -2.04976e-06 -0.603756
6.93402e-06 -4.30511e-06 -0.603777
9.92749e-06 -4.30511e-06 -0.603761
6.93402e-06 -6.56048e-06 -0.603782
9.92749e-06 -6.56048e-06 -0.603765
6.93402e-06 -8.81583e-06 -0.603786
9.92749e-06 -8.81583e-06 -0.603769
6.93402e-06 -1.10712e-05 -0.60379
9.92749e-06 -1.10712e-05 -0.603773
6.93402e-06 -1.33265e-05 -0.603794
9.92749e-06 -1.33265e-05 -0.603777
6.93402e-06 -1.55819e-05 -0.603798
9.92749e-06 -1.55819e-05 -0.603781
6.93402e-06 -1.78373e-05 -0.603802
9.92749e-06 -1.78373e-05 -0.603785
6.93402e-06 -2.00926e-05 -0.603806
9.92749e-06 -2.00926e-05 -0.603789
6.93402e-06 -2.2348e-05 -0.60381
9.92749e-06 -2.2348e-05 -0.603793
6.93402e-06 -2.46033e-05 -0.603814
9.92749e-06 -2.46033e-05 -0.603797
6.93402e-06 -2.68587e-05 -0.603818
9.92749e-06 -2.68587e-05 -0.603801
6.93402e-06 -2.91141e-05 -0.603822
9.92749e-06 -2.91141e-05 -0.603805
6.93402e-06 -3.13694e-05 -0.603826
9.92749e-06 -3.13694e-05 -0.60381
6.93402e-06 -3.36248e-05 -0.603831
9.92749e-06 -3.36248e-05 -0.603814
6.93402e-06 -3.58801e-05 -0.603835
9.92749e-06 -3.58801e-05 -0.603818
6.93402e-06 -3.81355e-05 -0.603839
9.92749e-06 -3.81355e-05 -0.603822
6.93402e-06 -4.03908e-05 -0.603843
9.92749e-06 -4.03908e-05 -0.603826
6.93402e-06 -4.26462e-05 -0.603847
9.92749e-06 -4.26462e-05 -0.60383
6.93402e-06 -4.49015e-05 -0.603851
9.92749e-06 -4.49015e-05 -0.603834
6.93402e-06 -4.71569e-05 -0.603855
9.92749e-06 -4.71569e-05 -0.603838
6.93402e-06 -4.94123e-05 -0.603859
9.92749e-06 -4.94123e-05 -0.603842
6.93402e-06 -5.16676e-05 -0.603863
9.92749e-06 -5.16676e-05 -0.603846
6.93402e-06 -5.3923e-05 -0.603867
9.92749e-06 -5.3923e-05 -0.60385
6.93402e-06 -5.61783e-05 -0.603871
9.92749e-06 -5.61783e-05 -0.603854
6.93402e-06 -5.84337e-05 -0.603875
9.92749e-06 -5.84337e-05 -0.603858
6.93402e-06 -6.0689e-05 -0.60388
9.92749e-06 -6.0689e-05 -0.603863
6.93402e-06 -6.29444e-05 -0.603884
9.92749e-06 -6.29444e-05 -0.603867
6.93402e-06 -6.51998e-05 -0.603888
9.92749e-06 -6.51998e-05 -0.603871
6.93402e-06 -6.74551e-05 -0.603892
9.92749e-06 -6.74551e-05 -0.603875
6.93402e-06 -6.97105e-05 -0.603896
9.92749e-06 -6.97105e-05 -0.603879
6.93402e-06 -7.19658e-05 -0.6039
9.92749e-06 -7.19658e-05 -0.603883
6.93402e-06 -7.42212e-05 -0.603904
9.92749e-06 -7.42212e-05 -0.603887
6.93402e-06 -7.64766e-05 -0.603908
9.92749e-06 -7.64766e-05 -0.603891
6.93402e-06 -7.87319e-05 -0.603912
9.92749e-06 -7.87319e-05 -0.603895
6.93402e-06 -8.09873e-05 -0.603916
9.92749e-06 -8.09873e-05 -0.603899
6.93402e-06 -8.32426e-05 -0.60392
9.92749e-06 -8.32426e-05 -0.603903
6.93402e-06 -8.5498e-05 -0.603924
9.92749e-06 -8.5498e-05 -0.603907
6.93402e-06 -8.77533e-05 -0.603928
9.92749e-06 -8.77533e-05 -0.603912
6.93402e-06 -9.00087e-05 -0.603932
9.92749e-06 -9.00087e-05 -0.603916
6.93402e-06 -9.22641e-05 -0.603937
9.92749e-06 -9.22641e-05 -0.60392
