5.89869e-07 -2.68196e-07 -0.0469329
5.8129e-07 -2.68196e-07 -0.0469324
5.89869e-07 -2.61732e-07 -0.0469329
5.8129e-07 -2.61732e-07 -0.0469324
5.89869e-07 -2.55268e-07 -0.046933
5.8129e-07 -2.55268e-07 -0.0469325
5.89869e-07 -2.48804e-07 -0.0469331
5.8129e-07 -2.48804e-07 -0.0469326
5.89869e-07 -2.4234e-07 -0.0469331
5.8129e-07 -2.4234e-07 -0.0469326
5.89869e-07 -2.35876e-07 -0.0469332
5.8129e-07 -2.35876e-07 -0.0469327
5.89869e-07 -2.29411e-07 -0.0469333
5.8129e-07 -2.29411e-07 -0.0469328
5.89869e-07 -2.22947e-07 -0.0469333
5.8129e-07 -2.22947e-07 -0.0469328
5.89869e-07 -2.16483e-07 -0.0469334
5.8129e-07 -2.16483e-07 -0.0469329
5.89869e-07 -2.10019e-07 -0.0469335
5.8129e-07 -2.10019e-07 -0.046933
5.89869e-07 -2.03555e-07 -0.0469335
5.8129e-07 -2.03555e-07 -0.046933
5.89869e-07 -1.97091e-07 -0.0469336
5.8129e-07 -1.97091e-07 -0.0469331
5.89869e-07 -1.90627e-07 -0.0469337
5.8129e-07 -1.90627e-07 -0.0469332
5.89869e-07 -1.84163e-07 -0.0469337
5.8129e-07 -1.84163e-07 -0.0469332
5.89869e-07 -1.77699e-07 -0.0469338
5.8129e-07 -1.77699e-07 -0.0469333
5.89869e-07 -1.71235e-07 -0.0469339
5.8129e-07 -1.71235e-07 -0.0469334
5.89869e-07 -1.64771e-07 -0.0469339
5.8129e-07 -1.64771e-07 -0.0469334
5.89869e-07 -1.58307e-07 -0.046934
5.8129e-07 -1.58307e-07 -0.0469335
5.89869e-07 -1.51843e-07 -0.0469341
5.8129e-07 -1.51843e-07 -0.0469336
5.89869e-07 -1.45378e-07 -0.0469341
5.8129e-07 -1.45378e-07 -0.0469336
5.89869e-07 -1.38914e-07 -0.0469342
5.8129e-07 -1.38914e-07 -0.0469337
5.89869e-07 -1.3245e-07 -0.0469343
5.8129e-07 -1.3245e-07 -0.0469338
5.89869e-07 -1.25986e-07 -0.0469343
5.8129e-07 -1.25986e-07 -0.0469338
5.89869e-07 -1.19522e-07 -0.0469344
5.8129e-07 -1.19522e-07 -0.0469339
5.89869e-07 -1.13058e-07 -0.0469345
5.8129e-07 -1.13058e-07 -0.046934
5.89869e-07 -1.06594e-07 -0.0469345
5.8129e-07 -1.06594e-07 -0.046934
5.89869e-07 -1.0013e-07 -0.0469346
5.8129e-07 -1.0013e-07 -0.0469341
5.89869e-07 -9.36658e-08 -0.0469346
5.8129e-07 -9.36658e-08 -0.0469342
5.89869e-07 -8.72017e-08 -0.0469347
5.8129e-07 -8.72017e-08 -0.0469342
5.89869e-07 -8.07377e-08 -0.0469348
5.8129e-07 -8.07377e-08 -0.0469343
5.89869e-07 -7.42736e-08 -0.0469348
5.8129e-07 -7.42736e-08 -0.0469343
5.89869e-07 -6.78095e-08 -0.0469349
5.8129e-07 -6.78095e-08 -0.0469344
5.89869e-07 -6.13454e-08 -0.046935
5.8129e-07 -6.13454e-08 -0.0469345
5.89869e-07 -5.48813e-08 -0.046935
5.8129e-07 -5.48813e-08 -0.0469345
5.89869e-07 -4.84173e-08 -0.0469351
5.8129e-07 -4.84173e-08 -0.0469346
5.89869e-07 -4.19532e-08 -0.0469352
5.8129e-07 -4.19532e-08 -0.0469347
5.89869e-07 -3.54891e-08 -0.0469352
5.8129e-07 -3.54891e-08 -0.0469347
5.89869e-07 -2.9025e-08 -0.0469353
5.8129e-07 -2.9025e-08 -0.0469348
5.89869e-07 -2.2561e-08 -0.0469354
5.8129e-07 -2.2561e-08 -0.0469349
5.89869e-07 -1.60969e-08 -0.0469354
5.8129e-07 -1.60969e-08 -0.0469349
5.89869e-07 -9.63282e-09 -0.0469355
5.8129e-07 -9.63282e-09 -0.046935
5.89869e-07 -3.16873e-09 -0.0469356
5.8129e-07 -3.16873e-09 -0.0469351
5.89869e-07 3.29534e-09 -0.0469356
5.8129e-07 3.29534e-09 -0.0469351
5.89869e-07 9.7594e-09 -0.0469357
5.8129e-07 9.7594e-09 -0.0469352
5.89869e-07 1.62235e-08 -0.0469358
5.8129e-07 1.62235e-08 -0.0469353
5.89869e-07 2.26876e-08 -0.0469358
5.8129e-07 2.26876e-08 -0.0469353
5.89869e-07 2.91517e-08 -0.0469359
5.8129e-07 2.91517e-08 -0.0469354
5.89869e-07 3.56157e-08 -0.046936
5.8129e-07 3.56157e-08 -0.0469355
5.89869e-07 4.20798e-08 -0.046936
5.8129e-07 4.20798e-08 -0.0469355
5.89869e-07 4.85439e-08 -0.0469361
5.8129e-07 4.85439e-08 -0.0469356
5.89869e-07 5.5008e-08 -0.0469362
5.8129e-07 5.5008e-08 -0.0469357
5.89869e-07 6.1472e-08 -0.0469362
5.8129e-07 6.1472e-08 -0.0469357
5.89869e-07 6.79361e-08 -0.0469363
5.8129e-07 6.79361e-08 -0.0469358
5.89869e-07 7.44002e-08 -0.0469363
5.8129e-07 7.44002e-08 -0.0469358
5.89869e-07 8.08643e-08 -0.0469364
5.8129e-07 8.08643e-08 -0.0469359
5.89869e-07 8.73283e-08 -0.0469365
5.8129e-07 8.73283e-08 -0.046936
5.89869e-07 9.37924e-08 -0.0469365
5.8129e-07 9.37924e-08 -0.046936
5.89869e-07 1.00256e-07 -0.0469366
5.8129e-07 1.00256e-07 -0.0469361
5.89869e-07 1.06721e-07 -0.0469367
5.8129e-07 1.06721e-07 -0.0469362
5.89869e-07 1.13185e-07 -0.0469367
5.8129e-07 1.13185e-07 -0.0469362
5.89869e-07 1.19649e-07 -0.0469368
5.8129e-07 1.19649e-07 -0.0469363
5.89869e-07 1.26113e-07 -0.0469369
5.8129e-07 1.26113e-07 -0.0469364
5.89869e-07 1.32577e-07 -0.0469369
5.8129e-07 1.32577e-07 -0.0469364
5.89869e-07 1.39041e-07 -0.046937
5.8129e-07 1.39041e-07 -0.0469365
5.89869e-07 1.45505e-07 -0.0469371
5.8129e-07 1.45505e-07 -0.0469366
5.89869e-07 1.51969e-07 -0.0469371
5.8129e-07 1.51969e-07 -0.0469366
5.89869e-07 1.58433e-07 -0.0469372
5.8129e-07 1.58433e-07 -0.0469367
5.89869e-07 1.64897e-07 -0.0469373
5.8129e-07 1.64897e-07 -0.0469368
5.89869e-07 1.71361e-07 -0.0469373
5.8129e-07 1.71361e-07 -0.0469368
5.89869e-07 1.77825e-07 -0.0469374
5.8129e-07 1.77825e-07 -0.0469369
5.89869e-07 1.8429e-07 -0.0469375
5.8129e-07 1.8429e-07 -0.046937
5.89869e-07 1.90754e-07 -0.0469375
5.8129e-07 1.90754e-07 -0.046937
5.89869e-07 1.97218e-07 -0.0469376
5.8129e-07 1.97218e-07 -0.0469371
5.89869e-07 2.03682e-07 -0.0469377
5.8129e-07 2.03682e-07 -0.0469372
