5.8837e-06 7.9913e-06 -0.765465
5.96285e-06 7.9913e-06 -0.765482
5.8837e-06 7.93166e-06 -0.765472
5.96285e-06 7.93166e-06 -0.765489
5.8837e-06 7.87202e-06 -0.76548
5.96285e-06 7.87202e-06 -0.765497
5.8837e-06 7.81239e-06 -0.765487
5.96285e-06 7.81239e-06 -0.765504
5.8837e-06 7.75275e-06 -0.765494
5.96285e-06 7.75275e-06 -0.765512
5.8837e-06 7.69311e-06 -0.765502
5.96285e-06 7.69311e-06 -0.765519
5.8837e-06 7.63348e-06 -0.765509
5.96285e-06 7.63348e-06 -0.765526
5.8837e-06 7.57384e-06 -0.765517
5.96285e-06 7.57384e-06 -0.765534
5.8837e-06 7.5142e-06 -0.765524
5.96285e-06 7.5142e-06 -0.765541
5.8837e-06 7.45457e-06 -0.765531
5.96285e-06 7.45457e-06 -0.765549
5.8837e-06 7.39493e-06 -0.765539
5.96285e-06 7.39493e-06 -0.765556
5.8837e-06 7.33529e-06 -0.765546
5.96285e-06 7.33529e-06 -0.765563
5.8837e-06 7.27566e-06 -0.765553
5.96285e-06 7.27566e-06 -0.765571
5.8837e-06 7.21602e-06 -0.765561
5.96285e-06 7.21602e-06 -0.765578
5.8837e-06 7.15638e-06 -0.765568
5.96285e-06 7.15638e-06 -0.765586
5.8837e-06 7.09675e-06 -0.765576
5.96285e-06 7.09675e-06 -0.765593
5.8837e-06 7.03711e-06 -0.765583
5.96285e-06 7.03711e-06 -0.7656
5.8837e-06 6.97747e-06 -0.76559
5.96285e-06 6.97747e-06 -0.765608
5.8837e-06 6.91784e-06 -0.765598
5.96285e-06 6.91784e-06 -0.765615
5.8837e-06 6.8582e-06 -0.765605
5.96285e-06 6.8582e-06 -0.765622
5.8837e-06 6.79856e-06 -0.765613
5.96285e-06 6.79856e-06 -0.76563
5.8837e-06 6.73893e-06 -0.76562
5.96285e-06 6.73893e-06 -0.765637
5.8837e-06 6.67929e-06 -0.765627
5.96285e-06 6.67929e-06 -0.765645
5.8837e-06 6.61965e-06 -0.765635
5.96285e-06 6.61965e-06 -0.765652
5.8837e-06 6.56002e-06 -0.765642
5.96285e-06 6.56002e-06 -0.765659
5.8837e-06 6.50038e-06 -0.76565
5.96285e-06 6.50038e-06 -0.765667
5.8837e-06 6.44074e-06 -0.765657
5.96285e-06 6.44074e-06 -0.765674
5.8837e-06 6.38111e-06 -0.765664
5.96285e-06 6.38111e-06 -0.765682
5.8837e-06 6.32147e-06 -0.765672
5.96285e-06 6.32147e-06 -0.765689
5.8837e-06 6.26183e-06 -0.765679
5.96285e-06 6.26183e-06 -0.765696
5.8837e-06 6.2022e-06 -0.765687
5.96285e-06 6.2022e-06 -0.765704
5.8837e-06 6.14256e-06 -0.765694
5.96285e-06 6.14256e-06 -0.765711
5.8837e-06 6.08292e-06 -0.765701
5.96285e-06 6.08292e-06 -0.765719
5.8837e-06 6.02329e-06 -0.765709
5.96285e-06 6.02329e-06 -0.765726
5.8837e-06 5.96365e-06 -0.765716
5.96285e-06 5.96365e-06 -0.765733
5.8837e-06 5.90401e-06 -0.765724
5.96285e-06 5.90401e-06 -0.765741
5.8837e-06 5.84438e-06 -0.765731
5.96285e-06 5.84438e-06 -0.765748
5.8837e-06 5.78474e-06 -0.765738
5.96285e-06 5.78474e-06 -0.765756
5.8837e-06 5.7251e-06 -0.765746
5.96285e-06 5.7251e-06 -0.765763
5.8837e-06 5.66547e-06 -0.765753
5.96285e-06 5.66547e-06 -0.76577
5.8837e-06 5.60583e-06 -0.765761
5.96285e-06 5.60583e-06 -0.765778
5.8837e-06 5.54619e-06 -0.765768
5.96285e-06 5.54619e-06 -0.765785
5.8837e-06 5.48656e-06 -0.765775
5.96285e-06 5.48656e-06 -0.765793
5.8837e-06 5.42692e-06 -0.765783
5.96285e-06 5.42692e-06 -0.7658
5.8837e-06 5.36728e-06 -0.76579
5.96285e-06 5.36728e-06 -0.765807
5.8837e-06 5.30765e-06 -0.765798
5.96285e-06 5.30765e-06 -0.765815
5.8837e-06 5.24801e-06 -0.765805
5.96285e-06 5.24801e-06 -0.765822
5.8837e-06 5.18837e-06 -0.765812
5.96285e-06 5.18837e-06 -0.76583
5.8837e-06 5.12874e-06 -0.76582
5.96285e-06 5.12874e-06 -0.765837
5.8837e-06 5.0691e-06 -0.765827
5.96285e-06 5.0691e-06 -0.765844
5.8837e-06 5.00946e-06 -0.765835
5.96285e-06 5.00946e-06 -0.765852
5.8837e-06 4.94983e-06 -0.765842
5.96285e-06 4.94983e-06 -0.765859
5.8837e-06 4.89019e-06 -0.765849
5.96285e-06 4.89019e-06 -0.765867
5.8837e-06 4.83055e-06 -0.765857
5.96285e-06 4.83055e-06 -0.765874
5.8837e-06 4.77091e-06 -0.765864
5.96285e-06 4.77091e-06 -0.765881
5.8837e-06 4.71128e-06 -0.765871
5.96285e-06 4.71128e-06 -0.765889
5.8837e-06 4.65164e-06 -0.765879
5.96285e-06 4.65164e-06 -0.765896
5.8837e-06 4.59201e-06 -0.765886
5.96285e-06 4.59201e-06 -0.765904
5.8837e-06 4.53237e-06 -0.765894
5.96285e-06 4.53237e-06 -0.765911
5.8837e-06 4.47273e-06 -0.765901
5.96285e-06 4.47273e-06 -0.765918
5.8837e-06 4.4131e-06 -0.765908
5.96285e-06 4.4131e-06 -0.765926
5.8837e-06 4.35346e-06 -0.765916
5.96285e-06 4.35346e-06 -0.765933
5.8837e-06 4.29382e-06 -0.765923
5.96285e-06 4.29382e-06 -0.76594
5.8837e-06 4.23419e-06 -0.765931
5.96285e-06 4.23419e-06 -0.765948
5.8837e-06 4.17455e-06 -0.765938
5.96285e-06 4.17455e-06 -0.765955
5.8837e-06 4.11491e-06 -0.765945
5.96285e-06 4.11491e-06 -0.765963
5.8837e-06 4.05527e-06 -0.765953
5.96285e-06 4.05527e-06 -0.76597
5.8837e-06 3.99564e-06 -0.76596
5.96285e-06 3.99564e-06 -0.765977
5.8837e-06 3.936e-06 -0.765968
5.96285e-06 3.936e-06 -0.765985
5.8837e-06 3.87637e-06 -0.765975
5.96285e-06 3.87637e-06 -0.765992
5.8837e-06 3.81673e-06 -0.765982
5.96285e-06 3.81673e-06 -0.766
5.8837e-06 3.75709e-06 -0.76599
5.96285e-06 3.75709e-06 -0.766007
5.8837e-06 3.69745e-06 -0.765997
5.96285e-06 3.69745e-06 -0.766014
5.8837e-06 3.63782e-06 -0.766005
5.96285e-06 3.63782e-06 -0.766022
