5.44743e-05 3.16466e-05 -3.99031
6.34253e-05 3.16466e-05 -3.99033
5.44743e-05 1.8341e-05 -3.99027
6.34253e-05 1.8341e-05 -3.99029
5.44743e-05 5.03538e-06 -3.99023
6.34253e-05 5.03538e-06 -3.99025
5.44743e-05 -8.27023e-06 -3.99019
6.34253e-05 -8.27023e-06 -3.99021
5.44743e-05 -2.15758e-05 -3.99014
6.34253e-05 -2.15758e-05 -3.99016
5.44743e-05 -3.48815e-05 -3.9901
6.34253e-05 -3.48815e-05 -3.99012
5.44743e-05 -4.81871e-05 -3.99006
6.34253e-05 -4.81871e-05 -3.99008
5.44743e-05 -6.14927e-05 -3.99002
6.34253e-05 -6.14927e-05 -3.99004
5.44743e-05 -7.47983e-05 -3.98998
6.34253e-05 -7.47983e-05 -3.99
5.44743e-05 -8.81039e-05 -3.98993
6.34253e-05 -8.81039e-05 -3.98995
5.44743e-05 -0.00010141 -3.98989
6.34253e-05 -0.00010141 -3.98991
5.44743e-05 -0.000114715 -3.98985
6.34253e-05 -0.000114715 -3.98987
5.44743e-05 -0.000128021 -3.98981
6.34253e-05 -0.000128021 -3.98983
5.44743e-05 -0.000141326 -3.98977
6.34253e-05 -0.000141326 -3.98979
5.44743e-05 -0.000154632 -3.98972
6.34253e-05 -0.000154632 -3.98974
5.44743e-05 -0.000167938 -3.98968
6.34253e-05 -0.000167938 -3.9897
5.44743e-05 -0.000181243 -3.98964
6.34253e-05 -0.000181243 -3.98966
5.44743e-05 -0.000194549 -3.9896
6.34253e-05 -0.000194549 -3.98962
5.44743e-05 -0.000207854 -3.98956
6.34253e-05 -0.000207854 -3.98958
5.44743e-05 -0.00022116 -3.98951
6.34253e-05 -0.00022116 -3.98953
5.44743e-05 -0.000234466 -3.98947
6.34253e-05 -0.000234466 -3.98949
5.44743e-05 -0.000247771 -3.98943
6.34253e-05 -0.000247771 -3.98945
5.44743e-05 -0.000261077 -3.98939
6.34253e-05 -0.000261077 -3.98941
5.44743e-05 -0.000274382 -3.98935
6.34253e-05 -0.000274382 -3.98937
5.44743e-05 -0.000287688 -3.9893
6.34253e-05 -0.000287688 -3.98932
5.44743e-05 -0.000300994 -3.98926
6.34253e-05 -0.000300994 -3.98928
5.44743e-05 -0.000314299 -3.98922
6.34253e-05 -0.000314299 -3.98924
5.44743e-05 -0.000327605 -3.98918
6.34253e-05 -0.000327605 -3.9892
5.44743e-05 -0.000340911 -3.98914
6.34253e-05 -0.000340911 -3.98916
5.44743e-05 -0.000354216 -3.98909
6.34253e-05 -0.000354216 -3.98911
5.44743e-05 -0.000367522 -3.98905
6.34253e-05 -0.000367522 -3.98907
5.44743e-05 -0.000380827 -3.98901
6.34253e-05 -0.000380827 -3.98903
5.44743e-05 -0.000394133 -3.98897
6.34253e-05 -0.000394133 -3.98899
5.44743e-05 -0.000407439 -3.98892
6.34253e-05 -0.000407439 -3.98895
5.44743e-05 -0.000420744 -3.98888
6.34253e-05 -0.000420744 -3.9889
5.44743e-05 -0.00043405 -3.98884
6.34253e-05 -0.00043405 -3.98886
5.44743e-05 -0.000447355 -3.9888
6.34253e-05 -0.000447355 -3.98882
5.44743e-05 -0.000460661 -3.98876
6.34253e-05 -0.000460661 -3.98878
