9.81258e-06 5.40807e-05 -0.685585
1.21568e-05 5.40807e-05 -0.685553
9.81258e-06 5.23145e-05 -0.685588
1.21568e-05 5.23145e-05 -0.685556
9.81258e-06 5.05483e-05 -0.685591
1.21568e-05 5.05483e-05 -0.685559
9.81258e-06 4.87821e-05 -0.685594
1.21568e-05 4.87821e-05 -0.685562
9.81258e-06 4.70159e-05 -0.685597
1.21568e-05 4.70159e-05 -0.685565
9.81258e-06 4.52497e-05 -0.6856
1.21568e-05 4.52497e-05 -0.685568
9.81258e-06 4.34835e-05 -0.685603
1.21568e-05 4.34835e-05 -0.685571
9.81258e-06 4.17173e-05 -0.685606
1.21568e-05 4.17173e-05 -0.685574
9.81258e-06 3.99511e-05 -0.685609
1.21568e-05 3.99511e-05 -0.685577
9.81258e-06 3.81849e-05 -0.685612
1.21568e-05 3.81849e-05 -0.68558
9.81258e-06 3.64188e-05 -0.685615
1.21568e-05 3.64188e-05 -0.685583
9.81258e-06 3.46526e-05 -0.685618
1.21568e-05 3.46526e-05 -0.685586
9.81258e-06 3.28864e-05 -0.685621
1.21568e-05 3.28864e-05 -0.685589
9.81258e-06 3.11202e-05 -0.685624
1.21568e-05 3.11202e-05 -0.685592
9.81258e-06 2.9354e-05 -0.685627
1.21568e-05 2.9354e-05 -0.685595
9.81258e-06 2.75878e-05 -0.68563
1.21568e-05 2.75878e-05 -0.685598
9.81258e-06 2.58216e-05 -0.685633
1.21568e-05 2.58216e-05 -0.685601
9.81258e-06 2.40554e-05 -0.685636
1.21568e-05 2.40554e-05 -0.685604
9.81258e-06 2.22892e-05 -0.685639
1.21568e-05 2.22892e-05 -0.685607
9.81258e-06 2.0523e-05 -0.685642
1.21568e-05 2.0523e-05 -0.68561
9.81258e-06 1.87569e-05 -0.685645
1.21568e-05 1.87569e-05 -0.685613
9.81258e-06 1.69907e-05 -0.685648
1.21568e-05 1.69907e-05 -0.685616
9.81258e-06 1.52245e-05 -0.685651
1.21568e-05 1.52245e-05 -0.685619
9.81258e-06 1.34583e-05 -0.685654
1.21568e-05 1.34583e-05 -0.685622
9.81258e-06 1.16921e-05 -0.685657
1.21568e-05 1.16921e-05 -0.685625
9.81258e-06 9.9259e-06 -0.68566
1.21568e-05 9.9259e-06 -0.685628
9.81258e-06 8.15971e-06 -0.685663
1.21568e-05 8.15971e-06 -0.685631
9.81258e-06 6.39352e-06 -0.685666
1.21568e-05 6.39352e-06 -0.685633
9.81258e-06 4.62733e-06 -0.685669
1.21568e-05 4.62733e-06 -0.685636
9.81258e-06 2.86114e-06 -0.685672
1.21568e-05 2.86114e-06 -0.68564
9.81258e-06 1.09495e-06 -0.685675
1.21568e-05 1.09495e-06 -0.685642
9.81258e-06 -6.71241e-07 -0.685678
1.21568e-05 -6.71241e-07 -0.685645
9.81258e-06 -2.43743e-06 -0.685681
1.21568e-05 -2.43743e-06 -0.685648
9.81258e-06 -4.20362e-06 -0.685684
1.21568e-05 -4.20362e-06 -0.685651
9.81258e-06 -5.96981e-06 -0.685687
1.21568e-05 -5.96981e-06 -0.685654
9.81258e-06 -7.736e-06 -0.68569
1.21568e-05 -7.736e-06 -0.685657
9.81258e-06 -9.50219e-06 -0.685693
1.21568e-05 -9.50219e-06 -0.68566
9.81258e-06 -1.12684e-05 -0.685696
1.21568e-05 -1.12684e-05 -0.685663
9.81258e-06 -1.30346e-05 -0.685699
1.21568e-05 -1.30346e-05 -0.685666
9.81258e-06 -1.48008e-05 -0.685702
1.21568e-05 -1.48008e-05 -0.685669
9.81258e-06 -1.6567e-05 -0.685705
1.21568e-05 -1.6567e-05 -0.685672
9.81258e-06 -1.83331e-05 -0.685708
1.21568e-05 -1.83331e-05 -0.685675
9.81258e-06 -2.00993e-05 -0.685711
1.21568e-05 -2.00993e-05 -0.685678
9.81258e-06 -2.18655e-05 -0.685714
1.21568e-05 -2.18655e-05 -0.685681
9.81258e-06 -2.36317e-05 -0.685717
1.21568e-05 -2.36317e-05 -0.685684
9.81258e-06 -2.53979e-05 -0.68572
1.21568e-05 -2.53979e-05 -0.685687
9.81258e-06 -2.71641e-05 -0.685723
1.21568e-05 -2.71641e-05 -0.68569
9.81258e-06 -2.89303e-05 -0.685726
1.21568e-05 -2.89303e-05 -0.685693
9.81258e-06 -3.06965e-05 -0.685728
1.21568e-05 -3.06965e-05 -0.685696
9.81258e-06 -3.24627e-05 -0.685732
1.21568e-05 -3.24627e-05 -0.685699
9.81258e-06 -3.42289e-05 -0.685735
1.21568e-05 -3.42289e-05 -0.685702
9.81258e-06 -3.5995e-05 -0.685737
1.21568e-05 -3.5995e-05 -0.685705
9.81258e-06 -3.77612e-05 -0.68574
1.21568e-05 -3.77612e-05 -0.685708
9.81258e-06 -3.95274e-05 -0.685744
1.21568e-05 -3.95274e-05 -0.685711
9.81258e-06 -4.12936e-05 -0.685746
1.21568e-05 -4.12936e-05 -0.685714
9.81258e-06 -4.30598e-05 -0.685749
1.21568e-05 -4.30598e-05 -0.685717
9.81258e-06 -4.4826e-05 -0.685752
1.21568e-05 -4.4826e-05 -0.68572
9.81258e-06 -4.65922e-05 -0.685755
1.21568e-05 -4.65922e-05 -0.685723
9.81258e-06 -4.83584e-05 -0.685758
1.21568e-05 -4.83584e-05 -0.685726
9.81258e-06 -5.01246e-05 -0.685761
1.21568e-05 -5.01246e-05 -0.685729
9.81258e-06 -5.18908e-05 -0.685764
1.21568e-05 -5.18908e-05 -0.685732
9.81258e-06 -5.3657e-05 -0.685767
1.21568e-05 -5.3657e-05 -0.685735
9.81258e-06 -5.54231e-05 -0.68577
1.21568e-05 -5.54231e-05 -0.685738
9.81258e-06 -5.71893e-05 -0.685773
1.21568e-05 -5.71893e-05 -0.685741
9.81258e-06 -5.89555e-05 -0.685776
1.21568e-05 -5.89555e-05 -0.685744
9.81258e-06 -6.07217e-05 -0.685779
1.21568e-05 -6.07217e-05 -0.685747
9.81258e-06 -6.24879e-05 -0.685782
1.21568e-05 -6.24879e-05 -0.68575
9.81258e-06 -6.42541e-05 -0.685785
1.21568e-05 -6.42541e-05 -0.685753
9.81258e-06 -6.60203e-05 -0.685788
1.21568e-05 -6.60203e-05 -0.685756
9.81258e-06 -6.77865e-05 -0.685791
1.21568e-05 -6.77865e-05 -0.685759
9.81258e-06 -6.95527e-05 -0.685794
1.21568e-05 -6.95527e-05 -0.685762
9.81258e-06 -7.13188e-05 -0.685797
1.21568e-05 -7.13188e-05 -0.685765
9.81258e-06 -7.3085e-05 -0.6858
1.21568e-05 -7.3085e-05 -0.685768
9.81258e-06 -7.48512e-05 -0.685803
1.21568e-05 -7.48512e-05 -0.685771
