3.49567e-06 -5.43466e-06 -0.637749
3.44473e-06 -5.43466e-06 -0.637657
3.49567e-06 -5.39628e-06 -0.63775
3.44473e-06 -5.39628e-06 -0.637658
3.49567e-06 -5.35789e-06 -0.637751
3.44473e-06 -5.35789e-06 -0.63766
3.49567e-06 -5.31951e-06 -0.637752
3.44473e-06 -5.31951e-06 -0.637661
3.49567e-06 -5.28112e-06 -0.637753
3.44473e-06 -5.28112e-06 -0.637662
3.49567e-06 -5.24274e-06 -0.637754
3.44473e-06 -5.24274e-06 -0.637663
3.49567e-06 -5.20435e-06 -0.637755
3.44473e-06 -5.20435e-06 -0.637664
3.49567e-06 -5.16597e-06 -0.637757
3.44473e-06 -5.16597e-06 -0.637665
3.49567e-06 -5.12758e-06 -0.637758
3.44473e-06 -5.12758e-06 -0.637666
3.49567e-06 -5.0892e-06 -0.637759
3.44473e-06 -5.0892e-06 -0.637668
3.49567e-06 -5.05081e-06 -0.63776
3.44473e-06 -5.05081e-06 -0.637669
3.49567e-06 -5.01243e-06 -0.637761
3.44473e-06 -5.01243e-06 -0.63767
3.49567e-06 -4.97404e-06 -0.637762
3.44473e-06 -4.97404e-06 -0.637671
3.49567e-06 -4.93566e-06 -0.637763
3.44473e-06 -4.93566e-06 -0.637672
3.49567e-06 -4.89727e-06 -0.637764
3.44473e-06 -4.89727e-06 -0.637673
3.49567e-06 -4.85889e-06 -0.637766
3.44473e-06 -4.85889e-06 -0.637674
3.49567e-06 -4.8205e-06 -0.637767
3.44473e-06 -4.8205e-06 -0.637675
3.49567e-06 -4.78212e-06 -0.637768
3.44473e-06 -4.78212e-06 -0.637677
3.49567e-06 -4.74373e-06 -0.637769
3.44473e-06 -4.74373e-06 -0.637678
3.49567e-06 -4.70535e-06 -0.63777
3.44473e-06 -4.70535e-06 -0.637679
3.49567e-06 -4.66696e-06 -0.637771
3.44473e-06 -4.66696e-06 -0.63768
3.49567e-06 -4.62857e-06 -0.637772
3.44473e-06 -4.62857e-06 -0.637681
3.49567e-06 -4.59019e-06 -0.637774
3.44473e-06 -4.59019e-06 -0.637682
3.49567e-06 -4.5518e-06 -0.637775
3.44473e-06 -4.5518e-06 -0.637683
3.49567e-06 -4.51342e-06 -0.637776
3.44473e-06 -4.51342e-06 -0.637685
3.49567e-06 -4.47503e-06 -0.637777
3.44473e-06 -4.47503e-06 -0.637686
3.49567e-06 -4.43665e-06 -0.637778
3.44473e-06 -4.43665e-06 -0.637687
3.49567e-06 -4.39826e-06 -0.637779
3.44473e-06 -4.39826e-06 -0.637688
3.49567e-06 -4.35988e-06 -0.63778
3.44473e-06 -4.35988e-06 -0.637689
3.49567e-06 -4.32149e-06 -0.637782
3.44473e-06 -4.32149e-06 -0.63769
3.49567e-06 -4.28311e-06 -0.637783
3.44473e-06 -4.28311e-06 -0.637691
3.49567e-06 -4.24472e-06 -0.637784
3.44473e-06 -4.24472e-06 -0.637693
3.49567e-06 -4.20634e-06 -0.637785
3.44473e-06 -4.20634e-06 -0.637694
3.49567e-06 -4.16795e-06 -0.637786
3.44473e-06 -4.16795e-06 -0.637695
3.49567e-06 -4.12957e-06 -0.637787
3.44473e-06 -4.12957e-06 -0.637696
3.49567e-06 -4.09118e-06 -0.637788
3.44473e-06 -4.09118e-06 -0.637697
3.49567e-06 -4.0528e-06 -0.637789
3.44473e-06 -4.0528e-06 -0.637698
3.49567e-06 -4.01441e-06 -0.637791
3.44473e-06 -4.01441e-06 -0.637699
3.49567e-06 -3.97603e-06 -0.637792
3.44473e-06 -3.97603e-06 -0.6377
3.49567e-06 -3.93764e-06 -0.637793
3.44473e-06 -3.93764e-06 -0.637702
3.49567e-06 -3.89926e-06 -0.637794
3.44473e-06 -3.89926e-06 -0.637703
3.49567e-06 -3.86087e-06 -0.637795
3.44473e-06 -3.86087e-06 -0.637704
3.49567e-06 -3.82249e-06 -0.637796
3.44473e-06 -3.82249e-06 -0.637705
3.49567e-06 -3.7841e-06 -0.637797
3.44473e-06 -3.7841e-06 -0.637706
3.49567e-06 -3.74571e-06 -0.637799
3.44473e-06 -3.74571e-06 -0.637707
3.49567e-06 -3.70733e-06 -0.6378
3.44473e-06 -3.70733e-06 -0.637708
3.49567e-06 -3.66894e-06 -0.637801
3.44473e-06 -3.66894e-06 -0.63771
3.49567e-06 -3.63056e-06 -0.637802
3.44473e-06 -3.63056e-06 -0.637711
3.49567e-06 -3.59217e-06 -0.637803
3.44473e-06 -3.59217e-06 -0.637712
3.49567e-06 -3.55379e-06 -0.637804
3.44473e-06 -3.55379e-06 -0.637713
3.49567e-06 -3.5154e-06 -0.637805
3.44473e-06 -3.5154e-06 -0.637714
3.49567e-06 -3.47702e-06 -0.637807
3.44473e-06 -3.47702e-06 -0.637715
3.49567e-06 -3.43863e-06 -0.637808
3.44473e-06 -3.43863e-06 -0.637716
3.49567e-06 -3.40025e-06 -0.637809
3.44473e-06 -3.40025e-06 -0.637718
3.49567e-06 -3.36186e-06 -0.63781
3.44473e-06 -3.36186e-06 -0.637719
3.49567e-06 -3.32348e-06 -0.637811
3.44473e-06 -3.32348e-06 -0.63772
3.49567e-06 -3.28509e-06 -0.637812
3.44473e-06 -3.28509e-06 -0.637721
3.49567e-06 -3.24671e-06 -0.637813
3.44473e-06 -3.24671e-06 -0.637722
3.49567e-06 -3.20832e-06 -0.637815
3.44473e-06 -3.20832e-06 -0.637723
3.49567e-06 -3.16994e-06 -0.637816
3.44473e-06 -3.16994e-06 -0.637724
3.49567e-06 -3.13155e-06 -0.637817
3.44473e-06 -3.13155e-06 -0.637726
3.49567e-06 -3.09317e-06 -0.637818
3.44473e-06 -3.09317e-06 -0.637727
3.49567e-06 -3.05478e-06 -0.637819
3.44473e-06 -3.05478e-06 -0.637728
3.49567e-06 -3.0164e-06 -0.63782
3.44473e-06 -3.0164e-06 -0.637729
3.49567e-06 -2.97801e-06 -0.637821
3.44473e-06 -2.97801e-06 -0.63773
3.49567e-06 -2.93962e-06 -0.637822
3.44473e-06 -2.93962e-06 -0.637731
3.49567e-06 -2.90124e-06 -0.637824
3.44473e-06 -2.90124e-06 -0.637732
3.49567e-06 -2.86285e-06 -0.637825
3.44473e-06 -2.86285e-06 -0.637733
3.49567e-06 -2.82447e-06 -0.637826
3.44473e-06 -2.82447e-06 -0.637735
3.49567e-06 -2.78608e-06 -0.637827
3.44473e-06 -2.78608e-06 -0.637736
3.49567e-06 -2.7477e-06 -0.637828
3.44473e-06 -2.7477e-06 -0.637737
3.49567e-06 -2.70931e-06 -0.637829
3.44473e-06 -2.70931e-06 -0.637738
3.49567e-06 -2.67093e-06 -0.63783
3.44473e-06 -2.67093e-06 -0.637739
3.49567e-06 -2.63254e-06 -0.637832
3.44473e-06 -2.63254e-06 -0.63774
