3.08995e-06 -7.06089e-06 -0.792558
3.88005e-06 -7.06089e-06 -0.792409
3.08995e-06 -7.65618e-06 -0.792555
3.88005e-06 -7.65618e-06 -0.792405
3.08995e-06 -8.25146e-06 -0.792552
3.88005e-06 -8.25146e-06 -0.792402
3.08995e-06 -8.84674e-06 -0.792549
3.88005e-06 -8.84674e-06 -0.792399
3.08995e-06 -9.44202e-06 -0.792546
3.88005e-06 -9.44202e-06 -0.792396
3.08995e-06 -1.00373e-05 -0.792542
3.88005e-06 -1.00373e-05 -0.792393
3.08995e-06 -1.06326e-05 -0.792539
3.88005e-06 -1.06326e-05 -0.79239
3.08995e-06 -1.12279e-05 -0.792536
3.88005e-06 -1.12279e-05 -0.792387
3.08995e-06 -1.18232e-05 -0.792533
3.88005e-06 -1.18232e-05 -0.792384
3.08995e-06 -1.24184e-05 -0.79253
3.88005e-06 -1.24184e-05 -0.792381
3.08995e-06 -1.30137e-05 -0.792527
3.88005e-06 -1.30137e-05 -0.792378
3.08995e-06 -1.3609e-05 -0.792524
3.88005e-06 -1.3609e-05 -0.792374
3.08995e-06 -1.42043e-05 -0.792521
3.88005e-06 -1.42043e-05 -0.792371
3.08995e-06 -1.47996e-05 -0.792518
3.88005e-06 -1.47996e-05 -0.792368
3.08995e-06 -1.53948e-05 -0.792514
3.88005e-06 -1.53948e-05 -0.792365
3.08995e-06 -1.59901e-05 -0.792511
3.88005e-06 -1.59901e-05 -0.792362
3.08995e-06 -1.65854e-05 -0.792508
3.88005e-06 -1.65854e-05 -0.792359
3.08995e-06 -1.71807e-05 -0.792505
3.88005e-06 -1.71807e-05 -0.792356
3.08995e-06 -1.7776e-05 -0.792502
3.88005e-06 -1.7776e-05 -0.792353
3.08995e-06 -1.83713e-05 -0.792499
3.88005e-06 -1.83713e-05 -0.79235
3.08995e-06 -1.89665e-05 -0.792496
3.88005e-06 -1.89665e-05 -0.792346
3.08995e-06 -1.95618e-05 -0.792493
3.88005e-06 -1.95618e-05 -0.792343
3.08995e-06 -2.01571e-05 -0.79249
3.88005e-06 -2.01571e-05 -0.79234
3.08995e-06 -2.07524e-05 -0.792486
3.88005e-06 -2.07524e-05 -0.792337
3.08995e-06 -2.13477e-05 -0.792483
3.88005e-06 -2.13477e-05 -0.792334
3.08995e-06 -2.19429e-05 -0.79248
3.88005e-06 -2.19429e-05 -0.792331
3.08995e-06 -2.25382e-05 -0.792477
3.88005e-06 -2.25382e-05 -0.792328
3.08995e-06 -2.31335e-05 -0.792474
3.88005e-06 -2.31335e-05 -0.792325
3.08995e-06 -2.37288e-05 -0.792471
3.88005e-06 -2.37288e-05 -0.792322
3.08995e-06 -2.43241e-05 -0.792468
3.88005e-06 -2.43241e-05 -0.792318
3.08995e-06 -2.49194e-05 -0.792465
3.88005e-06 -2.49194e-05 -0.792315
3.08995e-06 -2.55146e-05 -0.792462
3.88005e-06 -2.55146e-05 -0.792312
3.08995e-06 -2.61099e-05 -0.792458
3.88005e-06 -2.61099e-05 -0.792309
3.08995e-06 -2.67052e-05 -0.792455
3.88005e-06 -2.67052e-05 -0.792306
3.08995e-06 -2.73005e-05 -0.792452
3.88005e-06 -2.73005e-05 -0.792303
3.08995e-06 -2.78958e-05 -0.792449
3.88005e-06 -2.78958e-05 -0.7923
3.08995e-06 -2.8491e-05 -0.792446
3.88005e-06 -2.8491e-05 -0.792297
3.08995e-06 -2.90863e-05 -0.792443
3.88005e-06 -2.90863e-05 -0.792294
3.08995e-06 -2.96816e-05 -0.79244
3.88005e-06 -2.96816e-05 -0.79229
3.08995e-06 -3.02769e-05 -0.792437
3.88005e-06 -3.02769e-05 -0.792287
3.08995e-06 -3.08722e-05 -0.792434
3.88005e-06 -3.08722e-05 -0.792284
3.08995e-06 -3.14675e-05 -0.792431
3.88005e-06 -3.14675e-05 -0.792281
3.08995e-06 -3.20627e-05 -0.792427
3.88005e-06 -3.20627e-05 -0.792278
3.08995e-06 -3.2658e-05 -0.792424
3.88005e-06 -3.2658e-05 -0.792275
3.08995e-06 -3.32533e-05 -0.792421
3.88005e-06 -3.32533e-05 -0.792272
3.08995e-06 -3.38486e-05 -0.792418
3.88005e-06 -3.38486e-05 -0.792269
3.08995e-06 -3.44439e-05 -0.792415
3.88005e-06 -3.44439e-05 -0.792266
3.08995e-06 -3.50392e-05 -0.792412
3.88005e-06 -3.50392e-05 -0.792262
3.08995e-06 -3.56344e-05 -0.792409
3.88005e-06 -3.56344e-05 -0.792259
3.08995e-06 -3.62297e-05 -0.792406
3.88005e-06 -3.62297e-05 -0.792256
3.08995e-06 -3.6825e-05 -0.792403
3.88005e-06 -3.6825e-05 -0.792253
3.08995e-06 -3.74203e-05 -0.792399
3.88005e-06 -3.74203e-05 -0.79225
3.08995e-06 -3.80156e-05 -0.792396
3.88005e-06 -3.80156e-05 -0.792247
3.08995e-06 -3.86108e-05 -0.792393
3.88005e-06 -3.86108e-05 -0.792244
3.08995e-06 -3.92061e-05 -0.79239
3.88005e-06 -3.92061e-05 -0.792241
3.08995e-06 -3.98014e-05 -0.792387
3.88005e-06 -3.98014e-05 -0.792238
3.08995e-06 -4.03967e-05 -0.792384
3.88005e-06 -4.03967e-05 -0.792234
3.08995e-06 -4.0992e-05 -0.792381
3.88005e-06 -4.0992e-05 -0.792231
3.08995e-06 -4.15873e-05 -0.792378
3.88005e-06 -4.15873e-05 -0.792228
3.08995e-06 -4.21825e-05 -0.792375
3.88005e-06 -4.21825e-05 -0.792225
3.08995e-06 -4.27778e-05 -0.792371
3.88005e-06 -4.27778e-05 -0.792222
3.08995e-06 -4.33731e-05 -0.792368
3.88005e-06 -4.33731e-05 -0.792219
3.08995e-06 -4.39684e-05 -0.792365
3.88005e-06 -4.39684e-05 -0.792216
3.08995e-06 -4.45637e-05 -0.792362
3.88005e-06 -4.45637e-05 -0.792213
3.08995e-06 -4.51589e-05 -0.792359
3.88005e-06 -4.51589e-05 -0.79221
3.08995e-06 -4.57542e-05 -0.792356
3.88005e-06 -4.57542e-05 -0.792207
3.08995e-06 -4.63495e-05 -0.792353
3.88005e-06 -4.63495e-05 -0.792203
3.08995e-06 -4.69448e-05 -0.79235
3.88005e-06 -4.69448e-05 -0.7922
3.08995e-06 -4.75401e-05 -0.792347
3.88005e-06 -4.75401e-05 -0.792197
3.08995e-06 -4.81354e-05 -0.792343
3.88005e-06 -4.81354e-05 -0.792194
3.08995e-06 -4.87306e-05 -0.79234
3.88005e-06 -4.87306e-05 -0.792191
3.08995e-06 -4.93259e-05 -0.792337
3.88005e-06 -4.93259e-05 -0.792188
3.08995e-06 -4.99212e-05 -0.792334
3.88005e-06 -4.99212e-05 -0.792185
3.08995e-06 -5.05165e-05 -0.792331
3.88005e-06 -5.05165e-05 -0.792182
