-0.00304231 -0.0232441 -1.01227
-0.00316912 -0.0232441 -1.01227
-0.00329593 -0.0232441 -1.01227
-0.00304231 -0.0231173 -1.01227
-0.00316912 -0.0231173 -1.01227
-0.00329593 -0.0231173 -1.01227
-0.00304231 -0.0229905 -1.01227
-0.00316912 -0.0229905 -1.01227
-0.00329593 -0.0229905 -1.01227
-0.00304231 -0.0228637 -1.01227
-0.00316912 -0.0228637 -1.01227
-0.00329593 -0.0228637 -1.01227
-0.00304231 -0.0227369 -1.01226
-0.00316912 -0.0227369 -1.01227
-0.00329593 -0.0227369 -1.01227
-0.00304231 -0.0226101 -1.01226
-0.00316912 -0.0226101 -1.01227
-0.00329593 -0.0226101 -1.01227
-0.00304231 -0.0224833 -1.01226
-0.00316912 -0.0224833 -1.01226
-0.00329593 -0.0224833 -1.01227
-0.00304231 -0.0223565 -1.01226
-0.00316912 -0.0223565 -1.01226
-0.00329593 -0.0223565 -1.01227
-0.00304231 -0.0222296 -1.01226
-0.00316912 -0.0222296 -1.01226
-0.00329593 -0.0222296 -1.01226
-0.00304231 -0.0221028 -1.01226
-0.00316912 -0.0221028 -1.01226
-0.00329593 -0.0221028 -1.01226
-0.00304231 -0.021976 -1.01226
-0.00316912 -0.021976 -1.01226
-0.00329593 -0.021976 -1.01226
-0.00304231 -0.0218492 -1.01226
-0.00316912 -0.0218492 -1.01226
-0.00329593 -0.0218492 -1.01226
-0.00304231 -0.0217224 -1.01226
-0.00316912 -0.0217224 -1.01226
-0.00329593 -0.0217224 -1.01226
-0.00304231 -0.0215956 -1.01226
-0.00316912 -0.0215956 -1.01226
-0.00329593 -0.0215956 -1.01226
-0.00304231 -0.0214688 -1.01226
-0.00316912 -0.0214688 -1.01226
-0.00329593 -0.0214688 -1.01226
-0.00304231 -0.021342 -1.01226
-0.00316912 -0.021342 -1.01226
-0.00329593 -0.021342 -1.01226
-0.00304231 -0.0212151 -1.01226
-0.00316912 -0.0212151 -1.01226
-0.00329593 -0.0212151 -1.01226
-0.00304231 -0.0210883 -1.01226
-0.00316912 -0.0210883 -1.01226
-0.00329593 -0.0210883 -1.01226
-0.00304231 -0.0209615 -1.01226
-0.00316912 -0.0209615 -1.01226
-0.00329593 -0.0209615 -1.01226
-0.00304231 -0.0208347 -1.01226
-0.00316912 -0.0208347 -1.01226
-0.00329593 -0.0208347 -1.01226
-0.00304231 -0.0207079 -1.01226
-0.00316912 -0.0207079 -1.01226
-0.00329593 -0.0207079 -1.01226
-0.00304231 -0.0205811 -1.01226
-0.00316912 -0.0205811 -1.01226
-0.00329593 -0.0205811 -1.01226
-0.00304231 -0.0204543 -1.01226
-0.00316912 -0.0204543 -1.01226
-0.00329593 -0.0204543 -1.01226
-0.00304231 -0.0203275 -1.01226
-0.00316912 -0.0203275 -1.01226
-0.00329593 -0.0203275 -1.01226
-0.00304231 -0.0202006 -1.01225
-0.00316912 -0.0202006 -1.01226
-0.00329593 -0.0202006 -1.01226
-0.00304231 -0.0200738 -1.01225
-0.00316912 -0.0200738 -1.01226
-0.00329593 -0.0200738 -1.01226
-0.00304231 -0.019947 -1.01225
-0.00316912 -0.019947 -1.01225
-0.00329593 -0.019947 -1.01226
-0.00304231 -0.0198202 -1.01225
-0.00316912 -0.0198202 -1.01225
-0.00329593 -0.0198202 -1.01226
-0.00304231 -0.0196934 -1.01225
-0.00316912 -0.0196934 -1.01225
-0.00329593 -0.0196934 -1.01225
-0.00304231 -0.0195666 -1.01225
-0.00316912 -0.0195666 -1.01225
-0.00329593 -0.0195666 -1.01225
-0.00304231 -0.0194398 -1.01225
-0.00316912 -0.0194398 -1.01225
-0.00329593 -0.0194398 -1.01225
-0.00304231 -0.019313 -1.01225
-0.00316912 -0.019313 -1.01225
-0.00329593 -0.019313 -1.01225
-0.00304231 -0.0191861 -1.01225
-0.00316912 -0.0191861 -1.01225
-0.00329593 -0.0191861 -1.01225
-0.00304231 -0.0190593 -1.01225
-0.00316912 -0.0190593 -1.01225
-0.00329593 -0.0190593 -1.01225
-0.00304231 -0.0189325 -1.01225
-0.00316912 -0.0189325 -1.01225
-0.00329593 -0.0189325 -1.01225
-0.00304231 -0.0188057 -1.01225
-0.00316912 -0.0188057 -1.01225
-0.00329593 -0.0188057 -1.01225
-0.00304231 -0.0186789 -1.01225
-0.00316912 -0.0186789 -1.01225
-0.00329593 -0.0186789 -1.01225
-0.00304231 -0.0185521 -1.01225
-0.00316912 -0.0185521 -1.01225
-0.00329593 -0.0185521 -1.01225
-0.00304231 -0.0184253 -1.01225
-0.00316912 -0.0184253 -1.01225
-0.00329593 -0.0184253 -1.01225
-0.00304231 -0.0182985 -1.01225
-0.00316912 -0.0182985 -1.01225
-0.00329593 -0.0182985 -1.01225
-0.00304231 -0.0181716 -1.01225
-0.00316912 -0.0181716 -1.01225
-0.00329593 -0.0181716 -1.01225
-0.00304231 -0.0180448 -1.01225
-0.00316912 -0.0180448 -1.01225
-0.00329593 -0.0180448 -1.01225
-0.00304231 -0.017918 -1.01225
-0.00316912 -0.017918 -1.01225
-0.00329593 -0.017918 -1.01225
-0.00304231 -0.0177912 -1.01225
-0.00316912 -0.0177912 -1.01225
-0.00329593 -0.0177912 -1.01225
-0.00304231 -0.0176644 -1.01225
-0.00316912 -0.0176644 -1.01225
-0.00329593 -0.0176644 -1.01225
-0.00304231 -0.0175376 -1.01224
-0.00316912 -0.0175376 -1.01225
-0.00329593 -0.0175376 -1.01225
-0.00304231 -0.0174108 -1.01224
-0.00316912 -0.0174108 -1.01224
-0.00329593 -0.0174108 -1.01225
-0.00304231 -0.017284 -1.01224
-0.00316912 -0.017284 -1.01224
-0.00329593 -0.017284 -1.01225
-0.00304231 -0.0171571 -1.01224
-0.00316912 -0.0171571 -1.01224
-0.00329593 -0.0171571 -1.01224
-0.00304231 -0.0170303 -1.01224
-0.00316912 -0.0170303 -1.01224
-0.00329593 -0.0170303 -1.01224
-0.00304231 -0.0169035 -1.01224
-0.00316912 -0.0169035 -1.01224
-0.00329593 -0.0169035 -1.01224
-0.00304231 -0.0167767 -1.01224
-0.00316912 -0.0167767 -1.01224
-0.00329593 -0.0167767 -1.01224
-0.00304231 -0.0166499 -1.01224
-0.00316912 -0.0166499 -1.01224
-0.00329593 -0.0166499 -1.01224
-0.00304231 -0.0165231 -1.01224
-0.00316912 -0.0165231 -1.01224
-0.00329593 -0.0165231 -1.01224
-0.00304231 -0.0163963 -1.01224
-0.00316912 -0.0163963 -1.01224
-0.00329593 -0.0163963 -1.01224
-0.00304231 -0.0162695 -1.01224
-0.00316912 -0.0162695 -1.01224
-0.00329593 -0.0162695 -1.01224
-0.00304231 -0.0161426 -1.01224
-0.00316912 -0.0161426 -1.01224
-0.00329593 -0.0161426 -1.01224
-0.00304231 -0.0160158 -1.01224
-0.00316912 -0.0160158 -1.01224
-0.00329593 -0.0160158 -1.01224
-0.00304231 -0.015889 -1.01224
-0.00316912 -0.015889 -1.01224
-0.00329593 -0.015889 -1.01224
-0.00304231 -0.0157622 -1.01224
-0.00316912 -0.0157622 -1.01224
-0.00329593 -0.0157622 -1.01224
-0.00304231 -0.0156354 -1.01224
-0.00316912 -0.0156354 -1.01224
-0.00329593 -0.0156354 -1.01224
-0.00304231 -0.0155086 -1.01224
-0.00316912 -0.0155086 -1.01224
-0.00329593 -0.0155086 -1.01224
-0.00304231 -0.0153818 -1.01224
-0.00316912 -0.0153818 -1.01224
-0.00329593 -0.0153818 -1.01224
-0.00304231 -0.015255 -1.01224
-0.00316912 -0.015255 -1.01224
-0.00329593 -0.015255 -1.01224
-0.00304231 -0.0151281 -1.01224
-0.00316912 -0.0151281 -1.01224
-0.00329593 -0.0151281 -1.01224
-0.00304231 -0.0150013 -1.01223
-0.00316912 -0.0150013 -1.01224
-0.00329593 -0.0150013 -1.01224
-0.00304231 -0.0148745 -1.01223
-0.00316912 -0.0148745 -1.01224
-0.00329593 -0.0148745 -1.01224
-0.00304231 -0.0147477 -1.01223
-0.00316912 -0.0147477 -1.01223
-0.00329593 -0.0147477 -1.01224
-0.00304231 -0.0146209 -1.01223
-0.00316912 -0.0146209 -1.01223
-0.00329593 -0.0146209 -1.01223
-0.00304231 -0.0144941 -1.01223
-0.00316912 -0.0144941 -1.01223
-0.00329593 -0.0144941 -1.01223
-0.00304231 -0.0143673 -1.01223
-0.00316912 -0.0143673 -1.01223
-0.00329593 -0.0143673 -1.01223
-0.00304231 -0.0142405 -1.01223
-0.00316912 -0.0142405 -1.01223
-0.00329593 -0.0142405 -1.01223
-0.00304231 -0.0141137 -1.01223
-0.00316912 -0.0141137 -1.01223
-0.00329593 -0.0141137 -1.01223
-0.00304231 -0.0139868 -1.01223
-0.00316912 -0.0139868 -1.01223
-0.00329593 -0.0139868 -1.01223
-0.00304231 -0.01386 -1.01223
-0.00316912 -0.01386 -1.01223
-0.00329593 -0.01386 -1.01223
-0.00304231 -0.0137332 -1.01223
-0.00316912 -0.0137332 -1.01223
-0.00329593 -0.0137332 -1.01223
-0.00304231 -0.0136064 -1.01223
-0.00316912 -0.0136064 -1.01223
-0.00329593 -0.0136064 -1.01223
-0.00304231 -0.0134796 -1.01223
-0.00316912 -0.0134796 -1.01223
-0.00329593 -0.0134796 -1.01223
-0.00304231 -0.0133528 -1.01223
-0.00316912 -0.0133528 -1.01223
-0.00329593 -0.0133528 -1.01223
-0.00304231 -0.013226 -1.01223
-0.00316912 -0.013226 -1.01223
-0.00329593 -0.013226 -1.01223
-0.00304231 -0.0130992 -1.01223
-0.00316912 -0.0130992 -1.01223
-0.00329593 -0.0130992 -1.01223
-0.00304231 -0.0129723 -1.01223
-0.00316912 -0.0129723 -1.01223
-0.00329593 -0.0129723 -1.01223
-0.00304231 -0.0128455 -1.01223
-0.00316912 -0.0128455 -1.01223
-0.00329593 -0.0128455 -1.01223
-0.00304231 -0.0127187 -1.01223
-0.00316912 -0.0127187 -1.01223
-0.00329593 -0.0127187 -1.01223
-0.00304231 -0.0125919 -1.01223
-0.00316912 -0.0125919 -1.01223
-0.00329593 -0.0125919 -1.01223
-0.00304231 -0.0124651 -1.01222
-0.00316912 -0.0124651 -1.01223
-0.00329593 -0.0124651 -1.01223
-0.00304231 -0.0123383 -1.01222
-0.00316912 -0.0123383 -1.01223
-0.00329593 -0.0123383 -1.01223
-0.00304231 -0.0122115 -1.01222
-0.00316912 -0.0122115 -1.01222
-0.00329593 -0.0122115 -1.01223
-0.00304231 -0.0120847 -1.01222
-0.00316912 -0.0120847 -1.01222
-0.00329593 -0.0120847 -1.01223
-0.00304231 -0.0119578 -1.01222
-0.00316912 -0.0119578 -1.01222
-0.00329593 -0.0119578 -1.01222
-0.00304231 -0.011831 -1.01222
-0.00316912 -0.011831 -1.01222
-0.00329593 -0.011831 -1.01222
-0.00304231 -0.0117042 -1.01222
-0.00316912 -0.0117042 -1.01222
-0.00329593 -0.0117042 -1.01222
-0.00304231 -0.0115774 -1.01222
-0.00316912 -0.0115774 -1.01222
-0.00329593 -0.0115774 -1.01222
-0.00304231 -0.0114506 -1.01222
-0.00316912 -0.0114506 -1.01222
-0.00329593 -0.0114506 -1.01222
-0.00304231 -0.0113238 -1.01222
-0.00316912 -0.0113238 -1.01222
-0.00329593 -0.0113238 -1.01222
-0.00304231 -0.011197 -1.01222
-0.00316912 -0.011197 -1.01222
-0.00329593 -0.011197 -1.01222
-0.00304231 -0.0110702 -1.01222
-0.00316912 -0.0110702 -1.01222
-0.00329593 -0.0110702 -1.01222
-0.00304231 -0.0109433 -1.01222
-0.00316912 -0.0109433 -1.01222
-0.00329593 -0.0109433 -1.01222
-0.00304231 -0.0108165 -1.01222
-0.00316912 -0.0108165 -1.01222
-0.00329593 -0.0108165 -1.01222
-0.00304231 -0.0106897 -1.01222
-0.00316912 -0.0106897 -1.01222
-0.00329593 -0.0106897 -1.01222
-0.00304231 -0.0105629 -1.01222
-0.00316912 -0.0105629 -1.01222
-0.00329593 -0.0105629 -1.01222
-0.00304231 -0.0104361 -1.01222
-0.00316912 -0.0104361 -1.01222
-0.00329593 -0.0104361 -1.01222
-0.00304231 -0.0103093 -1.01222
-0.00316912 -0.0103093 -1.01222
-0.00329593 -0.0103093 -1.01222
-0.00304231 -0.0101825 -1.01222
-0.00316912 -0.0101825 -1.01222
-0.00329593 -0.0101825 -1.01222
-0.00304231 -0.0100557 -1.01222
-0.00316912 -0.0100557 -1.01222
-0.00329593 -0.0100557 -1.01222
-0.00304231 -0.00992884 -1.01221
-0.00316912 -0.00992884 -1.01222
-0.00329593 -0.00992884 -1.01222
-0.00304231 -0.00980203 -1.01221
-0.00316912 -0.00980203 -1.01222
-0.00329593 -0.00980203 -1.01222
-0.00304231 -0.00967521 -1.01221
-0.00316912 -0.00967521 -1.01221
-0.00329593 -0.00967521 -1.01222
-0.00304231 -0.0095484 -1.01221
-0.00316912 -0.0095484 -1.01221
-0.00329593 -0.0095484 -1.01222
-0.00304231 -0.00942159 -1.01221
-0.00316912 -0.00942159 -1.01221
-0.00329593 -0.00942159 -1.01221
-0.00304231 -0.00929478 -1.01221
-0.00316912 -0.00929478 -1.01221
-0.00329593 -0.00929478 -1.01221
