-0.00305086 -0.029888 -1.01058
-0.00304939 -0.029888 -1.01058
-0.00304792 -0.029888 -1.01059
-0.00305086 -0.0298895 -1.01058
-0.00304939 -0.0298895 -1.01058
-0.00304792 -0.0298895 -1.01059
-0.00305086 -0.029891 -1.01058
-0.00304939 -0.029891 -1.01058
-0.00304792 -0.029891 -1.01059
-0.00305086 -0.0298924 -1.01058
-0.00304939 -0.0298924 -1.01058
-0.00304792 -0.0298924 -1.01059
-0.00305086 -0.0298939 -1.01058
-0.00304939 -0.0298939 -1.01058
-0.00304792 -0.0298939 -1.01059
-0.00305086 -0.0298954 -1.01058
-0.00304939 -0.0298954 -1.01058
-0.00304792 -0.0298954 -1.01059
-0.00305086 -0.0298968 -1.01058
-0.00304939 -0.0298968 -1.01058
-0.00304792 -0.0298968 -1.01059
-0.00305086 -0.0298983 -1.01058
-0.00304939 -0.0298983 -1.01058
-0.00304792 -0.0298983 -1.01059
-0.00305086 -0.0298998 -1.01058
-0.00304939 -0.0298998 -1.01058
-0.00304792 -0.0298998 -1.01059
-0.00305086 -0.0299013 -1.01058
-0.00304939 -0.0299013 -1.01058
-0.00304792 -0.0299013 -1.01059
-0.00305086 -0.0299027 -1.01058
-0.00304939 -0.0299027 -1.01058
-0.00304792 -0.0299027 -1.01059
-0.00305086 -0.0299042 -1.01058
-0.00304939 -0.0299042 -1.01058
-0.00304792 -0.0299042 -1.01059
-0.00305086 -0.0299057 -1.01058
-0.00304939 -0.0299057 -1.01058
-0.00304792 -0.0299057 -1.01059
-0.00305086 -0.0299071 -1.01058
-0.00304939 -0.0299071 -1.01058
-0.00304792 -0.0299071 -1.01059
-0.00305086 -0.0299086 -1.01058
-0.00304939 -0.0299086 -1.01058
-0.00304792 -0.0299086 -1.01059
-0.00305086 -0.0299101 -1.01058
-0.00304939 -0.0299101 -1.01058
-0.00304792 -0.0299101 -1.01059
-0.00305086 -0.0299115 -1.01058
-0.00304939 -0.0299115 -1.01058
-0.00304792 -0.0299115 -1.01059
-0.00305086 -0.029913 -1.01058
-0.00304939 -0.029913 -1.01058
-0.00304792 -0.029913 -1.01059
-0.00305086 -0.0299145 -1.01058
-0.00304939 -0.0299145 -1.01058
-0.00304792 -0.0299145 -1.01059
-0.00305086 -0.0299159 -1.01058
-0.00304939 -0.0299159 -1.01058
-0.00304792 -0.0299159 -1.01059
-0.00305086 -0.0299174 -1.01058
-0.00304939 -0.0299174 -1.01058
-0.00304792 -0.0299174 -1.01059
-0.00305086 -0.0299189 -1.01058
-0.00304939 -0.0299189 -1.01058
-0.00304792 -0.0299189 -1.01059
-0.00305086 -0.0299203 -1.01058
-0.00304939 -0.0299203 -1.01058
-0.00304792 -0.0299203 -1.01059
-0.00305086 -0.0299218 -1.01058
-0.00304939 -0.0299218 -1.01058
-0.00304792 -0.0299218 -1.01059
-0.00305086 -0.0299233 -1.01058
-0.00304939 -0.0299233 -1.01058
-0.00304792 -0.0299233 -1.01059
-0.00305086 -0.0299248 -1.01058
-0.00304939 -0.0299248 -1.01058
-0.00304792 -0.0299248 -1.01059
-0.00305086 -0.0299262 -1.01058
-0.00304939 -0.0299262 -1.01058
-0.00304792 -0.0299262 -1.01059
-0.00305086 -0.0299277 -1.01058
-0.00304939 -0.0299277 -1.01058
-0.00304792 -0.0299277 -1.01059
-0.00305086 -0.0299292 -1.01058
-0.00304939 -0.0299292 -1.01058
-0.00304792 -0.0299292 -1.01059
-0.00305086 -0.0299306 -1.01058
-0.00304939 -0.0299306 -1.01058
-0.00304792 -0.0299306 -1.01059
-0.00305086 -0.0299321 -1.01058
-0.00304939 -0.0299321 -1.01058
-0.00304792 -0.0299321 -1.01059
-0.00305086 -0.0299336 -1.01058
-0.00304939 -0.0299336 -1.01059
-0.00304792 -0.0299336 -1.01059
-0.00305086 -0.029935 -1.01058
-0.00304939 -0.029935 -1.01059
-0.00304792 -0.029935 -1.01059
-0.00305086 -0.0299365 -1.01058
-0.00304939 -0.0299365 -1.01059
-0.00304792 -0.0299365 -1.01059
-0.00305086 -0.029938 -1.01058
-0.00304939 -0.029938 -1.01059
-0.00304792 -0.029938 -1.01059
-0.00305086 -0.0299394 -1.01058
-0.00304939 -0.0299394 -1.01059
-0.00304792 -0.0299394 -1.01059
-0.00305086 -0.0299409 -1.01058
-0.00304939 -0.0299409 -1.01059
-0.00304792 -0.0299409 -1.01059
-0.00305086 -0.0299424 -1.01058
-0.00304939 -0.0299424 -1.01059
-0.00304792 -0.0299424 -1.01059
-0.00305086 -0.0299438 -1.01058
-0.00304939 -0.0299438 -1.01059
-0.00304792 -0.0299438 -1.01059
-0.00305086 -0.0299453 -1.01058
-0.00304939 -0.0299453 -1.01059
-0.00304792 -0.0299453 -1.01059
-0.00305086 -0.0299468 -1.01058
-0.00304939 -0.0299468 -1.01059
-0.00304792 -0.0299468 -1.01059
-0.00305086 -0.0299483 -1.01058
-0.00304939 -0.0299483 -1.01059
-0.00304792 -0.0299483 -1.01059
-0.00305086 -0.0299497 -1.01058
-0.00304939 -0.0299497 -1.01059
-0.00304792 -0.0299497 -1.01059
-0.00305086 -0.0299512 -1.01058
-0.00304939 -0.0299512 -1.01059
-0.00304792 -0.0299512 -1.01059
-0.00305086 -0.0299527 -1.01058
-0.00304939 -0.0299527 -1.01059
-0.00304792 -0.0299527 -1.01059
-0.00305086 -0.0299541 -1.01058
-0.00304939 -0.0299541 -1.01059
-0.00304792 -0.0299541 -1.01059
-0.00305086 -0.0299556 -1.01058
-0.00304939 -0.0299556 -1.01059
-0.00304792 -0.0299556 -1.01059
-0.00305086 -0.0299571 -1.01058
-0.00304939 -0.0299571 -1.01059
-0.00304792 -0.0299571 -1.01059
-0.00305086 -0.0299585 -1.01058
-0.00304939 -0.0299585 -1.01059
-0.00304792 -0.0299585 -1.01059
-0.00305086 -0.02996 -1.01058
-0.00304939 -0.02996 -1.01059
-0.00304792 -0.02996 -1.01059
-0.00305086 -0.0299615 -1.01058
-0.00304939 -0.0299615 -1.01059
-0.00304792 -0.0299615 -1.01059
-0.00305086 -0.0299629 -1.01058
-0.00304939 -0.0299629 -1.01059
-0.00304792 -0.0299629 -1.01059
-0.00305086 -0.0299644 -1.01058
-0.00304939 -0.0299644 -1.01059
-0.00304792 -0.0299644 -1.01059
-0.00305086 -0.0299659 -1.01058
-0.00304939 -0.0299659 -1.01059
-0.00304792 -0.0299659 -1.01059
-0.00305086 -0.0299673 -1.01058
-0.00304939 -0.0299673 -1.01059
-0.00304792 -0.0299673 -1.01059
-0.00305086 -0.0299688 -1.01058
-0.00304939 -0.0299688 -1.01059
-0.00304792 -0.0299688 -1.01059
-0.00305086 -0.0299703 -1.01058
-0.00304939 -0.0299703 -1.01059
-0.00304792 -0.0299703 -1.01059
-0.00305086 -0.0299718 -1.01058
-0.00304939 -0.0299718 -1.01059
-0.00304792 -0.0299718 -1.01059
-0.00305086 -0.0299732 -1.01058
-0.00304939 -0.0299732 -1.01059
-0.00304792 -0.0299732 -1.01059
-0.00305086 -0.0299747 -1.01058
-0.00304939 -0.0299747 -1.01059
-0.00304792 -0.0299747 -1.01059
-0.00305086 -0.0299762 -1.01058
-0.00304939 -0.0299762 -1.01059
-0.00304792 -0.0299762 -1.01059
-0.00305086 -0.0299776 -1.01058
-0.00304939 -0.0299776 -1.01059
-0.00304792 -0.0299776 -1.01059
-0.00305086 -0.0299791 -1.01058
-0.00304939 -0.0299791 -1.01059
-0.00304792 -0.0299791 -1.01059
-0.00305086 -0.0299806 -1.01058
-0.00304939 -0.0299806 -1.01059
-0.00304792 -0.0299806 -1.01059
-0.00305086 -0.029982 -1.01058
-0.00304939 -0.029982 -1.01059
-0.00304792 -0.029982 -1.01059
-0.00305086 -0.0299835 -1.01058
-0.00304939 -0.0299835 -1.01059
-0.00304792 -0.0299835 -1.01059
-0.00305086 -0.029985 -1.01058
-0.00304939 -0.029985 -1.01059
-0.00304792 -0.029985 -1.01059
-0.00305086 -0.0299864 -1.01058
-0.00304939 -0.0299864 -1.01059
-0.00304792 -0.0299864 -1.01059
-0.00305086 -0.0299879 -1.01058
-0.00304939 -0.0299879 -1.01059
-0.00304792 -0.0299879 -1.01059
-0.00305086 -0.0299894 -1.01059
-0.00304939 -0.0299894 -1.01059
-0.00304792 -0.0299894 -1.01059
-0.00305086 -0.0299908 -1.01059
-0.00304939 -0.0299908 -1.01059
-0.00304792 -0.0299908 -1.01059
-0.00305086 -0.0299923 -1.01059
-0.00304939 -0.0299923 -1.01059
-0.00304792 -0.0299923 -1.01059
-0.00305086 -0.0299938 -1.01059
-0.00304939 -0.0299938 -1.01059
-0.00304792 -0.0299938 -1.01059
-0.00305086 -0.0299953 -1.01059
-0.00304939 -0.0299953 -1.01059
-0.00304792 -0.0299953 -1.01059
-0.00305086 -0.0299967 -1.01059
-0.00304939 -0.0299967 -1.01059
-0.00304792 -0.0299967 -1.01059
-0.00305086 -0.0299982 -1.01059
-0.00304939 -0.0299982 -1.01059
-0.00304792 -0.0299982 -1.01059
-0.00305086 -0.0299997 -1.01059
-0.00304939 -0.0299997 -1.01059
-0.00304792 -0.0299997 -1.01059
-0.00305086 -0.0300011 -1.01059
-0.00304939 -0.0300011 -1.01059
-0.00304792 -0.0300011 -1.01059
-0.00305086 -0.0300026 -1.01059
-0.00304939 -0.0300026 -1.01059
-0.00304792 -0.0300026 -1.0106
-0.00305086 -0.0300041 -1.01059
-0.00304939 -0.0300041 -1.01059
-0.00304792 -0.0300041 -1.0106
-0.00305086 -0.0300055 -1.01059
-0.00304939 -0.0300055 -1.01059
-0.00304792 -0.0300055 -1.0106
-0.00305086 -0.030007 -1.01059
-0.00304939 -0.030007 -1.01059
-0.00304792 -0.030007 -1.0106
-0.00305086 -0.0300085 -1.01059
-0.00304939 -0.0300085 -1.01059
-0.00304792 -0.0300085 -1.0106
-0.00305086 -0.0300099 -1.01059
-0.00304939 -0.0300099 -1.01059
-0.00304792 -0.0300099 -1.0106
-0.00305086 -0.0300114 -1.01059
-0.00304939 -0.0300114 -1.01059
-0.00304792 -0.0300114 -1.0106
-0.00305086 -0.0300129 -1.01059
-0.00304939 -0.0300129 -1.01059
-0.00304792 -0.0300129 -1.0106
-0.00305086 -0.0300143 -1.01059
-0.00304939 -0.0300143 -1.01059
-0.00304792 -0.0300143 -1.0106
-0.00305086 -0.0300158 -1.01059
-0.00304939 -0.0300158 -1.01059
-0.00304792 -0.0300158 -1.0106
-0.00305086 -0.0300173 -1.01059
-0.00304939 -0.0300173 -1.01059
-0.00304792 -0.0300173 -1.0106
-0.00305086 -0.0300188 -1.01059
-0.00304939 -0.0300188 -1.01059
-0.00304792 -0.0300188 -1.0106
-0.00305086 -0.0300202 -1.01059
-0.00304939 -0.0300202 -1.01059
-0.00304792 -0.0300202 -1.0106
-0.00305086 -0.0300217 -1.01059
-0.00304939 -0.0300217 -1.01059
-0.00304792 -0.0300217 -1.0106
-0.00305086 -0.0300232 -1.01059
-0.00304939 -0.0300232 -1.01059
-0.00304792 -0.0300232 -1.0106
-0.00305086 -0.0300246 -1.01059
-0.00304939 -0.0300246 -1.01059
-0.00304792 -0.0300246 -1.0106
-0.00305086 -0.0300261 -1.01059
-0.00304939 -0.0300261 -1.01059
-0.00304792 -0.0300261 -1.0106
-0.00305086 -0.0300276 -1.01059
-0.00304939 -0.0300276 -1.01059
-0.00304792 -0.0300276 -1.0106
-0.00305086 -0.030029 -1.01059
-0.00304939 -0.030029 -1.01059
-0.00304792 -0.030029 -1.0106
-0.00305086 -0.0300305 -1.01059
-0.00304939 -0.0300305 -1.01059
-0.00304792 -0.0300305 -1.0106
-0.00305086 -0.030032 -1.01059
-0.00304939 -0.030032 -1.01059
-0.00304792 -0.030032 -1.0106
-0.00305086 -0.0300334 -1.01059
-0.00304939 -0.0300334 -1.01059
-0.00304792 -0.0300334 -1.0106
-0.00305086 -0.0300349 -1.01059
-0.00304939 -0.0300349 -1.01059
-0.00304792 -0.0300349 -1.0106
-0.00305086 -0.0300364 -1.01059
-0.00304939 -0.0300364 -1.01059
-0.00304792 -0.0300364 -1.0106
-0.00305086 -0.0300378 -1.01059
-0.00304939 -0.0300378 -1.01059
-0.00304792 -0.0300378 -1.0106
-0.00305086 -0.0300393 -1.01059
-0.00304939 -0.0300393 -1.01059
-0.00304792 -0.0300393 -1.0106
-0.00305086 -0.0300408 -1.01059
-0.00304939 -0.0300408 -1.01059
-0.00304792 -0.0300408 -1.0106
-0.00305086 -0.0300423 -1.01059
-0.00304939 -0.0300423 -1.01059
-0.00304792 -0.0300423 -1.0106
-0.00305086 -0.0300437 -1.01059
-0.00304939 -0.0300437 -1.01059
-0.00304792 -0.0300437 -1.0106
-0.00305086 -0.0300452 -1.01059
-0.00304939 -0.0300452 -1.01059
-0.00304792 -0.0300452 -1.0106
-0.00305086 -0.0300467 -1.01059
-0.00304939 -0.0300467 -1.01059
-0.00304792 -0.0300467 -1.0106
-0.00305086 -0.0300481 -1.01059
-0.00304939 -0.0300481 -1.01059
-0.00304792 -0.0300481 -1.0106
-0.00305086 -0.0300496 -1.01059
-0.00304939 -0.0300496 -1.01059
-0.00304792 -0.0300496 -1.0106
