0.012922 0.0351867 -0.998803
0.0133718 0.0351867 -0.998804
0.0138216 0.0351867 -0.998804
0.012922 0.0347369 -0.998804
0.0133718 0.0347369 -0.998805
0.0138216 0.0347369 -0.998805
0.012922 0.0342871 -0.998805
0.0133718 0.0342871 -0.998805
0.0138216 0.0342871 -0.998806
0.012922 0.0338373 -0.998806
0.0133718 0.0338373 -0.998806
0.0138216 0.0338373 -0.998807
0.012922 0.0333875 -0.998807
0.0133718 0.0333875 -0.998807
0.0138216 0.0333875 -0.998808
0.012922 0.0329377 -0.998807
0.0133718 0.0329377 -0.998808
0.0138216 0.0329377 -0.998808
0.012922 0.0324879 -0.998808
0.0133718 0.0324879 -0.998809
0.0138216 0.0324879 -0.998809
0.012922 0.0320381 -0.998809
0.0133718 0.0320381 -0.99881
0.0138216 0.0320381 -0.99881
0.012922 0.0315883 -0.99881
0.0133718 0.0315883 -0.99881
0.0138216 0.0315883 -0.998811
0.012922 0.0311385 -0.998811
0.0133718 0.0311385 -0.998811
0.0138216 0.0311385 -0.998812
0.012922 0.0306887 -0.998811
0.0133718 0.0306887 -0.998812
0.0138216 0.0306887 -0.998812
0.012922 0.0302389 -0.998812
0.0133718 0.0302389 -0.998813
0.0138216 0.0302389 -0.998813
0.012922 0.0297891 -0.998813
0.0133718 0.0297891 -0.998814
0.0138216 0.0297891 -0.998814
0.012922 0.0293393 -0.998814
0.0133718 0.0293393 -0.998814
0.0138216 0.0293393 -0.998815
0.012922 0.0288895 -0.998815
0.0133718 0.0288895 -0.998815
0.0138216 0.0288895 -0.998816
0.012922 0.0284397 -0.998815
0.0133718 0.0284397 -0.998816
0.0138216 0.0284397 -0.998817
0.012922 0.0279899 -0.998816
0.0133718 0.0279899 -0.998817
0.0138216 0.0279899 -0.998817
0.012922 0.0275401 -0.998817
0.0133718 0.0275401 -0.998818
0.0138216 0.0275401 -0.998818
0.012922 0.0270903 -0.998818
0.0133718 0.0270903 -0.998818
0.0138216 0.0270903 -0.998819
0.012922 0.0266405 -0.998819
0.0133718 0.0266405 -0.998819
0.0138216 0.0266405 -0.99882
0.012922 0.0261907 -0.99882
0.0133718 0.0261907 -0.99882
0.0138216 0.0261907 -0.998821
0.012922 0.0257409 -0.99882
0.0133718 0.0257409 -0.998821
0.0138216 0.0257409 -0.998821
0.012922 0.0252911 -0.998821
0.0133718 0.0252911 -0.998822
0.0138216 0.0252911 -0.998822
0.012922 0.0248413 -0.998822
0.0133718 0.0248413 -0.998823
0.0138216 0.0248413 -0.998823
0.012922 0.0243915 -0.998823
0.0133718 0.0243915 -0.998823
0.0138216 0.0243915 -0.998824
0.012922 0.0239417 -0.998824
0.0133718 0.0239417 -0.998824
0.0138216 0.0239417 -0.998825
0.012922 0.0234919 -0.998824
0.0133718 0.0234919 -0.998825
0.0138216 0.0234919 -0.998825
0.012922 0.0230421 -0.998825
0.0133718 0.0230421 -0.998826
0.0138216 0.0230421 -0.998826
0.012922 0.0225923 -0.998826
0.0133718 0.0225923 -0.998827
0.0138216 0.0225923 -0.998827
0.012922 0.0221425 -0.998827
0.0133718 0.0221425 -0.998827
0.0138216 0.0221425 -0.998828
0.012922 0.0216927 -0.998828
0.0133718 0.0216927 -0.998828
0.0138216 0.0216927 -0.998829
0.012922 0.0212429 -0.998828
0.0133718 0.0212429 -0.998829
0.0138216 0.0212429 -0.99883
0.012922 0.0207931 -0.998829
0.0133718 0.0207931 -0.99883
0.0138216 0.0207931 -0.99883
0.012922 0.0203433 -0.99883
0.0133718 0.0203433 -0.998831
0.0138216 0.0203433 -0.998831
0.012922 0.0198935 -0.998831
0.0133718 0.0198935 -0.998831
0.0138216 0.0198935 -0.998832
0.012922 0.0194437 -0.998832
0.0133718 0.0194437 -0.998832
0.0138216 0.0194437 -0.998833
0.012922 0.0189939 -0.998833
0.0133718 0.0189939 -0.998833
0.0138216 0.0189939 -0.998834
0.012922 0.0185441 -0.998833
0.0133718 0.0185441 -0.998834
0.0138216 0.0185441 -0.998834
0.012922 0.0180943 -0.998834
0.0133718 0.0180943 -0.998835
0.0138216 0.0180943 -0.998835
0.012922 0.0176446 -0.998835
0.0133718 0.0176446 -0.998836
0.0138216 0.0176446 -0.998836
0.012922 0.0171948 -0.998836
0.0133718 0.0171948 -0.998836
0.0138216 0.0171948 -0.998837
0.012922 0.016745 -0.998837
0.0133718 0.016745 -0.998837
0.0138216 0.016745 -0.998838
0.012922 0.0162952 -0.998837
0.0133718 0.0162952 -0.998838
0.0138216 0.0162952 -0.998838
0.012922 0.0158454 -0.998838
0.0133718 0.0158454 -0.998839
0.0138216 0.0158454 -0.998839
0.012922 0.0153956 -0.998839
0.0133718 0.0153956 -0.99884
0.0138216 0.0153956 -0.99884
0.012922 0.0149458 -0.99884
0.0133718 0.0149458 -0.99884
0.0138216 0.0149458 -0.998841
0.012922 0.014496 -0.998841
0.0133718 0.014496 -0.998841
0.0138216 0.014496 -0.998842
0.012922 0.0140462 -0.998841
0.0133718 0.0140462 -0.998842
0.0138216 0.0140462 -0.998843
0.012922 0.0135964 -0.998842
0.0133718 0.0135964 -0.998843
0.0138216 0.0135964 -0.998843
0.012922 0.0131466 -0.998843
0.0133718 0.0131466 -0.998844
0.0138216 0.0131466 -0.998844
0.012922 0.0126968 -0.998844
0.0133718 0.0126968 -0.998844
0.0138216 0.0126968 -0.998845
0.012922 0.012247 -0.998845
0.0133718 0.012247 -0.998845
0.0138216 0.012247 -0.998846
0.012922 0.0117972 -0.998846
0.0133718 0.0117972 -0.998846
0.0138216 0.0117972 -0.998847
0.012922 0.0113474 -0.998846
0.0133718 0.0113474 -0.998847
0.0138216 0.0113474 -0.998847
0.012922 0.0108976 -0.998847
0.0133718 0.0108976 -0.998848
0.0138216 0.0108976 -0.998848
0.012922 0.0104478 -0.998848
0.0133718 0.0104478 -0.998848
0.0138216 0.0104478 -0.998849
0.012922 0.00999799 -0.998849
0.0133718 0.00999799 -0.998849
0.0138216 0.00999799 -0.99885
0.012922 0.00954819 -0.99885
0.0133718 0.00954819 -0.99885
0.0138216 0.00954819 -0.998851
0.012922 0.00909839 -0.99885
0.0133718 0.00909839 -0.998851
0.0138216 0.00909839 -0.998851
0.012922 0.00864859 -0.998851
0.0133718 0.00864859 -0.998852
0.0138216 0.00864859 -0.998852
0.012922 0.00819879 -0.998852
0.0133718 0.00819879 -0.998853
0.0138216 0.00819879 -0.998853
0.012922 0.007749 -0.998853
0.0133718 0.007749 -0.998853
0.0138216 0.007749 -0.998854
0.012922 0.0072992 -0.998854
0.0133718 0.0072992 -0.998854
0.0138216 0.0072992 -0.998855
0.012922 0.0068494 -0.998854
0.0133718 0.0068494 -0.998855
0.0138216 0.0068494 -0.998856
0.012922 0.0063996 -0.998855
0.0133718 0.0063996 -0.998856
0.0138216 0.0063996 -0.998856
0.012922 0.0059498 -0.998856
0.0133718 0.0059498 -0.998857
0.0138216 0.0059498 -0.998857
0.012922 0.00550001 -0.998857
0.0133718 0.00550001 -0.998857
0.0138216 0.00550001 -0.998858
0.012922 0.00505021 -0.998858
0.0133718 0.00505021 -0.998858
0.0138216 0.00505021 -0.998859
0.012922 0.00460041 -0.998859
0.0133718 0.00460041 -0.998859
0.0138216 0.00460041 -0.99886
0.012922 0.00415061 -0.998859
0.0133718 0.00415061 -0.99886
0.0138216 0.00415061 -0.99886
0.012922 0.00370082 -0.99886
0.0133718 0.00370082 -0.998861
0.0138216 0.00370082 -0.998861
0.012922 0.00325102 -0.998861
0.0133718 0.00325102 -0.998861
0.0138216 0.00325102 -0.998862
0.012922 0.00280122 -0.998862
0.0133718 0.00280122 -0.998862
0.0138216 0.00280122 -0.998863
0.012922 0.00235142 -0.998863
0.0133718 0.00235142 -0.998863
0.0138216 0.00235142 -0.998864
0.012922 0.00190162 -0.998863
0.0133718 0.00190162 -0.998864
0.0138216 0.00190162 -0.998864
0.012922 0.00145183 -0.998864
0.0133718 0.00145183 -0.998865
0.0138216 0.00145183 -0.998865
0.012922 0.00100203 -0.998865
0.0133718 0.00100203 -0.998866
0.0138216 0.00100203 -0.998866
0.012922 0.00055223 -0.998866
0.0133718 0.00055223 -0.998866
0.0138216 0.00055223 -0.998867
0.012922 0.000102432 -0.998867
0.0133718 0.000102432 -0.998867
0.0138216 0.000102432 -0.998868
0.012922 -0.000347366 -0.998867
0.0133718 -0.000347366 -0.998868
0.0138216 -0.000347366 -0.998869
0.012922 -0.000797164 -0.998868
0.0133718 -0.000797164 -0.998869
0.0138216 -0.000797164 -0.998869
0.012922 -0.00124696 -0.998869
0.0133718 -0.00124696 -0.99887
0.0138216 -0.00124696 -0.99887
0.012922 -0.00169676 -0.99887
0.0133718 -0.00169676 -0.99887
0.0138216 -0.00169676 -0.998871
0.012922 -0.00214656 -0.998871
0.0133718 -0.00214656 -0.998871
0.0138216 -0.00214656 -0.998872
0.012922 -0.00259636 -0.998872
0.0133718 -0.00259636 -0.998872
0.0138216 -0.00259636 -0.998873
0.012922 -0.00304615 -0.998872
0.0133718 -0.00304615 -0.998873
0.0138216 -0.00304615 -0.998873
0.012922 -0.00349595 -0.998873
0.0133718 -0.00349595 -0.998874
0.0138216 -0.00349595 -0.998874
0.012922 -0.00394575 -0.998874
0.0133718 -0.00394575 -0.998874
0.0138216 -0.00394575 -0.998875
0.012922 -0.00439555 -0.998875
0.0133718 -0.00439555 -0.998875
0.0138216 -0.00439555 -0.998876
0.012922 -0.00484534 -0.998876
0.0133718 -0.00484534 -0.998876
0.0138216 -0.00484534 -0.998877
0.012922 -0.00529514 -0.998876
0.0133718 -0.00529514 -0.998877
0.0138216 -0.00529514 -0.998877
0.012922 -0.00574494 -0.998877
0.0133718 -0.00574494 -0.998878
0.0138216 -0.00574494 -0.998878
0.012922 -0.00619474 -0.998878
0.0133718 -0.00619474 -0.998879
0.0138216 -0.00619474 -0.998879
0.012922 -0.00664454 -0.998879
0.0133718 -0.00664454 -0.998879
0.0138216 -0.00664454 -0.99888
0.012922 -0.00709433 -0.99888
0.0133718 -0.00709433 -0.99888
0.0138216 -0.00709433 -0.998881
0.012922 -0.00754413 -0.99888
0.0133718 -0.00754413 -0.998881
0.0138216 -0.00754413 -0.998882
0.012922 -0.00799393 -0.998881
0.0133718 -0.00799393 -0.998882
0.0138216 -0.00799393 -0.998882
0.012922 -0.00844373 -0.998882
0.0133718 -0.00844373 -0.998883
0.0138216 -0.00844373 -0.998883
0.012922 -0.00889353 -0.998883
0.0133718 -0.00889353 -0.998883
0.0138216 -0.00889353 -0.998884
0.012922 -0.00934332 -0.998884
0.0133718 -0.00934332 -0.998884
0.0138216 -0.00934332 -0.998885
0.012922 -0.00979312 -0.998884
0.0133718 -0.00979312 -0.998885
0.0138216 -0.00979312 -0.998886
0.012922 -0.0102429 -0.998885
0.0133718 -0.0102429 -0.998886
0.0138216 -0.0102429 -0.998886
0.012922 -0.0106927 -0.998886
0.0133718 -0.0106927 -0.998887
0.0138216 -0.0106927 -0.998887
0.012922 -0.0111425 -0.998887
0.0133718 -0.0111425 -0.998887
0.0138216 -0.0111425 -0.998888
0.012922 -0.0115923 -0.998888
0.0133718 -0.0115923 -0.998888
0.0138216 -0.0115923 -0.998889
0.012922 -0.0120421 -0.998889
0.0133718 -0.0120421 -0.998889
0.0138216 -0.0120421 -0.99889
0.012922 -0.0124919 -0.998889
0.0133718 -0.0124919 -0.99889
0.0138216 -0.0124919 -0.99889
0.012922 -0.0129417 -0.99889
0.0133718 -0.0129417 -0.998891
0.0138216 -0.0129417 -0.998891
0.012922 -0.0133915 -0.998891
0.0133718 -0.0133915 -0.998892
0.0138216 -0.0133915 -0.998892
0.012922 -0.0138413 -0.998892
0.0133718 -0.0138413 -0.998892
0.0138216 -0.0138413 -0.998893
0.012922 -0.0142911 -0.998893
0.0133718 -0.0142911 -0.998893
0.0138216 -0.0142911 -0.998894
