-0.0143247 -0.00255533 -1.01969
-0.0145238 -0.00255533 -1.01969
-0.0147228 -0.00255533 -1.01969
-0.0143247 -0.00235627 -1.01969
-0.0145238 -0.00235627 -1.01969
-0.0147228 -0.00235627 -1.01969
-0.0143247 -0.00215721 -1.01969
-0.0145238 -0.00215721 -1.01969
-0.0147228 -0.00215721 -1.01969
-0.0143247 -0.00195815 -1.01969
-0.0145238 -0.00195815 -1.01969
-0.0147228 -0.00195815 -1.01969
-0.0143247 -0.0017591 -1.01969
-0.0145238 -0.0017591 -1.01969
-0.0147228 -0.0017591 -1.01969
-0.0143247 -0.00156004 -1.01969
-0.0145238 -0.00156004 -1.01969
-0.0147228 -0.00156004 -1.01969
-0.0143247 -0.00136098 -1.01969
-0.0145238 -0.00136098 -1.01969
-0.0147228 -0.00136098 -1.01969
-0.0143247 -0.00116192 -1.01969
-0.0145238 -0.00116192 -1.01969
-0.0147228 -0.00116192 -1.01969
-0.0143247 -0.000962861 -1.01969
-0.0145238 -0.000962861 -1.01969
-0.0147228 -0.000962861 -1.01969
-0.0143247 -0.000763803 -1.01969
-0.0145238 -0.000763803 -1.01969
-0.0147228 -0.000763803 -1.01969
-0.0143247 -0.000564744 -1.01969
-0.0145238 -0.000564744 -1.01969
-0.0147228 -0.000564744 -1.01969
-0.0143247 -0.000365686 -1.01969
-0.0145238 -0.000365686 -1.01969
-0.0147228 -0.000365686 -1.01969
-0.0143247 -0.000166627 -1.01969
-0.0145238 -0.000166627 -1.01969
-0.0147228 -0.000166627 -1.01969
-0.0143247 3.2431e-05 -1.01969
-0.0145238 3.2431e-05 -1.01969
-0.0147228 3.2431e-05 -1.01969
-0.0143247 0.000231489 -1.01969
-0.0145238 0.000231489 -1.01969
-0.0147228 0.000231489 -1.01969
-0.0143247 0.000430548 -1.01969
-0.0145238 0.000430548 -1.01969
-0.0147228 0.000430548 -1.01969
-0.0143247 0.000629606 -1.01969
-0.0145238 0.000629606 -1.01969
-0.0147228 0.000629606 -1.01969
-0.0143247 0.000828665 -1.01969
-0.0145238 0.000828665 -1.01969
-0.0147228 0.000828665 -1.01969
-0.0143247 0.00102772 -1.01969
-0.0145238 0.00102772 -1.01969
-0.0147228 0.00102772 -1.01969
-0.0143247 0.00122678 -1.01969
-0.0145238 0.00122678 -1.01969
-0.0147228 0.00122678 -1.01969
-0.0143247 0.00142584 -1.01969
-0.0145238 0.00142584 -1.01969
-0.0147228 0.00142584 -1.01969
-0.0143247 0.0016249 -1.01969
-0.0145238 0.0016249 -1.01969
-0.0147228 0.0016249 -1.01969
-0.0143247 0.00182396 -1.01969
-0.0145238 0.00182396 -1.01969
-0.0147228 0.00182396 -1.01969
-0.0143247 0.00202302 -1.01969
-0.0145238 0.00202302 -1.01969
-0.0147228 0.00202302 -1.01969
-0.0143247 0.00222207 -1.01969
-0.0145238 0.00222207 -1.01969
-0.0147228 0.00222207 -1.01969
-0.0143247 0.00242113 -1.01969
-0.0145238 0.00242113 -1.01969
-0.0147228 0.00242113 -1.01969
-0.0143247 0.00262019 -1.01969
-0.0145238 0.00262019 -1.01969
-0.0147228 0.00262019 -1.01969
-0.0143247 0.00281925 -1.01969
-0.0145238 0.00281925 -1.01969
-0.0147228 0.00281925 -1.01969
-0.0143247 0.00301831 -1.01968
-0.0145238 0.00301831 -1.01969
-0.0147228 0.00301831 -1.01969
-0.0143247 0.00321737 -1.01968
-0.0145238 0.00321737 -1.01969
-0.0147228 0.00321737 -1.01969
-0.0143247 0.00341642 -1.01968
-0.0145238 0.00341642 -1.01969
-0.0147228 0.00341642 -1.01969
-0.0143247 0.00361548 -1.01968
-0.0145238 0.00361548 -1.01969
-0.0147228 0.00361548 -1.01969
-0.0143247 0.00381454 -1.01968
-0.0145238 0.00381454 -1.01969
-0.0147228 0.00381454 -1.01969
-0.0143247 0.0040136 -1.01968
-0.0145238 0.0040136 -1.01969
-0.0147228 0.0040136 -1.01969
-0.0143247 0.00421266 -1.01968
-0.0145238 0.00421266 -1.01969
-0.0147228 0.00421266 -1.01969
-0.0143247 0.00441172 -1.01968
-0.0145238 0.00441172 -1.01969
-0.0147228 0.00441172 -1.01969
-0.0143247 0.00461078 -1.01968
-0.0145238 0.00461078 -1.01969
-0.0147228 0.00461078 -1.01969
-0.0143247 0.00480983 -1.01968
-0.0145238 0.00480983 -1.01969
-0.0147228 0.00480983 -1.01969
-0.0143247 0.00500889 -1.01968
-0.0145238 0.00500889 -1.01969
-0.0147228 0.00500889 -1.01969
-0.0143247 0.00520795 -1.01968
-0.0145238 0.00520795 -1.01969
-0.0147228 0.00520795 -1.01969
-0.0143247 0.00540701 -1.01968
-0.0145238 0.00540701 -1.01969
-0.0147228 0.00540701 -1.01969
-0.0143247 0.00560607 -1.01968
-0.0145238 0.00560607 -1.01969
-0.0147228 0.00560607 -1.01969
-0.0143247 0.00580513 -1.01968
-0.0145238 0.00580513 -1.01969
-0.0147228 0.00580513 -1.01969
-0.0143247 0.00600418 -1.01968
-0.0145238 0.00600418 -1.01969
-0.0147228 0.00600418 -1.01969
-0.0143247 0.00620324 -1.01968
-0.0145238 0.00620324 -1.01969
-0.0147228 0.00620324 -1.01969
-0.0143247 0.0064023 -1.01968
-0.0145238 0.0064023 -1.01969
-0.0147228 0.0064023 -1.01969
-0.0143247 0.00660136 -1.01968
-0.0145238 0.00660136 -1.01969
-0.0147228 0.00660136 -1.01969
-0.0143247 0.00680042 -1.01968
-0.0145238 0.00680042 -1.01969
-0.0147228 0.00680042 -1.01969
-0.0143247 0.00699948 -1.01968
-0.0145238 0.00699948 -1.01969
-0.0147228 0.00699948 -1.01969
-0.0143247 0.00719853 -1.01968
-0.0145238 0.00719853 -1.01969
-0.0147228 0.00719853 -1.01969
-0.0143247 0.00739759 -1.01968
-0.0145238 0.00739759 -1.01969
-0.0147228 0.00739759 -1.01969
-0.0143247 0.00759665 -1.01968
-0.0145238 0.00759665 -1.01969
-0.0147228 0.00759665 -1.01969
-0.0143247 0.00779571 -1.01968
-0.0145238 0.00779571 -1.01969
-0.0147228 0.00779571 -1.01969
-0.0143247 0.00799477 -1.01968
-0.0145238 0.00799477 -1.01969
-0.0147228 0.00799477 -1.01969
-0.0143247 0.00819383 -1.01968
-0.0145238 0.00819383 -1.01969
-0.0147228 0.00819383 -1.01969
-0.0143247 0.00839289 -1.01968
-0.0145238 0.00839289 -1.01969
-0.0147228 0.00839289 -1.01969
-0.0143247 0.00859194 -1.01968
-0.0145238 0.00859194 -1.01969
-0.0147228 0.00859194 -1.01969
-0.0143247 0.008791 -1.01968
-0.0145238 0.008791 -1.01969
-0.0147228 0.008791 -1.01969
-0.0143247 0.00899006 -1.01968
-0.0145238 0.00899006 -1.01969
-0.0147228 0.00899006 -1.01969
-0.0143247 0.00918912 -1.01968
-0.0145238 0.00918912 -1.01969
-0.0147228 0.00918912 -1.01969
-0.0143247 0.00938818 -1.01968
-0.0145238 0.00938818 -1.01969
-0.0147228 0.00938818 -1.01969
-0.0143247 0.00958724 -1.01968
-0.0145238 0.00958724 -1.01969
-0.0147228 0.00958724 -1.01969
-0.0143247 0.00978629 -1.01968
-0.0145238 0.00978629 -1.01969
-0.0147228 0.00978629 -1.01969
-0.0143247 0.00998535 -1.01968
-0.0145238 0.00998535 -1.01969
-0.0147228 0.00998535 -1.01969
-0.0143247 0.0101844 -1.01968
-0.0145238 0.0101844 -1.01969
-0.0147228 0.0101844 -1.01969
-0.0143247 0.0103835 -1.01968
-0.0145238 0.0103835 -1.01969
-0.0147228 0.0103835 -1.01969
-0.0143247 0.0105825 -1.01968
-0.0145238 0.0105825 -1.01969
-0.0147228 0.0105825 -1.01969
-0.0143247 0.0107816 -1.01968
-0.0145238 0.0107816 -1.01969
-0.0147228 0.0107816 -1.01969
-0.0143247 0.0109806 -1.01968
-0.0145238 0.0109806 -1.01969
-0.0147228 0.0109806 -1.01969
-0.0143247 0.0111797 -1.01968
-0.0145238 0.0111797 -1.01969
-0.0147228 0.0111797 -1.01969
-0.0143247 0.0113788 -1.01968
-0.0145238 0.0113788 -1.01969
-0.0147228 0.0113788 -1.01969
-0.0143247 0.0115778 -1.01968
-0.0145238 0.0115778 -1.01969
-0.0147228 0.0115778 -1.01969
-0.0143247 0.0117769 -1.01968
-0.0145238 0.0117769 -1.01969
-0.0147228 0.0117769 -1.01969
-0.0143247 0.0119759 -1.01968
-0.0145238 0.0119759 -1.01969
-0.0147228 0.0119759 -1.01969
-0.0143247 0.012175 -1.01968
-0.0145238 0.012175 -1.01969
-0.0147228 0.012175 -1.01969
-0.0143247 0.0123741 -1.01968
-0.0145238 0.0123741 -1.01969
-0.0147228 0.0123741 -1.01969
-0.0143247 0.0125731 -1.01968
-0.0145238 0.0125731 -1.01969
-0.0147228 0.0125731 -1.01969
-0.0143247 0.0127722 -1.01968
-0.0145238 0.0127722 -1.01969
-0.0147228 0.0127722 -1.01969
-0.0143247 0.0129712 -1.01968
-0.0145238 0.0129712 -1.01969
-0.0147228 0.0129712 -1.01969
-0.0143247 0.0131703 -1.01968
-0.0145238 0.0131703 -1.01969
-0.0147228 0.0131703 -1.01969
-0.0143247 0.0133693 -1.01968
-0.0145238 0.0133693 -1.01969
-0.0147228 0.0133693 -1.01969
-0.0143247 0.0135684 -1.01968
-0.0145238 0.0135684 -1.01969
-0.0147228 0.0135684 -1.01969
-0.0143247 0.0137675 -1.01968
-0.0145238 0.0137675 -1.01969
-0.0147228 0.0137675 -1.01969
-0.0143247 0.0139665 -1.01968
-0.0145238 0.0139665 -1.01969
-0.0147228 0.0139665 -1.01969
-0.0143247 0.0141656 -1.01968
-0.0145238 0.0141656 -1.01969
-0.0147228 0.0141656 -1.01969
-0.0143247 0.0143646 -1.01968
-0.0145238 0.0143646 -1.01969
-0.0147228 0.0143646 -1.01969
-0.0143247 0.0145637 -1.01968
-0.0145238 0.0145637 -1.01969
-0.0147228 0.0145637 -1.01969
-0.0143247 0.0147628 -1.01968
-0.0145238 0.0147628 -1.01969
-0.0147228 0.0147628 -1.01969
-0.0143247 0.0149618 -1.01968
-0.0145238 0.0149618 -1.01969
-0.0147228 0.0149618 -1.01969
-0.0143247 0.0151609 -1.01968
-0.0145238 0.0151609 -1.01969
-0.0147228 0.0151609 -1.01969
-0.0143247 0.0153599 -1.01968
-0.0145238 0.0153599 -1.01969
-0.0147228 0.0153599 -1.01969
-0.0143247 0.015559 -1.01968
-0.0145238 0.015559 -1.01969
-0.0147228 0.015559 -1.01969
-0.0143247 0.015758 -1.01968
-0.0145238 0.015758 -1.01969
-0.0147228 0.015758 -1.01969
-0.0143247 0.0159571 -1.01968
-0.0145238 0.0159571 -1.01969
-0.0147228 0.0159571 -1.01969
-0.0143247 0.0161562 -1.01968
-0.0145238 0.0161562 -1.01969
-0.0147228 0.0161562 -1.01969
-0.0143247 0.0163552 -1.01968
-0.0145238 0.0163552 -1.01969
-0.0147228 0.0163552 -1.01969
-0.0143247 0.0165543 -1.01968
-0.0145238 0.0165543 -1.01969
-0.0147228 0.0165543 -1.01969
-0.0143247 0.0167533 -1.01968
-0.0145238 0.0167533 -1.01969
-0.0147228 0.0167533 -1.01969
-0.0143247 0.0169524 -1.01968
-0.0145238 0.0169524 -1.01969
-0.0147228 0.0169524 -1.01969
-0.0143247 0.0171515 -1.01968
-0.0145238 0.0171515 -1.01969
-0.0147228 0.0171515 -1.01969
-0.0143247 0.0173505 -1.01968
-0.0145238 0.0173505 -1.01969
-0.0147228 0.0173505 -1.01969
-0.0143247 0.0175496 -1.01968
-0.0145238 0.0175496 -1.01969
-0.0147228 0.0175496 -1.01969
-0.0143247 0.0177486 -1.01968
-0.0145238 0.0177486 -1.01969
-0.0147228 0.0177486 -1.01969
-0.0143247 0.0179477 -1.01968
-0.0145238 0.0179477 -1.01969
-0.0147228 0.0179477 -1.01969
-0.0143247 0.0181467 -1.01968
-0.0145238 0.0181467 -1.01969
-0.0147228 0.0181467 -1.01969
-0.0143247 0.0183458 -1.01968
-0.0145238 0.0183458 -1.01969
-0.0147228 0.0183458 -1.01969
-0.0143247 0.0185449 -1.01968
-0.0145238 0.0185449 -1.01969
-0.0147228 0.0185449 -1.01969
-0.0143247 0.0187439 -1.01968
-0.0145238 0.0187439 -1.01969
-0.0147228 0.0187439 -1.01969
-0.0143247 0.018943 -1.01968
-0.0145238 0.018943 -1.01969
-0.0147228 0.018943 -1.01969
-0.0143247 0.019142 -1.01968
-0.0145238 0.019142 -1.01969
-0.0147228 0.019142 -1.01969
-0.0143247 0.0193411 -1.01968
-0.0145238 0.0193411 -1.01969
-0.0147228 0.0193411 -1.01969
