-0.00288289 0.036257 -0.996125
-0.00306895 0.036257 -0.996127
-0.003255 0.036257 -0.99613
-0.00288289 0.0364431 -0.996125
-0.00306895 0.0364431 -0.996128
-0.003255 0.0364431 -0.99613
-0.00288289 0.0366291 -0.996125
-0.00306895 0.0366291 -0.996128
-0.003255 0.0366291 -0.996131
-0.00288289 0.0368152 -0.996126
-0.00306895 0.0368152 -0.996128
-0.003255 0.0368152 -0.996131
-0.00288289 0.0370012 -0.996126
-0.00306895 0.0370012 -0.996129
-0.003255 0.0370012 -0.996132
-0.00288289 0.0371873 -0.996127
-0.00306895 0.0371873 -0.996129
-0.003255 0.0371873 -0.996132
-0.00288289 0.0373734 -0.996127
-0.00306895 0.0373734 -0.99613
-0.003255 0.0373734 -0.996132
-0.00288289 0.0375594 -0.996127
-0.00306895 0.0375594 -0.99613
-0.003255 0.0375594 -0.996133
-0.00288289 0.0377455 -0.996128
-0.00306895 0.0377455 -0.996131
-0.003255 0.0377455 -0.996133
-0.00288289 0.0379315 -0.996128
-0.00306895 0.0379315 -0.996131
-0.003255 0.0379315 -0.996134
-0.00288289 0.0381176 -0.996129
-0.00306895 0.0381176 -0.996131
-0.003255 0.0381176 -0.996134
-0.00288289 0.0383036 -0.996129
-0.00306895 0.0383036 -0.996132
-0.003255 0.0383036 -0.996134
-0.00288289 0.0384897 -0.996129
-0.00306895 0.0384897 -0.996132
-0.003255 0.0384897 -0.996135
-0.00288289 0.0386757 -0.99613
-0.00306895 0.0386757 -0.996133
-0.003255 0.0386757 -0.996135
-0.00288289 0.0388618 -0.99613
-0.00306895 0.0388618 -0.996133
-0.003255 0.0388618 -0.996136
-0.00288289 0.0390479 -0.996131
-0.00306895 0.0390479 -0.996133
-0.003255 0.0390479 -0.996136
-0.00288289 0.0392339 -0.996131
-0.00306895 0.0392339 -0.996134
-0.003255 0.0392339 -0.996137
-0.00288289 0.03942 -0.996131
-0.00306895 0.03942 -0.996134
-0.003255 0.03942 -0.996137
-0.00288289 0.039606 -0.996132
-0.00306895 0.039606 -0.996135
-0.003255 0.039606 -0.996137
-0.00288289 0.0397921 -0.996132
-0.00306895 0.0397921 -0.996135
-0.003255 0.0397921 -0.996138
-0.00288289 0.0399781 -0.996133
-0.00306895 0.0399781 -0.996135
-0.003255 0.0399781 -0.996138
-0.00288289 0.0401642 -0.996133
-0.00306895 0.0401642 -0.996136
-0.003255 0.0401642 -0.996139
-0.00288289 0.0403503 -0.996134
-0.00306895 0.0403503 -0.996136
-0.003255 0.0403503 -0.996139
-0.00288289 0.0405363 -0.996134
-0.00306895 0.0405363 -0.996137
-0.003255 0.0405363 -0.996139
-0.00288289 0.0407224 -0.996134
-0.00306895 0.0407224 -0.996137
-0.003255 0.0407224 -0.99614
-0.00288289 0.0409084 -0.996135
-0.00306895 0.0409084 -0.996137
-0.003255 0.0409084 -0.99614
-0.00288289 0.0410945 -0.996135
-0.00306895 0.0410945 -0.996138
-0.003255 0.0410945 -0.996141
-0.00288289 0.0412805 -0.996136
-0.00306895 0.0412805 -0.996138
-0.003255 0.0412805 -0.996141
-0.00288289 0.0414666 -0.996136
-0.00306895 0.0414666 -0.996139
-0.003255 0.0414666 -0.996141
-0.00288289 0.0416526 -0.996136
-0.00306895 0.0416526 -0.996139
-0.003255 0.0416526 -0.996142
-0.00288289 0.0418387 -0.996137
-0.00306895 0.0418387 -0.99614
-0.003255 0.0418387 -0.996142
-0.00288289 0.0420248 -0.996137
-0.00306895 0.0420248 -0.99614
-0.003255 0.0420248 -0.996143
-0.00288289 0.0422108 -0.996138
-0.00306895 0.0422108 -0.99614
-0.003255 0.0422108 -0.996143
-0.00288289 0.0423969 -0.996138
-0.00306895 0.0423969 -0.996141
-0.003255 0.0423969 -0.996144
-0.00288289 0.0425829 -0.996138
-0.00306895 0.0425829 -0.996141
-0.003255 0.0425829 -0.996144
-0.00288289 0.042769 -0.996139
-0.00306895 0.042769 -0.996142
-0.003255 0.042769 -0.996144
-0.00288289 0.042955 -0.996139
-0.00306895 0.042955 -0.996142
-0.003255 0.042955 -0.996145
-0.00288289 0.0431411 -0.99614
-0.00306895 0.0431411 -0.996142
-0.003255 0.0431411 -0.996145
-0.00288289 0.0433271 -0.99614
-0.00306895 0.0433271 -0.996143
-0.003255 0.0433271 -0.996146
-0.00288289 0.0435132 -0.996141
-0.00306895 0.0435132 -0.996143
-0.003255 0.0435132 -0.996146
-0.00288289 0.0436993 -0.996141
-0.00306895 0.0436993 -0.996144
-0.003255 0.0436993 -0.996146
-0.00288289 0.0438853 -0.996141
-0.00306895 0.0438853 -0.996144
-0.003255 0.0438853 -0.996147
-0.00288289 0.0440714 -0.996142
-0.00306895 0.0440714 -0.996144
-0.003255 0.0440714 -0.996147
-0.00288289 0.0442574 -0.996142
-0.00306895 0.0442574 -0.996145
-0.003255 0.0442574 -0.996148
-0.00288289 0.0444435 -0.996143
-0.00306895 0.0444435 -0.996145
-0.003255 0.0444435 -0.996148
-0.00288289 0.0446295 -0.996143
-0.00306895 0.0446295 -0.996146
-0.003255 0.0446295 -0.996148
-0.00288289 0.0448156 -0.996143
-0.00306895 0.0448156 -0.996146
-0.003255 0.0448156 -0.996149
-0.00288289 0.0450017 -0.996144
-0.00306895 0.0450017 -0.996147
-0.003255 0.0450017 -0.996149
-0.00288289 0.0451877 -0.996144
-0.00306895 0.0451877 -0.996147
-0.003255 0.0451877 -0.99615
-0.00288289 0.0453738 -0.996145
-0.00306895 0.0453738 -0.996147
-0.003255 0.0453738 -0.99615
-0.00288289 0.0455598 -0.996145
-0.00306895 0.0455598 -0.996148
-0.003255 0.0455598 -0.99615
-0.00288289 0.0457459 -0.996145
-0.00306895 0.0457459 -0.996148
-0.003255 0.0457459 -0.996151
-0.00288289 0.0459319 -0.996146
-0.00306895 0.0459319 -0.996149
-0.003255 0.0459319 -0.996151
-0.00288289 0.046118 -0.996146
-0.00306895 0.046118 -0.996149
-0.003255 0.046118 -0.996152
-0.00288289 0.0463041 -0.996147
-0.00306895 0.0463041 -0.996149
-0.003255 0.0463041 -0.996152
-0.00288289 0.0464901 -0.996147
-0.00306895 0.0464901 -0.99615
-0.003255 0.0464901 -0.996153
-0.00288289 0.0466762 -0.996148
-0.00306895 0.0466762 -0.99615
-0.003255 0.0466762 -0.996153
-0.00288289 0.0468622 -0.996148
-0.00306895 0.0468622 -0.996151
-0.003255 0.0468622 -0.996153
-0.00288289 0.0470483 -0.996148
-0.00306895 0.0470483 -0.996151
-0.003255 0.0470483 -0.996154
-0.00288289 0.0472343 -0.996149
-0.00306895 0.0472343 -0.996151
-0.003255 0.0472343 -0.996154
-0.00288289 0.0474204 -0.996149
-0.00306895 0.0474204 -0.996152
-0.003255 0.0474204 -0.996155
-0.00288289 0.0476064 -0.99615
-0.00306895 0.0476064 -0.996152
-0.003255 0.0476064 -0.996155
-0.00288289 0.0477925 -0.99615
-0.00306895 0.0477925 -0.996153
-0.003255 0.0477925 -0.996155
-0.00288289 0.0479786 -0.99615
-0.00306895 0.0479786 -0.996153
-0.003255 0.0479786 -0.996156
-0.00288289 0.0481646 -0.996151
-0.00306895 0.0481646 -0.996154
-0.003255 0.0481646 -0.996156
-0.00288289 0.0483507 -0.996151
-0.00306895 0.0483507 -0.996154
-0.003255 0.0483507 -0.996157
-0.00288289 0.0485367 -0.996152
-0.00306895 0.0485367 -0.996154
-0.003255 0.0485367 -0.996157
-0.00288289 0.0487228 -0.996152
-0.00306895 0.0487228 -0.996155
-0.003255 0.0487228 -0.996157
-0.00288289 0.0489088 -0.996152
-0.00306895 0.0489088 -0.996155
-0.003255 0.0489088 -0.996158
-0.00288289 0.0490949 -0.996153
-0.00306895 0.0490949 -0.996156
-0.003255 0.0490949 -0.996158
-0.00288289 0.0492809 -0.996153
-0.00306895 0.0492809 -0.996156
-0.003255 0.0492809 -0.996159
-0.00288289 0.049467 -0.996154
-0.00306895 0.049467 -0.996156
-0.003255 0.049467 -0.996159
-0.00288289 0.0496531 -0.996154
-0.00306895 0.0496531 -0.996157
-0.003255 0.0496531 -0.996159
-0.00288289 0.0498391 -0.996154
-0.00306895 0.0498391 -0.996157
-0.003255 0.0498391 -0.99616
-0.00288289 0.0500252 -0.996155
-0.00306895 0.0500252 -0.996158
-0.003255 0.0500252 -0.99616
-0.00288289 0.0502112 -0.996155
-0.00306895 0.0502112 -0.996158
-0.003255 0.0502112 -0.996161
-0.00288289 0.0503973 -0.996156
-0.00306895 0.0503973 -0.996158
-0.003255 0.0503973 -0.996161
-0.00288289 0.0505833 -0.996156
-0.00306895 0.0505833 -0.996159
-0.003255 0.0505833 -0.996162
-0.00288289 0.0507694 -0.996157
-0.00306895 0.0507694 -0.996159
-0.003255 0.0507694 -0.996162
-0.00288289 0.0509555 -0.996157
-0.00306895 0.0509555 -0.99616
-0.003255 0.0509555 -0.996162
-0.00288289 0.0511415 -0.996157
-0.00306895 0.0511415 -0.99616
-0.003255 0.0511415 -0.996163
-0.00288289 0.0513276 -0.996158
-0.00306895 0.0513276 -0.996161
-0.003255 0.0513276 -0.996163
-0.00288289 0.0515136 -0.996158
-0.00306895 0.0515136 -0.996161
-0.003255 0.0515136 -0.996164
-0.00288289 0.0516997 -0.996159
-0.00306895 0.0516997 -0.996161
-0.003255 0.0516997 -0.996164
-0.00288289 0.0518857 -0.996159
-0.00306895 0.0518857 -0.996162
-0.003255 0.0518857 -0.996164
-0.00288289 0.0520718 -0.996159
-0.00306895 0.0520718 -0.996162
-0.003255 0.0520718 -0.996165
-0.00288289 0.0522578 -0.99616
-0.00306895 0.0522578 -0.996163
-0.003255 0.0522578 -0.996165
-0.00288289 0.0524439 -0.99616
-0.00306895 0.0524439 -0.996163
-0.003255 0.0524439 -0.996166
-0.00288289 0.05263 -0.996161
-0.00306895 0.05263 -0.996163
-0.003255 0.05263 -0.996166
-0.00288289 0.052816 -0.996161
-0.00306895 0.052816 -0.996164
-0.003255 0.052816 -0.996167
-0.00288289 0.0530021 -0.996161
-0.00306895 0.0530021 -0.996164
-0.003255 0.0530021 -0.996167
-0.00288289 0.0531881 -0.996162
-0.00306895 0.0531881 -0.996165
-0.003255 0.0531881 -0.996167
-0.00288289 0.0533742 -0.996162
-0.00306895 0.0533742 -0.996165
-0.003255 0.0533742 -0.996168
-0.00288289 0.0535602 -0.996163
-0.00306895 0.0535602 -0.996165
-0.003255 0.0535602 -0.996168
-0.00288289 0.0537463 -0.996163
-0.00306895 0.0537463 -0.996166
-0.003255 0.0537463 -0.996169
-0.00288289 0.0539324 -0.996163
-0.00306895 0.0539324 -0.996166
-0.003255 0.0539324 -0.996169
-0.00288289 0.0541184 -0.996164
-0.00306895 0.0541184 -0.996167
-0.003255 0.0541184 -0.996169
-0.00288289 0.0543045 -0.996164
-0.00306895 0.0543045 -0.996167
-0.003255 0.0543045 -0.99617
-0.00288289 0.0544905 -0.996165
-0.00306895 0.0544905 -0.996167
-0.003255 0.0544905 -0.99617
-0.00288289 0.0546766 -0.996165
-0.00306895 0.0546766 -0.996168
-0.003255 0.0546766 -0.996171
-0.00288289 0.0548626 -0.996166
-0.00306895 0.0548626 -0.996168
-0.003255 0.0548626 -0.996171
-0.00288289 0.0550487 -0.996166
-0.00306895 0.0550487 -0.996169
-0.003255 0.0550487 -0.996171
-0.00288289 0.0552347 -0.996166
-0.00306895 0.0552347 -0.996169
-0.003255 0.0552347 -0.996172
-0.00288289 0.0554208 -0.996167
-0.00306895 0.0554208 -0.99617
-0.003255 0.0554208 -0.996172
-0.00288289 0.0556069 -0.996167
-0.00306895 0.0556069 -0.99617
-0.003255 0.0556069 -0.996173
-0.00288289 0.0557929 -0.996168
-0.00306895 0.0557929 -0.99617
-0.003255 0.0557929 -0.996173
-0.00288289 0.055979 -0.996168
-0.00306895 0.055979 -0.996171
-0.003255 0.055979 -0.996174
-0.00288289 0.056165 -0.996168
-0.00306895 0.056165 -0.996171
-0.003255 0.056165 -0.996174
-0.00288289 0.0563511 -0.996169
-0.00306895 0.0563511 -0.996172
-0.003255 0.0563511 -0.996174
-0.00288289 0.0565371 -0.996169
-0.00306895 0.0565371 -0.996172
-0.003255 0.0565371 -0.996175
-0.00288289 0.0567232 -0.99617
-0.00306895 0.0567232 -0.996172
-0.003255 0.0567232 -0.996175
