-0.00664439 -0.0754458 -0.991288
-0.00769975 -0.0754458 -0.991288
-0.00875511 -0.0754458 -0.991288
-0.00664439 -0.0743904 -0.991283
-0.00769975 -0.0743904 -0.991283
-0.00875511 -0.0743904 -0.991283
-0.00664439 -0.0733351 -0.991278
-0.00769975 -0.0733351 -0.991278
-0.00875511 -0.0733351 -0.991278
-0.00664439 -0.0722797 -0.991273
-0.00769975 -0.0722797 -0.991273
-0.00875511 -0.0722797 -0.991273
-0.00664439 -0.0712244 -0.991268
-0.00769975 -0.0712244 -0.991268
-0.00875511 -0.0712244 -0.991267
-0.00664439 -0.070169 -0.991262
-0.00769975 -0.070169 -0.991262
-0.00875511 -0.070169 -0.991262
-0.00664439 -0.0691136 -0.991257
-0.00769975 -0.0691136 -0.991257
-0.00875511 -0.0691136 -0.991257
-0.00664439 -0.0680583 -0.991252
-0.00769975 -0.0680583 -0.991252
-0.00875511 -0.0680583 -0.991252
-0.00664439 -0.0670029 -0.991247
-0.00769975 -0.0670029 -0.991247
-0.00875511 -0.0670029 -0.991247
-0.00664439 -0.0659476 -0.991242
-0.00769975 -0.0659476 -0.991242
-0.00875511 -0.0659476 -0.991242
-0.00664439 -0.0648922 -0.991237
-0.00769975 -0.0648922 -0.991237
-0.00875511 -0.0648922 -0.991237
-0.00664439 -0.0638369 -0.991232
-0.00769975 -0.0638369 -0.991232
-0.00875511 -0.0638369 -0.991232
-0.00664439 -0.0627815 -0.991227
-0.00769975 -0.0627815 -0.991227
-0.00875511 -0.0627815 -0.991227
-0.00664439 -0.0617261 -0.991222
-0.00769975 -0.0617261 -0.991222
-0.00875511 -0.0617261 -0.991221
-0.00664439 -0.0606708 -0.991217
-0.00769975 -0.0606708 -0.991216
-0.00875511 -0.0606708 -0.991216
-0.00664439 -0.0596154 -0.991211
-0.00769975 -0.0596154 -0.991211
-0.00875511 -0.0596154 -0.991211
-0.00664439 -0.0585601 -0.991206
-0.00769975 -0.0585601 -0.991206
-0.00875511 -0.0585601 -0.991206
-0.00664439 -0.0575047 -0.991201
-0.00769975 -0.0575047 -0.991201
-0.00875511 -0.0575047 -0.991201
-0.00664439 -0.0564494 -0.991196
-0.00769975 -0.0564494 -0.991196
-0.00875511 -0.0564494 -0.991196
-0.00664439 -0.055394 -0.991191
-0.00769975 -0.055394 -0.991191
-0.00875511 -0.055394 -0.991191
-0.00664439 -0.0543386 -0.991186
-0.00769975 -0.0543386 -0.991186
-0.00875511 -0.0543386 -0.991186
-0.00664439 -0.0532833 -0.991181
-0.00769975 -0.0532833 -0.991181
-0.00875511 -0.0532833 -0.991181
-0.00664439 -0.0522279 -0.991176
-0.00769975 -0.0522279 -0.991176
-0.00875511 -0.0522279 -0.991176
-0.00664439 -0.0511726 -0.991171
-0.00769975 -0.0511726 -0.991171
-0.00875511 -0.0511726 -0.99117
-0.00664439 -0.0501172 -0.991166
-0.00769975 -0.0501172 -0.991165
-0.00875511 -0.0501172 -0.991165
-0.00664439 -0.0490619 -0.99116
-0.00769975 -0.0490619 -0.99116
-0.00875511 -0.0490619 -0.99116
-0.00664439 -0.0480065 -0.991155
-0.00769975 -0.0480065 -0.991155
-0.00875511 -0.0480065 -0.991155
-0.00664439 -0.0469511 -0.99115
-0.00769975 -0.0469511 -0.99115
-0.00875511 -0.0469511 -0.99115
-0.00664439 -0.0458958 -0.991145
-0.00769975 -0.0458958 -0.991145
-0.00875511 -0.0458958 -0.991145
-0.00664439 -0.0448404 -0.99114
-0.00769975 -0.0448404 -0.99114
-0.00875511 -0.0448404 -0.99114
-0.00664439 -0.0437851 -0.991135
-0.00769975 -0.0437851 -0.991135
-0.00875511 -0.0437851 -0.991135
-0.00664439 -0.0427297 -0.99113
-0.00769975 -0.0427297 -0.99113
-0.00875511 -0.0427297 -0.99113
-0.00664439 -0.0416744 -0.991125
-0.00769975 -0.0416744 -0.991125
-0.00875511 -0.0416744 -0.991125
-0.00664439 -0.040619 -0.99112
-0.00769975 -0.040619 -0.99112
-0.00875511 -0.040619 -0.991119
-0.00664439 -0.0395636 -0.991114
-0.00769975 -0.0395636 -0.991114
-0.00875511 -0.0395636 -0.991114
-0.00664439 -0.0385083 -0.991109
-0.00769975 -0.0385083 -0.991109
-0.00875511 -0.0385083 -0.991109
-0.00664439 -0.0374529 -0.991104
-0.00769975 -0.0374529 -0.991104
-0.00875511 -0.0374529 -0.991104
-0.00664439 -0.0363976 -0.991099
-0.00769975 -0.0363976 -0.991099
-0.00875511 -0.0363976 -0.991099
-0.00664439 -0.0353422 -0.991094
-0.00769975 -0.0353422 -0.991094
-0.00875511 -0.0353422 -0.991094
-0.00664439 -0.0342869 -0.991089
-0.00769975 -0.0342869 -0.991089
-0.00875511 -0.0342869 -0.991089
-0.00664439 -0.0332315 -0.991084
-0.00769975 -0.0332315 -0.991084
-0.00875511 -0.0332315 -0.991084
-0.00664439 -0.0321761 -0.991079
-0.00769975 -0.0321761 -0.991079
-0.00875511 -0.0321761 -0.991079
-0.00664439 -0.0311208 -0.991074
-0.00769975 -0.0311208 -0.991074
-0.00875511 -0.0311208 -0.991074
-0.00664439 -0.0300654 -0.991069
-0.00769975 -0.0300654 -0.991069
-0.00875511 -0.0300654 -0.991068
-0.00664439 -0.0290101 -0.991063
-0.00769975 -0.0290101 -0.991063
-0.00875511 -0.0290101 -0.991063
-0.00664439 -0.0279547 -0.991058
-0.00769975 -0.0279547 -0.991058
-0.00875511 -0.0279547 -0.991058
-0.00664439 -0.0268993 -0.991053
-0.00769975 -0.0268993 -0.991053
-0.00875511 -0.0268993 -0.991053
-0.00664439 -0.025844 -0.991048
-0.00769975 -0.025844 -0.991048
-0.00875511 -0.025844 -0.991048
-0.00664439 -0.0247886 -0.991043
-0.00769975 -0.0247886 -0.991043
-0.00875511 -0.0247886 -0.991043
-0.00664439 -0.0237333 -0.991038
-0.00769975 -0.0237333 -0.991038
-0.00875511 -0.0237333 -0.991038
-0.00664439 -0.0226779 -0.991033
-0.00769975 -0.0226779 -0.991033
-0.00875511 -0.0226779 -0.991033
-0.00664439 -0.0216226 -0.991028
-0.00769975 -0.0216226 -0.991028
-0.00875511 -0.0216226 -0.991028
-0.00664439 -0.0205672 -0.991023
-0.00769975 -0.0205672 -0.991023
-0.00875511 -0.0205672 -0.991023
-0.00664439 -0.0195118 -0.991018
-0.00769975 -0.0195118 -0.991018
-0.00875511 -0.0195118 -0.991017
-0.00664439 -0.0184565 -0.991012
-0.00769975 -0.0184565 -0.991012
-0.00875511 -0.0184565 -0.991012
-0.00664439 -0.0174011 -0.991007
-0.00769975 -0.0174011 -0.991007
-0.00875511 -0.0174011 -0.991007
-0.00664439 -0.0163458 -0.991002
-0.00769975 -0.0163458 -0.991002
-0.00875511 -0.0163458 -0.991002
-0.00664439 -0.0152904 -0.990997
-0.00769975 -0.0152904 -0.990997
-0.00875511 -0.0152904 -0.990997
-0.00664439 -0.0142351 -0.990992
-0.00769975 -0.0142351 -0.990992
-0.00875511 -0.0142351 -0.990992
-0.00664439 -0.0131797 -0.990987
-0.00769975 -0.0131797 -0.990987
-0.00875511 -0.0131797 -0.990987
-0.00664439 -0.0121243 -0.990982
-0.00769975 -0.0121243 -0.990982
-0.00875511 -0.0121243 -0.990982
-0.00664439 -0.011069 -0.990977
-0.00769975 -0.011069 -0.990977
-0.00875511 -0.011069 -0.990977
-0.00664439 -0.0100136 -0.990972
-0.00769975 -0.0100136 -0.990972
-0.00875511 -0.0100136 -0.990972
-0.00664439 -0.00895827 -0.990967
-0.00769975 -0.00895827 -0.990966
-0.00875511 -0.00895827 -0.990966
-0.00664439 -0.00790292 -0.990961
-0.00769975 -0.00790292 -0.990961
-0.00875511 -0.00790292 -0.990961
-0.00664439 -0.00684756 -0.990956
-0.00769975 -0.00684756 -0.990956
-0.00875511 -0.00684756 -0.990956
-0.00664439 -0.0057922 -0.990951
-0.00769975 -0.0057922 -0.990951
-0.00875511 -0.0057922 -0.990951
-0.00664439 -0.00473684 -0.990946
-0.00769975 -0.00473684 -0.990946
-0.00875511 -0.00473684 -0.990946
-0.00664439 -0.00368149 -0.990941
-0.00769975 -0.00368149 -0.990941
-0.00875511 -0.00368149 -0.990941
-0.00664439 -0.00262613 -0.990936
-0.00769975 -0.00262613 -0.990936
-0.00875511 -0.00262613 -0.990936
-0.00664439 -0.00157077 -0.990931
-0.00769975 -0.00157077 -0.990931
-0.00875511 -0.00157077 -0.990931
-0.00664439 -0.000515416 -0.990926
-0.00769975 -0.000515416 -0.990926
-0.00875511 -0.000515416 -0.990926
-0.00664439 0.000539942 -0.990921
-0.00769975 0.000539942 -0.990921
-0.00875511 0.000539942 -0.99092
-0.00664439 0.0015953 -0.990916
-0.00769975 0.0015953 -0.990915
-0.00875511 0.0015953 -0.990915
-0.00664439 0.00265066 -0.99091
-0.00769975 0.00265066 -0.99091
-0.00875511 0.00265066 -0.99091
-0.00664439 0.00370601 -0.990905
-0.00769975 0.00370601 -0.990905
-0.00875511 0.00370601 -0.990905
-0.00664439 0.00476137 -0.9909
-0.00769975 0.00476137 -0.9909
-0.00875511 0.00476137 -0.9909
-0.00664439 0.00581673 -0.990895
-0.00769975 0.00581673 -0.990895
-0.00875511 0.00581673 -0.990895
-0.00664439 0.00687209 -0.99089
-0.00769975 0.00687209 -0.99089
-0.00875511 0.00687209 -0.99089
-0.00664439 0.00792744 -0.990885
-0.00769975 0.00792744 -0.990885
-0.00875511 0.00792744 -0.990885
-0.00664439 0.0089828 -0.99088
-0.00769975 0.0089828 -0.99088
-0.00875511 0.0089828 -0.99088
-0.00664439 0.0100382 -0.990875
-0.00769975 0.0100382 -0.990875
-0.00875511 0.0100382 -0.990875
-0.00664439 0.0110935 -0.99087
-0.00769975 0.0110935 -0.99087
-0.00875511 0.0110935 -0.990869
-0.00664439 0.0121489 -0.990865
-0.00769975 0.0121489 -0.990864
-0.00875511 0.0121489 -0.990864
-0.00664439 0.0132042 -0.990859
-0.00769975 0.0132042 -0.990859
-0.00875511 0.0132042 -0.990859
-0.00664439 0.0142596 -0.990854
-0.00769975 0.0142596 -0.990854
-0.00875511 0.0142596 -0.990854
-0.00664439 0.0153149 -0.990849
-0.00769975 0.0153149 -0.990849
-0.00875511 0.0153149 -0.990849
-0.00664439 0.0163703 -0.990844
-0.00769975 0.0163703 -0.990844
-0.00875511 0.0163703 -0.990844
-0.00664439 0.0174257 -0.990839
-0.00769975 0.0174257 -0.990839
-0.00875511 0.0174257 -0.990839
-0.00664439 0.018481 -0.990834
-0.00769975 0.018481 -0.990834
-0.00875511 0.018481 -0.990834
-0.00664439 0.0195364 -0.990829
-0.00769975 0.0195364 -0.990829
-0.00875511 0.0195364 -0.990829
-0.00664439 0.0205917 -0.990824
-0.00769975 0.0205917 -0.990824
-0.00875511 0.0205917 -0.990824
-0.00664439 0.0216471 -0.990819
-0.00769975 0.0216471 -0.990819
-0.00875511 0.0216471 -0.990818
-0.00664439 0.0227024 -0.990813
-0.00769975 0.0227024 -0.990813
-0.00875511 0.0227024 -0.990813
-0.00664439 0.0237578 -0.990808
-0.00769975 0.0237578 -0.990808
-0.00875511 0.0237578 -0.990808
-0.00664439 0.0248132 -0.990803
-0.00769975 0.0248132 -0.990803
-0.00875511 0.0248132 -0.990803
-0.00664439 0.0258685 -0.990798
-0.00769975 0.0258685 -0.990798
-0.00875511 0.0258685 -0.990798
-0.00664439 0.0269239 -0.990793
-0.00769975 0.0269239 -0.990793
-0.00875511 0.0269239 -0.990793
-0.00664439 0.0279792 -0.990788
-0.00769975 0.0279792 -0.990788
-0.00875511 0.0279792 -0.990788
-0.00664439 0.0290346 -0.990783
-0.00769975 0.0290346 -0.990783
-0.00875511 0.0290346 -0.990783
-0.00664439 0.0300899 -0.990778
-0.00769975 0.0300899 -0.990778
-0.00875511 0.0300899 -0.990778
-0.00664439 0.0311453 -0.990773
-0.00769975 0.0311453 -0.990773
-0.00875511 0.0311453 -0.990773
-0.00664439 0.0322007 -0.990768
-0.00769975 0.0322007 -0.990767
-0.00875511 0.0322007 -0.990767
-0.00664439 0.033256 -0.990762
-0.00769975 0.033256 -0.990762
-0.00875511 0.033256 -0.990762
-0.00664439 0.0343114 -0.990757
-0.00769975 0.0343114 -0.990757
-0.00875511 0.0343114 -0.990757
-0.00664439 0.0353667 -0.990752
-0.00769975 0.0353667 -0.990752
-0.00875511 0.0353667 -0.990752
-0.00664439 0.0364221 -0.990747
-0.00769975 0.0364221 -0.990747
-0.00875511 0.0364221 -0.990747
-0.00664439 0.0374774 -0.990742
-0.00769975 0.0374774 -0.990742
-0.00875511 0.0374774 -0.990742
-0.00664439 0.0385328 -0.990737
-0.00769975 0.0385328 -0.990737
-0.00875511 0.0385328 -0.990737
-0.00664439 0.0395882 -0.990732
-0.00769975 0.0395882 -0.990732
-0.00875511 0.0395882 -0.990732
-0.00664439 0.0406435 -0.990727
-0.00769975 0.0406435 -0.990727
-0.00875511 0.0406435 -0.990727
