0.00110996 -0.0437438 -1.00715
0.00048649 -0.0437438 -1.00715
-0.000136979 -0.0437438 -1.00714
0.00110996 -0.0431204 -1.00715
0.00048649 -0.0431204 -1.00714
-0.000136979 -0.0431204 -1.00714
0.00110996 -0.0424969 -1.00715
0.00048649 -0.0424969 -1.00714
-0.000136979 -0.0424969 -1.00714
0.00110996 -0.0418734 -1.00715
0.00048649 -0.0418734 -1.00714
-0.000136979 -0.0418734 -1.00713
0.00110996 -0.04125 -1.00715
0.00048649 -0.04125 -1.00714
-0.000136979 -0.04125 -1.00713
0.00110996 -0.0406265 -1.00715
0.00048649 -0.0406265 -1.00714
-0.000136979 -0.0406265 -1.00713
0.00110996 -0.040003 -1.00715
0.00048649 -0.040003 -1.00714
-0.000136979 -0.040003 -1.00713
0.00110996 -0.0393796 -1.00714
0.00048649 -0.0393796 -1.00714
-0.000136979 -0.0393796 -1.00713
0.00110996 -0.0387561 -1.00714
0.00048649 -0.0387561 -1.00713
-0.000136979 -0.0387561 -1.00713
0.00110996 -0.0381326 -1.00714
0.00048649 -0.0381326 -1.00713
-0.000136979 -0.0381326 -1.00713
0.00110996 -0.0375092 -1.00714
0.00048649 -0.0375092 -1.00713
-0.000136979 -0.0375092 -1.00712
0.00110996 -0.0368857 -1.00714
0.00048649 -0.0368857 -1.00713
-0.000136979 -0.0368857 -1.00712
0.00110996 -0.0362622 -1.00714
0.00048649 -0.0362622 -1.00713
-0.000136979 -0.0362622 -1.00712
0.00110996 -0.0356388 -1.00714
0.00048649 -0.0356388 -1.00713
-0.000136979 -0.0356388 -1.00712
0.00110996 -0.0350153 -1.00713
0.00048649 -0.0350153 -1.00713
-0.000136979 -0.0350153 -1.00712
0.00110996 -0.0343918 -1.00713
0.00048649 -0.0343918 -1.00712
-0.000136979 -0.0343918 -1.00712
0.00110996 -0.0337683 -1.00713
0.00048649 -0.0337683 -1.00712
-0.000136979 -0.0337683 -1.00712
0.00110996 -0.0331449 -1.00713
0.00048649 -0.0331449 -1.00712
-0.000136979 -0.0331449 -1.00711
0.00110996 -0.0325214 -1.00713
0.00048649 -0.0325214 -1.00712
-0.000136979 -0.0325214 -1.00711
0.00110996 -0.0318979 -1.00713
0.00048649 -0.0318979 -1.00712
-0.000136979 -0.0318979 -1.00711
0.00110996 -0.0312745 -1.00713
0.00048649 -0.0312745 -1.00712
-0.000136979 -0.0312745 -1.00711
0.00110996 -0.030651 -1.00712
0.00048649 -0.030651 -1.00712
-0.000136979 -0.030651 -1.00711
0.00110996 -0.0300275 -1.00712
0.00048649 -0.0300275 -1.00711
-0.000136979 -0.0300275 -1.00711
0.00110996 -0.0294041 -1.00712
0.00048649 -0.0294041 -1.00711
-0.000136979 -0.0294041 -1.00711
0.00110996 -0.0287806 -1.00712
0.00048649 -0.0287806 -1.00711
-0.000136979 -0.0287806 -1.0071
0.00110996 -0.0281571 -1.00712
0.00048649 -0.0281571 -1.00711
-0.000136979 -0.0281571 -1.0071
0.00110996 -0.0275337 -1.00712
0.00048649 -0.0275337 -1.00711
-0.000136979 -0.0275337 -1.0071
0.00110996 -0.0269102 -1.00712
0.00048649 -0.0269102 -1.00711
-0.000136979 -0.0269102 -1.0071
0.00110996 -0.0262867 -1.00711
0.00048649 -0.0262867 -1.00711
-0.000136979 -0.0262867 -1.0071
0.00110996 -0.0256633 -1.00711
0.00048649 -0.0256633 -1.0071
-0.000136979 -0.0256633 -1.0071
0.00110996 -0.0250398 -1.00711
0.00048649 -0.0250398 -1.0071
-0.000136979 -0.0250398 -1.0071
0.00110996 -0.0244163 -1.00711
0.00048649 -0.0244163 -1.0071
-0.000136979 -0.0244163 -1.00709
0.00110996 -0.0237928 -1.00711
0.00048649 -0.0237928 -1.0071
-0.000136979 -0.0237928 -1.00709
0.00110996 -0.0231694 -1.00711
0.00048649 -0.0231694 -1.0071
-0.000136979 -0.0231694 -1.00709
0.00110996 -0.0225459 -1.0071
0.00048649 -0.0225459 -1.0071
-0.000136979 -0.0225459 -1.00709
0.00110996 -0.0219224 -1.0071
0.00048649 -0.0219224 -1.0071
-0.000136979 -0.0219224 -1.00709
0.00110996 -0.021299 -1.0071
0.00048649 -0.021299 -1.00709
-0.000136979 -0.021299 -1.00709
0.00110996 -0.0206755 -1.0071
0.00048649 -0.0206755 -1.00709
-0.000136979 -0.0206755 -1.00709
0.00110996 -0.020052 -1.0071
0.00048649 -0.020052 -1.00709
-0.000136979 -0.020052 -1.00708
0.00110996 -0.0194286 -1.0071
0.00048649 -0.0194286 -1.00709
-0.000136979 -0.0194286 -1.00708
0.00110996 -0.0188051 -1.0071
0.00048649 -0.0188051 -1.00709
-0.000136979 -0.0188051 -1.00708
0.00110996 -0.0181816 -1.00709
0.00048649 -0.0181816 -1.00709
-0.000136979 -0.0181816 -1.00708
0.00110996 -0.0175582 -1.00709
0.00048649 -0.0175582 -1.00709
-0.000136979 -0.0175582 -1.00708
0.00110996 -0.0169347 -1.00709
0.00048649 -0.0169347 -1.00708
-0.000136979 -0.0169347 -1.00708
0.00110996 -0.0163112 -1.00709
0.00048649 -0.0163112 -1.00708
-0.000136979 -0.0163112 -1.00708
0.00110996 -0.0156878 -1.00709
0.00048649 -0.0156878 -1.00708
-0.000136979 -0.0156878 -1.00707
0.00110996 -0.0150643 -1.00709
0.00048649 -0.0150643 -1.00708
-0.000136979 -0.0150643 -1.00707
0.00110996 -0.0144408 -1.00709
0.00048649 -0.0144408 -1.00708
-0.000136979 -0.0144408 -1.00707
0.00110996 -0.0138174 -1.00708
0.00048649 -0.0138174 -1.00708
-0.000136979 -0.0138174 -1.00707
0.00110996 -0.0131939 -1.00708
0.00048649 -0.0131939 -1.00708
-0.000136979 -0.0131939 -1.00707
0.00110996 -0.0125704 -1.00708
0.00048649 -0.0125704 -1.00707
-0.000136979 -0.0125704 -1.00707
0.00110996 -0.0119469 -1.00708
0.00048649 -0.0119469 -1.00707
-0.000136979 -0.0119469 -1.00707
0.00110996 -0.0113235 -1.00708
0.00048649 -0.0113235 -1.00707
-0.000136979 -0.0113235 -1.00706
0.00110996 -0.0107 -1.00708
0.00048649 -0.0107 -1.00707
-0.000136979 -0.0107 -1.00706
0.00110996 -0.0100765 -1.00708
0.00048649 -0.0100765 -1.00707
-0.000136979 -0.0100765 -1.00706
0.00110996 -0.00945307 -1.00707
0.00048649 -0.00945307 -1.00707
-0.000136979 -0.00945307 -1.00706
0.00110996 -0.0088296 -1.00707
0.00048649 -0.0088296 -1.00707
-0.000136979 -0.0088296 -1.00706
0.00110996 -0.00820613 -1.00707
0.00048649 -0.00820613 -1.00706
-0.000136979 -0.00820613 -1.00706
0.00110996 -0.00758266 -1.00707
0.00048649 -0.00758266 -1.00706
-0.000136979 -0.00758266 -1.00706
0.00110996 -0.0069592 -1.00707
0.00048649 -0.0069592 -1.00706
-0.000136979 -0.0069592 -1.00705
0.00110996 -0.00633573 -1.00707
0.00048649 -0.00633573 -1.00706
-0.000136979 -0.00633573 -1.00705
0.00110996 -0.00571226 -1.00707
0.00048649 -0.00571226 -1.00706
-0.000136979 -0.00571226 -1.00705
0.00110996 -0.00508879 -1.00706
0.00048649 -0.00508879 -1.00706
-0.000136979 -0.00508879 -1.00705
0.00110996 -0.00446532 -1.00706
0.00048649 -0.00446532 -1.00706
-0.000136979 -0.00446532 -1.00705
0.00110996 -0.00384185 -1.00706
0.00048649 -0.00384185 -1.00705
-0.000136979 -0.00384185 -1.00705
0.00110996 -0.00321838 -1.00706
0.00048649 -0.00321838 -1.00705
-0.000136979 -0.00321838 -1.00705
0.00110996 -0.00259491 -1.00706
0.00048649 -0.00259491 -1.00705
-0.000136979 -0.00259491 -1.00704
0.00110996 -0.00197145 -1.00706
0.00048649 -0.00197145 -1.00705
-0.000136979 -0.00197145 -1.00704
0.00110996 -0.00134798 -1.00706
0.00048649 -0.00134798 -1.00705
-0.000136979 -0.00134798 -1.00704
0.00110996 -0.000724509 -1.00705
0.00048649 -0.000724509 -1.00705
-0.000136979 -0.000724509 -1.00704
0.00110996 -0.00010104 -1.00705
0.00048649 -0.00010104 -1.00705
-0.000136979 -0.00010104 -1.00704
0.00110996 0.000522429 -1.00705
0.00048649 0.000522429 -1.00704
-0.000136979 0.000522429 -1.00704
0.00110996 0.0011459 -1.00705
0.00048649 0.0011459 -1.00704
-0.000136979 0.0011459 -1.00704
0.00110996 0.00176937 -1.00705
0.00048649 0.00176937 -1.00704
-0.000136979 0.00176937 -1.00703
0.00110996 0.00239283 -1.00705
0.00048649 0.00239283 -1.00704
-0.000136979 0.00239283 -1.00703
0.00110996 0.0030163 -1.00705
0.00048649 0.0030163 -1.00704
-0.000136979 0.0030163 -1.00703
0.00110996 0.00363977 -1.00704
0.00048649 0.00363977 -1.00704
-0.000136979 0.00363977 -1.00703
0.00110996 0.00426324 -1.00704
0.00048649 0.00426324 -1.00704
-0.000136979 0.00426324 -1.00703
0.00110996 0.00488671 -1.00704
0.00048649 0.00488671 -1.00703
-0.000136979 0.00488671 -1.00703
0.00110996 0.00551018 -1.00704
0.00048649 0.00551018 -1.00703
-0.000136979 0.00551018 -1.00703
0.00110996 0.00613365 -1.00704
0.00048649 0.00613365 -1.00703
-0.000136979 0.00613365 -1.00702
0.00110996 0.00675712 -1.00704
0.00048649 0.00675712 -1.00703
-0.000136979 0.00675712 -1.00702
0.00110996 0.00738058 -1.00704
0.00048649 0.00738058 -1.00703
-0.000136979 0.00738058 -1.00702
0.00110996 0.00800405 -1.00703
0.00048649 0.00800405 -1.00703
-0.000136979 0.00800405 -1.00702
0.00110996 0.00862752 -1.00703
0.00048649 0.00862752 -1.00703
-0.000136979 0.00862752 -1.00702
0.00110996 0.00925099 -1.00703
0.00048649 0.00925099 -1.00702
-0.000136979 0.00925099 -1.00702
0.00110996 0.00987446 -1.00703
0.00048649 0.00987446 -1.00702
-0.000136979 0.00987446 -1.00701
0.00110996 0.0104979 -1.00703
0.00048649 0.0104979 -1.00702
-0.000136979 0.0104979 -1.00701
0.00110996 0.0111214 -1.00703
0.00048649 0.0111214 -1.00702
-0.000136979 0.0111214 -1.00701
0.00110996 0.0117449 -1.00703
0.00048649 0.0117449 -1.00702
-0.000136979 0.0117449 -1.00701
0.00110996 0.0123683 -1.00702
0.00048649 0.0123683 -1.00702
-0.000136979 0.0123683 -1.00701
0.00110996 0.0129918 -1.00702
0.00048649 0.0129918 -1.00702
-0.000136979 0.0129918 -1.00701
0.00110996 0.0136153 -1.00702
0.00048649 0.0136153 -1.00701
-0.000136979 0.0136153 -1.00701
0.00110996 0.0142387 -1.00702
0.00048649 0.0142387 -1.00701
-0.000136979 0.0142387 -1.007
0.00110996 0.0148622 -1.00702
0.00048649 0.0148622 -1.00701
-0.000136979 0.0148622 -1.007
0.00110996 0.0154857 -1.00702
0.00048649 0.0154857 -1.00701
-0.000136979 0.0154857 -1.007
0.00110996 0.0161091 -1.00702
0.00048649 0.0161091 -1.00701
-0.000136979 0.0161091 -1.007
0.00110996 0.0167326 -1.00701
0.00048649 0.0167326 -1.00701
-0.000136979 0.0167326 -1.007
0.00110996 0.0173561 -1.00701
0.00048649 0.0173561 -1.00701
-0.000136979 0.0173561 -1.007
0.00110996 0.0179796 -1.00701
0.00048649 0.0179796 -1.007
-0.000136979 0.0179796 -1.007
0.00110996 0.018603 -1.00701
0.00048649 0.018603 -1.007
-0.000136979 0.018603 -1.00699
0.00110996 0.0192265 -1.00701
0.00048649 0.0192265 -1.007
-0.000136979 0.0192265 -1.00699
0.00110996 0.01985 -1.00701
0.00048649 0.01985 -1.007
-0.000136979 0.01985 -1.00699
0.00110996 0.0204734 -1.00701
0.00048649 0.0204734 -1.007
-0.000136979 0.0204734 -1.00699
0.00110996 0.0210969 -1.007
0.00048649 0.0210969 -1.007
-0.000136979 0.0210969 -1.00699
0.00110996 0.0217204 -1.007
0.00048649 0.0217204 -1.007
-0.000136979 0.0217204 -1.00699
0.00110996 0.0223438 -1.007
0.00048649 0.0223438 -1.00699
-0.000136979 0.0223438 -1.00699
0.00110996 0.0229673 -1.007
0.00048649 0.0229673 -1.00699
-0.000136979 0.0229673 -1.00698
0.00110996 0.0235908 -1.007
0.00048649 0.0235908 -1.00699
-0.000136979 0.0235908 -1.00698
0.00110996 0.0242142 -1.007
0.00048649 0.0242142 -1.00699
-0.000136979 0.0242142 -1.00698
0.00110996 0.0248377 -1.007
0.00048649 0.0248377 -1.00699
-0.000136979 0.0248377 -1.00698
