0.00111587 -0.00971324 -1.01721
0.00100133 -0.00971324 -1.01722
0.000886794 -0.00971324 -1.01723
0.00111587 -0.0095987 -1.01721
0.00100133 -0.0095987 -1.01722
0.000886794 -0.0095987 -1.01723
0.00111587 -0.00948416 -1.01721
0.00100133 -0.00948416 -1.01722
0.000886794 -0.00948416 -1.01723
0.00111587 -0.00936962 -1.01721
0.00100133 -0.00936962 -1.01722
0.000886794 -0.00936962 -1.01723
0.00111587 -0.00925509 -1.0172
0.00100133 -0.00925509 -1.01721
0.000886794 -0.00925509 -1.01722
0.00111587 -0.00914055 -1.0172
0.00100133 -0.00914055 -1.01721
0.000886794 -0.00914055 -1.01722
0.00111587 -0.00902601 -1.0172
0.00100133 -0.00902601 -1.01721
0.000886794 -0.00902601 -1.01722
0.00111587 -0.00891147 -1.0172
0.00100133 -0.00891147 -1.01721
0.000886794 -0.00891147 -1.01722
0.00111587 -0.00879693 -1.0172
0.00100133 -0.00879693 -1.01721
0.000886794 -0.00879693 -1.01722
0.00111587 -0.0086824 -1.01719
0.00100133 -0.0086824 -1.0172
0.000886794 -0.0086824 -1.01721
0.00111587 -0.00856786 -1.01719
0.00100133 -0.00856786 -1.0172
0.000886794 -0.00856786 -1.01721
0.00111587 -0.00845332 -1.01719
0.00100133 -0.00845332 -1.0172
0.000886794 -0.00845332 -1.01721
0.00111587 -0.00833878 -1.01719
0.00100133 -0.00833878 -1.0172
0.000886794 -0.00833878 -1.01721
0.00111587 -0.00822425 -1.01719
0.00100133 -0.00822425 -1.0172
0.000886794 -0.00822425 -1.01721
0.00111587 -0.00810971 -1.01718
0.00100133 -0.00810971 -1.01719
0.000886794 -0.00810971 -1.0172
0.00111587 -0.00799517 -1.01718
0.00100133 -0.00799517 -1.01719
0.000886794 -0.00799517 -1.0172
0.00111587 -0.00788063 -1.01718
0.00100133 -0.00788063 -1.01719
0.000886794 -0.00788063 -1.0172
0.00111587 -0.0077661 -1.01718
0.00100133 -0.0077661 -1.01719
0.000886794 -0.0077661 -1.0172
0.00111587 -0.00765156 -1.01718
0.00100133 -0.00765156 -1.01719
0.000886794 -0.00765156 -1.0172
0.00111587 -0.00753702 -1.01718
0.00100133 -0.00753702 -1.01719
0.000886794 -0.00753702 -1.01719
0.00111587 -0.00742248 -1.01717
0.00100133 -0.00742248 -1.01718
0.000886794 -0.00742248 -1.01719
0.00111587 -0.00730795 -1.01717
0.00100133 -0.00730795 -1.01718
0.000886794 -0.00730795 -1.01719
0.00111587 -0.00719341 -1.01717
0.00100133 -0.00719341 -1.01718
0.000886794 -0.00719341 -1.01719
0.00111587 -0.00707887 -1.01717
0.00100133 -0.00707887 -1.01718
0.000886794 -0.00707887 -1.01719
0.00111587 -0.00696433 -1.01717
0.00100133 -0.00696433 -1.01718
0.000886794 -0.00696433 -1.01719
0.00111587 -0.00684979 -1.01716
0.00100133 -0.00684979 -1.01717
0.000886794 -0.00684979 -1.01718
0.00111587 -0.00673526 -1.01716
0.00100133 -0.00673526 -1.01717
0.000886794 -0.00673526 -1.01718
0.00111587 -0.00662072 -1.01716
0.00100133 -0.00662072 -1.01717
0.000886794 -0.00662072 -1.01718
0.00111587 -0.00650618 -1.01716
0.00100133 -0.00650618 -1.01717
0.000886794 -0.00650618 -1.01718
0.00111587 -0.00639164 -1.01716
0.00100133 -0.00639164 -1.01717
0.000886794 -0.00639164 -1.01718
0.00111587 -0.00627711 -1.01715
0.00100133 -0.00627711 -1.01716
0.000886794 -0.00627711 -1.01717
0.00111587 -0.00616257 -1.01715
0.00100133 -0.00616257 -1.01716
0.000886794 -0.00616257 -1.01717
0.00111587 -0.00604803 -1.01715
0.00100133 -0.00604803 -1.01716
0.000886794 -0.00604803 -1.01717
0.00111587 -0.00593349 -1.01715
0.00100133 -0.00593349 -1.01716
0.000886794 -0.00593349 -1.01717
0.00111587 -0.00581896 -1.01715
0.00100133 -0.00581896 -1.01716
0.000886794 -0.00581896 -1.01717
0.00111587 -0.00570442 -1.01715
0.00100133 -0.00570442 -1.01716
0.000886794 -0.00570442 -1.01716
0.00111587 -0.00558988 -1.01714
0.00100133 -0.00558988 -1.01715
0.000886794 -0.00558988 -1.01716
0.00111587 -0.00547534 -1.01714
0.00100133 -0.00547534 -1.01715
0.000886794 -0.00547534 -1.01716
0.00111587 -0.0053608 -1.01714
0.00100133 -0.0053608 -1.01715
0.000886794 -0.0053608 -1.01716
0.00111587 -0.00524627 -1.01714
0.00100133 -0.00524627 -1.01715
0.000886794 -0.00524627 -1.01716
0.00111587 -0.00513173 -1.01714
0.00100133 -0.00513173 -1.01715
0.000886794 -0.00513173 -1.01716
0.00111587 -0.00501719 -1.01713
0.00100133 -0.00501719 -1.01714
0.000886794 -0.00501719 -1.01715
0.00111587 -0.00490265 -1.01713
0.00100133 -0.00490265 -1.01714
0.000886794 -0.00490265 -1.01715
0.00111587 -0.00478812 -1.01713
0.00100133 -0.00478812 -1.01714
0.000886794 -0.00478812 -1.01715
0.00111587 -0.00467358 -1.01713
0.00100133 -0.00467358 -1.01714
0.000886794 -0.00467358 -1.01715
0.00111587 -0.00455904 -1.01713
0.00100133 -0.00455904 -1.01714
0.000886794 -0.00455904 -1.01715
0.00111587 -0.0044445 -1.01712
0.00100133 -0.0044445 -1.01713
0.000886794 -0.0044445 -1.01714
0.00111587 -0.00432997 -1.01712
0.00100133 -0.00432997 -1.01713
0.000886794 -0.00432997 -1.01714
0.00111587 -0.00421543 -1.01712
0.00100133 -0.00421543 -1.01713
0.000886794 -0.00421543 -1.01714
0.00111587 -0.00410089 -1.01712
0.00100133 -0.00410089 -1.01713
0.000886794 -0.00410089 -1.01714
0.00111587 -0.00398635 -1.01712
0.00100133 -0.00398635 -1.01713
0.000886794 -0.00398635 -1.01714
0.00111587 -0.00387182 -1.01712
0.00100133 -0.00387182 -1.01713
0.000886794 -0.00387182 -1.01713
0.00111587 -0.00375728 -1.01711
0.00100133 -0.00375728 -1.01712
0.000886794 -0.00375728 -1.01713
0.00111587 -0.00364274 -1.01711
0.00100133 -0.00364274 -1.01712
0.000886794 -0.00364274 -1.01713
0.00111587 -0.0035282 -1.01711
0.00100133 -0.0035282 -1.01712
0.000886794 -0.0035282 -1.01713
0.00111587 -0.00341366 -1.01711
0.00100133 -0.00341366 -1.01712
0.000886794 -0.00341366 -1.01713
0.00111587 -0.00329913 -1.01711
0.00100133 -0.00329913 -1.01712
0.000886794 -0.00329913 -1.01713
0.00111587 -0.00318459 -1.0171
0.00100133 -0.00318459 -1.01711
0.000886794 -0.00318459 -1.01712
0.00111587 -0.00307005 -1.0171
0.00100133 -0.00307005 -1.01711
0.000886794 -0.00307005 -1.01712
0.00111587 -0.00295551 -1.0171
0.00100133 -0.00295551 -1.01711
0.000886794 -0.00295551 -1.01712
0.00111587 -0.00284098 -1.0171
0.00100133 -0.00284098 -1.01711
0.000886794 -0.00284098 -1.01712
0.00111587 -0.00272644 -1.0171
0.00100133 -0.00272644 -1.01711
0.000886794 -0.00272644 -1.01712
0.00111587 -0.0026119 -1.01709
0.00100133 -0.0026119 -1.0171
0.000886794 -0.0026119 -1.01711
0.00111587 -0.00249736 -1.01709
0.00100133 -0.00249736 -1.0171
0.000886794 -0.00249736 -1.01711
0.00111587 -0.00238283 -1.01709
0.00100133 -0.00238283 -1.0171
0.000886794 -0.00238283 -1.01711
0.00111587 -0.00226829 -1.01709
0.00100133 -0.00226829 -1.0171
0.000886794 -0.00226829 -1.01711
0.00111587 -0.00215375 -1.01709
0.00100133 -0.00215375 -1.0171
0.000886794 -0.00215375 -1.01711
0.00111587 -0.00203921 -1.01709
0.00100133 -0.00203921 -1.01709
0.000886794 -0.00203921 -1.0171
0.00111587 -0.00192467 -1.01708
0.00100133 -0.00192467 -1.01709
0.000886794 -0.00192467 -1.0171
0.00111587 -0.00181014 -1.01708
0.00100133 -0.00181014 -1.01709
0.000886794 -0.00181014 -1.0171
0.00111587 -0.0016956 -1.01708
0.00100133 -0.0016956 -1.01709
0.000886794 -0.0016956 -1.0171
0.00111587 -0.00158106 -1.01708
0.00100133 -0.00158106 -1.01709
0.000886794 -0.00158106 -1.0171
0.00111587 -0.00146652 -1.01708
0.00100133 -0.00146652 -1.01709
0.000886794 -0.00146652 -1.0171
0.00111587 -0.00135199 -1.01707
0.00100133 -0.00135199 -1.01708
0.000886794 -0.00135199 -1.01709
0.00111587 -0.00123745 -1.01707
0.00100133 -0.00123745 -1.01708
0.000886794 -0.00123745 -1.01709
0.00111587 -0.00112291 -1.01707
0.00100133 -0.00112291 -1.01708
0.000886794 -0.00112291 -1.01709
0.00111587 -0.00100837 -1.01707
0.00100133 -0.00100837 -1.01708
0.000886794 -0.00100837 -1.01709
0.00111587 -0.000893836 -1.01707
0.00100133 -0.000893836 -1.01708
0.000886794 -0.000893836 -1.01709
0.00111587 -0.000779298 -1.01706
0.00100133 -0.000779298 -1.01707
0.000886794 -0.000779298 -1.01708
0.00111587 -0.00066476 -1.01706
0.00100133 -0.00066476 -1.01707
0.000886794 -0.00066476 -1.01708
0.00111587 -0.000550223 -1.01706
0.00100133 -0.000550223 -1.01707
0.000886794 -0.000550223 -1.01708
0.00111587 -0.000435685 -1.01706
0.00100133 -0.000435685 -1.01707
0.000886794 -0.000435685 -1.01708
0.00111587 -0.000321147 -1.01706
0.00100133 -0.000321147 -1.01707
0.000886794 -0.000321147 -1.01708
0.00111587 -0.000206609 -1.01705
0.00100133 -0.000206609 -1.01706
0.000886794 -0.000206609 -1.01707
0.00111587 -9.20718e-05 -1.01705
0.00100133 -9.20718e-05 -1.01706
0.000886794 -9.20718e-05 -1.01707
0.00111587 2.24659e-05 -1.01705
0.00100133 2.24659e-05 -1.01706
0.000886794 2.24659e-05 -1.01707
0.00111587 0.000137004 -1.01705
0.00100133 0.000137004 -1.01706
0.000886794 0.000137004 -1.01707
0.00111587 0.000251541 -1.01705
0.00100133 0.000251541 -1.01706
0.000886794 0.000251541 -1.01707
0.00111587 0.000366079 -1.01705
0.00100133 0.000366079 -1.01706
0.000886794 0.000366079 -1.01706
0.00111587 0.000480617 -1.01704
0.00100133 0.000480617 -1.01705
0.000886794 0.000480617 -1.01706
0.00111587 0.000595154 -1.01704
0.00100133 0.000595154 -1.01705
0.000886794 0.000595154 -1.01706
0.00111587 0.000709692 -1.01704
0.00100133 0.000709692 -1.01705
0.000886794 0.000709692 -1.01706
0.00111587 0.00082423 -1.01704
0.00100133 0.00082423 -1.01705
0.000886794 0.00082423 -1.01706
0.00111587 0.000938767 -1.01704
0.00100133 0.000938767 -1.01705
0.000886794 0.000938767 -1.01706
0.00111587 0.0010533 -1.01703
0.00100133 0.0010533 -1.01704
0.000886794 0.0010533 -1.01705
0.00111587 0.00116784 -1.01703
0.00100133 0.00116784 -1.01704
0.000886794 0.00116784 -1.01705
0.00111587 0.00128238 -1.01703
0.00100133 0.00128238 -1.01704
0.000886794 0.00128238 -1.01705
0.00111587 0.00139692 -1.01703
0.00100133 0.00139692 -1.01704
0.000886794 0.00139692 -1.01705
0.00111587 0.00151146 -1.01703
0.00100133 0.00151146 -1.01704
0.000886794 0.00151146 -1.01705
0.00111587 0.00162599 -1.01702
0.00100133 0.00162599 -1.01703
0.000886794 0.00162599 -1.01704
0.00111587 0.00174053 -1.01702
0.00100133 0.00174053 -1.01703
0.000886794 0.00174053 -1.01704
0.00111587 0.00185507 -1.01702
0.00100133 0.00185507 -1.01703
0.000886794 0.00185507 -1.01704
0.00111587 0.00196961 -1.01702
0.00100133 0.00196961 -1.01703
0.000886794 0.00196961 -1.01704
0.00111587 0.00208414 -1.01702
0.00100133 0.00208414 -1.01703
0.000886794 0.00208414 -1.01704
0.00111587 0.00219868 -1.01702
0.00100133 0.00219868 -1.01703
0.000886794 0.00219868 -1.01703
0.00111587 0.00231322 -1.01701
0.00100133 0.00231322 -1.01702
0.000886794 0.00231322 -1.01703
0.00111587 0.00242776 -1.01701
0.00100133 0.00242776 -1.01702
0.000886794 0.00242776 -1.01703
0.00111587 0.00254229 -1.01701
0.00100133 0.00254229 -1.01702
0.000886794 0.00254229 -1.01703
0.00111587 0.00265683 -1.01701
0.00100133 0.00265683 -1.01702
0.000886794 0.00265683 -1.01703
0.00111587 0.00277137 -1.01701
0.00100133 0.00277137 -1.01702
0.000886794 0.00277137 -1.01703
0.00111587 0.00288591 -1.017
0.00100133 0.00288591 -1.01701
0.000886794 0.00288591 -1.01702
