-0.000642269 -0.0233478 -1.00382
-0.000866222 -0.0233478 -1.00382
-0.00109017 -0.0233478 -1.00381
-0.000642269 -0.0231238 -1.00382
-0.000866222 -0.0231238 -1.00382
-0.00109017 -0.0231238 -1.00381
-0.000642269 -0.0228999 -1.00382
-0.000866222 -0.0228999 -1.00382
-0.00109017 -0.0228999 -1.00381
-0.000642269 -0.0226759 -1.00382
-0.000866222 -0.0226759 -1.00382
-0.00109017 -0.0226759 -1.00381
-0.000642269 -0.022452 -1.00382
-0.000866222 -0.022452 -1.00382
-0.00109017 -0.022452 -1.00381
-0.000642269 -0.022228 -1.00382
-0.000866222 -0.022228 -1.00382
-0.00109017 -0.022228 -1.00381
-0.000642269 -0.0220041 -1.00382
-0.000866222 -0.0220041 -1.00382
-0.00109017 -0.0220041 -1.00381
-0.000642269 -0.0217801 -1.00382
-0.000866222 -0.0217801 -1.00382
-0.00109017 -0.0217801 -1.00381
-0.000642269 -0.0215562 -1.00382
-0.000866222 -0.0215562 -1.00382
-0.00109017 -0.0215562 -1.00381
-0.000642269 -0.0213322 -1.00382
-0.000866222 -0.0213322 -1.00382
-0.00109017 -0.0213322 -1.00381
-0.000642269 -0.0211083 -1.00382
-0.000866222 -0.0211083 -1.00382
-0.00109017 -0.0211083 -1.00381
-0.000642269 -0.0208843 -1.00382
-0.000866222 -0.0208843 -1.00382
-0.00109017 -0.0208843 -1.00381
-0.000642269 -0.0206603 -1.00383
-0.000866222 -0.0206603 -1.00382
-0.00109017 -0.0206603 -1.00381
-0.000642269 -0.0204364 -1.00383
-0.000866222 -0.0204364 -1.00382
-0.00109017 -0.0204364 -1.00381
-0.000642269 -0.0202124 -1.00383
-0.000866222 -0.0202124 -1.00382
-0.00109017 -0.0202124 -1.00381
-0.000642269 -0.0199885 -1.00383
-0.000866222 -0.0199885 -1.00382
-0.00109017 -0.0199885 -1.00381
-0.000642269 -0.0197645 -1.00383
-0.000866222 -0.0197645 -1.00382
-0.00109017 -0.0197645 -1.00381
-0.000642269 -0.0195406 -1.00383
-0.000866222 -0.0195406 -1.00382
-0.00109017 -0.0195406 -1.00381
-0.000642269 -0.0193166 -1.00383
-0.000866222 -0.0193166 -1.00382
-0.00109017 -0.0193166 -1.00381
-0.000642269 -0.0190927 -1.00383
-0.000866222 -0.0190927 -1.00382
-0.00109017 -0.0190927 -1.00381
-0.000642269 -0.0188687 -1.00383
-0.000866222 -0.0188687 -1.00382
-0.00109017 -0.0188687 -1.00381
-0.000642269 -0.0186448 -1.00383
-0.000866222 -0.0186448 -1.00382
-0.00109017 -0.0186448 -1.00382
-0.000642269 -0.0184208 -1.00383
-0.000866222 -0.0184208 -1.00382
-0.00109017 -0.0184208 -1.00382
-0.000642269 -0.0181969 -1.00383
-0.000866222 -0.0181969 -1.00382
-0.00109017 -0.0181969 -1.00382
-0.000642269 -0.0179729 -1.00383
-0.000866222 -0.0179729 -1.00382
-0.00109017 -0.0179729 -1.00382
-0.000642269 -0.017749 -1.00383
-0.000866222 -0.017749 -1.00382
-0.00109017 -0.017749 -1.00382
-0.000642269 -0.017525 -1.00383
-0.000866222 -0.017525 -1.00382
-0.00109017 -0.017525 -1.00382
-0.000642269 -0.0173011 -1.00383
-0.000866222 -0.0173011 -1.00382
-0.00109017 -0.0173011 -1.00382
-0.000642269 -0.0170771 -1.00383
-0.000866222 -0.0170771 -1.00382
-0.00109017 -0.0170771 -1.00382
-0.000642269 -0.0168531 -1.00383
-0.000866222 -0.0168531 -1.00382
-0.00109017 -0.0168531 -1.00382
-0.000642269 -0.0166292 -1.00383
-0.000866222 -0.0166292 -1.00382
-0.00109017 -0.0166292 -1.00382
-0.000642269 -0.0164052 -1.00383
-0.000866222 -0.0164052 -1.00382
-0.00109017 -0.0164052 -1.00382
-0.000642269 -0.0161813 -1.00383
-0.000866222 -0.0161813 -1.00382
-0.00109017 -0.0161813 -1.00382
-0.000642269 -0.0159573 -1.00383
-0.000866222 -0.0159573 -1.00382
-0.00109017 -0.0159573 -1.00382
-0.000642269 -0.0157334 -1.00383
-0.000866222 -0.0157334 -1.00382
-0.00109017 -0.0157334 -1.00382
-0.000642269 -0.0155094 -1.00383
-0.000866222 -0.0155094 -1.00382
-0.00109017 -0.0155094 -1.00382
-0.000642269 -0.0152855 -1.00383
-0.000866222 -0.0152855 -1.00382
-0.00109017 -0.0152855 -1.00382
-0.000642269 -0.0150615 -1.00383
-0.000866222 -0.0150615 -1.00382
-0.00109017 -0.0150615 -1.00382
-0.000642269 -0.0148376 -1.00383
-0.000866222 -0.0148376 -1.00382
-0.00109017 -0.0148376 -1.00382
-0.000642269 -0.0146136 -1.00383
-0.000866222 -0.0146136 -1.00382
-0.00109017 -0.0146136 -1.00382
-0.000642269 -0.0143897 -1.00383
-0.000866222 -0.0143897 -1.00382
-0.00109017 -0.0143897 -1.00382
-0.000642269 -0.0141657 -1.00383
-0.000866222 -0.0141657 -1.00382
-0.00109017 -0.0141657 -1.00382
-0.000642269 -0.0139418 -1.00383
-0.000866222 -0.0139418 -1.00382
-0.00109017 -0.0139418 -1.00382
-0.000642269 -0.0137178 -1.00383
-0.000866222 -0.0137178 -1.00382
-0.00109017 -0.0137178 -1.00382
-0.000642269 -0.0134939 -1.00383
-0.000866222 -0.0134939 -1.00382
-0.00109017 -0.0134939 -1.00382
-0.000642269 -0.0132699 -1.00383
-0.000866222 -0.0132699 -1.00382
-0.00109017 -0.0132699 -1.00382
-0.000642269 -0.013046 -1.00383
-0.000866222 -0.013046 -1.00382
-0.00109017 -0.013046 -1.00382
-0.000642269 -0.012822 -1.00383
-0.000866222 -0.012822 -1.00382
-0.00109017 -0.012822 -1.00382
-0.000642269 -0.012598 -1.00383
-0.000866222 -0.012598 -1.00382
-0.00109017 -0.012598 -1.00382
-0.000642269 -0.0123741 -1.00383
-0.000866222 -0.0123741 -1.00382
-0.00109017 -0.0123741 -1.00382
-0.000642269 -0.0121501 -1.00383
-0.000866222 -0.0121501 -1.00383
-0.00109017 -0.0121501 -1.00382
-0.000642269 -0.0119262 -1.00383
-0.000866222 -0.0119262 -1.00383
-0.00109017 -0.0119262 -1.00382
-0.000642269 -0.0117022 -1.00383
-0.000866222 -0.0117022 -1.00383
-0.00109017 -0.0117022 -1.00382
-0.000642269 -0.0114783 -1.00383
-0.000866222 -0.0114783 -1.00383
-0.00109017 -0.0114783 -1.00382
-0.000642269 -0.0112543 -1.00383
-0.000866222 -0.0112543 -1.00383
-0.00109017 -0.0112543 -1.00382
-0.000642269 -0.0110304 -1.00383
-0.000866222 -0.0110304 -1.00383
-0.00109017 -0.0110304 -1.00382
-0.000642269 -0.0108064 -1.00383
-0.000866222 -0.0108064 -1.00383
-0.00109017 -0.0108064 -1.00382
-0.000642269 -0.0105825 -1.00383
-0.000866222 -0.0105825 -1.00383
-0.00109017 -0.0105825 -1.00382
-0.000642269 -0.0103585 -1.00383
-0.000866222 -0.0103585 -1.00383
-0.00109017 -0.0103585 -1.00382
-0.000642269 -0.0101346 -1.00383
-0.000866222 -0.0101346 -1.00383
-0.00109017 -0.0101346 -1.00382
-0.000642269 -0.00991061 -1.00383
-0.000866222 -0.00991061 -1.00383
-0.00109017 -0.00991061 -1.00382
-0.000642269 -0.00968666 -1.00383
-0.000866222 -0.00968666 -1.00383
-0.00109017 -0.00968666 -1.00382
-0.000642269 -0.00946271 -1.00383
-0.000866222 -0.00946271 -1.00383
-0.00109017 -0.00946271 -1.00382
-0.000642269 -0.00923876 -1.00383
-0.000866222 -0.00923876 -1.00383
-0.00109017 -0.00923876 -1.00382
-0.000642269 -0.0090148 -1.00383
-0.000866222 -0.0090148 -1.00383
-0.00109017 -0.0090148 -1.00382
-0.000642269 -0.00879085 -1.00383
-0.000866222 -0.00879085 -1.00383
-0.00109017 -0.00879085 -1.00382
-0.000642269 -0.0085669 -1.00383
-0.000866222 -0.0085669 -1.00383
-0.00109017 -0.0085669 -1.00382
-0.000642269 -0.00834294 -1.00383
-0.000866222 -0.00834294 -1.00383
-0.00109017 -0.00834294 -1.00382
-0.000642269 -0.00811899 -1.00383
-0.000866222 -0.00811899 -1.00383
-0.00109017 -0.00811899 -1.00382
-0.000642269 -0.00789504 -1.00383
-0.000866222 -0.00789504 -1.00383
-0.00109017 -0.00789504 -1.00382
-0.000642269 -0.00767109 -1.00383
-0.000866222 -0.00767109 -1.00383
-0.00109017 -0.00767109 -1.00382
-0.000642269 -0.00744713 -1.00383
-0.000866222 -0.00744713 -1.00383
-0.00109017 -0.00744713 -1.00382
-0.000642269 -0.00722318 -1.00383
-0.000866222 -0.00722318 -1.00383
-0.00109017 -0.00722318 -1.00382
-0.000642269 -0.00699923 -1.00383
-0.000866222 -0.00699923 -1.00383
-0.00109017 -0.00699923 -1.00382
-0.000642269 -0.00677527 -1.00383
-0.000866222 -0.00677527 -1.00383
-0.00109017 -0.00677527 -1.00382
-0.000642269 -0.00655132 -1.00383
-0.000866222 -0.00655132 -1.00383
-0.00109017 -0.00655132 -1.00382
-0.000642269 -0.00632737 -1.00383
-0.000866222 -0.00632737 -1.00383
-0.00109017 -0.00632737 -1.00382
-0.000642269 -0.00610342 -1.00383
-0.000866222 -0.00610342 -1.00383
-0.00109017 -0.00610342 -1.00382
-0.000642269 -0.00587946 -1.00384
-0.000866222 -0.00587946 -1.00383
-0.00109017 -0.00587946 -1.00382
-0.000642269 -0.00565551 -1.00384
-0.000866222 -0.00565551 -1.00383
-0.00109017 -0.00565551 -1.00382
-0.000642269 -0.00543156 -1.00384
-0.000866222 -0.00543156 -1.00383
-0.00109017 -0.00543156 -1.00382
-0.000642269 -0.00520761 -1.00384
-0.000866222 -0.00520761 -1.00383
-0.00109017 -0.00520761 -1.00382
-0.000642269 -0.00498365 -1.00384
-0.000866222 -0.00498365 -1.00383
-0.00109017 -0.00498365 -1.00382
-0.000642269 -0.0047597 -1.00384
-0.000866222 -0.0047597 -1.00383
-0.00109017 -0.0047597 -1.00382
-0.000642269 -0.00453575 -1.00384
-0.000866222 -0.00453575 -1.00383
-0.00109017 -0.00453575 -1.00382
-0.000642269 -0.00431179 -1.00384
-0.000866222 -0.00431179 -1.00383
-0.00109017 -0.00431179 -1.00382
-0.000642269 -0.00408784 -1.00384
-0.000866222 -0.00408784 -1.00383
-0.00109017 -0.00408784 -1.00382
-0.000642269 -0.00386389 -1.00384
-0.000866222 -0.00386389 -1.00383
-0.00109017 -0.00386389 -1.00383
-0.000642269 -0.00363994 -1.00384
-0.000866222 -0.00363994 -1.00383
-0.00109017 -0.00363994 -1.00383
-0.000642269 -0.00341598 -1.00384
-0.000866222 -0.00341598 -1.00383
-0.00109017 -0.00341598 -1.00383
-0.000642269 -0.00319203 -1.00384
-0.000866222 -0.00319203 -1.00383
-0.00109017 -0.00319203 -1.00383
-0.000642269 -0.00296808 -1.00384
-0.000866222 -0.00296808 -1.00383
-0.00109017 -0.00296808 -1.00383
-0.000642269 -0.00274413 -1.00384
-0.000866222 -0.00274413 -1.00383
-0.00109017 -0.00274413 -1.00383
-0.000642269 -0.00252017 -1.00384
-0.000866222 -0.00252017 -1.00383
-0.00109017 -0.00252017 -1.00383
-0.000642269 -0.00229622 -1.00384
-0.000866222 -0.00229622 -1.00383
-0.00109017 -0.00229622 -1.00383
-0.000642269 -0.00207227 -1.00384
-0.000866222 -0.00207227 -1.00383
-0.00109017 -0.00207227 -1.00383
-0.000642269 -0.00184831 -1.00384
-0.000866222 -0.00184831 -1.00383
-0.00109017 -0.00184831 -1.00383
-0.000642269 -0.00162436 -1.00384
-0.000866222 -0.00162436 -1.00383
-0.00109017 -0.00162436 -1.00383
-0.000642269 -0.00140041 -1.00384
-0.000866222 -0.00140041 -1.00383
-0.00109017 -0.00140041 -1.00383
-0.000642269 -0.00117646 -1.00384
-0.000866222 -0.00117646 -1.00383
-0.00109017 -0.00117646 -1.00383
-0.000642269 -0.000952503 -1.00384
-0.000866222 -0.000952503 -1.00383
-0.00109017 -0.000952503 -1.00383
-0.000642269 -0.000728551 -1.00384
-0.000866222 -0.000728551 -1.00383
-0.00109017 -0.000728551 -1.00383
-0.000642269 -0.000504598 -1.00384
-0.000866222 -0.000504598 -1.00383
-0.00109017 -0.000504598 -1.00383
-0.000642269 -0.000280645 -1.00384
-0.000866222 -0.000280645 -1.00383
-0.00109017 -0.000280645 -1.00383
-0.000642269 -5.66923e-05 -1.00384
-0.000866222 -5.66923e-05 -1.00383
-0.00109017 -5.66923e-05 -1.00383
-0.000642269 0.00016726 -1.00384
-0.000866222 0.00016726 -1.00383
-0.00109017 0.00016726 -1.00383
-0.000642269 0.000391213 -1.00384
-0.000866222 0.000391213 -1.00383
-0.00109017 0.000391213 -1.00383
-0.000642269 0.000615166 -1.00384
-0.000866222 0.000615166 -1.00383
-0.00109017 0.000615166 -1.00383
-0.000642269 0.000839119 -1.00384
-0.000866222 0.000839119 -1.00383
-0.00109017 0.000839119 -1.00383
-0.000642269 0.00106307 -1.00384
-0.000866222 0.00106307 -1.00383
-0.00109017 0.00106307 -1.00383
-0.000642269 0.00128702 -1.00384
-0.000866222 0.00128702 -1.00383
-0.00109017 0.00128702 -1.00383
