-0.0133256 0.0201992 -0.990195
-0.0128082 0.0201992 -0.990193
-0.0122908 0.0201992 -0.99019
-0.0133256 0.0196818 -0.990197
-0.0128082 0.0196818 -0.990194
-0.0122908 0.0196818 -0.990192
-0.0133256 0.0191643 -0.990199
-0.0128082 0.0191643 -0.990196
-0.0122908 0.0191643 -0.990194
-0.0133256 0.0186469 -0.9902
-0.0128082 0.0186469 -0.990198
-0.0122908 0.0186469 -0.990195
-0.0133256 0.0181295 -0.990202
-0.0128082 0.0181295 -0.990199
-0.0122908 0.0181295 -0.990197
-0.0133256 0.017612 -0.990203
-0.0128082 0.017612 -0.990201
-0.0122908 0.017612 -0.990198
-0.0133256 0.0170946 -0.990205
-0.0128082 0.0170946 -0.990202
-0.0122908 0.0170946 -0.9902
-0.0133256 0.0165772 -0.990206
-0.0128082 0.0165772 -0.990204
-0.0122908 0.0165772 -0.990201
-0.0133256 0.0160597 -0.990208
-0.0128082 0.0160597 -0.990205
-0.0122908 0.0160597 -0.990203
-0.0133256 0.0155423 -0.99021
-0.0128082 0.0155423 -0.990207
-0.0122908 0.0155423 -0.990205
-0.0133256 0.0150248 -0.990211
-0.0128082 0.0150248 -0.990209
-0.0122908 0.0150248 -0.990206
-0.0133256 0.0145074 -0.990213
-0.0128082 0.0145074 -0.99021
-0.0122908 0.0145074 -0.990208
-0.0133256 0.01399 -0.990214
-0.0128082 0.01399 -0.990212
-0.0122908 0.01399 -0.990209
-0.0133256 0.0134725 -0.990216
-0.0128082 0.0134725 -0.990213
-0.0122908 0.0134725 -0.990211
-0.0133256 0.0129551 -0.990217
-0.0128082 0.0129551 -0.990215
-0.0122908 0.0129551 -0.990212
-0.0133256 0.0124376 -0.990219
-0.0128082 0.0124376 -0.990216
-0.0122908 0.0124376 -0.990214
-0.0133256 0.0119202 -0.990221
-0.0128082 0.0119202 -0.990218
-0.0122908 0.0119202 -0.990216
-0.0133256 0.0114028 -0.990222
-0.0128082 0.0114028 -0.99022
-0.0122908 0.0114028 -0.990217
-0.0133256 0.0108853 -0.990224
-0.0128082 0.0108853 -0.990221
-0.0122908 0.0108853 -0.990219
-0.0133256 0.0103679 -0.990225
-0.0128082 0.0103679 -0.990223
-0.0122908 0.0103679 -0.99022
-0.0133256 0.00985046 -0.990227
-0.0128082 0.00985046 -0.990224
-0.0122908 0.00985046 -0.990222
-0.0133256 0.00933302 -0.990228
-0.0128082 0.00933302 -0.990226
-0.0122908 0.00933302 -0.990223
-0.0133256 0.00881558 -0.99023
-0.0128082 0.00881558 -0.990228
-0.0122908 0.00881558 -0.990225
-0.0133256 0.00829815 -0.990232
-0.0128082 0.00829815 -0.990229
-0.0122908 0.00829815 -0.990227
-0.0133256 0.00778071 -0.990233
-0.0128082 0.00778071 -0.990231
-0.0122908 0.00778071 -0.990228
-0.0133256 0.00726327 -0.990235
-0.0128082 0.00726327 -0.990232
-0.0122908 0.00726327 -0.99023
-0.0133256 0.00674583 -0.990236
-0.0128082 0.00674583 -0.990234
-0.0122908 0.00674583 -0.990231
-0.0133256 0.0062284 -0.990238
-0.0128082 0.0062284 -0.990235
-0.0122908 0.0062284 -0.990233
-0.0133256 0.00571096 -0.990239
-0.0128082 0.00571096 -0.990237
-0.0122908 0.00571096 -0.990234
-0.0133256 0.00519352 -0.990241
-0.0128082 0.00519352 -0.990238
-0.0122908 0.00519352 -0.990236
-0.0133256 0.00467608 -0.990243
-0.0128082 0.00467608 -0.99024
-0.0122908 0.00467608 -0.990238
-0.0133256 0.00415864 -0.990244
-0.0128082 0.00415864 -0.990242
-0.0122908 0.00415864 -0.990239
-0.0133256 0.00364121 -0.990246
-0.0128082 0.00364121 -0.990243
-0.0122908 0.00364121 -0.990241
-0.0133256 0.00312377 -0.990247
-0.0128082 0.00312377 -0.990245
-0.0122908 0.00312377 -0.990242
-0.0133256 0.00260633 -0.990249
-0.0128082 0.00260633 -0.990246
-0.0122908 0.00260633 -0.990244
-0.0133256 0.00208889 -0.99025
-0.0128082 0.00208889 -0.990248
-0.0122908 0.00208889 -0.990245
-0.0133256 0.00157146 -0.990252
-0.0128082 0.00157146 -0.99025
-0.0122908 0.00157146 -0.990247
-0.0133256 0.00105402 -0.990254
-0.0128082 0.00105402 -0.990251
-0.0122908 0.00105402 -0.990249
-0.0133256 0.000536581 -0.990255
-0.0128082 0.000536581 -0.990253
-0.0122908 0.000536581 -0.99025
-0.0133256 1.91431e-05 -0.990257
-0.0128082 1.91431e-05 -0.990254
-0.0122908 1.91431e-05 -0.990252
-0.0133256 -0.000498295 -0.990258
-0.0128082 -0.000498295 -0.990256
-0.0122908 -0.000498295 -0.990253
-0.0133256 -0.00101573 -0.99026
-0.0128082 -0.00101573 -0.990257
-0.0122908 -0.00101573 -0.990255
-0.0133256 -0.00153317 -0.990261
-0.0128082 -0.00153317 -0.990259
-0.0122908 -0.00153317 -0.990256
-0.0133256 -0.00205061 -0.990263
-0.0128082 -0.00205061 -0.99026
-0.0122908 -0.00205061 -0.990258
-0.0133256 -0.00256805 -0.990265
-0.0128082 -0.00256805 -0.990262
-0.0122908 -0.00256805 -0.99026
-0.0133256 -0.00308548 -0.990266
-0.0128082 -0.00308548 -0.990264
-0.0122908 -0.00308548 -0.990261
-0.0133256 -0.00360292 -0.990268
-0.0128082 -0.00360292 -0.990265
-0.0122908 -0.00360292 -0.990263
-0.0133256 -0.00412036 -0.990269
-0.0128082 -0.00412036 -0.990267
-0.0122908 -0.00412036 -0.990264
-0.0133256 -0.0046378 -0.990271
-0.0128082 -0.0046378 -0.990268
-0.0122908 -0.0046378 -0.990266
-0.0133256 -0.00515523 -0.990272
-0.0128082 -0.00515523 -0.99027
-0.0122908 -0.00515523 -0.990267
-0.0133256 -0.00567267 -0.990274
-0.0128082 -0.00567267 -0.990272
-0.0122908 -0.00567267 -0.990269
-0.0133256 -0.00619011 -0.990276
-0.0128082 -0.00619011 -0.990273
-0.0122908 -0.00619011 -0.990271
-0.0133256 -0.00670755 -0.990277
-0.0128082 -0.00670755 -0.990275
-0.0122908 -0.00670755 -0.990272
-0.0133256 -0.00722498 -0.990279
-0.0128082 -0.00722498 -0.990276
-0.0122908 -0.00722498 -0.990274
-0.0133256 -0.00774242 -0.99028
-0.0128082 -0.00774242 -0.990278
-0.0122908 -0.00774242 -0.990275
-0.0133256 -0.00825986 -0.990282
-0.0128082 -0.00825986 -0.990279
-0.0122908 -0.00825986 -0.990277
-0.0133256 -0.0087773 -0.990283
-0.0128082 -0.0087773 -0.990281
-0.0122908 -0.0087773 -0.990278
-0.0133256 -0.00929474 -0.990285
-0.0128082 -0.00929474 -0.990283
-0.0122908 -0.00929474 -0.99028
-0.0133256 -0.00981217 -0.990287
-0.0128082 -0.00981217 -0.990284
-0.0122908 -0.00981217 -0.990282
-0.0133256 -0.0103296 -0.990288
-0.0128082 -0.0103296 -0.990286
-0.0122908 -0.0103296 -0.990283
-0.0133256 -0.010847 -0.99029
-0.0128082 -0.010847 -0.990287
-0.0122908 -0.010847 -0.990285
-0.0133256 -0.0113645 -0.990291
-0.0128082 -0.0113645 -0.990289
-0.0122908 -0.0113645 -0.990286
-0.0133256 -0.0118819 -0.990293
-0.0128082 -0.0118819 -0.99029
-0.0122908 -0.0118819 -0.990288
-0.0133256 -0.0123994 -0.990294
-0.0128082 -0.0123994 -0.990292
-0.0122908 -0.0123994 -0.990289
-0.0133256 -0.0129168 -0.990296
-0.0128082 -0.0129168 -0.990294
-0.0122908 -0.0129168 -0.990291
-0.0133256 -0.0134342 -0.990298
-0.0128082 -0.0134342 -0.990295
-0.0122908 -0.0134342 -0.990293
-0.0133256 -0.0139517 -0.990299
-0.0128082 -0.0139517 -0.990297
-0.0122908 -0.0139517 -0.990294
-0.0133256 -0.0144691 -0.990301
-0.0128082 -0.0144691 -0.990298
-0.0122908 -0.0144691 -0.990296
-0.0133256 -0.0149866 -0.990302
-0.0128082 -0.0149866 -0.9903
-0.0122908 -0.0149866 -0.990297
-0.0133256 -0.015504 -0.990304
-0.0128082 -0.015504 -0.990301
-0.0122908 -0.015504 -0.990299
-0.0133256 -0.0160214 -0.990305
-0.0128082 -0.0160214 -0.990303
-0.0122908 -0.0160214 -0.9903
-0.0133256 -0.0165389 -0.990307
-0.0128082 -0.0165389 -0.990305
-0.0122908 -0.0165389 -0.990302
-0.0133256 -0.0170563 -0.990309
-0.0128082 -0.0170563 -0.990306
-0.0122908 -0.0170563 -0.990304
-0.0133256 -0.0175737 -0.99031
-0.0128082 -0.0175737 -0.990308
-0.0122908 -0.0175737 -0.990305
-0.0133256 -0.0180912 -0.990312
-0.0128082 -0.0180912 -0.990309
-0.0122908 -0.0180912 -0.990307
-0.0133256 -0.0186086 -0.990313
-0.0128082 -0.0186086 -0.990311
-0.0122908 -0.0186086 -0.990308
-0.0133256 -0.0191261 -0.990315
-0.0128082 -0.0191261 -0.990312
-0.0122908 -0.0191261 -0.99031
-0.0133256 -0.0196435 -0.990316
-0.0128082 -0.0196435 -0.990314
-0.0122908 -0.0196435 -0.990311
-0.0133256 -0.0201609 -0.990318
-0.0128082 -0.0201609 -0.990316
-0.0122908 -0.0201609 -0.990313
-0.0133256 -0.0206784 -0.99032
-0.0128082 -0.0206784 -0.990317
-0.0122908 -0.0206784 -0.990315
-0.0133256 -0.0211958 -0.990321
-0.0128082 -0.0211958 -0.990319
-0.0122908 -0.0211958 -0.990316
-0.0133256 -0.0217132 -0.990323
-0.0128082 -0.0217132 -0.99032
-0.0122908 -0.0217132 -0.990318
-0.0133256 -0.0222307 -0.990324
-0.0128082 -0.0222307 -0.990322
-0.0122908 -0.0222307 -0.990319
-0.0133256 -0.0227481 -0.990326
-0.0128082 -0.0227481 -0.990323
-0.0122908 -0.0227481 -0.990321
-0.0133256 -0.0232656 -0.990327
-0.0128082 -0.0232656 -0.990325
-0.0122908 -0.0232656 -0.990322
-0.0133256 -0.023783 -0.990329
-0.0128082 -0.023783 -0.990327
-0.0122908 -0.023783 -0.990324
-0.0133256 -0.0243004 -0.990331
-0.0128082 -0.0243004 -0.990328
-0.0122908 -0.0243004 -0.990326
-0.0133256 -0.0248179 -0.990332
-0.0128082 -0.0248179 -0.99033
-0.0122908 -0.0248179 -0.990327
-0.0133256 -0.0253353 -0.990334
-0.0128082 -0.0253353 -0.990331
-0.0122908 -0.0253353 -0.990329
-0.0133256 -0.0258527 -0.990335
-0.0128082 -0.0258527 -0.990333
-0.0122908 -0.0258527 -0.99033
-0.0133256 -0.0263702 -0.990337
-0.0128082 -0.0263702 -0.990334
-0.0122908 -0.0263702 -0.990332
-0.0133256 -0.0268876 -0.990338
-0.0128082 -0.0268876 -0.990336
-0.0122908 -0.0268876 -0.990333
-0.0133256 -0.0274051 -0.99034
-0.0128082 -0.0274051 -0.990338
-0.0122908 -0.0274051 -0.990335
-0.0133256 -0.0279225 -0.990342
-0.0128082 -0.0279225 -0.990339
-0.0122908 -0.0279225 -0.990337
-0.0133256 -0.0284399 -0.990343
-0.0128082 -0.0284399 -0.990341
-0.0122908 -0.0284399 -0.990338
-0.0133256 -0.0289574 -0.990345
-0.0128082 -0.0289574 -0.990342
-0.0122908 -0.0289574 -0.99034
-0.0133256 -0.0294748 -0.990346
-0.0128082 -0.0294748 -0.990344
-0.0122908 -0.0294748 -0.990341
-0.0133256 -0.0299922 -0.990348
-0.0128082 -0.0299922 -0.990345
-0.0122908 -0.0299922 -0.990343
-0.0133256 -0.0305097 -0.990349
-0.0128082 -0.0305097 -0.990347
-0.0122908 -0.0305097 -0.990344
-0.0133256 -0.0310271 -0.990351
-0.0128082 -0.0310271 -0.990349
-0.0122908 -0.0310271 -0.990346
-0.0133256 -0.0315446 -0.990353
-0.0128082 -0.0315446 -0.99035
-0.0122908 -0.0315446 -0.990348
-0.0133256 -0.032062 -0.990354
-0.0128082 -0.032062 -0.990352
-0.0122908 -0.032062 -0.990349
-0.0133256 -0.0325794 -0.990356
-0.0128082 -0.0325794 -0.990353
-0.0122908 -0.0325794 -0.990351
-0.0133256 -0.0330969 -0.990357
-0.0128082 -0.0330969 -0.990355
-0.0122908 -0.0330969 -0.990352
-0.0133256 -0.0336143 -0.990359
-0.0128082 -0.0336143 -0.990356
-0.0122908 -0.0336143 -0.990354
-0.0133256 -0.0341317 -0.99036
-0.0128082 -0.0341317 -0.990358
-0.0122908 -0.0341317 -0.990355
-0.0133256 -0.0346492 -0.990362
-0.0128082 -0.0346492 -0.99036
-0.0122908 -0.0346492 -0.990357
-0.0133256 -0.0351666 -0.990364
-0.0128082 -0.0351666 -0.990361
-0.0122908 -0.0351666 -0.990359
-0.0133256 -0.0356841 -0.990365
-0.0128082 -0.0356841 -0.990363
-0.0122908 -0.0356841 -0.99036
-0.0133256 -0.0362015 -0.990367
-0.0128082 -0.0362015 -0.990364
-0.0122908 -0.0362015 -0.990362
-0.0133256 -0.0367189 -0.990368
-0.0128082 -0.0367189 -0.990366
-0.0122908 -0.0367189 -0.990363
