-0.00196336 0.0537418 -0.997796
-0.00117824 0.0537418 -0.997791
-0.000393112 0.0537418 -0.997786
-0.00196336 0.0529567 -0.997799
-0.00117824 0.0529567 -0.997794
-0.000393112 0.0529567 -0.997788
-0.00196336 0.0521716 -0.997801
-0.00117824 0.0521716 -0.997796
-0.000393112 0.0521716 -0.997791
-0.00196336 0.0513865 -0.997803
-0.00117824 0.0513865 -0.997798
-0.000393112 0.0513865 -0.997793
-0.00196336 0.0506013 -0.997805
-0.00117824 0.0506013 -0.9978
-0.000393112 0.0506013 -0.997795
-0.00196336 0.0498162 -0.997807
-0.00117824 0.0498162 -0.997802
-0.000393112 0.0498162 -0.997797
-0.00196336 0.0490311 -0.997809
-0.00117824 0.0490311 -0.997804
-0.000393112 0.0490311 -0.997799
-0.00196336 0.048246 -0.997811
-0.00117824 0.048246 -0.997806
-0.000393112 0.048246 -0.997801
-0.00196336 0.0474608 -0.997814
-0.00117824 0.0474608 -0.997808
-0.000393112 0.0474608 -0.997803
-0.00196336 0.0466757 -0.997816
-0.00117824 0.0466757 -0.997811
-0.000393112 0.0466757 -0.997806
-0.00196336 0.0458906 -0.997818
-0.00117824 0.0458906 -0.997813
-0.000393112 0.0458906 -0.997808
-0.00196336 0.0451055 -0.99782
-0.00117824 0.0451055 -0.997815
-0.000393112 0.0451055 -0.99781
-0.00196336 0.0443203 -0.997822
-0.00117824 0.0443203 -0.997817
-0.000393112 0.0443203 -0.997812
-0.00196336 0.0435352 -0.997824
-0.00117824 0.0435352 -0.997819
-0.000393112 0.0435352 -0.997814
-0.00196336 0.0427501 -0.997826
-0.00117824 0.0427501 -0.997821
-0.000393112 0.0427501 -0.997816
-0.00196336 0.041965 -0.997828
-0.00117824 0.041965 -0.997823
-0.000393112 0.041965 -0.997818
-0.00196336 0.0411798 -0.997831
-0.00117824 0.0411798 -0.997825
-0.000393112 0.0411798 -0.99782
-0.00196336 0.0403947 -0.997833
-0.00117824 0.0403947 -0.997828
-0.000393112 0.0403947 -0.997823
-0.00196336 0.0396096 -0.997835
-0.00117824 0.0396096 -0.99783
-0.000393112 0.0396096 -0.997825
-0.00196336 0.0388245 -0.997837
-0.00117824 0.0388245 -0.997832
-0.000393112 0.0388245 -0.997827
-0.00196336 0.0380393 -0.997839
-0.00117824 0.0380393 -0.997834
-0.000393112 0.0380393 -0.997829
-0.00196336 0.0372542 -0.997841
-0.00117824 0.0372542 -0.997836
-0.000393112 0.0372542 -0.997831
-0.00196336 0.0364691 -0.997843
-0.00117824 0.0364691 -0.997838
-0.000393112 0.0364691 -0.997833
-0.00196336 0.035684 -0.997845
-0.00117824 0.035684 -0.99784
-0.000393112 0.035684 -0.997835
-0.00196336 0.0348988 -0.997848
-0.00117824 0.0348988 -0.997842
-0.000393112 0.0348988 -0.997837
-0.00196336 0.0341137 -0.99785
-0.00117824 0.0341137 -0.997845
-0.000393112 0.0341137 -0.99784
-0.00196336 0.0333286 -0.997852
-0.00117824 0.0333286 -0.997847
-0.000393112 0.0333286 -0.997842
-0.00196336 0.0325435 -0.997854
-0.00117824 0.0325435 -0.997849
-0.000393112 0.0325435 -0.997844
-0.00196336 0.0317583 -0.997856
-0.00117824 0.0317583 -0.997851
-0.000393112 0.0317583 -0.997846
-0.00196336 0.0309732 -0.997858
-0.00117824 0.0309732 -0.997853
-0.000393112 0.0309732 -0.997848
-0.00196336 0.0301881 -0.99786
-0.00117824 0.0301881 -0.997855
-0.000393112 0.0301881 -0.99785
-0.00196336 0.029403 -0.997862
-0.00117824 0.029403 -0.997857
-0.000393112 0.029403 -0.997852
-0.00196336 0.0286178 -0.997865
-0.00117824 0.0286178 -0.997859
-0.000393112 0.0286178 -0.997854
-0.00196336 0.0278327 -0.997867
-0.00117824 0.0278327 -0.997862
-0.000393112 0.0278327 -0.997857
-0.00196336 0.0270476 -0.997869
-0.00117824 0.0270476 -0.997864
-0.000393112 0.0270476 -0.997859
-0.00196336 0.0262625 -0.997871
-0.00117824 0.0262625 -0.997866
-0.000393112 0.0262625 -0.997861
-0.00196336 0.0254773 -0.997873
-0.00117824 0.0254773 -0.997868
-0.000393112 0.0254773 -0.997863
-0.00196336 0.0246922 -0.997875
-0.00117824 0.0246922 -0.99787
-0.000393112 0.0246922 -0.997865
-0.00196336 0.0239071 -0.997877
-0.00117824 0.0239071 -0.997872
-0.000393112 0.0239071 -0.997867
-0.00196336 0.023122 -0.997879
-0.00117824 0.023122 -0.997874
-0.000393112 0.023122 -0.997869
-0.00196336 0.0223368 -0.997882
-0.00117824 0.0223368 -0.997877
-0.000393112 0.0223368 -0.997871
-0.00196336 0.0215517 -0.997884
-0.00117824 0.0215517 -0.997879
-0.000393112 0.0215517 -0.997874
-0.00196336 0.0207666 -0.997886
-0.00117824 0.0207666 -0.997881
-0.000393112 0.0207666 -0.997876
-0.00196336 0.0199815 -0.997888
-0.00117824 0.0199815 -0.997883
-0.000393112 0.0199815 -0.997878
-0.00196336 0.0191963 -0.99789
-0.00117824 0.0191963 -0.997885
-0.000393112 0.0191963 -0.99788
-0.00196336 0.0184112 -0.997892
-0.00117824 0.0184112 -0.997887
-0.000393112 0.0184112 -0.997882
-0.00196336 0.0176261 -0.997894
-0.00117824 0.0176261 -0.997889
-0.000393112 0.0176261 -0.997884
-0.00196336 0.016841 -0.997896
-0.00117824 0.016841 -0.997891
-0.000393112 0.016841 -0.997886
-0.00196336 0.0160558 -0.997899
-0.00117824 0.0160558 -0.997894
-0.000393112 0.0160558 -0.997889
-0.00196336 0.0152707 -0.997901
-0.00117824 0.0152707 -0.997896
-0.000393112 0.0152707 -0.997891
-0.00196336 0.0144856 -0.997903
-0.00117824 0.0144856 -0.997898
-0.000393112 0.0144856 -0.997893
-0.00196336 0.0137005 -0.997905
-0.00117824 0.0137005 -0.9979
-0.000393112 0.0137005 -0.997895
-0.00196336 0.0129153 -0.997907
-0.00117824 0.0129153 -0.997902
-0.000393112 0.0129153 -0.997897
-0.00196336 0.0121302 -0.997909
-0.00117824 0.0121302 -0.997904
-0.000393112 0.0121302 -0.997899
-0.00196336 0.0113451 -0.997911
-0.00117824 0.0113451 -0.997906
-0.000393112 0.0113451 -0.997901
-0.00196336 0.01056 -0.997913
-0.00117824 0.01056 -0.997908
-0.000393112 0.01056 -0.997903
-0.00196336 0.00977483 -0.997916
-0.00117824 0.00977483 -0.997911
-0.000393112 0.00977483 -0.997905
-0.00196336 0.0089897 -0.997918
-0.00117824 0.0089897 -0.997913
-0.000393112 0.0089897 -0.997908
-0.00196336 0.00820458 -0.99792
-0.00117824 0.00820458 -0.997915
-0.000393112 0.00820458 -0.99791
-0.00196336 0.00741945 -0.997922
-0.00117824 0.00741945 -0.997917
-0.000393112 0.00741945 -0.997912
-0.00196336 0.00663433 -0.997924
-0.00117824 0.00663433 -0.997919
-0.000393112 0.00663433 -0.997914
-0.00196336 0.0058492 -0.997926
-0.00117824 0.0058492 -0.997921
-0.000393112 0.0058492 -0.997916
-0.00196336 0.00506408 -0.997928
-0.00117824 0.00506408 -0.997923
-0.000393112 0.00506408 -0.997918
-0.00196336 0.00427895 -0.997931
-0.00117824 0.00427895 -0.997925
-0.000393112 0.00427895 -0.99792
-0.00196336 0.00349383 -0.997933
-0.00117824 0.00349383 -0.997928
-0.000393112 0.00349383 -0.997923
-0.00196336 0.0027087 -0.997935
-0.00117824 0.0027087 -0.99793
-0.000393112 0.0027087 -0.997925
-0.00196336 0.00192358 -0.997937
-0.00117824 0.00192358 -0.997932
-0.000393112 0.00192358 -0.997927
-0.00196336 0.00113845 -0.997939
-0.00117824 0.00113845 -0.997934
-0.000393112 0.00113845 -0.997929
-0.00196336 0.000353328 -0.997941
-0.00117824 0.000353328 -0.997936
-0.000393112 0.000353328 -0.997931
-0.00196336 -0.000431797 -0.997943
-0.00117824 -0.000431797 -0.997938
-0.000393112 -0.000431797 -0.997933
-0.00196336 -0.00121692 -0.997945
-0.00117824 -0.00121692 -0.99794
-0.000393112 -0.00121692 -0.997935
-0.00196336 -0.00200205 -0.997948
-0.00117824 -0.00200205 -0.997942
-0.000393112 -0.00200205 -0.997937
-0.00196336 -0.00278717 -0.99795
-0.00117824 -0.00278717 -0.997945
-0.000393112 -0.00278717 -0.99794
-0.00196336 -0.0035723 -0.997952
-0.00117824 -0.0035723 -0.997947
-0.000393112 -0.0035723 -0.997942
-0.00196336 -0.00435742 -0.997954
-0.00117824 -0.00435742 -0.997949
-0.000393112 -0.00435742 -0.997944
-0.00196336 -0.00514255 -0.997956
-0.00117824 -0.00514255 -0.997951
-0.000393112 -0.00514255 -0.997946
-0.00196336 -0.00592767 -0.997958
-0.00117824 -0.00592767 -0.997953
-0.000393112 -0.00592767 -0.997948
-0.00196336 -0.0067128 -0.99796
-0.00117824 -0.0067128 -0.997955
-0.000393112 -0.0067128 -0.99795
-0.00196336 -0.00749792 -0.997962
-0.00117824 -0.00749792 -0.997957
-0.000393112 -0.00749792 -0.997952
-0.00196336 -0.00828305 -0.997965
-0.00117824 -0.00828305 -0.997959
-0.000393112 -0.00828305 -0.997954
-0.00196336 -0.00906817 -0.997967
-0.00117824 -0.00906817 -0.997962
-0.000393112 -0.00906817 -0.997957
-0.00196336 -0.0098533 -0.997969
-0.00117824 -0.0098533 -0.997964
-0.000393112 -0.0098533 -0.997959
-0.00196336 -0.0106384 -0.997971
-0.00117824 -0.0106384 -0.997966
-0.000393112 -0.0106384 -0.997961
-0.00196336 -0.0114235 -0.997973
-0.00117824 -0.0114235 -0.997968
-0.000393112 -0.0114235 -0.997963
-0.00196336 -0.0122087 -0.997975
-0.00117824 -0.0122087 -0.99797
-0.000393112 -0.0122087 -0.997965
-0.00196336 -0.0129938 -0.997977
-0.00117824 -0.0129938 -0.997972
-0.000393112 -0.0129938 -0.997967
-0.00196336 -0.0137789 -0.997979
-0.00117824 -0.0137789 -0.997974
-0.000393112 -0.0137789 -0.997969
-0.00196336 -0.014564 -0.997982
-0.00117824 -0.014564 -0.997976
-0.000393112 -0.014564 -0.997971
-0.00196336 -0.0153492 -0.997984
-0.00117824 -0.0153492 -0.997979
-0.000393112 -0.0153492 -0.997974
-0.00196336 -0.0161343 -0.997986
-0.00117824 -0.0161343 -0.997981
-0.000393112 -0.0161343 -0.997976
-0.00196336 -0.0169194 -0.997988
-0.00117824 -0.0169194 -0.997983
-0.000393112 -0.0169194 -0.997978
-0.00196336 -0.0177045 -0.99799
-0.00117824 -0.0177045 -0.997985
-0.000393112 -0.0177045 -0.99798
-0.00196336 -0.0184897 -0.997992
-0.00117824 -0.0184897 -0.997987
-0.000393112 -0.0184897 -0.997982
-0.00196336 -0.0192748 -0.997994
-0.00117824 -0.0192748 -0.997989
-0.000393112 -0.0192748 -0.997984
-0.00196336 -0.0200599 -0.997996
-0.00117824 -0.0200599 -0.997991
-0.000393112 -0.0200599 -0.997986
-0.00196336 -0.020845 -0.997999
-0.00117824 -0.020845 -0.997994
-0.000393112 -0.020845 -0.997988
-0.00196336 -0.0216302 -0.998001
-0.00117824 -0.0216302 -0.997996
-0.000393112 -0.0216302 -0.997991
-0.00196336 -0.0224153 -0.998003
-0.00117824 -0.0224153 -0.997998
-0.000393112 -0.0224153 -0.997993
-0.00196336 -0.0232004 -0.998005
-0.00117824 -0.0232004 -0.998
-0.000393112 -0.0232004 -0.997995
-0.00196336 -0.0239855 -0.998007
-0.00117824 -0.0239855 -0.998002
-0.000393112 -0.0239855 -0.997997
-0.00196336 -0.0247707 -0.998009
-0.00117824 -0.0247707 -0.998004
-0.000393112 -0.0247707 -0.997999
-0.00196336 -0.0255558 -0.998011
-0.00117824 -0.0255558 -0.998006
-0.000393112 -0.0255558 -0.998001
-0.00196336 -0.0263409 -0.998013
-0.00117824 -0.0263409 -0.998008
-0.000393112 -0.0263409 -0.998003
-0.00196336 -0.027126 -0.998016
-0.00117824 -0.027126 -0.998011
-0.000393112 -0.027126 -0.998006
-0.00196336 -0.0279112 -0.998018
-0.00117824 -0.0279112 -0.998013
-0.000393112 -0.0279112 -0.998008
-0.00196336 -0.0286963 -0.99802
-0.00117824 -0.0286963 -0.998015
-0.000393112 -0.0286963 -0.99801
-0.00196336 -0.0294814 -0.998022
-0.00117824 -0.0294814 -0.998017
-0.000393112 -0.0294814 -0.998012
-0.00196336 -0.0302665 -0.998024
-0.00117824 -0.0302665 -0.998019
-0.000393112 -0.0302665 -0.998014
-0.00196336 -0.0310517 -0.998026
-0.00117824 -0.0310517 -0.998021
-0.000393112 -0.0310517 -0.998016
-0.00196336 -0.0318368 -0.998028
-0.00117824 -0.0318368 -0.998023
-0.000393112 -0.0318368 -0.998018
-0.00196336 -0.0326219 -0.99803
-0.00117824 -0.0326219 -0.998025
-0.000393112 -0.0326219 -0.99802
