0.00642817 0.0435593 -1.00525
0.00695033 0.0435593 -1.00523
0.0074725 0.0435593 -1.00521
0.00642817 0.0430372 -1.00525
0.00695033 0.0430372 -1.00523
0.0074725 0.0430372 -1.00521
0.00642817 0.042515 -1.00525
0.00695033 0.042515 -1.00523
0.0074725 0.042515 -1.00521
0.00642817 0.0419928 -1.00526
0.00695033 0.0419928 -1.00524
0.0074725 0.0419928 -1.00522
0.00642817 0.0414707 -1.00526
0.00695033 0.0414707 -1.00524
0.0074725 0.0414707 -1.00522
0.00642817 0.0409485 -1.00526
0.00695033 0.0409485 -1.00524
0.0074725 0.0409485 -1.00522
0.00642817 0.0404263 -1.00527
0.00695033 0.0404263 -1.00525
0.0074725 0.0404263 -1.00523
0.00642817 0.0399042 -1.00527
0.00695033 0.0399042 -1.00525
0.0074725 0.0399042 -1.00523
0.00642817 0.039382 -1.00527
0.00695033 0.039382 -1.00525
0.0074725 0.039382 -1.00523
0.00642817 0.0388598 -1.00528
0.00695033 0.0388598 -1.00526
0.0074725 0.0388598 -1.00524
0.00642817 0.0383377 -1.00528
0.00695033 0.0383377 -1.00526
0.0074725 0.0383377 -1.00524
0.00642817 0.0378155 -1.00528
0.00695033 0.0378155 -1.00526
0.0074725 0.0378155 -1.00524
0.00642817 0.0372934 -1.00529
0.00695033 0.0372934 -1.00527
0.0074725 0.0372934 -1.00525
0.00642817 0.0367712 -1.00529
0.00695033 0.0367712 -1.00527
0.0074725 0.0367712 -1.00525
0.00642817 0.036249 -1.00529
0.00695033 0.036249 -1.00527
0.0074725 0.036249 -1.00525
0.00642817 0.0357269 -1.0053
0.00695033 0.0357269 -1.00528
0.0074725 0.0357269 -1.00526
0.00642817 0.0352047 -1.0053
0.00695033 0.0352047 -1.00528
0.0074725 0.0352047 -1.00526
0.00642817 0.0346825 -1.0053
0.00695033 0.0346825 -1.00528
0.0074725 0.0346825 -1.00526
0.00642817 0.0341604 -1.00531
0.00695033 0.0341604 -1.00529
0.0074725 0.0341604 -1.00527
0.00642817 0.0336382 -1.00531
0.00695033 0.0336382 -1.00529
0.0074725 0.0336382 -1.00527
0.00642817 0.033116 -1.00531
0.00695033 0.033116 -1.00529
0.0074725 0.033116 -1.00527
0.00642817 0.0325939 -1.00532
0.00695033 0.0325939 -1.0053
0.0074725 0.0325939 -1.00528
0.00642817 0.0320717 -1.00532
0.00695033 0.0320717 -1.0053
0.0074725 0.0320717 -1.00528
0.00642817 0.0315496 -1.00532
0.00695033 0.0315496 -1.0053
0.0074725 0.0315496 -1.00528
0.00642817 0.0310274 -1.00533
0.00695033 0.0310274 -1.00531
0.0074725 0.0310274 -1.00529
0.00642817 0.0305052 -1.00533
0.00695033 0.0305052 -1.00531
0.0074725 0.0305052 -1.00529
0.00642817 0.0299831 -1.00533
0.00695033 0.0299831 -1.00531
0.0074725 0.0299831 -1.00529
0.00642817 0.0294609 -1.00534
0.00695033 0.0294609 -1.00532
0.0074725 0.0294609 -1.0053
0.00642817 0.0289387 -1.00534
0.00695033 0.0289387 -1.00532
0.0074725 0.0289387 -1.0053
0.00642817 0.0284166 -1.00534
0.00695033 0.0284166 -1.00532
0.0074725 0.0284166 -1.0053
0.00642817 0.0278944 -1.00535
0.00695033 0.0278944 -1.00533
0.0074725 0.0278944 -1.00531
0.00642817 0.0273722 -1.00535
0.00695033 0.0273722 -1.00533
0.0074725 0.0273722 -1.00531
0.00642817 0.0268501 -1.00535
0.00695033 0.0268501 -1.00533
0.0074725 0.0268501 -1.00531
0.00642817 0.0263279 -1.00536
0.00695033 0.0263279 -1.00534
0.0074725 0.0263279 -1.00532
0.00642817 0.0258057 -1.00536
0.00695033 0.0258057 -1.00534
0.0074725 0.0258057 -1.00532
0.00642817 0.0252836 -1.00536
0.00695033 0.0252836 -1.00534
0.0074725 0.0252836 -1.00532
0.00642817 0.0247614 -1.00537
0.00695033 0.0247614 -1.00535
0.0074725 0.0247614 -1.00533
0.00642817 0.0242393 -1.00537
0.00695033 0.0242393 -1.00535
0.0074725 0.0242393 -1.00533
0.00642817 0.0237171 -1.00537
0.00695033 0.0237171 -1.00535
0.0074725 0.0237171 -1.00533
0.00642817 0.0231949 -1.00538
0.00695033 0.0231949 -1.00536
0.0074725 0.0231949 -1.00534
0.00642817 0.0226728 -1.00538
0.00695033 0.0226728 -1.00536
0.0074725 0.0226728 -1.00534
0.00642817 0.0221506 -1.00539
0.00695033 0.0221506 -1.00536
0.0074725 0.0221506 -1.00534
0.00642817 0.0216284 -1.00539
0.00695033 0.0216284 -1.00537
0.0074725 0.0216284 -1.00535
0.00642817 0.0211063 -1.00539
0.00695033 0.0211063 -1.00537
0.0074725 0.0211063 -1.00535
0.00642817 0.0205841 -1.0054
0.00695033 0.0205841 -1.00537
0.0074725 0.0205841 -1.00535
0.00642817 0.0200619 -1.0054
0.00695033 0.0200619 -1.00538
0.0074725 0.0200619 -1.00536
0.00642817 0.0195398 -1.0054
0.00695033 0.0195398 -1.00538
0.0074725 0.0195398 -1.00536
0.00642817 0.0190176 -1.00541
0.00695033 0.0190176 -1.00539
0.0074725 0.0190176 -1.00536
0.00642817 0.0184955 -1.00541
0.00695033 0.0184955 -1.00539
0.0074725 0.0184955 -1.00537
0.00642817 0.0179733 -1.00541
0.00695033 0.0179733 -1.00539
0.0074725 0.0179733 -1.00537
0.00642817 0.0174511 -1.00542
0.00695033 0.0174511 -1.0054
0.0074725 0.0174511 -1.00537
0.00642817 0.016929 -1.00542
0.00695033 0.016929 -1.0054
0.0074725 0.016929 -1.00538
0.00642817 0.0164068 -1.00542
0.00695033 0.0164068 -1.0054
0.0074725 0.0164068 -1.00538
0.00642817 0.0158846 -1.00543
0.00695033 0.0158846 -1.00541
0.0074725 0.0158846 -1.00538
0.00642817 0.0153625 -1.00543
0.00695033 0.0153625 -1.00541
0.0074725 0.0153625 -1.00539
0.00642817 0.0148403 -1.00543
0.00695033 0.0148403 -1.00541
0.0074725 0.0148403 -1.00539
0.00642817 0.0143181 -1.00544
0.00695033 0.0143181 -1.00542
0.0074725 0.0143181 -1.0054
0.00642817 0.013796 -1.00544
0.00695033 0.013796 -1.00542
0.0074725 0.013796 -1.0054
0.00642817 0.0132738 -1.00544
0.00695033 0.0132738 -1.00542
0.0074725 0.0132738 -1.0054
0.00642817 0.0127516 -1.00545
0.00695033 0.0127516 -1.00543
0.0074725 0.0127516 -1.00541
0.00642817 0.0122295 -1.00545
0.00695033 0.0122295 -1.00543
0.0074725 0.0122295 -1.00541
0.00642817 0.0117073 -1.00545
0.00695033 0.0117073 -1.00543
0.0074725 0.0117073 -1.00541
0.00642817 0.0111852 -1.00546
0.00695033 0.0111852 -1.00544
0.0074725 0.0111852 -1.00542
0.00642817 0.010663 -1.00546
0.00695033 0.010663 -1.00544
0.0074725 0.010663 -1.00542
0.00642817 0.0101408 -1.00546
0.00695033 0.0101408 -1.00544
0.0074725 0.0101408 -1.00542
0.00642817 0.00961866 -1.00547
0.00695033 0.00961866 -1.00545
0.0074725 0.00961866 -1.00543
0.00642817 0.0090965 -1.00547
0.00695033 0.0090965 -1.00545
0.0074725 0.0090965 -1.00543
0.00642817 0.00857433 -1.00547
0.00695033 0.00857433 -1.00545
0.0074725 0.00857433 -1.00543
0.00642817 0.00805217 -1.00548
0.00695033 0.00805217 -1.00546
0.0074725 0.00805217 -1.00544
0.00642817 0.00753001 -1.00548
0.00695033 0.00753001 -1.00546
0.0074725 0.00753001 -1.00544
0.00642817 0.00700784 -1.00548
0.00695033 0.00700784 -1.00546
0.0074725 0.00700784 -1.00544
0.00642817 0.00648568 -1.00549
0.00695033 0.00648568 -1.00547
0.0074725 0.00648568 -1.00545
0.00642817 0.00596351 -1.00549
0.00695033 0.00596351 -1.00547
0.0074725 0.00596351 -1.00545
0.00642817 0.00544135 -1.00549
0.00695033 0.00544135 -1.00547
0.0074725 0.00544135 -1.00545
0.00642817 0.00491919 -1.0055
0.00695033 0.00491919 -1.00548
0.0074725 0.00491919 -1.00546
0.00642817 0.00439702 -1.0055
0.00695033 0.00439702 -1.00548
0.0074725 0.00439702 -1.00546
0.00642817 0.00387486 -1.0055
0.00695033 0.00387486 -1.00548
0.0074725 0.00387486 -1.00546
0.00642817 0.00335269 -1.00551
0.00695033 0.00335269 -1.00549
0.0074725 0.00335269 -1.00547
0.00642817 0.00283053 -1.00551
0.00695033 0.00283053 -1.00549
0.0074725 0.00283053 -1.00547
0.00642817 0.00230837 -1.00551
0.00695033 0.00230837 -1.00549
0.0074725 0.00230837 -1.00547
0.00642817 0.0017862 -1.00552
0.00695033 0.0017862 -1.0055
0.0074725 0.0017862 -1.00548
0.00642817 0.00126404 -1.00552
0.00695033 0.00126404 -1.0055
0.0074725 0.00126404 -1.00548
0.00642817 0.000741874 -1.00552
0.00695033 0.000741874 -1.0055
0.0074725 0.000741874 -1.00548
0.00642817 0.00021971 -1.00553
0.00695033 0.00021971 -1.00551
0.0074725 0.00021971 -1.00549
0.00642817 -0.000302454 -1.00553
0.00695033 -0.000302454 -1.00551
0.0074725 -0.000302454 -1.00549
0.00642817 -0.000824619 -1.00553
0.00695033 -0.000824619 -1.00551
0.0074725 -0.000824619 -1.00549
0.00642817 -0.00134678 -1.00554
0.00695033 -0.00134678 -1.00552
0.0074725 -0.00134678 -1.0055
0.00642817 -0.00186895 -1.00554
0.00695033 -0.00186895 -1.00552
0.0074725 -0.00186895 -1.0055
0.00642817 -0.00239111 -1.00554
0.00695033 -0.00239111 -1.00552
0.0074725 -0.00239111 -1.0055
0.00642817 -0.00291327 -1.00555
0.00695033 -0.00291327 -1.00553
0.0074725 -0.00291327 -1.00551
0.00642817 -0.00343544 -1.00555
0.00695033 -0.00343544 -1.00553
0.0074725 -0.00343544 -1.00551
0.00642817 -0.0039576 -1.00555
0.00695033 -0.0039576 -1.00553
0.0074725 -0.0039576 -1.00551
0.00642817 -0.00447977 -1.00556
0.00695033 -0.00447977 -1.00554
0.0074725 -0.00447977 -1.00552
0.00642817 -0.00500193 -1.00556
0.00695033 -0.00500193 -1.00554
0.0074725 -0.00500193 -1.00552
0.00642817 -0.0055241 -1.00556
0.00695033 -0.0055241 -1.00554
0.0074725 -0.0055241 -1.00552
0.00642817 -0.00604626 -1.00557
0.00695033 -0.00604626 -1.00555
0.0074725 -0.00604626 -1.00553
0.00642817 -0.00656842 -1.00557
0.00695033 -0.00656842 -1.00555
0.0074725 -0.00656842 -1.00553
0.00642817 -0.00709059 -1.00557
0.00695033 -0.00709059 -1.00555
0.0074725 -0.00709059 -1.00553
0.00642817 -0.00761275 -1.00558
0.00695033 -0.00761275 -1.00556
0.0074725 -0.00761275 -1.00554
0.00642817 -0.00813492 -1.00558
0.00695033 -0.00813492 -1.00556
0.0074725 -0.00813492 -1.00554
0.00642817 -0.00865708 -1.00558
0.00695033 -0.00865708 -1.00556
0.0074725 -0.00865708 -1.00554
0.00642817 -0.00917924 -1.00559
0.00695033 -0.00917924 -1.00557
0.0074725 -0.00917924 -1.00555
0.00642817 -0.00970141 -1.00559
0.00695033 -0.00970141 -1.00557
0.0074725 -0.00970141 -1.00555
0.00642817 -0.0102236 -1.00559
0.00695033 -0.0102236 -1.00557
0.0074725 -0.0102236 -1.00555
0.00642817 -0.0107457 -1.0056
0.00695033 -0.0107457 -1.00558
0.0074725 -0.0107457 -1.00556
0.00642817 -0.0112679 -1.0056
0.00695033 -0.0112679 -1.00558
0.0074725 -0.0112679 -1.00556
0.00642817 -0.0117901 -1.0056
0.00695033 -0.0117901 -1.00558
0.0074725 -0.0117901 -1.00556
0.00642817 -0.0123122 -1.00561
0.00695033 -0.0123122 -1.00559
0.0074725 -0.0123122 -1.00557
0.00642817 -0.0128344 -1.00561
0.00695033 -0.0128344 -1.00559
0.0074725 -0.0128344 -1.00557
0.00642817 -0.0133566 -1.00561
0.00695033 -0.0133566 -1.00559
0.0074725 -0.0133566 -1.00557
0.00642817 -0.0138787 -1.00562
0.00695033 -0.0138787 -1.0056
0.0074725 -0.0138787 -1.00558
