0.0157891 0.0163365 -0.983375
0.0154709 0.0163365 -0.98337
0.0151526 0.0163365 -0.983366
0.0157891 0.0166547 -0.983374
0.0154709 0.0166547 -0.983369
0.0151526 0.0166547 -0.983364
0.0157891 0.016973 -0.983372
0.0154709 0.016973 -0.983368
0.0151526 0.016973 -0.983363
0.0157891 0.0172913 -0.983371
0.0154709 0.0172913 -0.983366
0.0151526 0.0172913 -0.983362
0.0157891 0.0176095 -0.98337
0.0154709 0.0176095 -0.983365
0.0151526 0.0176095 -0.98336
0.0157891 0.0179278 -0.983368
0.0154709 0.0179278 -0.983364
0.0151526 0.0179278 -0.983359
0.0157891 0.0182461 -0.983367
0.0154709 0.0182461 -0.983362
0.0151526 0.0182461 -0.983358
0.0157891 0.0185643 -0.983366
0.0154709 0.0185643 -0.983361
0.0151526 0.0185643 -0.983356
0.0157891 0.0188826 -0.983364
0.0154709 0.0188826 -0.98336
0.0151526 0.0188826 -0.983355
0.0157891 0.0192009 -0.983363
0.0154709 0.0192009 -0.983358
0.0151526 0.0192009 -0.983354
0.0157891 0.0195191 -0.983362
0.0154709 0.0195191 -0.983357
0.0151526 0.0195191 -0.983352
0.0157891 0.0198374 -0.98336
0.0154709 0.0198374 -0.983356
0.0151526 0.0198374 -0.983351
0.0157891 0.0201556 -0.983359
0.0154709 0.0201556 -0.983354
0.0151526 0.0201556 -0.98335
0.0157891 0.0204739 -0.983358
0.0154709 0.0204739 -0.983353
0.0151526 0.0204739 -0.983348
0.0157891 0.0207922 -0.983356
0.0154709 0.0207922 -0.983352
0.0151526 0.0207922 -0.983347
0.0157891 0.0211104 -0.983355
0.0154709 0.0211104 -0.98335
0.0151526 0.0211104 -0.983346
0.0157891 0.0214287 -0.983354
0.0154709 0.0214287 -0.983349
0.0151526 0.0214287 -0.983344
0.0157891 0.021747 -0.983352
0.0154709 0.021747 -0.983348
0.0151526 0.021747 -0.983343
0.0157891 0.0220652 -0.983351
0.0154709 0.0220652 -0.983346
0.0151526 0.0220652 -0.983342
0.0157891 0.0223835 -0.98335
0.0154709 0.0223835 -0.983345
0.0151526 0.0223835 -0.98334
0.0157891 0.0227018 -0.983348
0.0154709 0.0227018 -0.983344
0.0151526 0.0227018 -0.983339
0.0157891 0.02302 -0.983347
0.0154709 0.02302 -0.983342
0.0151526 0.02302 -0.983338
0.0157891 0.0233383 -0.983346
0.0154709 0.0233383 -0.983341
0.0151526 0.0233383 -0.983336
0.0157891 0.0236565 -0.983344
0.0154709 0.0236565 -0.98334
0.0151526 0.0236565 -0.983335
0.0157891 0.0239748 -0.983343
0.0154709 0.0239748 -0.983338
0.0151526 0.0239748 -0.983334
0.0157891 0.0242931 -0.983342
0.0154709 0.0242931 -0.983337
0.0151526 0.0242931 -0.983332
0.0157891 0.0246113 -0.983341
0.0154709 0.0246113 -0.983336
0.0151526 0.0246113 -0.983331
0.0157891 0.0249296 -0.983339
0.0154709 0.0249296 -0.983335
0.0151526 0.0249296 -0.98333
0.0157891 0.0252479 -0.983338
0.0154709 0.0252479 -0.983333
0.0151526 0.0252479 -0.983329
0.0157891 0.0255661 -0.983337
0.0154709 0.0255661 -0.983332
0.0151526 0.0255661 -0.983327
0.0157891 0.0258844 -0.983335
0.0154709 0.0258844 -0.983331
0.0151526 0.0258844 -0.983326
0.0157891 0.0262027 -0.983334
0.0154709 0.0262027 -0.983329
0.0151526 0.0262027 -0.983325
0.0157891 0.0265209 -0.983333
0.0154709 0.0265209 -0.983328
0.0151526 0.0265209 -0.983323
0.0157891 0.0268392 -0.983331
0.0154709 0.0268392 -0.983327
0.0151526 0.0268392 -0.983322
0.0157891 0.0271574 -0.98333
0.0154709 0.0271574 -0.983325
0.0151526 0.0271574 -0.983321
0.0157891 0.0274757 -0.983329
0.0154709 0.0274757 -0.983324
0.0151526 0.0274757 -0.983319
0.0157891 0.027794 -0.983327
0.0154709 0.027794 -0.983323
0.0151526 0.027794 -0.983318
0.0157891 0.0281122 -0.983326
0.0154709 0.0281122 -0.983321
0.0151526 0.0281122 -0.983317
0.0157891 0.0284305 -0.983325
0.0154709 0.0284305 -0.98332
0.0151526 0.0284305 -0.983315
0.0157891 0.0287488 -0.983323
0.0154709 0.0287488 -0.983319
0.0151526 0.0287488 -0.983314
0.0157891 0.029067 -0.983322
0.0154709 0.029067 -0.983317
0.0151526 0.029067 -0.983313
0.0157891 0.0293853 -0.983321
0.0154709 0.0293853 -0.983316
0.0151526 0.0293853 -0.983311
0.0157891 0.0297036 -0.983319
0.0154709 0.0297036 -0.983315
0.0151526 0.0297036 -0.98331
0.0157891 0.0300218 -0.983318
0.0154709 0.0300218 -0.983313
0.0151526 0.0300218 -0.983309
0.0157891 0.0303401 -0.983317
0.0154709 0.0303401 -0.983312
0.0151526 0.0303401 -0.983307
0.0157891 0.0306583 -0.983315
0.0154709 0.0306583 -0.983311
0.0151526 0.0306583 -0.983306
0.0157891 0.0309766 -0.983314
0.0154709 0.0309766 -0.983309
0.0151526 0.0309766 -0.983305
0.0157891 0.0312949 -0.983313
0.0154709 0.0312949 -0.983308
0.0151526 0.0312949 -0.983303
0.0157891 0.0316131 -0.983311
0.0154709 0.0316131 -0.983307
0.0151526 0.0316131 -0.983302
0.0157891 0.0319314 -0.98331
0.0154709 0.0319314 -0.983305
0.0151526 0.0319314 -0.983301
0.0157891 0.0322497 -0.983309
0.0154709 0.0322497 -0.983304
0.0151526 0.0322497 -0.983299
0.0157891 0.0325679 -0.983307
0.0154709 0.0325679 -0.983303
0.0151526 0.0325679 -0.983298
0.0157891 0.0328862 -0.983306
0.0154709 0.0328862 -0.983301
0.0151526 0.0328862 -0.983297
0.0157891 0.0332045 -0.983305
0.0154709 0.0332045 -0.9833
0.0151526 0.0332045 -0.983295
0.0157891 0.0335227 -0.983303
0.0154709 0.0335227 -0.983299
0.0151526 0.0335227 -0.983294
0.0157891 0.033841 -0.983302
0.0154709 0.033841 -0.983297
0.0151526 0.033841 -0.983293
0.0157891 0.0341592 -0.983301
0.0154709 0.0341592 -0.983296
0.0151526 0.0341592 -0.983291
0.0157891 0.0344775 -0.983299
0.0154709 0.0344775 -0.983295
0.0151526 0.0344775 -0.98329
0.0157891 0.0347958 -0.983298
0.0154709 0.0347958 -0.983293
0.0151526 0.0347958 -0.983289
0.0157891 0.035114 -0.983297
0.0154709 0.035114 -0.983292
0.0151526 0.035114 -0.983288
0.0157891 0.0354323 -0.983296
0.0154709 0.0354323 -0.983291
0.0151526 0.0354323 -0.983286
0.0157891 0.0357506 -0.983294
0.0154709 0.0357506 -0.98329
0.0151526 0.0357506 -0.983285
0.0157891 0.0360688 -0.983293
0.0154709 0.0360688 -0.983288
0.0151526 0.0360688 -0.983284
0.0157891 0.0363871 -0.983292
0.0154709 0.0363871 -0.983287
0.0151526 0.0363871 -0.983282
0.0157891 0.0367054 -0.98329
0.0154709 0.0367054 -0.983286
0.0151526 0.0367054 -0.983281
0.0157891 0.0370236 -0.983289
0.0154709 0.0370236 -0.983284
0.0151526 0.0370236 -0.98328
0.0157891 0.0373419 -0.983288
0.0154709 0.0373419 -0.983283
0.0151526 0.0373419 -0.983278
0.0157891 0.0376601 -0.983286
0.0154709 0.0376601 -0.983282
0.0151526 0.0376601 -0.983277
0.0157891 0.0379784 -0.983285
0.0154709 0.0379784 -0.98328
0.0151526 0.0379784 -0.983276
0.0157891 0.0382967 -0.983284
0.0154709 0.0382967 -0.983279
0.0151526 0.0382967 -0.983274
0.0157891 0.0386149 -0.983282
0.0154709 0.0386149 -0.983278
0.0151526 0.0386149 -0.983273
0.0157891 0.0389332 -0.983281
0.0154709 0.0389332 -0.983276
0.0151526 0.0389332 -0.983272
0.0157891 0.0392515 -0.98328
0.0154709 0.0392515 -0.983275
0.0151526 0.0392515 -0.98327
0.0157891 0.0395697 -0.983278
0.0154709 0.0395697 -0.983274
0.0151526 0.0395697 -0.983269
0.0157891 0.039888 -0.983277
0.0154709 0.039888 -0.983272
0.0151526 0.039888 -0.983268
0.0157891 0.0402063 -0.983276
0.0154709 0.0402063 -0.983271
0.0151526 0.0402063 -0.983266
0.0157891 0.0405245 -0.983274
0.0154709 0.0405245 -0.98327
0.0151526 0.0405245 -0.983265
0.0157891 0.0408428 -0.983273
0.0154709 0.0408428 -0.983268
0.0151526 0.0408428 -0.983264
0.0157891 0.041161 -0.983272
0.0154709 0.041161 -0.983267
0.0151526 0.041161 -0.983262
0.0157891 0.0414793 -0.98327
0.0154709 0.0414793 -0.983266
0.0151526 0.0414793 -0.983261
0.0157891 0.0417976 -0.983269
0.0154709 0.0417976 -0.983264
0.0151526 0.0417976 -0.98326
0.0157891 0.0421158 -0.983268
0.0154709 0.0421158 -0.983263
0.0151526 0.0421158 -0.983258
0.0157891 0.0424341 -0.983266
0.0154709 0.0424341 -0.983262
0.0151526 0.0424341 -0.983257
0.0157891 0.0427524 -0.983265
0.0154709 0.0427524 -0.98326
0.0151526 0.0427524 -0.983256
0.0157891 0.0430706 -0.983264
0.0154709 0.0430706 -0.983259
0.0151526 0.0430706 -0.983254
0.0157891 0.0433889 -0.983262
0.0154709 0.0433889 -0.983258
0.0151526 0.0433889 -0.983253
0.0157891 0.0437072 -0.983261
0.0154709 0.0437072 -0.983256
0.0151526 0.0437072 -0.983252
0.0157891 0.0440254 -0.98326
0.0154709 0.0440254 -0.983255
0.0151526 0.0440254 -0.98325
0.0157891 0.0443437 -0.983258
0.0154709 0.0443437 -0.983254
0.0151526 0.0443437 -0.983249
0.0157891 0.0446619 -0.983257
0.0154709 0.0446619 -0.983252
0.0151526 0.0446619 -0.983248
0.0157891 0.0449802 -0.983256
0.0154709 0.0449802 -0.983251
0.0151526 0.0449802 -0.983247
0.0157891 0.0452985 -0.983255
0.0154709 0.0452985 -0.98325
0.0151526 0.0452985 -0.983245
0.0157891 0.0456167 -0.983253
0.0154709 0.0456167 -0.983249
0.0151526 0.0456167 -0.983244
0.0157891 0.045935 -0.983252
0.0154709 0.045935 -0.983247
0.0151526 0.045935 -0.983243
0.0157891 0.0462533 -0.983251
0.0154709 0.0462533 -0.983246
0.0151526 0.0462533 -0.983241
0.0157891 0.0465715 -0.983249
0.0154709 0.0465715 -0.983245
0.0151526 0.0465715 -0.98324
0.0157891 0.0468898 -0.983248
0.0154709 0.0468898 -0.983243
0.0151526 0.0468898 -0.983239
0.0157891 0.0472081 -0.983247
0.0154709 0.0472081 -0.983242
0.0151526 0.0472081 -0.983237
0.0157891 0.0475263 -0.983245
0.0154709 0.0475263 -0.983241
0.0151526 0.0475263 -0.983236
0.0157891 0.0478446 -0.983244
0.0154709 0.0478446 -0.983239
0.0151526 0.0478446 -0.983235
0.0157891 0.0481628 -0.983243
0.0154709 0.0481628 -0.983238
0.0151526 0.0481628 -0.983233
0.0157891 0.0484811 -0.983241
0.0154709 0.0484811 -0.983237
0.0151526 0.0484811 -0.983232
0.0157891 0.0487994 -0.98324
0.0154709 0.0487994 -0.983235
0.0151526 0.0487994 -0.983231
0.0157891 0.0491176 -0.983239
0.0154709 0.0491176 -0.983234
0.0151526 0.0491176 -0.983229
0.0157891 0.0494359 -0.983237
0.0154709 0.0494359 -0.983233
0.0151526 0.0494359 -0.983228
0.0157891 0.0497542 -0.983236
0.0154709 0.0497542 -0.983231
0.0151526 0.0497542 -0.983227
0.0157891 0.0500724 -0.983235
0.0154709 0.0500724 -0.98323
0.0151526 0.0500724 -0.983225
0.0157891 0.0503907 -0.983233
0.0154709 0.0503907 -0.983229
0.0151526 0.0503907 -0.983224
0.0157891 0.050709 -0.983232
0.0154709 0.050709 -0.983227
0.0151526 0.050709 -0.983223
0.0157891 0.0510272 -0.983231
0.0154709 0.0510272 -0.983226
0.0151526 0.0510272 -0.983221
0.0157891 0.0513455 -0.983229
0.0154709 0.0513455 -0.983225
0.0151526 0.0513455 -0.98322
