0.00160919 0.0138708 -1.00069
0.00148106 0.0138708 -1.00068
0.00135292 0.0138708 -1.00068
0.00160919 0.0139989 -1.00069
0.00148106 0.0139989 -1.00068
0.00135292 0.0139989 -1.00068
0.00160919 0.014127 -1.00069
0.00148106 0.014127 -1.00068
0.00135292 0.014127 -1.00068
0.00160919 0.0142552 -1.00069
0.00148106 0.0142552 -1.00069
0.00135292 0.0142552 -1.00068
0.00160919 0.0143833 -1.00069
0.00148106 0.0143833 -1.00069
0.00135292 0.0143833 -1.00068
0.00160919 0.0145114 -1.00069
0.00148106 0.0145114 -1.00069
0.00135292 0.0145114 -1.00068
0.00160919 0.0146396 -1.00069
0.00148106 0.0146396 -1.00069
0.00135292 0.0146396 -1.00068
0.00160919 0.0147677 -1.00069
0.00148106 0.0147677 -1.00069
0.00135292 0.0147677 -1.00069
0.00160919 0.0148958 -1.0007
0.00148106 0.0148958 -1.00069
0.00135292 0.0148958 -1.00069
0.00160919 0.0150239 -1.0007
0.00148106 0.0150239 -1.00069
0.00135292 0.0150239 -1.00069
0.00160919 0.0151521 -1.0007
0.00148106 0.0151521 -1.00069
0.00135292 0.0151521 -1.00069
0.00160919 0.0152802 -1.0007
0.00148106 0.0152802 -1.00069
0.00135292 0.0152802 -1.00069
0.00160919 0.0154083 -1.0007
0.00148106 0.0154083 -1.0007
0.00135292 0.0154083 -1.00069
0.00160919 0.0155365 -1.0007
0.00148106 0.0155365 -1.0007
0.00135292 0.0155365 -1.00069
0.00160919 0.0156646 -1.0007
0.00148106 0.0156646 -1.0007
0.00135292 0.0156646 -1.00069
0.00160919 0.0157927 -1.0007
0.00148106 0.0157927 -1.0007
0.00135292 0.0157927 -1.00069
0.00160919 0.0159209 -1.0007
0.00148106 0.0159209 -1.0007
0.00135292 0.0159209 -1.0007
0.00160919 0.016049 -1.00071
0.00148106 0.016049 -1.0007
0.00135292 0.016049 -1.0007
0.00160919 0.0161771 -1.00071
0.00148106 0.0161771 -1.0007
0.00135292 0.0161771 -1.0007
0.00160919 0.0163053 -1.00071
0.00148106 0.0163053 -1.0007
0.00135292 0.0163053 -1.0007
0.00160919 0.0164334 -1.00071
0.00148106 0.0164334 -1.0007
0.00135292 0.0164334 -1.0007
0.00160919 0.0165615 -1.00071
0.00148106 0.0165615 -1.00071
0.00135292 0.0165615 -1.0007
0.00160919 0.0166896 -1.00071
0.00148106 0.0166896 -1.00071
0.00135292 0.0166896 -1.0007
0.00160919 0.0168178 -1.00071
0.00148106 0.0168178 -1.00071
0.00135292 0.0168178 -1.0007
0.00160919 0.0169459 -1.00071
0.00148106 0.0169459 -1.00071
0.00135292 0.0169459 -1.00071
0.00160919 0.017074 -1.00071
0.00148106 0.017074 -1.00071
0.00135292 0.017074 -1.00071
0.00160919 0.0172022 -1.00072
0.00148106 0.0172022 -1.00071
0.00135292 0.0172022 -1.00071
0.00160919 0.0173303 -1.00072
0.00148106 0.0173303 -1.00071
0.00135292 0.0173303 -1.00071
0.00160919 0.0174584 -1.00072
0.00148106 0.0174584 -1.00071
0.00135292 0.0174584 -1.00071
0.00160919 0.0175866 -1.00072
0.00148106 0.0175866 -1.00072
0.00135292 0.0175866 -1.00071
0.00160919 0.0177147 -1.00072
0.00148106 0.0177147 -1.00072
0.00135292 0.0177147 -1.00071
0.00160919 0.0178428 -1.00072
0.00148106 0.0178428 -1.00072
0.00135292 0.0178428 -1.00071
0.00160919 0.0179709 -1.00072
0.00148106 0.0179709 -1.00072
0.00135292 0.0179709 -1.00071
0.00160919 0.0180991 -1.00072
0.00148106 0.0180991 -1.00072
0.00135292 0.0180991 -1.00072
0.00160919 0.0182272 -1.00073
0.00148106 0.0182272 -1.00072
0.00135292 0.0182272 -1.00072
0.00160919 0.0183553 -1.00073
0.00148106 0.0183553 -1.00072
0.00135292 0.0183553 -1.00072
0.00160919 0.0184835 -1.00073
0.00148106 0.0184835 -1.00072
0.00135292 0.0184835 -1.00072
0.00160919 0.0186116 -1.00073
0.00148106 0.0186116 -1.00072
0.00135292 0.0186116 -1.00072
0.00160919 0.0187397 -1.00073
0.00148106 0.0187397 -1.00073
0.00135292 0.0187397 -1.00072
0.00160919 0.0188679 -1.00073
0.00148106 0.0188679 -1.00073
0.00135292 0.0188679 -1.00072
0.00160919 0.018996 -1.00073
0.00148106 0.018996 -1.00073
0.00135292 0.018996 -1.00072
0.00160919 0.0191241 -1.00073
0.00148106 0.0191241 -1.00073
0.00135292 0.0191241 -1.00072
0.00160919 0.0192523 -1.00073
0.00148106 0.0192523 -1.00073
0.00135292 0.0192523 -1.00073
0.00160919 0.0193804 -1.00074
0.00148106 0.0193804 -1.00073
0.00135292 0.0193804 -1.00073
0.00160919 0.0195085 -1.00074
0.00148106 0.0195085 -1.00073
0.00135292 0.0195085 -1.00073
0.00160919 0.0196366 -1.00074
0.00148106 0.0196366 -1.00073
0.00135292 0.0196366 -1.00073
0.00160919 0.0197648 -1.00074
0.00148106 0.0197648 -1.00073
0.00135292 0.0197648 -1.00073
0.00160919 0.0198929 -1.00074
0.00148106 0.0198929 -1.00074
0.00135292 0.0198929 -1.00073
0.00160919 0.020021 -1.00074
0.00148106 0.020021 -1.00074
0.00135292 0.020021 -1.00073
0.00160919 0.0201492 -1.00074
0.00148106 0.0201492 -1.00074
0.00135292 0.0201492 -1.00073
0.00160919 0.0202773 -1.00074
0.00148106 0.0202773 -1.00074
0.00135292 0.0202773 -1.00074
0.00160919 0.0204054 -1.00074
0.00148106 0.0204054 -1.00074
0.00135292 0.0204054 -1.00074
0.00160919 0.0205336 -1.00075
0.00148106 0.0205336 -1.00074
0.00135292 0.0205336 -1.00074
0.00160919 0.0206617 -1.00075
0.00148106 0.0206617 -1.00074
0.00135292 0.0206617 -1.00074
0.00160919 0.0207898 -1.00075
0.00148106 0.0207898 -1.00074
0.00135292 0.0207898 -1.00074
0.00160919 0.020918 -1.00075
0.00148106 0.020918 -1.00075
0.00135292 0.020918 -1.00074
0.00160919 0.0210461 -1.00075
0.00148106 0.0210461 -1.00075
0.00135292 0.0210461 -1.00074
0.00160919 0.0211742 -1.00075
0.00148106 0.0211742 -1.00075
0.00135292 0.0211742 -1.00074
0.00160919 0.0213023 -1.00075
0.00148106 0.0213023 -1.00075
0.00135292 0.0213023 -1.00074
0.00160919 0.0214305 -1.00075
0.00148106 0.0214305 -1.00075
0.00135292 0.0214305 -1.00075
0.00160919 0.0215586 -1.00076
0.00148106 0.0215586 -1.00075
0.00135292 0.0215586 -1.00075
0.00160919 0.0216867 -1.00076
0.00148106 0.0216867 -1.00075
0.00135292 0.0216867 -1.00075
0.00160919 0.0218149 -1.00076
0.00148106 0.0218149 -1.00075
0.00135292 0.0218149 -1.00075
0.00160919 0.021943 -1.00076
0.00148106 0.021943 -1.00075
0.00135292 0.021943 -1.00075
0.00160919 0.0220711 -1.00076
0.00148106 0.0220711 -1.00076
0.00135292 0.0220711 -1.00075
0.00160919 0.0221993 -1.00076
0.00148106 0.0221993 -1.00076
0.00135292 0.0221993 -1.00075
0.00160919 0.0223274 -1.00076
0.00148106 0.0223274 -1.00076
0.00135292 0.0223274 -1.00075
0.00160919 0.0224555 -1.00076
0.00148106 0.0224555 -1.00076
0.00135292 0.0224555 -1.00075
0.00160919 0.0225836 -1.00076
0.00148106 0.0225836 -1.00076
0.00135292 0.0225836 -1.00076
0.00160919 0.0227118 -1.00077
0.00148106 0.0227118 -1.00076
0.00135292 0.0227118 -1.00076
0.00160919 0.0228399 -1.00077
0.00148106 0.0228399 -1.00076
0.00135292 0.0228399 -1.00076
0.00160919 0.022968 -1.00077
0.00148106 0.022968 -1.00076
0.00135292 0.022968 -1.00076
0.00160919 0.0230962 -1.00077
0.00148106 0.0230962 -1.00076
0.00135292 0.0230962 -1.00076
0.00160919 0.0232243 -1.00077
0.00148106 0.0232243 -1.00077
0.00135292 0.0232243 -1.00076
0.00160919 0.0233524 -1.00077
0.00148106 0.0233524 -1.00077
0.00135292 0.0233524 -1.00076
0.00160919 0.0234806 -1.00077
0.00148106 0.0234806 -1.00077
0.00135292 0.0234806 -1.00076
0.00160919 0.0236087 -1.00077
0.00148106 0.0236087 -1.00077
0.00135292 0.0236087 -1.00077
0.00160919 0.0237368 -1.00077
0.00148106 0.0237368 -1.00077
0.00135292 0.0237368 -1.00077
0.00160919 0.0238649 -1.00078
0.00148106 0.0238649 -1.00077
0.00135292 0.0238649 -1.00077
0.00160919 0.0239931 -1.00078
0.00148106 0.0239931 -1.00077
0.00135292 0.0239931 -1.00077
0.00160919 0.0241212 -1.00078
0.00148106 0.0241212 -1.00077
0.00135292 0.0241212 -1.00077
0.00160919 0.0242493 -1.00078
0.00148106 0.0242493 -1.00078
0.00135292 0.0242493 -1.00077
0.00160919 0.0243775 -1.00078
0.00148106 0.0243775 -1.00078
0.00135292 0.0243775 -1.00077
0.00160919 0.0245056 -1.00078
0.00148106 0.0245056 -1.00078
0.00135292 0.0245056 -1.00077
0.00160919 0.0246337 -1.00078
0.00148106 0.0246337 -1.00078
0.00135292 0.0246337 -1.00077
0.00160919 0.0247619 -1.00078
0.00148106 0.0247619 -1.00078
0.00135292 0.0247619 -1.00078
0.00160919 0.02489 -1.00079
0.00148106 0.02489 -1.00078
0.00135292 0.02489 -1.00078
0.00160919 0.0250181 -1.00079
0.00148106 0.0250181 -1.00078
0.00135292 0.0250181 -1.00078
0.00160919 0.0251463 -1.00079
0.00148106 0.0251463 -1.00078
0.00135292 0.0251463 -1.00078
0.00160919 0.0252744 -1.00079
0.00148106 0.0252744 -1.00078
0.00135292 0.0252744 -1.00078
0.00160919 0.0254025 -1.00079
0.00148106 0.0254025 -1.00079
0.00135292 0.0254025 -1.00078
0.00160919 0.0255306 -1.00079
0.00148106 0.0255306 -1.00079
0.00135292 0.0255306 -1.00078
0.00160919 0.0256588 -1.00079
0.00148106 0.0256588 -1.00079
0.00135292 0.0256588 -1.00078
0.00160919 0.0257869 -1.00079
0.00148106 0.0257869 -1.00079
0.00135292 0.0257869 -1.00079
0.00160919 0.025915 -1.00079
0.00148106 0.025915 -1.00079
0.00135292 0.025915 -1.00079
0.00160919 0.0260432 -1.0008
0.00148106 0.0260432 -1.00079
0.00135292 0.0260432 -1.00079
0.00160919 0.0261713 -1.0008
0.00148106 0.0261713 -1.00079
0.00135292 0.0261713 -1.00079
0.00160919 0.0262994 -1.0008
0.00148106 0.0262994 -1.00079
0.00135292 0.0262994 -1.00079
0.00160919 0.0264276 -1.0008
0.00148106 0.0264276 -1.0008
0.00135292 0.0264276 -1.00079
0.00160919 0.0265557 -1.0008
0.00148106 0.0265557 -1.0008
0.00135292 0.0265557 -1.00079
0.00160919 0.0266838 -1.0008
0.00148106 0.0266838 -1.0008
0.00135292 0.0266838 -1.00079
0.00160919 0.0268119 -1.0008
0.00148106 0.0268119 -1.0008
0.00135292 0.0268119 -1.00079
0.00160919 0.0269401 -1.0008
0.00148106 0.0269401 -1.0008
0.00135292 0.0269401 -1.0008
0.00160919 0.0270682 -1.0008
0.00148106 0.0270682 -1.0008
0.00135292 0.0270682 -1.0008
0.00160919 0.0271963 -1.00081
0.00148106 0.0271963 -1.0008
0.00135292 0.0271963 -1.0008
0.00160919 0.0273245 -1.00081
0.00148106 0.0273245 -1.0008
0.00135292 0.0273245 -1.0008
0.00160919 0.0274526 -1.00081
0.00148106 0.0274526 -1.0008
0.00135292 0.0274526 -1.0008
0.00160919 0.0275807 -1.00081
0.00148106 0.0275807 -1.00081
0.00135292 0.0275807 -1.0008
0.00160919 0.0277089 -1.00081
0.00148106 0.0277089 -1.00081
0.00135292 0.0277089 -1.0008
0.00160919 0.027837 -1.00081
0.00148106 0.027837 -1.00081
0.00135292 0.027837 -1.0008
0.00160919 0.0279651 -1.00081
0.00148106 0.0279651 -1.00081
0.00135292 0.0279651 -1.0008
