-0.00456343 0.0139158 -0.985793
-0.0041267 0.0139158 -0.985809
-0.00368997 0.0139158 -0.985825
-0.00456343 0.0134791 -0.985796
-0.0041267 0.0134791 -0.985812
-0.00368997 0.0134791 -0.985828
-0.00456343 0.0130424 -0.985799
-0.0041267 0.0130424 -0.985815
-0.00368997 0.0130424 -0.985832
-0.00456343 0.0126057 -0.985803
-0.0041267 0.0126057 -0.985819
-0.00368997 0.0126057 -0.985835
-0.00456343 0.0121689 -0.985806
-0.0041267 0.0121689 -0.985822
-0.00368997 0.0121689 -0.985838
-0.00456343 0.0117322 -0.985809
-0.0041267 0.0117322 -0.985825
-0.00368997 0.0117322 -0.985841
-0.00456343 0.0112955 -0.985812
-0.0041267 0.0112955 -0.985828
-0.00368997 0.0112955 -0.985844
-0.00456343 0.0108587 -0.985816
-0.0041267 0.0108587 -0.985832
-0.00368997 0.0108587 -0.985848
-0.00456343 0.010422 -0.985819
-0.0041267 0.010422 -0.985835
-0.00368997 0.010422 -0.985851
-0.00456343 0.00998529 -0.985822
-0.0041267 0.00998529 -0.985838
-0.00368997 0.00998529 -0.985854
-0.00456343 0.00954856 -0.985825
-0.0041267 0.00954856 -0.985841
-0.00368997 0.00954856 -0.985857
-0.00456343 0.00911183 -0.985828
-0.0041267 0.00911183 -0.985844
-0.00368997 0.00911183 -0.985861
-0.00456343 0.0086751 -0.985832
-0.0041267 0.0086751 -0.985848
-0.00368997 0.0086751 -0.985864
-0.00456343 0.00823837 -0.985835
-0.0041267 0.00823837 -0.985851
-0.00368997 0.00823837 -0.985867
-0.00456343 0.00780165 -0.985838
-0.0041267 0.00780165 -0.985854
-0.00368997 0.00780165 -0.98587
-0.00456343 0.00736492 -0.985841
-0.0041267 0.00736492 -0.985857
-0.00368997 0.00736492 -0.985873
-0.00456343 0.00692819 -0.985845
-0.0041267 0.00692819 -0.985861
-0.00368997 0.00692819 -0.985877
-0.00456343 0.00649146 -0.985848
-0.0041267 0.00649146 -0.985864
-0.00368997 0.00649146 -0.98588
-0.00456343 0.00605473 -0.985851
-0.0041267 0.00605473 -0.985867
-0.00368997 0.00605473 -0.985883
-0.00456343 0.005618 -0.985854
-0.0041267 0.005618 -0.98587
-0.00368997 0.005618 -0.985886
-0.00456343 0.00518127 -0.985857
-0.0041267 0.00518127 -0.985873
-0.00368997 0.00518127 -0.98589
-0.00456343 0.00474455 -0.985861
-0.0041267 0.00474455 -0.985877
-0.00368997 0.00474455 -0.985893
-0.00456343 0.00430782 -0.985864
-0.0041267 0.00430782 -0.98588
-0.00368997 0.00430782 -0.985896
-0.00456343 0.00387109 -0.985867
-0.0041267 0.00387109 -0.985883
-0.00368997 0.00387109 -0.985899
-0.00456343 0.00343436 -0.98587
-0.0041267 0.00343436 -0.985886
-0.00368997 0.00343436 -0.985902
-0.00456343 0.00299763 -0.985874
-0.0041267 0.00299763 -0.98589
-0.00368997 0.00299763 -0.985906
-0.00456343 0.0025609 -0.985877
-0.0041267 0.0025609 -0.985893
-0.00368997 0.0025609 -0.985909
-0.00456343 0.00212417 -0.98588
-0.0041267 0.00212417 -0.985896
-0.00368997 0.00212417 -0.985912
-0.00456343 0.00168745 -0.985883
-0.0041267 0.00168745 -0.985899
-0.00368997 0.00168745 -0.985915
-0.00456343 0.00125072 -0.985886
-0.0041267 0.00125072 -0.985902
-0.00368997 0.00125072 -0.985919
-0.00456343 0.000813989 -0.98589
-0.0041267 0.000813989 -0.985906
-0.00368997 0.000813989 -0.985922
-0.00456343 0.000377261 -0.985893
-0.0041267 0.000377261 -0.985909
-0.00368997 0.000377261 -0.985925
-0.00456343 -5.9468e-05 -0.985896
-0.0041267 -5.9468e-05 -0.985912
-0.00368997 -5.9468e-05 -0.985928
-0.00456343 -0.000496197 -0.985899
-0.0041267 -0.000496197 -0.985915
-0.00368997 -0.000496197 -0.985931
-0.00456343 -0.000932925 -0.985903
-0.0041267 -0.000932925 -0.985919
-0.00368997 -0.000932925 -0.985935
-0.00456343 -0.00136965 -0.985906
-0.0041267 -0.00136965 -0.985922
-0.00368997 -0.00136965 -0.985938
-0.00456343 -0.00180638 -0.985909
-0.0041267 -0.00180638 -0.985925
-0.00368997 -0.00180638 -0.985941
-0.00456343 -0.00224311 -0.985912
-0.0041267 -0.00224311 -0.985928
-0.00368997 -0.00224311 -0.985944
-0.00456343 -0.00267984 -0.985915
-0.0041267 -0.00267984 -0.985931
-0.00368997 -0.00267984 -0.985947
-0.00456343 -0.00311657 -0.985919
-0.0041267 -0.00311657 -0.985935
-0.00368997 -0.00311657 -0.985951
-0.00456343 -0.0035533 -0.985922
-0.0041267 -0.0035533 -0.985938
-0.00368997 -0.0035533 -0.985954
-0.00456343 -0.00399002 -0.985925
-0.0041267 -0.00399002 -0.985941
-0.00368997 -0.00399002 -0.985957
-0.00456343 -0.00442675 -0.985928
-0.0041267 -0.00442675 -0.985944
-0.00368997 -0.00442675 -0.98596
-0.00456343 -0.00486348 -0.985932
-0.0041267 -0.00486348 -0.985948
-0.00368997 -0.00486348 -0.985964
-0.00456343 -0.00530021 -0.985935
-0.0041267 -0.00530021 -0.985951
-0.00368997 -0.00530021 -0.985967
-0.00456343 -0.00573694 -0.985938
-0.0041267 -0.00573694 -0.985954
-0.00368997 -0.00573694 -0.98597
-0.00456343 -0.00617367 -0.985941
-0.0041267 -0.00617367 -0.985957
-0.00368997 -0.00617367 -0.985973
-0.00456343 -0.0066104 -0.985944
-0.0041267 -0.0066104 -0.98596
-0.00368997 -0.0066104 -0.985977
-0.00456343 -0.00704712 -0.985948
-0.0041267 -0.00704712 -0.985964
-0.00368997 -0.00704712 -0.98598
-0.00456343 -0.00748385 -0.985951
-0.0041267 -0.00748385 -0.985967
-0.00368997 -0.00748385 -0.985983
-0.00456343 -0.00792058 -0.985954
-0.0041267 -0.00792058 -0.98597
-0.00368997 -0.00792058 -0.985986
-0.00456343 -0.00835731 -0.985957
-0.0041267 -0.00835731 -0.985973
-0.00368997 -0.00835731 -0.985989
-0.00456343 -0.00879404 -0.985961
-0.0041267 -0.00879404 -0.985977
-0.00368997 -0.00879404 -0.985993
-0.00456343 -0.00923077 -0.985964
-0.0041267 -0.00923077 -0.98598
-0.00368997 -0.00923077 -0.985996
-0.00456343 -0.0096675 -0.985967
-0.0041267 -0.0096675 -0.985983
-0.00368997 -0.0096675 -0.985999
-0.00456343 -0.0101042 -0.98597
-0.0041267 -0.0101042 -0.985986
-0.00368997 -0.0101042 -0.986002
-0.00456343 -0.010541 -0.985973
-0.0041267 -0.010541 -0.985989
-0.00368997 -0.010541 -0.986005
-0.00456343 -0.0109777 -0.985977
-0.0041267 -0.0109777 -0.985993
-0.00368997 -0.0109777 -0.986009
-0.00456343 -0.0114144 -0.98598
-0.0041267 -0.0114144 -0.985996
-0.00368997 -0.0114144 -0.986012
-0.00456343 -0.0118511 -0.985983
-0.0041267 -0.0118511 -0.985999
-0.00368997 -0.0118511 -0.986015
-0.00456343 -0.0122879 -0.985986
-0.0041267 -0.0122879 -0.986002
-0.00368997 -0.0122879 -0.986018
-0.00456343 -0.0127246 -0.98599
-0.0041267 -0.0127246 -0.986006
-0.00368997 -0.0127246 -0.986022
-0.00456343 -0.0131613 -0.985993
-0.0041267 -0.0131613 -0.986009
-0.00368997 -0.0131613 -0.986025
-0.00456343 -0.0135981 -0.985996
-0.0041267 -0.0135981 -0.986012
-0.00368997 -0.0135981 -0.986028
-0.00456343 -0.0140348 -0.985999
-0.0041267 -0.0140348 -0.986015
-0.00368997 -0.0140348 -0.986031
-0.00456343 -0.0144715 -0.986002
-0.0041267 -0.0144715 -0.986018
-0.00368997 -0.0144715 -0.986035
-0.00456343 -0.0149082 -0.986006
-0.0041267 -0.0149082 -0.986022
-0.00368997 -0.0149082 -0.986038
-0.00456343 -0.015345 -0.986009
-0.0041267 -0.015345 -0.986025
-0.00368997 -0.015345 -0.986041
-0.00456343 -0.0157817 -0.986012
-0.0041267 -0.0157817 -0.986028
-0.00368997 -0.0157817 -0.986044
-0.00456343 -0.0162184 -0.986015
-0.0041267 -0.0162184 -0.986031
-0.00368997 -0.0162184 -0.986047
-0.00456343 -0.0166552 -0.986019
-0.0041267 -0.0166552 -0.986035
-0.00368997 -0.0166552 -0.986051
-0.00456343 -0.0170919 -0.986022
-0.0041267 -0.0170919 -0.986038
-0.00368997 -0.0170919 -0.986054
-0.00456343 -0.0175286 -0.986025
-0.0041267 -0.0175286 -0.986041
-0.00368997 -0.0175286 -0.986057
-0.00456343 -0.0179653 -0.986028
-0.0041267 -0.0179653 -0.986044
-0.00368997 -0.0179653 -0.98606
-0.00456343 -0.0184021 -0.986031
-0.0041267 -0.0184021 -0.986047
-0.00368997 -0.0184021 -0.986063
-0.00456343 -0.0188388 -0.986035
-0.0041267 -0.0188388 -0.986051
-0.00368997 -0.0188388 -0.986067
-0.00456343 -0.0192755 -0.986038
-0.0041267 -0.0192755 -0.986054
-0.00368997 -0.0192755 -0.98607
-0.00456343 -0.0197123 -0.986041
-0.0041267 -0.0197123 -0.986057
-0.00368997 -0.0197123 -0.986073
-0.00456343 -0.020149 -0.986044
-0.0041267 -0.020149 -0.98606
-0.00368997 -0.020149 -0.986076
-0.00456343 -0.0205857 -0.986048
-0.0041267 -0.0205857 -0.986064
-0.00368997 -0.0205857 -0.98608
-0.00456343 -0.0210224 -0.986051
-0.0041267 -0.0210224 -0.986067
-0.00368997 -0.0210224 -0.986083
-0.00456343 -0.0214592 -0.986054
-0.0041267 -0.0214592 -0.98607
-0.00368997 -0.0214592 -0.986086
-0.00456343 -0.0218959 -0.986057
-0.0041267 -0.0218959 -0.986073
-0.00368997 -0.0218959 -0.986089
-0.00456343 -0.0223326 -0.98606
-0.0041267 -0.0223326 -0.986076
-0.00368997 -0.0223326 -0.986093
-0.00456343 -0.0227694 -0.986064
-0.0041267 -0.0227694 -0.98608
-0.00368997 -0.0227694 -0.986096
-0.00456343 -0.0232061 -0.986067
-0.0041267 -0.0232061 -0.986083
-0.00368997 -0.0232061 -0.986099
-0.00456343 -0.0236428 -0.98607
-0.0041267 -0.0236428 -0.986086
-0.00368997 -0.0236428 -0.986102
-0.00456343 -0.0240795 -0.986073
-0.0041267 -0.0240795 -0.986089
-0.00368997 -0.0240795 -0.986105
-0.00456343 -0.0245163 -0.986077
-0.0041267 -0.0245163 -0.986093
-0.00368997 -0.0245163 -0.986109
-0.00456343 -0.024953 -0.98608
-0.0041267 -0.024953 -0.986096
-0.00368997 -0.024953 -0.986112
-0.00456343 -0.0253897 -0.986083
-0.0041267 -0.0253897 -0.986099
-0.00368997 -0.0253897 -0.986115
-0.00456343 -0.0258265 -0.986086
-0.0041267 -0.0258265 -0.986102
-0.00368997 -0.0258265 -0.986118
-0.00456343 -0.0262632 -0.986089
-0.0041267 -0.0262632 -0.986105
-0.00368997 -0.0262632 -0.986121
-0.00456343 -0.0266999 -0.986093
-0.0041267 -0.0266999 -0.986109
-0.00368997 -0.0266999 -0.986125
-0.00456343 -0.0271366 -0.986096
-0.0041267 -0.0271366 -0.986112
-0.00368997 -0.0271366 -0.986128
-0.00456343 -0.0275734 -0.986099
-0.0041267 -0.0275734 -0.986115
-0.00368997 -0.0275734 -0.986131
-0.00456343 -0.0280101 -0.986102
-0.0041267 -0.0280101 -0.986118
-0.00368997 -0.0280101 -0.986134
-0.00456343 -0.0284468 -0.986106
-0.0041267 -0.0284468 -0.986122
-0.00368997 -0.0284468 -0.986138
-0.00456343 -0.0288836 -0.986109
-0.0041267 -0.0288836 -0.986125
-0.00368997 -0.0288836 -0.986141
-0.00456343 -0.0293203 -0.986112
-0.0041267 -0.0293203 -0.986128
-0.00368997 -0.0293203 -0.986144
-0.00456343 -0.029757 -0.986115
-0.0041267 -0.029757 -0.986131
-0.00368997 -0.029757 -0.986147
-0.00456343 -0.0301937 -0.986118
-0.0041267 -0.0301937 -0.986134
-0.00368997 -0.0301937 -0.986151
-0.00456343 -0.0306305 -0.986122
-0.0041267 -0.0306305 -0.986138
-0.00368997 -0.0306305 -0.986154
-0.00456343 -0.0310672 -0.986125
-0.0041267 -0.0310672 -0.986141
-0.00368997 -0.0310672 -0.986157
-0.00456343 -0.0315039 -0.986128
-0.0041267 -0.0315039 -0.986144
-0.00368997 -0.0315039 -0.98616
-0.00456343 -0.0319407 -0.986131
-0.0041267 -0.0319407 -0.986147
-0.00368997 -0.0319407 -0.986163
-0.00456343 -0.0323774 -0.986134
-0.0041267 -0.0323774 -0.986151
-0.00368997 -0.0323774 -0.986167
-0.00456343 -0.0328141 -0.986138
-0.0041267 -0.0328141 -0.986154
-0.00368997 -0.0328141 -0.98617
-0.00456343 -0.0332508 -0.986141
-0.0041267 -0.0332508 -0.986157
-0.00368997 -0.0332508 -0.986173
-0.00456343 -0.0336876 -0.986144
-0.0041267 -0.0336876 -0.98616
-0.00368997 -0.0336876 -0.986176
-0.00456343 -0.0341243 -0.986147
-0.0041267 -0.0341243 -0.986163
-0.00368997 -0.0341243 -0.986179
