0.0071772 -0.0118278 -1.12022
0.00686323 -0.0118278 -1.12022
0.00654925 -0.0118278 -1.12022
0.0071772 -0.0115138 -1.12022
0.00686323 -0.0115138 -1.12022
0.00654925 -0.0115138 -1.12022
0.0071772 -0.0111998 -1.12022
0.00686323 -0.0111998 -1.12022
0.00654925 -0.0111998 -1.12022
0.0071772 -0.0108858 -1.12022
0.00686323 -0.0108858 -1.12022
0.00654925 -0.0108858 -1.12022
0.0071772 -0.0105718 -1.12022
0.00686323 -0.0105718 -1.12022
0.00654925 -0.0105718 -1.12022
0.0071772 -0.0102579 -1.12022
0.00686323 -0.0102579 -1.12022
0.00654925 -0.0102579 -1.12022
0.0071772 -0.0099439 -1.12022
0.00686323 -0.0099439 -1.12022
0.00654925 -0.0099439 -1.12022
0.0071772 -0.00962992 -1.12022
0.00686323 -0.00962992 -1.12022
0.00654925 -0.00962992 -1.12022
0.0071772 -0.00931595 -1.12022
0.00686323 -0.00931595 -1.12022
0.00654925 -0.00931595 -1.12023
0.0071772 -0.00900197 -1.12022
0.00686323 -0.00900197 -1.12023
0.00654925 -0.00900197 -1.12023
0.0071772 -0.00868799 -1.12022
0.00686323 -0.00868799 -1.12023
0.00654925 -0.00868799 -1.12023
0.0071772 -0.00837402 -1.12023
0.00686323 -0.00837402 -1.12023
0.00654925 -0.00837402 -1.12023
0.0071772 -0.00806004 -1.12023
0.00686323 -0.00806004 -1.12023
0.00654925 -0.00806004 -1.12023
0.0071772 -0.00774607 -1.12023
0.00686323 -0.00774607 -1.12023
0.00654925 -0.00774607 -1.12023
0.0071772 -0.00743209 -1.12023
0.00686323 -0.00743209 -1.12023
0.00654925 -0.00743209 -1.12023
0.0071772 -0.00711812 -1.12023
0.00686323 -0.00711812 -1.12023
0.00654925 -0.00711812 -1.12023
0.0071772 -0.00680414 -1.12023
0.00686323 -0.00680414 -1.12023
0.00654925 -0.00680414 -1.12023
0.0071772 -0.00649016 -1.12023
0.00686323 -0.00649016 -1.12023
0.00654925 -0.00649016 -1.12023
0.0071772 -0.00617619 -1.12023
0.00686323 -0.00617619 -1.12023
0.00654925 -0.00617619 -1.12023
0.0071772 -0.00586221 -1.12023
0.00686323 -0.00586221 -1.12023
0.00654925 -0.00586221 -1.12023
0.0071772 -0.00554824 -1.12023
0.00686323 -0.00554824 -1.12023
0.00654925 -0.00554824 -1.12023
0.0071772 -0.00523426 -1.12023
0.00686323 -0.00523426 -1.12023
0.00654925 -0.00523426 -1.12023
0.0071772 -0.00492029 -1.12023
0.00686323 -0.00492029 -1.12023
0.00654925 -0.00492029 -1.12024
0.0071772 -0.00460631 -1.12023
0.00686323 -0.00460631 -1.12024
0.00654925 -0.00460631 -1.12024
0.0071772 -0.00429233 -1.12023
0.00686323 -0.00429233 -1.12024
0.00654925 -0.00429233 -1.12024
0.0071772 -0.00397836 -1.12024
0.00686323 -0.00397836 -1.12024
0.00654925 -0.00397836 -1.12024
0.0071772 -0.00366438 -1.12024
0.00686323 -0.00366438 -1.12024
0.00654925 -0.00366438 -1.12024
0.0071772 -0.00335041 -1.12024
0.00686323 -0.00335041 -1.12024
0.00654925 -0.00335041 -1.12024
0.0071772 -0.00303643 -1.12024
0.00686323 -0.00303643 -1.12024
0.00654925 -0.00303643 -1.12024
0.0071772 -0.00272246 -1.12024
0.00686323 -0.00272246 -1.12024
0.00654925 -0.00272246 -1.12024
0.0071772 -0.00240848 -1.12024
0.00686323 -0.00240848 -1.12024
0.00654925 -0.00240848 -1.12024
0.0071772 -0.0020945 -1.12024
0.00686323 -0.0020945 -1.12024
0.00654925 -0.0020945 -1.12024
0.0071772 -0.00178053 -1.12024
0.00686323 -0.00178053 -1.12024
0.00654925 -0.00178053 -1.12024
0.0071772 -0.00146655 -1.12024
0.00686323 -0.00146655 -1.12024
0.00654925 -0.00146655 -1.12024
0.0071772 -0.00115258 -1.12024
0.00686323 -0.00115258 -1.12024
0.00654925 -0.00115258 -1.12024
0.0071772 -0.000838601 -1.12024
0.00686323 -0.000838601 -1.12024
0.00654925 -0.000838601 -1.12025
0.0071772 -0.000524625 -1.12024
0.00686323 -0.000524625 -1.12024
0.00654925 -0.000524625 -1.12025
0.0071772 -0.000210649 -1.12024
0.00686323 -0.000210649 -1.12025
0.00654925 -0.000210649 -1.12025
0.0071772 0.000103326 -1.12024
0.00686323 0.000103326 -1.12025
0.00654925 0.000103326 -1.12025
0.0071772 0.000417302 -1.12025
0.00686323 0.000417302 -1.12025
0.00654925 0.000417302 -1.12025
0.0071772 0.000731278 -1.12025
0.00686323 0.000731278 -1.12025
0.00654925 0.000731278 -1.12025
0.0071772 0.00104525 -1.12025
0.00686323 0.00104525 -1.12025
0.00654925 0.00104525 -1.12025
0.0071772 0.00135923 -1.12025
0.00686323 0.00135923 -1.12025
0.00654925 0.00135923 -1.12025
0.0071772 0.0016732 -1.12025
0.00686323 0.0016732 -1.12025
0.00654925 0.0016732 -1.12025
0.0071772 0.00198718 -1.12025
0.00686323 0.00198718 -1.12025
0.00654925 0.00198718 -1.12025
0.0071772 0.00230116 -1.12025
0.00686323 0.00230116 -1.12025
0.00654925 0.00230116 -1.12025
0.0071772 0.00261513 -1.12025
0.00686323 0.00261513 -1.12025
0.00654925 0.00261513 -1.12025
0.0071772 0.00292911 -1.12025
0.00686323 0.00292911 -1.12025
0.00654925 0.00292911 -1.12025
0.0071772 0.00324308 -1.12025
0.00686323 0.00324308 -1.12025
0.00654925 0.00324308 -1.12025
0.0071772 0.00355706 -1.12025
0.00686323 0.00355706 -1.12025
0.00654925 0.00355706 -1.12026
0.0071772 0.00387104 -1.12025
0.00686323 0.00387104 -1.12025
0.00654925 0.00387104 -1.12026
0.0071772 0.00418501 -1.12025
0.00686323 0.00418501 -1.12026
0.00654925 0.00418501 -1.12026
0.0071772 0.00449899 -1.12026
0.00686323 0.00449899 -1.12026
0.00654925 0.00449899 -1.12026
0.0071772 0.00481296 -1.12026
0.00686323 0.00481296 -1.12026
0.00654925 0.00481296 -1.12026
0.0071772 0.00512694 -1.12026
0.00686323 0.00512694 -1.12026
0.00654925 0.00512694 -1.12026
0.0071772 0.00544091 -1.12026
0.00686323 0.00544091 -1.12026
0.00654925 0.00544091 -1.12026
0.0071772 0.00575489 -1.12026
0.00686323 0.00575489 -1.12026
0.00654925 0.00575489 -1.12026
0.0071772 0.00606887 -1.12026
0.00686323 0.00606887 -1.12026
0.00654925 0.00606887 -1.12026
0.0071772 0.00638284 -1.12026
0.00686323 0.00638284 -1.12026
0.00654925 0.00638284 -1.12026
0.0071772 0.00669682 -1.12026
0.00686323 0.00669682 -1.12026
0.00654925 0.00669682 -1.12026
0.0071772 0.00701079 -1.12026
0.00686323 0.00701079 -1.12026
0.00654925 0.00701079 -1.12026
0.0071772 0.00732477 -1.12026
0.00686323 0.00732477 -1.12026
0.00654925 0.00732477 -1.12026
0.0071772 0.00763874 -1.12026
0.00686323 0.00763874 -1.12026
0.00654925 0.00763874 -1.12026
0.0071772 0.00795272 -1.12026
0.00686323 0.00795272 -1.12026
0.00654925 0.00795272 -1.12027
0.0071772 0.00826669 -1.12026
0.00686323 0.00826669 -1.12026
0.00654925 0.00826669 -1.12027
0.0071772 0.00858067 -1.12026
0.00686323 0.00858067 -1.12027
0.00654925 0.00858067 -1.12027
0.0071772 0.00889465 -1.12027
0.00686323 0.00889465 -1.12027
0.00654925 0.00889465 -1.12027
0.0071772 0.00920862 -1.12027
0.00686323 0.00920862 -1.12027
0.00654925 0.00920862 -1.12027
0.0071772 0.0095226 -1.12027
0.00686323 0.0095226 -1.12027
0.00654925 0.0095226 -1.12027
0.0071772 0.00983657 -1.12027
0.00686323 0.00983657 -1.12027
0.00654925 0.00983657 -1.12027
0.0071772 0.0101505 -1.12027
0.00686323 0.0101505 -1.12027
0.00654925 0.0101505 -1.12027
0.0071772 0.0104645 -1.12027
0.00686323 0.0104645 -1.12027
0.00654925 0.0104645 -1.12027
0.0071772 0.0107785 -1.12027
0.00686323 0.0107785 -1.12027
0.00654925 0.0107785 -1.12027
0.0071772 0.0110925 -1.12027
0.00686323 0.0110925 -1.12027
0.00654925 0.0110925 -1.12027
0.0071772 0.0114065 -1.12027
0.00686323 0.0114065 -1.12027
0.00654925 0.0114065 -1.12027
0.0071772 0.0117204 -1.12027
0.00686323 0.0117204 -1.12027
0.00654925 0.0117204 -1.12027
0.0071772 0.0120344 -1.12027
0.00686323 0.0120344 -1.12027
0.00654925 0.0120344 -1.12027
0.0071772 0.0123484 -1.12027
0.00686323 0.0123484 -1.12027
0.00654925 0.0123484 -1.12028
0.0071772 0.0126624 -1.12027
0.00686323 0.0126624 -1.12028
0.00654925 0.0126624 -1.12028
0.0071772 0.0129763 -1.12027
0.00686323 0.0129763 -1.12028
0.00654925 0.0129763 -1.12028
0.0071772 0.0132903 -1.12028
0.00686323 0.0132903 -1.12028
0.00654925 0.0132903 -1.12028
0.0071772 0.0136043 -1.12028
0.00686323 0.0136043 -1.12028
0.00654925 0.0136043 -1.12028
0.0071772 0.0139183 -1.12028
0.00686323 0.0139183 -1.12028
0.00654925 0.0139183 -1.12028
0.0071772 0.0142322 -1.12028
0.00686323 0.0142322 -1.12028
0.00654925 0.0142322 -1.12028
0.0071772 0.0145462 -1.12028
0.00686323 0.0145462 -1.12028
0.00654925 0.0145462 -1.12028
0.0071772 0.0148602 -1.12028
0.00686323 0.0148602 -1.12028
0.00654925 0.0148602 -1.12028
0.0071772 0.0151742 -1.12028
0.00686323 0.0151742 -1.12028
0.00654925 0.0151742 -1.12028
0.0071772 0.0154881 -1.12028
0.00686323 0.0154881 -1.12028
0.00654925 0.0154881 -1.12028
0.0071772 0.0158021 -1.12028
0.00686323 0.0158021 -1.12028
0.00654925 0.0158021 -1.12028
0.0071772 0.0161161 -1.12028
0.00686323 0.0161161 -1.12028
0.00654925 0.0161161 -1.12028
0.0071772 0.0164301 -1.12028
0.00686323 0.0164301 -1.12028
0.00654925 0.0164301 -1.12028
0.0071772 0.016744 -1.12028
0.00686323 0.016744 -1.12028
0.00654925 0.016744 -1.12029
0.0071772 0.017058 -1.12028
0.00686323 0.017058 -1.12029
0.00654925 0.017058 -1.12029
0.0071772 0.017372 -1.12028
0.00686323 0.017372 -1.12029
0.00654925 0.017372 -1.12029
0.0071772 0.017686 -1.12029
0.00686323 0.017686 -1.12029
0.00654925 0.017686 -1.12029
0.0071772 0.0179999 -1.12029
0.00686323 0.0179999 -1.12029
0.00654925 0.0179999 -1.12029
0.0071772 0.0183139 -1.12029
0.00686323 0.0183139 -1.12029
0.00654925 0.0183139 -1.12029
0.0071772 0.0186279 -1.12029
0.00686323 0.0186279 -1.12029
0.00654925 0.0186279 -1.12029
0.0071772 0.0189419 -1.12029
0.00686323 0.0189419 -1.12029
0.00654925 0.0189419 -1.12029
0.0071772 0.0192558 -1.12029
0.00686323 0.0192558 -1.12029
0.00654925 0.0192558 -1.12029
0.0071772 0.0195698 -1.12029
0.00686323 0.0195698 -1.12029
0.00654925 0.0195698 -1.12029
0.0071772 0.0198838 -1.12029
0.00686323 0.0198838 -1.12029
0.00654925 0.0198838 -1.12029
0.0071772 0.0201978 -1.12029
0.00686323 0.0201978 -1.12029
0.00654925 0.0201978 -1.12029
0.0071772 0.0205117 -1.12029
0.00686323 0.0205117 -1.12029
0.00654925 0.0205117 -1.12029
0.0071772 0.0208257 -1.12029
0.00686323 0.0208257 -1.12029
0.00654925 0.0208257 -1.12029
0.0071772 0.0211397 -1.12029
0.00686323 0.0211397 -1.12029
0.00654925 0.0211397 -1.1203
0.0071772 0.0214537 -1.12029
0.00686323 0.0214537 -1.1203
0.00654925 0.0214537 -1.1203
0.0071772 0.0217677 -1.12029
0.00686323 0.0217677 -1.1203
0.00654925 0.0217677 -1.1203
0.0071772 0.0220816 -1.1203
0.00686323 0.0220816 -1.1203
0.00654925 0.0220816 -1.1203
0.0071772 0.0223956 -1.1203
0.00686323 0.0223956 -1.1203
0.00654925 0.0223956 -1.1203
0.0071772 0.0227096 -1.1203
0.00686323 0.0227096 -1.1203
0.00654925 0.0227096 -1.1203
