-0.0142675 0.0236839 -1.24331
-0.0139039 0.0236839 -1.24331
-0.0135403 0.0236839 -1.2433
-0.0142675 0.0233203 -1.24331
-0.0139039 0.0233203 -1.24331
-0.0135403 0.0233203 -1.2433
-0.0142675 0.0229567 -1.24331
-0.0139039 0.0229567 -1.2433
-0.0135403 0.0229567 -1.2433
-0.0142675 0.0225931 -1.24331
-0.0139039 0.0225931 -1.2433
-0.0135403 0.0225931 -1.2433
-0.0142675 0.0222295 -1.2433
-0.0139039 0.0222295 -1.2433
-0.0135403 0.0222295 -1.2433
-0.0142675 0.0218659 -1.2433
-0.0139039 0.0218659 -1.2433
-0.0135403 0.0218659 -1.2433
-0.0142675 0.0215023 -1.2433
-0.0139039 0.0215023 -1.2433
-0.0135403 0.0215023 -1.2433
-0.0142675 0.0211387 -1.2433
-0.0139039 0.0211387 -1.2433
-0.0135403 0.0211387 -1.2433
-0.0142675 0.0207751 -1.2433
-0.0139039 0.0207751 -1.2433
-0.0135403 0.0207751 -1.2433
-0.0142675 0.0204115 -1.2433
-0.0139039 0.0204115 -1.2433
-0.0135403 0.0204115 -1.2433
-0.0142675 0.0200479 -1.2433
-0.0139039 0.0200479 -1.2433
-0.0135403 0.0200479 -1.2433
-0.0142675 0.0196843 -1.2433
-0.0139039 0.0196843 -1.2433
-0.0135403 0.0196843 -1.2433
-0.0142675 0.0193207 -1.2433
-0.0139039 0.0193207 -1.2433
-0.0135403 0.0193207 -1.2433
-0.0142675 0.0189571 -1.2433
-0.0139039 0.0189571 -1.2433
-0.0135403 0.0189571 -1.2433
-0.0142675 0.0185935 -1.2433
-0.0139039 0.0185935 -1.2433
-0.0135403 0.0185935 -1.24329
-0.0142675 0.0182299 -1.2433
-0.0139039 0.0182299 -1.2433
-0.0135403 0.0182299 -1.24329
-0.0142675 0.0178663 -1.2433
-0.0139039 0.0178663 -1.2433
-0.0135403 0.0178663 -1.24329
-0.0142675 0.0175027 -1.2433
-0.0139039 0.0175027 -1.24329
-0.0135403 0.0175027 -1.24329
-0.0142675 0.0171391 -1.2433
-0.0139039 0.0171391 -1.24329
-0.0135403 0.0171391 -1.24329
-0.0142675 0.0167755 -1.24329
-0.0139039 0.0167755 -1.24329
-0.0135403 0.0167755 -1.24329
-0.0142675 0.0164119 -1.24329
-0.0139039 0.0164119 -1.24329
-0.0135403 0.0164119 -1.24329
-0.0142675 0.0160483 -1.24329
-0.0139039 0.0160483 -1.24329
-0.0135403 0.0160483 -1.24329
-0.0142675 0.0156847 -1.24329
-0.0139039 0.0156847 -1.24329
-0.0135403 0.0156847 -1.24329
-0.0142675 0.0153211 -1.24329
-0.0139039 0.0153211 -1.24329
-0.0135403 0.0153211 -1.24329
-0.0142675 0.0149575 -1.24329
-0.0139039 0.0149575 -1.24329
-0.0135403 0.0149575 -1.24329
-0.0142675 0.0145939 -1.24329
-0.0139039 0.0145939 -1.24329
-0.0135403 0.0145939 -1.24329
-0.0142675 0.0142303 -1.24329
-0.0139039 0.0142303 -1.24329
-0.0135403 0.0142303 -1.24329
-0.0142675 0.0138667 -1.24329
-0.0139039 0.0138667 -1.24329
-0.0135403 0.0138667 -1.24329
-0.0142675 0.0135031 -1.24329
-0.0139039 0.0135031 -1.24329
-0.0135403 0.0135031 -1.24329
-0.0142675 0.0131395 -1.24329
-0.0139039 0.0131395 -1.24329
-0.0135403 0.0131395 -1.24328
-0.0142675 0.0127759 -1.24329
-0.0139039 0.0127759 -1.24329
-0.0135403 0.0127759 -1.24328
-0.0142675 0.0124123 -1.24329
-0.0139039 0.0124123 -1.24329
-0.0135403 0.0124123 -1.24328
-0.0142675 0.0120487 -1.24329
-0.0139039 0.0120487 -1.24328
-0.0135403 0.0120487 -1.24328
-0.0142675 0.0116851 -1.24329
-0.0139039 0.0116851 -1.24328
-0.0135403 0.0116851 -1.24328
-0.0142675 0.0113215 -1.24328
-0.0139039 0.0113215 -1.24328
-0.0135403 0.0113215 -1.24328
-0.0142675 0.0109579 -1.24328
-0.0139039 0.0109579 -1.24328
-0.0135403 0.0109579 -1.24328
-0.0142675 0.0105943 -1.24328
-0.0139039 0.0105943 -1.24328
-0.0135403 0.0105943 -1.24328
-0.0142675 0.0102307 -1.24328
-0.0139039 0.0102307 -1.24328
-0.0135403 0.0102307 -1.24328
-0.0142675 0.00986711 -1.24328
-0.0139039 0.00986711 -1.24328
-0.0135403 0.00986711 -1.24328
-0.0142675 0.00950351 -1.24328
-0.0139039 0.00950351 -1.24328
-0.0135403 0.00950351 -1.24328
-0.0142675 0.00913991 -1.24328
-0.0139039 0.00913991 -1.24328
-0.0135403 0.00913991 -1.24328
-0.0142675 0.00877631 -1.24328
-0.0139039 0.00877631 -1.24328
-0.0135403 0.00877631 -1.24328
-0.0142675 0.0084127 -1.24328
-0.0139039 0.0084127 -1.24328
-0.0135403 0.0084127 -1.24328
-0.0142675 0.0080491 -1.24328
-0.0139039 0.0080491 -1.24328
-0.0135403 0.0080491 -1.24328
-0.0142675 0.0076855 -1.24328
-0.0139039 0.0076855 -1.24328
-0.0135403 0.0076855 -1.24327
-0.0142675 0.0073219 -1.24328
-0.0139039 0.0073219 -1.24328
-0.0135403 0.0073219 -1.24327
-0.0142675 0.0069583 -1.24328
-0.0139039 0.0069583 -1.24328
-0.0135403 0.0069583 -1.24327
-0.0142675 0.0065947 -1.24328
-0.0139039 0.0065947 -1.24327
-0.0135403 0.0065947 -1.24327
-0.0142675 0.0062311 -1.24328
-0.0139039 0.0062311 -1.24327
-0.0135403 0.0062311 -1.24327
-0.0142675 0.0058675 -1.24327
-0.0139039 0.0058675 -1.24327
-0.0135403 0.0058675 -1.24327
-0.0142675 0.0055039 -1.24327
-0.0139039 0.0055039 -1.24327
-0.0135403 0.0055039 -1.24327
-0.0142675 0.0051403 -1.24327
-0.0139039 0.0051403 -1.24327
-0.0135403 0.0051403 -1.24327
-0.0142675 0.0047767 -1.24327
-0.0139039 0.0047767 -1.24327
-0.0135403 0.0047767 -1.24327
-0.0142675 0.0044131 -1.24327
-0.0139039 0.0044131 -1.24327
-0.0135403 0.0044131 -1.24327
-0.0142675 0.0040495 -1.24327
-0.0139039 0.0040495 -1.24327
-0.0135403 0.0040495 -1.24327
-0.0142675 0.0036859 -1.24327
-0.0139039 0.0036859 -1.24327
-0.0135403 0.0036859 -1.24327
-0.0142675 0.0033223 -1.24327
-0.0139039 0.0033223 -1.24327
-0.0135403 0.0033223 -1.24327
-0.0142675 0.0029587 -1.24327
-0.0139039 0.0029587 -1.24327
-0.0135403 0.0029587 -1.24327
-0.0142675 0.0025951 -1.24327
-0.0139039 0.0025951 -1.24327
-0.0135403 0.0025951 -1.24327
-0.0142675 0.0022315 -1.24327
-0.0139039 0.0022315 -1.24327
-0.0135403 0.0022315 -1.24326
-0.0142675 0.0018679 -1.24327
-0.0139039 0.0018679 -1.24327
-0.0135403 0.0018679 -1.24326
-0.0142675 0.0015043 -1.24327
-0.0139039 0.0015043 -1.24326
-0.0135403 0.0015043 -1.24326
-0.0142675 0.0011407 -1.24327
-0.0139039 0.0011407 -1.24326
-0.0135403 0.0011407 -1.24326
-0.0142675 0.000777095 -1.24327
-0.0139039 0.000777095 -1.24326
-0.0135403 0.000777095 -1.24326
-0.0142675 0.000413495 -1.24326
-0.0139039 0.000413495 -1.24326
-0.0135403 0.000413495 -1.24326
-0.0142675 4.98944e-05 -1.24326
-0.0139039 4.98944e-05 -1.24326
-0.0135403 4.98944e-05 -1.24326
-0.0142675 -0.000313706 -1.24326
-0.0139039 -0.000313706 -1.24326
-0.0135403 -0.000313706 -1.24326
-0.0142675 -0.000677306 -1.24326
-0.0139039 -0.000677306 -1.24326
-0.0135403 -0.000677306 -1.24326
-0.0142675 -0.00104091 -1.24326
-0.0139039 -0.00104091 -1.24326
-0.0135403 -0.00104091 -1.24326
-0.0142675 -0.00140451 -1.24326
-0.0139039 -0.00140451 -1.24326
-0.0135403 -0.00140451 -1.24326
-0.0142675 -0.00176811 -1.24326
-0.0139039 -0.00176811 -1.24326
-0.0135403 -0.00176811 -1.24326
-0.0142675 -0.00213171 -1.24326
-0.0139039 -0.00213171 -1.24326
-0.0135403 -0.00213171 -1.24326
-0.0142675 -0.00249531 -1.24326
-0.0139039 -0.00249531 -1.24326
-0.0135403 -0.00249531 -1.24326
-0.0142675 -0.00285891 -1.24326
-0.0139039 -0.00285891 -1.24326
-0.0135403 -0.00285891 -1.24326
-0.0142675 -0.00322251 -1.24326
-0.0139039 -0.00322251 -1.24326
-0.0135403 -0.00322251 -1.24325
-0.0142675 -0.00358611 -1.24326
-0.0139039 -0.00358611 -1.24326
-0.0135403 -0.00358611 -1.24325
-0.0142675 -0.00394971 -1.24326
-0.0139039 -0.00394971 -1.24325
-0.0135403 -0.00394971 -1.24325
-0.0142675 -0.00431331 -1.24326
-0.0139039 -0.00431331 -1.24325
-0.0135403 -0.00431331 -1.24325
-0.0142675 -0.00467691 -1.24326
-0.0139039 -0.00467691 -1.24325
-0.0135403 -0.00467691 -1.24325
-0.0142675 -0.00504051 -1.24325
-0.0139039 -0.00504051 -1.24325
-0.0135403 -0.00504051 -1.24325
-0.0142675 -0.00540411 -1.24325
-0.0139039 -0.00540411 -1.24325
-0.0135403 -0.00540411 -1.24325
-0.0142675 -0.00576771 -1.24325
-0.0139039 -0.00576771 -1.24325
-0.0135403 -0.00576771 -1.24325
-0.0142675 -0.00613131 -1.24325
-0.0139039 -0.00613131 -1.24325
-0.0135403 -0.00613131 -1.24325
-0.0142675 -0.00649491 -1.24325
-0.0139039 -0.00649491 -1.24325
-0.0135403 -0.00649491 -1.24325
-0.0142675 -0.00685851 -1.24325
-0.0139039 -0.00685851 -1.24325
-0.0135403 -0.00685851 -1.24325
-0.0142675 -0.00722211 -1.24325
-0.0139039 -0.00722211 -1.24325
-0.0135403 -0.00722211 -1.24325
-0.0142675 -0.00758572 -1.24325
-0.0139039 -0.00758572 -1.24325
-0.0135403 -0.00758572 -1.24325
-0.0142675 -0.00794932 -1.24325
-0.0139039 -0.00794932 -1.24325
-0.0135403 -0.00794932 -1.24325
-0.0142675 -0.00831292 -1.24325
-0.0139039 -0.00831292 -1.24325
-0.0135403 -0.00831292 -1.24325
-0.0142675 -0.00867652 -1.24325
-0.0139039 -0.00867652 -1.24325
-0.0135403 -0.00867652 -1.24324
-0.0142675 -0.00904012 -1.24325
-0.0139039 -0.00904012 -1.24325
-0.0135403 -0.00904012 -1.24324
-0.0142675 -0.00940372 -1.24325
-0.0139039 -0.00940372 -1.24324
-0.0135403 -0.00940372 -1.24324
-0.0142675 -0.00976732 -1.24325
-0.0139039 -0.00976732 -1.24324
-0.0135403 -0.00976732 -1.24324
-0.0142675 -0.0101309 -1.24325
-0.0139039 -0.0101309 -1.24324
-0.0135403 -0.0101309 -1.24324
-0.0142675 -0.0104945 -1.24324
-0.0139039 -0.0104945 -1.24324
-0.0135403 -0.0104945 -1.24324
-0.0142675 -0.0108581 -1.24324
-0.0139039 -0.0108581 -1.24324
-0.0135403 -0.0108581 -1.24324
-0.0142675 -0.0112217 -1.24324
-0.0139039 -0.0112217 -1.24324
-0.0135403 -0.0112217 -1.24324
-0.0142675 -0.0115853 -1.24324
-0.0139039 -0.0115853 -1.24324
-0.0135403 -0.0115853 -1.24324
-0.0142675 -0.0119489 -1.24324
-0.0139039 -0.0119489 -1.24324
-0.0135403 -0.0119489 -1.24324
-0.0142675 -0.0123125 -1.24324
-0.0139039 -0.0123125 -1.24324
-0.0135403 -0.0123125 -1.24324
-0.0142675 -0.0126761 -1.24324
-0.0139039 -0.0126761 -1.24324
-0.0135403 -0.0126761 -1.24324
-0.0142675 -0.0130397 -1.24324
-0.0139039 -0.0130397 -1.24324
-0.0135403 -0.0130397 -1.24324
-0.0142675 -0.0134033 -1.24324
-0.0139039 -0.0134033 -1.24324
-0.0135403 -0.0134033 -1.24324
-0.0142675 -0.0137669 -1.24324
-0.0139039 -0.0137669 -1.24324
-0.0135403 -0.0137669 -1.24324
-0.0142675 -0.0141305 -1.24324
-0.0139039 -0.0141305 -1.24324
-0.0135403 -0.0141305 -1.24323
-0.0142675 -0.0144941 -1.24324
-0.0139039 -0.0144941 -1.24324
-0.0135403 -0.0144941 -1.24323
-0.0142675 -0.0148577 -1.24324
-0.0139039 -0.0148577 -1.24323
-0.0135403 -0.0148577 -1.24323
-0.0142675 -0.0152213 -1.24324
-0.0139039 -0.0152213 -1.24323
-0.0135403 -0.0152213 -1.24323
-0.0142675 -0.0155849 -1.24324
-0.0139039 -0.0155849 -1.24323
-0.0135403 -0.0155849 -1.24323
-0.0142675 -0.0159485 -1.24323
-0.0139039 -0.0159485 -1.24323
-0.0135403 -0.0159485 -1.24323
-0.0142675 -0.0163121 -1.24323
-0.0139039 -0.0163121 -1.24323
-0.0135403 -0.0163121 -1.24323
