-0.00740712 0.00304299 -0.840403
-0.00748772 0.00304299 -0.840405
-0.00756832 0.00304299 -0.840407
-0.00740712 0.00312359 -0.840403
-0.00748772 0.00312359 -0.840405
-0.00756832 0.00312359 -0.840407
-0.00740712 0.0032042 -0.840404
-0.00748772 0.0032042 -0.840406
-0.00756832 0.0032042 -0.840407
-0.00740712 0.0032848 -0.840404
-0.00748772 0.0032848 -0.840406
-0.00756832 0.0032848 -0.840408
-0.00740712 0.0033654 -0.840405
-0.00748772 0.0033654 -0.840406
-0.00756832 0.0033654 -0.840408
-0.00740712 0.003446 -0.840405
-0.00748772 0.003446 -0.840407
-0.00756832 0.003446 -0.840409
-0.00740712 0.0035266 -0.840405
-0.00748772 0.0035266 -0.840407
-0.00756832 0.0035266 -0.840409
-0.00740712 0.0036072 -0.840406
-0.00748772 0.0036072 -0.840408
-0.00756832 0.0036072 -0.84041
-0.00740712 0.00368781 -0.840406
-0.00748772 0.00368781 -0.840408
-0.00756832 0.00368781 -0.84041
-0.00740712 0.00376841 -0.840407
-0.00748772 0.00376841 -0.840409
-0.00756832 0.00376841 -0.84041
-0.00740712 0.00384901 -0.840407
-0.00748772 0.00384901 -0.840409
-0.00756832 0.00384901 -0.840411
-0.00740712 0.00392961 -0.840407
-0.00748772 0.00392961 -0.840409
-0.00756832 0.00392961 -0.840411
-0.00740712 0.00401021 -0.840408
-0.00748772 0.00401021 -0.84041
-0.00756832 0.00401021 -0.840412
-0.00740712 0.00409081 -0.840408
-0.00748772 0.00409081 -0.84041
-0.00756832 0.00409081 -0.840412
-0.00740712 0.00417141 -0.840409
-0.00748772 0.00417141 -0.840411
-0.00756832 0.00417141 -0.840412
-0.00740712 0.00425202 -0.840409
-0.00748772 0.00425202 -0.840411
-0.00756832 0.00425202 -0.840413
-0.00740712 0.00433262 -0.84041
-0.00748772 0.00433262 -0.840411
-0.00756832 0.00433262 -0.840413
-0.00740712 0.00441322 -0.84041
-0.00748772 0.00441322 -0.840412
-0.00756832 0.00441322 -0.840414
-0.00740712 0.00449382 -0.84041
-0.00748772 0.00449382 -0.840412
-0.00756832 0.00449382 -0.840414
-0.00740712 0.00457442 -0.840411
-0.00748772 0.00457442 -0.840413
-0.00756832 0.00457442 -0.840415
-0.00740712 0.00465502 -0.840411
-0.00748772 0.00465502 -0.840413
-0.00756832 0.00465502 -0.840415
-0.00740712 0.00473562 -0.840412
-0.00748772 0.00473562 -0.840414
-0.00756832 0.00473562 -0.840415
-0.00740712 0.00481623 -0.840412
-0.00748772 0.00481623 -0.840414
-0.00756832 0.00481623 -0.840416
-0.00740712 0.00489683 -0.840412
-0.00748772 0.00489683 -0.840414
-0.00756832 0.00489683 -0.840416
-0.00740712 0.00497743 -0.840413
-0.00748772 0.00497743 -0.840415
-0.00756832 0.00497743 -0.840417
-0.00740712 0.00505803 -0.840413
-0.00748772 0.00505803 -0.840415
-0.00756832 0.00505803 -0.840417
-0.00740712 0.00513863 -0.840414
-0.00748772 0.00513863 -0.840416
-0.00756832 0.00513863 -0.840417
-0.00740712 0.00521923 -0.840414
-0.00748772 0.00521923 -0.840416
-0.00756832 0.00521923 -0.840418
-0.00740712 0.00529983 -0.840415
-0.00748772 0.00529983 -0.840416
-0.00756832 0.00529983 -0.840418
-0.00740712 0.00538044 -0.840415
-0.00748772 0.00538044 -0.840417
-0.00756832 0.00538044 -0.840419
-0.00740712 0.00546104 -0.840415
-0.00748772 0.00546104 -0.840417
-0.00756832 0.00546104 -0.840419
-0.00740712 0.00554164 -0.840416
-0.00748772 0.00554164 -0.840418
-0.00756832 0.00554164 -0.84042
-0.00740712 0.00562224 -0.840416
-0.00748772 0.00562224 -0.840418
-0.00756832 0.00562224 -0.84042
-0.00740712 0.00570284 -0.840417
-0.00748772 0.00570284 -0.840419
-0.00756832 0.00570284 -0.84042
-0.00740712 0.00578344 -0.840417
-0.00748772 0.00578344 -0.840419
-0.00756832 0.00578344 -0.840421
-0.00740712 0.00586404 -0.840418
-0.00748772 0.00586404 -0.840419
-0.00756832 0.00586404 -0.840421
-0.00740712 0.00594465 -0.840418
-0.00748772 0.00594465 -0.84042
-0.00756832 0.00594465 -0.840422
-0.00740712 0.00602525 -0.840418
-0.00748772 0.00602525 -0.84042
-0.00756832 0.00602525 -0.840422
-0.00740712 0.00610585 -0.840419
-0.00748772 0.00610585 -0.840421
-0.00756832 0.00610585 -0.840422
-0.00740712 0.00618645 -0.840419
-0.00748772 0.00618645 -0.840421
-0.00756832 0.00618645 -0.840423
-0.00740712 0.00626705 -0.84042
-0.00748772 0.00626705 -0.840421
-0.00756832 0.00626705 -0.840423
-0.00740712 0.00634765 -0.84042
-0.00748772 0.00634765 -0.840422
-0.00756832 0.00634765 -0.840424
-0.00740712 0.00642825 -0.84042
-0.00748772 0.00642825 -0.840422
-0.00756832 0.00642825 -0.840424
-0.00740712 0.00650886 -0.840421
-0.00748772 0.00650886 -0.840423
-0.00756832 0.00650886 -0.840425
-0.00740712 0.00658946 -0.840421
-0.00748772 0.00658946 -0.840423
-0.00756832 0.00658946 -0.840425
-0.00740712 0.00667006 -0.840422
-0.00748772 0.00667006 -0.840424
-0.00756832 0.00667006 -0.840425
-0.00740712 0.00675066 -0.840422
-0.00748772 0.00675066 -0.840424
-0.00756832 0.00675066 -0.840426
-0.00740712 0.00683126 -0.840423
-0.00748772 0.00683126 -0.840424
-0.00756832 0.00683126 -0.840426
-0.00740712 0.00691186 -0.840423
-0.00748772 0.00691186 -0.840425
-0.00756832 0.00691186 -0.840427
-0.00740712 0.00699246 -0.840423
-0.00748772 0.00699246 -0.840425
-0.00756832 0.00699246 -0.840427
-0.00740712 0.00707307 -0.840424
-0.00748772 0.00707307 -0.840426
-0.00756832 0.00707307 -0.840427
-0.00740712 0.00715367 -0.840424
-0.00748772 0.00715367 -0.840426
-0.00756832 0.00715367 -0.840428
-0.00740712 0.00723427 -0.840425
-0.00748772 0.00723427 -0.840426
-0.00756832 0.00723427 -0.840428
-0.00740712 0.00731487 -0.840425
-0.00748772 0.00731487 -0.840427
-0.00756832 0.00731487 -0.840429
-0.00740712 0.00739547 -0.840425
-0.00748772 0.00739547 -0.840427
-0.00756832 0.00739547 -0.840429
-0.00740712 0.00747607 -0.840426
-0.00748772 0.00747607 -0.840428
-0.00756832 0.00747607 -0.84043
-0.00740712 0.00755668 -0.840426
-0.00748772 0.00755668 -0.840428
-0.00756832 0.00755668 -0.84043
-0.00740712 0.00763728 -0.840427
-0.00748772 0.00763728 -0.840429
-0.00756832 0.00763728 -0.84043
-0.00740712 0.00771788 -0.840427
-0.00748772 0.00771788 -0.840429
-0.00756832 0.00771788 -0.840431
-0.00740712 0.00779848 -0.840428
-0.00748772 0.00779848 -0.840429
-0.00756832 0.00779848 -0.840431
-0.00740712 0.00787908 -0.840428
-0.00748772 0.00787908 -0.84043
-0.00756832 0.00787908 -0.840432
-0.00740712 0.00795968 -0.840428
-0.00748772 0.00795968 -0.84043
-0.00756832 0.00795968 -0.840432
-0.00740712 0.00804028 -0.840429
-0.00748772 0.00804028 -0.840431
-0.00756832 0.00804028 -0.840432
-0.00740712 0.00812089 -0.840429
-0.00748772 0.00812089 -0.840431
-0.00756832 0.00812089 -0.840433
-0.00740712 0.00820149 -0.84043
-0.00748772 0.00820149 -0.840431
-0.00756832 0.00820149 -0.840433
-0.00740712 0.00828209 -0.84043
-0.00748772 0.00828209 -0.840432
-0.00756832 0.00828209 -0.840434
-0.00740712 0.00836269 -0.84043
-0.00748772 0.00836269 -0.840432
-0.00756832 0.00836269 -0.840434
-0.00740712 0.00844329 -0.840431
-0.00748772 0.00844329 -0.840433
-0.00756832 0.00844329 -0.840435
-0.00740712 0.00852389 -0.840431
-0.00748772 0.00852389 -0.840433
-0.00756832 0.00852389 -0.840435
-0.00740712 0.00860449 -0.840432
-0.00748772 0.00860449 -0.840434
-0.00756832 0.00860449 -0.840435
-0.00740712 0.0086851 -0.840432
-0.00748772 0.0086851 -0.840434
-0.00756832 0.0086851 -0.840436
-0.00740712 0.0087657 -0.840433
-0.00748772 0.0087657 -0.840434
-0.00756832 0.0087657 -0.840436
-0.00740712 0.0088463 -0.840433
-0.00748772 0.0088463 -0.840435
-0.00756832 0.0088463 -0.840437
-0.00740712 0.0089269 -0.840433
-0.00748772 0.0089269 -0.840435
-0.00756832 0.0089269 -0.840437
-0.00740712 0.0090075 -0.840434
-0.00748772 0.0090075 -0.840436
-0.00756832 0.0090075 -0.840437
-0.00740712 0.0090881 -0.840434
-0.00748772 0.0090881 -0.840436
-0.00756832 0.0090881 -0.840438
-0.00740712 0.0091687 -0.840435
-0.00748772 0.0091687 -0.840436
-0.00756832 0.0091687 -0.840438
-0.00740712 0.00924931 -0.840435
-0.00748772 0.00924931 -0.840437
-0.00756832 0.00924931 -0.840439
-0.00740712 0.00932991 -0.840435
-0.00748772 0.00932991 -0.840437
-0.00756832 0.00932991 -0.840439
-0.00740712 0.00941051 -0.840436
-0.00748772 0.00941051 -0.840438
-0.00756832 0.00941051 -0.84044
-0.00740712 0.00949111 -0.840436
-0.00748772 0.00949111 -0.840438
-0.00756832 0.00949111 -0.84044
-0.00740712 0.00957171 -0.840437
-0.00748772 0.00957171 -0.840439
-0.00756832 0.00957171 -0.84044
-0.00740712 0.00965231 -0.840437
-0.00748772 0.00965231 -0.840439
-0.00756832 0.00965231 -0.840441
-0.00740712 0.00973291 -0.840438
-0.00748772 0.00973291 -0.840439
-0.00756832 0.00973291 -0.840441
-0.00740712 0.00981352 -0.840438
-0.00748772 0.00981352 -0.84044
-0.00756832 0.00981352 -0.840442
-0.00740712 0.00989412 -0.840438
-0.00748772 0.00989412 -0.84044
-0.00756832 0.00989412 -0.840442
-0.00740712 0.00997472 -0.840439
-0.00748772 0.00997472 -0.840441
-0.00756832 0.00997472 -0.840442
-0.00740712 0.0100553 -0.840439
-0.00748772 0.0100553 -0.840441
-0.00756832 0.0100553 -0.840443
-0.00740712 0.0101359 -0.84044
-0.00748772 0.0101359 -0.840441
-0.00756832 0.0101359 -0.840443
-0.00740712 0.0102165 -0.84044
-0.00748772 0.0102165 -0.840442
-0.00756832 0.0102165 -0.840444
-0.00740712 0.0102971 -0.84044
-0.00748772 0.0102971 -0.840442
-0.00756832 0.0102971 -0.840444
-0.00740712 0.0103777 -0.840441
-0.00748772 0.0103777 -0.840443
-0.00756832 0.0103777 -0.840445
-0.00740712 0.0104583 -0.840441
-0.00748772 0.0104583 -0.840443
-0.00756832 0.0104583 -0.840445
-0.00740712 0.0105389 -0.840442
-0.00748772 0.0105389 -0.840444
-0.00756832 0.0105389 -0.840445
-0.00740712 0.0106195 -0.840442
-0.00748772 0.0106195 -0.840444
-0.00756832 0.0106195 -0.840446
-0.00740712 0.0107001 -0.840442
-0.00748772 0.0107001 -0.840444
-0.00756832 0.0107001 -0.840446
-0.00740712 0.0107807 -0.840443
-0.00748772 0.0107807 -0.840445
-0.00756832 0.0107807 -0.840447
-0.00740712 0.0108613 -0.840443
-0.00748772 0.0108613 -0.840445
-0.00756832 0.0108613 -0.840447
-0.00740712 0.0109419 -0.840444
-0.00748772 0.0109419 -0.840446
-0.00756832 0.0109419 -0.840447
-0.00740712 0.0110225 -0.840444
-0.00748772 0.0110225 -0.840446
-0.00756832 0.0110225 -0.840448
-0.00740712 0.0111031 -0.840445
-0.00748772 0.0111031 -0.840446
-0.00756832 0.0111031 -0.840448
-0.00740712 0.0111837 -0.840445
-0.00748772 0.0111837 -0.840447
-0.00756832 0.0111837 -0.840449
-0.00740712 0.0112643 -0.840445
-0.00748772 0.0112643 -0.840447
-0.00756832 0.0112643 -0.840449
-0.00740712 0.0113449 -0.840446
-0.00748772 0.0113449 -0.840448
-0.00756832 0.0113449 -0.84045
-0.00740712 0.0114255 -0.840446
-0.00748772 0.0114255 -0.840448
-0.00756832 0.0114255 -0.84045
-0.00740712 0.0115061 -0.840447
-0.00748772 0.0115061 -0.840449
-0.00756832 0.0115061 -0.84045
-0.00740712 0.0115867 -0.840447
-0.00748772 0.0115867 -0.840449
-0.00756832 0.0115867 -0.840451
-0.00740712 0.0116673 -0.840447
-0.00748772 0.0116673 -0.840449
-0.00756832 0.0116673 -0.840451
-0.00740712 0.011748 -0.840448
-0.00748772 0.011748 -0.84045
-0.00756832 0.011748 -0.840452
-0.00740712 0.0118286 -0.840448
-0.00748772 0.0118286 -0.84045
-0.00756832 0.0118286 -0.840452
-0.00740712 0.0119092 -0.840449
-0.00748772 0.0119092 -0.840451
-0.00756832 0.0119092 -0.840452
