-0.00188367 0.000967819 -1.07066
-0.00215898 0.000967819 -1.07066
-0.00243428 0.000967819 -1.07065
-0.00188367 0.00124312 -1.07066
-0.00215898 0.00124312 -1.07066
-0.00243428 0.00124312 -1.07065
-0.00188367 0.00151843 -1.07066
-0.00215898 0.00151843 -1.07066
-0.00243428 0.00151843 -1.07065
-0.00188367 0.00179373 -1.07066
-0.00215898 0.00179373 -1.07066
-0.00243428 0.00179373 -1.07065
-0.00188367 0.00206903 -1.07066
-0.00215898 0.00206903 -1.07066
-0.00243428 0.00206903 -1.07065
-0.00188367 0.00234434 -1.07066
-0.00215898 0.00234434 -1.07066
-0.00243428 0.00234434 -1.07065
-0.00188367 0.00261964 -1.07066
-0.00215898 0.00261964 -1.07066
-0.00243428 0.00261964 -1.07065
-0.00188367 0.00289494 -1.07066
-0.00215898 0.00289494 -1.07065
-0.00243428 0.00289494 -1.07065
-0.00188367 0.00317025 -1.07066
-0.00215898 0.00317025 -1.07065
-0.00243428 0.00317025 -1.07065
-0.00188367 0.00344555 -1.07066
-0.00215898 0.00344555 -1.07065
-0.00243428 0.00344555 -1.07065
-0.00188367 0.00372085 -1.07066
-0.00215898 0.00372085 -1.07065
-0.00243428 0.00372085 -1.07065
-0.00188367 0.00399616 -1.07066
-0.00215898 0.00399616 -1.07065
-0.00243428 0.00399616 -1.07065
-0.00188367 0.00427146 -1.07066
-0.00215898 0.00427146 -1.07065
-0.00243428 0.00427146 -1.07065
-0.00188367 0.00454676 -1.07066
-0.00215898 0.00454676 -1.07065
-0.00243428 0.00454676 -1.07065
-0.00188367 0.00482207 -1.07066
-0.00215898 0.00482207 -1.07065
-0.00243428 0.00482207 -1.07065
-0.00188367 0.00509737 -1.07066
-0.00215898 0.00509737 -1.07065
-0.00243428 0.00509737 -1.07065
-0.00188367 0.00537267 -1.07066
-0.00215898 0.00537267 -1.07065
-0.00243428 0.00537267 -1.07065
-0.00188367 0.00564798 -1.07066
-0.00215898 0.00564798 -1.07065
-0.00243428 0.00564798 -1.07065
-0.00188367 0.00592328 -1.07065
-0.00215898 0.00592328 -1.07065
-0.00243428 0.00592328 -1.07064
-0.00188367 0.00619858 -1.07065
-0.00215898 0.00619858 -1.07065
-0.00243428 0.00619858 -1.07064
-0.00188367 0.00647389 -1.07065
-0.00215898 0.00647389 -1.07065
-0.00243428 0.00647389 -1.07064
-0.00188367 0.00674919 -1.07065
-0.00215898 0.00674919 -1.07065
-0.00243428 0.00674919 -1.07064
-0.00188367 0.00702449 -1.07065
-0.00215898 0.00702449 -1.07065
-0.00243428 0.00702449 -1.07064
-0.00188367 0.0072998 -1.07065
-0.00215898 0.0072998 -1.07065
-0.00243428 0.0072998 -1.07064
-0.00188367 0.0075751 -1.07065
-0.00215898 0.0075751 -1.07065
-0.00243428 0.0075751 -1.07064
-0.00188367 0.0078504 -1.07065
-0.00215898 0.0078504 -1.07065
-0.00243428 0.0078504 -1.07064
-0.00188367 0.00812571 -1.07065
-0.00215898 0.00812571 -1.07065
-0.00243428 0.00812571 -1.07064
-0.00188367 0.00840101 -1.07065
-0.00215898 0.00840101 -1.07065
-0.00243428 0.00840101 -1.07064
-0.00188367 0.00867631 -1.07065
-0.00215898 0.00867631 -1.07065
-0.00243428 0.00867631 -1.07064
-0.00188367 0.00895162 -1.07065
-0.00215898 0.00895162 -1.07064
-0.00243428 0.00895162 -1.07064
-0.00188367 0.00922692 -1.07065
-0.00215898 0.00922692 -1.07064
-0.00243428 0.00922692 -1.07064
-0.00188367 0.00950223 -1.07065
-0.00215898 0.00950223 -1.07064
-0.00243428 0.00950223 -1.07064
-0.00188367 0.00977753 -1.07065
-0.00215898 0.00977753 -1.07064
-0.00243428 0.00977753 -1.07064
-0.00188367 0.0100528 -1.07065
-0.00215898 0.0100528 -1.07064
-0.00243428 0.0100528 -1.07064
-0.00188367 0.0103281 -1.07065
-0.00215898 0.0103281 -1.07064
-0.00243428 0.0103281 -1.07064
-0.00188367 0.0106034 -1.07065
-0.00215898 0.0106034 -1.07064
-0.00243428 0.0106034 -1.07064
-0.00188367 0.0108787 -1.07065
-0.00215898 0.0108787 -1.07064
-0.00243428 0.0108787 -1.07064
-0.00188367 0.011154 -1.07065
-0.00215898 0.011154 -1.07064
-0.00243428 0.011154 -1.07064
-0.00188367 0.0114293 -1.07065
-0.00215898 0.0114293 -1.07064
-0.00243428 0.0114293 -1.07064
-0.00188367 0.0117047 -1.07064
-0.00215898 0.0117047 -1.07064
-0.00243428 0.0117047 -1.07064
-0.00188367 0.01198 -1.07064
-0.00215898 0.01198 -1.07064
-0.00243428 0.01198 -1.07063
-0.00188367 0.0122553 -1.07064
-0.00215898 0.0122553 -1.07064
-0.00243428 0.0122553 -1.07063
-0.00188367 0.0125306 -1.07064
-0.00215898 0.0125306 -1.07064
-0.00243428 0.0125306 -1.07063
-0.00188367 0.0128059 -1.07064
-0.00215898 0.0128059 -1.07064
-0.00243428 0.0128059 -1.07063
-0.00188367 0.0130812 -1.07064
-0.00215898 0.0130812 -1.07064
-0.00243428 0.0130812 -1.07063
-0.00188367 0.0133565 -1.07064
-0.00215898 0.0133565 -1.07064
-0.00243428 0.0133565 -1.07063
-0.00188367 0.0136318 -1.07064
-0.00215898 0.0136318 -1.07064
-0.00243428 0.0136318 -1.07063
-0.00188367 0.0139071 -1.07064
-0.00215898 0.0139071 -1.07064
-0.00243428 0.0139071 -1.07063
-0.00188367 0.0141824 -1.07064
-0.00215898 0.0141824 -1.07064
-0.00243428 0.0141824 -1.07063
-0.00188367 0.0144577 -1.07064
-0.00215898 0.0144577 -1.07064
-0.00243428 0.0144577 -1.07063
-0.00188367 0.014733 -1.07064
-0.00215898 0.014733 -1.07063
-0.00243428 0.014733 -1.07063
-0.00188367 0.0150083 -1.07064
-0.00215898 0.0150083 -1.07063
-0.00243428 0.0150083 -1.07063
-0.00188367 0.0152836 -1.07064
-0.00215898 0.0152836 -1.07063
-0.00243428 0.0152836 -1.07063
-0.00188367 0.0155589 -1.07064
-0.00215898 0.0155589 -1.07063
-0.00243428 0.0155589 -1.07063
-0.00188367 0.0158342 -1.07064
-0.00215898 0.0158342 -1.07063
-0.00243428 0.0158342 -1.07063
-0.00188367 0.0161095 -1.07064
-0.00215898 0.0161095 -1.07063
-0.00243428 0.0161095 -1.07063
-0.00188367 0.0163848 -1.07064
-0.00215898 0.0163848 -1.07063
-0.00243428 0.0163848 -1.07063
-0.00188367 0.0166601 -1.07064
-0.00215898 0.0166601 -1.07063
-0.00243428 0.0166601 -1.07063
-0.00188367 0.0169354 -1.07064
-0.00215898 0.0169354 -1.07063
-0.00243428 0.0169354 -1.07063
-0.00188367 0.0172107 -1.07064
-0.00215898 0.0172107 -1.07063
-0.00243428 0.0172107 -1.07063
-0.00188367 0.017486 -1.07064
-0.00215898 0.017486 -1.07063
-0.00243428 0.017486 -1.07063
-0.00188367 0.0177613 -1.07063
-0.00215898 0.0177613 -1.07063
-0.00243428 0.0177613 -1.07062
-0.00188367 0.0180366 -1.07063
-0.00215898 0.0180366 -1.07063
-0.00243428 0.0180366 -1.07062
-0.00188367 0.0183119 -1.07063
-0.00215898 0.0183119 -1.07063
-0.00243428 0.0183119 -1.07062
-0.00188367 0.0185872 -1.07063
-0.00215898 0.0185872 -1.07063
-0.00243428 0.0185872 -1.07062
-0.00188367 0.0188625 -1.07063
-0.00215898 0.0188625 -1.07063
-0.00243428 0.0188625 -1.07062
-0.00188367 0.0191378 -1.07063
-0.00215898 0.0191378 -1.07063
-0.00243428 0.0191378 -1.07062
-0.00188367 0.0194131 -1.07063
-0.00215898 0.0194131 -1.07063
-0.00243428 0.0194131 -1.07062
-0.00188367 0.0196885 -1.07063
-0.00215898 0.0196885 -1.07063
-0.00243428 0.0196885 -1.07062
-0.00188367 0.0199638 -1.07063
-0.00215898 0.0199638 -1.07063
-0.00243428 0.0199638 -1.07062
-0.00188367 0.0202391 -1.07063
-0.00215898 0.0202391 -1.07063
-0.00243428 0.0202391 -1.07062
-0.00188367 0.0205144 -1.07063
-0.00215898 0.0205144 -1.07063
-0.00243428 0.0205144 -1.07062
-0.00188367 0.0207897 -1.07063
-0.00215898 0.0207897 -1.07062
-0.00243428 0.0207897 -1.07062
-0.00188367 0.021065 -1.07063
-0.00215898 0.021065 -1.07062
-0.00243428 0.021065 -1.07062
-0.00188367 0.0213403 -1.07063
-0.00215898 0.0213403 -1.07062
-0.00243428 0.0213403 -1.07062
-0.00188367 0.0216156 -1.07063
-0.00215898 0.0216156 -1.07062
-0.00243428 0.0216156 -1.07062
-0.00188367 0.0218909 -1.07063
-0.00215898 0.0218909 -1.07062
-0.00243428 0.0218909 -1.07062
-0.00188367 0.0221662 -1.07063
-0.00215898 0.0221662 -1.07062
-0.00243428 0.0221662 -1.07062
-0.00188367 0.0224415 -1.07063
-0.00215898 0.0224415 -1.07062
-0.00243428 0.0224415 -1.07062
-0.00188367 0.0227168 -1.07063
-0.00215898 0.0227168 -1.07062
-0.00243428 0.0227168 -1.07062
-0.00188367 0.0229921 -1.07063
-0.00215898 0.0229921 -1.07062
-0.00243428 0.0229921 -1.07062
-0.00188367 0.0232674 -1.07063
-0.00215898 0.0232674 -1.07062
-0.00243428 0.0232674 -1.07062
-0.00188367 0.0235427 -1.07063
-0.00215898 0.0235427 -1.07062
-0.00243428 0.0235427 -1.07062
-0.00188367 0.023818 -1.07062
-0.00215898 0.023818 -1.07062
-0.00243428 0.023818 -1.07061
-0.00188367 0.0240933 -1.07062
-0.00215898 0.0240933 -1.07062
-0.00243428 0.0240933 -1.07061
-0.00188367 0.0243686 -1.07062
-0.00215898 0.0243686 -1.07062
-0.00243428 0.0243686 -1.07061
-0.00188367 0.0246439 -1.07062
-0.00215898 0.0246439 -1.07062
-0.00243428 0.0246439 -1.07061
-0.00188367 0.0249192 -1.07062
-0.00215898 0.0249192 -1.07062
-0.00243428 0.0249192 -1.07061
-0.00188367 0.0251945 -1.07062
-0.00215898 0.0251945 -1.07062
-0.00243428 0.0251945 -1.07061
-0.00188367 0.0254698 -1.07062
-0.00215898 0.0254698 -1.07062
-0.00243428 0.0254698 -1.07061
-0.00188367 0.0257451 -1.07062
-0.00215898 0.0257451 -1.07062
-0.00243428 0.0257451 -1.07061
-0.00188367 0.0260204 -1.07062
-0.00215898 0.0260204 -1.07062
-0.00243428 0.0260204 -1.07061
-0.00188367 0.0262957 -1.07062
-0.00215898 0.0262957 -1.07062
-0.00243428 0.0262957 -1.07061
-0.00188367 0.026571 -1.07062
-0.00215898 0.026571 -1.07062
-0.00243428 0.026571 -1.07061
-0.00188367 0.0268463 -1.07062
-0.00215898 0.0268463 -1.07061
-0.00243428 0.0268463 -1.07061
-0.00188367 0.0271216 -1.07062
-0.00215898 0.0271216 -1.07061
-0.00243428 0.0271216 -1.07061
-0.00188367 0.0273969 -1.07062
-0.00215898 0.0273969 -1.07061
-0.00243428 0.0273969 -1.07061
-0.00188367 0.0276723 -1.07062
-0.00215898 0.0276723 -1.07061
-0.00243428 0.0276723 -1.07061
-0.00188367 0.0279476 -1.07062
-0.00215898 0.0279476 -1.07061
-0.00243428 0.0279476 -1.07061
-0.00188367 0.0282229 -1.07062
-0.00215898 0.0282229 -1.07061
-0.00243428 0.0282229 -1.07061
-0.00188367 0.0284982 -1.07062
-0.00215898 0.0284982 -1.07061
-0.00243428 0.0284982 -1.07061
-0.00188367 0.0287735 -1.07062
-0.00215898 0.0287735 -1.07061
-0.00243428 0.0287735 -1.07061
-0.00188367 0.0290488 -1.07062
-0.00215898 0.0290488 -1.07061
-0.00243428 0.0290488 -1.07061
-0.00188367 0.0293241 -1.07062
-0.00215898 0.0293241 -1.07061
-0.00243428 0.0293241 -1.07061
-0.00188367 0.0295994 -1.07061
-0.00215898 0.0295994 -1.07061
-0.00243428 0.0295994 -1.07061
-0.00188367 0.0298747 -1.07061
-0.00215898 0.0298747 -1.07061
-0.00243428 0.0298747 -1.0706
-0.00188367 0.03015 -1.07061
-0.00215898 0.03015 -1.07061
-0.00243428 0.03015 -1.0706
-0.00188367 0.0304253 -1.07061
-0.00215898 0.0304253 -1.07061
-0.00243428 0.0304253 -1.0706
-0.00188367 0.0307006 -1.07061
-0.00215898 0.0307006 -1.07061
-0.00243428 0.0307006 -1.0706
-0.00188367 0.0309759 -1.07061
-0.00215898 0.0309759 -1.07061
-0.00243428 0.0309759 -1.0706
-0.00188367 0.0312512 -1.07061
-0.00215898 0.0312512 -1.07061
-0.00243428 0.0312512 -1.0706
