0.00246801 -0.0242968 -0.751091
0.00202621 -0.0242968 -0.751088
0.00158442 -0.0242968 -0.751085
0.00246801 -0.023855 -0.751091
0.00202621 -0.023855 -0.751088
0.00158442 -0.023855 -0.751085
0.00246801 -0.0234133 -0.751092
0.00202621 -0.0234133 -0.751089
0.00158442 -0.0234133 -0.751086
0.00246801 -0.0229715 -0.751092
0.00202621 -0.0229715 -0.751089
0.00158442 -0.0229715 -0.751086
0.00246801 -0.0225297 -0.751093
0.00202621 -0.0225297 -0.75109
0.00158442 -0.0225297 -0.751087
0.00246801 -0.0220879 -0.751093
0.00202621 -0.0220879 -0.75109
0.00158442 -0.0220879 -0.751087
0.00246801 -0.0216461 -0.751094
0.00202621 -0.0216461 -0.751091
0.00158442 -0.0216461 -0.751088
0.00246801 -0.0212043 -0.751095
0.00202621 -0.0212043 -0.751092
0.00158442 -0.0212043 -0.751089
0.00246801 -0.0207625 -0.751095
0.00202621 -0.0207625 -0.751092
0.00158442 -0.0207625 -0.751089
0.00246801 -0.0203207 -0.751096
0.00202621 -0.0203207 -0.751093
0.00158442 -0.0203207 -0.75109
0.00246801 -0.0198789 -0.751096
0.00202621 -0.0198789 -0.751093
0.00158442 -0.0198789 -0.75109
0.00246801 -0.0194371 -0.751097
0.00202621 -0.0194371 -0.751094
0.00158442 -0.0194371 -0.751091
0.00246801 -0.0189954 -0.751097
0.00202621 -0.0189954 -0.751094
0.00158442 -0.0189954 -0.751091
0.00246801 -0.0185536 -0.751098
0.00202621 -0.0185536 -0.751095
0.00158442 -0.0185536 -0.751092
0.00246801 -0.0181118 -0.751099
0.00202621 -0.0181118 -0.751096
0.00158442 -0.0181118 -0.751093
0.00246801 -0.01767 -0.751099
0.00202621 -0.01767 -0.751096
0.00158442 -0.01767 -0.751093
0.00246801 -0.0172282 -0.7511
0.00202621 -0.0172282 -0.751097
0.00158442 -0.0172282 -0.751094
0.00246801 -0.0167864 -0.7511
0.00202621 -0.0167864 -0.751097
0.00158442 -0.0167864 -0.751094
0.00246801 -0.0163446 -0.751101
0.00202621 -0.0163446 -0.751098
0.00158442 -0.0163446 -0.751095
0.00246801 -0.0159028 -0.751101
0.00202621 -0.0159028 -0.751098
0.00158442 -0.0159028 -0.751095
0.00246801 -0.015461 -0.751102
0.00202621 -0.015461 -0.751099
0.00158442 -0.015461 -0.751096
0.00246801 -0.0150192 -0.751103
0.00202621 -0.0150192 -0.7511
0.00158442 -0.0150192 -0.751097
0.00246801 -0.0145774 -0.751103
0.00202621 -0.0145774 -0.7511
0.00158442 -0.0145774 -0.751097
0.00246801 -0.0141357 -0.751104
0.00202621 -0.0141357 -0.751101
0.00158442 -0.0141357 -0.751098
0.00246801 -0.0136939 -0.751104
0.00202621 -0.0136939 -0.751101
0.00158442 -0.0136939 -0.751098
0.00246801 -0.0132521 -0.751105
0.00202621 -0.0132521 -0.751102
0.00158442 -0.0132521 -0.751099
0.00246801 -0.0128103 -0.751105
0.00202621 -0.0128103 -0.751102
0.00158442 -0.0128103 -0.751099
0.00246801 -0.0123685 -0.751106
0.00202621 -0.0123685 -0.751103
0.00158442 -0.0123685 -0.7511
0.00246801 -0.0119267 -0.751107
0.00202621 -0.0119267 -0.751104
0.00158442 -0.0119267 -0.751101
0.00246801 -0.0114849 -0.751107
0.00202621 -0.0114849 -0.751104
0.00158442 -0.0114849 -0.751101
0.00246801 -0.0110431 -0.751108
0.00202621 -0.0110431 -0.751105
0.00158442 -0.0110431 -0.751102
0.00246801 -0.0106013 -0.751108
0.00202621 -0.0106013 -0.751105
0.00158442 -0.0106013 -0.751102
0.00246801 -0.0101595 -0.751109
0.00202621 -0.0101595 -0.751106
0.00158442 -0.0101595 -0.751103
0.00246801 -0.00971775 -0.751109
0.00202621 -0.00971775 -0.751106
0.00158442 -0.00971775 -0.751104
0.00246801 -0.00927596 -0.75111
0.00202621 -0.00927596 -0.751107
0.00158442 -0.00927596 -0.751104
0.00246801 -0.00883417 -0.751111
0.00202621 -0.00883417 -0.751108
0.00158442 -0.00883417 -0.751105
0.00246801 -0.00839238 -0.751111
0.00202621 -0.00839238 -0.751108
0.00158442 -0.00839238 -0.751105
0.00246801 -0.00795059 -0.751112
0.00202621 -0.00795059 -0.751109
0.00158442 -0.00795059 -0.751106
0.00246801 -0.0075088 -0.751112
0.00202621 -0.0075088 -0.751109
0.00158442 -0.0075088 -0.751106
0.00246801 -0.00706701 -0.751113
0.00202621 -0.00706701 -0.75111
0.00158442 -0.00706701 -0.751107
0.00246801 -0.00662522 -0.751113
0.00202621 -0.00662522 -0.75111
0.00158442 -0.00662522 -0.751108
0.00246801 -0.00618343 -0.751114
0.00202621 -0.00618343 -0.751111
0.00158442 -0.00618343 -0.751108
0.00246801 -0.00574164 -0.751115
0.00202621 -0.00574164 -0.751112
0.00158442 -0.00574164 -0.751109
0.00246801 -0.00529985 -0.751115
0.00202621 -0.00529985 -0.751112
0.00158442 -0.00529985 -0.751109
0.00246801 -0.00485806 -0.751116
0.00202621 -0.00485806 -0.751113
0.00158442 -0.00485806 -0.75111
0.00246801 -0.00441627 -0.751116
0.00202621 -0.00441627 -0.751113
0.00158442 -0.00441627 -0.75111
0.00246801 -0.00397447 -0.751117
0.00202621 -0.00397447 -0.751114
0.00158442 -0.00397447 -0.751111
0.00246801 -0.00353268 -0.751117
0.00202621 -0.00353268 -0.751114
0.00158442 -0.00353268 -0.751112
0.00246801 -0.00309089 -0.751118
0.00202621 -0.00309089 -0.751115
0.00158442 -0.00309089 -0.751112
0.00246801 -0.0026491 -0.751119
0.00202621 -0.0026491 -0.751116
0.00158442 -0.0026491 -0.751113
0.00246801 -0.00220731 -0.751119
0.00202621 -0.00220731 -0.751116
0.00158442 -0.00220731 -0.751113
0.00246801 -0.00176552 -0.75112
0.00202621 -0.00176552 -0.751117
0.00158442 -0.00176552 -0.751114
0.00246801 -0.00132373 -0.75112
0.00202621 -0.00132373 -0.751117
0.00158442 -0.00132373 -0.751114
0.00246801 -0.000881942 -0.751121
0.00202621 -0.000881942 -0.751118
0.00158442 -0.000881942 -0.751115
0.00246801 -0.000440151 -0.751121
0.00202621 -0.000440151 -0.751118
0.00158442 -0.000440151 -0.751116
0.00246801 1.63939e-06 -0.751122
0.00202621 1.63939e-06 -0.751119
0.00158442 1.63939e-06 -0.751116
0.00246801 0.00044343 -0.751123
0.00202621 0.00044343 -0.75112
0.00158442 0.00044343 -0.751117
0.00246801 0.00088522 -0.751123
0.00202621 0.00088522 -0.75112
0.00158442 0.00088522 -0.751117
0.00246801 0.00132701 -0.751124
0.00202621 0.00132701 -0.751121
0.00158442 0.00132701 -0.751118
0.00246801 0.0017688 -0.751124
0.00202621 0.0017688 -0.751121
0.00158442 0.0017688 -0.751118
0.00246801 0.00221059 -0.751125
0.00202621 0.00221059 -0.751122
0.00158442 0.00221059 -0.751119
0.00246801 0.00265238 -0.751125
0.00202621 0.00265238 -0.751122
0.00158442 0.00265238 -0.75112
0.00246801 0.00309417 -0.751126
0.00202621 0.00309417 -0.751123
0.00158442 0.00309417 -0.75112
0.00246801 0.00353596 -0.751127
0.00202621 0.00353596 -0.751124
0.00158442 0.00353596 -0.751121
0.00246801 0.00397775 -0.751127
0.00202621 0.00397775 -0.751124
0.00158442 0.00397775 -0.751121
0.00246801 0.00441954 -0.751128
0.00202621 0.00441954 -0.751125
0.00158442 0.00441954 -0.751122
0.00246801 0.00486133 -0.751128
0.00202621 0.00486133 -0.751125
0.00158442 0.00486133 -0.751122
0.00246801 0.00530312 -0.751129
0.00202621 0.00530312 -0.751126
0.00158442 0.00530312 -0.751123
0.00246801 0.00574492 -0.751129
0.00202621 0.00574492 -0.751126
0.00158442 0.00574492 -0.751124
0.00246801 0.00618671 -0.75113
0.00202621 0.00618671 -0.751127
0.00158442 0.00618671 -0.751124
0.00246801 0.0066285 -0.751131
0.00202621 0.0066285 -0.751128
0.00158442 0.0066285 -0.751125
0.00246801 0.00707029 -0.751131
0.00202621 0.00707029 -0.751128
0.00158442 0.00707029 -0.751125
0.00246801 0.00751208 -0.751132
0.00202621 0.00751208 -0.751129
0.00158442 0.00751208 -0.751126
0.00246801 0.00795387 -0.751132
0.00202621 0.00795387 -0.751129
0.00158442 0.00795387 -0.751126
0.00246801 0.00839566 -0.751133
0.00202621 0.00839566 -0.75113
0.00158442 0.00839566 -0.751127
0.00246801 0.00883745 -0.751133
0.00202621 0.00883745 -0.751131
0.00158442 0.00883745 -0.751128
0.00246801 0.00927924 -0.751134
0.00202621 0.00927924 -0.751131
0.00158442 0.00927924 -0.751128
0.00246801 0.00972103 -0.751135
0.00202621 0.00972103 -0.751132
0.00158442 0.00972103 -0.751129
0.00246801 0.0101628 -0.751135
0.00202621 0.0101628 -0.751132
0.00158442 0.0101628 -0.751129
0.00246801 0.0106046 -0.751136
0.00202621 0.0106046 -0.751133
0.00158442 0.0106046 -0.75113
0.00246801 0.0110464 -0.751136
0.00202621 0.0110464 -0.751133
0.00158442 0.0110464 -0.75113
0.00246801 0.0114882 -0.751137
0.00202621 0.0114882 -0.751134
0.00158442 0.0114882 -0.751131
0.00246801 0.01193 -0.751137
0.00202621 0.01193 -0.751135
0.00158442 0.01193 -0.751132
0.00246801 0.0123718 -0.751138
0.00202621 0.0123718 -0.751135
0.00158442 0.0123718 -0.751132
0.00246801 0.0128136 -0.751139
0.00202621 0.0128136 -0.751136
0.00158442 0.0128136 -0.751133
0.00246801 0.0132554 -0.751139
0.00202621 0.0132554 -0.751136
0.00158442 0.0132554 -0.751133
0.00246801 0.0136971 -0.75114
0.00202621 0.0136971 -0.751137
0.00158442 0.0136971 -0.751134
0.00246801 0.0141389 -0.75114
0.00202621 0.0141389 -0.751137
0.00158442 0.0141389 -0.751134
0.00246801 0.0145807 -0.751141
0.00202621 0.0145807 -0.751138
0.00158442 0.0145807 -0.751135
0.00246801 0.0150225 -0.751141
0.00202621 0.0150225 -0.751139
0.00158442 0.0150225 -0.751136
0.00246801 0.0154643 -0.751142
0.00202621 0.0154643 -0.751139
0.00158442 0.0154643 -0.751136
0.00246801 0.0159061 -0.751143
0.00202621 0.0159061 -0.75114
0.00158442 0.0159061 -0.751137
0.00246801 0.0163479 -0.751143
0.00202621 0.0163479 -0.75114
0.00158442 0.0163479 -0.751137
0.00246801 0.0167897 -0.751144
0.00202621 0.0167897 -0.751141
0.00158442 0.0167897 -0.751138
0.00246801 0.0172315 -0.751144
0.00202621 0.0172315 -0.751141
0.00158442 0.0172315 -0.751138
0.00246801 0.0176733 -0.751145
0.00202621 0.0176733 -0.751142
0.00158442 0.0176733 -0.751139
0.00246801 0.018115 -0.751145
0.00202621 0.018115 -0.751143
0.00158442 0.018115 -0.75114
0.00246801 0.0185568 -0.751146
0.00202621 0.0185568 -0.751143
0.00158442 0.0185568 -0.75114
0.00246801 0.0189986 -0.751147
0.00202621 0.0189986 -0.751144
0.00158442 0.0189986 -0.751141
0.00246801 0.0194404 -0.751147
0.00202621 0.0194404 -0.751144
0.00158442 0.0194404 -0.751141
0.00246801 0.0198822 -0.751148
0.00202621 0.0198822 -0.751145
0.00158442 0.0198822 -0.751142
0.00246801 0.020324 -0.751148
0.00202621 0.020324 -0.751145
0.00158442 0.020324 -0.751142
0.00246801 0.0207658 -0.751149
0.00202621 0.0207658 -0.751146
0.00158442 0.0207658 -0.751143
0.00246801 0.0212076 -0.751149
0.00202621 0.0212076 -0.751147
0.00158442 0.0212076 -0.751144
0.00246801 0.0216494 -0.75115
0.00202621 0.0216494 -0.751147
0.00158442 0.0216494 -0.751144
0.00246801 0.0220912 -0.751151
0.00202621 0.0220912 -0.751148
0.00158442 0.0220912 -0.751145
0.00246801 0.022533 -0.751151
0.00202621 0.022533 -0.751148
0.00158442 0.022533 -0.751145
0.00246801 0.0229747 -0.751152
0.00202621 0.0229747 -0.751149
0.00158442 0.0229747 -0.751146
0.00246801 0.0234165 -0.751152
0.00202621 0.0234165 -0.751149
0.00158442 0.0234165 -0.751146
0.00246801 0.0238583 -0.751153
0.00202621 0.0238583 -0.75115
0.00158442 0.0238583 -0.751147
0.00246801 0.0243001 -0.751153
0.00202621 0.0243001 -0.751151
0.00158442 0.0243001 -0.751148
