0.0103445 0.0336574 -1.18734
0.0106696 0.0336574 -1.18735
0.0109948 0.0336574 -1.18735
0.0103445 0.0333323 -1.18734
0.0106696 0.0333323 -1.18735
0.0109948 0.0333323 -1.18735
0.0103445 0.0330072 -1.18734
0.0106696 0.0330072 -1.18735
0.0109948 0.0330072 -1.18735
0.0103445 0.032682 -1.18734
0.0106696 0.032682 -1.18735
0.0109948 0.032682 -1.18735
0.0103445 0.0323569 -1.18734
0.0106696 0.0323569 -1.18735
0.0109948 0.0323569 -1.18735
0.0103445 0.0320318 -1.18734
0.0106696 0.0320318 -1.18735
0.0109948 0.0320318 -1.18735
0.0103445 0.0317067 -1.18734
0.0106696 0.0317067 -1.18735
0.0109948 0.0317067 -1.18735
0.0103445 0.0313816 -1.18734
0.0106696 0.0313816 -1.18735
0.0109948 0.0313816 -1.18735
0.0103445 0.0310565 -1.18734
0.0106696 0.0310565 -1.18735
0.0109948 0.0310565 -1.18735
0.0103445 0.0307313 -1.18734
0.0106696 0.0307313 -1.18735
0.0109948 0.0307313 -1.18735
0.0103445 0.0304062 -1.18734
0.0106696 0.0304062 -1.18735
0.0109948 0.0304062 -1.18735
0.0103445 0.0300811 -1.18735
0.0106696 0.0300811 -1.18735
0.0109948 0.0300811 -1.18735
0.0103445 0.029756 -1.18735
0.0106696 0.029756 -1.18735
0.0109948 0.029756 -1.18735
0.0103445 0.0294309 -1.18735
0.0106696 0.0294309 -1.18735
0.0109948 0.0294309 -1.18735
0.0103445 0.0291057 -1.18735
0.0106696 0.0291057 -1.18735
0.0109948 0.0291057 -1.18735
0.0103445 0.0287806 -1.18735
0.0106696 0.0287806 -1.18735
0.0109948 0.0287806 -1.18735
0.0103445 0.0284555 -1.18735
0.0106696 0.0284555 -1.18735
0.0109948 0.0284555 -1.18735
0.0103445 0.0281304 -1.18735
0.0106696 0.0281304 -1.18735
0.0109948 0.0281304 -1.18735
0.0103445 0.0278053 -1.18735
0.0106696 0.0278053 -1.18735
0.0109948 0.0278053 -1.18735
0.0103445 0.0274802 -1.18735
0.0106696 0.0274802 -1.18735
0.0109948 0.0274802 -1.18735
0.0103445 0.027155 -1.18735
0.0106696 0.027155 -1.18735
0.0109948 0.027155 -1.18735
0.0103445 0.0268299 -1.18735
0.0106696 0.0268299 -1.18735
0.0109948 0.0268299 -1.18735
0.0103445 0.0265048 -1.18735
0.0106696 0.0265048 -1.18735
0.0109948 0.0265048 -1.18735
0.0103445 0.0261797 -1.18735
0.0106696 0.0261797 -1.18735
0.0109948 0.0261797 -1.18735
0.0103445 0.0258546 -1.18735
0.0106696 0.0258546 -1.18735
0.0109948 0.0258546 -1.18736
0.0103445 0.0255295 -1.18735
0.0106696 0.0255295 -1.18735
0.0109948 0.0255295 -1.18736
0.0103445 0.0252043 -1.18735
0.0106696 0.0252043 -1.18735
0.0109948 0.0252043 -1.18736
0.0103445 0.0248792 -1.18735
0.0106696 0.0248792 -1.18735
0.0109948 0.0248792 -1.18736
0.0103445 0.0245541 -1.18735
0.0106696 0.0245541 -1.18735
0.0109948 0.0245541 -1.18736
0.0103445 0.024229 -1.18735
0.0106696 0.024229 -1.18735
0.0109948 0.024229 -1.18736
0.0103445 0.0239039 -1.18735
0.0106696 0.0239039 -1.18735
0.0109948 0.0239039 -1.18736
0.0103445 0.0235788 -1.18735
0.0106696 0.0235788 -1.18735
0.0109948 0.0235788 -1.18736
0.0103445 0.0232536 -1.18735
0.0106696 0.0232536 -1.18735
0.0109948 0.0232536 -1.18736
0.0103445 0.0229285 -1.18735
0.0106696 0.0229285 -1.18735
0.0109948 0.0229285 -1.18736
0.0103445 0.0226034 -1.18735
0.0106696 0.0226034 -1.18735
0.0109948 0.0226034 -1.18736
0.0103445 0.0222783 -1.18735
0.0106696 0.0222783 -1.18735
0.0109948 0.0222783 -1.18736
0.0103445 0.0219532 -1.18735
0.0106696 0.0219532 -1.18735
0.0109948 0.0219532 -1.18736
0.0103445 0.0216281 -1.18735
0.0106696 0.0216281 -1.18735
0.0109948 0.0216281 -1.18736
0.0103445 0.0213029 -1.18735
0.0106696 0.0213029 -1.18735
0.0109948 0.0213029 -1.18736
0.0103445 0.0209778 -1.18735
0.0106696 0.0209778 -1.18735
0.0109948 0.0209778 -1.18736
0.0103445 0.0206527 -1.18735
0.0106696 0.0206527 -1.18736
0.0109948 0.0206527 -1.18736
0.0103445 0.0203276 -1.18735
0.0106696 0.0203276 -1.18736
0.0109948 0.0203276 -1.18736
0.0103445 0.0200025 -1.18735
0.0106696 0.0200025 -1.18736
0.0109948 0.0200025 -1.18736
0.0103445 0.0196773 -1.18735
0.0106696 0.0196773 -1.18736
0.0109948 0.0196773 -1.18736
0.0103445 0.0193522 -1.18735
0.0106696 0.0193522 -1.18736
0.0109948 0.0193522 -1.18736
0.0103445 0.0190271 -1.18735
0.0106696 0.0190271 -1.18736
0.0109948 0.0190271 -1.18736
0.0103445 0.018702 -1.18735
0.0106696 0.018702 -1.18736
0.0109948 0.018702 -1.18736
0.0103445 0.0183769 -1.18735
0.0106696 0.0183769 -1.18736
0.0109948 0.0183769 -1.18736
0.0103445 0.0180518 -1.18735
0.0106696 0.0180518 -1.18736
0.0109948 0.0180518 -1.18736
0.0103445 0.0177266 -1.18735
0.0106696 0.0177266 -1.18736
0.0109948 0.0177266 -1.18736
0.0103445 0.0174015 -1.18735
0.0106696 0.0174015 -1.18736
0.0109948 0.0174015 -1.18736
0.0103445 0.0170764 -1.18735
0.0106696 0.0170764 -1.18736
0.0109948 0.0170764 -1.18736
0.0103445 0.0167513 -1.18735
0.0106696 0.0167513 -1.18736
0.0109948 0.0167513 -1.18736
0.0103445 0.0164262 -1.18735
0.0106696 0.0164262 -1.18736
0.0109948 0.0164262 -1.18736
0.0103445 0.0161011 -1.18735
0.0106696 0.0161011 -1.18736
0.0109948 0.0161011 -1.18736
0.0103445 0.0157759 -1.18735
0.0106696 0.0157759 -1.18736
0.0109948 0.0157759 -1.18736
0.0103445 0.0154508 -1.18736
0.0106696 0.0154508 -1.18736
0.0109948 0.0154508 -1.18736
0.0103445 0.0151257 -1.18736
0.0106696 0.0151257 -1.18736
0.0109948 0.0151257 -1.18736
0.0103445 0.0148006 -1.18736
0.0106696 0.0148006 -1.18736
0.0109948 0.0148006 -1.18736
0.0103445 0.0144755 -1.18736
0.0106696 0.0144755 -1.18736
0.0109948 0.0144755 -1.18736
0.0103445 0.0141504 -1.18736
0.0106696 0.0141504 -1.18736
0.0109948 0.0141504 -1.18736
0.0103445 0.0138252 -1.18736
0.0106696 0.0138252 -1.18736
0.0109948 0.0138252 -1.18736
0.0103445 0.0135001 -1.18736
0.0106696 0.0135001 -1.18736
0.0109948 0.0135001 -1.18736
0.0103445 0.013175 -1.18736
0.0106696 0.013175 -1.18736
0.0109948 0.013175 -1.18736
0.0103445 0.0128499 -1.18736
0.0106696 0.0128499 -1.18736
0.0109948 0.0128499 -1.18736
0.0103445 0.0125248 -1.18736
0.0106696 0.0125248 -1.18736
0.0109948 0.0125248 -1.18736
0.0103445 0.0121996 -1.18736
0.0106696 0.0121996 -1.18736
0.0109948 0.0121996 -1.18736
0.0103445 0.0118745 -1.18736
0.0106696 0.0118745 -1.18736
0.0109948 0.0118745 -1.18736
0.0103445 0.0115494 -1.18736
0.0106696 0.0115494 -1.18736
0.0109948 0.0115494 -1.18737
0.0103445 0.0112243 -1.18736
0.0106696 0.0112243 -1.18736
0.0109948 0.0112243 -1.18737
0.0103445 0.0108992 -1.18736
0.0106696 0.0108992 -1.18736
0.0109948 0.0108992 -1.18737
0.0103445 0.0105741 -1.18736
0.0106696 0.0105741 -1.18736
0.0109948 0.0105741 -1.18737
0.0103445 0.0102489 -1.18736
0.0106696 0.0102489 -1.18736
0.0109948 0.0102489 -1.18737
0.0103445 0.00992383 -1.18736
0.0106696 0.00992383 -1.18736
0.0109948 0.00992383 -1.18737
0.0103445 0.00959871 -1.18736
0.0106696 0.00959871 -1.18736
0.0109948 0.00959871 -1.18737
0.0103445 0.00927359 -1.18736
0.0106696 0.00927359 -1.18736
0.0109948 0.00927359 -1.18737
0.0103445 0.00894848 -1.18736
0.0106696 0.00894848 -1.18736
0.0109948 0.00894848 -1.18737
0.0103445 0.00862336 -1.18736
0.0106696 0.00862336 -1.18736
0.0109948 0.00862336 -1.18737
0.0103445 0.00829824 -1.18736
0.0106696 0.00829824 -1.18736
0.0109948 0.00829824 -1.18737
0.0103445 0.00797312 -1.18736
0.0106696 0.00797312 -1.18736
0.0109948 0.00797312 -1.18737
0.0103445 0.00764801 -1.18736
0.0106696 0.00764801 -1.18736
0.0109948 0.00764801 -1.18737
0.0103445 0.00732289 -1.18736
0.0106696 0.00732289 -1.18736
0.0109948 0.00732289 -1.18737
0.0103445 0.00699777 -1.18736
0.0106696 0.00699777 -1.18736
0.0109948 0.00699777 -1.18737
0.0103445 0.00667265 -1.18736
0.0106696 0.00667265 -1.18736
0.0109948 0.00667265 -1.18737
0.0103445 0.00634754 -1.18736
0.0106696 0.00634754 -1.18737
0.0109948 0.00634754 -1.18737
0.0103445 0.00602242 -1.18736
0.0106696 0.00602242 -1.18737
0.0109948 0.00602242 -1.18737
0.0103445 0.0056973 -1.18736
0.0106696 0.0056973 -1.18737
0.0109948 0.0056973 -1.18737
0.0103445 0.00537218 -1.18736
0.0106696 0.00537218 -1.18737
0.0109948 0.00537218 -1.18737
0.0103445 0.00504707 -1.18736
0.0106696 0.00504707 -1.18737
0.0109948 0.00504707 -1.18737
0.0103445 0.00472195 -1.18736
0.0106696 0.00472195 -1.18737
0.0109948 0.00472195 -1.18737
0.0103445 0.00439683 -1.18736
0.0106696 0.00439683 -1.18737
0.0109948 0.00439683 -1.18737
0.0103445 0.00407171 -1.18736
0.0106696 0.00407171 -1.18737
0.0109948 0.00407171 -1.18737
0.0103445 0.0037466 -1.18736
0.0106696 0.0037466 -1.18737
0.0109948 0.0037466 -1.18737
0.0103445 0.00342148 -1.18736
0.0106696 0.00342148 -1.18737
0.0109948 0.00342148 -1.18737
0.0103445 0.00309636 -1.18736
0.0106696 0.00309636 -1.18737
0.0109948 0.00309636 -1.18737
0.0103445 0.00277125 -1.18736
0.0106696 0.00277125 -1.18737
0.0109948 0.00277125 -1.18737
0.0103445 0.00244613 -1.18736
0.0106696 0.00244613 -1.18737
0.0109948 0.00244613 -1.18737
0.0103445 0.00212101 -1.18736
0.0106696 0.00212101 -1.18737
0.0109948 0.00212101 -1.18737
0.0103445 0.00179589 -1.18736
0.0106696 0.00179589 -1.18737
0.0109948 0.00179589 -1.18737
0.0103445 0.00147078 -1.18736
0.0106696 0.00147078 -1.18737
0.0109948 0.00147078 -1.18737
0.0103445 0.00114566 -1.18737
0.0106696 0.00114566 -1.18737
0.0109948 0.00114566 -1.18737
0.0103445 0.000820542 -1.18737
0.0106696 0.000820542 -1.18737
0.0109948 0.000820542 -1.18737
0.0103445 0.000495424 -1.18737
0.0106696 0.000495424 -1.18737
0.0109948 0.000495424 -1.18737
0.0103445 0.000170307 -1.18737
0.0106696 0.000170307 -1.18737
0.0109948 0.000170307 -1.18737
0.0103445 -0.00015481 -1.18737
0.0106696 -0.00015481 -1.18737
0.0109948 -0.00015481 -1.18737
0.0103445 -0.000479928 -1.18737
0.0106696 -0.000479928 -1.18737
0.0109948 -0.000479928 -1.18737
0.0103445 -0.000805045 -1.18737
0.0106696 -0.000805045 -1.18737
0.0109948 -0.000805045 -1.18737
0.0103445 -0.00113016 -1.18737
0.0106696 -0.00113016 -1.18737
0.0109948 -0.00113016 -1.18737
0.0103445 -0.00145528 -1.18737
0.0106696 -0.00145528 -1.18737
0.0109948 -0.00145528 -1.18737
0.0103445 -0.0017804 -1.18737
0.0106696 -0.0017804 -1.18737
0.0109948 -0.0017804 -1.18737
0.0103445 -0.00210551 -1.18737
0.0106696 -0.00210551 -1.18737
0.0109948 -0.00210551 -1.18737
