0.00605206 0.00183269 -0.554836
0.00574994 0.00183269 -0.554836
0.00544782 0.00183269 -0.554835
0.00605206 0.0021348 -0.554837
0.00574994 0.0021348 -0.554836
0.00544782 0.0021348 -0.554835
0.00605206 0.00243692 -0.554837
0.00574994 0.00243692 -0.554836
0.00544782 0.00243692 -0.554835
0.00605206 0.00273904 -0.554837
0.00574994 0.00273904 -0.554836
0.00544782 0.00273904 -0.554835
0.00605206 0.00304116 -0.554837
0.00574994 0.00304116 -0.554836
0.00544782 0.00304116 -0.554836
0.00605206 0.00334328 -0.554837
0.00574994 0.00334328 -0.554836
0.00544782 0.00334328 -0.554836
0.00605206 0.00364539 -0.554837
0.00574994 0.00364539 -0.554837
0.00544782 0.00364539 -0.554836
0.00605206 0.00394751 -0.554837
0.00574994 0.00394751 -0.554837
0.00544782 0.00394751 -0.554836
0.00605206 0.00424963 -0.554837
0.00574994 0.00424963 -0.554837
0.00544782 0.00424963 -0.554836
0.00605206 0.00455175 -0.554837
0.00574994 0.00455175 -0.554837
0.00544782 0.00455175 -0.554836
0.00605206 0.00485386 -0.554838
0.00574994 0.00485386 -0.554837
0.00544782 0.00485386 -0.554836
0.00605206 0.00515598 -0.554838
0.00574994 0.00515598 -0.554837
0.00544782 0.00515598 -0.554836
0.00605206 0.0054581 -0.554838
0.00574994 0.0054581 -0.554837
0.00544782 0.0054581 -0.554837
0.00605206 0.00576022 -0.554838
0.00574994 0.00576022 -0.554837
0.00544782 0.00576022 -0.554837
0.00605206 0.00606234 -0.554838
0.00574994 0.00606234 -0.554837
0.00544782 0.00606234 -0.554837
0.00605206 0.00636445 -0.554838
0.00574994 0.00636445 -0.554838
0.00544782 0.00636445 -0.554837
0.00605206 0.00666657 -0.554838
0.00574994 0.00666657 -0.554838
0.00544782 0.00666657 -0.554837
0.00605206 0.00696869 -0.554838
0.00574994 0.00696869 -0.554838
0.00544782 0.00696869 -0.554837
0.00605206 0.00727081 -0.554839
0.00574994 0.00727081 -0.554838
0.00544782 0.00727081 -0.554837
0.00605206 0.00757293 -0.554839
0.00574994 0.00757293 -0.554838
0.00544782 0.00757293 -0.554837
0.00605206 0.00787504 -0.554839
0.00574994 0.00787504 -0.554838
0.00544782 0.00787504 -0.554837
0.00605206 0.00817716 -0.554839
0.00574994 0.00817716 -0.554838
0.00544782 0.00817716 -0.554838
0.00605206 0.00847928 -0.554839
0.00574994 0.00847928 -0.554838
0.00544782 0.00847928 -0.554838
0.00605206 0.0087814 -0.554839
0.00574994 0.0087814 -0.554838
0.00544782 0.0087814 -0.554838
0.00605206 0.00908352 -0.554839
0.00574994 0.00908352 -0.554839
0.00544782 0.00908352 -0.554838
0.00605206 0.00938563 -0.554839
0.00574994 0.00938563 -0.554839
0.00544782 0.00938563 -0.554838
0.00605206 0.00968775 -0.554839
0.00574994 0.00968775 -0.554839
0.00544782 0.00968775 -0.554838
0.00605206 0.00998987 -0.55484
0.00574994 0.00998987 -0.554839
0.00544782 0.00998987 -0.554838
0.00605206 0.010292 -0.55484
0.00574994 0.010292 -0.554839
0.00544782 0.010292 -0.554838
0.00605206 0.0105941 -0.55484
0.00574994 0.0105941 -0.554839
0.00544782 0.0105941 -0.554838
0.00605206 0.0108962 -0.55484
0.00574994 0.0108962 -0.554839
0.00544782 0.0108962 -0.554839
0.00605206 0.0111983 -0.55484
0.00574994 0.0111983 -0.554839
0.00544782 0.0111983 -0.554839
0.00605206 0.0115005 -0.55484
0.00574994 0.0115005 -0.554839
0.00544782 0.0115005 -0.554839
0.00605206 0.0118026 -0.55484
0.00574994 0.0118026 -0.55484
0.00544782 0.0118026 -0.554839
0.00605206 0.0121047 -0.55484
0.00574994 0.0121047 -0.55484
0.00544782 0.0121047 -0.554839
0.00605206 0.0124068 -0.55484
0.00574994 0.0124068 -0.55484
0.00544782 0.0124068 -0.554839
0.00605206 0.0127089 -0.554841
0.00574994 0.0127089 -0.55484
0.00544782 0.0127089 -0.554839
0.00605206 0.013011 -0.554841
0.00574994 0.013011 -0.55484
0.00544782 0.013011 -0.554839
0.00605206 0.0133132 -0.554841
0.00574994 0.0133132 -0.55484
0.00544782 0.0133132 -0.554839
0.00605206 0.0136153 -0.554841
0.00574994 0.0136153 -0.55484
0.00544782 0.0136153 -0.55484
0.00605206 0.0139174 -0.554841
0.00574994 0.0139174 -0.55484
0.00544782 0.0139174 -0.55484
0.00605206 0.0142195 -0.554841
0.00574994 0.0142195 -0.55484
0.00544782 0.0142195 -0.55484
0.00605206 0.0145216 -0.554841
0.00574994 0.0145216 -0.554841
0.00544782 0.0145216 -0.55484
0.00605206 0.0148238 -0.554841
0.00574994 0.0148238 -0.554841
0.00544782 0.0148238 -0.55484
0.00605206 0.0151259 -0.554841
0.00574994 0.0151259 -0.554841
0.00544782 0.0151259 -0.55484
0.00605206 0.015428 -0.554842
0.00574994 0.015428 -0.554841
0.00544782 0.015428 -0.55484
0.00605206 0.0157301 -0.554842
0.00574994 0.0157301 -0.554841
0.00544782 0.0157301 -0.55484
0.00605206 0.0160322 -0.554842
0.00574994 0.0160322 -0.554841
0.00544782 0.0160322 -0.55484
0.00605206 0.0163343 -0.554842
0.00574994 0.0163343 -0.554841
0.00544782 0.0163343 -0.554841
0.00605206 0.0166365 -0.554842
0.00574994 0.0166365 -0.554841
0.00544782 0.0166365 -0.554841
0.00605206 0.0169386 -0.554842
0.00574994 0.0169386 -0.554841
0.00544782 0.0169386 -0.554841
0.00605206 0.0172407 -0.554842
0.00574994 0.0172407 -0.554842
0.00544782 0.0172407 -0.554841
0.00605206 0.0175428 -0.554842
0.00574994 0.0175428 -0.554842
0.00544782 0.0175428 -0.554841
0.00605206 0.0178449 -0.554842
0.00574994 0.0178449 -0.554842
0.00544782 0.0178449 -0.554841
0.00605206 0.0181471 -0.554843
0.00574994 0.0181471 -0.554842
0.00544782 0.0181471 -0.554841
0.00605206 0.0184492 -0.554843
0.00574994 0.0184492 -0.554842
0.00544782 0.0184492 -0.554841
0.00605206 0.0187513 -0.554843
0.00574994 0.0187513 -0.554842
0.00544782 0.0187513 -0.554841
0.00605206 0.0190534 -0.554843
0.00574994 0.0190534 -0.554842
0.00544782 0.0190534 -0.554842
0.00605206 0.0193555 -0.554843
0.00574994 0.0193555 -0.554842
0.00544782 0.0193555 -0.554842
0.00605206 0.0196576 -0.554843
0.00574994 0.0196576 -0.554842
0.00544782 0.0196576 -0.554842
0.00605206 0.0199598 -0.554843
0.00574994 0.0199598 -0.554843
0.00544782 0.0199598 -0.554842
0.00605206 0.0202619 -0.554843
0.00574994 0.0202619 -0.554843
0.00544782 0.0202619 -0.554842
0.00605206 0.020564 -0.554843
0.00574994 0.020564 -0.554843
0.00544782 0.020564 -0.554842
0.00605206 0.0208661 -0.554844
0.00574994 0.0208661 -0.554843
0.00544782 0.0208661 -0.554842
0.00605206 0.0211682 -0.554844
0.00574994 0.0211682 -0.554843
0.00544782 0.0211682 -0.554842
0.00605206 0.0214703 -0.554844
0.00574994 0.0214703 -0.554843
0.00544782 0.0214703 -0.554842
0.00605206 0.0217725 -0.554844
0.00574994 0.0217725 -0.554843
0.00544782 0.0217725 -0.554843
0.00605206 0.0220746 -0.554844
0.00574994 0.0220746 -0.554843
0.00544782 0.0220746 -0.554843
0.00605206 0.0223767 -0.554844
0.00574994 0.0223767 -0.554843
0.00544782 0.0223767 -0.554843
0.00605206 0.0226788 -0.554844
0.00574994 0.0226788 -0.554844
0.00544782 0.0226788 -0.554843
0.00605206 0.0229809 -0.554844
0.00574994 0.0229809 -0.554844
0.00544782 0.0229809 -0.554843
0.00605206 0.0232831 -0.554844
0.00574994 0.0232831 -0.554844
0.00544782 0.0232831 -0.554843
0.00605206 0.0235852 -0.554845
0.00574994 0.0235852 -0.554844
0.00544782 0.0235852 -0.554843
0.00605206 0.0238873 -0.554845
0.00574994 0.0238873 -0.554844
0.00544782 0.0238873 -0.554843
0.00605206 0.0241894 -0.554845
0.00574994 0.0241894 -0.554844
0.00544782 0.0241894 -0.554843
0.00605206 0.0244915 -0.554845
0.00574994 0.0244915 -0.554844
0.00544782 0.0244915 -0.554844
0.00605206 0.0247936 -0.554845
0.00574994 0.0247936 -0.554844
0.00544782 0.0247936 -0.554844
0.00605206 0.0250958 -0.554845
0.00574994 0.0250958 -0.554844
0.00544782 0.0250958 -0.554844
0.00605206 0.0253979 -0.554845
0.00574994 0.0253979 -0.554845
0.00544782 0.0253979 -0.554844
0.00605206 0.0257 -0.554845
0.00574994 0.0257 -0.554845
0.00544782 0.0257 -0.554844
0.00605206 0.0260021 -0.554846
0.00574994 0.0260021 -0.554845
0.00544782 0.0260021 -0.554844
0.00605206 0.0263042 -0.554846
0.00574994 0.0263042 -0.554845
0.00544782 0.0263042 -0.554844
0.00605206 0.0266064 -0.554846
0.00574994 0.0266064 -0.554845
0.00544782 0.0266064 -0.554844
0.00605206 0.0269085 -0.554846
0.00574994 0.0269085 -0.554845
0.00544782 0.0269085 -0.554844
0.00605206 0.0272106 -0.554846
0.00574994 0.0272106 -0.554845
0.00544782 0.0272106 -0.554845
0.00605206 0.0275127 -0.554846
0.00574994 0.0275127 -0.554845
0.00544782 0.0275127 -0.554845
0.00605206 0.0278148 -0.554846
0.00574994 0.0278148 -0.554846
0.00544782 0.0278148 -0.554845
0.00605206 0.0281169 -0.554846
0.00574994 0.0281169 -0.554846
0.00544782 0.0281169 -0.554845
0.00605206 0.0284191 -0.554846
0.00574994 0.0284191 -0.554846
0.00544782 0.0284191 -0.554845
0.00605206 0.0287212 -0.554847
0.00574994 0.0287212 -0.554846
0.00544782 0.0287212 -0.554845
0.00605206 0.0290233 -0.554847
0.00574994 0.0290233 -0.554846
0.00544782 0.0290233 -0.554845
0.00605206 0.0293254 -0.554847
0.00574994 0.0293254 -0.554846
0.00544782 0.0293254 -0.554845
0.00605206 0.0296275 -0.554847
0.00574994 0.0296275 -0.554846
0.00544782 0.0296275 -0.554846
0.00605206 0.0299296 -0.554847
0.00574994 0.0299296 -0.554846
0.00544782 0.0299296 -0.554846
0.00605206 0.0302318 -0.554847
0.00574994 0.0302318 -0.554846
0.00544782 0.0302318 -0.554846
0.00605206 0.0305339 -0.554847
0.00574994 0.0305339 -0.554847
0.00544782 0.0305339 -0.554846
0.00605206 0.030836 -0.554847
0.00574994 0.030836 -0.554847
0.00544782 0.030836 -0.554846
0.00605206 0.0311381 -0.554847
0.00574994 0.0311381 -0.554847
0.00544782 0.0311381 -0.554846
0.00605206 0.0314402 -0.554848
0.00574994 0.0314402 -0.554847
0.00544782 0.0314402 -0.554846
0.00605206 0.0317424 -0.554848
0.00574994 0.0317424 -0.554847
0.00544782 0.0317424 -0.554846
0.00605206 0.0320445 -0.554848
0.00574994 0.0320445 -0.554847
0.00544782 0.0320445 -0.554846
0.00605206 0.0323466 -0.554848
0.00574994 0.0323466 -0.554847
0.00544782 0.0323466 -0.554847
0.00605206 0.0326487 -0.554848
0.00574994 0.0326487 -0.554847
0.00544782 0.0326487 -0.554847
0.00605206 0.0329508 -0.554848
0.00574994 0.0329508 -0.554847
0.00544782 0.0329508 -0.554847
0.00605206 0.0332529 -0.554848
0.00574994 0.0332529 -0.554848
0.00544782 0.0332529 -0.554847
0.00605206 0.0335551 -0.554848
0.00574994 0.0335551 -0.554848
0.00544782 0.0335551 -0.554847
0.00605206 0.0338572 -0.554848
0.00574994 0.0338572 -0.554848
0.00544782 0.0338572 -0.554847
0.00605206 0.0341593 -0.554849
0.00574994 0.0341593 -0.554848
0.00544782 0.0341593 -0.554847
0.00605206 0.0344614 -0.554849
0.00574994 0.0344614 -0.554848
0.00544782 0.0344614 -0.554847
0.00605206 0.0347635 -0.554849
0.00574994 0.0347635 -0.554848
0.00544782 0.0347635 -0.554847
0.00605206 0.0350657 -0.554849
0.00574994 0.0350657 -0.554848
0.00544782 0.0350657 -0.554848
