-0.00535958 0.0237369 -0.85687
-0.0048095 0.0237369 -0.856874
-0.00425942 0.0237369 -0.856878
-0.00535958 0.0231868 -0.85687
-0.0048095 0.0231868 -0.856874
-0.00425942 0.0231868 -0.856879
-0.00535958 0.0226368 -0.85687
-0.0048095 0.0226368 -0.856875
-0.00425942 0.0226368 -0.856879
-0.00535958 0.0220867 -0.856871
-0.0048095 0.0220867 -0.856875
-0.00425942 0.0220867 -0.856879
-0.00535958 0.0215366 -0.856871
-0.0048095 0.0215366 -0.856875
-0.00425942 0.0215366 -0.856879
-0.00535958 0.0209865 -0.856871
-0.0048095 0.0209865 -0.856876
-0.00425942 0.0209865 -0.85688
-0.00535958 0.0204364 -0.856872
-0.0048095 0.0204364 -0.856876
-0.00425942 0.0204364 -0.85688
-0.00535958 0.0198864 -0.856872
-0.0048095 0.0198864 -0.856876
-0.00425942 0.0198864 -0.85688
-0.00535958 0.0193363 -0.856872
-0.0048095 0.0193363 -0.856877
-0.00425942 0.0193363 -0.856881
-0.00535958 0.0187862 -0.856873
-0.0048095 0.0187862 -0.856877
-0.00425942 0.0187862 -0.856881
-0.00535958 0.0182361 -0.856873
-0.0048095 0.0182361 -0.856877
-0.00425942 0.0182361 -0.856881
-0.00535958 0.017686 -0.856873
-0.0048095 0.017686 -0.856878
-0.00425942 0.017686 -0.856882
-0.00535958 0.017136 -0.856874
-0.0048095 0.017136 -0.856878
-0.00425942 0.017136 -0.856882
-0.00535958 0.0165859 -0.856874
-0.0048095 0.0165859 -0.856878
-0.00425942 0.0165859 -0.856882
-0.00535958 0.0160358 -0.856874
-0.0048095 0.0160358 -0.856879
-0.00425942 0.0160358 -0.856883
-0.00535958 0.0154857 -0.856875
-0.0048095 0.0154857 -0.856879
-0.00425942 0.0154857 -0.856883
-0.00535958 0.0149356 -0.856875
-0.0048095 0.0149356 -0.856879
-0.00425942 0.0149356 -0.856883
-0.00535958 0.0143856 -0.856875
-0.0048095 0.0143856 -0.85688
-0.00425942 0.0143856 -0.856884
-0.00535958 0.0138355 -0.856876
-0.0048095 0.0138355 -0.85688
-0.00425942 0.0138355 -0.856884
-0.00535958 0.0132854 -0.856876
-0.0048095 0.0132854 -0.85688
-0.00425942 0.0132854 -0.856884
-0.00535958 0.0127353 -0.856876
-0.0048095 0.0127353 -0.85688
-0.00425942 0.0127353 -0.856885
-0.00535958 0.0121853 -0.856877
-0.0048095 0.0121853 -0.856881
-0.00425942 0.0121853 -0.856885
-0.00535958 0.0116352 -0.856877
-0.0048095 0.0116352 -0.856881
-0.00425942 0.0116352 -0.856885
-0.00535958 0.0110851 -0.856877
-0.0048095 0.0110851 -0.856881
-0.00425942 0.0110851 -0.856886
-0.00535958 0.010535 -0.856878
-0.0048095 0.010535 -0.856882
-0.00425942 0.010535 -0.856886
-0.00535958 0.00998494 -0.856878
-0.0048095 0.00998494 -0.856882
-0.00425942 0.00998494 -0.856886
-0.00535958 0.00943486 -0.856878
-0.0048095 0.00943486 -0.856882
-0.00425942 0.00943486 -0.856887
-0.00535958 0.00888478 -0.856879
-0.0048095 0.00888478 -0.856883
-0.00425942 0.00888478 -0.856887
-0.00535958 0.0083347 -0.856879
-0.0048095 0.0083347 -0.856883
-0.00425942 0.0083347 -0.856887
-0.00535958 0.00778463 -0.856879
-0.0048095 0.00778463 -0.856883
-0.00425942 0.00778463 -0.856888
-0.00535958 0.00723455 -0.85688
-0.0048095 0.00723455 -0.856884
-0.00425942 0.00723455 -0.856888
-0.00535958 0.00668447 -0.85688
-0.0048095 0.00668447 -0.856884
-0.00425942 0.00668447 -0.856888
-0.00535958 0.00613439 -0.85688
-0.0048095 0.00613439 -0.856884
-0.00425942 0.00613439 -0.856889
-0.00535958 0.00558431 -0.85688
-0.0048095 0.00558431 -0.856885
-0.00425942 0.00558431 -0.856889
-0.00535958 0.00503423 -0.856881
-0.0048095 0.00503423 -0.856885
-0.00425942 0.00503423 -0.856889
-0.00535958 0.00448415 -0.856881
-0.0048095 0.00448415 -0.856885
-0.00425942 0.00448415 -0.85689
-0.00535958 0.00393407 -0.856881
-0.0048095 0.00393407 -0.856886
-0.00425942 0.00393407 -0.85689
-0.00535958 0.003384 -0.856882
-0.0048095 0.003384 -0.856886
-0.00425942 0.003384 -0.85689
-0.00535958 0.00283392 -0.856882
-0.0048095 0.00283392 -0.856886
-0.00425942 0.00283392 -0.856891
-0.00535958 0.00228384 -0.856882
-0.0048095 0.00228384 -0.856887
-0.00425942 0.00228384 -0.856891
-0.00535958 0.00173376 -0.856883
-0.0048095 0.00173376 -0.856887
-0.00425942 0.00173376 -0.856891
-0.00535958 0.00118368 -0.856883
-0.0048095 0.00118368 -0.856887
-0.00425942 0.00118368 -0.856892
-0.00535958 0.000633602 -0.856883
-0.0048095 0.000633602 -0.856888
-0.00425942 0.000633602 -0.856892
-0.00535958 8.35231e-05 -0.856884
-0.0048095 8.35231e-05 -0.856888
-0.00425942 8.35231e-05 -0.856892
-0.00535958 -0.000466556 -0.856884
-0.0048095 -0.000466556 -0.856888
-0.00425942 -0.000466556 -0.856893
-0.00535958 -0.00101663 -0.856884
-0.0048095 -0.00101663 -0.856889
-0.00425942 -0.00101663 -0.856893
-0.00535958 -0.00156671 -0.856885
-0.0048095 -0.00156671 -0.856889
-0.00425942 -0.00156671 -0.856893
-0.00535958 -0.00211679 -0.856885
-0.0048095 -0.00211679 -0.856889
-0.00425942 -0.00211679 -0.856894
-0.00535958 -0.00266687 -0.856885
-0.0048095 -0.00266687 -0.85689
-0.00425942 -0.00266687 -0.856894
-0.00535958 -0.00321695 -0.856886
-0.0048095 -0.00321695 -0.85689
-0.00425942 -0.00321695 -0.856894
-0.00535958 -0.00376703 -0.856886
-0.0048095 -0.00376703 -0.85689
-0.00425942 -0.00376703 -0.856894
-0.00535958 -0.00431711 -0.856886
-0.0048095 -0.00431711 -0.856891
-0.00425942 -0.00431711 -0.856895
-0.00535958 -0.00486719 -0.856887
-0.0048095 -0.00486719 -0.856891
-0.00425942 -0.00486719 -0.856895
-0.00535958 -0.00541726 -0.856887
-0.0048095 -0.00541726 -0.856891
-0.00425942 -0.00541726 -0.856896
-0.00535958 -0.00596734 -0.856887
-0.0048095 -0.00596734 -0.856892
-0.00425942 -0.00596734 -0.856896
-0.00535958 -0.00651742 -0.856888
-0.0048095 -0.00651742 -0.856892
-0.00425942 -0.00651742 -0.856896
-0.00535958 -0.0070675 -0.856888
-0.0048095 -0.0070675 -0.856892
-0.00425942 -0.0070675 -0.856896
-0.00535958 -0.00761758 -0.856888
-0.0048095 -0.00761758 -0.856893
-0.00425942 -0.00761758 -0.856897
-0.00535958 -0.00816766 -0.856889
-0.0048095 -0.00816766 -0.856893
-0.00425942 -0.00816766 -0.856897
-0.00535958 -0.00871774 -0.856889
-0.0048095 -0.00871774 -0.856893
-0.00425942 -0.00871774 -0.856897
-0.00535958 -0.00926782 -0.856889
-0.0048095 -0.00926782 -0.856894
-0.00425942 -0.00926782 -0.856898
-0.00535958 -0.00981789 -0.85689
-0.0048095 -0.00981789 -0.856894
-0.00425942 -0.00981789 -0.856898
-0.00535958 -0.010368 -0.85689
-0.0048095 -0.010368 -0.856894
-0.00425942 -0.010368 -0.856898
-0.00535958 -0.0109181 -0.85689
-0.0048095 -0.0109181 -0.856894
-0.00425942 -0.0109181 -0.856899
-0.00535958 -0.0114681 -0.856891
-0.0048095 -0.0114681 -0.856895
-0.00425942 -0.0114681 -0.856899
-0.00535958 -0.0120182 -0.856891
-0.0048095 -0.0120182 -0.856895
-0.00425942 -0.0120182 -0.856899
-0.00535958 -0.0125683 -0.856891
-0.0048095 -0.0125683 -0.856896
-0.00425942 -0.0125683 -0.8569
-0.00535958 -0.0131184 -0.856892
-0.0048095 -0.0131184 -0.856896
-0.00425942 -0.0131184 -0.8569
-0.00535958 -0.0136684 -0.856892
-0.0048095 -0.0136684 -0.856896
-0.00425942 -0.0136684 -0.8569
-0.00535958 -0.0142185 -0.856892
-0.0048095 -0.0142185 -0.856896
-0.00425942 -0.0142185 -0.856901
-0.00535958 -0.0147686 -0.856893
-0.0048095 -0.0147686 -0.856897
-0.00425942 -0.0147686 -0.856901
-0.00535958 -0.0153187 -0.856893
-0.0048095 -0.0153187 -0.856897
-0.00425942 -0.0153187 -0.856901
-0.00535958 -0.0158688 -0.856893
-0.0048095 -0.0158688 -0.856897
-0.00425942 -0.0158688 -0.856902
-0.00535958 -0.0164188 -0.856894
-0.0048095 -0.0164188 -0.856898
-0.00425942 -0.0164188 -0.856902
-0.00535958 -0.0169689 -0.856894
-0.0048095 -0.0169689 -0.856898
-0.00425942 -0.0169689 -0.856902
-0.00535958 -0.017519 -0.856894
-0.0048095 -0.017519 -0.856898
-0.00425942 -0.017519 -0.856903
-0.00535958 -0.0180691 -0.856894
-0.0048095 -0.0180691 -0.856899
-0.00425942 -0.0180691 -0.856903
-0.00535958 -0.0186192 -0.856895
-0.0048095 -0.0186192 -0.856899
-0.00425942 -0.0186192 -0.856903
-0.00535958 -0.0191692 -0.856895
-0.0048095 -0.0191692 -0.856899
-0.00425942 -0.0191692 -0.856904
-0.00535958 -0.0197193 -0.856896
-0.0048095 -0.0197193 -0.8569
-0.00425942 -0.0197193 -0.856904
-0.00535958 -0.0202694 -0.856896
-0.0048095 -0.0202694 -0.8569
-0.00425942 -0.0202694 -0.856904
-0.00535958 -0.0208195 -0.856896
-0.0048095 -0.0208195 -0.8569
-0.00425942 -0.0208195 -0.856905
-0.00535958 -0.0213695 -0.856896
-0.0048095 -0.0213695 -0.856901
-0.00425942 -0.0213695 -0.856905
-0.00535958 -0.0219196 -0.856897
-0.0048095 -0.0219196 -0.856901
-0.00425942 -0.0219196 -0.856905
-0.00535958 -0.0224697 -0.856897
-0.0048095 -0.0224697 -0.856901
-0.00425942 -0.0224697 -0.856906
-0.00535958 -0.0230198 -0.856897
-0.0048095 -0.0230198 -0.856902
-0.00425942 -0.0230198 -0.856906
-0.00535958 -0.0235699 -0.856898
-0.0048095 -0.0235699 -0.856902
-0.00425942 -0.0235699 -0.856906
-0.00535958 -0.0241199 -0.856898
-0.0048095 -0.0241199 -0.856902
-0.00425942 -0.0241199 -0.856907
-0.00535958 -0.02467 -0.856898
-0.0048095 -0.02467 -0.856903
-0.00425942 -0.02467 -0.856907
-0.00535958 -0.0252201 -0.856899
-0.0048095 -0.0252201 -0.856903
-0.00425942 -0.0252201 -0.856907
-0.00535958 -0.0257702 -0.856899
-0.0048095 -0.0257702 -0.856903
-0.00425942 -0.0257702 -0.856908
-0.00535958 -0.0263203 -0.856899
-0.0048095 -0.0263203 -0.856904
-0.00425942 -0.0263203 -0.856908
-0.00535958 -0.0268703 -0.8569
-0.0048095 -0.0268703 -0.856904
-0.00425942 -0.0268703 -0.856908
-0.00535958 -0.0274204 -0.8569
-0.0048095 -0.0274204 -0.856904
-0.00425942 -0.0274204 -0.856909
-0.00535958 -0.0279705 -0.8569
-0.0048095 -0.0279705 -0.856905
-0.00425942 -0.0279705 -0.856909
-0.00535958 -0.0285206 -0.856901
-0.0048095 -0.0285206 -0.856905
-0.00425942 -0.0285206 -0.856909
-0.00535958 -0.0290706 -0.856901
-0.0048095 -0.0290706 -0.856905
-0.00425942 -0.0290706 -0.85691
-0.00535958 -0.0296207 -0.856901
-0.0048095 -0.0296207 -0.856906
-0.00425942 -0.0296207 -0.85691
-0.00535958 -0.0301708 -0.856902
-0.0048095 -0.0301708 -0.856906
-0.00425942 -0.0301708 -0.85691
-0.00535958 -0.0307209 -0.856902
-0.0048095 -0.0307209 -0.856906
-0.00425942 -0.0307209 -0.85691
-0.00535958 -0.031271 -0.856902
-0.0048095 -0.031271 -0.856907
-0.00425942 -0.031271 -0.856911
-0.00535958 -0.031821 -0.856903
-0.0048095 -0.031821 -0.856907
-0.00425942 -0.031821 -0.856911
-0.00535958 -0.0323711 -0.856903
-0.0048095 -0.0323711 -0.856907
-0.00425942 -0.0323711 -0.856911
-0.00535958 -0.0329212 -0.856903
-0.0048095 -0.0329212 -0.856908
-0.00425942 -0.0329212 -0.856912
-0.00535958 -0.0334713 -0.856904
-0.0048095 -0.0334713 -0.856908
-0.00425942 -0.0334713 -0.856912
-0.00535958 -0.0340214 -0.856904
-0.0048095 -0.0340214 -0.856908
-0.00425942 -0.0340214 -0.856912
-0.00535958 -0.0345714 -0.856904
-0.0048095 -0.0345714 -0.856909
-0.00425942 -0.0345714 -0.856913
-0.00535958 -0.0351215 -0.856905
-0.0048095 -0.0351215 -0.856909
-0.00425942 -0.0351215 -0.856913
-0.00535958 -0.0356716 -0.856905
-0.0048095 -0.0356716 -0.856909
-0.00425942 -0.0356716 -0.856913
-0.00535958 -0.0362217 -0.856905
-0.0048095 -0.0362217 -0.85691
-0.00425942 -0.0362217 -0.856914
-0.00535958 -0.0367718 -0.856906
-0.0048095 -0.0367718 -0.85691
-0.00425942 -0.0367718 -0.856914
