-0.0072035 -0.0130825 -0.589148
-0.00749683 -0.0130825 -0.589147
-0.00779017 -0.0130825 -0.589147
-0.0072035 -0.0127892 -0.589148
-0.00749683 -0.0127892 -0.589148
-0.00779017 -0.0127892 -0.589147
-0.0072035 -0.0124959 -0.589148
-0.00749683 -0.0124959 -0.589148
-0.00779017 -0.0124959 -0.589147
-0.0072035 -0.0122025 -0.589148
-0.00749683 -0.0122025 -0.589148
-0.00779017 -0.0122025 -0.589147
-0.0072035 -0.0119092 -0.589149
-0.00749683 -0.0119092 -0.589148
-0.00779017 -0.0119092 -0.589147
-0.0072035 -0.0116159 -0.589149
-0.00749683 -0.0116159 -0.589148
-0.00779017 -0.0116159 -0.589147
-0.0072035 -0.0113225 -0.589149
-0.00749683 -0.0113225 -0.589148
-0.00779017 -0.0113225 -0.589148
-0.0072035 -0.0110292 -0.589149
-0.00749683 -0.0110292 -0.589148
-0.00779017 -0.0110292 -0.589148
-0.0072035 -0.0107359 -0.589149
-0.00749683 -0.0107359 -0.589148
-0.00779017 -0.0107359 -0.589148
-0.0072035 -0.0104425 -0.589149
-0.00749683 -0.0104425 -0.589149
-0.00779017 -0.0104425 -0.589148
-0.0072035 -0.0101492 -0.589149
-0.00749683 -0.0101492 -0.589149
-0.00779017 -0.0101492 -0.589148
-0.0072035 -0.00985586 -0.58915
-0.00749683 -0.00985586 -0.589149
-0.00779017 -0.00985586 -0.589148
-0.0072035 -0.00956252 -0.58915
-0.00749683 -0.00956252 -0.589149
-0.00779017 -0.00956252 -0.589148
-0.0072035 -0.00926919 -0.58915
-0.00749683 -0.00926919 -0.589149
-0.00779017 -0.00926919 -0.589148
-0.0072035 -0.00897585 -0.58915
-0.00749683 -0.00897585 -0.589149
-0.00779017 -0.00897585 -0.589149
-0.0072035 -0.00868252 -0.58915
-0.00749683 -0.00868252 -0.589149
-0.00779017 -0.00868252 -0.589149
-0.0072035 -0.00838918 -0.58915
-0.00749683 -0.00838918 -0.589149
-0.00779017 -0.00838918 -0.589149
-0.0072035 -0.00809585 -0.58915
-0.00749683 -0.00809585 -0.58915
-0.00779017 -0.00809585 -0.589149
-0.0072035 -0.00780251 -0.58915
-0.00749683 -0.00780251 -0.58915
-0.00779017 -0.00780251 -0.589149
-0.0072035 -0.00750918 -0.589151
-0.00749683 -0.00750918 -0.58915
-0.00779017 -0.00750918 -0.589149
-0.0072035 -0.00721584 -0.589151
-0.00749683 -0.00721584 -0.58915
-0.00779017 -0.00721584 -0.589149
-0.0072035 -0.00692251 -0.589151
-0.00749683 -0.00692251 -0.58915
-0.00779017 -0.00692251 -0.589149
-0.0072035 -0.00662917 -0.589151
-0.00749683 -0.00662917 -0.58915
-0.00779017 -0.00662917 -0.58915
-0.0072035 -0.00633584 -0.589151
-0.00749683 -0.00633584 -0.58915
-0.00779017 -0.00633584 -0.58915
-0.0072035 -0.0060425 -0.589151
-0.00749683 -0.0060425 -0.589151
-0.00779017 -0.0060425 -0.58915
-0.0072035 -0.00574917 -0.589151
-0.00749683 -0.00574917 -0.589151
-0.00779017 -0.00574917 -0.58915
-0.0072035 -0.00545583 -0.589151
-0.00749683 -0.00545583 -0.589151
-0.00779017 -0.00545583 -0.58915
-0.0072035 -0.0051625 -0.589152
-0.00749683 -0.0051625 -0.589151
-0.00779017 -0.0051625 -0.58915
-0.0072035 -0.00486916 -0.589152
-0.00749683 -0.00486916 -0.589151
-0.00779017 -0.00486916 -0.58915
-0.0072035 -0.00457583 -0.589152
-0.00749683 -0.00457583 -0.589151
-0.00779017 -0.00457583 -0.58915
-0.0072035 -0.00428249 -0.589152
-0.00749683 -0.00428249 -0.589151
-0.00779017 -0.00428249 -0.589151
-0.0072035 -0.00398916 -0.589152
-0.00749683 -0.00398916 -0.589151
-0.00779017 -0.00398916 -0.589151
-0.0072035 -0.00369582 -0.589152
-0.00749683 -0.00369582 -0.589152
-0.00779017 -0.00369582 -0.589151
-0.0072035 -0.00340249 -0.589152
-0.00749683 -0.00340249 -0.589152
-0.00779017 -0.00340249 -0.589151
-0.0072035 -0.00310915 -0.589153
-0.00749683 -0.00310915 -0.589152
-0.00779017 -0.00310915 -0.589151
-0.0072035 -0.00281582 -0.589153
-0.00749683 -0.00281582 -0.589152
-0.00779017 -0.00281582 -0.589151
-0.0072035 -0.00252248 -0.589153
-0.00749683 -0.00252248 -0.589152
-0.00779017 -0.00252248 -0.589151
-0.0072035 -0.00222915 -0.589153
-0.00749683 -0.00222915 -0.589152
-0.00779017 -0.00222915 -0.589152
-0.0072035 -0.00193581 -0.589153
-0.00749683 -0.00193581 -0.589152
-0.00779017 -0.00193581 -0.589152
-0.0072035 -0.00164248 -0.589153
-0.00749683 -0.00164248 -0.589152
-0.00779017 -0.00164248 -0.589152
-0.0072035 -0.00134914 -0.589153
-0.00749683 -0.00134914 -0.589153
-0.00779017 -0.00134914 -0.589152
-0.0072035 -0.00105581 -0.589153
-0.00749683 -0.00105581 -0.589153
-0.00779017 -0.00105581 -0.589152
-0.0072035 -0.000762471 -0.589154
-0.00749683 -0.000762471 -0.589153
-0.00779017 -0.000762471 -0.589152
-0.0072035 -0.000469136 -0.589154
-0.00749683 -0.000469136 -0.589153
-0.00779017 -0.000469136 -0.589152
-0.0072035 -0.000175801 -0.589154
-0.00749683 -0.000175801 -0.589153
-0.00779017 -0.000175801 -0.589152
-0.0072035 0.000117534 -0.589154
-0.00749683 0.000117534 -0.589153
-0.00779017 0.000117534 -0.589153
-0.0072035 0.000410869 -0.589154
-0.00749683 0.000410869 -0.589153
-0.00779017 0.000410869 -0.589153
-0.0072035 0.000704204 -0.589154
-0.00749683 0.000704204 -0.589154
-0.00779017 0.000704204 -0.589153
-0.0072035 0.000997539 -0.589154
-0.00749683 0.000997539 -0.589154
-0.00779017 0.000997539 -0.589153
-0.0072035 0.00129087 -0.589154
-0.00749683 0.00129087 -0.589154
-0.00779017 0.00129087 -0.589153
-0.0072035 0.00158421 -0.589155
-0.00749683 0.00158421 -0.589154
-0.00779017 0.00158421 -0.589153
-0.0072035 0.00187754 -0.589155
-0.00749683 0.00187754 -0.589154
-0.00779017 0.00187754 -0.589153
-0.0072035 0.00217088 -0.589155
-0.00749683 0.00217088 -0.589154
-0.00779017 0.00217088 -0.589153
-0.0072035 0.00246421 -0.589155
-0.00749683 0.00246421 -0.589154
-0.00779017 0.00246421 -0.589154
-0.0072035 0.00275755 -0.589155
-0.00749683 0.00275755 -0.589154
-0.00779017 0.00275755 -0.589154
-0.0072035 0.00305088 -0.589155
-0.00749683 0.00305088 -0.589155
-0.00779017 0.00305088 -0.589154
-0.0072035 0.00334422 -0.589155
-0.00749683 0.00334422 -0.589155
-0.00779017 0.00334422 -0.589154
-0.0072035 0.00363755 -0.589155
-0.00749683 0.00363755 -0.589155
-0.00779017 0.00363755 -0.589154
-0.0072035 0.00393089 -0.589156
-0.00749683 0.00393089 -0.589155
-0.00779017 0.00393089 -0.589154
-0.0072035 0.00422422 -0.589156
-0.00749683 0.00422422 -0.589155
-0.00779017 0.00422422 -0.589154
-0.0072035 0.00451756 -0.589156
-0.00749683 0.00451756 -0.589155
-0.00779017 0.00451756 -0.589155
-0.0072035 0.00481089 -0.589156
-0.00749683 0.00481089 -0.589155
-0.00779017 0.00481089 -0.589155
-0.0072035 0.00510423 -0.589156
-0.00749683 0.00510423 -0.589155
-0.00779017 0.00510423 -0.589155
-0.0072035 0.00539756 -0.589156
-0.00749683 0.00539756 -0.589156
-0.00779017 0.00539756 -0.589155
-0.0072035 0.0056909 -0.589156
-0.00749683 0.0056909 -0.589156
-0.00779017 0.0056909 -0.589155
-0.0072035 0.00598423 -0.589157
-0.00749683 0.00598423 -0.589156
-0.00779017 0.00598423 -0.589155
-0.0072035 0.00627757 -0.589157
-0.00749683 0.00627757 -0.589156
-0.00779017 0.00627757 -0.589155
-0.0072035 0.0065709 -0.589157
-0.00749683 0.0065709 -0.589156
-0.00779017 0.0065709 -0.589155
-0.0072035 0.00686424 -0.589157
-0.00749683 0.00686424 -0.589156
-0.00779017 0.00686424 -0.589156
-0.0072035 0.00715757 -0.589157
-0.00749683 0.00715757 -0.589156
-0.00779017 0.00715757 -0.589156
-0.0072035 0.00745091 -0.589157
-0.00749683 0.00745091 -0.589157
-0.00779017 0.00745091 -0.589156
-0.0072035 0.00774424 -0.589157
-0.00749683 0.00774424 -0.589157
-0.00779017 0.00774424 -0.589156
-0.0072035 0.00803758 -0.589157
-0.00749683 0.00803758 -0.589157
-0.00779017 0.00803758 -0.589156
-0.0072035 0.00833091 -0.589158
-0.00749683 0.00833091 -0.589157
-0.00779017 0.00833091 -0.589156
-0.0072035 0.00862425 -0.589158
-0.00749683 0.00862425 -0.589157
-0.00779017 0.00862425 -0.589156
-0.0072035 0.00891758 -0.589158
-0.00749683 0.00891758 -0.589157
-0.00779017 0.00891758 -0.589156
-0.0072035 0.00921092 -0.589158
-0.00749683 0.00921092 -0.589157
-0.00779017 0.00921092 -0.589157
-0.0072035 0.00950425 -0.589158
-0.00749683 0.00950425 -0.589157
-0.00779017 0.00950425 -0.589157
-0.0072035 0.00979759 -0.589158
-0.00749683 0.00979759 -0.589158
-0.00779017 0.00979759 -0.589157
-0.0072035 0.0100909 -0.589158
-0.00749683 0.0100909 -0.589158
-0.00779017 0.0100909 -0.589157
-0.0072035 0.0103843 -0.589158
-0.00749683 0.0103843 -0.589158
-0.00779017 0.0103843 -0.589157
-0.0072035 0.0106776 -0.589159
-0.00749683 0.0106776 -0.589158
-0.00779017 0.0106776 -0.589157
-0.0072035 0.0109709 -0.589159
-0.00749683 0.0109709 -0.589158
-0.00779017 0.0109709 -0.589157
-0.0072035 0.0112643 -0.589159
-0.00749683 0.0112643 -0.589158
-0.00779017 0.0112643 -0.589158
-0.0072035 0.0115576 -0.589159
-0.00749683 0.0115576 -0.589158
-0.00779017 0.0115576 -0.589158
-0.0072035 0.0118509 -0.589159
-0.00749683 0.0118509 -0.589158
-0.00779017 0.0118509 -0.589158
-0.0072035 0.0121443 -0.589159
-0.00749683 0.0121443 -0.589159
-0.00779017 0.0121443 -0.589158
-0.0072035 0.0124376 -0.589159
-0.00749683 0.0124376 -0.589159
-0.00779017 0.0124376 -0.589158
-0.0072035 0.0127309 -0.58916
-0.00749683 0.0127309 -0.589159
-0.00779017 0.0127309 -0.589158
-0.0072035 0.0130243 -0.58916
-0.00749683 0.0130243 -0.589159
-0.00779017 0.0130243 -0.589158
-0.0072035 0.0133176 -0.58916
-0.00749683 0.0133176 -0.589159
-0.00779017 0.0133176 -0.589158
-0.0072035 0.0136109 -0.58916
-0.00749683 0.0136109 -0.589159
-0.00779017 0.0136109 -0.589159
-0.0072035 0.0139043 -0.58916
-0.00749683 0.0139043 -0.589159
-0.00779017 0.0139043 -0.589159
-0.0072035 0.0141976 -0.58916
-0.00749683 0.0141976 -0.589159
-0.00779017 0.0141976 -0.589159
-0.0072035 0.0144909 -0.58916
-0.00749683 0.0144909 -0.58916
-0.00779017 0.0144909 -0.589159
-0.0072035 0.0147843 -0.58916
-0.00749683 0.0147843 -0.58916
-0.00779017 0.0147843 -0.589159
-0.0072035 0.0150776 -0.589161
-0.00749683 0.0150776 -0.58916
-0.00779017 0.0150776 -0.589159
-0.0072035 0.015371 -0.589161
-0.00749683 0.015371 -0.58916
-0.00779017 0.015371 -0.589159
-0.0072035 0.0156643 -0.589161
-0.00749683 0.0156643 -0.58916
-0.00779017 0.0156643 -0.589159
-0.0072035 0.0159576 -0.589161
-0.00749683 0.0159576 -0.58916
-0.00779017 0.0159576 -0.58916
-0.0072035 0.016251 -0.589161
-0.00749683 0.016251 -0.58916
-0.00779017 0.016251 -0.58916
-0.0072035 0.0165443 -0.589161
-0.00749683 0.0165443 -0.589161
-0.00779017 0.0165443 -0.58916
-0.0072035 0.0168376 -0.589161
-0.00749683 0.0168376 -0.589161
-0.00779017 0.0168376 -0.58916
-0.0072035 0.017131 -0.589162
-0.00749683 0.017131 -0.589161
-0.00779017 0.017131 -0.58916
-0.0072035 0.0174243 -0.589162
-0.00749683 0.0174243 -0.589161
-0.00779017 0.0174243 -0.58916
-0.0072035 0.0177176 -0.589162
-0.00749683 0.0177176 -0.589161
-0.00779017 0.0177176 -0.58916
-0.0072035 0.018011 -0.589162
-0.00749683 0.018011 -0.589161
-0.00779017 0.018011 -0.589161
-0.0072035 0.0183043 -0.589162
-0.00749683 0.0183043 -0.589161
-0.00779017 0.0183043 -0.589161
-0.0072035 0.0185976 -0.589162
-0.00749683 0.0185976 -0.589161
-0.00779017 0.0185976 -0.589161
-0.0072035 0.018891 -0.589162
-0.00749683 0.018891 -0.589162
-0.00779017 0.018891 -0.589161
-0.0072035 0.0191843 -0.589162
-0.00749683 0.0191843 -0.589162
-0.00779017 0.0191843 -0.589161
