-0.0105345 -0.0164483 -0.655241
-0.0111952 -0.0164483 -0.655241
-0.0118559 -0.0164483 -0.655241
-0.0105345 -0.0157876 -0.65524
-0.0111952 -0.0157876 -0.65524
-0.0118559 -0.0157876 -0.65524
-0.0105345 -0.015127 -0.65524
-0.0111952 -0.015127 -0.655239
-0.0118559 -0.015127 -0.655239
-0.0105345 -0.0144663 -0.655239
-0.0111952 -0.0144663 -0.655239
-0.0118559 -0.0144663 -0.655239
-0.0105345 -0.0138056 -0.655238
-0.0111952 -0.0138056 -0.655238
-0.0118559 -0.0138056 -0.655238
-0.0105345 -0.0131449 -0.655238
-0.0111952 -0.0131449 -0.655237
-0.0118559 -0.0131449 -0.655237
-0.0105345 -0.0124842 -0.655237
-0.0111952 -0.0124842 -0.655237
-0.0118559 -0.0124842 -0.655237
-0.0105345 -0.0118235 -0.655236
-0.0111952 -0.0118235 -0.655236
-0.0118559 -0.0118235 -0.655236
-0.0105345 -0.0111629 -0.655236
-0.0111952 -0.0111629 -0.655235
-0.0118559 -0.0111629 -0.655235
-0.0105345 -0.0105022 -0.655235
-0.0111952 -0.0105022 -0.655235
-0.0118559 -0.0105022 -0.655235
-0.0105345 -0.00984149 -0.655234
-0.0111952 -0.00984149 -0.655234
-0.0118559 -0.00984149 -0.655234
-0.0105345 -0.00918081 -0.655234
-0.0111952 -0.00918081 -0.655233
-0.0118559 -0.00918081 -0.655233
-0.0105345 -0.00852012 -0.655233
-0.0111952 -0.00852012 -0.655233
-0.0118559 -0.00852012 -0.655233
-0.0105345 -0.00785944 -0.655232
-0.0111952 -0.00785944 -0.655232
-0.0118559 -0.00785944 -0.655232
-0.0105345 -0.00719875 -0.655232
-0.0111952 -0.00719875 -0.655231
-0.0118559 -0.00719875 -0.655231
-0.0105345 -0.00653807 -0.655231
-0.0111952 -0.00653807 -0.655231
-0.0118559 -0.00653807 -0.655231
-0.0105345 -0.00587739 -0.65523
-0.0111952 -0.00587739 -0.65523
-0.0118559 -0.00587739 -0.65523
-0.0105345 -0.0052167 -0.65523
-0.0111952 -0.0052167 -0.655229
-0.0118559 -0.0052167 -0.655229
-0.0105345 -0.00455602 -0.655229
-0.0111952 -0.00455602 -0.655229
-0.0118559 -0.00455602 -0.655229
-0.0105345 -0.00389533 -0.655228
-0.0111952 -0.00389533 -0.655228
-0.0118559 -0.00389533 -0.655228
-0.0105345 -0.00323465 -0.655228
-0.0111952 -0.00323465 -0.655227
-0.0118559 -0.00323465 -0.655227
-0.0105345 -0.00257397 -0.655227
-0.0111952 -0.00257397 -0.655227
-0.0118559 -0.00257397 -0.655227
-0.0105345 -0.00191328 -0.655226
-0.0111952 -0.00191328 -0.655226
-0.0118559 -0.00191328 -0.655226
-0.0105345 -0.0012526 -0.655226
-0.0111952 -0.0012526 -0.655225
-0.0118559 -0.0012526 -0.655225
-0.0105345 -0.000591913 -0.655225
-0.0111952 -0.000591913 -0.655225
-0.0118559 -0.000591913 -0.655225
-0.0105345 6.87707e-05 -0.655224
-0.0111952 6.87707e-05 -0.655224
-0.0118559 6.87707e-05 -0.655224
-0.0105345 0.000729455 -0.655224
-0.0111952 0.000729455 -0.655223
-0.0118559 0.000729455 -0.655223
-0.0105345 0.00139014 -0.655223
-0.0111952 0.00139014 -0.655223
-0.0118559 0.00139014 -0.655223
-0.0105345 0.00205082 -0.655222
-0.0111952 0.00205082 -0.655222
-0.0118559 0.00205082 -0.655222
-0.0105345 0.00271151 -0.655222
-0.0111952 0.00271151 -0.655221
-0.0118559 0.00271151 -0.655221
-0.0105345 0.00337219 -0.655221
-0.0111952 0.00337219 -0.655221
-0.0118559 0.00337219 -0.655221
-0.0105345 0.00403288 -0.65522
-0.0111952 0.00403288 -0.65522
-0.0118559 0.00403288 -0.65522
-0.0105345 0.00469356 -0.65522
-0.0111952 0.00469356 -0.655219
-0.0118559 0.00469356 -0.655219
-0.0105345 0.00535424 -0.655219
-0.0111952 0.00535424 -0.655219
-0.0118559 0.00535424 -0.655219
-0.0105345 0.00601493 -0.655218
-0.0111952 0.00601493 -0.655218
-0.0118559 0.00601493 -0.655218
-0.0105345 0.00667561 -0.655218
-0.0111952 0.00667561 -0.655217
-0.0118559 0.00667561 -0.655217
-0.0105345 0.0073363 -0.655217
-0.0111952 0.0073363 -0.655217
-0.0118559 0.0073363 -0.655217
-0.0105345 0.00799698 -0.655216
-0.0111952 0.00799698 -0.655216
-0.0118559 0.00799698 -0.655216
-0.0105345 0.00865766 -0.655216
-0.0111952 0.00865766 -0.655215
-0.0118559 0.00865766 -0.655215
-0.0105345 0.00931835 -0.655215
-0.0111952 0.00931835 -0.655215
-0.0118559 0.00931835 -0.655215
-0.0105345 0.00997903 -0.655214
-0.0111952 0.00997903 -0.655214
-0.0118559 0.00997903 -0.655214
-0.0105345 0.0106397 -0.655214
-0.0111952 0.0106397 -0.655213
-0.0118559 0.0106397 -0.655213
-0.0105345 0.0113004 -0.655213
-0.0111952 0.0113004 -0.655213
-0.0118559 0.0113004 -0.655213
-0.0105345 0.0119611 -0.655212
-0.0111952 0.0119611 -0.655212
-0.0118559 0.0119611 -0.655212
-0.0105345 0.0126218 -0.655212
-0.0111952 0.0126218 -0.655211
-0.0118559 0.0126218 -0.655211
-0.0105345 0.0132825 -0.655211
-0.0111952 0.0132825 -0.655211
-0.0118559 0.0132825 -0.655211
-0.0105345 0.0139431 -0.65521
-0.0111952 0.0139431 -0.65521
-0.0118559 0.0139431 -0.65521
-0.0105345 0.0146038 -0.65521
-0.0111952 0.0146038 -0.655209
-0.0118559 0.0146038 -0.655209
-0.0105345 0.0152645 -0.655209
-0.0111952 0.0152645 -0.655209
-0.0118559 0.0152645 -0.655209
-0.0105345 0.0159252 -0.655208
-0.0111952 0.0159252 -0.655208
-0.0118559 0.0159252 -0.655208
-0.0105345 0.0165859 -0.655208
-0.0111952 0.0165859 -0.655207
-0.0118559 0.0165859 -0.655207
-0.0105345 0.0172466 -0.655207
-0.0111952 0.0172466 -0.655207
-0.0118559 0.0172466 -0.655207
-0.0105345 0.0179072 -0.655206
-0.0111952 0.0179072 -0.655206
-0.0118559 0.0179072 -0.655206
-0.0105345 0.0185679 -0.655206
-0.0111952 0.0185679 -0.655205
-0.0118559 0.0185679 -0.655205
-0.0105345 0.0192286 -0.655205
-0.0111952 0.0192286 -0.655205
-0.0118559 0.0192286 -0.655205
-0.0105345 0.0198893 -0.655204
-0.0111952 0.0198893 -0.655204
-0.0118559 0.0198893 -0.655204
-0.0105345 0.02055 -0.655204
-0.0111952 0.02055 -0.655203
-0.0118559 0.02055 -0.655203
-0.0105345 0.0212107 -0.655203
-0.0111952 0.0212107 -0.655203
-0.0118559 0.0212107 -0.655203
-0.0105345 0.0218713 -0.655202
-0.0111952 0.0218713 -0.655202
-0.0118559 0.0218713 -0.655202
-0.0105345 0.022532 -0.655202
-0.0111952 0.022532 -0.655201
-0.0118559 0.022532 -0.655201
-0.0105345 0.0231927 -0.655201
-0.0111952 0.0231927 -0.655201
-0.0118559 0.0231927 -0.655201
-0.0105345 0.0238534 -0.6552
-0.0111952 0.0238534 -0.6552
-0.0118559 0.0238534 -0.6552
-0.0105345 0.0245141 -0.6552
-0.0111952 0.0245141 -0.655199
-0.0118559 0.0245141 -0.655199
-0.0105345 0.0251748 -0.655199
-0.0111952 0.0251748 -0.655199
-0.0118559 0.0251748 -0.655199
-0.0105345 0.0258355 -0.655198
-0.0111952 0.0258355 -0.655198
-0.0118559 0.0258355 -0.655198
-0.0105345 0.0264961 -0.655198
-0.0111952 0.0264961 -0.655197
-0.0118559 0.0264961 -0.655197
-0.0105345 0.0271568 -0.655197
-0.0111952 0.0271568 -0.655197
-0.0118559 0.0271568 -0.655197
-0.0105345 0.0278175 -0.655196
-0.0111952 0.0278175 -0.655196
-0.0118559 0.0278175 -0.655196
-0.0105345 0.0284782 -0.655196
-0.0111952 0.0284782 -0.655195
-0.0118559 0.0284782 -0.655195
-0.0105345 0.0291389 -0.655195
-0.0111952 0.0291389 -0.655195
-0.0118559 0.0291389 -0.655195
-0.0105345 0.0297996 -0.655194
-0.0111952 0.0297996 -0.655194
-0.0118559 0.0297996 -0.655194
-0.0105345 0.0304602 -0.655194
-0.0111952 0.0304602 -0.655193
-0.0118559 0.0304602 -0.655193
-0.0105345 0.0311209 -0.655193
-0.0111952 0.0311209 -0.655193
-0.0118559 0.0311209 -0.655193
-0.0105345 0.0317816 -0.655192
-0.0111952 0.0317816 -0.655192
-0.0118559 0.0317816 -0.655192
-0.0105345 0.0324423 -0.655192
-0.0111952 0.0324423 -0.655191
-0.0118559 0.0324423 -0.655191
-0.0105345 0.033103 -0.655191
-0.0111952 0.033103 -0.655191
-0.0118559 0.033103 -0.655191
-0.0105345 0.0337637 -0.65519
-0.0111952 0.0337637 -0.65519
-0.0118559 0.0337637 -0.65519
-0.0105345 0.0344243 -0.65519
-0.0111952 0.0344243 -0.655189
-0.0118559 0.0344243 -0.655189
-0.0105345 0.035085 -0.655189
-0.0111952 0.035085 -0.655189
-0.0118559 0.035085 -0.655189
-0.0105345 0.0357457 -0.655188
-0.0111952 0.0357457 -0.655188
-0.0118559 0.0357457 -0.655188
-0.0105345 0.0364064 -0.655188
-0.0111952 0.0364064 -0.655187
-0.0118559 0.0364064 -0.655187
-0.0105345 0.0370671 -0.655187
-0.0111952 0.0370671 -0.655187
-0.0118559 0.0370671 -0.655187
-0.0105345 0.0377278 -0.655186
-0.0111952 0.0377278 -0.655186
-0.0118559 0.0377278 -0.655186
-0.0105345 0.0383884 -0.655186
-0.0111952 0.0383884 -0.655185
-0.0118559 0.0383884 -0.655185
-0.0105345 0.0390491 -0.655185
-0.0111952 0.0390491 -0.655185
-0.0118559 0.0390491 -0.655185
-0.0105345 0.0397098 -0.655184
-0.0111952 0.0397098 -0.655184
-0.0118559 0.0397098 -0.655184
-0.0105345 0.0403705 -0.655184
-0.0111952 0.0403705 -0.655183
-0.0118559 0.0403705 -0.655183
-0.0105345 0.0410312 -0.655183
-0.0111952 0.0410312 -0.655183
-0.0118559 0.0410312 -0.655183
-0.0105345 0.0416919 -0.655182
-0.0111952 0.0416919 -0.655182
-0.0118559 0.0416919 -0.655182
-0.0105345 0.0423526 -0.655182
-0.0111952 0.0423526 -0.655181
-0.0118559 0.0423526 -0.655181
-0.0105345 0.0430132 -0.655181
-0.0111952 0.0430132 -0.655181
-0.0118559 0.0430132 -0.655181
-0.0105345 0.0436739 -0.65518
-0.0111952 0.0436739 -0.65518
-0.0118559 0.0436739 -0.65518
-0.0105345 0.0443346 -0.65518
-0.0111952 0.0443346 -0.65518
-0.0118559 0.0443346 -0.655179
-0.0105345 0.0449953 -0.655179
-0.0111952 0.0449953 -0.655179
-0.0118559 0.0449953 -0.655179
-0.0105345 0.045656 -0.655178
-0.0111952 0.045656 -0.655178
-0.0118559 0.045656 -0.655178
-0.0105345 0.0463167 -0.655178
-0.0111952 0.0463167 -0.655177
-0.0118559 0.0463167 -0.655177
-0.0105345 0.0469773 -0.655177
-0.0111952 0.0469773 -0.655177
-0.0118559 0.0469773 -0.655177
-0.0105345 0.047638 -0.655176
-0.0111952 0.047638 -0.655176
-0.0118559 0.047638 -0.655176
-0.0105345 0.0482987 -0.655176
-0.0111952 0.0482987 -0.655176
-0.0118559 0.0482987 -0.655175
-0.0105345 0.0489594 -0.655175
-0.0111952 0.0489594 -0.655175
-0.0118559 0.0489594 -0.655175
-0.0105345 0.0496201 -0.655174
-0.0111952 0.0496201 -0.655174
-0.0118559 0.0496201 -0.655174
-0.0105345 0.0502808 -0.655174
-0.0111952 0.0502808 -0.655173
-0.0118559 0.0502808 -0.655173
-0.0105345 0.0509414 -0.655173
-0.0111952 0.0509414 -0.655173
-0.0118559 0.0509414 -0.655173
-0.0105345 0.0516021 -0.655172
-0.0111952 0.0516021 -0.655172
-0.0118559 0.0516021 -0.655172
-0.0105345 0.0522628 -0.655172
-0.0111952 0.0522628 -0.655172
-0.0118559 0.0522628 -0.655171
-0.0105345 0.0529235 -0.655171
-0.0111952 0.0529235 -0.655171
-0.0118559 0.0529235 -0.655171
-0.0105345 0.0535842 -0.65517
-0.0111952 0.0535842 -0.65517
-0.0118559 0.0535842 -0.65517
-0.0105345 0.0542449 -0.65517
-0.0111952 0.0542449 -0.655169
-0.0118559 0.0542449 -0.655169
-0.0105345 0.0549056 -0.655169
-0.0111952 0.0549056 -0.655169
-0.0118559 0.0549056 -0.655169
-0.0105345 0.0555662 -0.655168
-0.0111952 0.0555662 -0.655168
-0.0118559 0.0555662 -0.655168
-0.0105345 0.0562269 -0.655168
-0.0111952 0.0562269 -0.655168
-0.0118559 0.0562269 -0.655167
