-0.00500037 0.00226945 -0.754216
-0.00508071 0.00226945 -0.754215
-0.00516104 0.00226945 -0.754213
-0.00500037 0.00234979 -0.754216
-0.00508071 0.00234979 -0.754214
-0.00516104 0.00234979 -0.754213
-0.00500037 0.00243012 -0.754215
-0.00508071 0.00243012 -0.754214
-0.00516104 0.00243012 -0.754213
-0.00500037 0.00251046 -0.754215
-0.00508071 0.00251046 -0.754214
-0.00516104 0.00251046 -0.754213
-0.00500037 0.00259079 -0.754215
-0.00508071 0.00259079 -0.754214
-0.00516104 0.00259079 -0.754213
-0.00500037 0.00267113 -0.754215
-0.00508071 0.00267113 -0.754214
-0.00516104 0.00267113 -0.754213
-0.00500037 0.00275147 -0.754215
-0.00508071 0.00275147 -0.754214
-0.00516104 0.00275147 -0.754213
-0.00500037 0.0028318 -0.754215
-0.00508071 0.0028318 -0.754214
-0.00516104 0.0028318 -0.754213
-0.00500037 0.00291214 -0.754215
-0.00508071 0.00291214 -0.754214
-0.00516104 0.00291214 -0.754212
-0.00500037 0.00299247 -0.754215
-0.00508071 0.00299247 -0.754214
-0.00516104 0.00299247 -0.754212
-0.00500037 0.00307281 -0.754215
-0.00508071 0.00307281 -0.754213
-0.00516104 0.00307281 -0.754212
-0.00500037 0.00315315 -0.754214
-0.00508071 0.00315315 -0.754213
-0.00516104 0.00315315 -0.754212
-0.00500037 0.00323348 -0.754214
-0.00508071 0.00323348 -0.754213
-0.00516104 0.00323348 -0.754212
-0.00500037 0.00331382 -0.754214
-0.00508071 0.00331382 -0.754213
-0.00516104 0.00331382 -0.754212
-0.00500037 0.00339415 -0.754214
-0.00508071 0.00339415 -0.754213
-0.00516104 0.00339415 -0.754212
-0.00500037 0.00347449 -0.754214
-0.00508071 0.00347449 -0.754213
-0.00516104 0.00347449 -0.754212
-0.00500037 0.00355483 -0.754214
-0.00508071 0.00355483 -0.754213
-0.00516104 0.00355483 -0.754212
-0.00500037 0.00363516 -0.754214
-0.00508071 0.00363516 -0.754213
-0.00516104 0.00363516 -0.754211
-0.00500037 0.0037155 -0.754214
-0.00508071 0.0037155 -0.754212
-0.00516104 0.0037155 -0.754211
-0.00500037 0.00379583 -0.754213
-0.00508071 0.00379583 -0.754212
-0.00516104 0.00379583 -0.754211
-0.00500037 0.00387617 -0.754213
-0.00508071 0.00387617 -0.754212
-0.00516104 0.00387617 -0.754211
-0.00500037 0.00395651 -0.754213
-0.00508071 0.00395651 -0.754212
-0.00516104 0.00395651 -0.754211
-0.00500037 0.00403684 -0.754213
-0.00508071 0.00403684 -0.754212
-0.00516104 0.00403684 -0.754211
-0.00500037 0.00411718 -0.754213
-0.00508071 0.00411718 -0.754212
-0.00516104 0.00411718 -0.754211
-0.00500037 0.00419752 -0.754213
-0.00508071 0.00419752 -0.754212
-0.00516104 0.00419752 -0.754211
-0.00500037 0.00427785 -0.754213
-0.00508071 0.00427785 -0.754212
-0.00516104 0.00427785 -0.754211
-0.00500037 0.00435819 -0.754213
-0.00508071 0.00435819 -0.754212
-0.00516104 0.00435819 -0.75421
-0.00500037 0.00443852 -0.754213
-0.00508071 0.00443852 -0.754211
-0.00516104 0.00443852 -0.75421
-0.00500037 0.00451886 -0.754212
-0.00508071 0.00451886 -0.754211
-0.00516104 0.00451886 -0.75421
-0.00500037 0.0045992 -0.754212
-0.00508071 0.0045992 -0.754211
-0.00516104 0.0045992 -0.75421
-0.00500037 0.00467953 -0.754212
-0.00508071 0.00467953 -0.754211
-0.00516104 0.00467953 -0.75421
-0.00500037 0.00475987 -0.754212
-0.00508071 0.00475987 -0.754211
-0.00516104 0.00475987 -0.75421
-0.00500037 0.0048402 -0.754212
-0.00508071 0.0048402 -0.754211
-0.00516104 0.0048402 -0.75421
-0.00500037 0.00492054 -0.754212
-0.00508071 0.00492054 -0.754211
-0.00516104 0.00492054 -0.75421
-0.00500037 0.00500088 -0.754212
-0.00508071 0.00500088 -0.754211
-0.00516104 0.00500088 -0.75421
-0.00500037 0.00508121 -0.754212
-0.00508071 0.00508121 -0.754211
-0.00516104 0.00508121 -0.754209
-0.00500037 0.00516155 -0.754212
-0.00508071 0.00516155 -0.75421
-0.00516104 0.00516155 -0.754209
-0.00500037 0.00524188 -0.754211
-0.00508071 0.00524188 -0.75421
-0.00516104 0.00524188 -0.754209
-0.00500037 0.00532222 -0.754211
-0.00508071 0.00532222 -0.75421
-0.00516104 0.00532222 -0.754209
-0.00500037 0.00540256 -0.754211
-0.00508071 0.00540256 -0.75421
-0.00516104 0.00540256 -0.754209
-0.00500037 0.00548289 -0.754211
-0.00508071 0.00548289 -0.75421
-0.00516104 0.00548289 -0.754209
-0.00500037 0.00556323 -0.754211
-0.00508071 0.00556323 -0.75421
-0.00516104 0.00556323 -0.754209
-0.00500037 0.00564356 -0.754211
-0.00508071 0.00564356 -0.75421
-0.00516104 0.00564356 -0.754209
-0.00500037 0.0057239 -0.754211
-0.00508071 0.0057239 -0.75421
-0.00516104 0.0057239 -0.754209
-0.00500037 0.00580424 -0.754211
-0.00508071 0.00580424 -0.754209
-0.00516104 0.00580424 -0.754208
-0.00500037 0.00588457 -0.75421
-0.00508071 0.00588457 -0.754209
-0.00516104 0.00588457 -0.754208
-0.00500037 0.00596491 -0.75421
-0.00508071 0.00596491 -0.754209
-0.00516104 0.00596491 -0.754208
-0.00500037 0.00604524 -0.75421
-0.00508071 0.00604524 -0.754209
-0.00516104 0.00604524 -0.754208
-0.00500037 0.00612558 -0.75421
-0.00508071 0.00612558 -0.754209
-0.00516104 0.00612558 -0.754208
-0.00500037 0.00620592 -0.75421
-0.00508071 0.00620592 -0.754209
-0.00516104 0.00620592 -0.754208
-0.00500037 0.00628625 -0.75421
-0.00508071 0.00628625 -0.754209
-0.00516104 0.00628625 -0.754208
-0.00500037 0.00636659 -0.75421
-0.00508071 0.00636659 -0.754209
-0.00516104 0.00636659 -0.754208
-0.00500037 0.00644692 -0.75421
-0.00508071 0.00644692 -0.754209
-0.00516104 0.00644692 -0.754207
-0.00500037 0.00652726 -0.75421
-0.00508071 0.00652726 -0.754208
-0.00516104 0.00652726 -0.754207
-0.00500037 0.0066076 -0.754209
-0.00508071 0.0066076 -0.754208
-0.00516104 0.0066076 -0.754207
-0.00500037 0.00668793 -0.754209
-0.00508071 0.00668793 -0.754208
-0.00516104 0.00668793 -0.754207
-0.00500037 0.00676827 -0.754209
-0.00508071 0.00676827 -0.754208
-0.00516104 0.00676827 -0.754207
-0.00500037 0.0068486 -0.754209
-0.00508071 0.0068486 -0.754208
-0.00516104 0.0068486 -0.754207
-0.00500037 0.00692894 -0.754209
-0.00508071 0.00692894 -0.754208
-0.00516104 0.00692894 -0.754207
-0.00500037 0.00700928 -0.754209
-0.00508071 0.00700928 -0.754208
-0.00516104 0.00700928 -0.754207
-0.00500037 0.00708961 -0.754209
-0.00508071 0.00708961 -0.754208
-0.00516104 0.00708961 -0.754207
-0.00500037 0.00716995 -0.754209
-0.00508071 0.00716995 -0.754208
-0.00516104 0.00716995 -0.754206
-0.00500037 0.00725029 -0.754209
-0.00508071 0.00725029 -0.754207
-0.00516104 0.00725029 -0.754206
-0.00500037 0.00733062 -0.754208
-0.00508071 0.00733062 -0.754207
-0.00516104 0.00733062 -0.754206
-0.00500037 0.00741096 -0.754208
-0.00508071 0.00741096 -0.754207
-0.00516104 0.00741096 -0.754206
-0.00500037 0.00749129 -0.754208
-0.00508071 0.00749129 -0.754207
-0.00516104 0.00749129 -0.754206
-0.00500037 0.00757163 -0.754208
-0.00508071 0.00757163 -0.754207
-0.00516104 0.00757163 -0.754206
-0.00500037 0.00765197 -0.754208
-0.00508071 0.00765197 -0.754207
-0.00516104 0.00765197 -0.754206
-0.00500037 0.0077323 -0.754208
-0.00508071 0.0077323 -0.754207
-0.00516104 0.0077323 -0.754206
-0.00500037 0.00781264 -0.754208
-0.00508071 0.00781264 -0.754207
-0.00516104 0.00781264 -0.754206
-0.00500037 0.00789297 -0.754208
-0.00508071 0.00789297 -0.754206
-0.00516104 0.00789297 -0.754205
-0.00500037 0.00797331 -0.754207
-0.00508071 0.00797331 -0.754206
-0.00516104 0.00797331 -0.754205
-0.00500037 0.00805365 -0.754207
-0.00508071 0.00805365 -0.754206
-0.00516104 0.00805365 -0.754205
-0.00500037 0.00813398 -0.754207
-0.00508071 0.00813398 -0.754206
-0.00516104 0.00813398 -0.754205
-0.00500037 0.00821432 -0.754207
-0.00508071 0.00821432 -0.754206
-0.00516104 0.00821432 -0.754205
-0.00500037 0.00829465 -0.754207
-0.00508071 0.00829465 -0.754206
-0.00516104 0.00829465 -0.754205
-0.00500037 0.00837499 -0.754207
-0.00508071 0.00837499 -0.754206
-0.00516104 0.00837499 -0.754205
-0.00500037 0.00845533 -0.754207
-0.00508071 0.00845533 -0.754206
-0.00516104 0.00845533 -0.754205
-0.00500037 0.00853566 -0.754207
-0.00508071 0.00853566 -0.754206
-0.00516104 0.00853566 -0.754204
-0.00500037 0.008616 -0.754207
-0.00508071 0.008616 -0.754205
-0.00516104 0.008616 -0.754204
-0.00500037 0.00869633 -0.754206
-0.00508071 0.00869633 -0.754205
-0.00516104 0.00869633 -0.754204
-0.00500037 0.00877667 -0.754206
-0.00508071 0.00877667 -0.754205
-0.00516104 0.00877667 -0.754204
-0.00500037 0.00885701 -0.754206
-0.00508071 0.00885701 -0.754205
-0.00516104 0.00885701 -0.754204
-0.00500037 0.00893734 -0.754206
-0.00508071 0.00893734 -0.754205
-0.00516104 0.00893734 -0.754204
-0.00500037 0.00901768 -0.754206
-0.00508071 0.00901768 -0.754205
-0.00516104 0.00901768 -0.754204
-0.00500037 0.00909801 -0.754206
-0.00508071 0.00909801 -0.754205
-0.00516104 0.00909801 -0.754204
-0.00500037 0.00917835 -0.754206
-0.00508071 0.00917835 -0.754205
-0.00516104 0.00917835 -0.754204
-0.00500037 0.00925869 -0.754206
-0.00508071 0.00925869 -0.754205
-0.00516104 0.00925869 -0.754203
-0.00500037 0.00933902 -0.754206
-0.00508071 0.00933902 -0.754204
-0.00516104 0.00933902 -0.754203
-0.00500037 0.00941936 -0.754205
-0.00508071 0.00941936 -0.754204
-0.00516104 0.00941936 -0.754203
-0.00500037 0.00949969 -0.754205
-0.00508071 0.00949969 -0.754204
-0.00516104 0.00949969 -0.754203
-0.00500037 0.00958003 -0.754205
-0.00508071 0.00958003 -0.754204
-0.00516104 0.00958003 -0.754203
-0.00500037 0.00966037 -0.754205
-0.00508071 0.00966037 -0.754204
-0.00516104 0.00966037 -0.754203
-0.00500037 0.0097407 -0.754205
-0.00508071 0.0097407 -0.754204
-0.00516104 0.0097407 -0.754203
-0.00500037 0.00982104 -0.754205
-0.00508071 0.00982104 -0.754204
-0.00516104 0.00982104 -0.754203
-0.00500037 0.00990137 -0.754205
-0.00508071 0.00990137 -0.754204
-0.00516104 0.00990137 -0.754202
-0.00500037 0.00998171 -0.754205
-0.00508071 0.00998171 -0.754203
-0.00516104 0.00998171 -0.754202
-0.00500037 0.010062 -0.754205
-0.00508071 0.010062 -0.754203
-0.00516104 0.010062 -0.754202
-0.00500037 0.0101424 -0.754204
-0.00508071 0.0101424 -0.754203
-0.00516104 0.0101424 -0.754202
-0.00500037 0.0102227 -0.754204
-0.00508071 0.0102227 -0.754203
-0.00516104 0.0102227 -0.754202
-0.00500037 0.0103031 -0.754204
-0.00508071 0.0103031 -0.754203
-0.00516104 0.0103031 -0.754202
-0.00500037 0.0103834 -0.754204
-0.00508071 0.0103834 -0.754203
-0.00516104 0.0103834 -0.754202
-0.00500037 0.0104637 -0.754204
-0.00508071 0.0104637 -0.754203
-0.00516104 0.0104637 -0.754202
-0.00500037 0.0105441 -0.754204
-0.00508071 0.0105441 -0.754203
-0.00516104 0.0105441 -0.754202
-0.00500037 0.0106244 -0.754204
-0.00508071 0.0106244 -0.754203
-0.00516104 0.0106244 -0.754201
-0.00500037 0.0107047 -0.754204
-0.00508071 0.0107047 -0.754202
-0.00516104 0.0107047 -0.754201
-0.00500037 0.0107851 -0.754203
-0.00508071 0.0107851 -0.754202
-0.00516104 0.0107851 -0.754201
-0.00500037 0.0108654 -0.754203
-0.00508071 0.0108654 -0.754202
-0.00516104 0.0108654 -0.754201
-0.00500037 0.0109457 -0.754203
-0.00508071 0.0109457 -0.754202
-0.00516104 0.0109457 -0.754201
-0.00500037 0.0110261 -0.754203
-0.00508071 0.0110261 -0.754202
-0.00516104 0.0110261 -0.754201
-0.00500037 0.0111064 -0.754203
-0.00508071 0.0111064 -0.754202
-0.00516104 0.0111064 -0.754201
