-0.0161708 -0.0972951 -0.693495
-0.018063 -0.0972951 -0.693492
-0.0199551 -0.0972951 -0.693489
-0.0161708 -0.095403 -0.693495
-0.018063 -0.095403 -0.693493
-0.0199551 -0.095403 -0.69349
-0.0161708 -0.0935109 -0.693496
-0.018063 -0.0935109 -0.693493
-0.0199551 -0.0935109 -0.69349
-0.0161708 -0.0916187 -0.693496
-0.018063 -0.0916187 -0.693494
-0.0199551 -0.0916187 -0.693491
-0.0161708 -0.0897266 -0.693497
-0.018063 -0.0897266 -0.693494
-0.0199551 -0.0897266 -0.693491
-0.0161708 -0.0878344 -0.693498
-0.018063 -0.0878344 -0.693495
-0.0199551 -0.0878344 -0.693492
-0.0161708 -0.0859423 -0.693498
-0.018063 -0.0859423 -0.693495
-0.0199551 -0.0859423 -0.693492
-0.0161708 -0.0840501 -0.693499
-0.018063 -0.0840501 -0.693496
-0.0199551 -0.0840501 -0.693493
-0.0161708 -0.082158 -0.693499
-0.018063 -0.082158 -0.693496
-0.0199551 -0.082158 -0.693494
-0.0161708 -0.0802658 -0.6935
-0.018063 -0.0802658 -0.693497
-0.0199551 -0.0802658 -0.693494
-0.0161708 -0.0783737 -0.6935
-0.018063 -0.0783737 -0.693498
-0.0199551 -0.0783737 -0.693495
-0.0161708 -0.0764816 -0.693501
-0.018063 -0.0764816 -0.693498
-0.0199551 -0.0764816 -0.693495
-0.0161708 -0.0745894 -0.693501
-0.018063 -0.0745894 -0.693499
-0.0199551 -0.0745894 -0.693496
-0.0161708 -0.0726973 -0.693502
-0.018063 -0.0726973 -0.693499
-0.0199551 -0.0726973 -0.693496
-0.0161708 -0.0708051 -0.693503
-0.018063 -0.0708051 -0.6935
-0.0199551 -0.0708051 -0.693497
-0.0161708 -0.068913 -0.693503
-0.018063 -0.068913 -0.6935
-0.0199551 -0.068913 -0.693497
-0.0161708 -0.0670208 -0.693504
-0.018063 -0.0670208 -0.693501
-0.0199551 -0.0670208 -0.693498
-0.0161708 -0.0651287 -0.693504
-0.018063 -0.0651287 -0.693501
-0.0199551 -0.0651287 -0.693499
-0.0161708 -0.0632365 -0.693505
-0.018063 -0.0632365 -0.693502
-0.0199551 -0.0632365 -0.693499
-0.0161708 -0.0613444 -0.693505
-0.018063 -0.0613444 -0.693503
-0.0199551 -0.0613444 -0.6935
-0.0161708 -0.0594523 -0.693506
-0.018063 -0.0594523 -0.693503
-0.0199551 -0.0594523 -0.6935
-0.0161708 -0.0575601 -0.693506
-0.018063 -0.0575601 -0.693504
-0.0199551 -0.0575601 -0.693501
-0.0161708 -0.055668 -0.693507
-0.018063 -0.055668 -0.693504
-0.0199551 -0.055668 -0.693501
-0.0161708 -0.0537758 -0.693508
-0.018063 -0.0537758 -0.693505
-0.0199551 -0.0537758 -0.693502
-0.0161708 -0.0518837 -0.693508
-0.018063 -0.0518837 -0.693505
-0.0199551 -0.0518837 -0.693502
-0.0161708 -0.0499915 -0.693509
-0.018063 -0.0499915 -0.693506
-0.0199551 -0.0499915 -0.693503
-0.0161708 -0.0480994 -0.693509
-0.018063 -0.0480994 -0.693506
-0.0199551 -0.0480994 -0.693504
-0.0161708 -0.0462072 -0.69351
-0.018063 -0.0462072 -0.693507
-0.0199551 -0.0462072 -0.693504
-0.0161708 -0.0443151 -0.69351
-0.018063 -0.0443151 -0.693508
-0.0199551 -0.0443151 -0.693505
-0.0161708 -0.042423 -0.693511
-0.018063 -0.042423 -0.693508
-0.0199551 -0.042423 -0.693505
-0.0161708 -0.0405308 -0.693511
-0.018063 -0.0405308 -0.693509
-0.0199551 -0.0405308 -0.693506
-0.0161708 -0.0386387 -0.693512
-0.018063 -0.0386387 -0.693509
-0.0199551 -0.0386387 -0.693506
-0.0161708 -0.0367465 -0.693513
-0.018063 -0.0367465 -0.69351
-0.0199551 -0.0367465 -0.693507
-0.0161708 -0.0348544 -0.693513
-0.018063 -0.0348544 -0.69351
-0.0199551 -0.0348544 -0.693507
-0.0161708 -0.0329622 -0.693514
-0.018063 -0.0329622 -0.693511
-0.0199551 -0.0329622 -0.693508
-0.0161708 -0.0310701 -0.693514
-0.018063 -0.0310701 -0.693511
-0.0199551 -0.0310701 -0.693509
-0.0161708 -0.0291779 -0.693515
-0.018063 -0.0291779 -0.693512
-0.0199551 -0.0291779 -0.693509
-0.0161708 -0.0272858 -0.693515
-0.018063 -0.0272858 -0.693513
-0.0199551 -0.0272858 -0.69351
-0.0161708 -0.0253937 -0.693516
-0.018063 -0.0253937 -0.693513
-0.0199551 -0.0253937 -0.69351
-0.0161708 -0.0235015 -0.693516
-0.018063 -0.0235015 -0.693514
-0.0199551 -0.0235015 -0.693511
-0.0161708 -0.0216094 -0.693517
-0.018063 -0.0216094 -0.693514
-0.0199551 -0.0216094 -0.693511
-0.0161708 -0.0197172 -0.693518
-0.018063 -0.0197172 -0.693515
-0.0199551 -0.0197172 -0.693512
-0.0161708 -0.0178251 -0.693518
-0.018063 -0.0178251 -0.693515
-0.0199551 -0.0178251 -0.693512
-0.0161708 -0.0159329 -0.693519
-0.018063 -0.0159329 -0.693516
-0.0199551 -0.0159329 -0.693513
-0.0161708 -0.0140408 -0.693519
-0.018063 -0.0140408 -0.693516
-0.0199551 -0.0140408 -0.693514
-0.0161708 -0.0121486 -0.69352
-0.018063 -0.0121486 -0.693517
-0.0199551 -0.0121486 -0.693514
-0.0161708 -0.0102565 -0.69352
-0.018063 -0.0102565 -0.693518
-0.0199551 -0.0102565 -0.693515
-0.0161708 -0.00836436 -0.693521
-0.018063 -0.00836436 -0.693518
-0.0199551 -0.00836436 -0.693515
-0.0161708 -0.00647222 -0.693521
-0.018063 -0.00647222 -0.693519
-0.0199551 -0.00647222 -0.693516
-0.0161708 -0.00458007 -0.693522
-0.018063 -0.00458007 -0.693519
-0.0199551 -0.00458007 -0.693516
-0.0161708 -0.00268793 -0.693523
-0.018063 -0.00268793 -0.69352
-0.0199551 -0.00268793 -0.693517
-0.0161708 -0.000795783 -0.693523
-0.018063 -0.000795783 -0.69352
-0.0199551 -0.000795783 -0.693518
-0.0161708 0.00109636 -0.693524
-0.018063 0.00109636 -0.693521
-0.0199551 0.00109636 -0.693518
-0.0161708 0.00298851 -0.693524
-0.018063 0.00298851 -0.693521
-0.0199551 0.00298851 -0.693519
-0.0161708 0.00488065 -0.693525
-0.018063 0.00488065 -0.693522
-0.0199551 0.00488065 -0.693519
-0.0161708 0.00677279 -0.693525
-0.018063 0.00677279 -0.693523
-0.0199551 0.00677279 -0.69352
-0.0161708 0.00866494 -0.693526
-0.018063 0.00866494 -0.693523
-0.0199551 0.00866494 -0.69352
-0.0161708 0.0105571 -0.693526
-0.018063 0.0105571 -0.693524
-0.0199551 0.0105571 -0.693521
-0.0161708 0.0124492 -0.693527
-0.018063 0.0124492 -0.693524
-0.0199551 0.0124492 -0.693521
-0.0161708 0.0143414 -0.693528
-0.018063 0.0143414 -0.693525
-0.0199551 0.0143414 -0.693522
-0.0161708 0.0162335 -0.693528
-0.018063 0.0162335 -0.693525
-0.0199551 0.0162335 -0.693523
-0.0161708 0.0181257 -0.693529
-0.018063 0.0181257 -0.693526
-0.0199551 0.0181257 -0.693523
-0.0161708 0.0200178 -0.693529
-0.018063 0.0200178 -0.693526
-0.0199551 0.0200178 -0.693524
-0.0161708 0.0219099 -0.69353
-0.018063 0.0219099 -0.693527
-0.0199551 0.0219099 -0.693524
-0.0161708 0.0238021 -0.69353
-0.018063 0.0238021 -0.693528
-0.0199551 0.0238021 -0.693525
-0.0161708 0.0256942 -0.693531
-0.018063 0.0256942 -0.693528
-0.0199551 0.0256942 -0.693525
-0.0161708 0.0275864 -0.693531
-0.018063 0.0275864 -0.693529
-0.0199551 0.0275864 -0.693526
-0.0161708 0.0294785 -0.693532
-0.018063 0.0294785 -0.693529
-0.0199551 0.0294785 -0.693526
-0.0161708 0.0313707 -0.693533
-0.018063 0.0313707 -0.69353
-0.0199551 0.0313707 -0.693527
-0.0161708 0.0332628 -0.693533
-0.018063 0.0332628 -0.69353
-0.0199551 0.0332628 -0.693528
-0.0161708 0.035155 -0.693534
-0.018063 0.035155 -0.693531
-0.0199551 0.035155 -0.693528
-0.0161708 0.0370471 -0.693534
-0.018063 0.0370471 -0.693531
-0.0199551 0.0370471 -0.693529
-0.0161708 0.0389392 -0.693535
-0.018063 0.0389392 -0.693532
-0.0199551 0.0389392 -0.693529
-0.0161708 0.0408314 -0.693535
-0.018063 0.0408314 -0.693533
-0.0199551 0.0408314 -0.69353
-0.0161708 0.0427235 -0.693536
-0.018063 0.0427235 -0.693533
-0.0199551 0.0427235 -0.69353
-0.0161708 0.0446157 -0.693536
-0.018063 0.0446157 -0.693534
-0.0199551 0.0446157 -0.693531
-0.0161708 0.0465078 -0.693537
-0.018063 0.0465078 -0.693534
-0.0199551 0.0465078 -0.693531
-0.0161708 0.0484 -0.693538
-0.018063 0.0484 -0.693535
-0.0199551 0.0484 -0.693532
-0.0161708 0.0502921 -0.693538
-0.018063 0.0502921 -0.693535
-0.0199551 0.0502921 -0.693533
-0.0161708 0.0521843 -0.693539
-0.018063 0.0521843 -0.693536
-0.0199551 0.0521843 -0.693533
-0.0161708 0.0540764 -0.693539
-0.018063 0.0540764 -0.693536
-0.0199551 0.0540764 -0.693534
-0.0161708 0.0559685 -0.69354
-0.018063 0.0559685 -0.693537
-0.0199551 0.0559685 -0.693534
-0.0161708 0.0578607 -0.69354
-0.018063 0.0578607 -0.693538
-0.0199551 0.0578607 -0.693535
-0.0161708 0.0597528 -0.693541
-0.018063 0.0597528 -0.693538
-0.0199551 0.0597528 -0.693535
-0.0161708 0.061645 -0.693541
-0.018063 0.061645 -0.693539
-0.0199551 0.061645 -0.693536
-0.0161708 0.0635371 -0.693542
-0.018063 0.0635371 -0.693539
-0.0199551 0.0635371 -0.693536
-0.0161708 0.0654293 -0.693543
-0.018063 0.0654293 -0.69354
-0.0199551 0.0654293 -0.693537
-0.0161708 0.0673214 -0.693543
-0.018063 0.0673214 -0.69354
-0.0199551 0.0673214 -0.693538
-0.0161708 0.0692136 -0.693544
-0.018063 0.0692136 -0.693541
-0.0199551 0.0692136 -0.693538
-0.0161708 0.0711057 -0.693544
-0.018063 0.0711057 -0.693541
-0.0199551 0.0711057 -0.693539
-0.0161708 0.0729978 -0.693545
-0.018063 0.0729978 -0.693542
-0.0199551 0.0729978 -0.693539
-0.0161708 0.07489 -0.693545
-0.018063 0.07489 -0.693543
-0.0199551 0.07489 -0.69354
-0.0161708 0.0767821 -0.693546
-0.018063 0.0767821 -0.693543
-0.0199551 0.0767821 -0.69354
-0.0161708 0.0786743 -0.693546
-0.018063 0.0786743 -0.693544
-0.0199551 0.0786743 -0.693541
-0.0161708 0.0805664 -0.693547
-0.018063 0.0805664 -0.693544
-0.0199551 0.0805664 -0.693541
-0.0161708 0.0824586 -0.693548
-0.018063 0.0824586 -0.693545
-0.0199551 0.0824586 -0.693542
-0.0161708 0.0843507 -0.693548
-0.018063 0.0843507 -0.693545
-0.0199551 0.0843507 -0.693543
-0.0161708 0.0862429 -0.693549
-0.018063 0.0862429 -0.693546
-0.0199551 0.0862429 -0.693543
-0.0161708 0.088135 -0.693549
-0.018063 0.088135 -0.693546
-0.0199551 0.088135 -0.693544
-0.0161708 0.0900271 -0.69355
-0.018063 0.0900271 -0.693547
-0.0199551 0.0900271 -0.693544
-0.0161708 0.0919193 -0.69355
-0.018063 0.0919193 -0.693548
-0.0199551 0.0919193 -0.693545
-0.0161708 0.0938114 -0.693551
-0.018063 0.0938114 -0.693548
-0.0199551 0.0938114 -0.693545
-0.0161708 0.0957036 -0.693551
-0.018063 0.0957036 -0.693549
-0.0199551 0.0957036 -0.693546
-0.0161708 0.0975957 -0.693552
-0.018063 0.0975957 -0.693549
-0.0199551 0.0975957 -0.693546
-0.0161708 0.0994879 -0.693553
-0.018063 0.0994879 -0.69355
-0.0199551 0.0994879 -0.693547
-0.0161708 0.10138 -0.693553
-0.018063 0.10138 -0.69355
-0.0199551 0.10138 -0.693547
-0.0161708 0.103272 -0.693554
-0.018063 0.103272 -0.693551
-0.0199551 0.103272 -0.693548
-0.0161708 0.105164 -0.693554
-0.018063 0.105164 -0.693551
-0.0199551 0.105164 -0.693549
-0.0161708 0.107056 -0.693555
-0.018063 0.107056 -0.693552
-0.0199551 0.107056 -0.693549
-0.0161708 0.108949 -0.693555
-0.018063 0.108949 -0.693553
-0.0199551 0.108949 -0.69355
-0.0161708 0.110841 -0.693556
-0.018063 0.110841 -0.693553
-0.0199551 0.110841 -0.69355
