0.00239716 -0.0137445 -0.741821
0.0022036 -0.0137445 -0.741823
0.00201004 -0.0137445 -0.741824
0.00239716 -0.0135509 -0.741822
0.0022036 -0.0135509 -0.741823
0.00201004 -0.0135509 -0.741824
0.00239716 -0.0133574 -0.741823
0.0022036 -0.0133574 -0.741824
0.00201004 -0.0133574 -0.741825
0.00239716 -0.0131638 -0.741824
0.0022036 -0.0131638 -0.741825
0.00201004 -0.0131638 -0.741826
0.00239716 -0.0129703 -0.741824
0.0022036 -0.0129703 -0.741825
0.00201004 -0.0129703 -0.741827
0.00239716 -0.0127767 -0.741825
0.0022036 -0.0127767 -0.741826
0.00201004 -0.0127767 -0.741827
0.00239716 -0.0125831 -0.741826
0.0022036 -0.0125831 -0.741827
0.00201004 -0.0125831 -0.741828
0.00239716 -0.0123896 -0.741826
0.0022036 -0.0123896 -0.741828
0.00201004 -0.0123896 -0.741829
0.00239716 -0.012196 -0.741827
0.0022036 -0.012196 -0.741828
0.00201004 -0.012196 -0.741829
0.00239716 -0.0120025 -0.741828
0.0022036 -0.0120025 -0.741829
0.00201004 -0.0120025 -0.74183
0.00239716 -0.0118089 -0.741829
0.0022036 -0.0118089 -0.74183
0.00201004 -0.0118089 -0.741831
0.00239716 -0.0116153 -0.741829
0.0022036 -0.0116153 -0.74183
0.00201004 -0.0116153 -0.741831
0.00239716 -0.0114218 -0.74183
0.0022036 -0.0114218 -0.741831
0.00201004 -0.0114218 -0.741832
0.00239716 -0.0112282 -0.741831
0.0022036 -0.0112282 -0.741832
0.00201004 -0.0112282 -0.741833
0.00239716 -0.0110347 -0.741831
0.0022036 -0.0110347 -0.741832
0.00201004 -0.0110347 -0.741834
0.00239716 -0.0108411 -0.741832
0.0022036 -0.0108411 -0.741833
0.00201004 -0.0108411 -0.741834
0.00239716 -0.0106476 -0.741833
0.0022036 -0.0106476 -0.741834
0.00201004 -0.0106476 -0.741835
0.00239716 -0.010454 -0.741833
0.0022036 -0.010454 -0.741835
0.00201004 -0.010454 -0.741836
0.00239716 -0.0102604 -0.741834
0.0022036 -0.0102604 -0.741835
0.00201004 -0.0102604 -0.741836
0.00239716 -0.0100669 -0.741835
0.0022036 -0.0100669 -0.741836
0.00201004 -0.0100669 -0.741837
0.00239716 -0.00987331 -0.741836
0.0022036 -0.00987331 -0.741837
0.00201004 -0.00987331 -0.741838
0.00239716 -0.00967976 -0.741836
0.0022036 -0.00967976 -0.741837
0.00201004 -0.00967976 -0.741839
0.00239716 -0.0094862 -0.741837
0.0022036 -0.0094862 -0.741838
0.00201004 -0.0094862 -0.741839
0.00239716 -0.00929264 -0.741838
0.0022036 -0.00929264 -0.741839
0.00201004 -0.00929264 -0.74184
0.00239716 -0.00909908 -0.741838
0.0022036 -0.00909908 -0.74184
0.00201004 -0.00909908 -0.741841
0.00239716 -0.00890552 -0.741839
0.0022036 -0.00890552 -0.74184
0.00201004 -0.00890552 -0.741841
0.00239716 -0.00871196 -0.74184
0.0022036 -0.00871196 -0.741841
0.00201004 -0.00871196 -0.741842
0.00239716 -0.0085184 -0.74184
0.0022036 -0.0085184 -0.741842
0.00201004 -0.0085184 -0.741843
0.00239716 -0.00832484 -0.741841
0.0022036 -0.00832484 -0.741842
0.00201004 -0.00832484 -0.741843
0.00239716 -0.00813128 -0.741842
0.0022036 -0.00813128 -0.741843
0.00201004 -0.00813128 -0.741844
0.00239716 -0.00793772 -0.741843
0.0022036 -0.00793772 -0.741844
0.00201004 -0.00793772 -0.741845
0.00239716 -0.00774416 -0.741843
0.0022036 -0.00774416 -0.741844
0.00201004 -0.00774416 -0.741846
0.00239716 -0.0075506 -0.741844
0.0022036 -0.0075506 -0.741845
0.00201004 -0.0075506 -0.741846
0.00239716 -0.00735705 -0.741845
0.0022036 -0.00735705 -0.741846
0.00201004 -0.00735705 -0.741847
0.00239716 -0.00716349 -0.741845
0.0022036 -0.00716349 -0.741847
0.00201004 -0.00716349 -0.741848
0.00239716 -0.00696993 -0.741846
0.0022036 -0.00696993 -0.741847
0.00201004 -0.00696993 -0.741848
0.00239716 -0.00677637 -0.741847
0.0022036 -0.00677637 -0.741848
0.00201004 -0.00677637 -0.741849
0.00239716 -0.00658281 -0.741848
0.0022036 -0.00658281 -0.741849
0.00201004 -0.00658281 -0.74185
0.00239716 -0.00638925 -0.741848
0.0022036 -0.00638925 -0.741849
0.00201004 -0.00638925 -0.74185
0.00239716 -0.00619569 -0.741849
0.0022036 -0.00619569 -0.74185
0.00201004 -0.00619569 -0.741851
0.00239716 -0.00600213 -0.74185
0.0022036 -0.00600213 -0.741851
0.00201004 -0.00600213 -0.741852
0.00239716 -0.00580857 -0.74185
0.0022036 -0.00580857 -0.741852
0.00201004 -0.00580857 -0.741853
0.00239716 -0.00561501 -0.741851
0.0022036 -0.00561501 -0.741852
0.00201004 -0.00561501 -0.741853
0.00239716 -0.00542145 -0.741852
0.0022036 -0.00542145 -0.741853
0.00201004 -0.00542145 -0.741854
0.00239716 -0.00522789 -0.741852
0.0022036 -0.00522789 -0.741854
0.00201004 -0.00522789 -0.741855
0.00239716 -0.00503434 -0.741853
0.0022036 -0.00503434 -0.741854
0.00201004 -0.00503434 -0.741855
0.00239716 -0.00484078 -0.741854
0.0022036 -0.00484078 -0.741855
0.00201004 -0.00484078 -0.741856
0.00239716 -0.00464722 -0.741855
0.0022036 -0.00464722 -0.741856
0.00201004 -0.00464722 -0.741857
0.00239716 -0.00445366 -0.741855
0.0022036 -0.00445366 -0.741856
0.00201004 -0.00445366 -0.741858
0.00239716 -0.0042601 -0.741856
0.0022036 -0.0042601 -0.741857
0.00201004 -0.0042601 -0.741858
0.00239716 -0.00406654 -0.741857
0.0022036 -0.00406654 -0.741858
0.00201004 -0.00406654 -0.741859
0.00239716 -0.00387298 -0.741857
0.0022036 -0.00387298 -0.741859
0.00201004 -0.00387298 -0.74186
0.00239716 -0.00367942 -0.741858
0.0022036 -0.00367942 -0.741859
0.00201004 -0.00367942 -0.74186
0.00239716 -0.00348586 -0.741859
0.0022036 -0.00348586 -0.74186
0.00201004 -0.00348586 -0.741861
0.00239716 -0.0032923 -0.741859
0.0022036 -0.0032923 -0.741861
0.00201004 -0.0032923 -0.741862
0.00239716 -0.00309874 -0.74186
0.0022036 -0.00309874 -0.741861
0.00201004 -0.00309874 -0.741862
0.00239716 -0.00290518 -0.741861
0.0022036 -0.00290518 -0.741862
0.00201004 -0.00290518 -0.741863
0.00239716 -0.00271162 -0.741862
0.0022036 -0.00271162 -0.741863
0.00201004 -0.00271162 -0.741864
0.00239716 -0.00251807 -0.741862
0.0022036 -0.00251807 -0.741863
0.00201004 -0.00251807 -0.741865
0.00239716 -0.00232451 -0.741863
0.0022036 -0.00232451 -0.741864
0.00201004 -0.00232451 -0.741865
0.00239716 -0.00213095 -0.741864
0.0022036 -0.00213095 -0.741865
0.00201004 -0.00213095 -0.741866
0.00239716 -0.00193739 -0.741864
0.0022036 -0.00193739 -0.741866
0.00201004 -0.00193739 -0.741867
0.00239716 -0.00174383 -0.741865
0.0022036 -0.00174383 -0.741866
0.00201004 -0.00174383 -0.741867
0.00239716 -0.00155027 -0.741866
0.0022036 -0.00155027 -0.741867
0.00201004 -0.00155027 -0.741868
0.00239716 -0.00135671 -0.741867
0.0022036 -0.00135671 -0.741868
0.00201004 -0.00135671 -0.741869
0.00239716 -0.00116315 -0.741867
0.0022036 -0.00116315 -0.741868
0.00201004 -0.00116315 -0.74187
0.00239716 -0.000969592 -0.741868
0.0022036 -0.000969592 -0.741869
0.00201004 -0.000969592 -0.74187
0.00239716 -0.000776033 -0.741869
0.0022036 -0.000776033 -0.74187
0.00201004 -0.000776033 -0.741871
0.00239716 -0.000582474 -0.741869
0.0022036 -0.000582474 -0.741871
0.00201004 -0.000582474 -0.741872
0.00239716 -0.000388915 -0.74187
0.0022036 -0.000388915 -0.741871
0.00201004 -0.000388915 -0.741872
0.00239716 -0.000195355 -0.741871
0.0022036 -0.000195355 -0.741872
0.00201004 -0.000195355 -0.741873
0.00239716 -1.79623e-06 -0.741871
0.0022036 -1.79623e-06 -0.741873
0.00201004 -1.79623e-06 -0.741874
0.00239716 0.000191763 -0.741872
0.0022036 0.000191763 -0.741873
0.00201004 0.000191763 -0.741874
0.00239716 0.000385322 -0.741873
0.0022036 0.000385322 -0.741874
0.00201004 0.000385322 -0.741875
0.00239716 0.000578881 -0.741874
0.0022036 0.000578881 -0.741875
0.00201004 0.000578881 -0.741876
0.00239716 0.000772441 -0.741874
0.0022036 0.000772441 -0.741875
0.00201004 0.000772441 -0.741877
0.00239716 0.000966 -0.741875
0.0022036 0.000966 -0.741876
0.00201004 0.000966 -0.741877
0.00239716 0.00115956 -0.741876
0.0022036 0.00115956 -0.741877
0.00201004 0.00115956 -0.741878
0.00239716 0.00135312 -0.741876
0.0022036 0.00135312 -0.741878
0.00201004 0.00135312 -0.741879
0.00239716 0.00154668 -0.741877
0.0022036 0.00154668 -0.741878
0.00201004 0.00154668 -0.741879
0.00239716 0.00174024 -0.741878
0.0022036 0.00174024 -0.741879
0.00201004 0.00174024 -0.74188
0.00239716 0.0019338 -0.741879
0.0022036 0.0019338 -0.74188
0.00201004 0.0019338 -0.741881
0.00239716 0.00212735 -0.741879
0.0022036 0.00212735 -0.74188
0.00201004 0.00212735 -0.741881
0.00239716 0.00232091 -0.74188
0.0022036 0.00232091 -0.741881
0.00201004 0.00232091 -0.741882
0.00239716 0.00251447 -0.741881
0.0022036 0.00251447 -0.741882
0.00201004 0.00251447 -0.741883
0.00239716 0.00270803 -0.741881
0.0022036 0.00270803 -0.741883
0.00201004 0.00270803 -0.741884
0.00239716 0.00290159 -0.741882
0.0022036 0.00290159 -0.741883
0.00201004 0.00290159 -0.741884
0.00239716 0.00309515 -0.741883
0.0022036 0.00309515 -0.741884
0.00201004 0.00309515 -0.741885
0.00239716 0.00328871 -0.741883
0.0022036 0.00328871 -0.741885
0.00201004 0.00328871 -0.741886
0.00239716 0.00348227 -0.741884
0.0022036 0.00348227 -0.741885
0.00201004 0.00348227 -0.741886
0.00239716 0.00367583 -0.741885
0.0022036 0.00367583 -0.741886
0.00201004 0.00367583 -0.741887
0.00239716 0.00386939 -0.741886
0.0022036 0.00386939 -0.741887
0.00201004 0.00386939 -0.741888
0.00239716 0.00406295 -0.741886
0.0022036 0.00406295 -0.741887
0.00201004 0.00406295 -0.741889
0.00239716 0.00425651 -0.741887
0.0022036 0.00425651 -0.741888
0.00201004 0.00425651 -0.741889
0.00239716 0.00445007 -0.741888
0.0022036 0.00445007 -0.741889
0.00201004 0.00445007 -0.74189
0.00239716 0.00464362 -0.741888
0.0022036 0.00464362 -0.74189
0.00201004 0.00464362 -0.741891
0.00239716 0.00483718 -0.741889
0.0022036 0.00483718 -0.74189
0.00201004 0.00483718 -0.741891
0.00239716 0.00503074 -0.74189
0.0022036 0.00503074 -0.741891
0.00201004 0.00503074 -0.741892
0.00239716 0.0052243 -0.74189
0.0022036 0.0052243 -0.741892
0.00201004 0.0052243 -0.741893
0.00239716 0.00541786 -0.741891
0.0022036 0.00541786 -0.741892
0.00201004 0.00541786 -0.741893
0.00239716 0.00561142 -0.741892
0.0022036 0.00561142 -0.741893
0.00201004 0.00561142 -0.741894
0.00239716 0.00580498 -0.741893
0.0022036 0.00580498 -0.741894
0.00201004 0.00580498 -0.741895
0.00239716 0.00599854 -0.741893
0.0022036 0.00599854 -0.741894
0.00201004 0.00599854 -0.741896
0.00239716 0.0061921 -0.741894
0.0022036 0.0061921 -0.741895
0.00201004 0.0061921 -0.741896
0.00239716 0.00638566 -0.741895
0.0022036 0.00638566 -0.741896
0.00201004 0.00638566 -0.741897
0.00239716 0.00657922 -0.741895
0.0022036 0.00657922 -0.741897
0.00201004 0.00657922 -0.741898
0.00239716 0.00677278 -0.741896
0.0022036 0.00677278 -0.741897
0.00201004 0.00677278 -0.741898
0.00239716 0.00696633 -0.741897
0.0022036 0.00696633 -0.741898
0.00201004 0.00696633 -0.741899
0.00239716 0.00715989 -0.741898
0.0022036 0.00715989 -0.741899
0.00201004 0.00715989 -0.7419
0.00239716 0.00735345 -0.741898
0.0022036 0.00735345 -0.741899
0.00201004 0.00735345 -0.741901
0.00239716 0.00754701 -0.741899
0.0022036 0.00754701 -0.7419
0.00201004 0.00754701 -0.741901
