0.00673033 -0.0112366 -0.508718
0.00640927 -0.0112366 -0.508719
0.00608821 -0.0112366 -0.50872
0.00673033 -0.0109156 -0.508717
0.00640927 -0.0109156 -0.508718
0.00608821 -0.0109156 -0.508719
0.00673033 -0.0105945 -0.508717
0.00640927 -0.0105945 -0.508718
0.00608821 -0.0105945 -0.508719
0.00673033 -0.0102735 -0.508716
0.00640927 -0.0102735 -0.508717
0.00608821 -0.0102735 -0.508718
0.00673033 -0.00995241 -0.508716
0.00640927 -0.00995241 -0.508716
0.00608821 -0.00995241 -0.508717
0.00673033 -0.00963136 -0.508715
0.00640927 -0.00963136 -0.508716
0.00608821 -0.00963136 -0.508717
0.00673033 -0.0093103 -0.508714
0.00640927 -0.0093103 -0.508715
0.00608821 -0.0093103 -0.508716
0.00673033 -0.00898924 -0.508714
0.00640927 -0.00898924 -0.508715
0.00608821 -0.00898924 -0.508715
0.00673033 -0.00866819 -0.508713
0.00640927 -0.00866819 -0.508714
0.00608821 -0.00866819 -0.508715
0.00673033 -0.00834713 -0.508712
0.00640927 -0.00834713 -0.508713
0.00608821 -0.00834713 -0.508714
0.00673033 -0.00802607 -0.508712
0.00640927 -0.00802607 -0.508713
0.00608821 -0.00802607 -0.508713
0.00673033 -0.00770502 -0.508711
0.00640927 -0.00770502 -0.508712
0.00608821 -0.00770502 -0.508713
0.00673033 -0.00738396 -0.50871
0.00640927 -0.00738396 -0.508711
0.00608821 -0.00738396 -0.508712
0.00673033 -0.0070629 -0.50871
0.00640927 -0.0070629 -0.508711
0.00608821 -0.0070629 -0.508712
0.00673033 -0.00674185 -0.508709
0.00640927 -0.00674185 -0.50871
0.00608821 -0.00674185 -0.508711
0.00673033 -0.00642079 -0.508709
0.00640927 -0.00642079 -0.508709
0.00608821 -0.00642079 -0.50871
0.00673033 -0.00609973 -0.508708
0.00640927 -0.00609973 -0.508709
0.00608821 -0.00609973 -0.50871
0.00673033 -0.00577868 -0.508707
0.00640927 -0.00577868 -0.508708
0.00608821 -0.00577868 -0.508709
0.00673033 -0.00545762 -0.508707
0.00640927 -0.00545762 -0.508708
0.00608821 -0.00545762 -0.508708
0.00673033 -0.00513656 -0.508706
0.00640927 -0.00513656 -0.508707
0.00608821 -0.00513656 -0.508708
0.00673033 -0.00481551 -0.508705
0.00640927 -0.00481551 -0.508706
0.00608821 -0.00481551 -0.508707
0.00673033 -0.00449445 -0.508705
0.00640927 -0.00449445 -0.508706
0.00608821 -0.00449445 -0.508707
0.00673033 -0.00417339 -0.508704
0.00640927 -0.00417339 -0.508705
0.00608821 -0.00417339 -0.508706
0.00673033 -0.00385234 -0.508703
0.00640927 -0.00385234 -0.508704
0.00608821 -0.00385234 -0.508705
0.00673033 -0.00353128 -0.508703
0.00640927 -0.00353128 -0.508704
0.00608821 -0.00353128 -0.508705
0.00673033 -0.00321022 -0.508702
0.00640927 -0.00321022 -0.508703
0.00608821 -0.00321022 -0.508704
0.00673033 -0.00288917 -0.508702
0.00640927 -0.00288917 -0.508702
0.00608821 -0.00288917 -0.508703
0.00673033 -0.00256811 -0.508701
0.00640927 -0.00256811 -0.508702
0.00608821 -0.00256811 -0.508703
0.00673033 -0.00224705 -0.5087
0.00640927 -0.00224705 -0.508701
0.00608821 -0.00224705 -0.508702
0.00673033 -0.001926 -0.5087
0.00640927 -0.001926 -0.5087
0.00608821 -0.001926 -0.508701
0.00673033 -0.00160494 -0.508699
0.00640927 -0.00160494 -0.5087
0.00608821 -0.00160494 -0.508701
0.00673033 -0.00128388 -0.508698
0.00640927 -0.00128388 -0.508699
0.00608821 -0.00128388 -0.5087
0.00673033 -0.000962826 -0.508698
0.00640927 -0.000962826 -0.508699
0.00608821 -0.000962826 -0.508699
0.00673033 -0.000641769 -0.508697
0.00640927 -0.000641769 -0.508698
0.00608821 -0.000641769 -0.508699
0.00673033 -0.000320712 -0.508696
0.00640927 -0.000320712 -0.508697
0.00608821 -0.000320712 -0.508698
0.00673033 3.4473e-07 -0.508696
0.00640927 3.4473e-07 -0.508697
0.00608821 3.4473e-07 -0.508698
0.00673033 0.000321401 -0.508695
0.00640927 0.000321401 -0.508696
0.00608821 0.000321401 -0.508697
0.00673033 0.000642458 -0.508695
0.00640927 0.000642458 -0.508695
0.00608821 0.000642458 -0.508696
0.00673033 0.000963515 -0.508694
0.00640927 0.000963515 -0.508695
0.00608821 0.000963515 -0.508696
0.00673033 0.00128457 -0.508693
0.00640927 0.00128457 -0.508694
0.00608821 0.00128457 -0.508695
0.00673033 0.00160563 -0.508693
0.00640927 0.00160563 -0.508694
0.00608821 0.00160563 -0.508694
0.00673033 0.00192669 -0.508692
0.00640927 0.00192669 -0.508693
0.00608821 0.00192669 -0.508694
0.00673033 0.00224774 -0.508691
0.00640927 0.00224774 -0.508692
0.00608821 0.00224774 -0.508693
0.00673033 0.0025688 -0.508691
0.00640927 0.0025688 -0.508692
0.00608821 0.0025688 -0.508692
0.00673033 0.00288986 -0.50869
0.00640927 0.00288986 -0.508691
0.00608821 0.00288986 -0.508692
0.00673033 0.00321091 -0.508689
0.00640927 0.00321091 -0.50869
0.00608821 0.00321091 -0.508691
0.00673033 0.00353197 -0.508689
0.00640927 0.00353197 -0.50869
0.00608821 0.00353197 -0.508691
0.00673033 0.00385303 -0.508688
0.00640927 0.00385303 -0.508689
0.00608821 0.00385303 -0.50869
0.00673033 0.00417408 -0.508687
0.00640927 0.00417408 -0.508688
0.00608821 0.00417408 -0.508689
0.00673033 0.00449514 -0.508687
0.00640927 0.00449514 -0.508688
0.00608821 0.00449514 -0.508689
0.00673033 0.0048162 -0.508686
0.00640927 0.0048162 -0.508687
0.00608821 0.0048162 -0.508688
0.00673033 0.00513725 -0.508686
0.00640927 0.00513725 -0.508686
0.00608821 0.00513725 -0.508687
0.00673033 0.00545831 -0.508685
0.00640927 0.00545831 -0.508686
0.00608821 0.00545831 -0.508687
0.00673033 0.00577937 -0.508684
0.00640927 0.00577937 -0.508685
0.00608821 0.00577937 -0.508686
0.00673033 0.00610042 -0.508684
0.00640927 0.00610042 -0.508685
0.00608821 0.00610042 -0.508685
0.00673033 0.00642148 -0.508683
0.00640927 0.00642148 -0.508684
0.00608821 0.00642148 -0.508685
0.00673033 0.00674254 -0.508682
0.00640927 0.00674254 -0.508683
0.00608821 0.00674254 -0.508684
0.00673033 0.00706359 -0.508682
0.00640927 0.00706359 -0.508683
0.00608821 0.00706359 -0.508684
0.00673033 0.00738465 -0.508681
0.00640927 0.00738465 -0.508682
0.00608821 0.00738465 -0.508683
0.00673033 0.00770571 -0.508681
0.00640927 0.00770571 -0.508681
0.00608821 0.00770571 -0.508682
0.00673033 0.00802676 -0.50868
0.00640927 0.00802676 -0.508681
0.00608821 0.00802676 -0.508682
0.00673033 0.00834782 -0.508679
0.00640927 0.00834782 -0.50868
0.00608821 0.00834782 -0.508681
0.00673033 0.00866888 -0.508679
0.00640927 0.00866888 -0.508679
0.00608821 0.00866888 -0.50868
0.00673033 0.00898993 -0.508678
0.00640927 0.00898993 -0.508679
0.00608821 0.00898993 -0.50868
0.00673033 0.00931099 -0.508677
0.00640927 0.00931099 -0.508678
0.00608821 0.00931099 -0.508679
0.00673033 0.00963205 -0.508677
0.00640927 0.00963205 -0.508678
0.00608821 0.00963205 -0.508678
0.00673033 0.0099531 -0.508676
0.00640927 0.0099531 -0.508677
0.00608821 0.0099531 -0.508678
0.00673033 0.0102742 -0.508675
0.00640927 0.0102742 -0.508676
0.00608821 0.0102742 -0.508677
0.00673033 0.0105952 -0.508675
0.00640927 0.0105952 -0.508676
0.00608821 0.0105952 -0.508677
0.00673033 0.0109163 -0.508674
0.00640927 0.0109163 -0.508675
0.00608821 0.0109163 -0.508676
0.00673033 0.0112373 -0.508673
0.00640927 0.0112373 -0.508674
0.00608821 0.0112373 -0.508675
0.00673033 0.0115584 -0.508673
0.00640927 0.0115584 -0.508674
0.00608821 0.0115584 -0.508675
0.00673033 0.0118794 -0.508672
0.00640927 0.0118794 -0.508673
0.00608821 0.0118794 -0.508674
0.00673033 0.0122005 -0.508672
0.00640927 0.0122005 -0.508672
0.00608821 0.0122005 -0.508673
0.00673033 0.0125216 -0.508671
0.00640927 0.0125216 -0.508672
0.00608821 0.0125216 -0.508673
0.00673033 0.0128426 -0.50867
0.00640927 0.0128426 -0.508671
0.00608821 0.0128426 -0.508672
0.00673033 0.0131637 -0.50867
0.00640927 0.0131637 -0.508671
0.00608821 0.0131637 -0.508671
0.00673033 0.0134847 -0.508669
0.00640927 0.0134847 -0.50867
0.00608821 0.0134847 -0.508671
0.00673033 0.0138058 -0.508668
0.00640927 0.0138058 -0.508669
0.00608821 0.0138058 -0.50867
0.00673033 0.0141268 -0.508668
0.00640927 0.0141268 -0.508669
0.00608821 0.0141268 -0.508669
0.00673033 0.0144479 -0.508667
0.00640927 0.0144479 -0.508668
0.00608821 0.0144479 -0.508669
0.00673033 0.014769 -0.508666
0.00640927 0.014769 -0.508667
0.00608821 0.014769 -0.508668
0.00673033 0.01509 -0.508666
0.00640927 0.01509 -0.508667
0.00608821 0.01509 -0.508668
0.00673033 0.0154111 -0.508665
0.00640927 0.0154111 -0.508666
0.00608821 0.0154111 -0.508667
0.00673033 0.0157321 -0.508665
0.00640927 0.0157321 -0.508665
0.00608821 0.0157321 -0.508666
0.00673033 0.0160532 -0.508664
0.00640927 0.0160532 -0.508665
0.00608821 0.0160532 -0.508666
0.00673033 0.0163742 -0.508663
0.00640927 0.0163742 -0.508664
0.00608821 0.0163742 -0.508665
0.00673033 0.0166953 -0.508663
0.00640927 0.0166953 -0.508664
0.00608821 0.0166953 -0.508664
0.00673033 0.0170164 -0.508662
0.00640927 0.0170164 -0.508663
0.00608821 0.0170164 -0.508664
0.00673033 0.0173374 -0.508661
0.00640927 0.0173374 -0.508662
0.00608821 0.0173374 -0.508663
0.00673033 0.0176585 -0.508661
0.00640927 0.0176585 -0.508662
0.00608821 0.0176585 -0.508663
0.00673033 0.0179795 -0.50866
0.00640927 0.0179795 -0.508661
0.00608821 0.0179795 -0.508662
0.00673033 0.0183006 -0.508659
0.00640927 0.0183006 -0.50866
0.00608821 0.0183006 -0.508661
0.00673033 0.0186216 -0.508659
0.00640927 0.0186216 -0.50866
0.00608821 0.0186216 -0.508661
0.00673033 0.0189427 -0.508658
0.00640927 0.0189427 -0.508659
0.00608821 0.0189427 -0.50866
0.00673033 0.0192637 -0.508658
0.00640927 0.0192637 -0.508658
0.00608821 0.0192637 -0.508659
0.00673033 0.0195848 -0.508657
0.00640927 0.0195848 -0.508658
0.00608821 0.0195848 -0.508659
0.00673033 0.0199059 -0.508656
0.00640927 0.0199059 -0.508657
0.00608821 0.0199059 -0.508658
0.00673033 0.0202269 -0.508656
0.00640927 0.0202269 -0.508657
0.00608821 0.0202269 -0.508657
0.00673033 0.020548 -0.508655
0.00640927 0.020548 -0.508656
0.00608821 0.020548 -0.508657
0.00673033 0.020869 -0.508654
0.00640927 0.020869 -0.508655
0.00608821 0.020869 -0.508656
0.00673033 0.0211901 -0.508654
0.00640927 0.0211901 -0.508655
0.00608821 0.0211901 -0.508655
0.00673033 0.0215111 -0.508653
0.00640927 0.0215111 -0.508654
0.00608821 0.0215111 -0.508655
0.00673033 0.0218322 -0.508652
0.00640927 0.0218322 -0.508653
0.00608821 0.0218322 -0.508654
0.00673033 0.0221533 -0.508652
0.00640927 0.0221533 -0.508653
0.00608821 0.0221533 -0.508654
0.00673033 0.0224743 -0.508651
0.00640927 0.0224743 -0.508652
0.00608821 0.0224743 -0.508653
0.00673033 0.0227954 -0.508651
0.00640927 0.0227954 -0.508651
0.00608821 0.0227954 -0.508652
0.00673033 0.0231164 -0.50865
0.00640927 0.0231164 -0.508651
0.00608821 0.0231164 -0.508652
0.00673033 0.0234375 -0.508649
0.00640927 0.0234375 -0.50865
0.00608821 0.0234375 -0.508651
0.00673033 0.0237585 -0.508649
0.00640927 0.0237585 -0.50865
0.00608821 0.0237585 -0.50865
0.00673033 0.0240796 -0.508648
0.00640927 0.0240796 -0.508649
0.00608821 0.0240796 -0.50865
