0.00743501 0.0414013 -0.651143
0.00770805 0.0414013 -0.651141
0.0079811 0.0414013 -0.65114
0.00743501 0.0411282 -0.651143
0.00770805 0.0411282 -0.651142
0.0079811 0.0411282 -0.651141
0.00743501 0.0408552 -0.651144
0.00770805 0.0408552 -0.651143
0.0079811 0.0408552 -0.651141
0.00743501 0.0405821 -0.651145
0.00770805 0.0405821 -0.651143
0.0079811 0.0405821 -0.651142
0.00743501 0.0403091 -0.651145
0.00770805 0.0403091 -0.651144
0.0079811 0.0403091 -0.651142
0.00743501 0.040036 -0.651146
0.00770805 0.040036 -0.651145
0.0079811 0.040036 -0.651143
0.00743501 0.039763 -0.651147
0.00770805 0.039763 -0.651145
0.0079811 0.039763 -0.651144
0.00743501 0.0394899 -0.651147
0.00770805 0.0394899 -0.651146
0.0079811 0.0394899 -0.651144
0.00743501 0.0392169 -0.651148
0.00770805 0.0392169 -0.651146
0.0079811 0.0392169 -0.651145
0.00743501 0.0389438 -0.651148
0.00770805 0.0389438 -0.651147
0.0079811 0.0389438 -0.651146
0.00743501 0.0386708 -0.651149
0.00770805 0.0386708 -0.651148
0.0079811 0.0386708 -0.651146
0.00743501 0.0383977 -0.65115
0.00770805 0.0383977 -0.651148
0.0079811 0.0383977 -0.651147
0.00743501 0.0381247 -0.65115
0.00770805 0.0381247 -0.651149
0.0079811 0.0381247 -0.651147
0.00743501 0.0378516 -0.651151
0.00770805 0.0378516 -0.651149
0.0079811 0.0378516 -0.651148
0.00743501 0.0375786 -0.651151
0.00770805 0.0375786 -0.65115
0.0079811 0.0375786 -0.651149
0.00743501 0.0373055 -0.651152
0.00770805 0.0373055 -0.651151
0.0079811 0.0373055 -0.651149
0.00743501 0.0370325 -0.651153
0.00770805 0.0370325 -0.651151
0.0079811 0.0370325 -0.65115
0.00743501 0.0367594 -0.651153
0.00770805 0.0367594 -0.651152
0.0079811 0.0367594 -0.651151
0.00743501 0.0364864 -0.651154
0.00770805 0.0364864 -0.651153
0.0079811 0.0364864 -0.651151
0.00743501 0.0362133 -0.651155
0.00770805 0.0362133 -0.651153
0.0079811 0.0362133 -0.651152
0.00743501 0.0359403 -0.651155
0.00770805 0.0359403 -0.651154
0.0079811 0.0359403 -0.651152
0.00743501 0.0356672 -0.651156
0.00770805 0.0356672 -0.651154
0.0079811 0.0356672 -0.651153
0.00743501 0.0353942 -0.651156
0.00770805 0.0353942 -0.651155
0.0079811 0.0353942 -0.651154
0.00743501 0.0351212 -0.651157
0.00770805 0.0351212 -0.651156
0.0079811 0.0351212 -0.651154
0.00743501 0.0348481 -0.651158
0.00770805 0.0348481 -0.651156
0.0079811 0.0348481 -0.651155
0.00743501 0.0345751 -0.651158
0.00770805 0.0345751 -0.651157
0.0079811 0.0345751 -0.651156
0.00743501 0.034302 -0.651159
0.00770805 0.034302 -0.651158
0.0079811 0.034302 -0.651156
0.00743501 0.034029 -0.65116
0.00770805 0.034029 -0.651158
0.0079811 0.034029 -0.651157
0.00743501 0.0337559 -0.65116
0.00770805 0.0337559 -0.651159
0.0079811 0.0337559 -0.651157
0.00743501 0.0334829 -0.651161
0.00770805 0.0334829 -0.651159
0.0079811 0.0334829 -0.651158
0.00743501 0.0332098 -0.651161
0.00770805 0.0332098 -0.65116
0.0079811 0.0332098 -0.651159
0.00743501 0.0329368 -0.651162
0.00770805 0.0329368 -0.651161
0.0079811 0.0329368 -0.651159
0.00743501 0.0326637 -0.651163
0.00770805 0.0326637 -0.651161
0.0079811 0.0326637 -0.65116
0.00743501 0.0323907 -0.651163
0.00770805 0.0323907 -0.651162
0.0079811 0.0323907 -0.65116
0.00743501 0.0321176 -0.651164
0.00770805 0.0321176 -0.651163
0.0079811 0.0321176 -0.651161
0.00743501 0.0318446 -0.651165
0.00770805 0.0318446 -0.651163
0.0079811 0.0318446 -0.651162
0.00743501 0.0315715 -0.651165
0.00770805 0.0315715 -0.651164
0.0079811 0.0315715 -0.651162
0.00743501 0.0312985 -0.651166
0.00770805 0.0312985 -0.651164
0.0079811 0.0312985 -0.651163
0.00743501 0.0310254 -0.651166
0.00770805 0.0310254 -0.651165
0.0079811 0.0310254 -0.651164
0.00743501 0.0307524 -0.651167
0.00770805 0.0307524 -0.651166
0.0079811 0.0307524 -0.651164
0.00743501 0.0304793 -0.651168
0.00770805 0.0304793 -0.651166
0.0079811 0.0304793 -0.651165
0.00743501 0.0302063 -0.651168
0.00770805 0.0302063 -0.651167
0.0079811 0.0302063 -0.651165
0.00743501 0.0299332 -0.651169
0.00770805 0.0299332 -0.651168
0.0079811 0.0299332 -0.651166
0.00743501 0.0296602 -0.65117
0.00770805 0.0296602 -0.651168
0.0079811 0.0296602 -0.651167
0.00743501 0.0293871 -0.65117
0.00770805 0.0293871 -0.651169
0.0079811 0.0293871 -0.651167
0.00743501 0.0291141 -0.651171
0.00770805 0.0291141 -0.651169
0.0079811 0.0291141 -0.651168
0.00743501 0.028841 -0.651171
0.00770805 0.028841 -0.65117
0.0079811 0.028841 -0.651169
0.00743501 0.028568 -0.651172
0.00770805 0.028568 -0.651171
0.0079811 0.028568 -0.651169
0.00743501 0.0282949 -0.651173
0.00770805 0.0282949 -0.651171
0.0079811 0.0282949 -0.65117
0.00743501 0.0280219 -0.651173
0.00770805 0.0280219 -0.651172
0.0079811 0.0280219 -0.65117
0.00743501 0.0277488 -0.651174
0.00770805 0.0277488 -0.651172
0.0079811 0.0277488 -0.651171
0.00743501 0.0274758 -0.651174
0.00770805 0.0274758 -0.651173
0.0079811 0.0274758 -0.651172
0.00743501 0.0272027 -0.651175
0.00770805 0.0272027 -0.651174
0.0079811 0.0272027 -0.651172
0.00743501 0.0269297 -0.651176
0.00770805 0.0269297 -0.651174
0.0079811 0.0269297 -0.651173
0.00743501 0.0266567 -0.651176
0.00770805 0.0266567 -0.651175
0.0079811 0.0266567 -0.651174
0.00743501 0.0263836 -0.651177
0.00770805 0.0263836 -0.651176
0.0079811 0.0263836 -0.651174
0.00743501 0.0261106 -0.651178
0.00770805 0.0261106 -0.651176
0.0079811 0.0261106 -0.651175
0.00743501 0.0258375 -0.651178
0.00770805 0.0258375 -0.651177
0.0079811 0.0258375 -0.651175
0.00743501 0.0255645 -0.651179
0.00770805 0.0255645 -0.651177
0.0079811 0.0255645 -0.651176
0.00743501 0.0252914 -0.651179
0.00770805 0.0252914 -0.651178
0.0079811 0.0252914 -0.651177
0.00743501 0.0250184 -0.65118
0.00770805 0.0250184 -0.651179
0.0079811 0.0250184 -0.651177
0.00743501 0.0247453 -0.651181
0.00770805 0.0247453 -0.651179
0.0079811 0.0247453 -0.651178
0.00743501 0.0244723 -0.651181
0.00770805 0.0244723 -0.65118
0.0079811 0.0244723 -0.651178
0.00743501 0.0241992 -0.651182
0.00770805 0.0241992 -0.651181
0.0079811 0.0241992 -0.651179
0.00743501 0.0239262 -0.651183
0.00770805 0.0239262 -0.651181
0.0079811 0.0239262 -0.65118
0.00743501 0.0236531 -0.651183
0.00770805 0.0236531 -0.651182
0.0079811 0.0236531 -0.65118
0.00743501 0.0233801 -0.651184
0.00770805 0.0233801 -0.651182
0.0079811 0.0233801 -0.651181
0.00743501 0.023107 -0.651184
0.00770805 0.023107 -0.651183
0.0079811 0.023107 -0.651182
0.00743501 0.022834 -0.651185
0.00770805 0.022834 -0.651184
0.0079811 0.022834 -0.651182
0.00743501 0.0225609 -0.651186
0.00770805 0.0225609 -0.651184
0.0079811 0.0225609 -0.651183
0.00743501 0.0222879 -0.651186
0.00770805 0.0222879 -0.651185
0.0079811 0.0222879 -0.651183
0.00743501 0.0220148 -0.651187
0.00770805 0.0220148 -0.651186
0.0079811 0.0220148 -0.651184
0.00743501 0.0217418 -0.651188
0.00770805 0.0217418 -0.651186
0.0079811 0.0217418 -0.651185
0.00743501 0.0214687 -0.651188
0.00770805 0.0214687 -0.651187
0.0079811 0.0214687 -0.651185
0.00743501 0.0211957 -0.651189
0.00770805 0.0211957 -0.651187
0.0079811 0.0211957 -0.651186
0.00743501 0.0209226 -0.651189
0.00770805 0.0209226 -0.651188
0.0079811 0.0209226 -0.651187
0.00743501 0.0206496 -0.65119
0.00770805 0.0206496 -0.651189
0.0079811 0.0206496 -0.651187
0.00743501 0.0203765 -0.651191
0.00770805 0.0203765 -0.651189
0.0079811 0.0203765 -0.651188
0.00743501 0.0201035 -0.651191
0.00770805 0.0201035 -0.65119
0.0079811 0.0201035 -0.651188
0.00743501 0.0198304 -0.651192
0.00770805 0.0198304 -0.651191
0.0079811 0.0198304 -0.651189
0.00743501 0.0195574 -0.651193
0.00770805 0.0195574 -0.651191
0.0079811 0.0195574 -0.65119
0.00743501 0.0192843 -0.651193
0.00770805 0.0192843 -0.651192
0.0079811 0.0192843 -0.65119
0.00743501 0.0190113 -0.651194
0.00770805 0.0190113 -0.651192
0.0079811 0.0190113 -0.651191
0.00743501 0.0187382 -0.651194
0.00770805 0.0187382 -0.651193
0.0079811 0.0187382 -0.651192
0.00743501 0.0184652 -0.651195
0.00770805 0.0184652 -0.651194
0.0079811 0.0184652 -0.651192
0.00743501 0.0181922 -0.651196
0.00770805 0.0181922 -0.651194
0.0079811 0.0181922 -0.651193
0.00743501 0.0179191 -0.651196
0.00770805 0.0179191 -0.651195
0.0079811 0.0179191 -0.651193
0.00743501 0.0176461 -0.651197
0.00770805 0.0176461 -0.651195
0.0079811 0.0176461 -0.651194
0.00743501 0.017373 -0.651197
0.00770805 0.017373 -0.651196
0.0079811 0.017373 -0.651195
0.00743501 0.0171 -0.651198
0.00770805 0.0171 -0.651197
0.0079811 0.0171 -0.651195
0.00743501 0.0168269 -0.651199
0.00770805 0.0168269 -0.651197
0.0079811 0.0168269 -0.651196
0.00743501 0.0165539 -0.651199
0.00770805 0.0165539 -0.651198
0.0079811 0.0165539 -0.651197
0.00743501 0.0162808 -0.6512
0.00770805 0.0162808 -0.651199
0.0079811 0.0162808 -0.651197
0.00743501 0.0160078 -0.651201
0.00770805 0.0160078 -0.651199
0.0079811 0.0160078 -0.651198
0.00743501 0.0157347 -0.651201
0.00770805 0.0157347 -0.6512
0.0079811 0.0157347 -0.651198
0.00743501 0.0154617 -0.651202
0.00770805 0.0154617 -0.6512
0.0079811 0.0154617 -0.651199
0.00743501 0.0151886 -0.651202
0.00770805 0.0151886 -0.651201
0.0079811 0.0151886 -0.6512
0.00743501 0.0149156 -0.651203
0.00770805 0.0149156 -0.651202
0.0079811 0.0149156 -0.6512
0.00743501 0.0146425 -0.651204
0.00770805 0.0146425 -0.651202
0.0079811 0.0146425 -0.651201
0.00743501 0.0143695 -0.651204
0.00770805 0.0143695 -0.651203
0.0079811 0.0143695 -0.651201
0.00743501 0.0140964 -0.651205
0.00770805 0.0140964 -0.651204
0.0079811 0.0140964 -0.651202
0.00743501 0.0138234 -0.651206
0.00770805 0.0138234 -0.651204
0.0079811 0.0138234 -0.651203
0.00743501 0.0135503 -0.651206
0.00770805 0.0135503 -0.651205
0.0079811 0.0135503 -0.651203
0.00743501 0.0132773 -0.651207
0.00770805 0.0132773 -0.651205
0.0079811 0.0132773 -0.651204
0.00743501 0.0130042 -0.651207
0.00770805 0.0130042 -0.651206
0.0079811 0.0130042 -0.651205
0.00743501 0.0127312 -0.651208
0.00770805 0.0127312 -0.651207
0.0079811 0.0127312 -0.651205
0.00743501 0.0124581 -0.651209
0.00770805 0.0124581 -0.651207
0.0079811 0.0124581 -0.651206
0.00743501 0.0121851 -0.651209
0.00770805 0.0121851 -0.651208
0.0079811 0.0121851 -0.651206
0.00743501 0.011912 -0.65121
0.00770805 0.011912 -0.651209
0.0079811 0.011912 -0.651207
0.00743501 0.011639 -0.651211
0.00770805 0.011639 -0.651209
0.0079811 0.011639 -0.651208
0.00743501 0.0113659 -0.651211
0.00770805 0.0113659 -0.65121
0.0079811 0.0113659 -0.651208
