-0.020541 0.0496038 -1.26041
-0.01982 0.0496038 -1.26041
-0.0190991 0.0496038 -1.2604
-0.020541 0.0488829 -1.26041
-0.01982 0.0488829 -1.26041
-0.0190991 0.0488829 -1.2604
-0.020541 0.0481619 -1.26041
-0.01982 0.0481619 -1.2604
-0.0190991 0.0481619 -1.2604
-0.020541 0.047441 -1.26041
-0.01982 0.047441 -1.2604
-0.0190991 0.047441 -1.2604
-0.020541 0.0467201 -1.2604
-0.01982 0.0467201 -1.2604
-0.0190991 0.0467201 -1.2604
-0.020541 0.0459991 -1.2604
-0.01982 0.0459991 -1.2604
-0.0190991 0.0459991 -1.2604
-0.020541 0.0452782 -1.2604
-0.01982 0.0452782 -1.2604
-0.0190991 0.0452782 -1.2604
-0.020541 0.0445573 -1.2604
-0.01982 0.0445573 -1.2604
-0.0190991 0.0445573 -1.2604
-0.020541 0.0438364 -1.2604
-0.01982 0.0438364 -1.2604
-0.0190991 0.0438364 -1.2604
-0.020541 0.0431154 -1.2604
-0.01982 0.0431154 -1.2604
-0.0190991 0.0431154 -1.2604
-0.020541 0.0423945 -1.2604
-0.01982 0.0423945 -1.2604
-0.0190991 0.0423945 -1.2604
-0.020541 0.0416736 -1.2604
-0.01982 0.0416736 -1.2604
-0.0190991 0.0416736 -1.2604
-0.020541 0.0409526 -1.2604
-0.01982 0.0409526 -1.2604
-0.0190991 0.0409526 -1.2604
-0.020541 0.0402317 -1.2604
-0.01982 0.0402317 -1.2604
-0.0190991 0.0402317 -1.2604
-0.020541 0.0395108 -1.2604
-0.01982 0.0395108 -1.2604
-0.0190991 0.0395108 -1.2604
-0.020541 0.0387899 -1.2604
-0.01982 0.0387899 -1.2604
-0.0190991 0.0387899 -1.26039
-0.020541 0.0380689 -1.2604
-0.01982 0.0380689 -1.26039
-0.0190991 0.0380689 -1.26039
-0.020541 0.037348 -1.2604
-0.01982 0.037348 -1.26039
-0.0190991 0.037348 -1.26039
-0.020541 0.0366271 -1.26039
-0.01982 0.0366271 -1.26039
-0.0190991 0.0366271 -1.26039
-0.020541 0.0359061 -1.26039
-0.01982 0.0359061 -1.26039
-0.0190991 0.0359061 -1.26039
-0.020541 0.0351852 -1.26039
-0.01982 0.0351852 -1.26039
-0.0190991 0.0351852 -1.26039
-0.020541 0.0344643 -1.26039
-0.01982 0.0344643 -1.26039
-0.0190991 0.0344643 -1.26039
-0.020541 0.0337433 -1.26039
-0.01982 0.0337433 -1.26039
-0.0190991 0.0337433 -1.26039
-0.020541 0.0330224 -1.26039
-0.01982 0.0330224 -1.26039
-0.0190991 0.0330224 -1.26039
-0.020541 0.0323015 -1.26039
-0.01982 0.0323015 -1.26039
-0.0190991 0.0323015 -1.26039
-0.020541 0.0315806 -1.26039
-0.01982 0.0315806 -1.26039
-0.0190991 0.0315806 -1.26039
-0.020541 0.0308596 -1.26039
-0.01982 0.0308596 -1.26039
-0.0190991 0.0308596 -1.26039
-0.020541 0.0301387 -1.26039
-0.01982 0.0301387 -1.26039
-0.0190991 0.0301387 -1.26039
-0.020541 0.0294178 -1.26039
-0.01982 0.0294178 -1.26039
-0.0190991 0.0294178 -1.26039
-0.020541 0.0286968 -1.26039
-0.01982 0.0286968 -1.26039
-0.0190991 0.0286968 -1.26038
-0.020541 0.0279759 -1.26039
-0.01982 0.0279759 -1.26039
-0.0190991 0.0279759 -1.26038
-0.020541 0.027255 -1.26039
-0.01982 0.027255 -1.26038
-0.0190991 0.027255 -1.26038
-0.020541 0.0265341 -1.26039
-0.01982 0.0265341 -1.26038
-0.0190991 0.0265341 -1.26038
-0.020541 0.0258131 -1.26038
-0.01982 0.0258131 -1.26038
-0.0190991 0.0258131 -1.26038
-0.020541 0.0250922 -1.26038
-0.01982 0.0250922 -1.26038
-0.0190991 0.0250922 -1.26038
-0.020541 0.0243713 -1.26038
-0.01982 0.0243713 -1.26038
-0.0190991 0.0243713 -1.26038
-0.020541 0.0236503 -1.26038
-0.01982 0.0236503 -1.26038
-0.0190991 0.0236503 -1.26038
-0.020541 0.0229294 -1.26038
-0.01982 0.0229294 -1.26038
-0.0190991 0.0229294 -1.26038
-0.020541 0.0222085 -1.26038
-0.01982 0.0222085 -1.26038
-0.0190991 0.0222085 -1.26038
-0.020541 0.0214875 -1.26038
-0.01982 0.0214875 -1.26038
-0.0190991 0.0214875 -1.26038
-0.020541 0.0207666 -1.26038
-0.01982 0.0207666 -1.26038
-0.0190991 0.0207666 -1.26038
-0.020541 0.0200457 -1.26038
-0.01982 0.0200457 -1.26038
-0.0190991 0.0200457 -1.26038
-0.020541 0.0193248 -1.26038
-0.01982 0.0193248 -1.26038
-0.0190991 0.0193248 -1.26038
-0.020541 0.0186038 -1.26038
-0.01982 0.0186038 -1.26038
-0.0190991 0.0186038 -1.26038
-0.020541 0.0178829 -1.26038
-0.01982 0.0178829 -1.26038
-0.0190991 0.0178829 -1.26037
-0.020541 0.017162 -1.26038
-0.01982 0.017162 -1.26037
-0.0190991 0.017162 -1.26037
-0.020541 0.016441 -1.26038
-0.01982 0.016441 -1.26037
-0.0190991 0.016441 -1.26037
-0.020541 0.0157201 -1.26037
-0.01982 0.0157201 -1.26037
-0.0190991 0.0157201 -1.26037
-0.020541 0.0149992 -1.26037
-0.01982 0.0149992 -1.26037
-0.0190991 0.0149992 -1.26037
-0.020541 0.0142783 -1.26037
-0.01982 0.0142783 -1.26037
-0.0190991 0.0142783 -1.26037
-0.020541 0.0135573 -1.26037
-0.01982 0.0135573 -1.26037
-0.0190991 0.0135573 -1.26037
-0.020541 0.0128364 -1.26037
-0.01982 0.0128364 -1.26037
-0.0190991 0.0128364 -1.26037
-0.020541 0.0121155 -1.26037
-0.01982 0.0121155 -1.26037
-0.0190991 0.0121155 -1.26037
-0.020541 0.0113945 -1.26037
-0.01982 0.0113945 -1.26037
-0.0190991 0.0113945 -1.26037
-0.020541 0.0106736 -1.26037
-0.01982 0.0106736 -1.26037
-0.0190991 0.0106736 -1.26037
-0.020541 0.00995267 -1.26037
-0.01982 0.00995267 -1.26037
-0.0190991 0.00995267 -1.26037
-0.020541 0.00923175 -1.26037
-0.01982 0.00923175 -1.26037
-0.0190991 0.00923175 -1.26037
-0.020541 0.00851082 -1.26037
-0.01982 0.00851082 -1.26037
-0.0190991 0.00851082 -1.26037
-0.020541 0.00778989 -1.26037
-0.01982 0.00778989 -1.26037
-0.0190991 0.00778989 -1.26036
-0.020541 0.00706896 -1.26037
-0.01982 0.00706896 -1.26037
-0.0190991 0.00706896 -1.26036
-0.020541 0.00634803 -1.26037
-0.01982 0.00634803 -1.26036
-0.0190991 0.00634803 -1.26036
-0.020541 0.0056271 -1.26037
-0.01982 0.0056271 -1.26036
-0.0190991 0.0056271 -1.26036
-0.020541 0.00490617 -1.26036
-0.01982 0.00490617 -1.26036
-0.0190991 0.00490617 -1.26036
-0.020541 0.00418524 -1.26036
-0.01982 0.00418524 -1.26036
-0.0190991 0.00418524 -1.26036
-0.020541 0.00346431 -1.26036
-0.01982 0.00346431 -1.26036
-0.0190991 0.00346431 -1.26036
-0.020541 0.00274338 -1.26036
-0.01982 0.00274338 -1.26036
-0.0190991 0.00274338 -1.26036
-0.020541 0.00202245 -1.26036
-0.01982 0.00202245 -1.26036
-0.0190991 0.00202245 -1.26036
-0.020541 0.00130152 -1.26036
-0.01982 0.00130152 -1.26036
-0.0190991 0.00130152 -1.26036
-0.020541 0.000580592 -1.26036
-0.01982 0.000580592 -1.26036
-0.0190991 0.000580592 -1.26036
-0.020541 -0.000140337 -1.26036
-0.01982 -0.000140337 -1.26036
-0.0190991 -0.000140337 -1.26036
-0.020541 -0.000861267 -1.26036
-0.01982 -0.000861267 -1.26036
-0.0190991 -0.000861267 -1.26036
-0.020541 -0.0015822 -1.26036
-0.01982 -0.0015822 -1.26036
-0.0190991 -0.0015822 -1.26036
-0.020541 -0.00230313 -1.26036
-0.01982 -0.00230313 -1.26036
-0.0190991 -0.00230313 -1.26035
-0.020541 -0.00302406 -1.26036
-0.01982 -0.00302406 -1.26036
-0.0190991 -0.00302406 -1.26035
-0.020541 -0.00374498 -1.26036
-0.01982 -0.00374498 -1.26035
-0.0190991 -0.00374498 -1.26035
-0.020541 -0.00446591 -1.26036
-0.01982 -0.00446591 -1.26035
-0.0190991 -0.00446591 -1.26035
-0.020541 -0.00518684 -1.26035
-0.01982 -0.00518684 -1.26035
-0.0190991 -0.00518684 -1.26035
-0.020541 -0.00590777 -1.26035
-0.01982 -0.00590777 -1.26035
-0.0190991 -0.00590777 -1.26035
-0.020541 -0.0066287 -1.26035
-0.01982 -0.0066287 -1.26035
-0.0190991 -0.0066287 -1.26035
-0.020541 -0.00734963 -1.26035
-0.01982 -0.00734963 -1.26035
-0.0190991 -0.00734963 -1.26035
-0.020541 -0.00807056 -1.26035
-0.01982 -0.00807056 -1.26035
-0.0190991 -0.00807056 -1.26035
-0.020541 -0.00879149 -1.26035
-0.01982 -0.00879149 -1.26035
-0.0190991 -0.00879149 -1.26035
-0.020541 -0.00951242 -1.26035
-0.01982 -0.00951242 -1.26035
-0.0190991 -0.00951242 -1.26035
-0.020541 -0.0102334 -1.26035
-0.01982 -0.0102334 -1.26035
-0.0190991 -0.0102334 -1.26035
-0.020541 -0.0109543 -1.26035
-0.01982 -0.0109543 -1.26035
-0.0190991 -0.0109543 -1.26035
-0.020541 -0.0116752 -1.26035
-0.01982 -0.0116752 -1.26035
-0.0190991 -0.0116752 -1.26035
-0.020541 -0.0123961 -1.26035
-0.01982 -0.0123961 -1.26035
-0.0190991 -0.0123961 -1.26035
-0.020541 -0.0131171 -1.26035
-0.01982 -0.0131171 -1.26035
-0.0190991 -0.0131171 -1.26034
-0.020541 -0.013838 -1.26035
-0.01982 -0.013838 -1.26035
-0.0190991 -0.013838 -1.26034
-0.020541 -0.0145589 -1.26035
-0.01982 -0.0145589 -1.26034
-0.0190991 -0.0145589 -1.26034
-0.020541 -0.0152799 -1.26035
-0.01982 -0.0152799 -1.26034
-0.0190991 -0.0152799 -1.26034
-0.020541 -0.0160008 -1.26034
-0.01982 -0.0160008 -1.26034
-0.0190991 -0.0160008 -1.26034
-0.020541 -0.0167217 -1.26034
-0.01982 -0.0167217 -1.26034
-0.0190991 -0.0167217 -1.26034
-0.020541 -0.0174426 -1.26034
-0.01982 -0.0174426 -1.26034
-0.0190991 -0.0174426 -1.26034
-0.020541 -0.0181636 -1.26034
-0.01982 -0.0181636 -1.26034
-0.0190991 -0.0181636 -1.26034
-0.020541 -0.0188845 -1.26034
-0.01982 -0.0188845 -1.26034
-0.0190991 -0.0188845 -1.26034
-0.020541 -0.0196054 -1.26034
-0.01982 -0.0196054 -1.26034
-0.0190991 -0.0196054 -1.26034
-0.020541 -0.0203264 -1.26034
-0.01982 -0.0203264 -1.26034
-0.0190991 -0.0203264 -1.26034
-0.020541 -0.0210473 -1.26034
-0.01982 -0.0210473 -1.26034
-0.0190991 -0.0210473 -1.26034
-0.020541 -0.0217682 -1.26034
-0.01982 -0.0217682 -1.26034
-0.0190991 -0.0217682 -1.26034
-0.020541 -0.0224892 -1.26034
-0.01982 -0.0224892 -1.26034
-0.0190991 -0.0224892 -1.26034
-0.020541 -0.0232101 -1.26034
-0.01982 -0.0232101 -1.26034
-0.0190991 -0.0232101 -1.26034
-0.020541 -0.023931 -1.26034
-0.01982 -0.023931 -1.26034
-0.0190991 -0.023931 -1.26033
-0.020541 -0.0246519 -1.26034
-0.01982 -0.0246519 -1.26033
-0.0190991 -0.0246519 -1.26033
-0.020541 -0.0253729 -1.26034
-0.01982 -0.0253729 -1.26033
-0.0190991 -0.0253729 -1.26033
-0.020541 -0.0260938 -1.26033
-0.01982 -0.0260938 -1.26033
-0.0190991 -0.0260938 -1.26033
-0.020541 -0.0268147 -1.26033
-0.01982 -0.0268147 -1.26033
-0.0190991 -0.0268147 -1.26033
-0.020541 -0.0275357 -1.26033
-0.01982 -0.0275357 -1.26033
-0.0190991 -0.0275357 -1.26033
-0.020541 -0.0282566 -1.26033
-0.01982 -0.0282566 -1.26033
-0.0190991 -0.0282566 -1.26033
-0.020541 -0.0289775 -1.26033
-0.01982 -0.0289775 -1.26033
-0.0190991 -0.0289775 -1.26033
-0.020541 -0.0296984 -1.26033
-0.01982 -0.0296984 -1.26033
-0.0190991 -0.0296984 -1.26033
