0.00214895 0.0012291 -1.16133
0.00196181 0.0012291 -1.16133
0.00177468 0.0012291 -1.16133
0.00214895 0.00141623 -1.16133
0.00196181 0.00141623 -1.16133
0.00177468 0.00141623 -1.16133
0.00214895 0.00160336 -1.16133
0.00196181 0.00160336 -1.16133
0.00177468 0.00160336 -1.16133
0.00214895 0.0017905 -1.16133
0.00196181 0.0017905 -1.16133
0.00177468 0.0017905 -1.16133
0.00214895 0.00197763 -1.16133
0.00196181 0.00197763 -1.16133
0.00177468 0.00197763 -1.16133
0.00214895 0.00216476 -1.16133
0.00196181 0.00216476 -1.16133
0.00177468 0.00216476 -1.16133
0.00214895 0.0023519 -1.16133
0.00196181 0.0023519 -1.16133
0.00177468 0.0023519 -1.16133
0.00214895 0.00253903 -1.16133
0.00196181 0.00253903 -1.16133
0.00177468 0.00253903 -1.16133
0.00214895 0.00272616 -1.16133
0.00196181 0.00272616 -1.16133
0.00177468 0.00272616 -1.16133
0.00214895 0.0029133 -1.16133
0.00196181 0.0029133 -1.16133
0.00177468 0.0029133 -1.16133
0.00214895 0.00310043 -1.16133
0.00196181 0.00310043 -1.16133
0.00177468 0.00310043 -1.16133
0.00214895 0.00328756 -1.16133
0.00196181 0.00328756 -1.16133
0.00177468 0.00328756 -1.16133
0.00214895 0.0034747 -1.16133
0.00196181 0.0034747 -1.16133
0.00177468 0.0034747 -1.16133
0.00214895 0.00366183 -1.16133
0.00196181 0.00366183 -1.16133
0.00177468 0.00366183 -1.16133
0.00214895 0.00384897 -1.16133
0.00196181 0.00384897 -1.16133
0.00177468 0.00384897 -1.16133
0.00214895 0.0040361 -1.16133
0.00196181 0.0040361 -1.16133
0.00177468 0.0040361 -1.16133
0.00214895 0.00422323 -1.16133
0.00196181 0.00422323 -1.16133
0.00177468 0.00422323 -1.16133
0.00214895 0.00441037 -1.16133
0.00196181 0.00441037 -1.16133
0.00177468 0.00441037 -1.16133
0.00214895 0.0045975 -1.16133
0.00196181 0.0045975 -1.16133
0.00177468 0.0045975 -1.16133
0.00214895 0.00478463 -1.16133
0.00196181 0.00478463 -1.16133
0.00177468 0.00478463 -1.16133
0.00214895 0.00497177 -1.16133
0.00196181 0.00497177 -1.16133
0.00177468 0.00497177 -1.16133
0.00214895 0.0051589 -1.16133
0.00196181 0.0051589 -1.16133
0.00177468 0.0051589 -1.16133
0.00214895 0.00534603 -1.16133
0.00196181 0.00534603 -1.16133
0.00177468 0.00534603 -1.16133
0.00214895 0.00553317 -1.16133
0.00196181 0.00553317 -1.16133
0.00177468 0.00553317 -1.16133
0.00214895 0.0057203 -1.16133
0.00196181 0.0057203 -1.16133
0.00177468 0.0057203 -1.16133
0.00214895 0.00590743 -1.16133
0.00196181 0.00590743 -1.16133
0.00177468 0.00590743 -1.16133
0.00214895 0.00609457 -1.16133
0.00196181 0.00609457 -1.16133
0.00177468 0.00609457 -1.16133
0.00214895 0.0062817 -1.16133
0.00196181 0.0062817 -1.16133
0.00177468 0.0062817 -1.16133
0.00214895 0.00646883 -1.16133
0.00196181 0.00646883 -1.16133
0.00177468 0.00646883 -1.16133
0.00214895 0.00665597 -1.16133
0.00196181 0.00665597 -1.16133
0.00177468 0.00665597 -1.16133
0.00214895 0.0068431 -1.16133
0.00196181 0.0068431 -1.16133
0.00177468 0.0068431 -1.16133
0.00214895 0.00703023 -1.16133
0.00196181 0.00703023 -1.16133
0.00177468 0.00703023 -1.16133
0.00214895 0.00721737 -1.16133
0.00196181 0.00721737 -1.16133
0.00177468 0.00721737 -1.16133
0.00214895 0.0074045 -1.16133
0.00196181 0.0074045 -1.16133
0.00177468 0.0074045 -1.16133
0.00214895 0.00759163 -1.16133
0.00196181 0.00759163 -1.16133
0.00177468 0.00759163 -1.16133
0.00214895 0.00777877 -1.16133
0.00196181 0.00777877 -1.16133
0.00177468 0.00777877 -1.16133
0.00214895 0.0079659 -1.16133
0.00196181 0.0079659 -1.16133
0.00177468 0.0079659 -1.16133
0.00214895 0.00815303 -1.16133
0.00196181 0.00815303 -1.16133
0.00177468 0.00815303 -1.16133
0.00214895 0.00834017 -1.16133
0.00196181 0.00834017 -1.16133
0.00177468 0.00834017 -1.16133
0.00214895 0.0085273 -1.16133
0.00196181 0.0085273 -1.16133
0.00177468 0.0085273 -1.16133
0.00214895 0.00871443 -1.16133
0.00196181 0.00871443 -1.16133
0.00177468 0.00871443 -1.16133
0.00214895 0.00890157 -1.16133
0.00196181 0.00890157 -1.16133
0.00177468 0.00890157 -1.16133
0.00214895 0.0090887 -1.16133
0.00196181 0.0090887 -1.16133
0.00177468 0.0090887 -1.16134
0.00214895 0.00927583 -1.16133
0.00196181 0.00927583 -1.16133
0.00177468 0.00927583 -1.16134
0.00214895 0.00946297 -1.16133
0.00196181 0.00946297 -1.16133
0.00177468 0.00946297 -1.16134
0.00214895 0.0096501 -1.16133
0.00196181 0.0096501 -1.16133
0.00177468 0.0096501 -1.16134
0.00214895 0.00983723 -1.16133
0.00196181 0.00983723 -1.16133
0.00177468 0.00983723 -1.16134
0.00214895 0.0100244 -1.16133
0.00196181 0.0100244 -1.16133
0.00177468 0.0100244 -1.16134
0.00214895 0.0102115 -1.16133
0.00196181 0.0102115 -1.16133
0.00177468 0.0102115 -1.16134
0.00214895 0.0103986 -1.16133
0.00196181 0.0103986 -1.16133
0.00177468 0.0103986 -1.16134
0.00214895 0.0105858 -1.16133
0.00196181 0.0105858 -1.16133
0.00177468 0.0105858 -1.16134
0.00214895 0.0107729 -1.16133
0.00196181 0.0107729 -1.16133
0.00177468 0.0107729 -1.16134
0.00214895 0.01096 -1.16133
0.00196181 0.01096 -1.16134
0.00177468 0.01096 -1.16134
0.00214895 0.0111472 -1.16133
0.00196181 0.0111472 -1.16134
0.00177468 0.0111472 -1.16134
0.00214895 0.0113343 -1.16133
0.00196181 0.0113343 -1.16134
0.00177468 0.0113343 -1.16134
0.00214895 0.0115214 -1.16133
0.00196181 0.0115214 -1.16134
0.00177468 0.0115214 -1.16134
0.00214895 0.0117086 -1.16133
0.00196181 0.0117086 -1.16134
0.00177468 0.0117086 -1.16134
0.00214895 0.0118957 -1.16133
0.00196181 0.0118957 -1.16134
0.00177468 0.0118957 -1.16134
0.00214895 0.0120828 -1.16133
0.00196181 0.0120828 -1.16134
0.00177468 0.0120828 -1.16134
0.00214895 0.01227 -1.16133
0.00196181 0.01227 -1.16134
0.00177468 0.01227 -1.16134
0.00214895 0.0124571 -1.16133
0.00196181 0.0124571 -1.16134
0.00177468 0.0124571 -1.16134
0.00214895 0.0126442 -1.16133
0.00196181 0.0126442 -1.16134
0.00177468 0.0126442 -1.16134
0.00214895 0.0128314 -1.16134
0.00196181 0.0128314 -1.16134
0.00177468 0.0128314 -1.16134
0.00214895 0.0130185 -1.16134
0.00196181 0.0130185 -1.16134
0.00177468 0.0130185 -1.16134
0.00214895 0.0132056 -1.16134
0.00196181 0.0132056 -1.16134
0.00177468 0.0132056 -1.16134
0.00214895 0.0133928 -1.16134
0.00196181 0.0133928 -1.16134
0.00177468 0.0133928 -1.16134
0.00214895 0.0135799 -1.16134
0.00196181 0.0135799 -1.16134
0.00177468 0.0135799 -1.16134
0.00214895 0.013767 -1.16134
0.00196181 0.013767 -1.16134
0.00177468 0.013767 -1.16134
0.00214895 0.0139542 -1.16134
0.00196181 0.0139542 -1.16134
0.00177468 0.0139542 -1.16134
0.00214895 0.0141413 -1.16134
0.00196181 0.0141413 -1.16134
0.00177468 0.0141413 -1.16134
0.00214895 0.0143284 -1.16134
0.00196181 0.0143284 -1.16134
0.00177468 0.0143284 -1.16134
0.00214895 0.0145156 -1.16134
0.00196181 0.0145156 -1.16134
0.00177468 0.0145156 -1.16134
0.00214895 0.0147027 -1.16134
0.00196181 0.0147027 -1.16134
0.00177468 0.0147027 -1.16134
0.00214895 0.0148898 -1.16134
0.00196181 0.0148898 -1.16134
0.00177468 0.0148898 -1.16134
0.00214895 0.015077 -1.16134
0.00196181 0.015077 -1.16134
0.00177468 0.015077 -1.16134
0.00214895 0.0152641 -1.16134
0.00196181 0.0152641 -1.16134
0.00177468 0.0152641 -1.16134
0.00214895 0.0154512 -1.16134
0.00196181 0.0154512 -1.16134
0.00177468 0.0154512 -1.16134
0.00214895 0.0156384 -1.16134
0.00196181 0.0156384 -1.16134
0.00177468 0.0156384 -1.16134
0.00214895 0.0158255 -1.16134
0.00196181 0.0158255 -1.16134
0.00177468 0.0158255 -1.16134
0.00214895 0.0160126 -1.16134
0.00196181 0.0160126 -1.16134
0.00177468 0.0160126 -1.16134
0.00214895 0.0161998 -1.16134
0.00196181 0.0161998 -1.16134
0.00177468 0.0161998 -1.16134
0.00214895 0.0163869 -1.16134
0.00196181 0.0163869 -1.16134
0.00177468 0.0163869 -1.16134
0.00214895 0.016574 -1.16134
0.00196181 0.016574 -1.16134
0.00177468 0.016574 -1.16134
0.00214895 0.0167612 -1.16134
0.00196181 0.0167612 -1.16134
0.00177468 0.0167612 -1.16134
0.00214895 0.0169483 -1.16134
0.00196181 0.0169483 -1.16134
0.00177468 0.0169483 -1.16134
0.00214895 0.0171354 -1.16134
0.00196181 0.0171354 -1.16134
0.00177468 0.0171354 -1.16134
0.00214895 0.0173226 -1.16134
0.00196181 0.0173226 -1.16134
0.00177468 0.0173226 -1.16134
0.00214895 0.0175097 -1.16134
0.00196181 0.0175097 -1.16134
0.00177468 0.0175097 -1.16134
0.00214895 0.0176968 -1.16134
0.00196181 0.0176968 -1.16134
0.00177468 0.0176968 -1.16134
0.00214895 0.017884 -1.16134
0.00196181 0.017884 -1.16134
0.00177468 0.017884 -1.16134
0.00214895 0.0180711 -1.16134
0.00196181 0.0180711 -1.16134
0.00177468 0.0180711 -1.16134
0.00214895 0.0182582 -1.16134
0.00196181 0.0182582 -1.16134
0.00177468 0.0182582 -1.16134
0.00214895 0.0184454 -1.16134
0.00196181 0.0184454 -1.16134
0.00177468 0.0184454 -1.16134
0.00214895 0.0186325 -1.16134
0.00196181 0.0186325 -1.16134
0.00177468 0.0186325 -1.16134
0.00214895 0.0188196 -1.16134
0.00196181 0.0188196 -1.16134
0.00177468 0.0188196 -1.16134
0.00214895 0.0190068 -1.16134
0.00196181 0.0190068 -1.16134
0.00177468 0.0190068 -1.16134
0.00214895 0.0191939 -1.16134
0.00196181 0.0191939 -1.16134
0.00177468 0.0191939 -1.16134
0.00214895 0.019381 -1.16134
0.00196181 0.019381 -1.16134
0.00177468 0.019381 -1.16134
0.00214895 0.0195682 -1.16134
0.00196181 0.0195682 -1.16134
0.00177468 0.0195682 -1.16134
0.00214895 0.0197553 -1.16134
0.00196181 0.0197553 -1.16134
0.00177468 0.0197553 -1.16134
0.00214895 0.0199424 -1.16134
0.00196181 0.0199424 -1.16134
0.00177468 0.0199424 -1.16134
0.00214895 0.0201296 -1.16134
0.00196181 0.0201296 -1.16134
0.00177468 0.0201296 -1.16134
0.00214895 0.0203167 -1.16134
0.00196181 0.0203167 -1.16134
0.00177468 0.0203167 -1.16134
0.00214895 0.0205038 -1.16134
0.00196181 0.0205038 -1.16134
0.00177468 0.0205038 -1.16134
0.00214895 0.020691 -1.16134
0.00196181 0.020691 -1.16134
0.00177468 0.020691 -1.16134
0.00214895 0.0208781 -1.16134
0.00196181 0.0208781 -1.16134
0.00177468 0.0208781 -1.16134
0.00214895 0.0210652 -1.16134
0.00196181 0.0210652 -1.16134
0.00177468 0.0210652 -1.16134
0.00214895 0.0212524 -1.16134
0.00196181 0.0212524 -1.16134
0.00177468 0.0212524 -1.16134
0.00214895 0.0214395 -1.16134
0.00196181 0.0214395 -1.16134
0.00177468 0.0214395 -1.16134
0.00214895 0.0216266 -1.16134
0.00196181 0.0216266 -1.16134
0.00177468 0.0216266 -1.16134
0.00214895 0.0218138 -1.16134
0.00196181 0.0218138 -1.16134
0.00177468 0.0218138 -1.16134
