-0.00331227 0.0104287 -0.518511
-0.00301623 0.0104287 -0.51851
-0.00272018 0.0104287 -0.518508
-0.00331227 0.0101326 -0.518511
-0.00301623 0.0101326 -0.51851
-0.00272018 0.0101326 -0.518508
-0.00331227 0.00983659 -0.518511
-0.00301623 0.00983659 -0.51851
-0.00272018 0.00983659 -0.518508
-0.00331227 0.00954054 -0.518511
-0.00301623 0.00954054 -0.51851
-0.00272018 0.00954054 -0.518508
-0.00331227 0.0092445 -0.518511
-0.00301623 0.0092445 -0.51851
-0.00272018 0.0092445 -0.518508
-0.00331227 0.00894845 -0.518511
-0.00301623 0.00894845 -0.51851
-0.00272018 0.00894845 -0.518508
-0.00331227 0.0086524 -0.518511
-0.00301623 0.0086524 -0.51851
-0.00272018 0.0086524 -0.518508
-0.00331227 0.00835636 -0.518511
-0.00301623 0.00835636 -0.51851
-0.00272018 0.00835636 -0.518508
-0.00331227 0.00806031 -0.518511
-0.00301623 0.00806031 -0.51851
-0.00272018 0.00806031 -0.518508
-0.00331227 0.00776426 -0.518511
-0.00301623 0.00776426 -0.51851
-0.00272018 0.00776426 -0.518508
-0.00331227 0.00746822 -0.518511
-0.00301623 0.00746822 -0.51851
-0.00272018 0.00746822 -0.518509
-0.00331227 0.00717217 -0.518511
-0.00301623 0.00717217 -0.51851
-0.00272018 0.00717217 -0.518509
-0.00331227 0.00687612 -0.518512
-0.00301623 0.00687612 -0.51851
-0.00272018 0.00687612 -0.518509
-0.00331227 0.00658007 -0.518512
-0.00301623 0.00658007 -0.51851
-0.00272018 0.00658007 -0.518509
-0.00331227 0.00628403 -0.518512
-0.00301623 0.00628403 -0.51851
-0.00272018 0.00628403 -0.518509
-0.00331227 0.00598798 -0.518512
-0.00301623 0.00598798 -0.51851
-0.00272018 0.00598798 -0.518509
-0.00331227 0.00569193 -0.518512
-0.00301623 0.00569193 -0.51851
-0.00272018 0.00569193 -0.518509
-0.00331227 0.00539589 -0.518512
-0.00301623 0.00539589 -0.51851
-0.00272018 0.00539589 -0.518509
-0.00331227 0.00509984 -0.518512
-0.00301623 0.00509984 -0.51851
-0.00272018 0.00509984 -0.518509
-0.00331227 0.00480379 -0.518512
-0.00301623 0.00480379 -0.51851
-0.00272018 0.00480379 -0.518509
-0.00331227 0.00450774 -0.518512
-0.00301623 0.00450774 -0.51851
-0.00272018 0.00450774 -0.518509
-0.00331227 0.0042117 -0.518512
-0.00301623 0.0042117 -0.51851
-0.00272018 0.0042117 -0.518509
-0.00331227 0.00391565 -0.518512
-0.00301623 0.00391565 -0.51851
-0.00272018 0.00391565 -0.518509
-0.00331227 0.0036196 -0.518512
-0.00301623 0.0036196 -0.51851
-0.00272018 0.0036196 -0.518509
-0.00331227 0.00332356 -0.518512
-0.00301623 0.00332356 -0.51851
-0.00272018 0.00332356 -0.518509
-0.00331227 0.00302751 -0.518512
-0.00301623 0.00302751 -0.51851
-0.00272018 0.00302751 -0.518509
-0.00331227 0.00273146 -0.518512
-0.00301623 0.00273146 -0.51851
-0.00272018 0.00273146 -0.518509
-0.00331227 0.00243542 -0.518512
-0.00301623 0.00243542 -0.51851
-0.00272018 0.00243542 -0.518509
-0.00331227 0.00213937 -0.518512
-0.00301623 0.00213937 -0.51851
-0.00272018 0.00213937 -0.518509
-0.00331227 0.00184332 -0.518512
-0.00301623 0.00184332 -0.518511
-0.00272018 0.00184332 -0.518509
-0.00331227 0.00154727 -0.518512
-0.00301623 0.00154727 -0.518511
-0.00272018 0.00154727 -0.518509
-0.00331227 0.00125123 -0.518512
-0.00301623 0.00125123 -0.518511
-0.00272018 0.00125123 -0.518509
-0.00331227 0.00095518 -0.518512
-0.00301623 0.00095518 -0.518511
-0.00272018 0.00095518 -0.518509
-0.00331227 0.000659133 -0.518512
-0.00301623 0.000659133 -0.518511
-0.00272018 0.000659133 -0.518509
-0.00331227 0.000363086 -0.518512
-0.00301623 0.000363086 -0.518511
-0.00272018 0.000363086 -0.518509
-0.00331227 6.70389e-05 -0.518512
-0.00301623 6.70389e-05 -0.518511
-0.00272018 6.70389e-05 -0.518509
-0.00331227 -0.000229008 -0.518512
-0.00301623 -0.000229008 -0.518511
-0.00272018 -0.000229008 -0.518509
-0.00331227 -0.000525055 -0.518512
-0.00301623 -0.000525055 -0.518511
-0.00272018 -0.000525055 -0.518509
-0.00331227 -0.000821102 -0.518512
-0.00301623 -0.000821102 -0.518511
-0.00272018 -0.000821102 -0.518509
-0.00331227 -0.00111715 -0.518512
-0.00301623 -0.00111715 -0.518511
-0.00272018 -0.00111715 -0.518509
-0.00331227 -0.0014132 -0.518512
-0.00301623 -0.0014132 -0.518511
-0.00272018 -0.0014132 -0.518509
-0.00331227 -0.00170924 -0.518512
-0.00301623 -0.00170924 -0.518511
-0.00272018 -0.00170924 -0.518509
-0.00331227 -0.00200529 -0.518512
-0.00301623 -0.00200529 -0.518511
-0.00272018 -0.00200529 -0.518509
-0.00331227 -0.00230134 -0.518512
-0.00301623 -0.00230134 -0.518511
-0.00272018 -0.00230134 -0.518509
-0.00331227 -0.00259738 -0.518512
-0.00301623 -0.00259738 -0.518511
-0.00272018 -0.00259738 -0.518509
-0.00331227 -0.00289343 -0.518512
-0.00301623 -0.00289343 -0.518511
-0.00272018 -0.00289343 -0.518509
-0.00331227 -0.00318948 -0.518512
-0.00301623 -0.00318948 -0.518511
-0.00272018 -0.00318948 -0.51851
-0.00331227 -0.00348553 -0.518512
-0.00301623 -0.00348553 -0.518511
-0.00272018 -0.00348553 -0.51851
-0.00331227 -0.00378157 -0.518512
-0.00301623 -0.00378157 -0.518511
-0.00272018 -0.00378157 -0.51851
-0.00331227 -0.00407762 -0.518512
-0.00301623 -0.00407762 -0.518511
-0.00272018 -0.00407762 -0.51851
-0.00331227 -0.00437367 -0.518513
-0.00301623 -0.00437367 -0.518511
-0.00272018 -0.00437367 -0.51851
-0.00331227 -0.00466971 -0.518513
-0.00301623 -0.00466971 -0.518511
-0.00272018 -0.00466971 -0.51851
-0.00331227 -0.00496576 -0.518513
-0.00301623 -0.00496576 -0.518511
-0.00272018 -0.00496576 -0.51851
-0.00331227 -0.00526181 -0.518513
-0.00301623 -0.00526181 -0.518511
-0.00272018 -0.00526181 -0.51851
-0.00331227 -0.00555786 -0.518513
-0.00301623 -0.00555786 -0.518511
-0.00272018 -0.00555786 -0.51851
-0.00331227 -0.0058539 -0.518513
-0.00301623 -0.0058539 -0.518511
-0.00272018 -0.0058539 -0.51851
-0.00331227 -0.00614995 -0.518513
-0.00301623 -0.00614995 -0.518511
-0.00272018 -0.00614995 -0.51851
-0.00331227 -0.006446 -0.518513
-0.00301623 -0.006446 -0.518511
-0.00272018 -0.006446 -0.51851
-0.00331227 -0.00674204 -0.518513
-0.00301623 -0.00674204 -0.518511
-0.00272018 -0.00674204 -0.51851
-0.00331227 -0.00703809 -0.518513
-0.00301623 -0.00703809 -0.518511
-0.00272018 -0.00703809 -0.51851
-0.00331227 -0.00733414 -0.518513
-0.00301623 -0.00733414 -0.518511
-0.00272018 -0.00733414 -0.51851
-0.00331227 -0.00763018 -0.518513
-0.00301623 -0.00763018 -0.518511
-0.00272018 -0.00763018 -0.51851
-0.00331227 -0.00792623 -0.518513
-0.00301623 -0.00792623 -0.518511
-0.00272018 -0.00792623 -0.51851
-0.00331227 -0.00822228 -0.518513
-0.00301623 -0.00822228 -0.518511
-0.00272018 -0.00822228 -0.51851
-0.00331227 -0.00851833 -0.518513
-0.00301623 -0.00851833 -0.518511
-0.00272018 -0.00851833 -0.51851
-0.00331227 -0.00881437 -0.518513
-0.00301623 -0.00881437 -0.518511
-0.00272018 -0.00881437 -0.51851
-0.00331227 -0.00911042 -0.518513
-0.00301623 -0.00911042 -0.518511
-0.00272018 -0.00911042 -0.51851
-0.00331227 -0.00940647 -0.518513
-0.00301623 -0.00940647 -0.518512
-0.00272018 -0.00940647 -0.51851
-0.00331227 -0.00970251 -0.518513
-0.00301623 -0.00970251 -0.518512
-0.00272018 -0.00970251 -0.51851
-0.00331227 -0.00999856 -0.518513
-0.00301623 -0.00999856 -0.518512
-0.00272018 -0.00999856 -0.51851
-0.00331227 -0.0102946 -0.518513
-0.00301623 -0.0102946 -0.518512
-0.00272018 -0.0102946 -0.51851
-0.00331227 -0.0105907 -0.518513
-0.00301623 -0.0105907 -0.518512
-0.00272018 -0.0105907 -0.51851
-0.00331227 -0.0108867 -0.518513
-0.00301623 -0.0108867 -0.518512
-0.00272018 -0.0108867 -0.51851
-0.00331227 -0.0111827 -0.518513
-0.00301623 -0.0111827 -0.518512
-0.00272018 -0.0111827 -0.51851
-0.00331227 -0.0114788 -0.518513
-0.00301623 -0.0114788 -0.518512
-0.00272018 -0.0114788 -0.51851
-0.00331227 -0.0117748 -0.518513
-0.00301623 -0.0117748 -0.518512
-0.00272018 -0.0117748 -0.51851
-0.00331227 -0.0120709 -0.518513
-0.00301623 -0.0120709 -0.518512
-0.00272018 -0.0120709 -0.51851
-0.00331227 -0.0123669 -0.518513
-0.00301623 -0.0123669 -0.518512
-0.00272018 -0.0123669 -0.51851
-0.00331227 -0.012663 -0.518513
-0.00301623 -0.012663 -0.518512
-0.00272018 -0.012663 -0.51851
-0.00331227 -0.012959 -0.518513
-0.00301623 -0.012959 -0.518512
-0.00272018 -0.012959 -0.51851
-0.00331227 -0.0132551 -0.518513
-0.00301623 -0.0132551 -0.518512
-0.00272018 -0.0132551 -0.51851
-0.00331227 -0.0135511 -0.518513
-0.00301623 -0.0135511 -0.518512
-0.00272018 -0.0135511 -0.51851
-0.00331227 -0.0138472 -0.518513
-0.00301623 -0.0138472 -0.518512
-0.00272018 -0.0138472 -0.51851
-0.00331227 -0.0141432 -0.518513
-0.00301623 -0.0141432 -0.518512
-0.00272018 -0.0141432 -0.51851
-0.00331227 -0.0144393 -0.518513
-0.00301623 -0.0144393 -0.518512
-0.00272018 -0.0144393 -0.51851
-0.00331227 -0.0147353 -0.518513
-0.00301623 -0.0147353 -0.518512
-0.00272018 -0.0147353 -0.518511
-0.00331227 -0.0150314 -0.518513
-0.00301623 -0.0150314 -0.518512
-0.00272018 -0.0150314 -0.518511
-0.00331227 -0.0153274 -0.518514
-0.00301623 -0.0153274 -0.518512
-0.00272018 -0.0153274 -0.518511
-0.00331227 -0.0156235 -0.518514
-0.00301623 -0.0156235 -0.518512
-0.00272018 -0.0156235 -0.518511
-0.00331227 -0.0159195 -0.518514
-0.00301623 -0.0159195 -0.518512
-0.00272018 -0.0159195 -0.518511
-0.00331227 -0.0162155 -0.518514
-0.00301623 -0.0162155 -0.518512
-0.00272018 -0.0162155 -0.518511
-0.00331227 -0.0165116 -0.518514
-0.00301623 -0.0165116 -0.518512
-0.00272018 -0.0165116 -0.518511
-0.00331227 -0.0168076 -0.518514
-0.00301623 -0.0168076 -0.518512
-0.00272018 -0.0168076 -0.518511
-0.00331227 -0.0171037 -0.518514
-0.00301623 -0.0171037 -0.518512
-0.00272018 -0.0171037 -0.518511
-0.00331227 -0.0173997 -0.518514
-0.00301623 -0.0173997 -0.518512
-0.00272018 -0.0173997 -0.518511
-0.00331227 -0.0176958 -0.518514
-0.00301623 -0.0176958 -0.518512
-0.00272018 -0.0176958 -0.518511
-0.00331227 -0.0179918 -0.518514
-0.00301623 -0.0179918 -0.518512
-0.00272018 -0.0179918 -0.518511
-0.00331227 -0.0182879 -0.518514
-0.00301623 -0.0182879 -0.518512
-0.00272018 -0.0182879 -0.518511
-0.00331227 -0.0185839 -0.518514
-0.00301623 -0.0185839 -0.518512
-0.00272018 -0.0185839 -0.518511
-0.00331227 -0.01888 -0.518514
-0.00301623 -0.01888 -0.518512
-0.00272018 -0.01888 -0.518511
-0.00331227 -0.019176 -0.518514
-0.00301623 -0.019176 -0.518512
-0.00272018 -0.019176 -0.518511
-0.00331227 -0.0194721 -0.518514
-0.00301623 -0.0194721 -0.518512
-0.00272018 -0.0194721 -0.518511
-0.00331227 -0.0197681 -0.518514
-0.00301623 -0.0197681 -0.518512
-0.00272018 -0.0197681 -0.518511
-0.00331227 -0.0200642 -0.518514
-0.00301623 -0.0200642 -0.518512
-0.00272018 -0.0200642 -0.518511
-0.00331227 -0.0203602 -0.518514
-0.00301623 -0.0203602 -0.518512
-0.00272018 -0.0203602 -0.518511
-0.00331227 -0.0206563 -0.518514
-0.00301623 -0.0206563 -0.518512
-0.00272018 -0.0206563 -0.518511
-0.00331227 -0.0209523 -0.518514
-0.00301623 -0.0209523 -0.518513
-0.00272018 -0.0209523 -0.518511
-0.00331227 -0.0212483 -0.518514
-0.00301623 -0.0212483 -0.518513
-0.00272018 -0.0212483 -0.518511
-0.00331227 -0.0215444 -0.518514
-0.00301623 -0.0215444 -0.518513
-0.00272018 -0.0215444 -0.518511
-0.00331227 -0.0218404 -0.518514
-0.00301623 -0.0218404 -0.518513
-0.00272018 -0.0218404 -0.518511
-0.00331227 -0.0221365 -0.518514
-0.00301623 -0.0221365 -0.518513
-0.00272018 -0.0221365 -0.518511
