-0.0127738 0.00165647 -0.912753
-0.0129855 0.00165647 -0.912758
-0.0131973 0.00165647 -0.912762
-0.0127738 0.00186825 -0.912754
-0.0129855 0.00186825 -0.912758
-0.0131973 0.00186825 -0.912762
-0.0127738 0.00208003 -0.912754
-0.0129855 0.00208003 -0.912758
-0.0131973 0.00208003 -0.912763
-0.0127738 0.00229181 -0.912755
-0.0129855 0.00229181 -0.912759
-0.0131973 0.00229181 -0.912763
-0.0127738 0.00250359 -0.912755
-0.0129855 0.00250359 -0.912759
-0.0131973 0.00250359 -0.912764
-0.0127738 0.00271536 -0.912755
-0.0129855 0.00271536 -0.91276
-0.0131973 0.00271536 -0.912764
-0.0127738 0.00292714 -0.912756
-0.0129855 0.00292714 -0.91276
-0.0131973 0.00292714 -0.912764
-0.0127738 0.00313892 -0.912756
-0.0129855 0.00313892 -0.91276
-0.0131973 0.00313892 -0.912765
-0.0127738 0.0033507 -0.912757
-0.0129855 0.0033507 -0.912761
-0.0131973 0.0033507 -0.912765
-0.0127738 0.00356247 -0.912757
-0.0129855 0.00356247 -0.912761
-0.0131973 0.00356247 -0.912766
-0.0127738 0.00377425 -0.912757
-0.0129855 0.00377425 -0.912762
-0.0131973 0.00377425 -0.912766
-0.0127738 0.00398603 -0.912758
-0.0129855 0.00398603 -0.912762
-0.0131973 0.00398603 -0.912766
-0.0127738 0.00419781 -0.912758
-0.0129855 0.00419781 -0.912762
-0.0131973 0.00419781 -0.912767
-0.0127738 0.00440959 -0.912758
-0.0129855 0.00440959 -0.912763
-0.0131973 0.00440959 -0.912767
-0.0127738 0.00462136 -0.912759
-0.0129855 0.00462136 -0.912763
-0.0131973 0.00462136 -0.912767
-0.0127738 0.00483314 -0.912759
-0.0129855 0.00483314 -0.912764
-0.0131973 0.00483314 -0.912768
-0.0127738 0.00504492 -0.91276
-0.0129855 0.00504492 -0.912764
-0.0131973 0.00504492 -0.912768
-0.0127738 0.0052567 -0.91276
-0.0129855 0.0052567 -0.912764
-0.0131973 0.0052567 -0.912769
-0.0127738 0.00546848 -0.91276
-0.0129855 0.00546848 -0.912765
-0.0131973 0.00546848 -0.912769
-0.0127738 0.00568025 -0.912761
-0.0129855 0.00568025 -0.912765
-0.0131973 0.00568025 -0.912769
-0.0127738 0.00589203 -0.912761
-0.0129855 0.00589203 -0.912766
-0.0131973 0.00589203 -0.91277
-0.0127738 0.00610381 -0.912762
-0.0129855 0.00610381 -0.912766
-0.0131973 0.00610381 -0.91277
-0.0127738 0.00631559 -0.912762
-0.0129855 0.00631559 -0.912766
-0.0131973 0.00631559 -0.912771
-0.0127738 0.00652737 -0.912762
-0.0129855 0.00652737 -0.912767
-0.0131973 0.00652737 -0.912771
-0.0127738 0.00673914 -0.912763
-0.0129855 0.00673914 -0.912767
-0.0131973 0.00673914 -0.912771
-0.0127738 0.00695092 -0.912763
-0.0129855 0.00695092 -0.912767
-0.0131973 0.00695092 -0.912772
-0.0127738 0.0071627 -0.912764
-0.0129855 0.0071627 -0.912768
-0.0131973 0.0071627 -0.912772
-0.0127738 0.00737448 -0.912764
-0.0129855 0.00737448 -0.912768
-0.0131973 0.00737448 -0.912773
-0.0127738 0.00758626 -0.912764
-0.0129855 0.00758626 -0.912769
-0.0131973 0.00758626 -0.912773
-0.0127738 0.00779803 -0.912765
-0.0129855 0.00779803 -0.912769
-0.0131973 0.00779803 -0.912773
-0.0127738 0.00800981 -0.912765
-0.0129855 0.00800981 -0.912769
-0.0131973 0.00800981 -0.912774
-0.0127738 0.00822159 -0.912766
-0.0129855 0.00822159 -0.91277
-0.0131973 0.00822159 -0.912774
-0.0127738 0.00843337 -0.912766
-0.0129855 0.00843337 -0.91277
-0.0131973 0.00843337 -0.912775
-0.0127738 0.00864515 -0.912766
-0.0129855 0.00864515 -0.912771
-0.0131973 0.00864515 -0.912775
-0.0127738 0.00885692 -0.912767
-0.0129855 0.00885692 -0.912771
-0.0131973 0.00885692 -0.912775
-0.0127738 0.0090687 -0.912767
-0.0129855 0.0090687 -0.912771
-0.0131973 0.0090687 -0.912776
-0.0127738 0.00928048 -0.912767
-0.0129855 0.00928048 -0.912772
-0.0131973 0.00928048 -0.912776
-0.0127738 0.00949226 -0.912768
-0.0129855 0.00949226 -0.912772
-0.0131973 0.00949226 -0.912776
-0.0127738 0.00970403 -0.912768
-0.0129855 0.00970403 -0.912773
-0.0131973 0.00970403 -0.912777
-0.0127738 0.00991581 -0.912769
-0.0129855 0.00991581 -0.912773
-0.0131973 0.00991581 -0.912777
-0.0127738 0.0101276 -0.912769
-0.0129855 0.0101276 -0.912773
-0.0131973 0.0101276 -0.912778
-0.0127738 0.0103394 -0.912769
-0.0129855 0.0103394 -0.912774
-0.0131973 0.0103394 -0.912778
-0.0127738 0.0105511 -0.91277
-0.0129855 0.0105511 -0.912774
-0.0131973 0.0105511 -0.912778
-0.0127738 0.0107629 -0.91277
-0.0129855 0.0107629 -0.912775
-0.0131973 0.0107629 -0.912779
-0.0127738 0.0109747 -0.912771
-0.0129855 0.0109747 -0.912775
-0.0131973 0.0109747 -0.912779
-0.0127738 0.0111865 -0.912771
-0.0129855 0.0111865 -0.912775
-0.0131973 0.0111865 -0.91278
-0.0127738 0.0113983 -0.912771
-0.0129855 0.0113983 -0.912776
-0.0131973 0.0113983 -0.91278
-0.0127738 0.01161 -0.912772
-0.0129855 0.01161 -0.912776
-0.0131973 0.01161 -0.91278
-0.0127738 0.0118218 -0.912772
-0.0129855 0.0118218 -0.912776
-0.0131973 0.0118218 -0.912781
-0.0127738 0.0120336 -0.912773
-0.0129855 0.0120336 -0.912777
-0.0131973 0.0120336 -0.912781
-0.0127738 0.0122454 -0.912773
-0.0129855 0.0122454 -0.912777
-0.0131973 0.0122454 -0.912782
-0.0127738 0.0124571 -0.912773
-0.0129855 0.0124571 -0.912778
-0.0131973 0.0124571 -0.912782
-0.0127738 0.0126689 -0.912774
-0.0129855 0.0126689 -0.912778
-0.0131973 0.0126689 -0.912782
-0.0127738 0.0128807 -0.912774
-0.0129855 0.0128807 -0.912778
-0.0131973 0.0128807 -0.912783
-0.0127738 0.0130925 -0.912775
-0.0129855 0.0130925 -0.912779
-0.0131973 0.0130925 -0.912783
-0.0127738 0.0133043 -0.912775
-0.0129855 0.0133043 -0.912779
-0.0131973 0.0133043 -0.912784
-0.0127738 0.013516 -0.912775
-0.0129855 0.013516 -0.91278
-0.0131973 0.013516 -0.912784
-0.0127738 0.0137278 -0.912776
-0.0129855 0.0137278 -0.91278
-0.0131973 0.0137278 -0.912784
-0.0127738 0.0139396 -0.912776
-0.0129855 0.0139396 -0.91278
-0.0131973 0.0139396 -0.912785
-0.0127738 0.0141514 -0.912776
-0.0129855 0.0141514 -0.912781
-0.0131973 0.0141514 -0.912785
-0.0127738 0.0143631 -0.912777
-0.0129855 0.0143631 -0.912781
-0.0131973 0.0143631 -0.912785
-0.0127738 0.0145749 -0.912777
-0.0129855 0.0145749 -0.912782
-0.0131973 0.0145749 -0.912786
-0.0127738 0.0147867 -0.912778
-0.0129855 0.0147867 -0.912782
-0.0131973 0.0147867 -0.912786
-0.0127738 0.0149985 -0.912778
-0.0129855 0.0149985 -0.912782
-0.0131973 0.0149985 -0.912787
-0.0127738 0.0152103 -0.912778
-0.0129855 0.0152103 -0.912783
-0.0131973 0.0152103 -0.912787
-0.0127738 0.015422 -0.912779
-0.0129855 0.015422 -0.912783
-0.0131973 0.015422 -0.912787
-0.0127738 0.0156338 -0.912779
-0.0129855 0.0156338 -0.912784
-0.0131973 0.0156338 -0.912788
-0.0127738 0.0158456 -0.91278
-0.0129855 0.0158456 -0.912784
-0.0131973 0.0158456 -0.912788
-0.0127738 0.0160574 -0.91278
-0.0129855 0.0160574 -0.912784
-0.0131973 0.0160574 -0.912789
-0.0127738 0.0162691 -0.91278
-0.0129855 0.0162691 -0.912785
-0.0131973 0.0162691 -0.912789
-0.0127738 0.0164809 -0.912781
-0.0129855 0.0164809 -0.912785
-0.0131973 0.0164809 -0.912789
-0.0127738 0.0166927 -0.912781
-0.0129855 0.0166927 -0.912785
-0.0131973 0.0166927 -0.91279
-0.0127738 0.0169045 -0.912782
-0.0129855 0.0169045 -0.912786
-0.0131973 0.0169045 -0.91279
-0.0127738 0.0171163 -0.912782
-0.0129855 0.0171163 -0.912786
-0.0131973 0.0171163 -0.912791
-0.0127738 0.017328 -0.912782
-0.0129855 0.017328 -0.912787
-0.0131973 0.017328 -0.912791
-0.0127738 0.0175398 -0.912783
-0.0129855 0.0175398 -0.912787
-0.0131973 0.0175398 -0.912791
-0.0127738 0.0177516 -0.912783
-0.0129855 0.0177516 -0.912787
-0.0131973 0.0177516 -0.912792
-0.0127738 0.0179634 -0.912783
-0.0129855 0.0179634 -0.912788
-0.0131973 0.0179634 -0.912792
-0.0127738 0.0181752 -0.912784
-0.0129855 0.0181752 -0.912788
-0.0131973 0.0181752 -0.912793
-0.0127738 0.0183869 -0.912784
-0.0129855 0.0183869 -0.912789
-0.0131973 0.0183869 -0.912793
-0.0127738 0.0185987 -0.912785
-0.0129855 0.0185987 -0.912789
-0.0131973 0.0185987 -0.912793
-0.0127738 0.0188105 -0.912785
-0.0129855 0.0188105 -0.912789
-0.0131973 0.0188105 -0.912794
-0.0127738 0.0190223 -0.912785
-0.0129855 0.0190223 -0.91279
-0.0131973 0.0190223 -0.912794
-0.0127738 0.019234 -0.912786
-0.0129855 0.019234 -0.91279
-0.0131973 0.019234 -0.912794
-0.0127738 0.0194458 -0.912786
-0.0129855 0.0194458 -0.912791
-0.0131973 0.0194458 -0.912795
-0.0127738 0.0196576 -0.912787
-0.0129855 0.0196576 -0.912791
-0.0131973 0.0196576 -0.912795
-0.0127738 0.0198694 -0.912787
-0.0129855 0.0198694 -0.912791
-0.0131973 0.0198694 -0.912796
-0.0127738 0.0200812 -0.912787
-0.0129855 0.0200812 -0.912792
-0.0131973 0.0200812 -0.912796
-0.0127738 0.0202929 -0.912788
-0.0129855 0.0202929 -0.912792
-0.0131973 0.0202929 -0.912796
-0.0127738 0.0205047 -0.912788
-0.0129855 0.0205047 -0.912793
-0.0131973 0.0205047 -0.912797
-0.0127738 0.0207165 -0.912789
-0.0129855 0.0207165 -0.912793
-0.0131973 0.0207165 -0.912797
-0.0127738 0.0209283 -0.912789
-0.0129855 0.0209283 -0.912793
-0.0131973 0.0209283 -0.912798
-0.0127738 0.02114 -0.912789
-0.0129855 0.02114 -0.912794
-0.0131973 0.02114 -0.912798
-0.0127738 0.0213518 -0.91279
-0.0129855 0.0213518 -0.912794
-0.0131973 0.0213518 -0.912798
-0.0127738 0.0215636 -0.91279
-0.0129855 0.0215636 -0.912794
-0.0131973 0.0215636 -0.912799
-0.0127738 0.0217754 -0.91279
-0.0129855 0.0217754 -0.912795
-0.0131973 0.0217754 -0.912799
-0.0127738 0.0219872 -0.912791
-0.0129855 0.0219872 -0.912795
-0.0131973 0.0219872 -0.9128
-0.0127738 0.0221989 -0.912791
-0.0129855 0.0221989 -0.912796
-0.0131973 0.0221989 -0.9128
-0.0127738 0.0224107 -0.912792
-0.0129855 0.0224107 -0.912796
-0.0131973 0.0224107 -0.9128
-0.0127738 0.0226225 -0.912792
-0.0129855 0.0226225 -0.912796
-0.0131973 0.0226225 -0.912801
-0.0127738 0.0228343 -0.912792
-0.0129855 0.0228343 -0.912797
-0.0131973 0.0228343 -0.912801
-0.0127738 0.023046 -0.912793
-0.0129855 0.023046 -0.912797
-0.0131973 0.023046 -0.912802
-0.0127738 0.0232578 -0.912793
-0.0129855 0.0232578 -0.912798
-0.0131973 0.0232578 -0.912802
-0.0127738 0.0234696 -0.912794
-0.0129855 0.0234696 -0.912798
-0.0131973 0.0234696 -0.912802
-0.0127738 0.0236814 -0.912794
-0.0129855 0.0236814 -0.912798
-0.0131973 0.0236814 -0.912803
-0.0127738 0.0238932 -0.912794
-0.0129855 0.0238932 -0.912799
-0.0131973 0.0238932 -0.912803
-0.0127738 0.0241049 -0.912795
-0.0129855 0.0241049 -0.912799
-0.0131973 0.0241049 -0.912803
-0.0127738 0.0243167 -0.912795
-0.0129855 0.0243167 -0.912799
-0.0131973 0.0243167 -0.912804
-0.0127738 0.0245285 -0.912796
-0.0129855 0.0245285 -0.9128
-0.0131973 0.0245285 -0.912804
-0.0127738 0.0247403 -0.912796
-0.0129855 0.0247403 -0.9128
-0.0131973 0.0247403 -0.912805
-0.0127738 0.024952 -0.912796
-0.0129855 0.024952 -0.912801
-0.0131973 0.024952 -0.912805
