-0.00598439 0.000187964 -0.66749
-0.00567299 0.000187964 -0.66749
-0.00536158 0.000187964 -0.66749
-0.00598439 -0.000123442 -0.667489
-0.00567299 -0.000123442 -0.66749
-0.00536158 -0.000123442 -0.66749
-0.00598439 -0.000434848 -0.667489
-0.00567299 -0.000434848 -0.667489
-0.00536158 -0.000434848 -0.667489
-0.00598439 -0.000746254 -0.667488
-0.00567299 -0.000746254 -0.667488
-0.00536158 -0.000746254 -0.667488
-0.00598439 -0.00105766 -0.667487
-0.00567299 -0.00105766 -0.667488
-0.00536158 -0.00105766 -0.667488
-0.00598439 -0.00136907 -0.667487
-0.00567299 -0.00136907 -0.667487
-0.00536158 -0.00136907 -0.667487
-0.00598439 -0.00168047 -0.667486
-0.00567299 -0.00168047 -0.667486
-0.00536158 -0.00168047 -0.667486
-0.00598439 -0.00199188 -0.667485
-0.00567299 -0.00199188 -0.667485
-0.00536158 -0.00199188 -0.667486
-0.00598439 -0.00230328 -0.667485
-0.00567299 -0.00230328 -0.667485
-0.00536158 -0.00230328 -0.667485
-0.00598439 -0.00261469 -0.667484
-0.00567299 -0.00261469 -0.667484
-0.00536158 -0.00261469 -0.667484
-0.00598439 -0.0029261 -0.667483
-0.00567299 -0.0029261 -0.667483
-0.00536158 -0.0029261 -0.667484
-0.00598439 -0.0032375 -0.667482
-0.00567299 -0.0032375 -0.667483
-0.00536158 -0.0032375 -0.667483
-0.00598439 -0.00354891 -0.667482
-0.00567299 -0.00354891 -0.667482
-0.00536158 -0.00354891 -0.667482
-0.00598439 -0.00386031 -0.667481
-0.00567299 -0.00386031 -0.667481
-0.00536158 -0.00386031 -0.667481
-0.00598439 -0.00417172 -0.66748
-0.00567299 -0.00417172 -0.667481
-0.00536158 -0.00417172 -0.667481
-0.00598439 -0.00448313 -0.66748
-0.00567299 -0.00448313 -0.66748
-0.00536158 -0.00448313 -0.66748
-0.00598439 -0.00479453 -0.667479
-0.00567299 -0.00479453 -0.667479
-0.00536158 -0.00479453 -0.667479
-0.00598439 -0.00510594 -0.667478
-0.00567299 -0.00510594 -0.667479
-0.00536158 -0.00510594 -0.667479
-0.00598439 -0.00541735 -0.667478
-0.00567299 -0.00541735 -0.667478
-0.00536158 -0.00541735 -0.667478
-0.00598439 -0.00572875 -0.667477
-0.00567299 -0.00572875 -0.667477
-0.00536158 -0.00572875 -0.667477
-0.00598439 -0.00604016 -0.667476
-0.00567299 -0.00604016 -0.667476
-0.00536158 -0.00604016 -0.667477
-0.00598439 -0.00635156 -0.667476
-0.00567299 -0.00635156 -0.667476
-0.00536158 -0.00635156 -0.667476
-0.00598439 -0.00666297 -0.667475
-0.00567299 -0.00666297 -0.667475
-0.00536158 -0.00666297 -0.667475
-0.00598439 -0.00697438 -0.667474
-0.00567299 -0.00697438 -0.667474
-0.00536158 -0.00697438 -0.667475
-0.00598439 -0.00728578 -0.667473
-0.00567299 -0.00728578 -0.667474
-0.00536158 -0.00728578 -0.667474
-0.00598439 -0.00759719 -0.667473
-0.00567299 -0.00759719 -0.667473
-0.00536158 -0.00759719 -0.667473
-0.00598439 -0.00790859 -0.667472
-0.00567299 -0.00790859 -0.667472
-0.00536158 -0.00790859 -0.667472
-0.00598439 -0.00822 -0.667471
-0.00567299 -0.00822 -0.667472
-0.00536158 -0.00822 -0.667472
-0.00598439 -0.00853141 -0.667471
-0.00567299 -0.00853141 -0.667471
-0.00536158 -0.00853141 -0.667471
-0.00598439 -0.00884281 -0.66747
-0.00567299 -0.00884281 -0.66747
-0.00536158 -0.00884281 -0.66747
-0.00598439 -0.00915422 -0.667469
-0.00567299 -0.00915422 -0.66747
-0.00536158 -0.00915422 -0.66747
-0.00598439 -0.00946562 -0.667469
-0.00567299 -0.00946562 -0.667469
-0.00536158 -0.00946562 -0.667469
-0.00598439 -0.00977703 -0.667468
-0.00567299 -0.00977703 -0.667468
-0.00536158 -0.00977703 -0.667468
-0.00598439 -0.0100884 -0.667467
-0.00567299 -0.0100884 -0.667467
-0.00536158 -0.0100884 -0.667468
-0.00598439 -0.0103998 -0.667467
-0.00567299 -0.0103998 -0.667467
-0.00536158 -0.0103998 -0.667467
-0.00598439 -0.0107112 -0.667466
-0.00567299 -0.0107112 -0.667466
-0.00536158 -0.0107112 -0.667466
-0.00598439 -0.0110227 -0.667465
-0.00567299 -0.0110227 -0.667465
-0.00536158 -0.0110227 -0.667466
-0.00598439 -0.0113341 -0.667464
-0.00567299 -0.0113341 -0.667465
-0.00536158 -0.0113341 -0.667465
-0.00598439 -0.0116455 -0.667464
-0.00567299 -0.0116455 -0.667464
-0.00536158 -0.0116455 -0.667464
-0.00598439 -0.0119569 -0.667463
-0.00567299 -0.0119569 -0.667463
-0.00536158 -0.0119569 -0.667463
-0.00598439 -0.0122683 -0.667462
-0.00567299 -0.0122683 -0.667463
-0.00536158 -0.0122683 -0.667463
-0.00598439 -0.0125797 -0.667462
-0.00567299 -0.0125797 -0.667462
-0.00536158 -0.0125797 -0.667462
-0.00598439 -0.0128911 -0.667461
-0.00567299 -0.0128911 -0.667461
-0.00536158 -0.0128911 -0.667461
-0.00598439 -0.0132025 -0.66746
-0.00567299 -0.0132025 -0.667461
-0.00536158 -0.0132025 -0.667461
-0.00598439 -0.0135139 -0.66746
-0.00567299 -0.0135139 -0.66746
-0.00536158 -0.0135139 -0.66746
-0.00598439 -0.0138253 -0.667459
-0.00567299 -0.0138253 -0.667459
-0.00536158 -0.0138253 -0.667459
-0.00598439 -0.0141367 -0.667458
-0.00567299 -0.0141367 -0.667458
-0.00536158 -0.0141367 -0.667459
-0.00598439 -0.0144481 -0.667458
-0.00567299 -0.0144481 -0.667458
-0.00536158 -0.0144481 -0.667458
-0.00598439 -0.0147595 -0.667457
-0.00567299 -0.0147595 -0.667457
-0.00536158 -0.0147595 -0.667457
-0.00598439 -0.0150709 -0.667456
-0.00567299 -0.0150709 -0.667456
-0.00536158 -0.0150709 -0.667457
-0.00598439 -0.0153823 -0.667455
-0.00567299 -0.0153823 -0.667456
-0.00536158 -0.0153823 -0.667456
-0.00598439 -0.0156937 -0.667455
-0.00567299 -0.0156937 -0.667455
-0.00536158 -0.0156937 -0.667455
-0.00598439 -0.0160052 -0.667454
-0.00567299 -0.0160052 -0.667454
-0.00536158 -0.0160052 -0.667454
-0.00598439 -0.0163166 -0.667453
-0.00567299 -0.0163166 -0.667454
-0.00536158 -0.0163166 -0.667454
-0.00598439 -0.016628 -0.667453
-0.00567299 -0.016628 -0.667453
-0.00536158 -0.016628 -0.667453
-0.00598439 -0.0169394 -0.667452
-0.00567299 -0.0169394 -0.667452
-0.00536158 -0.0169394 -0.667452
-0.00598439 -0.0172508 -0.667451
-0.00567299 -0.0172508 -0.667452
-0.00536158 -0.0172508 -0.667452
-0.00598439 -0.0175622 -0.667451
-0.00567299 -0.0175622 -0.667451
-0.00536158 -0.0175622 -0.667451
-0.00598439 -0.0178736 -0.66745
-0.00567299 -0.0178736 -0.66745
-0.00536158 -0.0178736 -0.66745
-0.00598439 -0.018185 -0.667449
-0.00567299 -0.018185 -0.667449
-0.00536158 -0.018185 -0.66745
-0.00598439 -0.0184964 -0.667449
-0.00567299 -0.0184964 -0.667449
-0.00536158 -0.0184964 -0.667449
-0.00598439 -0.0188078 -0.667448
-0.00567299 -0.0188078 -0.667448
-0.00536158 -0.0188078 -0.667448
-0.00598439 -0.0191192 -0.667447
-0.00567299 -0.0191192 -0.667447
-0.00536158 -0.0191192 -0.667448
-0.00598439 -0.0194306 -0.667446
-0.00567299 -0.0194306 -0.667447
-0.00536158 -0.0194306 -0.667447
-0.00598439 -0.019742 -0.667446
-0.00567299 -0.019742 -0.667446
-0.00536158 -0.019742 -0.667446
-0.00598439 -0.0200534 -0.667445
-0.00567299 -0.0200534 -0.667445
-0.00536158 -0.0200534 -0.667445
-0.00598439 -0.0203648 -0.667444
-0.00567299 -0.0203648 -0.667445
-0.00536158 -0.0203648 -0.667445
-0.00598439 -0.0206762 -0.667444
-0.00567299 -0.0206762 -0.667444
-0.00536158 -0.0206762 -0.667444
-0.00598439 -0.0209876 -0.667443
-0.00567299 -0.0209876 -0.667443
-0.00536158 -0.0209876 -0.667443
-0.00598439 -0.0212991 -0.667442
-0.00567299 -0.0212991 -0.667443
-0.00536158 -0.0212991 -0.667443
-0.00598439 -0.0216105 -0.667442
-0.00567299 -0.0216105 -0.667442
-0.00536158 -0.0216105 -0.667442
-0.00598439 -0.0219219 -0.667441
-0.00567299 -0.0219219 -0.667441
-0.00536158 -0.0219219 -0.667441
-0.00598439 -0.0222333 -0.66744
-0.00567299 -0.0222333 -0.66744
-0.00536158 -0.0222333 -0.667441
-0.00598439 -0.0225447 -0.66744
-0.00567299 -0.0225447 -0.66744
-0.00536158 -0.0225447 -0.66744
-0.00598439 -0.0228561 -0.667439
-0.00567299 -0.0228561 -0.667439
-0.00536158 -0.0228561 -0.667439
-0.00598439 -0.0231675 -0.667438
-0.00567299 -0.0231675 -0.667438
-0.00536158 -0.0231675 -0.667439
-0.00598439 -0.0234789 -0.667437
-0.00567299 -0.0234789 -0.667438
-0.00536158 -0.0234789 -0.667438
-0.00598439 -0.0237903 -0.667437
-0.00567299 -0.0237903 -0.667437
-0.00536158 -0.0237903 -0.667437
-0.00598439 -0.0241017 -0.667436
-0.00567299 -0.0241017 -0.667436
-0.00536158 -0.0241017 -0.667436
-0.00598439 -0.0244131 -0.667435
-0.00567299 -0.0244131 -0.667436
-0.00536158 -0.0244131 -0.667436
-0.00598439 -0.0247245 -0.667435
-0.00567299 -0.0247245 -0.667435
-0.00536158 -0.0247245 -0.667435
-0.00598439 -0.0250359 -0.667434
-0.00567299 -0.0250359 -0.667434
-0.00536158 -0.0250359 -0.667434
-0.00598439 -0.0253473 -0.667433
-0.00567299 -0.0253473 -0.667434
-0.00536158 -0.0253473 -0.667434
-0.00598439 -0.0256587 -0.667433
-0.00567299 -0.0256587 -0.667433
-0.00536158 -0.0256587 -0.667433
-0.00598439 -0.0259701 -0.667432
-0.00567299 -0.0259701 -0.667432
-0.00536158 -0.0259701 -0.667432
-0.00598439 -0.0262816 -0.667431
-0.00567299 -0.0262816 -0.667431
-0.00536158 -0.0262816 -0.667432
-0.00598439 -0.026593 -0.667431
-0.00567299 -0.026593 -0.667431
-0.00536158 -0.026593 -0.667431
-0.00598439 -0.0269044 -0.66743
-0.00567299 -0.0269044 -0.66743
-0.00536158 -0.0269044 -0.66743
-0.00598439 -0.0272158 -0.667429
-0.00567299 -0.0272158 -0.667429
-0.00536158 -0.0272158 -0.66743
-0.00598439 -0.0275272 -0.667428
-0.00567299 -0.0275272 -0.667429
-0.00536158 -0.0275272 -0.667429
-0.00598439 -0.0278386 -0.667428
-0.00567299 -0.0278386 -0.667428
-0.00536158 -0.0278386 -0.667428
-0.00598439 -0.02815 -0.667427
-0.00567299 -0.02815 -0.667427
-0.00536158 -0.02815 -0.667427
-0.00598439 -0.0284614 -0.667426
-0.00567299 -0.0284614 -0.667427
-0.00536158 -0.0284614 -0.667427
-0.00598439 -0.0287728 -0.667426
-0.00567299 -0.0287728 -0.667426
-0.00536158 -0.0287728 -0.667426
-0.00598439 -0.0290842 -0.667425
-0.00567299 -0.0290842 -0.667425
-0.00536158 -0.0290842 -0.667425
-0.00598439 -0.0293956 -0.667424
-0.00567299 -0.0293956 -0.667424
-0.00536158 -0.0293956 -0.667425
-0.00598439 -0.029707 -0.667424
-0.00567299 -0.029707 -0.667424
-0.00536158 -0.029707 -0.667424
-0.00598439 -0.0300184 -0.667423
-0.00567299 -0.0300184 -0.667423
-0.00536158 -0.0300184 -0.667423
-0.00598439 -0.0303298 -0.667422
-0.00567299 -0.0303298 -0.667422
-0.00536158 -0.0303298 -0.667423
-0.00598439 -0.0306412 -0.667422
-0.00567299 -0.0306412 -0.667422
-0.00536158 -0.0306412 -0.667422
-0.00598439 -0.0309526 -0.667421
-0.00567299 -0.0309526 -0.667421
-0.00536158 -0.0309526 -0.667421
-0.00598439 -0.031264 -0.66742
-0.00567299 -0.031264 -0.66742
-0.00536158 -0.031264 -0.667421
-0.00598439 -0.0315755 -0.667419
-0.00567299 -0.0315755 -0.66742
-0.00536158 -0.0315755 -0.66742
-0.00598439 -0.0318869 -0.667419
-0.00567299 -0.0318869 -0.667419
-0.00536158 -0.0318869 -0.667419
-0.00598439 -0.0321983 -0.667418
-0.00567299 -0.0321983 -0.667418
-0.00536158 -0.0321983 -0.667418
-0.00598439 -0.0325097 -0.667417
-0.00567299 -0.0325097 -0.667418
-0.00536158 -0.0325097 -0.667418
-0.00598439 -0.0328211 -0.667417
-0.00567299 -0.0328211 -0.667417
-0.00536158 -0.0328211 -0.667417
-0.00598439 -0.0331325 -0.667416
-0.00567299 -0.0331325 -0.667416
-0.00536158 -0.0331325 -0.667416
-0.00598439 -0.0334439 -0.667415
-0.00567299 -0.0334439 -0.667415
-0.00536158 -0.0334439 -0.667416
-0.00598439 -0.0337553 -0.667415
-0.00567299 -0.0337553 -0.667415
-0.00536158 -0.0337553 -0.667415
-0.00598439 -0.0340667 -0.667414
-0.00567299 -0.0340667 -0.667414
-0.00536158 -0.0340667 -0.667414
