-0.0112947 0.0502184 -0.614464
-0.0105795 0.0502184 -0.614464
-0.00986418 0.0502184 -0.614465
-0.0112947 0.0495031 -0.614465
-0.0105795 0.0495031 -0.614465
-0.00986418 0.0495031 -0.614466
-0.0112947 0.0487878 -0.614466
-0.0105795 0.0487878 -0.614466
-0.00986418 0.0487878 -0.614467
-0.0112947 0.0480726 -0.614467
-0.0105795 0.0480726 -0.614467
-0.00986418 0.0480726 -0.614468
-0.0112947 0.0473573 -0.614468
-0.0105795 0.0473573 -0.614468
-0.00986418 0.0473573 -0.614469
-0.0112947 0.046642 -0.614469
-0.0105795 0.046642 -0.614469
-0.00986418 0.046642 -0.61447
-0.0112947 0.0459267 -0.61447
-0.0105795 0.0459267 -0.61447
-0.00986418 0.0459267 -0.614471
-0.0112947 0.0452114 -0.614471
-0.0105795 0.0452114 -0.614472
-0.00986418 0.0452114 -0.614472
-0.0112947 0.0444962 -0.614472
-0.0105795 0.0444962 -0.614473
-0.00986418 0.0444962 -0.614473
-0.0112947 0.0437809 -0.614473
-0.0105795 0.0437809 -0.614474
-0.00986418 0.0437809 -0.614474
-0.0112947 0.0430656 -0.614474
-0.0105795 0.0430656 -0.614475
-0.00986418 0.0430656 -0.614475
-0.0112947 0.0423503 -0.614475
-0.0105795 0.0423503 -0.614476
-0.00986418 0.0423503 -0.614476
-0.0112947 0.041635 -0.614476
-0.0105795 0.041635 -0.614477
-0.00986418 0.041635 -0.614477
-0.0112947 0.0409198 -0.614477
-0.0105795 0.0409198 -0.614478
-0.00986418 0.0409198 -0.614478
-0.0112947 0.0402045 -0.614478
-0.0105795 0.0402045 -0.614479
-0.00986418 0.0402045 -0.614479
-0.0112947 0.0394892 -0.614479
-0.0105795 0.0394892 -0.61448
-0.00986418 0.0394892 -0.61448
-0.0112947 0.0387739 -0.61448
-0.0105795 0.0387739 -0.614481
-0.00986418 0.0387739 -0.614482
-0.0112947 0.0380586 -0.614481
-0.0105795 0.0380586 -0.614482
-0.00986418 0.0380586 -0.614483
-0.0112947 0.0373434 -0.614482
-0.0105795 0.0373434 -0.614483
-0.00986418 0.0373434 -0.614484
-0.0112947 0.0366281 -0.614483
-0.0105795 0.0366281 -0.614484
-0.00986418 0.0366281 -0.614485
-0.0112947 0.0359128 -0.614485
-0.0105795 0.0359128 -0.614485
-0.00986418 0.0359128 -0.614486
-0.0112947 0.0351975 -0.614486
-0.0105795 0.0351975 -0.614486
-0.00986418 0.0351975 -0.614487
-0.0112947 0.0344822 -0.614487
-0.0105795 0.0344822 -0.614487
-0.00986418 0.0344822 -0.614488
-0.0112947 0.033767 -0.614488
-0.0105795 0.033767 -0.614488
-0.00986418 0.033767 -0.614489
-0.0112947 0.0330517 -0.614489
-0.0105795 0.0330517 -0.614489
-0.00986418 0.0330517 -0.61449
-0.0112947 0.0323364 -0.61449
-0.0105795 0.0323364 -0.61449
-0.00986418 0.0323364 -0.614491
-0.0112947 0.0316211 -0.614491
-0.0105795 0.0316211 -0.614491
-0.00986418 0.0316211 -0.614492
-0.0112947 0.0309058 -0.614492
-0.0105795 0.0309058 -0.614492
-0.00986418 0.0309058 -0.614493
-0.0112947 0.0301906 -0.614493
-0.0105795 0.0301906 -0.614493
-0.00986418 0.0301906 -0.614494
-0.0112947 0.0294753 -0.614494
-0.0105795 0.0294753 -0.614495
-0.00986418 0.0294753 -0.614495
-0.0112947 0.02876 -0.614495
-0.0105795 0.02876 -0.614496
-0.00986418 0.02876 -0.614496
-0.0112947 0.0280447 -0.614496
-0.0105795 0.0280447 -0.614497
-0.00986418 0.0280447 -0.614497
-0.0112947 0.0273294 -0.614497
-0.0105795 0.0273294 -0.614498
-0.00986418 0.0273294 -0.614498
-0.0112947 0.0266142 -0.614498
-0.0105795 0.0266142 -0.614499
-0.00986418 0.0266142 -0.614499
-0.0112947 0.0258989 -0.614499
-0.0105795 0.0258989 -0.6145
-0.00986418 0.0258989 -0.6145
-0.0112947 0.0251836 -0.6145
-0.0105795 0.0251836 -0.614501
-0.00986418 0.0251836 -0.614501
-0.0112947 0.0244683 -0.614501
-0.0105795 0.0244683 -0.614502
-0.00986418 0.0244683 -0.614502
-0.0112947 0.023753 -0.614502
-0.0105795 0.023753 -0.614503
-0.00986418 0.023753 -0.614504
-0.0112947 0.0230378 -0.614503
-0.0105795 0.0230378 -0.614504
-0.00986418 0.0230378 -0.614505
-0.0112947 0.0223225 -0.614504
-0.0105795 0.0223225 -0.614505
-0.00986418 0.0223225 -0.614506
-0.0112947 0.0216072 -0.614505
-0.0105795 0.0216072 -0.614506
-0.00986418 0.0216072 -0.614507
-0.0112947 0.0208919 -0.614506
-0.0105795 0.0208919 -0.614507
-0.00986418 0.0208919 -0.614508
-0.0112947 0.0201767 -0.614507
-0.0105795 0.0201767 -0.614508
-0.00986418 0.0201767 -0.614509
-0.0112947 0.0194614 -0.614509
-0.0105795 0.0194614 -0.614509
-0.00986418 0.0194614 -0.61451
-0.0112947 0.0187461 -0.61451
-0.0105795 0.0187461 -0.61451
-0.00986418 0.0187461 -0.614511
-0.0112947 0.0180308 -0.614511
-0.0105795 0.0180308 -0.614511
-0.00986418 0.0180308 -0.614512
-0.0112947 0.0173155 -0.614512
-0.0105795 0.0173155 -0.614512
-0.00986418 0.0173155 -0.614513
-0.0112947 0.0166003 -0.614513
-0.0105795 0.0166003 -0.614513
-0.00986418 0.0166003 -0.614514
-0.0112947 0.015885 -0.614514
-0.0105795 0.015885 -0.614514
-0.00986418 0.015885 -0.614515
-0.0112947 0.0151697 -0.614515
-0.0105795 0.0151697 -0.614515
-0.00986418 0.0151697 -0.614516
-0.0112947 0.0144544 -0.614516
-0.0105795 0.0144544 -0.614516
-0.00986418 0.0144544 -0.614517
-0.0112947 0.0137391 -0.614517
-0.0105795 0.0137391 -0.614518
-0.00986418 0.0137391 -0.614518
-0.0112947 0.0130239 -0.614518
-0.0105795 0.0130239 -0.614519
-0.00986418 0.0130239 -0.614519
-0.0112947 0.0123086 -0.614519
-0.0105795 0.0123086 -0.61452
-0.00986418 0.0123086 -0.61452
-0.0112947 0.0115933 -0.61452
-0.0105795 0.0115933 -0.614521
-0.00986418 0.0115933 -0.614521
-0.0112947 0.010878 -0.614521
-0.0105795 0.010878 -0.614522
-0.00986418 0.010878 -0.614522
-0.0112947 0.0101627 -0.614522
-0.0105795 0.0101627 -0.614523
-0.00986418 0.0101627 -0.614523
-0.0112947 0.00944745 -0.614523
-0.0105795 0.00944745 -0.614524
-0.00986418 0.00944745 -0.614524
-0.0112947 0.00873217 -0.614524
-0.0105795 0.00873217 -0.614525
-0.00986418 0.00873217 -0.614525
-0.0112947 0.00801689 -0.614525
-0.0105795 0.00801689 -0.614526
-0.00986418 0.00801689 -0.614526
-0.0112947 0.00730161 -0.614526
-0.0105795 0.00730161 -0.614527
-0.00986418 0.00730161 -0.614528
-0.0112947 0.00658633 -0.614527
-0.0105795 0.00658633 -0.614528
-0.00986418 0.00658633 -0.614529
-0.0112947 0.00587105 -0.614528
-0.0105795 0.00587105 -0.614529
-0.00986418 0.00587105 -0.61453
-0.0112947 0.00515577 -0.614529
-0.0105795 0.00515577 -0.61453
-0.00986418 0.00515577 -0.614531
-0.0112947 0.00444049 -0.614531
-0.0105795 0.00444049 -0.614531
-0.00986418 0.00444049 -0.614532
-0.0112947 0.00372521 -0.614532
-0.0105795 0.00372521 -0.614532
-0.00986418 0.00372521 -0.614533
-0.0112947 0.00300994 -0.614533
-0.0105795 0.00300994 -0.614533
-0.00986418 0.00300994 -0.614534
-0.0112947 0.00229466 -0.614534
-0.0105795 0.00229466 -0.614534
-0.00986418 0.00229466 -0.614535
-0.0112947 0.00157938 -0.614535
-0.0105795 0.00157938 -0.614535
-0.00986418 0.00157938 -0.614536
-0.0112947 0.000864096 -0.614536
-0.0105795 0.000864096 -0.614536
-0.00986418 0.000864096 -0.614537
-0.0112947 0.000148816 -0.614537
-0.0105795 0.000148816 -0.614537
-0.00986418 0.000148816 -0.614538
-0.0112947 -0.000566464 -0.614538
-0.0105795 -0.000566464 -0.614538
-0.00986418 -0.000566464 -0.614539
-0.0112947 -0.00128174 -0.614539
-0.0105795 -0.00128174 -0.614539
-0.00986418 -0.00128174 -0.61454
-0.0112947 -0.00199702 -0.61454
-0.0105795 -0.00199702 -0.614541
-0.00986418 -0.00199702 -0.614541
-0.0112947 -0.0027123 -0.614541
-0.0105795 -0.0027123 -0.614542
-0.00986418 -0.0027123 -0.614542
-0.0112947 -0.00342758 -0.614542
-0.0105795 -0.00342758 -0.614543
-0.00986418 -0.00342758 -0.614543
-0.0112947 -0.00414286 -0.614543
-0.0105795 -0.00414286 -0.614544
-0.00986418 -0.00414286 -0.614544
-0.0112947 -0.00485814 -0.614544
-0.0105795 -0.00485814 -0.614545
-0.00986418 -0.00485814 -0.614545
-0.0112947 -0.00557342 -0.614545
-0.0105795 -0.00557342 -0.614546
-0.00986418 -0.00557342 -0.614546
-0.0112947 -0.0062887 -0.614546
-0.0105795 -0.0062887 -0.614547
-0.00986418 -0.0062887 -0.614547
-0.0112947 -0.00700398 -0.614547
-0.0105795 -0.00700398 -0.614548
-0.00986418 -0.00700398 -0.614548
-0.0112947 -0.00771926 -0.614548
-0.0105795 -0.00771926 -0.614549
-0.00986418 -0.00771926 -0.614549
-0.0112947 -0.00843454 -0.614549
-0.0105795 -0.00843454 -0.61455
-0.00986418 -0.00843454 -0.614551
-0.0112947 -0.00914982 -0.61455
-0.0105795 -0.00914982 -0.614551
-0.00986418 -0.00914982 -0.614552
-0.0112947 -0.0098651 -0.614551
-0.0105795 -0.0098651 -0.614552
-0.00986418 -0.0098651 -0.614553
-0.0112947 -0.0105804 -0.614552
-0.0105795 -0.0105804 -0.614553
-0.00986418 -0.0105804 -0.614554
-0.0112947 -0.0112957 -0.614554
-0.0105795 -0.0112957 -0.614554
-0.00986418 -0.0112957 -0.614555
-0.0112947 -0.0120109 -0.614555
-0.0105795 -0.0120109 -0.614555
-0.00986418 -0.0120109 -0.614556
-0.0112947 -0.0127262 -0.614556
-0.0105795 -0.0127262 -0.614556
-0.00986418 -0.0127262 -0.614557
-0.0112947 -0.0134415 -0.614557
-0.0105795 -0.0134415 -0.614557
-0.00986418 -0.0134415 -0.614558
-0.0112947 -0.0141568 -0.614558
-0.0105795 -0.0141568 -0.614558
-0.00986418 -0.0141568 -0.614559
-0.0112947 -0.0148721 -0.614559
-0.0105795 -0.0148721 -0.614559
-0.00986418 -0.0148721 -0.61456
-0.0112947 -0.0155873 -0.61456
-0.0105795 -0.0155873 -0.61456
-0.00986418 -0.0155873 -0.614561
-0.0112947 -0.0163026 -0.614561
-0.0105795 -0.0163026 -0.614561
-0.00986418 -0.0163026 -0.614562
-0.0112947 -0.0170179 -0.614562
-0.0105795 -0.0170179 -0.614562
-0.00986418 -0.0170179 -0.614563
-0.0112947 -0.0177332 -0.614563
-0.0105795 -0.0177332 -0.614563
-0.00986418 -0.0177332 -0.614564
-0.0112947 -0.0184485 -0.614564
-0.0105795 -0.0184485 -0.614565
-0.00986418 -0.0184485 -0.614565
-0.0112947 -0.0191637 -0.614565
-0.0105795 -0.0191637 -0.614566
-0.00986418 -0.0191637 -0.614566
-0.0112947 -0.019879 -0.614566
-0.0105795 -0.019879 -0.614567
-0.00986418 -0.019879 -0.614567
-0.0112947 -0.0205943 -0.614567
-0.0105795 -0.0205943 -0.614568
-0.00986418 -0.0205943 -0.614568
-0.0112947 -0.0213096 -0.614568
-0.0105795 -0.0213096 -0.614569
-0.00986418 -0.0213096 -0.614569
-0.0112947 -0.0220249 -0.614569
-0.0105795 -0.0220249 -0.61457
-0.00986418 -0.0220249 -0.61457
-0.0112947 -0.0227401 -0.61457
-0.0105795 -0.0227401 -0.614571
-0.00986418 -0.0227401 -0.614571
-0.0112947 -0.0234554 -0.614571
-0.0105795 -0.0234554 -0.614572
-0.00986418 -0.0234554 -0.614572
-0.0112947 -0.0241707 -0.614572
-0.0105795 -0.0241707 -0.614573
-0.00986418 -0.0241707 -0.614573
-0.0112947 -0.024886 -0.614573
-0.0105795 -0.024886 -0.614574
-0.00986418 -0.024886 -0.614575
-0.0112947 -0.0256013 -0.614574
-0.0105795 -0.0256013 -0.614575
-0.00986418 -0.0256013 -0.614576
-0.0112947 -0.0263165 -0.614575
-0.0105795 -0.0263165 -0.614576
-0.00986418 -0.0263165 -0.614577
-0.0112947 -0.0270318 -0.614576
-0.0105795 -0.0270318 -0.614577
-0.00986418 -0.0270318 -0.614578
-0.0112947 -0.0277471 -0.614578
-0.0105795 -0.0277471 -0.614578
-0.00986418 -0.0277471 -0.614579
-0.0112947 -0.0284624 -0.614579
-0.0105795 -0.0284624 -0.614579
-0.00986418 -0.0284624 -0.61458
