-0.00586983 0.00408145 -0.856747
-0.00587668 0.00408145 -0.85675
-0.00588353 0.00408145 -0.856752
-0.00586983 0.0040883 -0.856748
-0.00587668 0.0040883 -0.85675
-0.00588353 0.0040883 -0.856753
-0.00586983 0.00409515 -0.856748
-0.00587668 0.00409515 -0.856751
-0.00588353 0.00409515 -0.856753
-0.00586983 0.00410201 -0.856749
-0.00587668 0.00410201 -0.856751
-0.00588353 0.00410201 -0.856754
-0.00586983 0.00410886 -0.856749
-0.00587668 0.00410886 -0.856752
-0.00588353 0.00410886 -0.856754
-0.00586983 0.00411571 -0.85675
-0.00587668 0.00411571 -0.856752
-0.00588353 0.00411571 -0.856755
-0.00586983 0.00412256 -0.85675
-0.00587668 0.00412256 -0.856753
-0.00588353 0.00412256 -0.856755
-0.00586983 0.00412941 -0.856751
-0.00587668 0.00412941 -0.856753
-0.00588353 0.00412941 -0.856756
-0.00586983 0.00413626 -0.856751
-0.00587668 0.00413626 -0.856754
-0.00588353 0.00413626 -0.856756
-0.00586983 0.00414312 -0.856752
-0.00587668 0.00414312 -0.856754
-0.00588353 0.00414312 -0.856757
-0.00586983 0.00414997 -0.856753
-0.00587668 0.00414997 -0.856755
-0.00588353 0.00414997 -0.856757
-0.00586983 0.00415682 -0.856753
-0.00587668 0.00415682 -0.856755
-0.00588353 0.00415682 -0.856758
-0.00586983 0.00416367 -0.856754
-0.00587668 0.00416367 -0.856756
-0.00588353 0.00416367 -0.856759
-0.00586983 0.00417052 -0.856754
-0.00587668 0.00417052 -0.856757
-0.00588353 0.00417052 -0.856759
-0.00586983 0.00417738 -0.856755
-0.00587668 0.00417738 -0.856757
-0.00588353 0.00417738 -0.85676
-0.00586983 0.00418423 -0.856755
-0.00587668 0.00418423 -0.856758
-0.00588353 0.00418423 -0.85676
-0.00586983 0.00419108 -0.856756
-0.00587668 0.00419108 -0.856758
-0.00588353 0.00419108 -0.856761
-0.00586983 0.00419793 -0.856756
-0.00587668 0.00419793 -0.856759
-0.00588353 0.00419793 -0.856761
-0.00586983 0.00420478 -0.856757
-0.00587668 0.00420478 -0.856759
-0.00588353 0.00420478 -0.856762
-0.00586983 0.00421163 -0.856757
-0.00587668 0.00421163 -0.85676
-0.00588353 0.00421163 -0.856762
-0.00586983 0.00421849 -0.856758
-0.00587668 0.00421849 -0.85676
-0.00588353 0.00421849 -0.856763
-0.00586983 0.00422534 -0.856758
-0.00587668 0.00422534 -0.856761
-0.00588353 0.00422534 -0.856763
-0.00586983 0.00423219 -0.856759
-0.00587668 0.00423219 -0.856761
-0.00588353 0.00423219 -0.856764
-0.00586983 0.00423904 -0.856759
-0.00587668 0.00423904 -0.856762
-0.00588353 0.00423904 -0.856764
-0.00586983 0.00424589 -0.85676
-0.00587668 0.00424589 -0.856762
-0.00588353 0.00424589 -0.856765
-0.00586983 0.00425275 -0.85676
-0.00587668 0.00425275 -0.856763
-0.00588353 0.00425275 -0.856765
-0.00586983 0.0042596 -0.856761
-0.00587668 0.0042596 -0.856763
-0.00588353 0.0042596 -0.856766
-0.00586983 0.00426645 -0.856761
-0.00587668 0.00426645 -0.856764
-0.00588353 0.00426645 -0.856766
-0.00586983 0.0042733 -0.856762
-0.00587668 0.0042733 -0.856764
-0.00588353 0.0042733 -0.856767
-0.00586983 0.00428015 -0.856762
-0.00587668 0.00428015 -0.856765
-0.00588353 0.00428015 -0.856767
-0.00586983 0.004287 -0.856763
-0.00587668 0.004287 -0.856765
-0.00588353 0.004287 -0.856768
-0.00586983 0.00429386 -0.856763
-0.00587668 0.00429386 -0.856766
-0.00588353 0.00429386 -0.856768
-0.00586983 0.00430071 -0.856764
-0.00587668 0.00430071 -0.856766
-0.00588353 0.00430071 -0.856769
-0.00586983 0.00430756 -0.856764
-0.00587668 0.00430756 -0.856767
-0.00588353 0.00430756 -0.856769
-0.00586983 0.00431441 -0.856765
-0.00587668 0.00431441 -0.856767
-0.00588353 0.00431441 -0.85677
-0.00586983 0.00432126 -0.856765
-0.00587668 0.00432126 -0.856768
-0.00588353 0.00432126 -0.85677
-0.00586983 0.00432812 -0.856766
-0.00587668 0.00432812 -0.856768
-0.00588353 0.00432812 -0.856771
-0.00586983 0.00433497 -0.856767
-0.00587668 0.00433497 -0.856769
-0.00588353 0.00433497 -0.856772
-0.00586983 0.00434182 -0.856767
-0.00587668 0.00434182 -0.85677
-0.00588353 0.00434182 -0.856772
-0.00586983 0.00434867 -0.856768
-0.00587668 0.00434867 -0.85677
-0.00588353 0.00434867 -0.856773
-0.00586983 0.00435552 -0.856768
-0.00587668 0.00435552 -0.856771
-0.00588353 0.00435552 -0.856773
-0.00586983 0.00436237 -0.856769
-0.00587668 0.00436237 -0.856771
-0.00588353 0.00436237 -0.856774
-0.00586983 0.00436923 -0.856769
-0.00587668 0.00436923 -0.856772
-0.00588353 0.00436923 -0.856774
-0.00586983 0.00437608 -0.85677
-0.00587668 0.00437608 -0.856772
-0.00588353 0.00437608 -0.856775
-0.00586983 0.00438293 -0.85677
-0.00587668 0.00438293 -0.856773
-0.00588353 0.00438293 -0.856775
-0.00586983 0.00438978 -0.856771
-0.00587668 0.00438978 -0.856773
-0.00588353 0.00438978 -0.856776
-0.00586983 0.00439663 -0.856771
-0.00587668 0.00439663 -0.856774
-0.00588353 0.00439663 -0.856776
-0.00586983 0.00440349 -0.856772
-0.00587668 0.00440349 -0.856774
-0.00588353 0.00440349 -0.856777
-0.00586983 0.00441034 -0.856772
-0.00587668 0.00441034 -0.856775
-0.00588353 0.00441034 -0.856777
-0.00586983 0.00441719 -0.856773
-0.00587668 0.00441719 -0.856775
-0.00588353 0.00441719 -0.856778
-0.00586983 0.00442404 -0.856773
-0.00587668 0.00442404 -0.856776
-0.00588353 0.00442404 -0.856778
-0.00586983 0.00443089 -0.856774
-0.00587668 0.00443089 -0.856776
-0.00588353 0.00443089 -0.856779
-0.00586983 0.00443774 -0.856774
-0.00587668 0.00443774 -0.856777
-0.00588353 0.00443774 -0.856779
-0.00586983 0.0044446 -0.856775
-0.00587668 0.0044446 -0.856777
-0.00588353 0.0044446 -0.85678
-0.00586983 0.00445145 -0.856775
-0.00587668 0.00445145 -0.856778
-0.00588353 0.00445145 -0.85678
-0.00586983 0.0044583 -0.856776
-0.00587668 0.0044583 -0.856778
-0.00588353 0.0044583 -0.856781
-0.00586983 0.00446515 -0.856776
-0.00587668 0.00446515 -0.856779
-0.00588353 0.00446515 -0.856781
-0.00586983 0.004472 -0.856777
-0.00587668 0.004472 -0.856779
-0.00588353 0.004472 -0.856782
-0.00586983 0.00447886 -0.856777
-0.00587668 0.00447886 -0.85678
-0.00588353 0.00447886 -0.856782
-0.00586983 0.00448571 -0.856778
-0.00587668 0.00448571 -0.85678
-0.00588353 0.00448571 -0.856783
-0.00586983 0.00449256 -0.856778
-0.00587668 0.00449256 -0.856781
-0.00588353 0.00449256 -0.856783
-0.00586983 0.00449941 -0.856779
-0.00587668 0.00449941 -0.856781
-0.00588353 0.00449941 -0.856784
-0.00586983 0.00450626 -0.85678
-0.00587668 0.00450626 -0.856782
-0.00588353 0.00450626 -0.856785
-0.00586983 0.00451311 -0.85678
-0.00587668 0.00451311 -0.856782
-0.00588353 0.00451311 -0.856785
-0.00586983 0.00451997 -0.856781
-0.00587668 0.00451997 -0.856783
-0.00588353 0.00451997 -0.856786
-0.00586983 0.00452682 -0.856781
-0.00587668 0.00452682 -0.856784
-0.00588353 0.00452682 -0.856786
-0.00586983 0.00453367 -0.856782
-0.00587668 0.00453367 -0.856784
-0.00588353 0.00453367 -0.856787
-0.00586983 0.00454052 -0.856782
-0.00587668 0.00454052 -0.856785
-0.00588353 0.00454052 -0.856787
-0.00586983 0.00454737 -0.856783
-0.00587668 0.00454737 -0.856785
-0.00588353 0.00454737 -0.856788
-0.00586983 0.00455423 -0.856783
-0.00587668 0.00455423 -0.856786
-0.00588353 0.00455423 -0.856788
-0.00586983 0.00456108 -0.856784
-0.00587668 0.00456108 -0.856786
-0.00588353 0.00456108 -0.856789
-0.00586983 0.00456793 -0.856784
-0.00587668 0.00456793 -0.856787
-0.00588353 0.00456793 -0.856789
-0.00586983 0.00457478 -0.856785
-0.00587668 0.00457478 -0.856787
-0.00588353 0.00457478 -0.85679
-0.00586983 0.00458163 -0.856785
-0.00587668 0.00458163 -0.856788
-0.00588353 0.00458163 -0.85679
-0.00586983 0.00458848 -0.856786
-0.00587668 0.00458848 -0.856788
-0.00588353 0.00458848 -0.856791
-0.00586983 0.00459534 -0.856786
-0.00587668 0.00459534 -0.856789
-0.00588353 0.00459534 -0.856791
-0.00586983 0.00460219 -0.856787
-0.00587668 0.00460219 -0.856789
-0.00588353 0.00460219 -0.856792
-0.00586983 0.00460904 -0.856787
-0.00587668 0.00460904 -0.85679
-0.00588353 0.00460904 -0.856792
-0.00586983 0.00461589 -0.856788
-0.00587668 0.00461589 -0.85679
-0.00588353 0.00461589 -0.856793
-0.00586983 0.00462274 -0.856788
-0.00587668 0.00462274 -0.856791
-0.00588353 0.00462274 -0.856793
-0.00586983 0.0046296 -0.856789
-0.00587668 0.0046296 -0.856791
-0.00588353 0.0046296 -0.856794
-0.00586983 0.00463645 -0.856789
-0.00587668 0.00463645 -0.856792
-0.00588353 0.00463645 -0.856794
-0.00586983 0.0046433 -0.85679
-0.00587668 0.0046433 -0.856792
-0.00588353 0.0046433 -0.856795
-0.00586983 0.00465015 -0.85679
-0.00587668 0.00465015 -0.856793
-0.00588353 0.00465015 -0.856795
-0.00586983 0.004657 -0.856791
-0.00587668 0.004657 -0.856793
-0.00588353 0.004657 -0.856796
-0.00586983 0.00466385 -0.856791
-0.00587668 0.00466385 -0.856794
-0.00588353 0.00466385 -0.856796
-0.00586983 0.00467071 -0.856792
-0.00587668 0.00467071 -0.856794
-0.00588353 0.00467071 -0.856797
-0.00586983 0.00467756 -0.856793
-0.00587668 0.00467756 -0.856795
-0.00588353 0.00467756 -0.856797
-0.00586983 0.00468441 -0.856793
-0.00587668 0.00468441 -0.856795
-0.00588353 0.00468441 -0.856798
-0.00586983 0.00469126 -0.856794
-0.00587668 0.00469126 -0.856796
-0.00588353 0.00469126 -0.856799
-0.00586983 0.00469811 -0.856794
-0.00587668 0.00469811 -0.856797
-0.00588353 0.00469811 -0.856799
-0.00586983 0.00470497 -0.856795
-0.00587668 0.00470497 -0.856797
-0.00588353 0.00470497 -0.8568
-0.00586983 0.00471182 -0.856795
-0.00587668 0.00471182 -0.856798
-0.00588353 0.00471182 -0.8568
-0.00586983 0.00471867 -0.856796
-0.00587668 0.00471867 -0.856798
-0.00588353 0.00471867 -0.856801
-0.00586983 0.00472552 -0.856796
-0.00587668 0.00472552 -0.856799
-0.00588353 0.00472552 -0.856801
-0.00586983 0.00473237 -0.856797
-0.00587668 0.00473237 -0.856799
-0.00588353 0.00473237 -0.856802
-0.00586983 0.00473922 -0.856797
-0.00587668 0.00473922 -0.8568
-0.00588353 0.00473922 -0.856802
-0.00586983 0.00474608 -0.856798
-0.00587668 0.00474608 -0.8568
-0.00588353 0.00474608 -0.856803
-0.00586983 0.00475293 -0.856798
-0.00587668 0.00475293 -0.856801
-0.00588353 0.00475293 -0.856803
-0.00586983 0.00475978 -0.856799
-0.00587668 0.00475978 -0.856801
-0.00588353 0.00475978 -0.856804
-0.00586983 0.00476663 -0.856799
-0.00587668 0.00476663 -0.856802
-0.00588353 0.00476663 -0.856804
-0.00586983 0.00477348 -0.8568
-0.00587668 0.00477348 -0.856802
-0.00588353 0.00477348 -0.856805
-0.00586983 0.00478034 -0.8568
-0.00587668 0.00478034 -0.856803
-0.00588353 0.00478034 -0.856805
-0.00586983 0.00478719 -0.856801
-0.00587668 0.00478719 -0.856803
-0.00588353 0.00478719 -0.856806
-0.00586983 0.00479404 -0.856801
-0.00587668 0.00479404 -0.856804
-0.00588353 0.00479404 -0.856806
-0.00586983 0.00480089 -0.856802
-0.00587668 0.00480089 -0.856804
-0.00588353 0.00480089 -0.856807
-0.00586983 0.00480774 -0.856802
-0.00587668 0.00480774 -0.856805
-0.00588353 0.00480774 -0.856807
-0.00586983 0.00481459 -0.856803
-0.00587668 0.00481459 -0.856805
-0.00588353 0.00481459 -0.856808
-0.00586983 0.00482145 -0.856803
-0.00587668 0.00482145 -0.856806
-0.00588353 0.00482145 -0.856808
-0.00586983 0.0048283 -0.856804
-0.00587668 0.0048283 -0.856806
-0.00588353 0.0048283 -0.856809
-0.00586983 0.00483515 -0.856804
-0.00587668 0.00483515 -0.856807
-0.00588353 0.00483515 -0.856809
