-0.01314 0.0405772 -0.744011
-0.0123409 0.0405772 -0.744013
-0.0115419 0.0405772 -0.744014
-0.01314 0.0397781 -0.744012
-0.0123409 0.0397781 -0.744013
-0.0115419 0.0397781 -0.744015
-0.01314 0.038979 -0.744012
-0.0123409 0.038979 -0.744014
-0.0115419 0.038979 -0.744015
-0.01314 0.0381799 -0.744013
-0.0123409 0.0381799 -0.744015
-0.0115419 0.0381799 -0.744016
-0.01314 0.0373809 -0.744014
-0.0123409 0.0373809 -0.744015
-0.0115419 0.0373809 -0.744017
-0.01314 0.0365818 -0.744015
-0.0123409 0.0365818 -0.744016
-0.0115419 0.0365818 -0.744018
-0.01314 0.0357827 -0.744015
-0.0123409 0.0357827 -0.744017
-0.0115419 0.0357827 -0.744018
-0.01314 0.0349837 -0.744016
-0.0123409 0.0349837 -0.744018
-0.0115419 0.0349837 -0.744019
-0.01314 0.0341846 -0.744017
-0.0123409 0.0341846 -0.744018
-0.0115419 0.0341846 -0.74402
-0.01314 0.0333855 -0.744017
-0.0123409 0.0333855 -0.744019
-0.0115419 0.0333855 -0.74402
-0.01314 0.0325865 -0.744018
-0.0123409 0.0325865 -0.74402
-0.0115419 0.0325865 -0.744021
-0.01314 0.0317874 -0.744019
-0.0123409 0.0317874 -0.74402
-0.0115419 0.0317874 -0.744022
-0.01314 0.0309883 -0.74402
-0.0123409 0.0309883 -0.744021
-0.0115419 0.0309883 -0.744023
-0.01314 0.0301893 -0.74402
-0.0123409 0.0301893 -0.744022
-0.0115419 0.0301893 -0.744023
-0.01314 0.0293902 -0.744021
-0.0123409 0.0293902 -0.744023
-0.0115419 0.0293902 -0.744024
-0.01314 0.0285911 -0.744022
-0.0123409 0.0285911 -0.744023
-0.0115419 0.0285911 -0.744025
-0.01314 0.027792 -0.744022
-0.0123409 0.027792 -0.744024
-0.0115419 0.027792 -0.744025
-0.01314 0.026993 -0.744023
-0.0123409 0.026993 -0.744025
-0.0115419 0.026993 -0.744026
-0.01314 0.0261939 -0.744024
-0.0123409 0.0261939 -0.744025
-0.0115419 0.0261939 -0.744027
-0.01314 0.0253948 -0.744025
-0.0123409 0.0253948 -0.744026
-0.0115419 0.0253948 -0.744028
-0.01314 0.0245958 -0.744025
-0.0123409 0.0245958 -0.744027
-0.0115419 0.0245958 -0.744028
-0.01314 0.0237967 -0.744026
-0.0123409 0.0237967 -0.744028
-0.0115419 0.0237967 -0.744029
-0.01314 0.0229976 -0.744027
-0.0123409 0.0229976 -0.744028
-0.0115419 0.0229976 -0.74403
-0.01314 0.0221986 -0.744027
-0.0123409 0.0221986 -0.744029
-0.0115419 0.0221986 -0.74403
-0.01314 0.0213995 -0.744028
-0.0123409 0.0213995 -0.74403
-0.0115419 0.0213995 -0.744031
-0.01314 0.0206004 -0.744029
-0.0123409 0.0206004 -0.74403
-0.0115419 0.0206004 -0.744032
-0.01314 0.0198014 -0.74403
-0.0123409 0.0198014 -0.744031
-0.0115419 0.0198014 -0.744033
-0.01314 0.0190023 -0.74403
-0.0123409 0.0190023 -0.744032
-0.0115419 0.0190023 -0.744033
-0.01314 0.0182032 -0.744031
-0.0123409 0.0182032 -0.744033
-0.0115419 0.0182032 -0.744034
-0.01314 0.0174041 -0.744032
-0.0123409 0.0174041 -0.744033
-0.0115419 0.0174041 -0.744035
-0.01314 0.0166051 -0.744032
-0.0123409 0.0166051 -0.744034
-0.0115419 0.0166051 -0.744035
-0.01314 0.015806 -0.744033
-0.0123409 0.015806 -0.744035
-0.0115419 0.015806 -0.744036
-0.01314 0.0150069 -0.744034
-0.0123409 0.0150069 -0.744035
-0.0115419 0.0150069 -0.744037
-0.01314 0.0142079 -0.744035
-0.0123409 0.0142079 -0.744036
-0.0115419 0.0142079 -0.744038
-0.01314 0.0134088 -0.744035
-0.0123409 0.0134088 -0.744037
-0.0115419 0.0134088 -0.744038
-0.01314 0.0126097 -0.744036
-0.0123409 0.0126097 -0.744038
-0.0115419 0.0126097 -0.744039
-0.01314 0.0118107 -0.744037
-0.0123409 0.0118107 -0.744038
-0.0115419 0.0118107 -0.74404
-0.01314 0.0110116 -0.744037
-0.0123409 0.0110116 -0.744039
-0.0115419 0.0110116 -0.74404
-0.01314 0.0102125 -0.744038
-0.0123409 0.0102125 -0.74404
-0.0115419 0.0102125 -0.744041
-0.01314 0.00941345 -0.744039
-0.0123409 0.00941345 -0.74404
-0.0115419 0.00941345 -0.744042
-0.01314 0.00861438 -0.74404
-0.0123409 0.00861438 -0.744041
-0.0115419 0.00861438 -0.744043
-0.01314 0.00781531 -0.74404
-0.0123409 0.00781531 -0.744042
-0.0115419 0.00781531 -0.744043
-0.01314 0.00701624 -0.744041
-0.0123409 0.00701624 -0.744043
-0.0115419 0.00701624 -0.744044
-0.01314 0.00621717 -0.744042
-0.0123409 0.00621717 -0.744043
-0.0115419 0.00621717 -0.744045
-0.01314 0.0054181 -0.744042
-0.0123409 0.0054181 -0.744044
-0.0115419 0.0054181 -0.744045
-0.01314 0.00461903 -0.744043
-0.0123409 0.00461903 -0.744045
-0.0115419 0.00461903 -0.744046
-0.01314 0.00381997 -0.744044
-0.0123409 0.00381997 -0.744045
-0.0115419 0.00381997 -0.744047
-0.01314 0.0030209 -0.744045
-0.0123409 0.0030209 -0.744046
-0.0115419 0.0030209 -0.744048
-0.01314 0.00222183 -0.744045
-0.0123409 0.00222183 -0.744047
-0.0115419 0.00222183 -0.744048
-0.01314 0.00142276 -0.744046
-0.0123409 0.00142276 -0.744047
-0.0115419 0.00142276 -0.744049
-0.01314 0.000623689 -0.744047
-0.0123409 0.000623689 -0.744048
-0.0115419 0.000623689 -0.74405
-0.01314 -0.000175381 -0.744047
-0.0123409 -0.000175381 -0.744049
-0.0115419 -0.000175381 -0.74405
-0.01314 -0.00097445 -0.744048
-0.0123409 -0.00097445 -0.74405
-0.0115419 -0.00097445 -0.744051
-0.01314 -0.00177352 -0.744049
-0.0123409 -0.00177352 -0.74405
-0.0115419 -0.00177352 -0.744052
-0.01314 -0.00257259 -0.74405
-0.0123409 -0.00257259 -0.744051
-0.0115419 -0.00257259 -0.744053
-0.01314 -0.00337166 -0.74405
-0.0123409 -0.00337166 -0.744052
-0.0115419 -0.00337166 -0.744053
-0.01314 -0.00417073 -0.744051
-0.0123409 -0.00417073 -0.744052
-0.0115419 -0.00417073 -0.744054
-0.01314 -0.0049698 -0.744052
-0.0123409 -0.0049698 -0.744053
-0.0115419 -0.0049698 -0.744055
-0.01314 -0.00576887 -0.744052
-0.0123409 -0.00576887 -0.744054
-0.0115419 -0.00576887 -0.744055
-0.01314 -0.00656793 -0.744053
-0.0123409 -0.00656793 -0.744055
-0.0115419 -0.00656793 -0.744056
-0.01314 -0.007367 -0.744054
-0.0123409 -0.007367 -0.744055
-0.0115419 -0.007367 -0.744057
-0.01314 -0.00816607 -0.744055
-0.0123409 -0.00816607 -0.744056
-0.0115419 -0.00816607 -0.744058
-0.01314 -0.00896514 -0.744055
-0.0123409 -0.00896514 -0.744057
-0.0115419 -0.00896514 -0.744058
-0.01314 -0.00976421 -0.744056
-0.0123409 -0.00976421 -0.744057
-0.0115419 -0.00976421 -0.744059
-0.01314 -0.0105633 -0.744057
-0.0123409 -0.0105633 -0.744058
-0.0115419 -0.0105633 -0.74406
-0.01314 -0.0113624 -0.744057
-0.0123409 -0.0113624 -0.744059
-0.0115419 -0.0113624 -0.74406
-0.01314 -0.0121614 -0.744058
-0.0123409 -0.0121614 -0.74406
-0.0115419 -0.0121614 -0.744061
-0.01314 -0.0129605 -0.744059
-0.0123409 -0.0129605 -0.74406
-0.0115419 -0.0129605 -0.744062
-0.01314 -0.0137596 -0.74406
-0.0123409 -0.0137596 -0.744061
-0.0115419 -0.0137596 -0.744062
-0.01314 -0.0145586 -0.74406
-0.0123409 -0.0145586 -0.744062
-0.0115419 -0.0145586 -0.744063
-0.01314 -0.0153577 -0.744061
-0.0123409 -0.0153577 -0.744062
-0.0115419 -0.0153577 -0.744064
-0.01314 -0.0161568 -0.744062
-0.0123409 -0.0161568 -0.744063
-0.0115419 -0.0161568 -0.744065
-0.01314 -0.0169558 -0.744062
-0.0123409 -0.0169558 -0.744064
-0.0115419 -0.0169558 -0.744065
-0.01314 -0.0177549 -0.744063
-0.0123409 -0.0177549 -0.744065
-0.0115419 -0.0177549 -0.744066
-0.01314 -0.018554 -0.744064
-0.0123409 -0.018554 -0.744065
-0.0115419 -0.018554 -0.744067
-0.01314 -0.019353 -0.744065
-0.0123409 -0.019353 -0.744066
-0.0115419 -0.019353 -0.744067
-0.01314 -0.0201521 -0.744065
-0.0123409 -0.0201521 -0.744067
-0.0115419 -0.0201521 -0.744068
-0.01314 -0.0209512 -0.744066
-0.0123409 -0.0209512 -0.744067
-0.0115419 -0.0209512 -0.744069
-0.01314 -0.0217503 -0.744067
-0.0123409 -0.0217503 -0.744068
-0.0115419 -0.0217503 -0.74407
-0.01314 -0.0225493 -0.744067
-0.0123409 -0.0225493 -0.744069
-0.0115419 -0.0225493 -0.74407
-0.01314 -0.0233484 -0.744068
-0.0123409 -0.0233484 -0.74407
-0.0115419 -0.0233484 -0.744071
-0.01314 -0.0241475 -0.744069
-0.0123409 -0.0241475 -0.74407
-0.0115419 -0.0241475 -0.744072
-0.01314 -0.0249465 -0.74407
-0.0123409 -0.0249465 -0.744071
-0.0115419 -0.0249465 -0.744072
-0.01314 -0.0257456 -0.74407
-0.0123409 -0.0257456 -0.744072
-0.0115419 -0.0257456 -0.744073
-0.01314 -0.0265447 -0.744071
-0.0123409 -0.0265447 -0.744072
-0.0115419 -0.0265447 -0.744074
-0.01314 -0.0273437 -0.744072
-0.0123409 -0.0273437 -0.744073
-0.0115419 -0.0273437 -0.744075
-0.01314 -0.0281428 -0.744072
-0.0123409 -0.0281428 -0.744074
-0.0115419 -0.0281428 -0.744075
-0.01314 -0.0289419 -0.744073
-0.0123409 -0.0289419 -0.744075
-0.0115419 -0.0289419 -0.744076
-0.01314 -0.0297409 -0.744074
-0.0123409 -0.0297409 -0.744075
-0.0115419 -0.0297409 -0.744077
-0.01314 -0.03054 -0.744074
-0.0123409 -0.03054 -0.744076
-0.0115419 -0.03054 -0.744077
-0.01314 -0.0313391 -0.744075
-0.0123409 -0.0313391 -0.744077
-0.0115419 -0.0313391 -0.744078
-0.01314 -0.0321382 -0.744076
-0.0123409 -0.0321382 -0.744077
-0.0115419 -0.0321382 -0.744079
-0.01314 -0.0329372 -0.744077
-0.0123409 -0.0329372 -0.744078
-0.0115419 -0.0329372 -0.74408
-0.01314 -0.0337363 -0.744077
-0.0123409 -0.0337363 -0.744079
-0.0115419 -0.0337363 -0.74408
-0.01314 -0.0345354 -0.744078
-0.0123409 -0.0345354 -0.74408
-0.0115419 -0.0345354 -0.744081
-0.01314 -0.0353344 -0.744079
-0.0123409 -0.0353344 -0.74408
-0.0115419 -0.0353344 -0.744082
-0.01314 -0.0361335 -0.744079
-0.0123409 -0.0361335 -0.744081
-0.0115419 -0.0361335 -0.744082
-0.01314 -0.0369326 -0.74408
-0.0123409 -0.0369326 -0.744082
-0.0115419 -0.0369326 -0.744083
-0.01314 -0.0377316 -0.744081
-0.0123409 -0.0377316 -0.744082
-0.0115419 -0.0377316 -0.744084
-0.01314 -0.0385307 -0.744082
-0.0123409 -0.0385307 -0.744083
-0.0115419 -0.0385307 -0.744085
-0.01314 -0.0393298 -0.744082
-0.0123409 -0.0393298 -0.744084
-0.0115419 -0.0393298 -0.744085
-0.01314 -0.0401288 -0.744083
-0.0123409 -0.0401288 -0.744085
-0.0115419 -0.0401288 -0.744086
-0.01314 -0.0409279 -0.744084
-0.0123409 -0.0409279 -0.744085
-0.0115419 -0.0409279 -0.744087
-0.01314 -0.041727 -0.744084
-0.0123409 -0.041727 -0.744086
-0.0115419 -0.041727 -0.744087
-0.01314 -0.0425261 -0.744085
-0.0123409 -0.0425261 -0.744087
-0.0115419 -0.0425261 -0.744088
-0.01314 -0.0433251 -0.744086
-0.0123409 -0.0433251 -0.744087
-0.0115419 -0.0433251 -0.744089
-0.01314 -0.0441242 -0.744087
-0.0123409 -0.0441242 -0.744088
-0.0115419 -0.0441242 -0.74409
-0.01314 -0.0449233 -0.744087
-0.0123409 -0.0449233 -0.744089
-0.0115419 -0.0449233 -0.74409
-0.01314 -0.0457223 -0.744088
-0.0123409 -0.0457223 -0.74409
-0.0115419 -0.0457223 -0.744091
-0.01314 -0.0465214 -0.744089
-0.0123409 -0.0465214 -0.74409
-0.0115419 -0.0465214 -0.744092
-0.01314 -0.0473205 -0.744089
-0.0123409 -0.0473205 -0.744091
-0.0115419 -0.0473205 -0.744092
