-0.00333493 0.0182898 -0.56931
-0.00327951 0.0182898 -0.569307
-0.00322408 0.0182898 -0.569304
-0.00333493 0.0182344 -0.569311
-0.00327951 0.0182344 -0.569307
-0.00322408 0.0182344 -0.569304
-0.00333493 0.0181789 -0.569311
-0.00327951 0.0181789 -0.569308
-0.00322408 0.0181789 -0.569305
-0.00333493 0.0181235 -0.569312
-0.00327951 0.0181235 -0.569309
-0.00322408 0.0181235 -0.569305
-0.00333493 0.0180681 -0.569312
-0.00327951 0.0180681 -0.569309
-0.00322408 0.0180681 -0.569306
-0.00333493 0.0180127 -0.569313
-0.00327951 0.0180127 -0.56931
-0.00322408 0.0180127 -0.569306
-0.00333493 0.0179572 -0.569313
-0.00327951 0.0179572 -0.56931
-0.00322408 0.0179572 -0.569307
-0.00333493 0.0179018 -0.569314
-0.00327951 0.0179018 -0.569311
-0.00322408 0.0179018 -0.569308
-0.00333493 0.0178464 -0.569315
-0.00327951 0.0178464 -0.569311
-0.00322408 0.0178464 -0.569308
-0.00333493 0.0177909 -0.569315
-0.00327951 0.0177909 -0.569312
-0.00322408 0.0177909 -0.569309
-0.00333493 0.0177355 -0.569316
-0.00327951 0.0177355 -0.569313
-0.00322408 0.0177355 -0.569309
-0.00333493 0.0176801 -0.569316
-0.00327951 0.0176801 -0.569313
-0.00322408 0.0176801 -0.56931
-0.00333493 0.0176247 -0.569317
-0.00327951 0.0176247 -0.569314
-0.00322408 0.0176247 -0.569311
-0.00333493 0.0175692 -0.569318
-0.00327951 0.0175692 -0.569314
-0.00322408 0.0175692 -0.569311
-0.00333493 0.0175138 -0.569318
-0.00327951 0.0175138 -0.569315
-0.00322408 0.0175138 -0.569312
-0.00333493 0.0174584 -0.569319
-0.00327951 0.0174584 -0.569315
-0.00322408 0.0174584 -0.569312
-0.00333493 0.0174029 -0.569319
-0.00327951 0.0174029 -0.569316
-0.00322408 0.0174029 -0.569313
-0.00333493 0.0173475 -0.56932
-0.00327951 0.0173475 -0.569317
-0.00322408 0.0173475 -0.569313
-0.00333493 0.0172921 -0.56932
-0.00327951 0.0172921 -0.569317
-0.00322408 0.0172921 -0.569314
-0.00333493 0.0172366 -0.569321
-0.00327951 0.0172366 -0.569318
-0.00322408 0.0172366 -0.569315
-0.00333493 0.0171812 -0.569322
-0.00327951 0.0171812 -0.569318
-0.00322408 0.0171812 -0.569315
-0.00333493 0.0171258 -0.569322
-0.00327951 0.0171258 -0.569319
-0.00322408 0.0171258 -0.569316
-0.00333493 0.0170704 -0.569323
-0.00327951 0.0170704 -0.56932
-0.00322408 0.0170704 -0.569316
-0.00333493 0.0170149 -0.569323
-0.00327951 0.0170149 -0.56932
-0.00322408 0.0170149 -0.569317
-0.00333493 0.0169595 -0.569324
-0.00327951 0.0169595 -0.569321
-0.00322408 0.0169595 -0.569318
-0.00333493 0.0169041 -0.569324
-0.00327951 0.0169041 -0.569321
-0.00322408 0.0169041 -0.569318
-0.00333493 0.0168486 -0.569325
-0.00327951 0.0168486 -0.569322
-0.00322408 0.0168486 -0.569319
-0.00333493 0.0167932 -0.569326
-0.00327951 0.0167932 -0.569322
-0.00322408 0.0167932 -0.569319
-0.00333493 0.0167378 -0.569326
-0.00327951 0.0167378 -0.569323
-0.00322408 0.0167378 -0.56932
-0.00333493 0.0166824 -0.569327
-0.00327951 0.0166824 -0.569324
-0.00322408 0.0166824 -0.56932
-0.00333493 0.0166269 -0.569327
-0.00327951 0.0166269 -0.569324
-0.00322408 0.0166269 -0.569321
-0.00333493 0.0165715 -0.569328
-0.00327951 0.0165715 -0.569325
-0.00322408 0.0165715 -0.569322
-0.00333493 0.0165161 -0.569329
-0.00327951 0.0165161 -0.569325
-0.00322408 0.0165161 -0.569322
-0.00333493 0.0164606 -0.569329
-0.00327951 0.0164606 -0.569326
-0.00322408 0.0164606 -0.569323
-0.00333493 0.0164052 -0.56933
-0.00327951 0.0164052 -0.569327
-0.00322408 0.0164052 -0.569323
-0.00333493 0.0163498 -0.56933
-0.00327951 0.0163498 -0.569327
-0.00322408 0.0163498 -0.569324
-0.00333493 0.0162944 -0.569331
-0.00327951 0.0162944 -0.569328
-0.00322408 0.0162944 -0.569325
-0.00333493 0.0162389 -0.569331
-0.00327951 0.0162389 -0.569328
-0.00322408 0.0162389 -0.569325
-0.00333493 0.0161835 -0.569332
-0.00327951 0.0161835 -0.569329
-0.00322408 0.0161835 -0.569326
-0.00333493 0.0161281 -0.569333
-0.00327951 0.0161281 -0.569329
-0.00322408 0.0161281 -0.569326
-0.00333493 0.0160726 -0.569333
-0.00327951 0.0160726 -0.56933
-0.00322408 0.0160726 -0.569327
-0.00333493 0.0160172 -0.569334
-0.00327951 0.0160172 -0.569331
-0.00322408 0.0160172 -0.569327
-0.00333493 0.0159618 -0.569334
-0.00327951 0.0159618 -0.569331
-0.00322408 0.0159618 -0.569328
-0.00333493 0.0159064 -0.569335
-0.00327951 0.0159064 -0.569332
-0.00322408 0.0159064 -0.569329
-0.00333493 0.0158509 -0.569336
-0.00327951 0.0158509 -0.569332
-0.00322408 0.0158509 -0.569329
-0.00333493 0.0157955 -0.569336
-0.00327951 0.0157955 -0.569333
-0.00322408 0.0157955 -0.56933
-0.00333493 0.0157401 -0.569337
-0.00327951 0.0157401 -0.569334
-0.00322408 0.0157401 -0.56933
-0.00333493 0.0156846 -0.569337
-0.00327951 0.0156846 -0.569334
-0.00322408 0.0156846 -0.569331
-0.00333493 0.0156292 -0.569338
-0.00327951 0.0156292 -0.569335
-0.00322408 0.0156292 -0.569332
-0.00333493 0.0155738 -0.569338
-0.00327951 0.0155738 -0.569335
-0.00322408 0.0155738 -0.569332
-0.00333493 0.0155184 -0.569339
-0.00327951 0.0155184 -0.569336
-0.00322408 0.0155184 -0.569333
-0.00333493 0.0154629 -0.56934
-0.00327951 0.0154629 -0.569336
-0.00322408 0.0154629 -0.569333
-0.00333493 0.0154075 -0.56934
-0.00327951 0.0154075 -0.569337
-0.00322408 0.0154075 -0.569334
-0.00333493 0.0153521 -0.569341
-0.00327951 0.0153521 -0.569338
-0.00322408 0.0153521 -0.569334
-0.00333493 0.0152966 -0.569341
-0.00327951 0.0152966 -0.569338
-0.00322408 0.0152966 -0.569335
-0.00333493 0.0152412 -0.569342
-0.00327951 0.0152412 -0.569339
-0.00322408 0.0152412 -0.569336
-0.00333493 0.0151858 -0.569343
-0.00327951 0.0151858 -0.569339
-0.00322408 0.0151858 -0.569336
-0.00333493 0.0151303 -0.569343
-0.00327951 0.0151303 -0.56934
-0.00322408 0.0151303 -0.569337
-0.00333493 0.0150749 -0.569344
-0.00327951 0.0150749 -0.569341
-0.00322408 0.0150749 -0.569337
-0.00333493 0.0150195 -0.569344
-0.00327951 0.0150195 -0.569341
-0.00322408 0.0150195 -0.569338
-0.00333493 0.0149641 -0.569345
-0.00327951 0.0149641 -0.569342
-0.00322408 0.0149641 -0.569339
-0.00333493 0.0149086 -0.569345
-0.00327951 0.0149086 -0.569342
-0.00322408 0.0149086 -0.569339
-0.00333493 0.0148532 -0.569346
-0.00327951 0.0148532 -0.569343
-0.00322408 0.0148532 -0.56934
-0.00333493 0.0147978 -0.569347
-0.00327951 0.0147978 -0.569343
-0.00322408 0.0147978 -0.56934
-0.00333493 0.0147423 -0.569347
-0.00327951 0.0147423 -0.569344
-0.00322408 0.0147423 -0.569341
-0.00333493 0.0146869 -0.569348
-0.00327951 0.0146869 -0.569345
-0.00322408 0.0146869 -0.569341
-0.00333493 0.0146315 -0.569348
-0.00327951 0.0146315 -0.569345
-0.00322408 0.0146315 -0.569342
-0.00333493 0.0145761 -0.569349
-0.00327951 0.0145761 -0.569346
-0.00322408 0.0145761 -0.569343
-0.00333493 0.0145206 -0.56935
-0.00327951 0.0145206 -0.569346
-0.00322408 0.0145206 -0.569343
-0.00333493 0.0144652 -0.56935
-0.00327951 0.0144652 -0.569347
-0.00322408 0.0144652 -0.569344
-0.00333493 0.0144098 -0.569351
-0.00327951 0.0144098 -0.569348
-0.00322408 0.0144098 -0.569344
-0.00333493 0.0143543 -0.569351
-0.00327951 0.0143543 -0.569348
-0.00322408 0.0143543 -0.569345
-0.00333493 0.0142989 -0.569352
-0.00327951 0.0142989 -0.569349
-0.00322408 0.0142989 -0.569345
-0.00333493 0.0142435 -0.569352
-0.00327951 0.0142435 -0.569349
-0.00322408 0.0142435 -0.569346
-0.00333493 0.0141881 -0.569353
-0.00327951 0.0141881 -0.56935
-0.00322408 0.0141881 -0.569347
-0.00333493 0.0141326 -0.569354
-0.00327951 0.0141326 -0.56935
-0.00322408 0.0141326 -0.569347
-0.00333493 0.0140772 -0.569354
-0.00327951 0.0140772 -0.569351
-0.00322408 0.0140772 -0.569348
-0.00333493 0.0140218 -0.569355
-0.00327951 0.0140218 -0.569352
-0.00322408 0.0140218 -0.569348
-0.00333493 0.0139663 -0.569355
-0.00327951 0.0139663 -0.569352
-0.00322408 0.0139663 -0.569349
-0.00333493 0.0139109 -0.569356
-0.00327951 0.0139109 -0.569353
-0.00322408 0.0139109 -0.56935
-0.00333493 0.0138555 -0.569357
-0.00327951 0.0138555 -0.569353
-0.00322408 0.0138555 -0.56935
-0.00333493 0.0138001 -0.569357
-0.00327951 0.0138001 -0.569354
-0.00322408 0.0138001 -0.569351
-0.00333493 0.0137446 -0.569358
-0.00327951 0.0137446 -0.569354
-0.00322408 0.0137446 -0.569351
-0.00333493 0.0136892 -0.569358
-0.00327951 0.0136892 -0.569355
-0.00322408 0.0136892 -0.569352
-0.00333493 0.0136338 -0.569359
-0.00327951 0.0136338 -0.569356
-0.00322408 0.0136338 -0.569353
-0.00333493 0.0135783 -0.569359
-0.00327951 0.0135783 -0.569356
-0.00322408 0.0135783 -0.569353
-0.00333493 0.0135229 -0.56936
-0.00327951 0.0135229 -0.569357
-0.00322408 0.0135229 -0.569354
-0.00333493 0.0134675 -0.569361
-0.00327951 0.0134675 -0.569357
-0.00322408 0.0134675 -0.569354
-0.00333493 0.0134121 -0.569361
-0.00327951 0.0134121 -0.569358
-0.00322408 0.0134121 -0.569355
-0.00333493 0.0133566 -0.569362
-0.00327951 0.0133566 -0.569359
-0.00322408 0.0133566 -0.569355
-0.00333493 0.0133012 -0.569362
-0.00327951 0.0133012 -0.569359
-0.00322408 0.0133012 -0.569356
-0.00333493 0.0132458 -0.569363
-0.00327951 0.0132458 -0.56936
-0.00322408 0.0132458 -0.569357
-0.00333493 0.0131903 -0.569363
-0.00327951 0.0131903 -0.56936
-0.00322408 0.0131903 -0.569357
-0.00333493 0.0131349 -0.569364
-0.00327951 0.0131349 -0.569361
-0.00322408 0.0131349 -0.569358
-0.00333493 0.0130795 -0.569365
-0.00327951 0.0130795 -0.569362
-0.00322408 0.0130795 -0.569358
-0.00333493 0.013024 -0.569365
-0.00327951 0.013024 -0.569362
-0.00322408 0.013024 -0.569359
-0.00333493 0.0129686 -0.569366
-0.00327951 0.0129686 -0.569363
-0.00322408 0.0129686 -0.569359
-0.00333493 0.0129132 -0.569366
-0.00327951 0.0129132 -0.569363
-0.00322408 0.0129132 -0.56936
-0.00333493 0.0128578 -0.569367
-0.00327951 0.0128578 -0.569364
-0.00322408 0.0128578 -0.569361
-0.00333493 0.0128023 -0.569368
-0.00327951 0.0128023 -0.569364
-0.00322408 0.0128023 -0.569361
-0.00333493 0.0127469 -0.569368
-0.00327951 0.0127469 -0.569365
-0.00322408 0.0127469 -0.569362
-0.00333493 0.0126915 -0.569369
-0.00327951 0.0126915 -0.569366
-0.00322408 0.0126915 -0.569362
-0.00333493 0.012636 -0.569369
-0.00327951 0.012636 -0.569366
-0.00322408 0.012636 -0.569363
-0.00333493 0.0125806 -0.56937
-0.00327951 0.0125806 -0.569367
-0.00322408 0.0125806 -0.569364
-0.00333493 0.0125252 -0.56937
-0.00327951 0.0125252 -0.569367
-0.00322408 0.0125252 -0.569364
-0.00333493 0.0124698 -0.569371
-0.00327951 0.0124698 -0.569368
-0.00322408 0.0124698 -0.569365
-0.00333493 0.0124143 -0.569372
-0.00327951 0.0124143 -0.569368
-0.00322408 0.0124143 -0.569365
-0.00333493 0.0123589 -0.569372
-0.00327951 0.0123589 -0.569369
-0.00322408 0.0123589 -0.569366
-0.00333493 0.0123035 -0.569373
-0.00327951 0.0123035 -0.56937
-0.00322408 0.0123035 -0.569366
-0.00333493 0.012248 -0.569373
-0.00327951 0.012248 -0.56937
-0.00322408 0.012248 -0.569367
-0.00333493 0.0121926 -0.569374
-0.00327951 0.0121926 -0.569371
-0.00322408 0.0121926 -0.569368
