-0.0103175 0.0185936 -1.4568
-0.010178 0.0185936 -1.4568
-0.0100385 0.0185936 -1.4568
-0.0103175 0.0184541 -1.4568
-0.010178 0.0184541 -1.4568
-0.0100385 0.0184541 -1.4568
-0.0103175 0.0183145 -1.4568
-0.010178 0.0183145 -1.4568
-0.0100385 0.0183145 -1.4568
-0.0103175 0.018175 -1.4568
-0.010178 0.018175 -1.4568
-0.0100385 0.018175 -1.4568
-0.0103175 0.0180355 -1.4568
-0.010178 0.0180355 -1.4568
-0.0100385 0.0180355 -1.4568
-0.0103175 0.0178959 -1.4568
-0.010178 0.0178959 -1.4568
-0.0100385 0.0178959 -1.4568
-0.0103175 0.0177564 -1.4568
-0.010178 0.0177564 -1.4568
-0.0100385 0.0177564 -1.4568
-0.0103175 0.0176168 -1.4568
-0.010178 0.0176168 -1.4568
-0.0100385 0.0176168 -1.4568
-0.0103175 0.0174773 -1.4568
-0.010178 0.0174773 -1.4568
-0.0100385 0.0174773 -1.4568
-0.0103175 0.0173378 -1.4568
-0.010178 0.0173378 -1.4568
-0.0100385 0.0173378 -1.4568
-0.0103175 0.0171982 -1.4568
-0.010178 0.0171982 -1.4568
-0.0100385 0.0171982 -1.4568
-0.0103175 0.0170587 -1.4568
-0.010178 0.0170587 -1.4568
-0.0100385 0.0170587 -1.4568
-0.0103175 0.0169191 -1.4568
-0.010178 0.0169191 -1.4568
-0.0100385 0.0169191 -1.4568
-0.0103175 0.0167796 -1.4568
-0.010178 0.0167796 -1.4568
-0.0100385 0.0167796 -1.45679
-0.0103175 0.0166401 -1.4568
-0.010178 0.0166401 -1.4568
-0.0100385 0.0166401 -1.45679
-0.0103175 0.0165005 -1.4568
-0.010178 0.0165005 -1.4568
-0.0100385 0.0165005 -1.45679
-0.0103175 0.016361 -1.4568
-0.010178 0.016361 -1.45679
-0.0100385 0.016361 -1.45679
-0.0103175 0.0162214 -1.4568
-0.010178 0.0162214 -1.45679
-0.0100385 0.0162214 -1.45679
-0.0103175 0.0160819 -1.4568
-0.010178 0.0160819 -1.45679
-0.0100385 0.0160819 -1.45679
-0.0103175 0.0159424 -1.4568
-0.010178 0.0159424 -1.45679
-0.0100385 0.0159424 -1.45679
-0.0103175 0.0158028 -1.45679
-0.010178 0.0158028 -1.45679
-0.0100385 0.0158028 -1.45679
-0.0103175 0.0156633 -1.45679
-0.010178 0.0156633 -1.45679
-0.0100385 0.0156633 -1.45679
-0.0103175 0.0155237 -1.45679
-0.010178 0.0155237 -1.45679
-0.0100385 0.0155237 -1.45679
-0.0103175 0.0153842 -1.45679
-0.010178 0.0153842 -1.45679
-0.0100385 0.0153842 -1.45679
-0.0103175 0.0152447 -1.45679
-0.010178 0.0152447 -1.45679
-0.0100385 0.0152447 -1.45679
-0.0103175 0.0151051 -1.45679
-0.010178 0.0151051 -1.45679
-0.0100385 0.0151051 -1.45679
-0.0103175 0.0149656 -1.45679
-0.010178 0.0149656 -1.45679
-0.0100385 0.0149656 -1.45679
-0.0103175 0.014826 -1.45679
-0.010178 0.014826 -1.45679
-0.0100385 0.014826 -1.45679
-0.0103175 0.0146865 -1.45679
-0.010178 0.0146865 -1.45679
-0.0100385 0.0146865 -1.45679
-0.0103175 0.014547 -1.45679
-0.010178 0.014547 -1.45679
-0.0100385 0.014547 -1.45679
-0.0103175 0.0144074 -1.45679
-0.010178 0.0144074 -1.45679
-0.0100385 0.0144074 -1.45679
-0.0103175 0.0142679 -1.45679
-0.010178 0.0142679 -1.45679
-0.0100385 0.0142679 -1.45679
-0.0103175 0.0141283 -1.45679
-0.010178 0.0141283 -1.45679
-0.0100385 0.0141283 -1.45679
-0.0103175 0.0139888 -1.45679
-0.010178 0.0139888 -1.45679
-0.0100385 0.0139888 -1.45679
-0.0103175 0.0138493 -1.45679
-0.010178 0.0138493 -1.45679
-0.0100385 0.0138493 -1.45679
-0.0103175 0.0137097 -1.45679
-0.010178 0.0137097 -1.45679
-0.0100385 0.0137097 -1.45679
-0.0103175 0.0135702 -1.45679
-0.010178 0.0135702 -1.45679
-0.0100385 0.0135702 -1.45679
-0.0103175 0.0134306 -1.45679
-0.010178 0.0134306 -1.45679
-0.0100385 0.0134306 -1.45679
-0.0103175 0.0132911 -1.45679
-0.010178 0.0132911 -1.45679
-0.0100385 0.0132911 -1.45679
-0.0103175 0.0131516 -1.45679
-0.010178 0.0131516 -1.45679
-0.0100385 0.0131516 -1.45679
-0.0103175 0.013012 -1.45679
-0.010178 0.013012 -1.45679
-0.0100385 0.013012 -1.45679
-0.0103175 0.0128725 -1.45679
-0.010178 0.0128725 -1.45679
-0.0100385 0.0128725 -1.45678
-0.0103175 0.0127329 -1.45679
-0.010178 0.0127329 -1.45679
-0.0100385 0.0127329 -1.45678
-0.0103175 0.0125934 -1.45679
-0.010178 0.0125934 -1.45679
-0.0100385 0.0125934 -1.45678
-0.0103175 0.0124539 -1.45679
-0.010178 0.0124539 -1.45678
-0.0100385 0.0124539 -1.45678
-0.0103175 0.0123143 -1.45679
-0.010178 0.0123143 -1.45678
-0.0100385 0.0123143 -1.45678
-0.0103175 0.0121748 -1.45679
-0.010178 0.0121748 -1.45678
-0.0100385 0.0121748 -1.45678
-0.0103175 0.0120352 -1.45679
-0.010178 0.0120352 -1.45678
-0.0100385 0.0120352 -1.45678
-0.0103175 0.0118957 -1.45678
-0.010178 0.0118957 -1.45678
-0.0100385 0.0118957 -1.45678
-0.0103175 0.0117562 -1.45678
-0.010178 0.0117562 -1.45678
-0.0100385 0.0117562 -1.45678
-0.0103175 0.0116166 -1.45678
-0.010178 0.0116166 -1.45678
-0.0100385 0.0116166 -1.45678
-0.0103175 0.0114771 -1.45678
-0.010178 0.0114771 -1.45678
-0.0100385 0.0114771 -1.45678
-0.0103175 0.0113375 -1.45678
-0.010178 0.0113375 -1.45678
-0.0100385 0.0113375 -1.45678
-0.0103175 0.011198 -1.45678
-0.010178 0.011198 -1.45678
-0.0100385 0.011198 -1.45678
-0.0103175 0.0110584 -1.45678
-0.010178 0.0110584 -1.45678
-0.0100385 0.0110584 -1.45678
-0.0103175 0.0109189 -1.45678
-0.010178 0.0109189 -1.45678
-0.0100385 0.0109189 -1.45678
-0.0103175 0.0107794 -1.45678
-0.010178 0.0107794 -1.45678
-0.0100385 0.0107794 -1.45678
-0.0103175 0.0106398 -1.45678
-0.010178 0.0106398 -1.45678
-0.0100385 0.0106398 -1.45678
-0.0103175 0.0105003 -1.45678
-0.010178 0.0105003 -1.45678
-0.0100385 0.0105003 -1.45678
-0.0103175 0.0103607 -1.45678
-0.010178 0.0103607 -1.45678
-0.0100385 0.0103607 -1.45678
-0.0103175 0.0102212 -1.45678
-0.010178 0.0102212 -1.45678
-0.0100385 0.0102212 -1.45678
-0.0103175 0.0100817 -1.45678
-0.010178 0.0100817 -1.45678
-0.0100385 0.0100817 -1.45678
-0.0103175 0.00994213 -1.45678
-0.010178 0.00994213 -1.45678
-0.0100385 0.00994213 -1.45678
-0.0103175 0.00980259 -1.45678
-0.010178 0.00980259 -1.45678
-0.0100385 0.00980259 -1.45678
-0.0103175 0.00966305 -1.45678
-0.010178 0.00966305 -1.45678
-0.0100385 0.00966305 -1.45678
-0.0103175 0.00952351 -1.45678
-0.010178 0.00952351 -1.45678
-0.0100385 0.00952351 -1.45678
-0.0103175 0.00938396 -1.45678
-0.010178 0.00938396 -1.45678
-0.0100385 0.00938396 -1.45678
-0.0103175 0.00924442 -1.45678
-0.010178 0.00924442 -1.45678
-0.0100385 0.00924442 -1.45678
-0.0103175 0.00910488 -1.45678
-0.010178 0.00910488 -1.45678
-0.0100385 0.00910488 -1.45678
-0.0103175 0.00896534 -1.45678
-0.010178 0.00896534 -1.45678
-0.0100385 0.00896534 -1.45677
-0.0103175 0.0088258 -1.45678
-0.010178 0.0088258 -1.45678
-0.0100385 0.0088258 -1.45677
-0.0103175 0.00868626 -1.45678
-0.010178 0.00868626 -1.45678
-0.0100385 0.00868626 -1.45677
-0.0103175 0.00854672 -1.45678
-0.010178 0.00854672 -1.45677
-0.0100385 0.00854672 -1.45677
-0.0103175 0.00840718 -1.45678
-0.010178 0.00840718 -1.45677
-0.0100385 0.00840718 -1.45677
-0.0103175 0.00826764 -1.45678
-0.010178 0.00826764 -1.45677
-0.0100385 0.00826764 -1.45677
-0.0103175 0.0081281 -1.45678
-0.010178 0.0081281 -1.45677
-0.0100385 0.0081281 -1.45677
-0.0103175 0.00798856 -1.45677
-0.010178 0.00798856 -1.45677
-0.0100385 0.00798856 -1.45677
-0.0103175 0.00784902 -1.45677
-0.010178 0.00784902 -1.45677
-0.0100385 0.00784902 -1.45677
-0.0103175 0.00770948 -1.45677
-0.010178 0.00770948 -1.45677
-0.0100385 0.00770948 -1.45677
-0.0103175 0.00756994 -1.45677
-0.010178 0.00756994 -1.45677
-0.0100385 0.00756994 -1.45677
-0.0103175 0.0074304 -1.45677
-0.010178 0.0074304 -1.45677
-0.0100385 0.0074304 -1.45677
-0.0103175 0.00729086 -1.45677
-0.010178 0.00729086 -1.45677
-0.0100385 0.00729086 -1.45677
-0.0103175 0.00715132 -1.45677
-0.010178 0.00715132 -1.45677
-0.0100385 0.00715132 -1.45677
-0.0103175 0.00701178 -1.45677
-0.010178 0.00701178 -1.45677
-0.0100385 0.00701178 -1.45677
-0.0103175 0.00687224 -1.45677
-0.010178 0.00687224 -1.45677
-0.0100385 0.00687224 -1.45677
-0.0103175 0.0067327 -1.45677
-0.010178 0.0067327 -1.45677
-0.0100385 0.0067327 -1.45677
-0.0103175 0.00659316 -1.45677
-0.010178 0.00659316 -1.45677
-0.0100385 0.00659316 -1.45677
-0.0103175 0.00645362 -1.45677
-0.010178 0.00645362 -1.45677
-0.0100385 0.00645362 -1.45677
-0.0103175 0.00631408 -1.45677
-0.010178 0.00631408 -1.45677
-0.0100385 0.00631408 -1.45677
-0.0103175 0.00617454 -1.45677
-0.010178 0.00617454 -1.45677
-0.0100385 0.00617454 -1.45677
-0.0103175 0.00603499 -1.45677
-0.010178 0.00603499 -1.45677
-0.0100385 0.00603499 -1.45677
-0.0103175 0.00589545 -1.45677
-0.010178 0.00589545 -1.45677
-0.0100385 0.00589545 -1.45677
-0.0103175 0.00575591 -1.45677
-0.010178 0.00575591 -1.45677
-0.0100385 0.00575591 -1.45677
-0.0103175 0.00561637 -1.45677
-0.010178 0.00561637 -1.45677
-0.0100385 0.00561637 -1.45677
-0.0103175 0.00547683 -1.45677
-0.010178 0.00547683 -1.45677
-0.0100385 0.00547683 -1.45677
-0.0103175 0.00533729 -1.45677
-0.010178 0.00533729 -1.45677
-0.0100385 0.00533729 -1.45677
-0.0103175 0.00519775 -1.45677
-0.010178 0.00519775 -1.45677
-0.0100385 0.00519775 -1.45676
-0.0103175 0.00505821 -1.45677
-0.010178 0.00505821 -1.45677
-0.0100385 0.00505821 -1.45676
-0.0103175 0.00491867 -1.45677
-0.010178 0.00491867 -1.45677
-0.0100385 0.00491867 -1.45676
-0.0103175 0.00477913 -1.45677
-0.010178 0.00477913 -1.45677
-0.0100385 0.00477913 -1.45676
-0.0103175 0.00463959 -1.45677
-0.010178 0.00463959 -1.45676
-0.0100385 0.00463959 -1.45676
-0.0103175 0.00450005 -1.45677
-0.010178 0.00450005 -1.45676
-0.0100385 0.00450005 -1.45676
-0.0103175 0.00436051 -1.45677
-0.010178 0.00436051 -1.45676
-0.0100385 0.00436051 -1.45676
-0.0103175 0.00422097 -1.45677
-0.010178 0.00422097 -1.45676
-0.0100385 0.00422097 -1.45676
-0.0103175 0.00408143 -1.45676
-0.010178 0.00408143 -1.45676
-0.0100385 0.00408143 -1.45676
-0.0103175 0.00394189 -1.45676
-0.010178 0.00394189 -1.45676
-0.0100385 0.00394189 -1.45676
-0.0103175 0.00380235 -1.45676
-0.010178 0.00380235 -1.45676
-0.0100385 0.00380235 -1.45676
-0.0103175 0.00366281 -1.45676
-0.010178 0.00366281 -1.45676
-0.0100385 0.00366281 -1.45676
-0.0103175 0.00352327 -1.45676
-0.010178 0.00352327 -1.45676
-0.0100385 0.00352327 -1.45676
-0.0103175 0.00338373 -1.45676
-0.010178 0.00338373 -1.45676
-0.0100385 0.00338373 -1.45676
-0.0103175 0.00324419 -1.45676
-0.010178 0.00324419 -1.45676
-0.0100385 0.00324419 -1.45676
