0.00468131 -0.125522 -0.645414
0.002641 -0.125522 -0.645415
0.000600683 -0.125522 -0.645417
0.00468131 -0.123482 -0.645414
0.002641 -0.123482 -0.645415
0.000600683 -0.123482 -0.645417
0.00468131 -0.121442 -0.645414
0.002641 -0.121442 -0.645415
0.000600683 -0.121442 -0.645417
0.00468131 -0.119401 -0.645414
0.002641 -0.119401 -0.645415
0.000600683 -0.119401 -0.645417
0.00468131 -0.117361 -0.645414
0.002641 -0.117361 -0.645416
0.000600683 -0.117361 -0.645417
0.00468131 -0.115321 -0.645414
0.002641 -0.115321 -0.645416
0.000600683 -0.115321 -0.645417
0.00468131 -0.11328 -0.645414
0.002641 -0.11328 -0.645416
0.000600683 -0.11328 -0.645417
0.00468131 -0.11124 -0.645414
0.002641 -0.11124 -0.645416
0.000600683 -0.11124 -0.645417
0.00468131 -0.1092 -0.645414
0.002641 -0.1092 -0.645416
0.000600683 -0.1092 -0.645417
0.00468131 -0.10716 -0.645414
0.002641 -0.10716 -0.645416
0.000600683 -0.10716 -0.645417
0.00468131 -0.105119 -0.645414
0.002641 -0.105119 -0.645416
0.000600683 -0.105119 -0.645417
0.00468131 -0.103079 -0.645414
0.002641 -0.103079 -0.645416
0.000600683 -0.103079 -0.645417
0.00468131 -0.101039 -0.645415
0.002641 -0.101039 -0.645416
0.000600683 -0.101039 -0.645417
0.00468131 -0.0989983 -0.645415
0.002641 -0.0989983 -0.645416
0.000600683 -0.0989983 -0.645417
0.00468131 -0.096958 -0.645415
0.002641 -0.096958 -0.645416
0.000600683 -0.096958 -0.645417
0.00468131 -0.0949176 -0.645415
0.002641 -0.0949176 -0.645416
0.000600683 -0.0949176 -0.645417
0.00468131 -0.0928773 -0.645415
0.002641 -0.0928773 -0.645416
0.000600683 -0.0928773 -0.645417
0.00468131 -0.090837 -0.645415
0.002641 -0.090837 -0.645416
0.000600683 -0.090837 -0.645417
0.00468131 -0.0887967 -0.645415
0.002641 -0.0887967 -0.645416
0.000600683 -0.0887967 -0.645417
0.00468131 -0.0867564 -0.645415
0.002641 -0.0867564 -0.645416
0.000600683 -0.0867564 -0.645417
0.00468131 -0.0847161 -0.645415
0.002641 -0.0847161 -0.645416
0.000600683 -0.0847161 -0.645418
0.00468131 -0.0826758 -0.645415
0.002641 -0.0826758 -0.645416
0.000600683 -0.0826758 -0.645418
0.00468131 -0.0806354 -0.645415
0.002641 -0.0806354 -0.645416
0.000600683 -0.0806354 -0.645418
0.00468131 -0.0785951 -0.645415
0.002641 -0.0785951 -0.645416
0.000600683 -0.0785951 -0.645418
0.00468131 -0.0765548 -0.645415
0.002641 -0.0765548 -0.645416
0.000600683 -0.0765548 -0.645418
0.00468131 -0.0745145 -0.645415
0.002641 -0.0745145 -0.645416
0.000600683 -0.0745145 -0.645418
0.00468131 -0.0724742 -0.645415
0.002641 -0.0724742 -0.645416
0.000600683 -0.0724742 -0.645418
0.00468131 -0.0704339 -0.645415
0.002641 -0.0704339 -0.645416
0.000600683 -0.0704339 -0.645418
0.00468131 -0.0683935 -0.645415
0.002641 -0.0683935 -0.645416
0.000600683 -0.0683935 -0.645418
0.00468131 -0.0663532 -0.645415
0.002641 -0.0663532 -0.645417
0.000600683 -0.0663532 -0.645418
0.00468131 -0.0643129 -0.645415
0.002641 -0.0643129 -0.645417
0.000600683 -0.0643129 -0.645418
0.00468131 -0.0622726 -0.645415
0.002641 -0.0622726 -0.645417
0.000600683 -0.0622726 -0.645418
0.00468131 -0.0602323 -0.645415
0.002641 -0.0602323 -0.645417
0.000600683 -0.0602323 -0.645418
0.00468131 -0.058192 -0.645415
0.002641 -0.058192 -0.645417
0.000600683 -0.058192 -0.645418
0.00468131 -0.0561516 -0.645415
0.002641 -0.0561516 -0.645417
0.000600683 -0.0561516 -0.645418
0.00468131 -0.0541113 -0.645415
0.002641 -0.0541113 -0.645417
0.000600683 -0.0541113 -0.645418
0.00468131 -0.052071 -0.645415
0.002641 -0.052071 -0.645417
0.000600683 -0.052071 -0.645418
0.00468131 -0.0500307 -0.645416
0.002641 -0.0500307 -0.645417
0.000600683 -0.0500307 -0.645418
0.00468131 -0.0479904 -0.645416
0.002641 -0.0479904 -0.645417
0.000600683 -0.0479904 -0.645418
0.00468131 -0.0459501 -0.645416
0.002641 -0.0459501 -0.645417
0.000600683 -0.0459501 -0.645418
0.00468131 -0.0439098 -0.645416
0.002641 -0.0439098 -0.645417
0.000600683 -0.0439098 -0.645418
0.00468131 -0.0418694 -0.645416
0.002641 -0.0418694 -0.645417
0.000600683 -0.0418694 -0.645418
0.00468131 -0.0398291 -0.645416
0.002641 -0.0398291 -0.645417
0.000600683 -0.0398291 -0.645418
0.00468131 -0.0377888 -0.645416
0.002641 -0.0377888 -0.645417
0.000600683 -0.0377888 -0.645418
0.00468131 -0.0357485 -0.645416
0.002641 -0.0357485 -0.645417
0.000600683 -0.0357485 -0.645418
0.00468131 -0.0337082 -0.645416
0.002641 -0.0337082 -0.645417
0.000600683 -0.0337082 -0.645419
0.00468131 -0.0316679 -0.645416
0.002641 -0.0316679 -0.645417
0.000600683 -0.0316679 -0.645419
0.00468131 -0.0296275 -0.645416
0.002641 -0.0296275 -0.645417
0.000600683 -0.0296275 -0.645419
0.00468131 -0.0275872 -0.645416
0.002641 -0.0275872 -0.645417
0.000600683 -0.0275872 -0.645419
0.00468131 -0.0255469 -0.645416
0.002641 -0.0255469 -0.645417
0.000600683 -0.0255469 -0.645419
0.00468131 -0.0235066 -0.645416
0.002641 -0.0235066 -0.645417
0.000600683 -0.0235066 -0.645419
0.00468131 -0.0214663 -0.645416
0.002641 -0.0214663 -0.645417
0.000600683 -0.0214663 -0.645419
0.00468131 -0.019426 -0.645416
0.002641 -0.019426 -0.645417
0.000600683 -0.019426 -0.645419
0.00468131 -0.0173856 -0.645416
0.002641 -0.0173856 -0.645418
0.000600683 -0.0173856 -0.645419
0.00468131 -0.0153453 -0.645416
0.002641 -0.0153453 -0.645418
0.000600683 -0.0153453 -0.645419
0.00468131 -0.013305 -0.645416
0.002641 -0.013305 -0.645418
0.000600683 -0.013305 -0.645419
0.00468131 -0.0112647 -0.645416
0.002641 -0.0112647 -0.645418
0.000600683 -0.0112647 -0.645419
0.00468131 -0.00922438 -0.645416
0.002641 -0.00922438 -0.645418
0.000600683 -0.00922438 -0.645419
0.00468131 -0.00718406 -0.645416
0.002641 -0.00718406 -0.645418
0.000600683 -0.00718406 -0.645419
0.00468131 -0.00514375 -0.645416
0.002641 -0.00514375 -0.645418
0.000600683 -0.00514375 -0.645419
0.00468131 -0.00310343 -0.645416
0.002641 -0.00310343 -0.645418
0.000600683 -0.00310343 -0.645419
0.00468131 -0.00106312 -0.645416
0.002641 -0.00106312 -0.645418
0.000600683 -0.00106312 -0.645419
0.00468131 0.0009772 -0.645417
0.002641 0.0009772 -0.645418
0.000600683 0.0009772 -0.645419
0.00468131 0.00301752 -0.645417
0.002641 0.00301752 -0.645418
0.000600683 0.00301752 -0.645419
0.00468131 0.00505783 -0.645417
0.002641 0.00505783 -0.645418
0.000600683 0.00505783 -0.645419
0.00468131 0.00709815 -0.645417
0.002641 0.00709815 -0.645418
0.000600683 0.00709815 -0.645419
0.00468131 0.00913846 -0.645417
0.002641 0.00913846 -0.645418
0.000600683 0.00913846 -0.645419
0.00468131 0.0111788 -0.645417
0.002641 0.0111788 -0.645418
0.000600683 0.0111788 -0.645419
0.00468131 0.0132191 -0.645417
0.002641 0.0132191 -0.645418
0.000600683 0.0132191 -0.645419
0.00468131 0.0152594 -0.645417
0.002641 0.0152594 -0.645418
0.000600683 0.0152594 -0.645419
0.00468131 0.0172997 -0.645417
0.002641 0.0172997 -0.645418
0.000600683 0.0172997 -0.64542
0.00468131 0.01934 -0.645417
0.002641 0.01934 -0.645418
0.000600683 0.01934 -0.64542
0.00468131 0.0213804 -0.645417
0.002641 0.0213804 -0.645418
0.000600683 0.0213804 -0.64542
0.00468131 0.0234207 -0.645417
0.002641 0.0234207 -0.645418
0.000600683 0.0234207 -0.64542
0.00468131 0.025461 -0.645417
0.002641 0.025461 -0.645418
0.000600683 0.025461 -0.64542
0.00468131 0.0275013 -0.645417
0.002641 0.0275013 -0.645418
0.000600683 0.0275013 -0.64542
0.00468131 0.0295416 -0.645417
0.002641 0.0295416 -0.645418
0.000600683 0.0295416 -0.64542
0.00468131 0.0315819 -0.645417
0.002641 0.0315819 -0.645418
0.000600683 0.0315819 -0.64542
0.00468131 0.0336223 -0.645417
0.002641 0.0336223 -0.645419
0.000600683 0.0336223 -0.64542
0.00468131 0.0356626 -0.645417
0.002641 0.0356626 -0.645419
0.000600683 0.0356626 -0.64542
0.00468131 0.0377029 -0.645417
0.002641 0.0377029 -0.645419
0.000600683 0.0377029 -0.64542
0.00468131 0.0397432 -0.645417
0.002641 0.0397432 -0.645419
0.000600683 0.0397432 -0.64542
0.00468131 0.0417835 -0.645417
0.002641 0.0417835 -0.645419
0.000600683 0.0417835 -0.64542
0.00468131 0.0438238 -0.645417
0.002641 0.0438238 -0.645419
0.000600683 0.0438238 -0.64542
0.00468131 0.0458641 -0.645417
0.002641 0.0458641 -0.645419
0.000600683 0.0458641 -0.64542
0.00468131 0.0479045 -0.645417
0.002641 0.0479045 -0.645419
0.000600683 0.0479045 -0.64542
0.00468131 0.0499448 -0.645418
0.002641 0.0499448 -0.645419
0.000600683 0.0499448 -0.64542
0.00468131 0.0519851 -0.645418
0.002641 0.0519851 -0.645419
0.000600683 0.0519851 -0.64542
0.00468131 0.0540254 -0.645418
0.002641 0.0540254 -0.645419
0.000600683 0.0540254 -0.64542
0.00468131 0.0560657 -0.645418
0.002641 0.0560657 -0.645419
0.000600683 0.0560657 -0.64542
0.00468131 0.058106 -0.645418
0.002641 0.058106 -0.645419
0.000600683 0.058106 -0.64542
0.00468131 0.0601464 -0.645418
0.002641 0.0601464 -0.645419
0.000600683 0.0601464 -0.64542
0.00468131 0.0621867 -0.645418
0.002641 0.0621867 -0.645419
0.000600683 0.0621867 -0.64542
0.00468131 0.064227 -0.645418
0.002641 0.064227 -0.645419
0.000600683 0.064227 -0.64542
0.00468131 0.0662673 -0.645418
0.002641 0.0662673 -0.645419
0.000600683 0.0662673 -0.64542
0.00468131 0.0683076 -0.645418
0.002641 0.0683076 -0.645419
0.000600683 0.0683076 -0.645421
0.00468131 0.0703479 -0.645418
0.002641 0.0703479 -0.645419
0.000600683 0.0703479 -0.645421
0.00468131 0.0723883 -0.645418
0.002641 0.0723883 -0.645419
0.000600683 0.0723883 -0.645421
0.00468131 0.0744286 -0.645418
0.002641 0.0744286 -0.645419
0.000600683 0.0744286 -0.645421
0.00468131 0.0764689 -0.645418
0.002641 0.0764689 -0.645419
0.000600683 0.0764689 -0.645421
0.00468131 0.0785092 -0.645418
0.002641 0.0785092 -0.645419
0.000600683 0.0785092 -0.645421
0.00468131 0.0805495 -0.645418
0.002641 0.0805495 -0.645419
0.000600683 0.0805495 -0.645421
0.00468131 0.0825898 -0.645418
0.002641 0.0825898 -0.645419
0.000600683 0.0825898 -0.645421
0.00468131 0.0846302 -0.645418
0.002641 0.0846302 -0.64542
0.000600683 0.0846302 -0.645421
0.00468131 0.0866705 -0.645418
0.002641 0.0866705 -0.64542
0.000600683 0.0866705 -0.645421
0.00468131 0.0887108 -0.645418
0.002641 0.0887108 -0.64542
0.000600683 0.0887108 -0.645421
0.00468131 0.0907511 -0.645418
0.002641 0.0907511 -0.64542
0.000600683 0.0907511 -0.645421
0.00468131 0.0927914 -0.645418
0.002641 0.0927914 -0.64542
0.000600683 0.0927914 -0.645421
0.00468131 0.0948317 -0.645418
0.002641 0.0948317 -0.64542
0.000600683 0.0948317 -0.645421
0.00468131 0.096872 -0.645418
0.002641 0.096872 -0.64542
0.000600683 0.096872 -0.645421
0.00468131 0.0989124 -0.645418
0.002641 0.0989124 -0.64542
0.000600683 0.0989124 -0.645421
