-0.0133465 0.0769865 -1.17405
-0.0125918 0.0769865 -1.17405
-0.0118371 0.0769865 -1.17405
-0.0133465 0.0762318 -1.17405
-0.0125918 0.0762318 -1.17405
-0.0118371 0.0762318 -1.17405
-0.0133465 0.0754771 -1.17406
-0.0125918 0.0754771 -1.17405
-0.0118371 0.0754771 -1.17405
-0.0133465 0.0747224 -1.17406
-0.0125918 0.0747224 -1.17405
-0.0118371 0.0747224 -1.17405
-0.0133465 0.0739677 -1.17406
-0.0125918 0.0739677 -1.17406
-0.0118371 0.0739677 -1.17405
-0.0133465 0.073213 -1.17406
-0.0125918 0.073213 -1.17406
-0.0118371 0.073213 -1.17405
-0.0133465 0.0724583 -1.17406
-0.0125918 0.0724583 -1.17406
-0.0118371 0.0724583 -1.17405
-0.0133465 0.0717037 -1.17406
-0.0125918 0.0717037 -1.17406
-0.0118371 0.0717037 -1.17406
-0.0133465 0.070949 -1.17406
-0.0125918 0.070949 -1.17406
-0.0118371 0.070949 -1.17406
-0.0133465 0.0701943 -1.17406
-0.0125918 0.0701943 -1.17406
-0.0118371 0.0701943 -1.17406
-0.0133465 0.0694396 -1.17406
-0.0125918 0.0694396 -1.17406
-0.0118371 0.0694396 -1.17406
-0.0133465 0.0686849 -1.17406
-0.0125918 0.0686849 -1.17406
-0.0118371 0.0686849 -1.17406
-0.0133465 0.0679301 -1.17406
-0.0125918 0.0679301 -1.17406
-0.0118371 0.0679301 -1.17406
-0.0133465 0.0671754 -1.17406
-0.0125918 0.0671754 -1.17406
-0.0118371 0.0671754 -1.17406
-0.0133465 0.0664207 -1.17406
-0.0125918 0.0664207 -1.17406
-0.0118371 0.0664207 -1.17406
-0.0133465 0.065666 -1.17406
-0.0125918 0.065666 -1.17406
-0.0118371 0.065666 -1.17406
-0.0133465 0.0649114 -1.17406
-0.0125918 0.0649114 -1.17406
-0.0118371 0.0649114 -1.17406
-0.0133465 0.0641567 -1.17406
-0.0125918 0.0641567 -1.17406
-0.0118371 0.0641567 -1.17406
-0.0133465 0.063402 -1.17406
-0.0125918 0.063402 -1.17406
-0.0118371 0.063402 -1.17406
-0.0133465 0.0626473 -1.17407
-0.0125918 0.0626473 -1.17406
-0.0118371 0.0626473 -1.17406
-0.0133465 0.0618926 -1.17407
-0.0125918 0.0618926 -1.17406
-0.0118371 0.0618926 -1.17406
-0.0133465 0.0611379 -1.17407
-0.0125918 0.0611379 -1.17407
-0.0118371 0.0611379 -1.17406
-0.0133465 0.0603832 -1.17407
-0.0125918 0.0603832 -1.17407
-0.0118371 0.0603832 -1.17406
-0.0133465 0.0596285 -1.17407
-0.0125918 0.0596285 -1.17407
-0.0118371 0.0596285 -1.17406
-0.0133465 0.0588738 -1.17407
-0.0125918 0.0588738 -1.17407
-0.0118371 0.0588738 -1.17407
-0.0133465 0.0581191 -1.17407
-0.0125918 0.0581191 -1.17407
-0.0118371 0.0581191 -1.17407
-0.0133465 0.0573644 -1.17407
-0.0125918 0.0573644 -1.17407
-0.0118371 0.0573644 -1.17407
-0.0133465 0.0566097 -1.17407
-0.0125918 0.0566097 -1.17407
-0.0118371 0.0566097 -1.17407
-0.0133465 0.055855 -1.17407
-0.0125918 0.055855 -1.17407
-0.0118371 0.055855 -1.17407
-0.0133465 0.0551003 -1.17407
-0.0125918 0.0551003 -1.17407
-0.0118371 0.0551003 -1.17407
-0.0133465 0.0543456 -1.17407
-0.0125918 0.0543456 -1.17407
-0.0118371 0.0543456 -1.17407
-0.0133465 0.0535909 -1.17407
-0.0125918 0.0535909 -1.17407
-0.0118371 0.0535909 -1.17407
-0.0133465 0.0528362 -1.17407
-0.0125918 0.0528362 -1.17407
-0.0118371 0.0528362 -1.17407
-0.0133465 0.0520815 -1.17407
-0.0125918 0.0520815 -1.17407
-0.0118371 0.0520815 -1.17407
-0.0133465 0.0513268 -1.17407
-0.0125918 0.0513268 -1.17407
-0.0118371 0.0513268 -1.17407
-0.0133465 0.0505721 -1.17408
-0.0125918 0.0505721 -1.17407
-0.0118371 0.0505721 -1.17407
-0.0133465 0.0498174 -1.17408
-0.0125918 0.0498174 -1.17407
-0.0118371 0.0498174 -1.17407
-0.0133465 0.0490627 -1.17408
-0.0125918 0.0490627 -1.17407
-0.0118371 0.0490627 -1.17407
-0.0133465 0.048308 -1.17408
-0.0125918 0.048308 -1.17408
-0.0118371 0.048308 -1.17407
-0.0133465 0.0475533 -1.17408
-0.0125918 0.0475533 -1.17408
-0.0118371 0.0475533 -1.17407
-0.0133465 0.0467986 -1.17408
-0.0125918 0.0467986 -1.17408
-0.0118371 0.0467986 -1.17408
-0.0133465 0.0460439 -1.17408
-0.0125918 0.0460439 -1.17408
-0.0118371 0.0460439 -1.17408
-0.0133465 0.0452892 -1.17408
-0.0125918 0.0452892 -1.17408
-0.0118371 0.0452892 -1.17408
-0.0133465 0.0445345 -1.17408
-0.0125918 0.0445345 -1.17408
-0.0118371 0.0445345 -1.17408
-0.0133465 0.0437798 -1.17408
-0.0125918 0.0437798 -1.17408
-0.0118371 0.0437798 -1.17408
-0.0133465 0.0430251 -1.17408
-0.0125918 0.0430251 -1.17408
-0.0118371 0.0430251 -1.17408
-0.0133465 0.0422704 -1.17408
-0.0125918 0.0422704 -1.17408
-0.0118371 0.0422704 -1.17408
-0.0133465 0.0415157 -1.17408
-0.0125918 0.0415157 -1.17408
-0.0118371 0.0415157 -1.17408
-0.0133465 0.040761 -1.17408
-0.0125918 0.040761 -1.17408
-0.0118371 0.040761 -1.17408
-0.0133465 0.0400063 -1.17408
-0.0125918 0.0400063 -1.17408
-0.0118371 0.0400063 -1.17408
-0.0133465 0.0392516 -1.17408
-0.0125918 0.0392516 -1.17408
-0.0118371 0.0392516 -1.17408
-0.0133465 0.0384969 -1.17408
-0.0125918 0.0384969 -1.17408
-0.0118371 0.0384969 -1.17408
-0.0133465 0.0377422 -1.17409
-0.0125918 0.0377422 -1.17408
-0.0118371 0.0377422 -1.17408
-0.0133465 0.0369875 -1.17409
-0.0125918 0.0369875 -1.17408
-0.0118371 0.0369875 -1.17408
-0.0133465 0.0362328 -1.17409
-0.0125918 0.0362328 -1.17408
-0.0118371 0.0362328 -1.17408
-0.0133465 0.0354781 -1.17409
-0.0125918 0.0354781 -1.17409
-0.0118371 0.0354781 -1.17408
-0.0133465 0.0347234 -1.17409
-0.0125918 0.0347234 -1.17409
-0.0118371 0.0347234 -1.17408
-0.0133465 0.0339687 -1.17409
-0.0125918 0.0339687 -1.17409
-0.0118371 0.0339687 -1.17409
-0.0133465 0.033214 -1.17409
-0.0125918 0.033214 -1.17409
-0.0118371 0.033214 -1.17409
-0.0133465 0.0324593 -1.17409
-0.0125918 0.0324593 -1.17409
-0.0118371 0.0324593 -1.17409
-0.0133465 0.0317046 -1.17409
-0.0125918 0.0317046 -1.17409
-0.0118371 0.0317046 -1.17409
-0.0133465 0.0309499 -1.17409
-0.0125918 0.0309499 -1.17409
-0.0118371 0.0309499 -1.17409
-0.0133465 0.0301952 -1.17409
-0.0125918 0.0301952 -1.17409
-0.0118371 0.0301952 -1.17409
-0.0133465 0.0294405 -1.17409
-0.0125918 0.0294405 -1.17409
-0.0118371 0.0294405 -1.17409
-0.0133465 0.0286858 -1.17409
-0.0125918 0.0286858 -1.17409
-0.0118371 0.0286858 -1.17409
-0.0133465 0.0279311 -1.17409
-0.0125918 0.0279311 -1.17409
-0.0118371 0.0279311 -1.17409
-0.0133465 0.0271764 -1.17409
-0.0125918 0.0271764 -1.17409
-0.0118371 0.0271764 -1.17409
-0.0133465 0.0264217 -1.17409
-0.0125918 0.0264217 -1.17409
-0.0118371 0.0264217 -1.17409
-0.0133465 0.025667 -1.17409
-0.0125918 0.025667 -1.17409
-0.0118371 0.025667 -1.17409
-0.0133465 0.0249123 -1.1741
-0.0125918 0.0249123 -1.17409
-0.0118371 0.0249123 -1.17409
-0.0133465 0.0241576 -1.1741
-0.0125918 0.0241576 -1.17409
-0.0118371 0.0241576 -1.17409
-0.0133465 0.0234029 -1.1741
-0.0125918 0.0234029 -1.17409
-0.0118371 0.0234029 -1.17409
-0.0133465 0.0226482 -1.1741
-0.0125918 0.0226482 -1.1741
-0.0118371 0.0226482 -1.17409
-0.0133465 0.0218935 -1.1741
-0.0125918 0.0218935 -1.1741
-0.0118371 0.0218935 -1.17409
-0.0133465 0.0211388 -1.1741
-0.0125918 0.0211388 -1.1741
-0.0118371 0.0211388 -1.1741
-0.0133465 0.0203841 -1.1741
-0.0125918 0.0203841 -1.1741
-0.0118371 0.0203841 -1.1741
-0.0133465 0.0196294 -1.1741
-0.0125918 0.0196294 -1.1741
-0.0118371 0.0196294 -1.1741
-0.0133465 0.0188747 -1.1741
-0.0125918 0.0188747 -1.1741
-0.0118371 0.0188747 -1.1741
-0.0133465 0.01812 -1.1741
-0.0125918 0.01812 -1.1741
-0.0118371 0.01812 -1.1741
-0.0133465 0.0173653 -1.1741
-0.0125918 0.0173653 -1.1741
-0.0118371 0.0173653 -1.1741
-0.0133465 0.0166106 -1.1741
-0.0125918 0.0166106 -1.1741
-0.0118371 0.0166106 -1.1741
-0.0133465 0.0158559 -1.1741
-0.0125918 0.0158559 -1.1741
-0.0118371 0.0158559 -1.1741
-0.0133465 0.0151012 -1.1741
-0.0125918 0.0151012 -1.1741
-0.0118371 0.0151012 -1.1741
-0.0133465 0.0143465 -1.1741
-0.0125918 0.0143465 -1.1741
-0.0118371 0.0143465 -1.1741
-0.0133465 0.0135918 -1.1741
-0.0125918 0.0135918 -1.1741
-0.0118371 0.0135918 -1.1741
-0.0133465 0.0128371 -1.1741
-0.0125918 0.0128371 -1.1741
-0.0118371 0.0128371 -1.1741
-0.0133465 0.0120824 -1.17411
-0.0125918 0.0120824 -1.1741
-0.0118371 0.0120824 -1.1741
-0.0133465 0.0113277 -1.17411
-0.0125918 0.0113277 -1.1741
-0.0118371 0.0113277 -1.1741
-0.0133465 0.010573 -1.17411
-0.0125918 0.010573 -1.1741
-0.0118371 0.010573 -1.1741
-0.0133465 0.00981829 -1.17411
-0.0125918 0.00981829 -1.17411
-0.0118371 0.00981829 -1.1741
-0.0133465 0.00906359 -1.17411
-0.0125918 0.00906359 -1.17411
-0.0118371 0.00906359 -1.1741
-0.0133465 0.00830889 -1.17411
-0.0125918 0.00830889 -1.17411
-0.0118371 0.00830889 -1.17411
-0.0133465 0.00755419 -1.17411
-0.0125918 0.00755419 -1.17411
-0.0118371 0.00755419 -1.17411
-0.0133465 0.00679949 -1.17411
-0.0125918 0.00679949 -1.17411
-0.0118371 0.00679949 -1.17411
-0.0133465 0.00604479 -1.17411
-0.0125918 0.00604479 -1.17411
-0.0118371 0.00604479 -1.17411
-0.0133465 0.00529009 -1.17411
-0.0125918 0.00529009 -1.17411
-0.0118371 0.00529009 -1.17411
-0.0133465 0.00453539 -1.17411
-0.0125918 0.00453539 -1.17411
-0.0118371 0.00453539 -1.17411
-0.0133465 0.00378069 -1.17411
-0.0125918 0.00378069 -1.17411
-0.0118371 0.00378069 -1.17411
-0.0133465 0.00302599 -1.17411
-0.0125918 0.00302599 -1.17411
-0.0118371 0.00302599 -1.17411
-0.0133465 0.00227129 -1.17411
-0.0125918 0.00227129 -1.17411
-0.0118371 0.00227129 -1.17411
-0.0133465 0.00151659 -1.17411
-0.0125918 0.00151659 -1.17411
-0.0118371 0.00151659 -1.17411
-0.0133465 0.000761891 -1.17411
-0.0125918 0.000761891 -1.17411
-0.0118371 0.000761891 -1.17411
-0.0133465 7.19173e-06 -1.17411
-0.0125918 7.19173e-06 -1.17411
-0.0118371 7.19173e-06 -1.17411
-0.0133465 -0.000747508 -1.17412
-0.0125918 -0.000747508 -1.17411
-0.0118371 -0.000747508 -1.17411
-0.0133465 -0.00150221 -1.17412
-0.0125918 -0.00150221 -1.17411
-0.0118371 -0.00150221 -1.17411
-0.0133465 -0.00225691 -1.17412
-0.0125918 -0.00225691 -1.17411
-0.0118371 -0.00225691 -1.17411
-0.0133465 -0.00301161 -1.17412
-0.0125918 -0.00301161 -1.17412
-0.0118371 -0.00301161 -1.17411
-0.0133465 -0.00376631 -1.17412
-0.0125918 -0.00376631 -1.17412
-0.0118371 -0.00376631 -1.17411
-0.0133465 -0.00452101 -1.17412
-0.0125918 -0.00452101 -1.17412
-0.0118371 -0.00452101 -1.17412
-0.0133465 -0.0052757 -1.17412
-0.0125918 -0.0052757 -1.17412
-0.0118371 -0.0052757 -1.17412
-0.0133465 -0.0060304 -1.17412
-0.0125918 -0.0060304 -1.17412
-0.0118371 -0.0060304 -1.17412
