-0.00536268 0.0397846 -1.10222
-0.00489258 0.0397846 -1.10223
-0.00442249 0.0397846 -1.10223
-0.00536268 0.0393145 -1.10222
-0.00489258 0.0393145 -1.10223
-0.00442249 0.0393145 -1.10223
-0.00536268 0.0388444 -1.10223
-0.00489258 0.0388444 -1.10223
-0.00442249 0.0388444 -1.10223
-0.00536268 0.0383743 -1.10223
-0.00489258 0.0383743 -1.10223
-0.00442249 0.0383743 -1.10223
-0.00536268 0.0379042 -1.10223
-0.00489258 0.0379042 -1.10223
-0.00442249 0.0379042 -1.10224
-0.00536268 0.0374341 -1.10223
-0.00489258 0.0374341 -1.10223
-0.00442249 0.0374341 -1.10224
-0.00536268 0.036964 -1.10223
-0.00489258 0.036964 -1.10223
-0.00442249 0.036964 -1.10224
-0.00536268 0.0364939 -1.10223
-0.00489258 0.0364939 -1.10223
-0.00442249 0.0364939 -1.10224
-0.00536268 0.0360239 -1.10223
-0.00489258 0.0360239 -1.10224
-0.00442249 0.0360239 -1.10224
-0.00536268 0.0355538 -1.10223
-0.00489258 0.0355538 -1.10224
-0.00442249 0.0355538 -1.10224
-0.00536268 0.0350837 -1.10223
-0.00489258 0.0350837 -1.10224
-0.00442249 0.0350837 -1.10224
-0.00536268 0.0346136 -1.10224
-0.00489258 0.0346136 -1.10224
-0.00442249 0.0346136 -1.10224
-0.00536268 0.0341435 -1.10224
-0.00489258 0.0341435 -1.10224
-0.00442249 0.0341435 -1.10224
-0.00536268 0.0336734 -1.10224
-0.00489258 0.0336734 -1.10224
-0.00442249 0.0336734 -1.10224
-0.00536268 0.0332033 -1.10224
-0.00489258 0.0332033 -1.10224
-0.00442249 0.0332033 -1.10225
-0.00536268 0.0327332 -1.10224
-0.00489258 0.0327332 -1.10224
-0.00442249 0.0327332 -1.10225
-0.00536268 0.0322631 -1.10224
-0.00489258 0.0322631 -1.10224
-0.00442249 0.0322631 -1.10225
-0.00536268 0.031793 -1.10224
-0.00489258 0.031793 -1.10224
-0.00442249 0.031793 -1.10225
-0.00536268 0.0313229 -1.10224
-0.00489258 0.0313229 -1.10225
-0.00442249 0.0313229 -1.10225
-0.00536268 0.0308528 -1.10224
-0.00489258 0.0308528 -1.10225
-0.00442249 0.0308528 -1.10225
-0.00536268 0.0303827 -1.10224
-0.00489258 0.0303827 -1.10225
-0.00442249 0.0303827 -1.10225
-0.00536268 0.0299126 -1.10225
-0.00489258 0.0299126 -1.10225
-0.00442249 0.0299126 -1.10225
-0.00536268 0.0294425 -1.10225
-0.00489258 0.0294425 -1.10225
-0.00442249 0.0294425 -1.10225
-0.00536268 0.0289724 -1.10225
-0.00489258 0.0289724 -1.10225
-0.00442249 0.0289724 -1.10225
-0.00536268 0.0285023 -1.10225
-0.00489258 0.0285023 -1.10225
-0.00442249 0.0285023 -1.10226
-0.00536268 0.0280322 -1.10225
-0.00489258 0.0280322 -1.10225
-0.00442249 0.0280322 -1.10226
-0.00536268 0.0275621 -1.10225
-0.00489258 0.0275621 -1.10225
-0.00442249 0.0275621 -1.10226
-0.00536268 0.027092 -1.10225
-0.00489258 0.027092 -1.10226
-0.00442249 0.027092 -1.10226
-0.00536268 0.0266219 -1.10225
-0.00489258 0.0266219 -1.10226
-0.00442249 0.0266219 -1.10226
-0.00536268 0.0261518 -1.10225
-0.00489258 0.0261518 -1.10226
-0.00442249 0.0261518 -1.10226
-0.00536268 0.0256817 -1.10225
-0.00489258 0.0256817 -1.10226
-0.00442249 0.0256817 -1.10226
-0.00536268 0.0252116 -1.10226
-0.00489258 0.0252116 -1.10226
-0.00442249 0.0252116 -1.10226
-0.00536268 0.0247415 -1.10226
-0.00489258 0.0247415 -1.10226
-0.00442249 0.0247415 -1.10226
-0.00536268 0.0242715 -1.10226
-0.00489258 0.0242715 -1.10226
-0.00442249 0.0242715 -1.10226
-0.00536268 0.0238014 -1.10226
-0.00489258 0.0238014 -1.10226
-0.00442249 0.0238014 -1.10227
-0.00536268 0.0233313 -1.10226
-0.00489258 0.0233313 -1.10226
-0.00442249 0.0233313 -1.10227
-0.00536268 0.0228612 -1.10226
-0.00489258 0.0228612 -1.10226
-0.00442249 0.0228612 -1.10227
-0.00536268 0.0223911 -1.10226
-0.00489258 0.0223911 -1.10227
-0.00442249 0.0223911 -1.10227
-0.00536268 0.021921 -1.10226
-0.00489258 0.021921 -1.10227
-0.00442249 0.021921 -1.10227
-0.00536268 0.0214509 -1.10226
-0.00489258 0.0214509 -1.10227
-0.00442249 0.0214509 -1.10227
-0.00536268 0.0209808 -1.10226
-0.00489258 0.0209808 -1.10227
-0.00442249 0.0209808 -1.10227
-0.00536268 0.0205107 -1.10227
-0.00489258 0.0205107 -1.10227
-0.00442249 0.0205107 -1.10227
-0.00536268 0.0200406 -1.10227
-0.00489258 0.0200406 -1.10227
-0.00442249 0.0200406 -1.10227
-0.00536268 0.0195705 -1.10227
-0.00489258 0.0195705 -1.10227
-0.00442249 0.0195705 -1.10227
-0.00536268 0.0191004 -1.10227
-0.00489258 0.0191004 -1.10227
-0.00442249 0.0191004 -1.10228
-0.00536268 0.0186303 -1.10227
-0.00489258 0.0186303 -1.10227
-0.00442249 0.0186303 -1.10228
-0.00536268 0.0181602 -1.10227
-0.00489258 0.0181602 -1.10227
-0.00442249 0.0181602 -1.10228
-0.00536268 0.0176901 -1.10227
-0.00489258 0.0176901 -1.10228
-0.00442249 0.0176901 -1.10228
-0.00536268 0.01722 -1.10227
-0.00489258 0.01722 -1.10228
-0.00442249 0.01722 -1.10228
-0.00536268 0.0167499 -1.10227
-0.00489258 0.0167499 -1.10228
-0.00442249 0.0167499 -1.10228
-0.00536268 0.0162798 -1.10228
-0.00489258 0.0162798 -1.10228
-0.00442249 0.0162798 -1.10228
-0.00536268 0.0158097 -1.10228
-0.00489258 0.0158097 -1.10228
-0.00442249 0.0158097 -1.10228
-0.00536268 0.0153396 -1.10228
-0.00489258 0.0153396 -1.10228
-0.00442249 0.0153396 -1.10228
-0.00536268 0.0148695 -1.10228
-0.00489258 0.0148695 -1.10228
-0.00442249 0.0148695 -1.10229
-0.00536268 0.0143994 -1.10228
-0.00489258 0.0143994 -1.10228
-0.00442249 0.0143994 -1.10229
-0.00536268 0.0139293 -1.10228
-0.00489258 0.0139293 -1.10228
-0.00442249 0.0139293 -1.10229
-0.00536268 0.0134592 -1.10228
-0.00489258 0.0134592 -1.10228
-0.00442249 0.0134592 -1.10229
-0.00536268 0.0129891 -1.10228
-0.00489258 0.0129891 -1.10229
-0.00442249 0.0129891 -1.10229
-0.00536268 0.012519 -1.10228
-0.00489258 0.012519 -1.10229
-0.00442249 0.012519 -1.10229
-0.00536268 0.012049 -1.10228
-0.00489258 0.012049 -1.10229
-0.00442249 0.012049 -1.10229
-0.00536268 0.0115789 -1.10229
-0.00489258 0.0115789 -1.10229
-0.00442249 0.0115789 -1.10229
-0.00536268 0.0111088 -1.10229
-0.00489258 0.0111088 -1.10229
-0.00442249 0.0111088 -1.10229
-0.00536268 0.0106387 -1.10229
-0.00489258 0.0106387 -1.10229
-0.00442249 0.0106387 -1.10229
-0.00536268 0.0101686 -1.10229
-0.00489258 0.0101686 -1.10229
-0.00442249 0.0101686 -1.1023
-0.00536268 0.00969847 -1.10229
-0.00489258 0.00969847 -1.10229
-0.00442249 0.00969847 -1.1023
-0.00536268 0.00922838 -1.10229
-0.00489258 0.00922838 -1.10229
-0.00442249 0.00922838 -1.1023
-0.00536268 0.00875828 -1.10229
-0.00489258 0.00875828 -1.10229
-0.00442249 0.00875828 -1.1023
-0.00536268 0.00828818 -1.10229
-0.00489258 0.00828818 -1.1023
-0.00442249 0.00828818 -1.1023
-0.00536268 0.00781809 -1.10229
-0.00489258 0.00781809 -1.1023
-0.00442249 0.00781809 -1.1023
-0.00536268 0.00734799 -1.10229
-0.00489258 0.00734799 -1.1023
-0.00442249 0.00734799 -1.1023
-0.00536268 0.0068779 -1.1023
-0.00489258 0.0068779 -1.1023
-0.00442249 0.0068779 -1.1023
-0.00536268 0.0064078 -1.1023
-0.00489258 0.0064078 -1.1023
-0.00442249 0.0064078 -1.1023
-0.00536268 0.0059377 -1.1023
-0.00489258 0.0059377 -1.1023
-0.00442249 0.0059377 -1.1023
-0.00536268 0.00546761 -1.1023
-0.00489258 0.00546761 -1.1023
-0.00442249 0.00546761 -1.10231
-0.00536268 0.00499751 -1.1023
-0.00489258 0.00499751 -1.1023
-0.00442249 0.00499751 -1.10231
-0.00536268 0.00452742 -1.1023
-0.00489258 0.00452742 -1.1023
-0.00442249 0.00452742 -1.10231
-0.00536268 0.00405732 -1.1023
-0.00489258 0.00405732 -1.10231
-0.00442249 0.00405732 -1.10231
-0.00536268 0.00358722 -1.1023
-0.00489258 0.00358722 -1.10231
-0.00442249 0.00358722 -1.10231
-0.00536268 0.00311713 -1.1023
-0.00489258 0.00311713 -1.10231
-0.00442249 0.00311713 -1.10231
-0.00536268 0.00264703 -1.1023
-0.00489258 0.00264703 -1.10231
-0.00442249 0.00264703 -1.10231
-0.00536268 0.00217694 -1.10231
-0.00489258 0.00217694 -1.10231
-0.00442249 0.00217694 -1.10231
-0.00536268 0.00170684 -1.10231
-0.00489258 0.00170684 -1.10231
-0.00442249 0.00170684 -1.10231
-0.00536268 0.00123674 -1.10231
-0.00489258 0.00123674 -1.10231
-0.00442249 0.00123674 -1.10231
-0.00536268 0.000766647 -1.10231
-0.00489258 0.000766647 -1.10231
-0.00442249 0.000766647 -1.10232
-0.00536268 0.000296551 -1.10231
-0.00489258 0.000296551 -1.10231
-0.00442249 0.000296551 -1.10232
-0.00536268 -0.000173545 -1.10231
-0.00489258 -0.000173545 -1.10231
-0.00442249 -0.000173545 -1.10232
-0.00536268 -0.000643641 -1.10231
-0.00489258 -0.000643641 -1.10232
-0.00442249 -0.000643641 -1.10232
-0.00536268 -0.00111374 -1.10231
-0.00489258 -0.00111374 -1.10232
-0.00442249 -0.00111374 -1.10232
-0.00536268 -0.00158383 -1.10231
-0.00489258 -0.00158383 -1.10232
-0.00442249 -0.00158383 -1.10232
-0.00536268 -0.00205393 -1.10231
-0.00489258 -0.00205393 -1.10232
-0.00442249 -0.00205393 -1.10232
-0.00536268 -0.00252403 -1.10232
-0.00489258 -0.00252403 -1.10232
-0.00442249 -0.00252403 -1.10232
-0.00536268 -0.00299412 -1.10232
-0.00489258 -0.00299412 -1.10232
-0.00442249 -0.00299412 -1.10232
-0.00536268 -0.00346422 -1.10232
-0.00489258 -0.00346422 -1.10232
-0.00442249 -0.00346422 -1.10232
-0.00536268 -0.00393431 -1.10232
-0.00489258 -0.00393431 -1.10232
-0.00442249 -0.00393431 -1.10233
-0.00536268 -0.00440441 -1.10232
-0.00489258 -0.00440441 -1.10232
-0.00442249 -0.00440441 -1.10233
-0.00536268 -0.00487451 -1.10232
-0.00489258 -0.00487451 -1.10232
-0.00442249 -0.00487451 -1.10233
-0.00536268 -0.0053446 -1.10232
-0.00489258 -0.0053446 -1.10233
-0.00442249 -0.0053446 -1.10233
-0.00536268 -0.0058147 -1.10232
-0.00489258 -0.0058147 -1.10233
-0.00442249 -0.0058147 -1.10233
-0.00536268 -0.00628479 -1.10232
-0.00489258 -0.00628479 -1.10233
-0.00442249 -0.00628479 -1.10233
-0.00536268 -0.00675489 -1.10232
-0.00489258 -0.00675489 -1.10233
-0.00442249 -0.00675489 -1.10233
-0.00536268 -0.00722499 -1.10233
-0.00489258 -0.00722499 -1.10233
-0.00442249 -0.00722499 -1.10233
-0.00536268 -0.00769508 -1.10233
-0.00489258 -0.00769508 -1.10233
-0.00442249 -0.00769508 -1.10233
-0.00536268 -0.00816518 -1.10233
-0.00489258 -0.00816518 -1.10233
-0.00442249 -0.00816518 -1.10234
-0.00536268 -0.00863527 -1.10233
-0.00489258 -0.00863527 -1.10233
-0.00442249 -0.00863527 -1.10234
-0.00536268 -0.00910537 -1.10233
-0.00489258 -0.00910537 -1.10233
-0.00442249 -0.00910537 -1.10234
-0.00536268 -0.00957547 -1.10233
-0.00489258 -0.00957547 -1.10233
-0.00442249 -0.00957547 -1.10234
-0.00536268 -0.0100456 -1.10233
-0.00489258 -0.0100456 -1.10234
-0.00442249 -0.0100456 -1.10234
-0.00536268 -0.0105157 -1.10233
-0.00489258 -0.0105157 -1.10234
-0.00442249 -0.0105157 -1.10234
-0.00536268 -0.0109858 -1.10233
-0.00489258 -0.0109858 -1.10234
-0.00442249 -0.0109858 -1.10234
-0.00536268 -0.0114559 -1.10234
-0.00489258 -0.0114559 -1.10234
-0.00442249 -0.0114559 -1.10234
-0.00536268 -0.0119259 -1.10234
-0.00489258 -0.0119259 -1.10234
-0.00442249 -0.0119259 -1.10234
