0.00036053 0.0452669 -1.23902
0.00158722 0.0452669 -1.23901
0.00281391 0.0452669 -1.23901
0.00036053 0.0440402 -1.23902
0.00158722 0.0440402 -1.23901
0.00281391 0.0440402 -1.23901
0.00036053 0.0428135 -1.23902
0.00158722 0.0428135 -1.23901
0.00281391 0.0428135 -1.23901
0.00036053 0.0415868 -1.23902
0.00158722 0.0415868 -1.23901
0.00281391 0.0415868 -1.23901
0.00036053 0.0403602 -1.23902
0.00158722 0.0403602 -1.23901
0.00281391 0.0403602 -1.23901
0.00036053 0.0391335 -1.23902
0.00158722 0.0391335 -1.23901
0.00281391 0.0391335 -1.23901
0.00036053 0.0379068 -1.23902
0.00158722 0.0379068 -1.23901
0.00281391 0.0379068 -1.23901
0.00036053 0.0366801 -1.23902
0.00158722 0.0366801 -1.23901
0.00281391 0.0366801 -1.23901
0.00036053 0.0354534 -1.23902
0.00158722 0.0354534 -1.23901
0.00281391 0.0354534 -1.23901
0.00036053 0.0342267 -1.23902
0.00158722 0.0342267 -1.23901
0.00281391 0.0342267 -1.23901
0.00036053 0.033 -1.23902
0.00158722 0.033 -1.23901
0.00281391 0.033 -1.23901
0.00036053 0.0317733 -1.23902
0.00158722 0.0317733 -1.23901
0.00281391 0.0317733 -1.23901
0.00036053 0.0305466 -1.23902
0.00158722 0.0305466 -1.23901
0.00281391 0.0305466 -1.23901
0.00036053 0.0293199 -1.23902
0.00158722 0.0293199 -1.23901
0.00281391 0.0293199 -1.23901
0.00036053 0.0280932 -1.23901
0.00158722 0.0280932 -1.23901
0.00281391 0.0280932 -1.23901
0.00036053 0.0268665 -1.23901
0.00158722 0.0268665 -1.23901
0.00281391 0.0268665 -1.23901
0.00036053 0.0256399 -1.23901
0.00158722 0.0256399 -1.23901
0.00281391 0.0256399 -1.239
0.00036053 0.0244132 -1.23901
0.00158722 0.0244132 -1.23901
0.00281391 0.0244132 -1.239
0.00036053 0.0231865 -1.23901
0.00158722 0.0231865 -1.23901
0.00281391 0.0231865 -1.239
0.00036053 0.0219598 -1.23901
0.00158722 0.0219598 -1.23901
0.00281391 0.0219598 -1.239
0.00036053 0.0207331 -1.23901
0.00158722 0.0207331 -1.23901
0.00281391 0.0207331 -1.239
0.00036053 0.0195064 -1.23901
0.00158722 0.0195064 -1.23901
0.00281391 0.0195064 -1.239
0.00036053 0.0182797 -1.23901
0.00158722 0.0182797 -1.23901
0.00281391 0.0182797 -1.239
0.00036053 0.017053 -1.23901
0.00158722 0.017053 -1.23901
0.00281391 0.017053 -1.239
0.00036053 0.0158263 -1.23901
0.00158722 0.0158263 -1.23901
0.00281391 0.0158263 -1.239
0.00036053 0.0145996 -1.23901
0.00158722 0.0145996 -1.23901
0.00281391 0.0145996 -1.239
0.00036053 0.0133729 -1.23901
0.00158722 0.0133729 -1.23901
0.00281391 0.0133729 -1.239
0.00036053 0.0121462 -1.23901
0.00158722 0.0121462 -1.23901
0.00281391 0.0121462 -1.239
0.00036053 0.0109196 -1.23901
0.00158722 0.0109196 -1.23901
0.00281391 0.0109196 -1.239
0.00036053 0.00969286 -1.23901
0.00158722 0.00969286 -1.23901
0.00281391 0.00969286 -1.239
0.00036053 0.00846617 -1.23901
0.00158722 0.00846617 -1.23901
0.00281391 0.00846617 -1.239
0.00036053 0.00723948 -1.23901
0.00158722 0.00723948 -1.23901
0.00281391 0.00723948 -1.239
0.00036053 0.00601279 -1.23901
0.00158722 0.00601279 -1.23901
0.00281391 0.00601279 -1.239
0.00036053 0.0047861 -1.23901
0.00158722 0.0047861 -1.23901
0.00281391 0.0047861 -1.239
0.00036053 0.0035594 -1.23901
0.00158722 0.0035594 -1.239
0.00281391 0.0035594 -1.239
0.00036053 0.00233271 -1.23901
0.00158722 0.00233271 -1.239
0.00281391 0.00233271 -1.239
0.00036053 0.00110602 -1.23901
0.00158722 0.00110602 -1.239
0.00281391 0.00110602 -1.239
0.00036053 -0.000120671 -1.23901
0.00158722 -0.000120671 -1.239
0.00281391 -0.000120671 -1.239
0.00036053 -0.00134736 -1.23901
0.00158722 -0.00134736 -1.239
0.00281391 -0.00134736 -1.239
0.00036053 -0.00257405 -1.23901
0.00158722 -0.00257405 -1.239
0.00281391 -0.00257405 -1.239
0.00036053 -0.00380075 -1.23901
0.00158722 -0.00380075 -1.239
0.00281391 -0.00380075 -1.239
0.00036053 -0.00502744 -1.23901
0.00158722 -0.00502744 -1.239
0.00281391 -0.00502744 -1.239
0.00036053 -0.00625413 -1.23901
0.00158722 -0.00625413 -1.239
0.00281391 -0.00625413 -1.239
0.00036053 -0.00748082 -1.23901
0.00158722 -0.00748082 -1.239
0.00281391 -0.00748082 -1.239
0.00036053 -0.00870751 -1.23901
0.00158722 -0.00870751 -1.239
0.00281391 -0.00870751 -1.239
0.00036053 -0.00993421 -1.23901
0.00158722 -0.00993421 -1.239
0.00281391 -0.00993421 -1.239
0.00036053 -0.0111609 -1.23901
0.00158722 -0.0111609 -1.239
0.00281391 -0.0111609 -1.239
0.00036053 -0.0123876 -1.23901
0.00158722 -0.0123876 -1.239
0.00281391 -0.0123876 -1.239
0.00036053 -0.0136143 -1.23901
0.00158722 -0.0136143 -1.239
0.00281391 -0.0136143 -1.239
0.00036053 -0.014841 -1.23901
0.00158722 -0.014841 -1.239
0.00281391 -0.014841 -1.239
0.00036053 -0.0160677 -1.23901
0.00158722 -0.0160677 -1.239
0.00281391 -0.0160677 -1.239
0.00036053 -0.0172944 -1.23901
0.00158722 -0.0172944 -1.239
0.00281391 -0.0172944 -1.239
0.00036053 -0.018521 -1.239
0.00158722 -0.018521 -1.239
0.00281391 -0.018521 -1.239
0.00036053 -0.0197477 -1.239
0.00158722 -0.0197477 -1.239
0.00281391 -0.0197477 -1.239
0.00036053 -0.0209744 -1.239
0.00158722 -0.0209744 -1.239
0.00281391 -0.0209744 -1.23899
0.00036053 -0.0222011 -1.239
0.00158722 -0.0222011 -1.239
0.00281391 -0.0222011 -1.23899
0.00036053 -0.0234278 -1.239
0.00158722 -0.0234278 -1.239
0.00281391 -0.0234278 -1.23899
0.00036053 -0.0246545 -1.239
0.00158722 -0.0246545 -1.239
0.00281391 -0.0246545 -1.23899
0.00036053 -0.0258812 -1.239
0.00158722 -0.0258812 -1.239
0.00281391 -0.0258812 -1.23899
0.00036053 -0.0271079 -1.239
0.00158722 -0.0271079 -1.239
0.00281391 -0.0271079 -1.23899
0.00036053 -0.0283346 -1.239
0.00158722 -0.0283346 -1.239
0.00281391 -0.0283346 -1.23899
0.00036053 -0.0295613 -1.239
0.00158722 -0.0295613 -1.239
0.00281391 -0.0295613 -1.23899
0.00036053 -0.030788 -1.239
0.00158722 -0.030788 -1.239
0.00281391 -0.030788 -1.23899
0.00036053 -0.0320147 -1.239
0.00158722 -0.0320147 -1.239
0.00281391 -0.0320147 -1.23899
0.00036053 -0.0332414 -1.239
0.00158722 -0.0332414 -1.239
0.00281391 -0.0332414 -1.23899
0.00036053 -0.034468 -1.239
0.00158722 -0.034468 -1.239
0.00281391 -0.034468 -1.23899
0.00036053 -0.0356947 -1.239
0.00158722 -0.0356947 -1.239
0.00281391 -0.0356947 -1.23899
0.00036053 -0.0369214 -1.239
0.00158722 -0.0369214 -1.239
0.00281391 -0.0369214 -1.23899
0.00036053 -0.0381481 -1.239
0.00158722 -0.0381481 -1.239
0.00281391 -0.0381481 -1.23899
0.00036053 -0.0393748 -1.239
0.00158722 -0.0393748 -1.239
0.00281391 -0.0393748 -1.23899
0.00036053 -0.0406015 -1.239
0.00158722 -0.0406015 -1.239
0.00281391 -0.0406015 -1.23899
0.00036053 -0.0418282 -1.239
0.00158722 -0.0418282 -1.239
0.00281391 -0.0418282 -1.23899
0.00036053 -0.0430549 -1.239
0.00158722 -0.0430549 -1.23899
0.00281391 -0.0430549 -1.23899
0.00036053 -0.0442816 -1.239
0.00158722 -0.0442816 -1.23899
0.00281391 -0.0442816 -1.23899
0.00036053 -0.0455083 -1.239
0.00158722 -0.0455083 -1.23899
0.00281391 -0.0455083 -1.23899
0.00036053 -0.046735 -1.239
0.00158722 -0.046735 -1.23899
0.00281391 -0.046735 -1.23899
0.00036053 -0.0479617 -1.239
0.00158722 -0.0479617 -1.23899
0.00281391 -0.0479617 -1.23899
0.00036053 -0.0491883 -1.239
0.00158722 -0.0491883 -1.23899
0.00281391 -0.0491883 -1.23899
0.00036053 -0.050415 -1.239
0.00158722 -0.050415 -1.23899
0.00281391 -0.050415 -1.23899
0.00036053 -0.0516417 -1.239
0.00158722 -0.0516417 -1.23899
0.00281391 -0.0516417 -1.23899
0.00036053 -0.0528684 -1.239
0.00158722 -0.0528684 -1.23899
0.00281391 -0.0528684 -1.23899
0.00036053 -0.0540951 -1.239
0.00158722 -0.0540951 -1.23899
0.00281391 -0.0540951 -1.23899
0.00036053 -0.0553218 -1.239
0.00158722 -0.0553218 -1.23899
0.00281391 -0.0553218 -1.23899
0.00036053 -0.0565485 -1.239
0.00158722 -0.0565485 -1.23899
0.00281391 -0.0565485 -1.23899
0.00036053 -0.0577752 -1.239
0.00158722 -0.0577752 -1.23899
0.00281391 -0.0577752 -1.23899
0.00036053 -0.0590019 -1.239
0.00158722 -0.0590019 -1.23899
0.00281391 -0.0590019 -1.23899
0.00036053 -0.0602286 -1.239
0.00158722 -0.0602286 -1.23899
0.00281391 -0.0602286 -1.23899
0.00036053 -0.0614553 -1.239
0.00158722 -0.0614553 -1.23899
0.00281391 -0.0614553 -1.23899
0.00036053 -0.062682 -1.239
0.00158722 -0.062682 -1.23899
0.00281391 -0.062682 -1.23899
0.00036053 -0.0639086 -1.239
0.00158722 -0.0639086 -1.23899
0.00281391 -0.0639086 -1.23899
0.00036053 -0.0651353 -1.239
0.00158722 -0.0651353 -1.23899
0.00281391 -0.0651353 -1.23899
0.00036053 -0.066362 -1.23899
0.00158722 -0.066362 -1.23899
0.00281391 -0.066362 -1.23899
0.00036053 -0.0675887 -1.23899
0.00158722 -0.0675887 -1.23899
0.00281391 -0.0675887 -1.23899
0.00036053 -0.0688154 -1.23899
0.00158722 -0.0688154 -1.23899
0.00281391 -0.0688154 -1.23898
0.00036053 -0.0700421 -1.23899
0.00158722 -0.0700421 -1.23899
0.00281391 -0.0700421 -1.23898
0.00036053 -0.0712688 -1.23899
0.00158722 -0.0712688 -1.23899
0.00281391 -0.0712688 -1.23898
0.00036053 -0.0724955 -1.23899
0.00158722 -0.0724955 -1.23899
0.00281391 -0.0724955 -1.23898
0.00036053 -0.0737222 -1.23899
0.00158722 -0.0737222 -1.23899
0.00281391 -0.0737222 -1.23898
0.00036053 -0.0749489 -1.23899
0.00158722 -0.0749489 -1.23899
0.00281391 -0.0749489 -1.23898
0.00036053 -0.0761756 -1.23899
0.00158722 -0.0761756 -1.23899
0.00281391 -0.0761756 -1.23898
0.00036053 -0.0774023 -1.23899
0.00158722 -0.0774023 -1.23899
0.00281391 -0.0774023 -1.23898
0.00036053 -0.0786289 -1.23899
0.00158722 -0.0786289 -1.23899
0.00281391 -0.0786289 -1.23898
0.00036053 -0.0798556 -1.23899
0.00158722 -0.0798556 -1.23899
0.00281391 -0.0798556 -1.23898
0.00036053 -0.0810823 -1.23899
0.00158722 -0.0810823 -1.23899
0.00281391 -0.0810823 -1.23898
0.00036053 -0.082309 -1.23899
0.00158722 -0.082309 -1.23899
0.00281391 -0.082309 -1.23898
0.00036053 -0.0835357 -1.23899
0.00158722 -0.0835357 -1.23899
0.00281391 -0.0835357 -1.23898
0.00036053 -0.0847624 -1.23899
0.00158722 -0.0847624 -1.23899
0.00281391 -0.0847624 -1.23898
0.00036053 -0.0859891 -1.23899
0.00158722 -0.0859891 -1.23899
0.00281391 -0.0859891 -1.23898
0.00036053 -0.0872158 -1.23899
0.00158722 -0.0872158 -1.23899
0.00281391 -0.0872158 -1.23898
0.00036053 -0.0884425 -1.23899
0.00158722 -0.0884425 -1.23899
0.00281391 -0.0884425 -1.23898
0.00036053 -0.0896692 -1.23899
0.00158722 -0.0896692 -1.23899
0.00281391 -0.0896692 -1.23898
