-0.0068792 -0.0109774 -1.15939
-0.00707525 -0.0109774 -1.15939
-0.00727131 -0.0109774 -1.15939
-0.0068792 -0.0107813 -1.15939
-0.00707525 -0.0107813 -1.15939
-0.00727131 -0.0107813 -1.15939
-0.0068792 -0.0105853 -1.15939
-0.00707525 -0.0105853 -1.15939
-0.00727131 -0.0105853 -1.15939
-0.0068792 -0.0103892 -1.15939
-0.00707525 -0.0103892 -1.15939
-0.00727131 -0.0103892 -1.15939
-0.0068792 -0.0101932 -1.15939
-0.00707525 -0.0101932 -1.15939
-0.00727131 -0.0101932 -1.15939
-0.0068792 -0.00999712 -1.15939
-0.00707525 -0.00999712 -1.15939
-0.00727131 -0.00999712 -1.15939
-0.0068792 -0.00980107 -1.15939
-0.00707525 -0.00980107 -1.15939
-0.00727131 -0.00980107 -1.1594
-0.0068792 -0.00960501 -1.15939
-0.00707525 -0.00960501 -1.15939
-0.00727131 -0.00960501 -1.1594
-0.0068792 -0.00940896 -1.15939
-0.00707525 -0.00940896 -1.15939
-0.00727131 -0.00940896 -1.1594
-0.0068792 -0.0092129 -1.15939
-0.00707525 -0.0092129 -1.1594
-0.00727131 -0.0092129 -1.1594
-0.0068792 -0.00901685 -1.15939
-0.00707525 -0.00901685 -1.1594
-0.00727131 -0.00901685 -1.1594
-0.0068792 -0.00882079 -1.15939
-0.00707525 -0.00882079 -1.1594
-0.00727131 -0.00882079 -1.1594
-0.0068792 -0.00862473 -1.1594
-0.00707525 -0.00862473 -1.1594
-0.00727131 -0.00862473 -1.1594
-0.0068792 -0.00842868 -1.1594
-0.00707525 -0.00842868 -1.1594
-0.00727131 -0.00842868 -1.1594
-0.0068792 -0.00823262 -1.1594
-0.00707525 -0.00823262 -1.1594
-0.00727131 -0.00823262 -1.1594
-0.0068792 -0.00803657 -1.1594
-0.00707525 -0.00803657 -1.1594
-0.00727131 -0.00803657 -1.1594
-0.0068792 -0.00784051 -1.1594
-0.00707525 -0.00784051 -1.1594
-0.00727131 -0.00784051 -1.1594
-0.0068792 -0.00764446 -1.1594
-0.00707525 -0.00764446 -1.1594
-0.00727131 -0.00764446 -1.1594
-0.0068792 -0.0074484 -1.1594
-0.00707525 -0.0074484 -1.1594
-0.00727131 -0.0074484 -1.1594
-0.0068792 -0.00725235 -1.1594
-0.00707525 -0.00725235 -1.1594
-0.00727131 -0.00725235 -1.1594
-0.0068792 -0.00705629 -1.1594
-0.00707525 -0.00705629 -1.1594
-0.00727131 -0.00705629 -1.1594
-0.0068792 -0.00686024 -1.1594
-0.00707525 -0.00686024 -1.1594
-0.00727131 -0.00686024 -1.1594
-0.0068792 -0.00666418 -1.1594
-0.00707525 -0.00666418 -1.1594
-0.00727131 -0.00666418 -1.15941
-0.0068792 -0.00646813 -1.1594
-0.00707525 -0.00646813 -1.1594
-0.00727131 -0.00646813 -1.15941
-0.0068792 -0.00627207 -1.1594
-0.00707525 -0.00627207 -1.1594
-0.00727131 -0.00627207 -1.15941
-0.0068792 -0.00607602 -1.1594
-0.00707525 -0.00607602 -1.15941
-0.00727131 -0.00607602 -1.15941
-0.0068792 -0.00587996 -1.1594
-0.00707525 -0.00587996 -1.15941
-0.00727131 -0.00587996 -1.15941
-0.0068792 -0.00568391 -1.15941
-0.00707525 -0.00568391 -1.15941
-0.00727131 -0.00568391 -1.15941
-0.0068792 -0.00548785 -1.15941
-0.00707525 -0.00548785 -1.15941
-0.00727131 -0.00548785 -1.15941
-0.0068792 -0.0052918 -1.15941
-0.00707525 -0.0052918 -1.15941
-0.00727131 -0.0052918 -1.15941
-0.0068792 -0.00509574 -1.15941
-0.00707525 -0.00509574 -1.15941
-0.00727131 -0.00509574 -1.15941
-0.0068792 -0.00489969 -1.15941
-0.00707525 -0.00489969 -1.15941
-0.00727131 -0.00489969 -1.15941
-0.0068792 -0.00470363 -1.15941
-0.00707525 -0.00470363 -1.15941
-0.00727131 -0.00470363 -1.15941
-0.0068792 -0.00450758 -1.15941
-0.00707525 -0.00450758 -1.15941
-0.00727131 -0.00450758 -1.15941
-0.0068792 -0.00431152 -1.15941
-0.00707525 -0.00431152 -1.15941
-0.00727131 -0.00431152 -1.15941
-0.0068792 -0.00411547 -1.15941
-0.00707525 -0.00411547 -1.15941
-0.00727131 -0.00411547 -1.15941
-0.0068792 -0.00391941 -1.15941
-0.00707525 -0.00391941 -1.15941
-0.00727131 -0.00391941 -1.15941
-0.0068792 -0.00372336 -1.15941
-0.00707525 -0.00372336 -1.15941
-0.00727131 -0.00372336 -1.15942
-0.0068792 -0.0035273 -1.15941
-0.00707525 -0.0035273 -1.15941
-0.00727131 -0.0035273 -1.15942
-0.0068792 -0.00333125 -1.15941
-0.00707525 -0.00333125 -1.15941
-0.00727131 -0.00333125 -1.15942
-0.0068792 -0.00313519 -1.15941
-0.00707525 -0.00313519 -1.15942
-0.00727131 -0.00313519 -1.15942
-0.0068792 -0.00293914 -1.15941
-0.00707525 -0.00293914 -1.15942
-0.00727131 -0.00293914 -1.15942
-0.0068792 -0.00274308 -1.15941
-0.00707525 -0.00274308 -1.15942
-0.00727131 -0.00274308 -1.15942
-0.0068792 -0.00254702 -1.15942
-0.00707525 -0.00254702 -1.15942
-0.00727131 -0.00254702 -1.15942
-0.0068792 -0.00235097 -1.15942
-0.00707525 -0.00235097 -1.15942
-0.00727131 -0.00235097 -1.15942
-0.0068792 -0.00215491 -1.15942
-0.00707525 -0.00215491 -1.15942
-0.00727131 -0.00215491 -1.15942
-0.0068792 -0.00195886 -1.15942
-0.00707525 -0.00195886 -1.15942
-0.00727131 -0.00195886 -1.15942
-0.0068792 -0.0017628 -1.15942
-0.00707525 -0.0017628 -1.15942
-0.00727131 -0.0017628 -1.15942
-0.0068792 -0.00156675 -1.15942
-0.00707525 -0.00156675 -1.15942
-0.00727131 -0.00156675 -1.15942
-0.0068792 -0.00137069 -1.15942
-0.00707525 -0.00137069 -1.15942
-0.00727131 -0.00137069 -1.15942
-0.0068792 -0.00117464 -1.15942
-0.00707525 -0.00117464 -1.15942
-0.00727131 -0.00117464 -1.15942
-0.0068792 -0.000978584 -1.15942
-0.00707525 -0.000978584 -1.15942
-0.00727131 -0.000978584 -1.15942
-0.0068792 -0.000782528 -1.15942
-0.00707525 -0.000782528 -1.15942
-0.00727131 -0.000782528 -1.15942
-0.0068792 -0.000586473 -1.15942
-0.00707525 -0.000586473 -1.15942
-0.00727131 -0.000586473 -1.15943
-0.0068792 -0.000390418 -1.15942
-0.00707525 -0.000390418 -1.15942
-0.00727131 -0.000390418 -1.15943
-0.0068792 -0.000194363 -1.15942
-0.00707525 -0.000194363 -1.15942
-0.00727131 -0.000194363 -1.15943
-0.0068792 1.69216e-06 -1.15942
-0.00707525 1.69216e-06 -1.15943
-0.00727131 1.69216e-06 -1.15943
-0.0068792 0.000197747 -1.15942
-0.00707525 0.000197747 -1.15943
-0.00727131 0.000197747 -1.15943
-0.0068792 0.000393802 -1.15943
-0.00707525 0.000393802 -1.15943
-0.00727131 0.000393802 -1.15943
-0.0068792 0.000589858 -1.15943
-0.00707525 0.000589858 -1.15943
-0.00727131 0.000589858 -1.15943
-0.0068792 0.000785913 -1.15943
-0.00707525 0.000785913 -1.15943
-0.00727131 0.000785913 -1.15943
-0.0068792 0.000981968 -1.15943
-0.00707525 0.000981968 -1.15943
-0.00727131 0.000981968 -1.15943
-0.0068792 0.00117802 -1.15943
-0.00707525 0.00117802 -1.15943
-0.00727131 0.00117802 -1.15943
-0.0068792 0.00137408 -1.15943
-0.00707525 0.00137408 -1.15943
-0.00727131 0.00137408 -1.15943
-0.0068792 0.00157013 -1.15943
-0.00707525 0.00157013 -1.15943
-0.00727131 0.00157013 -1.15943
-0.0068792 0.00176619 -1.15943
-0.00707525 0.00176619 -1.15943
-0.00727131 0.00176619 -1.15943
-0.0068792 0.00196224 -1.15943
-0.00707525 0.00196224 -1.15943
-0.00727131 0.00196224 -1.15943
-0.0068792 0.0021583 -1.15943
-0.00707525 0.0021583 -1.15943
-0.00727131 0.0021583 -1.15943
-0.0068792 0.00235435 -1.15943
-0.00707525 0.00235435 -1.15943
-0.00727131 0.00235435 -1.15943
-0.0068792 0.00255041 -1.15943
-0.00707525 0.00255041 -1.15943
-0.00727131 0.00255041 -1.15944
-0.0068792 0.00274646 -1.15943
-0.00707525 0.00274646 -1.15943
-0.00727131 0.00274646 -1.15944
-0.0068792 0.00294252 -1.15943
-0.00707525 0.00294252 -1.15944
-0.00727131 0.00294252 -1.15944
-0.0068792 0.00313857 -1.15943
-0.00707525 0.00313857 -1.15944
-0.00727131 0.00313857 -1.15944
-0.0068792 0.00333463 -1.15943
-0.00707525 0.00333463 -1.15944
-0.00727131 0.00333463 -1.15944
-0.0068792 0.00353068 -1.15944
-0.00707525 0.00353068 -1.15944
-0.00727131 0.00353068 -1.15944
-0.0068792 0.00372674 -1.15944
-0.00707525 0.00372674 -1.15944
-0.00727131 0.00372674 -1.15944
-0.0068792 0.0039228 -1.15944
-0.00707525 0.0039228 -1.15944
-0.00727131 0.0039228 -1.15944
-0.0068792 0.00411885 -1.15944
-0.00707525 0.00411885 -1.15944
-0.00727131 0.00411885 -1.15944
-0.0068792 0.00431491 -1.15944
-0.00707525 0.00431491 -1.15944
-0.00727131 0.00431491 -1.15944
-0.0068792 0.00451096 -1.15944
-0.00707525 0.00451096 -1.15944
-0.00727131 0.00451096 -1.15944
-0.0068792 0.00470702 -1.15944
-0.00707525 0.00470702 -1.15944
-0.00727131 0.00470702 -1.15944
-0.0068792 0.00490307 -1.15944
-0.00707525 0.00490307 -1.15944
-0.00727131 0.00490307 -1.15944
-0.0068792 0.00509913 -1.15944
-0.00707525 0.00509913 -1.15944
-0.00727131 0.00509913 -1.15944
-0.0068792 0.00529518 -1.15944
-0.00707525 0.00529518 -1.15944
-0.00727131 0.00529518 -1.15944
-0.0068792 0.00549124 -1.15944
-0.00707525 0.00549124 -1.15944
-0.00727131 0.00549124 -1.15945
-0.0068792 0.00568729 -1.15944
-0.00707525 0.00568729 -1.15944
-0.00727131 0.00568729 -1.15945
-0.0068792 0.00588335 -1.15944
-0.00707525 0.00588335 -1.15944
-0.00727131 0.00588335 -1.15945
-0.0068792 0.0060794 -1.15944
-0.00707525 0.0060794 -1.15945
-0.00727131 0.0060794 -1.15945
-0.0068792 0.00627546 -1.15944
-0.00707525 0.00627546 -1.15945
-0.00727131 0.00627546 -1.15945
-0.0068792 0.00647151 -1.15945
-0.00707525 0.00647151 -1.15945
-0.00727131 0.00647151 -1.15945
-0.0068792 0.00666757 -1.15945
-0.00707525 0.00666757 -1.15945
-0.00727131 0.00666757 -1.15945
-0.0068792 0.00686362 -1.15945
-0.00707525 0.00686362 -1.15945
-0.00727131 0.00686362 -1.15945
-0.0068792 0.00705968 -1.15945
-0.00707525 0.00705968 -1.15945
-0.00727131 0.00705968 -1.15945
-0.0068792 0.00725573 -1.15945
-0.00707525 0.00725573 -1.15945
-0.00727131 0.00725573 -1.15945
-0.0068792 0.00745179 -1.15945
-0.00707525 0.00745179 -1.15945
-0.00727131 0.00745179 -1.15945
-0.0068792 0.00764784 -1.15945
-0.00707525 0.00764784 -1.15945
-0.00727131 0.00764784 -1.15945
-0.0068792 0.0078439 -1.15945
-0.00707525 0.0078439 -1.15945
-0.00727131 0.0078439 -1.15945
-0.0068792 0.00803995 -1.15945
-0.00707525 0.00803995 -1.15945
-0.00727131 0.00803995 -1.15945
-0.0068792 0.00823601 -1.15945
-0.00707525 0.00823601 -1.15945
-0.00727131 0.00823601 -1.15945
-0.0068792 0.00843206 -1.15945
-0.00707525 0.00843206 -1.15945
-0.00727131 0.00843206 -1.15945
-0.0068792 0.00862812 -1.15945
-0.00707525 0.00862812 -1.15945
-0.00727131 0.00862812 -1.15946
-0.0068792 0.00882417 -1.15945
-0.00707525 0.00882417 -1.15945
-0.00727131 0.00882417 -1.15946
-0.0068792 0.00902023 -1.15945
-0.00707525 0.00902023 -1.15946
-0.00727131 0.00902023 -1.15946
-0.0068792 0.00921628 -1.15945
-0.00707525 0.00921628 -1.15946
-0.00727131 0.00921628 -1.15946
-0.0068792 0.00941234 -1.15945
-0.00707525 0.00941234 -1.15946
-0.00727131 0.00941234 -1.15946
-0.0068792 0.00960839 -1.15946
-0.00707525 0.00960839 -1.15946
-0.00727131 0.00960839 -1.15946
-0.0068792 0.00980445 -1.15946
-0.00707525 0.00980445 -1.15946
-0.00727131 0.00980445 -1.15946
-0.0068792 0.0100005 -1.15946
-0.00707525 0.0100005 -1.15946
-0.00727131 0.0100005 -1.15946
-0.0068792 0.0101966 -1.15946
-0.00707525 0.0101966 -1.15946
-0.00727131 0.0101966 -1.15946
-0.0068792 0.0103926 -1.15946
-0.00707525 0.0103926 -1.15946
-0.00727131 0.0103926 -1.15946
-0.0068792 0.0105887 -1.15946
-0.00707525 0.0105887 -1.15946
-0.00727131 0.0105887 -1.15946
