-0.0079517 -0.0571493 -1.04678
-0.00898892 -0.0571493 -1.04679
-0.0100261 -0.0571493 -1.04679
-0.0079517 -0.056112 -1.04679
-0.00898892 -0.056112 -1.04679
-0.0100261 -0.056112 -1.04679
-0.0079517 -0.0550748 -1.04679
-0.00898892 -0.0550748 -1.04679
-0.0100261 -0.0550748 -1.04679
-0.0079517 -0.0540376 -1.04679
-0.00898892 -0.0540376 -1.04679
-0.0100261 -0.0540376 -1.04679
-0.0079517 -0.0530004 -1.04679
-0.00898892 -0.0530004 -1.04679
-0.0100261 -0.0530004 -1.04679
-0.0079517 -0.0519632 -1.04679
-0.00898892 -0.0519632 -1.04679
-0.0100261 -0.0519632 -1.04679
-0.0079517 -0.050926 -1.04679
-0.00898892 -0.050926 -1.04679
-0.0100261 -0.050926 -1.04679
-0.0079517 -0.0498888 -1.04679
-0.00898892 -0.0498888 -1.04679
-0.0100261 -0.0498888 -1.04679
-0.0079517 -0.0488515 -1.04679
-0.00898892 -0.0488515 -1.04679
-0.0100261 -0.0488515 -1.04679
-0.0079517 -0.0478143 -1.0468
-0.00898892 -0.0478143 -1.0468
-0.0100261 -0.0478143 -1.0468
-0.0079517 -0.0467771 -1.0468
-0.00898892 -0.0467771 -1.0468
-0.0100261 -0.0467771 -1.0468
-0.0079517 -0.0457399 -1.0468
-0.00898892 -0.0457399 -1.0468
-0.0100261 -0.0457399 -1.0468
-0.0079517 -0.0447027 -1.0468
-0.00898892 -0.0447027 -1.0468
-0.0100261 -0.0447027 -1.0468
-0.0079517 -0.0436655 -1.0468
-0.00898892 -0.0436655 -1.0468
-0.0100261 -0.0436655 -1.0468
-0.0079517 -0.0426282 -1.0468
-0.00898892 -0.0426282 -1.0468
-0.0100261 -0.0426282 -1.0468
-0.0079517 -0.041591 -1.0468
-0.00898892 -0.041591 -1.0468
-0.0100261 -0.041591 -1.0468
-0.0079517 -0.0405538 -1.0468
-0.00898892 -0.0405538 -1.0468
-0.0100261 -0.0405538 -1.0468
-0.0079517 -0.0395166 -1.0468
-0.00898892 -0.0395166 -1.0468
-0.0100261 -0.0395166 -1.0468
-0.0079517 -0.0384794 -1.04681
-0.00898892 -0.0384794 -1.04681
-0.0100261 -0.0384794 -1.04681
-0.0079517 -0.0374422 -1.04681
-0.00898892 -0.0374422 -1.04681
-0.0100261 -0.0374422 -1.04681
-0.0079517 -0.0364049 -1.04681
-0.00898892 -0.0364049 -1.04681
-0.0100261 -0.0364049 -1.04681
-0.0079517 -0.0353677 -1.04681
-0.00898892 -0.0353677 -1.04681
-0.0100261 -0.0353677 -1.04681
-0.0079517 -0.0343305 -1.04681
-0.00898892 -0.0343305 -1.04681
-0.0100261 -0.0343305 -1.04681
-0.0079517 -0.0332933 -1.04681
-0.00898892 -0.0332933 -1.04681
-0.0100261 -0.0332933 -1.04681
-0.0079517 -0.0322561 -1.04681
-0.00898892 -0.0322561 -1.04681
-0.0100261 -0.0322561 -1.04681
-0.0079517 -0.0312189 -1.04681
-0.00898892 -0.0312189 -1.04681
-0.0100261 -0.0312189 -1.04681
-0.0079517 -0.0301816 -1.04681
-0.00898892 -0.0301816 -1.04681
-0.0100261 -0.0301816 -1.04682
-0.0079517 -0.0291444 -1.04682
-0.00898892 -0.0291444 -1.04682
-0.0100261 -0.0291444 -1.04682
-0.0079517 -0.0281072 -1.04682
-0.00898892 -0.0281072 -1.04682
-0.0100261 -0.0281072 -1.04682
-0.0079517 -0.02707 -1.04682
-0.00898892 -0.02707 -1.04682
-0.0100261 -0.02707 -1.04682
-0.0079517 -0.0260328 -1.04682
-0.00898892 -0.0260328 -1.04682
-0.0100261 -0.0260328 -1.04682
-0.0079517 -0.0249956 -1.04682
-0.00898892 -0.0249956 -1.04682
-0.0100261 -0.0249956 -1.04682
-0.0079517 -0.0239584 -1.04682
-0.00898892 -0.0239584 -1.04682
-0.0100261 -0.0239584 -1.04682
-0.0079517 -0.0229211 -1.04682
-0.00898892 -0.0229211 -1.04682
-0.0100261 -0.0229211 -1.04682
-0.0079517 -0.0218839 -1.04682
-0.00898892 -0.0218839 -1.04682
-0.0100261 -0.0218839 -1.04682
-0.0079517 -0.0208467 -1.04682
-0.00898892 -0.0208467 -1.04682
-0.0100261 -0.0208467 -1.04683
-0.0079517 -0.0198095 -1.04683
-0.00898892 -0.0198095 -1.04683
-0.0100261 -0.0198095 -1.04683
-0.0079517 -0.0187723 -1.04683
-0.00898892 -0.0187723 -1.04683
-0.0100261 -0.0187723 -1.04683
-0.0079517 -0.0177351 -1.04683
-0.00898892 -0.0177351 -1.04683
-0.0100261 -0.0177351 -1.04683
-0.0079517 -0.0166978 -1.04683
-0.00898892 -0.0166978 -1.04683
-0.0100261 -0.0166978 -1.04683
-0.0079517 -0.0156606 -1.04683
-0.00898892 -0.0156606 -1.04683
-0.0100261 -0.0156606 -1.04683
-0.0079517 -0.0146234 -1.04683
-0.00898892 -0.0146234 -1.04683
-0.0100261 -0.0146234 -1.04683
-0.0079517 -0.0135862 -1.04683
-0.00898892 -0.0135862 -1.04683
-0.0100261 -0.0135862 -1.04683
-0.0079517 -0.012549 -1.04683
-0.00898892 -0.012549 -1.04683
-0.0100261 -0.012549 -1.04683
-0.0079517 -0.0115118 -1.04683
-0.00898892 -0.0115118 -1.04684
-0.0100261 -0.0115118 -1.04684
-0.0079517 -0.0104745 -1.04684
-0.00898892 -0.0104745 -1.04684
-0.0100261 -0.0104745 -1.04684
-0.0079517 -0.00943733 -1.04684
-0.00898892 -0.00943733 -1.04684
-0.0100261 -0.00943733 -1.04684
-0.0079517 -0.00840011 -1.04684
-0.00898892 -0.00840011 -1.04684
-0.0100261 -0.00840011 -1.04684
-0.0079517 -0.0073629 -1.04684
-0.00898892 -0.0073629 -1.04684
-0.0100261 -0.0073629 -1.04684
-0.0079517 -0.00632568 -1.04684
-0.00898892 -0.00632568 -1.04684
-0.0100261 -0.00632568 -1.04684
-0.0079517 -0.00528847 -1.04684
-0.00898892 -0.00528847 -1.04684
-0.0100261 -0.00528847 -1.04684
-0.0079517 -0.00425125 -1.04684
-0.00898892 -0.00425125 -1.04684
-0.0100261 -0.00425125 -1.04684
-0.0079517 -0.00321403 -1.04684
-0.00898892 -0.00321403 -1.04684
-0.0100261 -0.00321403 -1.04684
-0.0079517 -0.00217682 -1.04684
-0.00898892 -0.00217682 -1.04685
-0.0100261 -0.00217682 -1.04685
-0.0079517 -0.0011396 -1.04685
-0.00898892 -0.0011396 -1.04685
-0.0100261 -0.0011396 -1.04685
-0.0079517 -0.000102386 -1.04685
-0.00898892 -0.000102386 -1.04685
-0.0100261 -0.000102386 -1.04685
-0.0079517 0.00093483 -1.04685
-0.00898892 0.00093483 -1.04685
-0.0100261 0.00093483 -1.04685
-0.0079517 0.00197205 -1.04685
-0.00898892 0.00197205 -1.04685
-0.0100261 0.00197205 -1.04685
-0.0079517 0.00300926 -1.04685
-0.00898892 0.00300926 -1.04685
-0.0100261 0.00300926 -1.04685
-0.0079517 0.00404648 -1.04685
-0.00898892 0.00404648 -1.04685
-0.0100261 0.00404648 -1.04685
-0.0079517 0.00508369 -1.04685
-0.00898892 0.00508369 -1.04685
-0.0100261 0.00508369 -1.04685
-0.0079517 0.00612091 -1.04685
-0.00898892 0.00612091 -1.04685
-0.0100261 0.00612091 -1.04685
-0.0079517 0.00715813 -1.04686
-0.00898892 0.00715813 -1.04686
-0.0100261 0.00715813 -1.04686
-0.0079517 0.00819534 -1.04686
-0.00898892 0.00819534 -1.04686
-0.0100261 0.00819534 -1.04686
-0.0079517 0.00923256 -1.04686
-0.00898892 0.00923256 -1.04686
-0.0100261 0.00923256 -1.04686
-0.0079517 0.0102698 -1.04686
-0.00898892 0.0102698 -1.04686
-0.0100261 0.0102698 -1.04686
-0.0079517 0.011307 -1.04686
-0.00898892 0.011307 -1.04686
-0.0100261 0.011307 -1.04686
-0.0079517 0.0123442 -1.04686
-0.00898892 0.0123442 -1.04686
-0.0100261 0.0123442 -1.04686
-0.0079517 0.0133814 -1.04686
-0.00898892 0.0133814 -1.04686
-0.0100261 0.0133814 -1.04686
-0.0079517 0.0144186 -1.04686
-0.00898892 0.0144186 -1.04686
-0.0100261 0.0144186 -1.04686
-0.0079517 0.0154559 -1.04686
-0.00898892 0.0154559 -1.04686
-0.0100261 0.0154559 -1.04687
-0.0079517 0.0164931 -1.04687
-0.00898892 0.0164931 -1.04687
-0.0100261 0.0164931 -1.04687
-0.0079517 0.0175303 -1.04687
-0.00898892 0.0175303 -1.04687
-0.0100261 0.0175303 -1.04687
-0.0079517 0.0185675 -1.04687
-0.00898892 0.0185675 -1.04687
-0.0100261 0.0185675 -1.04687
-0.0079517 0.0196047 -1.04687
-0.00898892 0.0196047 -1.04687
-0.0100261 0.0196047 -1.04687
-0.0079517 0.0206419 -1.04687
-0.00898892 0.0206419 -1.04687
-0.0100261 0.0206419 -1.04687
-0.0079517 0.0216791 -1.04687
-0.00898892 0.0216791 -1.04687
-0.0100261 0.0216791 -1.04687
-0.0079517 0.0227164 -1.04687
-0.00898892 0.0227164 -1.04687
-0.0100261 0.0227164 -1.04687
-0.0079517 0.0237536 -1.04687
-0.00898892 0.0237536 -1.04687
-0.0100261 0.0237536 -1.04687
-0.0079517 0.0247908 -1.04687
-0.00898892 0.0247908 -1.04688
-0.0100261 0.0247908 -1.04688
-0.0079517 0.025828 -1.04688
-0.00898892 0.025828 -1.04688
-0.0100261 0.025828 -1.04688
-0.0079517 0.0268652 -1.04688
-0.00898892 0.0268652 -1.04688
-0.0100261 0.0268652 -1.04688
-0.0079517 0.0279024 -1.04688
-0.00898892 0.0279024 -1.04688
-0.0100261 0.0279024 -1.04688
-0.0079517 0.0289397 -1.04688
-0.00898892 0.0289397 -1.04688
-0.0100261 0.0289397 -1.04688
-0.0079517 0.0299769 -1.04688
-0.00898892 0.0299769 -1.04688
-0.0100261 0.0299769 -1.04688
-0.0079517 0.0310141 -1.04688
-0.00898892 0.0310141 -1.04688
-0.0100261 0.0310141 -1.04688
-0.0079517 0.0320513 -1.04688
-0.00898892 0.0320513 -1.04688
-0.0100261 0.0320513 -1.04688
-0.0079517 0.0330885 -1.04688
-0.00898892 0.0330885 -1.04688
-0.0100261 0.0330885 -1.04688
-0.0079517 0.0341257 -1.04688
-0.00898892 0.0341257 -1.04689
-0.0100261 0.0341257 -1.04689
-0.0079517 0.035163 -1.04689
-0.00898892 0.035163 -1.04689
-0.0100261 0.035163 -1.04689
-0.0079517 0.0362002 -1.04689
-0.00898892 0.0362002 -1.04689
-0.0100261 0.0362002 -1.04689
-0.0079517 0.0372374 -1.04689
-0.00898892 0.0372374 -1.04689
-0.0100261 0.0372374 -1.04689
-0.0079517 0.0382746 -1.04689
-0.00898892 0.0382746 -1.04689
-0.0100261 0.0382746 -1.04689
-0.0079517 0.0393118 -1.04689
-0.00898892 0.0393118 -1.04689
-0.0100261 0.0393118 -1.04689
-0.0079517 0.040349 -1.04689
-0.00898892 0.040349 -1.04689
-0.0100261 0.040349 -1.04689
-0.0079517 0.0413863 -1.04689
-0.00898892 0.0413863 -1.04689
-0.0100261 0.0413863 -1.04689
-0.0079517 0.0424235 -1.04689
-0.00898892 0.0424235 -1.04689
-0.0100261 0.0424235 -1.04689
-0.0079517 0.0434607 -1.0469
-0.00898892 0.0434607 -1.0469
-0.0100261 0.0434607 -1.0469
-0.0079517 0.0444979 -1.0469
-0.00898892 0.0444979 -1.0469
-0.0100261 0.0444979 -1.0469
-0.0079517 0.0455351 -1.0469
-0.00898892 0.0455351 -1.0469
-0.0100261 0.0455351 -1.0469
-0.0079517 0.0465723 -1.0469
-0.00898892 0.0465723 -1.0469
-0.0100261 0.0465723 -1.0469
-0.0079517 0.0476095 -1.0469
-0.00898892 0.0476095 -1.0469
-0.0100261 0.0476095 -1.0469
-0.0079517 0.0486468 -1.0469
-0.00898892 0.0486468 -1.0469
-0.0100261 0.0486468 -1.0469
-0.0079517 0.049684 -1.0469
-0.00898892 0.049684 -1.0469
-0.0100261 0.049684 -1.0469
-0.0079517 0.0507212 -1.0469
-0.00898892 0.0507212 -1.0469
-0.0100261 0.0507212 -1.0469
-0.0079517 0.0517584 -1.0469
-0.00898892 0.0517584 -1.0469
-0.0100261 0.0517584 -1.0469
-0.0079517 0.0527956 -1.04691
-0.00898892 0.0527956 -1.04691
-0.0100261 0.0527956 -1.04691
-0.0079517 0.0538328 -1.04691
-0.00898892 0.0538328 -1.04691
-0.0100261 0.0538328 -1.04691
-0.0079517 0.0548701 -1.04691
-0.00898892 0.0548701 -1.04691
-0.0100261 0.0548701 -1.04691
-0.0079517 0.0559073 -1.04691
-0.00898892 0.0559073 -1.04691
-0.0100261 0.0559073 -1.04691
-0.0079517 0.0569445 -1.04691
-0.00898892 0.0569445 -1.04691
-0.0100261 0.0569445 -1.04691
