-0.00645032 0.0240673 -1.10997
-0.00633836 0.0240673 -1.10997
-0.00622639 0.0240673 -1.10997
-0.00645032 0.0239553 -1.10997
-0.00633836 0.0239553 -1.10997
-0.00622639 0.0239553 -1.10997
-0.00645032 0.0238433 -1.10997
-0.00633836 0.0238433 -1.10997
-0.00622639 0.0238433 -1.10997
-0.00645032 0.0237314 -1.10997
-0.00633836 0.0237314 -1.10997
-0.00622639 0.0237314 -1.10997
-0.00645032 0.0236194 -1.10997
-0.00633836 0.0236194 -1.10997
-0.00622639 0.0236194 -1.10997
-0.00645032 0.0235074 -1.10997
-0.00633836 0.0235074 -1.10997
-0.00622639 0.0235074 -1.10997
-0.00645032 0.0233955 -1.10997
-0.00633836 0.0233955 -1.10997
-0.00622639 0.0233955 -1.10997
-0.00645032 0.0232835 -1.10997
-0.00633836 0.0232835 -1.10997
-0.00622639 0.0232835 -1.10997
-0.00645032 0.0231715 -1.10997
-0.00633836 0.0231715 -1.10997
-0.00622639 0.0231715 -1.10997
-0.00645032 0.0230596 -1.10997
-0.00633836 0.0230596 -1.10997
-0.00622639 0.0230596 -1.10997
-0.00645032 0.0229476 -1.10997
-0.00633836 0.0229476 -1.10997
-0.00622639 0.0229476 -1.10997
-0.00645032 0.0228357 -1.10997
-0.00633836 0.0228357 -1.10997
-0.00622639 0.0228357 -1.10997
-0.00645032 0.0227237 -1.10997
-0.00633836 0.0227237 -1.10997
-0.00622639 0.0227237 -1.10997
-0.00645032 0.0226117 -1.10997
-0.00633836 0.0226117 -1.10997
-0.00622639 0.0226117 -1.10997
-0.00645032 0.0224998 -1.10997
-0.00633836 0.0224998 -1.10997
-0.00622639 0.0224998 -1.10997
-0.00645032 0.0223878 -1.10997
-0.00633836 0.0223878 -1.10997
-0.00622639 0.0223878 -1.10997
-0.00645032 0.0222758 -1.10997
-0.00633836 0.0222758 -1.10997
-0.00622639 0.0222758 -1.10997
-0.00645032 0.0221639 -1.10997
-0.00633836 0.0221639 -1.10997
-0.00622639 0.0221639 -1.10997
-0.00645032 0.0220519 -1.10997
-0.00633836 0.0220519 -1.10997
-0.00622639 0.0220519 -1.10997
-0.00645032 0.0219399 -1.10997
-0.00633836 0.0219399 -1.10997
-0.00622639 0.0219399 -1.10997
-0.00645032 0.021828 -1.10997
-0.00633836 0.021828 -1.10997
-0.00622639 0.021828 -1.10997
-0.00645032 0.021716 -1.10997
-0.00633836 0.021716 -1.10997
-0.00622639 0.021716 -1.10997
-0.00645032 0.021604 -1.10997
-0.00633836 0.021604 -1.10997
-0.00622639 0.021604 -1.10997
-0.00645032 0.0214921 -1.10997
-0.00633836 0.0214921 -1.10997
-0.00622639 0.0214921 -1.10997
-0.00645032 0.0213801 -1.10997
-0.00633836 0.0213801 -1.10997
-0.00622639 0.0213801 -1.10997
-0.00645032 0.0212681 -1.10997
-0.00633836 0.0212681 -1.10997
-0.00622639 0.0212681 -1.10997
-0.00645032 0.0211562 -1.10997
-0.00633836 0.0211562 -1.10997
-0.00622639 0.0211562 -1.10997
-0.00645032 0.0210442 -1.10997
-0.00633836 0.0210442 -1.10997
-0.00622639 0.0210442 -1.10997
-0.00645032 0.0209322 -1.10997
-0.00633836 0.0209322 -1.10997
-0.00622639 0.0209322 -1.10997
-0.00645032 0.0208203 -1.10997
-0.00633836 0.0208203 -1.10997
-0.00622639 0.0208203 -1.10997
-0.00645032 0.0207083 -1.10997
-0.00633836 0.0207083 -1.10997
-0.00622639 0.0207083 -1.10998
-0.00645032 0.0205963 -1.10997
-0.00633836 0.0205963 -1.10997
-0.00622639 0.0205963 -1.10998
-0.00645032 0.0204844 -1.10997
-0.00633836 0.0204844 -1.10997
-0.00622639 0.0204844 -1.10998
-0.00645032 0.0203724 -1.10997
-0.00633836 0.0203724 -1.10997
-0.00622639 0.0203724 -1.10998
-0.00645032 0.0202604 -1.10997
-0.00633836 0.0202604 -1.10998
-0.00622639 0.0202604 -1.10998
-0.00645032 0.0201485 -1.10997
-0.00633836 0.0201485 -1.10998
-0.00622639 0.0201485 -1.10998
-0.00645032 0.0200365 -1.10997
-0.00633836 0.0200365 -1.10998
-0.00622639 0.0200365 -1.10998
-0.00645032 0.0199245 -1.10998
-0.00633836 0.0199245 -1.10998
-0.00622639 0.0199245 -1.10998
-0.00645032 0.0198126 -1.10998
-0.00633836 0.0198126 -1.10998
-0.00622639 0.0198126 -1.10998
-0.00645032 0.0197006 -1.10998
-0.00633836 0.0197006 -1.10998
-0.00622639 0.0197006 -1.10998
-0.00645032 0.0195886 -1.10998
-0.00633836 0.0195886 -1.10998
-0.00622639 0.0195886 -1.10998
-0.00645032 0.0194767 -1.10998
-0.00633836 0.0194767 -1.10998
-0.00622639 0.0194767 -1.10998
-0.00645032 0.0193647 -1.10998
-0.00633836 0.0193647 -1.10998
-0.00622639 0.0193647 -1.10998
-0.00645032 0.0192527 -1.10998
-0.00633836 0.0192527 -1.10998
-0.00622639 0.0192527 -1.10998
-0.00645032 0.0191408 -1.10998
-0.00633836 0.0191408 -1.10998
-0.00622639 0.0191408 -1.10998
-0.00645032 0.0190288 -1.10998
-0.00633836 0.0190288 -1.10998
-0.00622639 0.0190288 -1.10998
-0.00645032 0.0189168 -1.10998
-0.00633836 0.0189168 -1.10998
-0.00622639 0.0189168 -1.10998
-0.00645032 0.0188049 -1.10998
-0.00633836 0.0188049 -1.10998
-0.00622639 0.0188049 -1.10998
-0.00645032 0.0186929 -1.10998
-0.00633836 0.0186929 -1.10998
-0.00622639 0.0186929 -1.10998
-0.00645032 0.0185809 -1.10998
-0.00633836 0.0185809 -1.10998
-0.00622639 0.0185809 -1.10998
-0.00645032 0.018469 -1.10998
-0.00633836 0.018469 -1.10998
-0.00622639 0.018469 -1.10998
-0.00645032 0.018357 -1.10998
-0.00633836 0.018357 -1.10998
-0.00622639 0.018357 -1.10998
-0.00645032 0.018245 -1.10998
-0.00633836 0.018245 -1.10998
-0.00622639 0.018245 -1.10998
-0.00645032 0.0181331 -1.10998
-0.00633836 0.0181331 -1.10998
-0.00622639 0.0181331 -1.10998
-0.00645032 0.0180211 -1.10998
-0.00633836 0.0180211 -1.10998
-0.00622639 0.0180211 -1.10998
-0.00645032 0.0179091 -1.10998
-0.00633836 0.0179091 -1.10998
-0.00622639 0.0179091 -1.10998
-0.00645032 0.0177972 -1.10998
-0.00633836 0.0177972 -1.10998
-0.00622639 0.0177972 -1.10998
-0.00645032 0.0176852 -1.10998
-0.00633836 0.0176852 -1.10998
-0.00622639 0.0176852 -1.10998
-0.00645032 0.0175732 -1.10998
-0.00633836 0.0175732 -1.10998
-0.00622639 0.0175732 -1.10998
-0.00645032 0.0174613 -1.10998
-0.00633836 0.0174613 -1.10998
-0.00622639 0.0174613 -1.10998
-0.00645032 0.0173493 -1.10998
-0.00633836 0.0173493 -1.10998
-0.00622639 0.0173493 -1.10998
-0.00645032 0.0172373 -1.10998
-0.00633836 0.0172373 -1.10998
-0.00622639 0.0172373 -1.10998
-0.00645032 0.0171254 -1.10998
-0.00633836 0.0171254 -1.10998
-0.00622639 0.0171254 -1.10998
-0.00645032 0.0170134 -1.10998
-0.00633836 0.0170134 -1.10998
-0.00622639 0.0170134 -1.10998
-0.00645032 0.0169014 -1.10998
-0.00633836 0.0169014 -1.10998
-0.00622639 0.0169014 -1.10998
-0.00645032 0.0167895 -1.10998
-0.00633836 0.0167895 -1.10998
-0.00622639 0.0167895 -1.10998
-0.00645032 0.0166775 -1.10998
-0.00633836 0.0166775 -1.10998
-0.00622639 0.0166775 -1.10998
-0.00645032 0.0165655 -1.10998
-0.00633836 0.0165655 -1.10998
-0.00622639 0.0165655 -1.10998
-0.00645032 0.0164536 -1.10998
-0.00633836 0.0164536 -1.10998
-0.00622639 0.0164536 -1.10998
-0.00645032 0.0163416 -1.10998
-0.00633836 0.0163416 -1.10998
-0.00622639 0.0163416 -1.10998
-0.00645032 0.0162296 -1.10998
-0.00633836 0.0162296 -1.10998
-0.00622639 0.0162296 -1.10999
-0.00645032 0.0161177 -1.10998
-0.00633836 0.0161177 -1.10998
-0.00622639 0.0161177 -1.10999
-0.00645032 0.0160057 -1.10998
-0.00633836 0.0160057 -1.10998
-0.00622639 0.0160057 -1.10999
-0.00645032 0.0158937 -1.10998
-0.00633836 0.0158937 -1.10998
-0.00622639 0.0158937 -1.10999
-0.00645032 0.0157818 -1.10998
-0.00633836 0.0157818 -1.10999
-0.00622639 0.0157818 -1.10999
-0.00645032 0.0156698 -1.10998
-0.00633836 0.0156698 -1.10999
-0.00622639 0.0156698 -1.10999
-0.00645032 0.0155578 -1.10998
-0.00633836 0.0155578 -1.10999
-0.00622639 0.0155578 -1.10999
-0.00645032 0.0154459 -1.10999
-0.00633836 0.0154459 -1.10999
-0.00622639 0.0154459 -1.10999
-0.00645032 0.0153339 -1.10999
-0.00633836 0.0153339 -1.10999
-0.00622639 0.0153339 -1.10999
-0.00645032 0.0152219 -1.10999
-0.00633836 0.0152219 -1.10999
-0.00622639 0.0152219 -1.10999
-0.00645032 0.01511 -1.10999
-0.00633836 0.01511 -1.10999
-0.00622639 0.01511 -1.10999
-0.00645032 0.014998 -1.10999
-0.00633836 0.014998 -1.10999
-0.00622639 0.014998 -1.10999
-0.00645032 0.014886 -1.10999
-0.00633836 0.014886 -1.10999
-0.00622639 0.014886 -1.10999
-0.00645032 0.0147741 -1.10999
-0.00633836 0.0147741 -1.10999
-0.00622639 0.0147741 -1.10999
-0.00645032 0.0146621 -1.10999
-0.00633836 0.0146621 -1.10999
-0.00622639 0.0146621 -1.10999
-0.00645032 0.0145501 -1.10999
-0.00633836 0.0145501 -1.10999
-0.00622639 0.0145501 -1.10999
-0.00645032 0.0144382 -1.10999
-0.00633836 0.0144382 -1.10999
-0.00622639 0.0144382 -1.10999
-0.00645032 0.0143262 -1.10999
-0.00633836 0.0143262 -1.10999
-0.00622639 0.0143262 -1.10999
-0.00645032 0.0142143 -1.10999
-0.00633836 0.0142143 -1.10999
-0.00622639 0.0142143 -1.10999
-0.00645032 0.0141023 -1.10999
-0.00633836 0.0141023 -1.10999
-0.00622639 0.0141023 -1.10999
-0.00645032 0.0139903 -1.10999
-0.00633836 0.0139903 -1.10999
-0.00622639 0.0139903 -1.10999
-0.00645032 0.0138784 -1.10999
-0.00633836 0.0138784 -1.10999
-0.00622639 0.0138784 -1.10999
-0.00645032 0.0137664 -1.10999
-0.00633836 0.0137664 -1.10999
-0.00622639 0.0137664 -1.10999
-0.00645032 0.0136544 -1.10999
-0.00633836 0.0136544 -1.10999
-0.00622639 0.0136544 -1.10999
-0.00645032 0.0135425 -1.10999
-0.00633836 0.0135425 -1.10999
-0.00622639 0.0135425 -1.10999
-0.00645032 0.0134305 -1.10999
-0.00633836 0.0134305 -1.10999
-0.00622639 0.0134305 -1.10999
-0.00645032 0.0133185 -1.10999
-0.00633836 0.0133185 -1.10999
-0.00622639 0.0133185 -1.10999
-0.00645032 0.0132066 -1.10999
-0.00633836 0.0132066 -1.10999
-0.00622639 0.0132066 -1.10999
-0.00645032 0.0130946 -1.10999
-0.00633836 0.0130946 -1.10999
-0.00622639 0.0130946 -1.10999
-0.00645032 0.0129826 -1.10999
-0.00633836 0.0129826 -1.10999
-0.00622639 0.0129826 -1.10999
-0.00645032 0.0128707 -1.10999
-0.00633836 0.0128707 -1.10999
-0.00622639 0.0128707 -1.10999
-0.00645032 0.0127587 -1.10999
-0.00633836 0.0127587 -1.10999
-0.00622639 0.0127587 -1.10999
-0.00645032 0.0126467 -1.10999
-0.00633836 0.0126467 -1.10999
-0.00622639 0.0126467 -1.10999
-0.00645032 0.0125348 -1.10999
-0.00633836 0.0125348 -1.10999
-0.00622639 0.0125348 -1.10999
-0.00645032 0.0124228 -1.10999
-0.00633836 0.0124228 -1.10999
-0.00622639 0.0124228 -1.10999
-0.00645032 0.0123108 -1.10999
-0.00633836 0.0123108 -1.10999
-0.00622639 0.0123108 -1.10999
-0.00645032 0.0121989 -1.10999
-0.00633836 0.0121989 -1.10999
-0.00622639 0.0121989 -1.10999
-0.00645032 0.0120869 -1.10999
-0.00633836 0.0120869 -1.10999
-0.00622639 0.0120869 -1.10999
-0.00645032 0.0119749 -1.10999
-0.00633836 0.0119749 -1.10999
-0.00622639 0.0119749 -1.10999
-0.00645032 0.011863 -1.10999
-0.00633836 0.011863 -1.10999
-0.00622639 0.011863 -1.10999
-0.00645032 0.011751 -1.10999
-0.00633836 0.011751 -1.10999
-0.00622639 0.011751 -1.11
