-0.000776178 0.00565193 -0.738973
-0.000718534 0.00565193 -0.738969
-0.000660889 0.00565193 -0.738966
-0.000776178 0.00559429 -0.738973
-0.000718534 0.00559429 -0.73897
-0.000660889 0.00559429 -0.738966
-0.000776178 0.00553664 -0.738974
-0.000718534 0.00553664 -0.73897
-0.000660889 0.00553664 -0.738967
-0.000776178 0.005479 -0.738975
-0.000718534 0.005479 -0.738971
-0.000660889 0.005479 -0.738968
-0.000776178 0.00542136 -0.738975
-0.000718534 0.00542136 -0.738972
-0.000660889 0.00542136 -0.738968
-0.000776178 0.00536371 -0.738976
-0.000718534 0.00536371 -0.738972
-0.000660889 0.00536371 -0.738969
-0.000776178 0.00530607 -0.738977
-0.000718534 0.00530607 -0.738973
-0.000660889 0.00530607 -0.73897
-0.000776178 0.00524842 -0.738977
-0.000718534 0.00524842 -0.738974
-0.000660889 0.00524842 -0.73897
-0.000776178 0.00519078 -0.738978
-0.000718534 0.00519078 -0.738975
-0.000660889 0.00519078 -0.738971
-0.000776178 0.00513314 -0.738979
-0.000718534 0.00513314 -0.738975
-0.000660889 0.00513314 -0.738972
-0.000776178 0.00507549 -0.738979
-0.000718534 0.00507549 -0.738976
-0.000660889 0.00507549 -0.738972
-0.000776178 0.00501785 -0.73898
-0.000718534 0.00501785 -0.738977
-0.000660889 0.00501785 -0.738973
-0.000776178 0.0049602 -0.738981
-0.000718534 0.0049602 -0.738977
-0.000660889 0.0049602 -0.738974
-0.000776178 0.00490256 -0.738981
-0.000718534 0.00490256 -0.738978
-0.000660889 0.00490256 -0.738974
-0.000776178 0.00484492 -0.738982
-0.000718534 0.00484492 -0.738979
-0.000660889 0.00484492 -0.738975
-0.000776178 0.00478727 -0.738983
-0.000718534 0.00478727 -0.738979
-0.000660889 0.00478727 -0.738976
-0.000776178 0.00472963 -0.738983
-0.000718534 0.00472963 -0.73898
-0.000660889 0.00472963 -0.738976
-0.000776178 0.00467198 -0.738984
-0.000718534 0.00467198 -0.738981
-0.000660889 0.00467198 -0.738977
-0.000776178 0.00461434 -0.738985
-0.000718534 0.00461434 -0.738981
-0.000660889 0.00461434 -0.738978
-0.000776178 0.00455669 -0.738985
-0.000718534 0.00455669 -0.738982
-0.000660889 0.00455669 -0.738978
-0.000776178 0.00449905 -0.738986
-0.000718534 0.00449905 -0.738983
-0.000660889 0.00449905 -0.738979
-0.000776178 0.00444141 -0.738987
-0.000718534 0.00444141 -0.738983
-0.000660889 0.00444141 -0.73898
-0.000776178 0.00438376 -0.738988
-0.000718534 0.00438376 -0.738984
-0.000660889 0.00438376 -0.73898
-0.000776178 0.00432612 -0.738988
-0.000718534 0.00432612 -0.738985
-0.000660889 0.00432612 -0.738981
-0.000776178 0.00426847 -0.738989
-0.000718534 0.00426847 -0.738985
-0.000660889 0.00426847 -0.738982
-0.000776178 0.00421083 -0.73899
-0.000718534 0.00421083 -0.738986
-0.000660889 0.00421083 -0.738982
-0.000776178 0.00415319 -0.73899
-0.000718534 0.00415319 -0.738987
-0.000660889 0.00415319 -0.738983
-0.000776178 0.00409554 -0.738991
-0.000718534 0.00409554 -0.738987
-0.000660889 0.00409554 -0.738984
-0.000776178 0.0040379 -0.738992
-0.000718534 0.0040379 -0.738988
-0.000660889 0.0040379 -0.738984
-0.000776178 0.00398025 -0.738992
-0.000718534 0.00398025 -0.738989
-0.000660889 0.00398025 -0.738985
-0.000776178 0.00392261 -0.738993
-0.000718534 0.00392261 -0.738989
-0.000660889 0.00392261 -0.738986
-0.000776178 0.00386497 -0.738994
-0.000718534 0.00386497 -0.73899
-0.000660889 0.00386497 -0.738986
-0.000776178 0.00380732 -0.738994
-0.000718534 0.00380732 -0.738991
-0.000660889 0.00380732 -0.738987
-0.000776178 0.00374968 -0.738995
-0.000718534 0.00374968 -0.738991
-0.000660889 0.00374968 -0.738988
-0.000776178 0.00369203 -0.738996
-0.000718534 0.00369203 -0.738992
-0.000660889 0.00369203 -0.738988
-0.000776178 0.00363439 -0.738996
-0.000718534 0.00363439 -0.738993
-0.000660889 0.00363439 -0.738989
-0.000776178 0.00357675 -0.738997
-0.000718534 0.00357675 -0.738993
-0.000660889 0.00357675 -0.73899
-0.000776178 0.0035191 -0.738998
-0.000718534 0.0035191 -0.738994
-0.000660889 0.0035191 -0.73899
-0.000776178 0.00346146 -0.738998
-0.000718534 0.00346146 -0.738995
-0.000660889 0.00346146 -0.738991
-0.000776178 0.00340381 -0.738999
-0.000718534 0.00340381 -0.738995
-0.000660889 0.00340381 -0.738992
-0.000776178 0.00334617 -0.739
-0.000718534 0.00334617 -0.738996
-0.000660889 0.00334617 -0.738992
-0.000776178 0.00328853 -0.739
-0.000718534 0.00328853 -0.738997
-0.000660889 0.00328853 -0.738993
-0.000776178 0.00323088 -0.739001
-0.000718534 0.00323088 -0.738997
-0.000660889 0.00323088 -0.738994
-0.000776178 0.00317324 -0.739002
-0.000718534 0.00317324 -0.738998
-0.000660889 0.00317324 -0.738994
-0.000776178 0.00311559 -0.739002
-0.000718534 0.00311559 -0.738999
-0.000660889 0.00311559 -0.738995
-0.000776178 0.00305795 -0.739003
-0.000718534 0.00305795 -0.738999
-0.000660889 0.00305795 -0.738996
-0.000776178 0.00300031 -0.739004
-0.000718534 0.00300031 -0.739
-0.000660889 0.00300031 -0.738997
-0.000776178 0.00294266 -0.739004
-0.000718534 0.00294266 -0.739001
-0.000660889 0.00294266 -0.738997
-0.000776178 0.00288502 -0.739005
-0.000718534 0.00288502 -0.739001
-0.000660889 0.00288502 -0.738998
-0.000776178 0.00282737 -0.739006
-0.000718534 0.00282737 -0.739002
-0.000660889 0.00282737 -0.738999
-0.000776178 0.00276973 -0.739006
-0.000718534 0.00276973 -0.739003
-0.000660889 0.00276973 -0.738999
-0.000776178 0.00271208 -0.739007
-0.000718534 0.00271208 -0.739003
-0.000660889 0.00271208 -0.739
-0.000776178 0.00265444 -0.739008
-0.000718534 0.00265444 -0.739004
-0.000660889 0.00265444 -0.739001
-0.000776178 0.0025968 -0.739008
-0.000718534 0.0025968 -0.739005
-0.000660889 0.0025968 -0.739001
-0.000776178 0.00253915 -0.739009
-0.000718534 0.00253915 -0.739006
-0.000660889 0.00253915 -0.739002
-0.000776178 0.00248151 -0.73901
-0.000718534 0.00248151 -0.739006
-0.000660889 0.00248151 -0.739003
-0.000776178 0.00242386 -0.73901
-0.000718534 0.00242386 -0.739007
-0.000660889 0.00242386 -0.739003
-0.000776178 0.00236622 -0.739011
-0.000718534 0.00236622 -0.739008
-0.000660889 0.00236622 -0.739004
-0.000776178 0.00230858 -0.739012
-0.000718534 0.00230858 -0.739008
-0.000660889 0.00230858 -0.739005
-0.000776178 0.00225093 -0.739012
-0.000718534 0.00225093 -0.739009
-0.000660889 0.00225093 -0.739005
-0.000776178 0.00219329 -0.739013
-0.000718534 0.00219329 -0.73901
-0.000660889 0.00219329 -0.739006
-0.000776178 0.00213564 -0.739014
-0.000718534 0.00213564 -0.73901
-0.000660889 0.00213564 -0.739007
-0.000776178 0.002078 -0.739015
-0.000718534 0.002078 -0.739011
-0.000660889 0.002078 -0.739007
-0.000776178 0.00202036 -0.739015
-0.000718534 0.00202036 -0.739012
-0.000660889 0.00202036 -0.739008
-0.000776178 0.00196271 -0.739016
-0.000718534 0.00196271 -0.739012
-0.000660889 0.00196271 -0.739009
-0.000776178 0.00190507 -0.739017
-0.000718534 0.00190507 -0.739013
-0.000660889 0.00190507 -0.739009
-0.000776178 0.00184742 -0.739017
-0.000718534 0.00184742 -0.739014
-0.000660889 0.00184742 -0.73901
-0.000776178 0.00178978 -0.739018
-0.000718534 0.00178978 -0.739014
-0.000660889 0.00178978 -0.739011
-0.000776178 0.00173214 -0.739018
-0.000718534 0.00173214 -0.739015
-0.000660889 0.00173214 -0.739011
-0.000776178 0.00167449 -0.739019
-0.000718534 0.00167449 -0.739016
-0.000660889 0.00167449 -0.739012
-0.000776178 0.00161685 -0.73902
-0.000718534 0.00161685 -0.739016
-0.000660889 0.00161685 -0.739013
-0.000776178 0.0015592 -0.739021
-0.000718534 0.0015592 -0.739017
-0.000660889 0.0015592 -0.739013
-0.000776178 0.00150156 -0.739021
-0.000718534 0.00150156 -0.739018
-0.000660889 0.00150156 -0.739014
-0.000776178 0.00144392 -0.739022
-0.000718534 0.00144392 -0.739018
-0.000660889 0.00144392 -0.739015
-0.000776178 0.00138627 -0.739023
-0.000718534 0.00138627 -0.739019
-0.000660889 0.00138627 -0.739015
-0.000776178 0.00132863 -0.739023
-0.000718534 0.00132863 -0.73902
-0.000660889 0.00132863 -0.739016
-0.000776178 0.00127098 -0.739024
-0.000718534 0.00127098 -0.73902
-0.000660889 0.00127098 -0.739017
-0.000776178 0.00121334 -0.739025
-0.000718534 0.00121334 -0.739021
-0.000660889 0.00121334 -0.739017
-0.000776178 0.00115569 -0.739025
-0.000718534 0.00115569 -0.739022
-0.000660889 0.00115569 -0.739018
-0.000776178 0.00109805 -0.739026
-0.000718534 0.00109805 -0.739022
-0.000660889 0.00109805 -0.739019
-0.000776178 0.00104041 -0.739027
-0.000718534 0.00104041 -0.739023
-0.000660889 0.00104041 -0.739019
-0.000776178 0.000982763 -0.739027
-0.000718534 0.000982763 -0.739024
-0.000660889 0.000982763 -0.73902
-0.000776178 0.000925118 -0.739028
-0.000718534 0.000925118 -0.739024
-0.000660889 0.000925118 -0.739021
-0.000776178 0.000867474 -0.739029
-0.000718534 0.000867474 -0.739025
-0.000660889 0.000867474 -0.739021
-0.000776178 0.00080983 -0.739029
-0.000718534 0.00080983 -0.739026
-0.000660889 0.00080983 -0.739022
-0.000776178 0.000752186 -0.73903
-0.000718534 0.000752186 -0.739026
-0.000660889 0.000752186 -0.739023
-0.000776178 0.000694542 -0.739031
-0.000718534 0.000694542 -0.739027
-0.000660889 0.000694542 -0.739023
-0.000776178 0.000636898 -0.739031
-0.000718534 0.000636898 -0.739028
-0.000660889 0.000636898 -0.739024
-0.000776178 0.000579254 -0.739032
-0.000718534 0.000579254 -0.739028
-0.000660889 0.000579254 -0.739025
-0.000776178 0.00052161 -0.739033
-0.000718534 0.00052161 -0.739029
-0.000660889 0.00052161 -0.739025
-0.000776178 0.000463966 -0.739033
-0.000718534 0.000463966 -0.73903
-0.000660889 0.000463966 -0.739026
-0.000776178 0.000406322 -0.739034
-0.000718534 0.000406322 -0.73903
-0.000660889 0.000406322 -0.739027
-0.000776178 0.000348678 -0.739035
-0.000718534 0.000348678 -0.739031
-0.000660889 0.000348678 -0.739028
-0.000776178 0.000291034 -0.739035
-0.000718534 0.000291034 -0.739032
-0.000660889 0.000291034 -0.739028
-0.000776178 0.00023339 -0.739036
-0.000718534 0.00023339 -0.739032
-0.000660889 0.00023339 -0.739029
-0.000776178 0.000175746 -0.739037
-0.000718534 0.000175746 -0.739033
-0.000660889 0.000175746 -0.73903
-0.000776178 0.000118101 -0.739037
-0.000718534 0.000118101 -0.739034
-0.000660889 0.000118101 -0.73903
-0.000776178 6.04574e-05 -0.739038
-0.000718534 6.04574e-05 -0.739034
-0.000660889 6.04574e-05 -0.739031
-0.000776178 2.81329e-06 -0.739039
-0.000718534 2.81329e-06 -0.739035
-0.000660889 2.81329e-06 -0.739032
-0.000776178 -5.48308e-05 -0.739039
-0.000718534 -5.48308e-05 -0.739036
-0.000660889 -5.48308e-05 -0.739032
-0.000776178 -0.000112475 -0.73904
-0.000718534 -0.000112475 -0.739037
-0.000660889 -0.000112475 -0.739033
-0.000776178 -0.000170119 -0.739041
-0.000718534 -0.000170119 -0.739037
-0.000660889 -0.000170119 -0.739034
-0.000776178 -0.000227763 -0.739041
-0.000718534 -0.000227763 -0.739038
-0.000660889 -0.000227763 -0.739034
-0.000776178 -0.000285407 -0.739042
-0.000718534 -0.000285407 -0.739039
-0.000660889 -0.000285407 -0.739035
-0.000776178 -0.000343051 -0.739043
-0.000718534 -0.000343051 -0.739039
-0.000660889 -0.000343051 -0.739036
-0.000776178 -0.000400695 -0.739043
-0.000718534 -0.000400695 -0.73904
-0.000660889 -0.000400695 -0.739036
-0.000776178 -0.000458339 -0.739044
-0.000718534 -0.000458339 -0.739041
-0.000660889 -0.000458339 -0.739037
-0.000776178 -0.000515983 -0.739045
-0.000718534 -0.000515983 -0.739041
-0.000660889 -0.000515983 -0.739038
-0.000776178 -0.000573627 -0.739046
-0.000718534 -0.000573627 -0.739042
-0.000660889 -0.000573627 -0.739038
-0.000776178 -0.000631272 -0.739046
-0.000718534 -0.000631272 -0.739043
-0.000660889 -0.000631272 -0.739039
-0.000776178 -0.000688916 -0.739047
-0.000718534 -0.000688916 -0.739043
-0.000660889 -0.000688916 -0.73904
