0.00608482 0.0204367 -0.65713
0.00626599 0.0204367 -0.65713
0.00644715 0.0204367 -0.65713
0.00608482 0.0202555 -0.657129
0.00626599 0.0202555 -0.657129
0.00644715 0.0202555 -0.657129
0.00608482 0.0200743 -0.657128
0.00626599 0.0200743 -0.657128
0.00644715 0.0200743 -0.657128
0.00608482 0.0198932 -0.657127
0.00626599 0.0198932 -0.657128
0.00644715 0.0198932 -0.657128
0.00608482 0.019712 -0.657127
0.00626599 0.019712 -0.657127
0.00644715 0.019712 -0.657127
0.00608482 0.0195309 -0.657126
0.00626599 0.0195309 -0.657126
0.00644715 0.0195309 -0.657126
0.00608482 0.0193497 -0.657126
0.00626599 0.0193497 -0.657126
0.00644715 0.0193497 -0.657126
0.00608482 0.0191685 -0.657125
0.00626599 0.0191685 -0.657125
0.00644715 0.0191685 -0.657125
0.00608482 0.0189874 -0.657124
0.00626599 0.0189874 -0.657124
0.00644715 0.0189874 -0.657124
0.00608482 0.0188062 -0.657124
0.00626599 0.0188062 -0.657124
0.00644715 0.0188062 -0.657124
0.00608482 0.018625 -0.657123
0.00626599 0.018625 -0.657123
0.00644715 0.018625 -0.657123
0.00608482 0.0184439 -0.657122
0.00626599 0.0184439 -0.657122
0.00644715 0.0184439 -0.657122
0.00608482 0.0182627 -0.657122
0.00626599 0.0182627 -0.657122
0.00644715 0.0182627 -0.657122
0.00608482 0.0180815 -0.657121
0.00626599 0.0180815 -0.657121
0.00644715 0.0180815 -0.657121
0.00608482 0.0179004 -0.65712
0.00626599 0.0179004 -0.65712
0.00644715 0.0179004 -0.65712
0.00608482 0.0177192 -0.65712
0.00626599 0.0177192 -0.65712
0.00644715 0.0177192 -0.65712
0.00608482 0.017538 -0.657119
0.00626599 0.017538 -0.657119
0.00644715 0.017538 -0.657119
0.00608482 0.0173569 -0.657118
0.00626599 0.0173569 -0.657118
0.00644715 0.0173569 -0.657118
0.00608482 0.0171757 -0.657118
0.00626599 0.0171757 -0.657118
0.00644715 0.0171757 -0.657118
0.00608482 0.0169945 -0.657117
0.00626599 0.0169945 -0.657117
0.00644715 0.0169945 -0.657117
0.00608482 0.0168134 -0.657116
0.00626599 0.0168134 -0.657116
0.00644715 0.0168134 -0.657116
0.00608482 0.0166322 -0.657116
0.00626599 0.0166322 -0.657116
0.00644715 0.0166322 -0.657116
0.00608482 0.016451 -0.657115
0.00626599 0.016451 -0.657115
0.00644715 0.016451 -0.657115
0.00608482 0.0162699 -0.657114
0.00626599 0.0162699 -0.657114
0.00644715 0.0162699 -0.657114
0.00608482 0.0160887 -0.657114
0.00626599 0.0160887 -0.657114
0.00644715 0.0160887 -0.657114
0.00608482 0.0159076 -0.657113
0.00626599 0.0159076 -0.657113
0.00644715 0.0159076 -0.657113
0.00608482 0.0157264 -0.657112
0.00626599 0.0157264 -0.657112
0.00644715 0.0157264 -0.657112
0.00608482 0.0155452 -0.657112
0.00626599 0.0155452 -0.657112
0.00644715 0.0155452 -0.657112
0.00608482 0.0153641 -0.657111
0.00626599 0.0153641 -0.657111
0.00644715 0.0153641 -0.657111
0.00608482 0.0151829 -0.65711
0.00626599 0.0151829 -0.65711
0.00644715 0.0151829 -0.65711
0.00608482 0.0150017 -0.65711
0.00626599 0.0150017 -0.65711
0.00644715 0.0150017 -0.65711
0.00608482 0.0148206 -0.657109
0.00626599 0.0148206 -0.657109
0.00644715 0.0148206 -0.657109
0.00608482 0.0146394 -0.657108
0.00626599 0.0146394 -0.657108
0.00644715 0.0146394 -0.657108
0.00608482 0.0144582 -0.657108
0.00626599 0.0144582 -0.657108
0.00644715 0.0144582 -0.657108
0.00608482 0.0142771 -0.657107
0.00626599 0.0142771 -0.657107
0.00644715 0.0142771 -0.657107
0.00608482 0.0140959 -0.657106
0.00626599 0.0140959 -0.657106
0.00644715 0.0140959 -0.657106
0.00608482 0.0139147 -0.657106
0.00626599 0.0139147 -0.657106
0.00644715 0.0139147 -0.657106
0.00608482 0.0137336 -0.657105
0.00626599 0.0137336 -0.657105
0.00644715 0.0137336 -0.657105
0.00608482 0.0135524 -0.657104
0.00626599 0.0135524 -0.657104
0.00644715 0.0135524 -0.657104
0.00608482 0.0133712 -0.657104
0.00626599 0.0133712 -0.657104
0.00644715 0.0133712 -0.657104
0.00608482 0.0131901 -0.657103
0.00626599 0.0131901 -0.657103
0.00644715 0.0131901 -0.657103
0.00608482 0.0130089 -0.657102
0.00626599 0.0130089 -0.657102
0.00644715 0.0130089 -0.657102
0.00608482 0.0128277 -0.657102
0.00626599 0.0128277 -0.657102
0.00644715 0.0128277 -0.657102
0.00608482 0.0126466 -0.657101
0.00626599 0.0126466 -0.657101
0.00644715 0.0126466 -0.657101
0.00608482 0.0124654 -0.6571
0.00626599 0.0124654 -0.6571
0.00644715 0.0124654 -0.6571
0.00608482 0.0122842 -0.6571
0.00626599 0.0122842 -0.6571
0.00644715 0.0122842 -0.6571
0.00608482 0.0121031 -0.657099
0.00626599 0.0121031 -0.657099
0.00644715 0.0121031 -0.657099
0.00608482 0.0119219 -0.657098
0.00626599 0.0119219 -0.657098
0.00644715 0.0119219 -0.657099
0.00608482 0.0117408 -0.657098
0.00626599 0.0117408 -0.657098
0.00644715 0.0117408 -0.657098
0.00608482 0.0115596 -0.657097
0.00626599 0.0115596 -0.657097
0.00644715 0.0115596 -0.657097
0.00608482 0.0113784 -0.657096
0.00626599 0.0113784 -0.657096
0.00644715 0.0113784 -0.657097
0.00608482 0.0111973 -0.657096
0.00626599 0.0111973 -0.657096
0.00644715 0.0111973 -0.657096
0.00608482 0.0110161 -0.657095
0.00626599 0.0110161 -0.657095
0.00644715 0.0110161 -0.657095
0.00608482 0.0108349 -0.657094
0.00626599 0.0108349 -0.657094
0.00644715 0.0108349 -0.657095
0.00608482 0.0106538 -0.657094
0.00626599 0.0106538 -0.657094
0.00644715 0.0106538 -0.657094
0.00608482 0.0104726 -0.657093
0.00626599 0.0104726 -0.657093
0.00644715 0.0104726 -0.657093
0.00608482 0.0102914 -0.657092
0.00626599 0.0102914 -0.657092
0.00644715 0.0102914 -0.657093
0.00608482 0.0101103 -0.657092
0.00626599 0.0101103 -0.657092
0.00644715 0.0101103 -0.657092
0.00608482 0.0099291 -0.657091
0.00626599 0.0099291 -0.657091
0.00644715 0.0099291 -0.657091
0.00608482 0.00974794 -0.65709
0.00626599 0.00974794 -0.65709
0.00644715 0.00974794 -0.657091
0.00608482 0.00956677 -0.65709
0.00626599 0.00956677 -0.65709
0.00644715 0.00956677 -0.65709
0.00608482 0.00938561 -0.657089
0.00626599 0.00938561 -0.657089
0.00644715 0.00938561 -0.657089
0.00608482 0.00920444 -0.657088
0.00626599 0.00920444 -0.657089
0.00644715 0.00920444 -0.657089
0.00608482 0.00902328 -0.657088
0.00626599 0.00902328 -0.657088
0.00644715 0.00902328 -0.657088
0.00608482 0.00884211 -0.657087
0.00626599 0.00884211 -0.657087
0.00644715 0.00884211 -0.657087
0.00608482 0.00866095 -0.657086
0.00626599 0.00866095 -0.657086
0.00644715 0.00866095 -0.657087
0.00608482 0.00847978 -0.657086
0.00626599 0.00847978 -0.657086
0.00644715 0.00847978 -0.657086
0.00608482 0.00829862 -0.657085
0.00626599 0.00829862 -0.657085
0.00644715 0.00829862 -0.657085
0.00608482 0.00811745 -0.657084
0.00626599 0.00811745 -0.657085
0.00644715 0.00811745 -0.657085
0.00608482 0.00793629 -0.657084
0.00626599 0.00793629 -0.657084
0.00644715 0.00793629 -0.657084
0.00608482 0.00775512 -0.657083
0.00626599 0.00775512 -0.657083
0.00644715 0.00775512 -0.657083
0.00608482 0.00757396 -0.657082
0.00626599 0.00757396 -0.657082
0.00644715 0.00757396 -0.657083
0.00608482 0.00739279 -0.657082
0.00626599 0.00739279 -0.657082
0.00644715 0.00739279 -0.657082
0.00608482 0.00721163 -0.657081
0.00626599 0.00721163 -0.657081
0.00644715 0.00721163 -0.657081
0.00608482 0.00703046 -0.65708
0.00626599 0.00703046 -0.657081
0.00644715 0.00703046 -0.657081
0.00608482 0.0068493 -0.65708
0.00626599 0.0068493 -0.65708
0.00644715 0.0068493 -0.65708
0.00608482 0.00666813 -0.657079
0.00626599 0.00666813 -0.657079
0.00644715 0.00666813 -0.657079
0.00608482 0.00648697 -0.657078
0.00626599 0.00648697 -0.657079
0.00644715 0.00648697 -0.657079
0.00608482 0.0063058 -0.657078
0.00626599 0.0063058 -0.657078
0.00644715 0.0063058 -0.657078
0.00608482 0.00612464 -0.657077
0.00626599 0.00612464 -0.657077
0.00644715 0.00612464 -0.657077
0.00608482 0.00594347 -0.657076
0.00626599 0.00594347 -0.657077
0.00644715 0.00594347 -0.657077
0.00608482 0.00576231 -0.657076
0.00626599 0.00576231 -0.657076
0.00644715 0.00576231 -0.657076
0.00608482 0.00558114 -0.657075
0.00626599 0.00558114 -0.657075
0.00644715 0.00558114 -0.657075
0.00608482 0.00539998 -0.657075
0.00626599 0.00539998 -0.657075
0.00644715 0.00539998 -0.657075
0.00608482 0.00521881 -0.657074
0.00626599 0.00521881 -0.657074
0.00644715 0.00521881 -0.657074
0.00608482 0.00503765 -0.657073
0.00626599 0.00503765 -0.657073
0.00644715 0.00503765 -0.657073
0.00608482 0.00485648 -0.657072
0.00626599 0.00485648 -0.657073
0.00644715 0.00485648 -0.657073
0.00608482 0.00467532 -0.657072
0.00626599 0.00467532 -0.657072
0.00644715 0.00467532 -0.657072
0.00608482 0.00449415 -0.657071
0.00626599 0.00449415 -0.657071
0.00644715 0.00449415 -0.657071
0.00608482 0.00431299 -0.657071
0.00626599 0.00431299 -0.657071
0.00644715 0.00431299 -0.657071
0.00608482 0.00413182 -0.65707
0.00626599 0.00413182 -0.65707
0.00644715 0.00413182 -0.65707
0.00608482 0.00395066 -0.657069
0.00626599 0.00395066 -0.657069
0.00644715 0.00395066 -0.657069
0.00608482 0.00376949 -0.657069
0.00626599 0.00376949 -0.657069
0.00644715 0.00376949 -0.657069
0.00608482 0.00358833 -0.657068
0.00626599 0.00358833 -0.657068
0.00644715 0.00358833 -0.657068
0.00608482 0.00340716 -0.657067
0.00626599 0.00340716 -0.657067
0.00644715 0.00340716 -0.657067
0.00608482 0.003226 -0.657067
0.00626599 0.003226 -0.657067
0.00644715 0.003226 -0.657067
0.00608482 0.00304483 -0.657066
0.00626599 0.00304483 -0.657066
0.00644715 0.00304483 -0.657066
0.00608482 0.00286367 -0.657065
0.00626599 0.00286367 -0.657065
0.00644715 0.00286367 -0.657065
0.00608482 0.0026825 -0.657065
0.00626599 0.0026825 -0.657065
0.00644715 0.0026825 -0.657065
0.00608482 0.00250134 -0.657064
0.00626599 0.00250134 -0.657064
0.00644715 0.00250134 -0.657064
0.00608482 0.00232017 -0.657063
0.00626599 0.00232017 -0.657063
0.00644715 0.00232017 -0.657063
0.00608482 0.00213901 -0.657063
0.00626599 0.00213901 -0.657063
0.00644715 0.00213901 -0.657063
0.00608482 0.00195784 -0.657062
0.00626599 0.00195784 -0.657062
0.00644715 0.00195784 -0.657062
0.00608482 0.00177667 -0.657061
0.00626599 0.00177667 -0.657061
0.00644715 0.00177667 -0.657061
0.00608482 0.00159551 -0.657061
0.00626599 0.00159551 -0.657061
0.00644715 0.00159551 -0.657061
0.00608482 0.00141434 -0.65706
0.00626599 0.00141434 -0.65706
0.00644715 0.00141434 -0.65706
0.00608482 0.00123318 -0.657059
0.00626599 0.00123318 -0.657059
0.00644715 0.00123318 -0.657059
0.00608482 0.00105201 -0.657059
0.00626599 0.00105201 -0.657059
0.00644715 0.00105201 -0.657059
0.00608482 0.00087085 -0.657058
0.00626599 0.00087085 -0.657058
0.00644715 0.00087085 -0.657058
0.00608482 0.000689684 -0.657057
0.00626599 0.000689684 -0.657057
0.00644715 0.000689684 -0.657057
0.00608482 0.000508519 -0.657057
0.00626599 0.000508519 -0.657057
0.00644715 0.000508519 -0.657057
