-0.0202741 0.0360003 -0.976671
-0.0196392 0.0360003 -0.976676
-0.0190044 0.0360003 -0.97668
-0.0202741 0.0353655 -0.976671
-0.0196392 0.0353655 -0.976676
-0.0190044 0.0353655 -0.976681
-0.0202741 0.0347306 -0.976672
-0.0196392 0.0347306 -0.976676
-0.0190044 0.0347306 -0.976681
-0.0202741 0.0340958 -0.976672
-0.0196392 0.0340958 -0.976677
-0.0190044 0.0340958 -0.976681
-0.0202741 0.0334609 -0.976672
-0.0196392 0.0334609 -0.976677
-0.0190044 0.0334609 -0.976682
-0.0202741 0.0328261 -0.976672
-0.0196392 0.0328261 -0.976677
-0.0190044 0.0328261 -0.976682
-0.0202741 0.0321912 -0.976673
-0.0196392 0.0321912 -0.976678
-0.0190044 0.0321912 -0.976682
-0.0202741 0.0315564 -0.976673
-0.0196392 0.0315564 -0.976678
-0.0190044 0.0315564 -0.976683
-0.0202741 0.0309215 -0.976673
-0.0196392 0.0309215 -0.976678
-0.0190044 0.0309215 -0.976683
-0.0202741 0.0302867 -0.976674
-0.0196392 0.0302867 -0.976679
-0.0190044 0.0302867 -0.976683
-0.0202741 0.0296518 -0.976674
-0.0196392 0.0296518 -0.976679
-0.0190044 0.0296518 -0.976684
-0.0202741 0.029017 -0.976674
-0.0196392 0.029017 -0.976679
-0.0190044 0.029017 -0.976684
-0.0202741 0.0283821 -0.976675
-0.0196392 0.0283821 -0.97668
-0.0190044 0.0283821 -0.976684
-0.0202741 0.0277473 -0.976675
-0.0196392 0.0277473 -0.97668
-0.0190044 0.0277473 -0.976685
-0.0202741 0.0271125 -0.976675
-0.0196392 0.0271125 -0.97668
-0.0190044 0.0271125 -0.976685
-0.0202741 0.0264776 -0.976676
-0.0196392 0.0264776 -0.97668
-0.0190044 0.0264776 -0.976685
-0.0202741 0.0258428 -0.976676
-0.0196392 0.0258428 -0.976681
-0.0190044 0.0258428 -0.976686
-0.0202741 0.0252079 -0.976676
-0.0196392 0.0252079 -0.976681
-0.0190044 0.0252079 -0.976686
-0.0202741 0.0245731 -0.976677
-0.0196392 0.0245731 -0.976681
-0.0190044 0.0245731 -0.976686
-0.0202741 0.0239382 -0.976677
-0.0196392 0.0239382 -0.976682
-0.0190044 0.0239382 -0.976687
-0.0202741 0.0233034 -0.976677
-0.0196392 0.0233034 -0.976682
-0.0190044 0.0233034 -0.976687
-0.0202741 0.0226685 -0.976678
-0.0196392 0.0226685 -0.976682
-0.0190044 0.0226685 -0.976687
-0.0202741 0.0220337 -0.976678
-0.0196392 0.0220337 -0.976683
-0.0190044 0.0220337 -0.976687
-0.0202741 0.0213988 -0.976678
-0.0196392 0.0213988 -0.976683
-0.0190044 0.0213988 -0.976688
-0.0202741 0.020764 -0.976678
-0.0196392 0.020764 -0.976683
-0.0190044 0.020764 -0.976688
-0.0202741 0.0201291 -0.976679
-0.0196392 0.0201291 -0.976684
-0.0190044 0.0201291 -0.976688
-0.0202741 0.0194943 -0.976679
-0.0196392 0.0194943 -0.976684
-0.0190044 0.0194943 -0.976689
-0.0202741 0.0188594 -0.976679
-0.0196392 0.0188594 -0.976684
-0.0190044 0.0188594 -0.976689
-0.0202741 0.0182246 -0.97668
-0.0196392 0.0182246 -0.976685
-0.0190044 0.0182246 -0.976689
-0.0202741 0.0175897 -0.97668
-0.0196392 0.0175897 -0.976685
-0.0190044 0.0175897 -0.97669
-0.0202741 0.0169549 -0.97668
-0.0196392 0.0169549 -0.976685
-0.0190044 0.0169549 -0.97669
-0.0202741 0.0163201 -0.976681
-0.0196392 0.0163201 -0.976686
-0.0190044 0.0163201 -0.97669
-0.0202741 0.0156852 -0.976681
-0.0196392 0.0156852 -0.976686
-0.0190044 0.0156852 -0.976691
-0.0202741 0.0150504 -0.976681
-0.0196392 0.0150504 -0.976686
-0.0190044 0.0150504 -0.976691
-0.0202741 0.0144155 -0.976682
-0.0196392 0.0144155 -0.976686
-0.0190044 0.0144155 -0.976691
-0.0202741 0.0137807 -0.976682
-0.0196392 0.0137807 -0.976687
-0.0190044 0.0137807 -0.976692
-0.0202741 0.0131458 -0.976682
-0.0196392 0.0131458 -0.976687
-0.0190044 0.0131458 -0.976692
-0.0202741 0.012511 -0.976683
-0.0196392 0.012511 -0.976687
-0.0190044 0.012511 -0.976692
-0.0202741 0.0118761 -0.976683
-0.0196392 0.0118761 -0.976688
-0.0190044 0.0118761 -0.976693
-0.0202741 0.0112413 -0.976683
-0.0196392 0.0112413 -0.976688
-0.0190044 0.0112413 -0.976693
-0.0202741 0.0106064 -0.976684
-0.0196392 0.0106064 -0.976688
-0.0190044 0.0106064 -0.976693
-0.0202741 0.00997159 -0.976684
-0.0196392 0.00997159 -0.976689
-0.0190044 0.00997159 -0.976694
-0.0202741 0.00933674 -0.976684
-0.0196392 0.00933674 -0.976689
-0.0190044 0.00933674 -0.976694
-0.0202741 0.00870189 -0.976685
-0.0196392 0.00870189 -0.976689
-0.0190044 0.00870189 -0.976694
-0.0202741 0.00806705 -0.976685
-0.0196392 0.00806705 -0.97669
-0.0190044 0.00806705 -0.976694
-0.0202741 0.0074322 -0.976685
-0.0196392 0.0074322 -0.97669
-0.0190044 0.0074322 -0.976695
-0.0202741 0.00679735 -0.976685
-0.0196392 0.00679735 -0.97669
-0.0190044 0.00679735 -0.976695
-0.0202741 0.00616251 -0.976686
-0.0196392 0.00616251 -0.976691
-0.0190044 0.00616251 -0.976695
-0.0202741 0.00552766 -0.976686
-0.0196392 0.00552766 -0.976691
-0.0190044 0.00552766 -0.976696
-0.0202741 0.00489281 -0.976686
-0.0196392 0.00489281 -0.976691
-0.0190044 0.00489281 -0.976696
-0.0202741 0.00425797 -0.976687
-0.0196392 0.00425797 -0.976692
-0.0190044 0.00425797 -0.976696
-0.0202741 0.00362312 -0.976687
-0.0196392 0.00362312 -0.976692
-0.0190044 0.00362312 -0.976697
-0.0202741 0.00298827 -0.976687
-0.0196392 0.00298827 -0.976692
-0.0190044 0.00298827 -0.976697
-0.0202741 0.00235343 -0.976688
-0.0196392 0.00235343 -0.976692
-0.0190044 0.00235343 -0.976697
-0.0202741 0.00171858 -0.976688
-0.0196392 0.00171858 -0.976693
-0.0190044 0.00171858 -0.976698
-0.0202741 0.00108373 -0.976688
-0.0196392 0.00108373 -0.976693
-0.0190044 0.00108373 -0.976698
-0.0202741 0.000448887 -0.976689
-0.0196392 0.000448887 -0.976693
-0.0190044 0.000448887 -0.976698
-0.0202741 -0.00018596 -0.976689
-0.0196392 -0.00018596 -0.976694
-0.0190044 -0.00018596 -0.976699
-0.0202741 -0.000820807 -0.976689
-0.0196392 -0.000820807 -0.976694
-0.0190044 -0.000820807 -0.976699
-0.0202741 -0.00145565 -0.97669
-0.0196392 -0.00145565 -0.976694
-0.0190044 -0.00145565 -0.976699
-0.0202741 -0.0020905 -0.97669
-0.0196392 -0.0020905 -0.976695
-0.0190044 -0.0020905 -0.9767
-0.0202741 -0.00272535 -0.97669
-0.0196392 -0.00272535 -0.976695
-0.0190044 -0.00272535 -0.9767
-0.0202741 -0.00336019 -0.976691
-0.0196392 -0.00336019 -0.976695
-0.0190044 -0.00336019 -0.9767
-0.0202741 -0.00399504 -0.976691
-0.0196392 -0.00399504 -0.976696
-0.0190044 -0.00399504 -0.9767
-0.0202741 -0.00462989 -0.976691
-0.0196392 -0.00462989 -0.976696
-0.0190044 -0.00462989 -0.976701
-0.0202741 -0.00526473 -0.976692
-0.0196392 -0.00526473 -0.976696
-0.0190044 -0.00526473 -0.976701
-0.0202741 -0.00589958 -0.976692
-0.0196392 -0.00589958 -0.976697
-0.0190044 -0.00589958 -0.976701
-0.0202741 -0.00653443 -0.976692
-0.0196392 -0.00653443 -0.976697
-0.0190044 -0.00653443 -0.976702
-0.0202741 -0.00716927 -0.976692
-0.0196392 -0.00716927 -0.976697
-0.0190044 -0.00716927 -0.976702
-0.0202741 -0.00780412 -0.976693
-0.0196392 -0.00780412 -0.976698
-0.0190044 -0.00780412 -0.976702
-0.0202741 -0.00843897 -0.976693
-0.0196392 -0.00843897 -0.976698
-0.0190044 -0.00843897 -0.976703
-0.0202741 -0.00907381 -0.976693
-0.0196392 -0.00907381 -0.976698
-0.0190044 -0.00907381 -0.976703
-0.0202741 -0.00970866 -0.976694
-0.0196392 -0.00970866 -0.976699
-0.0190044 -0.00970866 -0.976703
-0.0202741 -0.0103435 -0.976694
-0.0196392 -0.0103435 -0.976699
-0.0190044 -0.0103435 -0.976704
-0.0202741 -0.0109784 -0.976694
-0.0196392 -0.0109784 -0.976699
-0.0190044 -0.0109784 -0.976704
-0.0202741 -0.0116132 -0.976695
-0.0196392 -0.0116132 -0.9767
-0.0190044 -0.0116132 -0.976704
-0.0202741 -0.012248 -0.976695
-0.0196392 -0.012248 -0.9767
-0.0190044 -0.012248 -0.976705
-0.0202741 -0.0128829 -0.976695
-0.0196392 -0.0128829 -0.9767
-0.0190044 -0.0128829 -0.976705
-0.0202741 -0.0135177 -0.976696
-0.0196392 -0.0135177 -0.9767
-0.0190044 -0.0135177 -0.976705
-0.0202741 -0.0141526 -0.976696
-0.0196392 -0.0141526 -0.976701
-0.0190044 -0.0141526 -0.976706
-0.0202741 -0.0147874 -0.976696
-0.0196392 -0.0147874 -0.976701
-0.0190044 -0.0147874 -0.976706
-0.0202741 -0.0154223 -0.976697
-0.0196392 -0.0154223 -0.976701
-0.0190044 -0.0154223 -0.976706
-0.0202741 -0.0160571 -0.976697
-0.0196392 -0.0160571 -0.976702
-0.0190044 -0.0160571 -0.976707
-0.0202741 -0.016692 -0.976697
-0.0196392 -0.016692 -0.976702
-0.0190044 -0.016692 -0.976707
-0.0202741 -0.0173268 -0.976698
-0.0196392 -0.0173268 -0.976702
-0.0190044 -0.0173268 -0.976707
-0.0202741 -0.0179617 -0.976698
-0.0196392 -0.0179617 -0.976703
-0.0190044 -0.0179617 -0.976707
-0.0202741 -0.0185965 -0.976698
-0.0196392 -0.0185965 -0.976703
-0.0190044 -0.0185965 -0.976708
-0.0202741 -0.0192314 -0.976699
-0.0196392 -0.0192314 -0.976703
-0.0190044 -0.0192314 -0.976708
-0.0202741 -0.0198662 -0.976699
-0.0196392 -0.0198662 -0.976704
-0.0190044 -0.0198662 -0.976708
-0.0202741 -0.0205011 -0.976699
-0.0196392 -0.0205011 -0.976704
-0.0190044 -0.0205011 -0.976709
-0.0202741 -0.0211359 -0.976699
-0.0196392 -0.0211359 -0.976704
-0.0190044 -0.0211359 -0.976709
-0.0202741 -0.0217707 -0.9767
-0.0196392 -0.0217707 -0.976705
-0.0190044 -0.0217707 -0.976709
-0.0202741 -0.0224056 -0.9767
-0.0196392 -0.0224056 -0.976705
-0.0190044 -0.0224056 -0.97671
-0.0202741 -0.0230404 -0.9767
-0.0196392 -0.0230404 -0.976705
-0.0190044 -0.0230404 -0.97671
-0.0202741 -0.0236753 -0.976701
-0.0196392 -0.0236753 -0.976706
-0.0190044 -0.0236753 -0.97671
-0.0202741 -0.0243101 -0.976701
-0.0196392 -0.0243101 -0.976706
-0.0190044 -0.0243101 -0.976711
-0.0202741 -0.024945 -0.976701
-0.0196392 -0.024945 -0.976706
-0.0190044 -0.024945 -0.976711
-0.0202741 -0.0255798 -0.976702
-0.0196392 -0.0255798 -0.976707
-0.0190044 -0.0255798 -0.976711
-0.0202741 -0.0262147 -0.976702
-0.0196392 -0.0262147 -0.976707
-0.0190044 -0.0262147 -0.976712
-0.0202741 -0.0268495 -0.976702
-0.0196392 -0.0268495 -0.976707
-0.0190044 -0.0268495 -0.976712
-0.0202741 -0.0274844 -0.976703
-0.0196392 -0.0274844 -0.976707
-0.0190044 -0.0274844 -0.976712
-0.0202741 -0.0281192 -0.976703
-0.0196392 -0.0281192 -0.976708
-0.0190044 -0.0281192 -0.976713
-0.0202741 -0.0287541 -0.976703
-0.0196392 -0.0287541 -0.976708
-0.0190044 -0.0287541 -0.976713
-0.0202741 -0.0293889 -0.976704
-0.0196392 -0.0293889 -0.976708
-0.0190044 -0.0293889 -0.976713
-0.0202741 -0.0300238 -0.976704
-0.0196392 -0.0300238 -0.976709
-0.0190044 -0.0300238 -0.976714
-0.0202741 -0.0306586 -0.976704
-0.0196392 -0.0306586 -0.976709
-0.0190044 -0.0306586 -0.976714
-0.0202741 -0.0312935 -0.976705
-0.0196392 -0.0312935 -0.976709
-0.0190044 -0.0312935 -0.976714
-0.0202741 -0.0319283 -0.976705
-0.0196392 -0.0319283 -0.97671
-0.0190044 -0.0319283 -0.976714
-0.0202741 -0.0325631 -0.976705
-0.0196392 -0.0325631 -0.97671
-0.0190044 -0.0325631 -0.976715
-0.0202741 -0.033198 -0.976705
-0.0196392 -0.033198 -0.97671
-0.0190044 -0.033198 -0.976715
-0.0202741 -0.0338328 -0.976706
-0.0196392 -0.0338328 -0.976711
-0.0190044 -0.0338328 -0.976715
