-0.00478168 -0.0254154 -0.707023
-0.00525411 -0.0254154 -0.707025
-0.00572654 -0.0254154 -0.707027
-0.00478168 -0.024943 -0.707023
-0.00525411 -0.024943 -0.707025
-0.00572654 -0.024943 -0.707027
-0.00478168 -0.0244705 -0.707023
-0.00525411 -0.0244705 -0.707025
-0.00572654 -0.0244705 -0.707028
-0.00478168 -0.0239981 -0.707023
-0.00525411 -0.0239981 -0.707026
-0.00572654 -0.0239981 -0.707028
-0.00478168 -0.0235257 -0.707024
-0.00525411 -0.0235257 -0.707026
-0.00572654 -0.0235257 -0.707028
-0.00478168 -0.0230532 -0.707024
-0.00525411 -0.0230532 -0.707026
-0.00572654 -0.0230532 -0.707028
-0.00478168 -0.0225808 -0.707024
-0.00525411 -0.0225808 -0.707026
-0.00572654 -0.0225808 -0.707028
-0.00478168 -0.0221084 -0.707024
-0.00525411 -0.0221084 -0.707026
-0.00572654 -0.0221084 -0.707028
-0.00478168 -0.021636 -0.707024
-0.00525411 -0.021636 -0.707026
-0.00572654 -0.021636 -0.707029
-0.00478168 -0.0211635 -0.707024
-0.00525411 -0.0211635 -0.707026
-0.00572654 -0.0211635 -0.707029
-0.00478168 -0.0206911 -0.707024
-0.00525411 -0.0206911 -0.707027
-0.00572654 -0.0206911 -0.707029
-0.00478168 -0.0202187 -0.707025
-0.00525411 -0.0202187 -0.707027
-0.00572654 -0.0202187 -0.707029
-0.00478168 -0.0197462 -0.707025
-0.00525411 -0.0197462 -0.707027
-0.00572654 -0.0197462 -0.707029
-0.00478168 -0.0192738 -0.707025
-0.00525411 -0.0192738 -0.707027
-0.00572654 -0.0192738 -0.707029
-0.00478168 -0.0188014 -0.707025
-0.00525411 -0.0188014 -0.707027
-0.00572654 -0.0188014 -0.707029
-0.00478168 -0.018329 -0.707025
-0.00525411 -0.018329 -0.707027
-0.00572654 -0.018329 -0.707029
-0.00478168 -0.0178565 -0.707025
-0.00525411 -0.0178565 -0.707027
-0.00572654 -0.0178565 -0.70703
-0.00478168 -0.0173841 -0.707025
-0.00525411 -0.0173841 -0.707028
-0.00572654 -0.0173841 -0.70703
-0.00478168 -0.0169117 -0.707026
-0.00525411 -0.0169117 -0.707028
-0.00572654 -0.0169117 -0.70703
-0.00478168 -0.0164392 -0.707026
-0.00525411 -0.0164392 -0.707028
-0.00572654 -0.0164392 -0.70703
-0.00478168 -0.0159668 -0.707026
-0.00525411 -0.0159668 -0.707028
-0.00572654 -0.0159668 -0.70703
-0.00478168 -0.0154944 -0.707026
-0.00525411 -0.0154944 -0.707028
-0.00572654 -0.0154944 -0.70703
-0.00478168 -0.015022 -0.707026
-0.00525411 -0.015022 -0.707028
-0.00572654 -0.015022 -0.70703
-0.00478168 -0.0145495 -0.707026
-0.00525411 -0.0145495 -0.707028
-0.00572654 -0.0145495 -0.707031
-0.00478168 -0.0140771 -0.707026
-0.00525411 -0.0140771 -0.707029
-0.00572654 -0.0140771 -0.707031
-0.00478168 -0.0136047 -0.707026
-0.00525411 -0.0136047 -0.707029
-0.00572654 -0.0136047 -0.707031
-0.00478168 -0.0131322 -0.707027
-0.00525411 -0.0131322 -0.707029
-0.00572654 -0.0131322 -0.707031
-0.00478168 -0.0126598 -0.707027
-0.00525411 -0.0126598 -0.707029
-0.00572654 -0.0126598 -0.707031
-0.00478168 -0.0121874 -0.707027
-0.00525411 -0.0121874 -0.707029
-0.00572654 -0.0121874 -0.707031
-0.00478168 -0.011715 -0.707027
-0.00525411 -0.011715 -0.707029
-0.00572654 -0.011715 -0.707031
-0.00478168 -0.0112425 -0.707027
-0.00525411 -0.0112425 -0.707029
-0.00572654 -0.0112425 -0.707032
-0.00478168 -0.0107701 -0.707027
-0.00525411 -0.0107701 -0.70703
-0.00572654 -0.0107701 -0.707032
-0.00478168 -0.0102977 -0.707027
-0.00525411 -0.0102977 -0.70703
-0.00572654 -0.0102977 -0.707032
-0.00478168 -0.00982525 -0.707028
-0.00525411 -0.00982525 -0.70703
-0.00572654 -0.00982525 -0.707032
-0.00478168 -0.00935282 -0.707028
-0.00525411 -0.00935282 -0.70703
-0.00572654 -0.00935282 -0.707032
-0.00478168 -0.00888039 -0.707028
-0.00525411 -0.00888039 -0.70703
-0.00572654 -0.00888039 -0.707032
-0.00478168 -0.00840797 -0.707028
-0.00525411 -0.00840797 -0.70703
-0.00572654 -0.00840797 -0.707032
-0.00478168 -0.00793554 -0.707028
-0.00525411 -0.00793554 -0.70703
-0.00572654 -0.00793554 -0.707033
-0.00478168 -0.00746311 -0.707028
-0.00525411 -0.00746311 -0.707031
-0.00572654 -0.00746311 -0.707033
-0.00478168 -0.00699068 -0.707028
-0.00525411 -0.00699068 -0.707031
-0.00572654 -0.00699068 -0.707033
-0.00478168 -0.00651825 -0.707029
-0.00525411 -0.00651825 -0.707031
-0.00572654 -0.00651825 -0.707033
-0.00478168 -0.00604582 -0.707029
-0.00525411 -0.00604582 -0.707031
-0.00572654 -0.00604582 -0.707033
-0.00478168 -0.00557339 -0.707029
-0.00525411 -0.00557339 -0.707031
-0.00572654 -0.00557339 -0.707033
-0.00478168 -0.00510097 -0.707029
-0.00525411 -0.00510097 -0.707031
-0.00572654 -0.00510097 -0.707033
-0.00478168 -0.00462854 -0.707029
-0.00525411 -0.00462854 -0.707031
-0.00572654 -0.00462854 -0.707034
-0.00478168 -0.00415611 -0.707029
-0.00525411 -0.00415611 -0.707032
-0.00572654 -0.00415611 -0.707034
-0.00478168 -0.00368368 -0.707029
-0.00525411 -0.00368368 -0.707032
-0.00572654 -0.00368368 -0.707034
-0.00478168 -0.00321125 -0.70703
-0.00525411 -0.00321125 -0.707032
-0.00572654 -0.00321125 -0.707034
-0.00478168 -0.00273882 -0.70703
-0.00525411 -0.00273882 -0.707032
-0.00572654 -0.00273882 -0.707034
-0.00478168 -0.0022664 -0.70703
-0.00525411 -0.0022664 -0.707032
-0.00572654 -0.0022664 -0.707034
-0.00478168 -0.00179397 -0.70703
-0.00525411 -0.00179397 -0.707032
-0.00572654 -0.00179397 -0.707034
-0.00478168 -0.00132154 -0.70703
-0.00525411 -0.00132154 -0.707032
-0.00572654 -0.00132154 -0.707035
-0.00478168 -0.00084911 -0.70703
-0.00525411 -0.00084911 -0.707033
-0.00572654 -0.00084911 -0.707035
-0.00478168 -0.000376682 -0.70703
-0.00525411 -0.000376682 -0.707033
-0.00572654 -0.000376682 -0.707035
-0.00478168 9.57468e-05 -0.707031
-0.00525411 9.57468e-05 -0.707033
-0.00572654 9.57468e-05 -0.707035
-0.00478168 0.000568175 -0.707031
-0.00525411 0.000568175 -0.707033
-0.00572654 0.000568175 -0.707035
-0.00478168 0.0010406 -0.707031
-0.00525411 0.0010406 -0.707033
-0.00572654 0.0010406 -0.707035
-0.00478168 0.00151303 -0.707031
-0.00525411 0.00151303 -0.707033
-0.00572654 0.00151303 -0.707035
-0.00478168 0.00198546 -0.707031
-0.00525411 0.00198546 -0.707033
-0.00572654 0.00198546 -0.707036
-0.00478168 0.00245789 -0.707031
-0.00525411 0.00245789 -0.707034
-0.00572654 0.00245789 -0.707036
-0.00478168 0.00293032 -0.707031
-0.00525411 0.00293032 -0.707034
-0.00572654 0.00293032 -0.707036
-0.00478168 0.00340275 -0.707032
-0.00525411 0.00340275 -0.707034
-0.00572654 0.00340275 -0.707036
-0.00478168 0.00387517 -0.707032
-0.00525411 0.00387517 -0.707034
-0.00572654 0.00387517 -0.707036
-0.00478168 0.0043476 -0.707032
-0.00525411 0.0043476 -0.707034
-0.00572654 0.0043476 -0.707036
-0.00478168 0.00482003 -0.707032
-0.00525411 0.00482003 -0.707034
-0.00572654 0.00482003 -0.707036
-0.00478168 0.00529246 -0.707032
-0.00525411 0.00529246 -0.707034
-0.00572654 0.00529246 -0.707037
-0.00478168 0.00576489 -0.707032
-0.00525411 0.00576489 -0.707034
-0.00572654 0.00576489 -0.707037
-0.00478168 0.00623732 -0.707032
-0.00525411 0.00623732 -0.707035
-0.00572654 0.00623732 -0.707037
-0.00478168 0.00670975 -0.707033
-0.00525411 0.00670975 -0.707035
-0.00572654 0.00670975 -0.707037
-0.00478168 0.00718217 -0.707033
-0.00525411 0.00718217 -0.707035
-0.00572654 0.00718217 -0.707037
-0.00478168 0.0076546 -0.707033
-0.00525411 0.0076546 -0.707035
-0.00572654 0.0076546 -0.707037
-0.00478168 0.00812703 -0.707033
-0.00525411 0.00812703 -0.707035
-0.00572654 0.00812703 -0.707037
-0.00478168 0.00859946 -0.707033
-0.00525411 0.00859946 -0.707035
-0.00572654 0.00859946 -0.707038
-0.00478168 0.00907189 -0.707033
-0.00525411 0.00907189 -0.707035
-0.00572654 0.00907189 -0.707038
-0.00478168 0.00954432 -0.707033
-0.00525411 0.00954432 -0.707036
-0.00572654 0.00954432 -0.707038
-0.00478168 0.0100167 -0.707034
-0.00525411 0.0100167 -0.707036
-0.00572654 0.0100167 -0.707038
-0.00478168 0.0104892 -0.707034
-0.00525411 0.0104892 -0.707036
-0.00572654 0.0104892 -0.707038
-0.00478168 0.0109616 -0.707034
-0.00525411 0.0109616 -0.707036
-0.00572654 0.0109616 -0.707038
-0.00478168 0.011434 -0.707034
-0.00525411 0.011434 -0.707036
-0.00572654 0.011434 -0.707038
-0.00478168 0.0119065 -0.707034
-0.00525411 0.0119065 -0.707036
-0.00572654 0.0119065 -0.707039
-0.00478168 0.0123789 -0.707034
-0.00525411 0.0123789 -0.707036
-0.00572654 0.0123789 -0.707039
-0.00478168 0.0128513 -0.707034
-0.00525411 0.0128513 -0.707037
-0.00572654 0.0128513 -0.707039
-0.00478168 0.0133237 -0.707035
-0.00525411 0.0133237 -0.707037
-0.00572654 0.0133237 -0.707039
-0.00478168 0.0137962 -0.707035
-0.00525411 0.0137962 -0.707037
-0.00572654 0.0137962 -0.707039
-0.00478168 0.0142686 -0.707035
-0.00525411 0.0142686 -0.707037
-0.00572654 0.0142686 -0.707039
-0.00478168 0.014741 -0.707035
-0.00525411 0.014741 -0.707037
-0.00572654 0.014741 -0.707039
-0.00478168 0.0152135 -0.707035
-0.00525411 0.0152135 -0.707037
-0.00572654 0.0152135 -0.70704
-0.00478168 0.0156859 -0.707035
-0.00525411 0.0156859 -0.707037
-0.00572654 0.0156859 -0.70704
-0.00478168 0.0161583 -0.707035
-0.00525411 0.0161583 -0.707038
-0.00572654 0.0161583 -0.70704
-0.00478168 0.0166307 -0.707036
-0.00525411 0.0166307 -0.707038
-0.00572654 0.0166307 -0.70704
-0.00478168 0.0171032 -0.707036
-0.00525411 0.0171032 -0.707038
-0.00572654 0.0171032 -0.70704
-0.00478168 0.0175756 -0.707036
-0.00525411 0.0175756 -0.707038
-0.00572654 0.0175756 -0.70704
-0.00478168 0.018048 -0.707036
-0.00525411 0.018048 -0.707038
-0.00572654 0.018048 -0.70704
-0.00478168 0.0185205 -0.707036
-0.00525411 0.0185205 -0.707038
-0.00572654 0.0185205 -0.70704
-0.00478168 0.0189929 -0.707036
-0.00525411 0.0189929 -0.707038
-0.00572654 0.0189929 -0.707041
-0.00478168 0.0194653 -0.707036
-0.00525411 0.0194653 -0.707039
-0.00572654 0.0194653 -0.707041
-0.00478168 0.0199377 -0.707037
-0.00525411 0.0199377 -0.707039
-0.00572654 0.0199377 -0.707041
-0.00478168 0.0204102 -0.707037
-0.00525411 0.0204102 -0.707039
-0.00572654 0.0204102 -0.707041
-0.00478168 0.0208826 -0.707037
-0.00525411 0.0208826 -0.707039
-0.00572654 0.0208826 -0.707041
-0.00478168 0.021355 -0.707037
-0.00525411 0.021355 -0.707039
-0.00572654 0.021355 -0.707041
-0.00478168 0.0218275 -0.707037
-0.00525411 0.0218275 -0.707039
-0.00572654 0.0218275 -0.707042
-0.00478168 0.0222999 -0.707037
-0.00525411 0.0222999 -0.707039
-0.00572654 0.0222999 -0.707042
-0.00478168 0.0227723 -0.707037
-0.00525411 0.0227723 -0.70704
-0.00572654 0.0227723 -0.707042
-0.00478168 0.0232447 -0.707038
-0.00525411 0.0232447 -0.70704
-0.00572654 0.0232447 -0.707042
-0.00478168 0.0237172 -0.707038
-0.00525411 0.0237172 -0.70704
-0.00572654 0.0237172 -0.707042
-0.00478168 0.0241896 -0.707038
-0.00525411 0.0241896 -0.70704
-0.00572654 0.0241896 -0.707042
-0.00478168 0.024662 -0.707038
-0.00525411 0.024662 -0.70704
-0.00572654 0.024662 -0.707042
-0.00478168 0.0251345 -0.707038
-0.00525411 0.0251345 -0.70704
-0.00572654 0.0251345 -0.707042
-0.00478168 0.0256069 -0.707038
-0.00525411 0.0256069 -0.70704
-0.00572654 0.0256069 -0.707043
-0.00478168 0.0260793 -0.707038
-0.00525411 0.0260793 -0.707041
-0.00572654 0.0260793 -0.707043
-0.00478168 0.0265517 -0.707039
-0.00525411 0.0265517 -0.707041
-0.00572654 0.0265517 -0.707043
