-0.00805936 0.0399871 -0.964598
-0.00744728 0.0399871 -0.9646
-0.0068352 0.0399871 -0.964603
-0.00805936 0.039375 -0.964598
-0.00744728 0.039375 -0.9646
-0.0068352 0.039375 -0.964602
-0.00805936 0.0387629 -0.964598
-0.00744728 0.0387629 -0.9646
-0.0068352 0.0387629 -0.964602
-0.00805936 0.0381508 -0.964598
-0.00744728 0.0381508 -0.9646
-0.0068352 0.0381508 -0.964602
-0.00805936 0.0375387 -0.964597
-0.00744728 0.0375387 -0.9646
-0.0068352 0.0375387 -0.964602
-0.00805936 0.0369267 -0.964597
-0.00744728 0.0369267 -0.9646
-0.0068352 0.0369267 -0.964602
-0.00805936 0.0363146 -0.964597
-0.00744728 0.0363146 -0.964599
-0.0068352 0.0363146 -0.964602
-0.00805936 0.0357025 -0.964597
-0.00744728 0.0357025 -0.964599
-0.0068352 0.0357025 -0.964602
-0.00805936 0.0350904 -0.964597
-0.00744728 0.0350904 -0.964599
-0.0068352 0.0350904 -0.964602
-0.00805936 0.0344783 -0.964597
-0.00744728 0.0344783 -0.964599
-0.0068352 0.0344783 -0.964601
-0.00805936 0.0338663 -0.964597
-0.00744728 0.0338663 -0.964599
-0.0068352 0.0338663 -0.964601
-0.00805936 0.0332542 -0.964597
-0.00744728 0.0332542 -0.964599
-0.0068352 0.0332542 -0.964601
-0.00805936 0.0326421 -0.964596
-0.00744728 0.0326421 -0.964599
-0.0068352 0.0326421 -0.964601
-0.00805936 0.03203 -0.964596
-0.00744728 0.03203 -0.964599
-0.0068352 0.03203 -0.964601
-0.00805936 0.0314179 -0.964596
-0.00744728 0.0314179 -0.964598
-0.0068352 0.0314179 -0.964601
-0.00805936 0.0308059 -0.964596
-0.00744728 0.0308059 -0.964598
-0.0068352 0.0308059 -0.964601
-0.00805936 0.0301938 -0.964596
-0.00744728 0.0301938 -0.964598
-0.0068352 0.0301938 -0.964601
-0.00805936 0.0295817 -0.964596
-0.00744728 0.0295817 -0.964598
-0.0068352 0.0295817 -0.9646
-0.00805936 0.0289696 -0.964596
-0.00744728 0.0289696 -0.964598
-0.0068352 0.0289696 -0.9646
-0.00805936 0.0283576 -0.964596
-0.00744728 0.0283576 -0.964598
-0.0068352 0.0283576 -0.9646
-0.00805936 0.0277455 -0.964595
-0.00744728 0.0277455 -0.964598
-0.0068352 0.0277455 -0.9646
-0.00805936 0.0271334 -0.964595
-0.00744728 0.0271334 -0.964598
-0.0068352 0.0271334 -0.9646
-0.00805936 0.0265213 -0.964595
-0.00744728 0.0265213 -0.964597
-0.0068352 0.0265213 -0.9646
-0.00805936 0.0259092 -0.964595
-0.00744728 0.0259092 -0.964597
-0.0068352 0.0259092 -0.9646
-0.00805936 0.0252972 -0.964595
-0.00744728 0.0252972 -0.964597
-0.0068352 0.0252972 -0.9646
-0.00805936 0.0246851 -0.964595
-0.00744728 0.0246851 -0.964597
-0.0068352 0.0246851 -0.964599
-0.00805936 0.024073 -0.964595
-0.00744728 0.024073 -0.964597
-0.0068352 0.024073 -0.964599
-0.00805936 0.0234609 -0.964595
-0.00744728 0.0234609 -0.964597
-0.0068352 0.0234609 -0.964599
-0.00805936 0.0228488 -0.964594
-0.00744728 0.0228488 -0.964597
-0.0068352 0.0228488 -0.964599
-0.00805936 0.0222368 -0.964594
-0.00744728 0.0222368 -0.964597
-0.0068352 0.0222368 -0.964599
-0.00805936 0.0216247 -0.964594
-0.00744728 0.0216247 -0.964597
-0.0068352 0.0216247 -0.964599
-0.00805936 0.0210126 -0.964594
-0.00744728 0.0210126 -0.964596
-0.0068352 0.0210126 -0.964599
-0.00805936 0.0204005 -0.964594
-0.00744728 0.0204005 -0.964596
-0.0068352 0.0204005 -0.964599
-0.00805936 0.0197884 -0.964594
-0.00744728 0.0197884 -0.964596
-0.0068352 0.0197884 -0.964598
-0.00805936 0.0191764 -0.964594
-0.00744728 0.0191764 -0.964596
-0.0068352 0.0191764 -0.964598
-0.00805936 0.0185643 -0.964594
-0.00744728 0.0185643 -0.964596
-0.0068352 0.0185643 -0.964598
-0.00805936 0.0179522 -0.964593
-0.00744728 0.0179522 -0.964596
-0.0068352 0.0179522 -0.964598
-0.00805936 0.0173401 -0.964593
-0.00744728 0.0173401 -0.964596
-0.0068352 0.0173401 -0.964598
-0.00805936 0.016728 -0.964593
-0.00744728 0.016728 -0.964595
-0.0068352 0.016728 -0.964598
-0.00805936 0.016116 -0.964593
-0.00744728 0.016116 -0.964595
-0.0068352 0.016116 -0.964598
-0.00805936 0.0155039 -0.964593
-0.00744728 0.0155039 -0.964595
-0.0068352 0.0155039 -0.964598
-0.00805936 0.0148918 -0.964593
-0.00744728 0.0148918 -0.964595
-0.0068352 0.0148918 -0.964597
-0.00805936 0.0142797 -0.964593
-0.00744728 0.0142797 -0.964595
-0.0068352 0.0142797 -0.964597
-0.00805936 0.0136676 -0.964593
-0.00744728 0.0136676 -0.964595
-0.0068352 0.0136676 -0.964597
-0.00805936 0.0130556 -0.964592
-0.00744728 0.0130556 -0.964595
-0.0068352 0.0130556 -0.964597
-0.00805936 0.0124435 -0.964592
-0.00744728 0.0124435 -0.964595
-0.0068352 0.0124435 -0.964597
-0.00805936 0.0118314 -0.964592
-0.00744728 0.0118314 -0.964594
-0.0068352 0.0118314 -0.964597
-0.00805936 0.0112193 -0.964592
-0.00744728 0.0112193 -0.964594
-0.0068352 0.0112193 -0.964597
-0.00805936 0.0106072 -0.964592
-0.00744728 0.0106072 -0.964594
-0.0068352 0.0106072 -0.964597
-0.00805936 0.00999516 -0.964592
-0.00744728 0.00999516 -0.964594
-0.0068352 0.00999516 -0.964596
-0.00805936 0.00938308 -0.964592
-0.00744728 0.00938308 -0.964594
-0.0068352 0.00938308 -0.964596
-0.00805936 0.008771 -0.964592
-0.00744728 0.008771 -0.964594
-0.0068352 0.008771 -0.964596
-0.00805936 0.00815892 -0.964591
-0.00744728 0.00815892 -0.964594
-0.0068352 0.00815892 -0.964596
-0.00805936 0.00754684 -0.964591
-0.00744728 0.00754684 -0.964594
-0.0068352 0.00754684 -0.964596
-0.00805936 0.00693476 -0.964591
-0.00744728 0.00693476 -0.964594
-0.0068352 0.00693476 -0.964596
-0.00805936 0.00632268 -0.964591
-0.00744728 0.00632268 -0.964593
-0.0068352 0.00632268 -0.964596
-0.00805936 0.0057106 -0.964591
-0.00744728 0.0057106 -0.964593
-0.0068352 0.0057106 -0.964596
-0.00805936 0.00509852 -0.964591
-0.00744728 0.00509852 -0.964593
-0.0068352 0.00509852 -0.964595
-0.00805936 0.00448644 -0.964591
-0.00744728 0.00448644 -0.964593
-0.0068352 0.00448644 -0.964595
-0.00805936 0.00387436 -0.964591
-0.00744728 0.00387436 -0.964593
-0.0068352 0.00387436 -0.964595
-0.00805936 0.00326228 -0.96459
-0.00744728 0.00326228 -0.964593
-0.0068352 0.00326228 -0.964595
-0.00805936 0.0026502 -0.96459
-0.00744728 0.0026502 -0.964593
-0.0068352 0.0026502 -0.964595
-0.00805936 0.00203812 -0.96459
-0.00744728 0.00203812 -0.964593
-0.0068352 0.00203812 -0.964595
-0.00805936 0.00142604 -0.96459
-0.00744728 0.00142604 -0.964592
-0.0068352 0.00142604 -0.964595
-0.00805936 0.000813965 -0.96459
-0.00744728 0.000813965 -0.964592
-0.0068352 0.000813965 -0.964595
-0.00805936 0.000201885 -0.96459
-0.00744728 0.000201885 -0.964592
-0.0068352 0.000201885 -0.964594
-0.00805936 -0.000410194 -0.96459
-0.00744728 -0.000410194 -0.964592
-0.0068352 -0.000410194 -0.964594
-0.00805936 -0.00102227 -0.96459
-0.00744728 -0.00102227 -0.964592
-0.0068352 -0.00102227 -0.964594
-0.00805936 -0.00163435 -0.964589
-0.00744728 -0.00163435 -0.964592
-0.0068352 -0.00163435 -0.964594
-0.00805936 -0.00224643 -0.964589
-0.00744728 -0.00224643 -0.964592
-0.0068352 -0.00224643 -0.964594
-0.00805936 -0.00285851 -0.964589
-0.00744728 -0.00285851 -0.964592
-0.0068352 -0.00285851 -0.964594
-0.00805936 -0.00347059 -0.964589
-0.00744728 -0.00347059 -0.964591
-0.0068352 -0.00347059 -0.964594
-0.00805936 -0.00408267 -0.964589
-0.00744728 -0.00408267 -0.964591
-0.0068352 -0.00408267 -0.964594
-0.00805936 -0.00469475 -0.964589
-0.00744728 -0.00469475 -0.964591
-0.0068352 -0.00469475 -0.964593
-0.00805936 -0.00530683 -0.964589
-0.00744728 -0.00530683 -0.964591
-0.0068352 -0.00530683 -0.964593
-0.00805936 -0.00591891 -0.964589
-0.00744728 -0.00591891 -0.964591
-0.0068352 -0.00591891 -0.964593
-0.00805936 -0.00653099 -0.964588
-0.00744728 -0.00653099 -0.964591
-0.0068352 -0.00653099 -0.964593
-0.00805936 -0.00714307 -0.964588
-0.00744728 -0.00714307 -0.964591
-0.0068352 -0.00714307 -0.964593
-0.00805936 -0.00775515 -0.964588
-0.00744728 -0.00775515 -0.96459
-0.0068352 -0.00775515 -0.964593
-0.00805936 -0.00836723 -0.964588
-0.00744728 -0.00836723 -0.96459
-0.0068352 -0.00836723 -0.964593
-0.00805936 -0.00897931 -0.964588
-0.00744728 -0.00897931 -0.96459
-0.0068352 -0.00897931 -0.964593
-0.00805936 -0.00959139 -0.964588
-0.00744728 -0.00959139 -0.96459
-0.0068352 -0.00959139 -0.964592
-0.00805936 -0.0102035 -0.964588
-0.00744728 -0.0102035 -0.96459
-0.0068352 -0.0102035 -0.964592
-0.00805936 -0.0108155 -0.964588
-0.00744728 -0.0108155 -0.96459
-0.0068352 -0.0108155 -0.964592
-0.00805936 -0.0114276 -0.964587
-0.00744728 -0.0114276 -0.96459
-0.0068352 -0.0114276 -0.964592
-0.00805936 -0.0120397 -0.964587
-0.00744728 -0.0120397 -0.96459
-0.0068352 -0.0120397 -0.964592
-0.00805936 -0.0126518 -0.964587
-0.00744728 -0.0126518 -0.96459
-0.0068352 -0.0126518 -0.964592
-0.00805936 -0.0132639 -0.964587
-0.00744728 -0.0132639 -0.964589
-0.0068352 -0.0132639 -0.964592
-0.00805936 -0.0138759 -0.964587
-0.00744728 -0.0138759 -0.964589
-0.0068352 -0.0138759 -0.964592
-0.00805936 -0.014488 -0.964587
-0.00744728 -0.014488 -0.964589
-0.0068352 -0.014488 -0.964592
-0.00805936 -0.0151001 -0.964587
-0.00744728 -0.0151001 -0.964589
-0.0068352 -0.0151001 -0.964591
-0.00805936 -0.0157122 -0.964587
-0.00744728 -0.0157122 -0.964589
-0.0068352 -0.0157122 -0.964591
-0.00805936 -0.0163243 -0.964586
-0.00744728 -0.0163243 -0.964589
-0.0068352 -0.0163243 -0.964591
-0.00805936 -0.0169363 -0.964586
-0.00744728 -0.0169363 -0.964589
-0.0068352 -0.0169363 -0.964591
-0.00805936 -0.0175484 -0.964586
-0.00744728 -0.0175484 -0.964589
-0.0068352 -0.0175484 -0.964591
-0.00805936 -0.0181605 -0.964586
-0.00744728 -0.0181605 -0.964588
-0.0068352 -0.0181605 -0.964591
-0.00805936 -0.0187726 -0.964586
-0.00744728 -0.0187726 -0.964588
-0.0068352 -0.0187726 -0.964591
-0.00805936 -0.0193847 -0.964586
-0.00744728 -0.0193847 -0.964588
-0.0068352 -0.0193847 -0.96459
-0.00805936 -0.0199967 -0.964586
-0.00744728 -0.0199967 -0.964588
-0.0068352 -0.0199967 -0.96459
-0.00805936 -0.0206088 -0.964586
-0.00744728 -0.0206088 -0.964588
-0.0068352 -0.0206088 -0.96459
-0.00805936 -0.0212209 -0.964585
-0.00744728 -0.0212209 -0.964588
-0.0068352 -0.0212209 -0.96459
-0.00805936 -0.021833 -0.964585
-0.00744728 -0.021833 -0.964588
-0.0068352 -0.021833 -0.96459
-0.00805936 -0.0224451 -0.964585
-0.00744728 -0.0224451 -0.964588
-0.0068352 -0.0224451 -0.96459
-0.00805936 -0.0230571 -0.964585
-0.00744728 -0.0230571 -0.964587
-0.0068352 -0.0230571 -0.96459
-0.00805936 -0.0236692 -0.964585
-0.00744728 -0.0236692 -0.964587
-0.0068352 -0.0236692 -0.96459
-0.00805936 -0.0242813 -0.964585
-0.00744728 -0.0242813 -0.964587
-0.0068352 -0.0242813 -0.964589
-0.00805936 -0.0248934 -0.964585
-0.00744728 -0.0248934 -0.964587
-0.0068352 -0.0248934 -0.964589
-0.00805936 -0.0255055 -0.964585
-0.00744728 -0.0255055 -0.964587
-0.0068352 -0.0255055 -0.964589
-0.00805936 -0.0261175 -0.964584
-0.00744728 -0.0261175 -0.964587
-0.0068352 -0.0261175 -0.964589
-0.00805936 -0.0267296 -0.964584
-0.00744728 -0.0267296 -0.964587
-0.0068352 -0.0267296 -0.964589
-0.00805936 -0.0273417 -0.964584
-0.00744728 -0.0273417 -0.964587
-0.0068352 -0.0273417 -0.964589
