0.00183266 -0.000239356 -1.18063
0.00194143 -0.000239356 -1.18062
0.00205021 -0.000239356 -1.18062
0.00183266 -0.000348133 -1.18063
0.00194143 -0.000348133 -1.18062
0.00205021 -0.000348133 -1.18062
0.00183266 -0.000456909 -1.18062
0.00194143 -0.000456909 -1.18062
0.00205021 -0.000456909 -1.18062
0.00183266 -0.000565686 -1.18062
0.00194143 -0.000565686 -1.18062
0.00205021 -0.000565686 -1.18062
0.00183266 -0.000674462 -1.18062
0.00194143 -0.000674462 -1.18062
0.00205021 -0.000674462 -1.18061
0.00183266 -0.000783239 -1.18062
0.00194143 -0.000783239 -1.18062
0.00205021 -0.000783239 -1.18061
0.00183266 -0.000892016 -1.18062
0.00194143 -0.000892016 -1.18062
0.00205021 -0.000892016 -1.18061
0.00183266 -0.00100079 -1.18062
0.00194143 -0.00100079 -1.18062
0.00205021 -0.00100079 -1.18061
0.00183266 -0.00110957 -1.18062
0.00194143 -0.00110957 -1.18062
0.00205021 -0.00110957 -1.18061
0.00183266 -0.00121835 -1.18062
0.00194143 -0.00121835 -1.18062
0.00205021 -0.00121835 -1.18061
0.00183266 -0.00132712 -1.18062
0.00194143 -0.00132712 -1.18062
0.00205021 -0.00132712 -1.18061
0.00183266 -0.0014359 -1.18062
0.00194143 -0.0014359 -1.18061
0.00205021 -0.0014359 -1.18061
0.00183266 -0.00154467 -1.18062
0.00194143 -0.00154467 -1.18061
0.00205021 -0.00154467 -1.18061
0.00183266 -0.00165345 -1.18062
0.00194143 -0.00165345 -1.18061
0.00205021 -0.00165345 -1.18061
0.00183266 -0.00176223 -1.18062
0.00194143 -0.00176223 -1.18061
0.00205021 -0.00176223 -1.18061
0.00183266 -0.001871 -1.18062
0.00194143 -0.001871 -1.18061
0.00205021 -0.001871 -1.18061
0.00183266 -0.00197978 -1.18062
0.00194143 -0.00197978 -1.18061
0.00205021 -0.00197978 -1.18061
0.00183266 -0.00208856 -1.18061
0.00194143 -0.00208856 -1.18061
0.00205021 -0.00208856 -1.18061
0.00183266 -0.00219733 -1.18061
0.00194143 -0.00219733 -1.18061
0.00205021 -0.00219733 -1.18061
0.00183266 -0.00230611 -1.18061
0.00194143 -0.00230611 -1.18061
0.00205021 -0.00230611 -1.1806
0.00183266 -0.00241489 -1.18061
0.00194143 -0.00241489 -1.18061
0.00205021 -0.00241489 -1.1806
0.00183266 -0.00252366 -1.18061
0.00194143 -0.00252366 -1.18061
0.00205021 -0.00252366 -1.1806
0.00183266 -0.00263244 -1.18061
0.00194143 -0.00263244 -1.18061
0.00205021 -0.00263244 -1.1806
0.00183266 -0.00274122 -1.18061
0.00194143 -0.00274122 -1.18061
0.00205021 -0.00274122 -1.1806
0.00183266 -0.00284999 -1.18061
0.00194143 -0.00284999 -1.18061
0.00205021 -0.00284999 -1.1806
0.00183266 -0.00295877 -1.18061
0.00194143 -0.00295877 -1.18061
0.00205021 -0.00295877 -1.1806
0.00183266 -0.00306755 -1.18061
0.00194143 -0.00306755 -1.1806
0.00205021 -0.00306755 -1.1806
0.00183266 -0.00317632 -1.18061
0.00194143 -0.00317632 -1.1806
0.00205021 -0.00317632 -1.1806
0.00183266 -0.0032851 -1.18061
0.00194143 -0.0032851 -1.1806
0.00205021 -0.0032851 -1.1806
0.00183266 -0.00339388 -1.18061
0.00194143 -0.00339388 -1.1806
0.00205021 -0.00339388 -1.1806
0.00183266 -0.00350265 -1.18061
0.00194143 -0.00350265 -1.1806
0.00205021 -0.00350265 -1.1806
0.00183266 -0.00361143 -1.18061
0.00194143 -0.00361143 -1.1806
0.00205021 -0.00361143 -1.1806
0.00183266 -0.00372021 -1.1806
0.00194143 -0.00372021 -1.1806
0.00205021 -0.00372021 -1.1806
0.00183266 -0.00382898 -1.1806
0.00194143 -0.00382898 -1.1806
0.00205021 -0.00382898 -1.1806
0.00183266 -0.00393776 -1.1806
0.00194143 -0.00393776 -1.1806
0.00205021 -0.00393776 -1.18059
0.00183266 -0.00404654 -1.1806
0.00194143 -0.00404654 -1.1806
0.00205021 -0.00404654 -1.18059
0.00183266 -0.00415531 -1.1806
0.00194143 -0.00415531 -1.1806
0.00205021 -0.00415531 -1.18059
0.00183266 -0.00426409 -1.1806
0.00194143 -0.00426409 -1.1806
0.00205021 -0.00426409 -1.18059
0.00183266 -0.00437287 -1.1806
0.00194143 -0.00437287 -1.1806
0.00205021 -0.00437287 -1.18059
0.00183266 -0.00448164 -1.1806
0.00194143 -0.00448164 -1.1806
0.00205021 -0.00448164 -1.18059
0.00183266 -0.00459042 -1.1806
0.00194143 -0.00459042 -1.1806
0.00205021 -0.00459042 -1.18059
0.00183266 -0.0046992 -1.1806
0.00194143 -0.0046992 -1.18059
0.00205021 -0.0046992 -1.18059
0.00183266 -0.00480797 -1.1806
0.00194143 -0.00480797 -1.18059
0.00205021 -0.00480797 -1.18059
0.00183266 -0.00491675 -1.1806
0.00194143 -0.00491675 -1.18059
0.00205021 -0.00491675 -1.18059
0.00183266 -0.00502553 -1.1806
0.00194143 -0.00502553 -1.18059
0.00205021 -0.00502553 -1.18059
0.00183266 -0.0051343 -1.1806
0.00194143 -0.0051343 -1.18059
0.00205021 -0.0051343 -1.18059
0.00183266 -0.00524308 -1.1806
0.00194143 -0.00524308 -1.18059
0.00205021 -0.00524308 -1.18059
0.00183266 -0.00535186 -1.18059
0.00194143 -0.00535186 -1.18059
0.00205021 -0.00535186 -1.18059
0.00183266 -0.00546063 -1.18059
0.00194143 -0.00546063 -1.18059
0.00205021 -0.00546063 -1.18059
0.00183266 -0.00556941 -1.18059
0.00194143 -0.00556941 -1.18059
0.00205021 -0.00556941 -1.18058
0.00183266 -0.00567818 -1.18059
0.00194143 -0.00567818 -1.18059
0.00205021 -0.00567818 -1.18058
0.00183266 -0.00578696 -1.18059
0.00194143 -0.00578696 -1.18059
0.00205021 -0.00578696 -1.18058
0.00183266 -0.00589574 -1.18059
0.00194143 -0.00589574 -1.18059
0.00205021 -0.00589574 -1.18058
0.00183266 -0.00600451 -1.18059
0.00194143 -0.00600451 -1.18059
0.00205021 -0.00600451 -1.18058
0.00183266 -0.00611329 -1.18059
0.00194143 -0.00611329 -1.18059
0.00205021 -0.00611329 -1.18058
0.00183266 -0.00622207 -1.18059
0.00194143 -0.00622207 -1.18059
0.00205021 -0.00622207 -1.18058
0.00183266 -0.00633084 -1.18059
0.00194143 -0.00633084 -1.18058
0.00205021 -0.00633084 -1.18058
0.00183266 -0.00643962 -1.18059
0.00194143 -0.00643962 -1.18058
0.00205021 -0.00643962 -1.18058
0.00183266 -0.0065484 -1.18059
0.00194143 -0.0065484 -1.18058
0.00205021 -0.0065484 -1.18058
0.00183266 -0.00665717 -1.18059
0.00194143 -0.00665717 -1.18058
0.00205021 -0.00665717 -1.18058
0.00183266 -0.00676595 -1.18059
0.00194143 -0.00676595 -1.18058
0.00205021 -0.00676595 -1.18058
0.00183266 -0.00687473 -1.18059
0.00194143 -0.00687473 -1.18058
0.00205021 -0.00687473 -1.18058
0.00183266 -0.0069835 -1.18058
0.00194143 -0.0069835 -1.18058
0.00205021 -0.0069835 -1.18058
0.00183266 -0.00709228 -1.18058
0.00194143 -0.00709228 -1.18058
0.00205021 -0.00709228 -1.18058
0.00183266 -0.00720106 -1.18058
0.00194143 -0.00720106 -1.18058
0.00205021 -0.00720106 -1.18057
0.00183266 -0.00730983 -1.18058
0.00194143 -0.00730983 -1.18058
0.00205021 -0.00730983 -1.18057
0.00183266 -0.00741861 -1.18058
0.00194143 -0.00741861 -1.18058
0.00205021 -0.00741861 -1.18057
0.00183266 -0.00752739 -1.18058
0.00194143 -0.00752739 -1.18058
0.00205021 -0.00752739 -1.18057
0.00183266 -0.00763616 -1.18058
0.00194143 -0.00763616 -1.18058
0.00205021 -0.00763616 -1.18057
0.00183266 -0.00774494 -1.18058
0.00194143 -0.00774494 -1.18058
0.00205021 -0.00774494 -1.18057
0.00183266 -0.00785372 -1.18058
0.00194143 -0.00785372 -1.18058
0.00205021 -0.00785372 -1.18057
0.00183266 -0.00796249 -1.18058
0.00194143 -0.00796249 -1.18057
0.00205021 -0.00796249 -1.18057
0.00183266 -0.00807127 -1.18058
0.00194143 -0.00807127 -1.18057
0.00205021 -0.00807127 -1.18057
0.00183266 -0.00818005 -1.18058
0.00194143 -0.00818005 -1.18057
0.00205021 -0.00818005 -1.18057
0.00183266 -0.00828882 -1.18058
0.00194143 -0.00828882 -1.18057
0.00205021 -0.00828882 -1.18057
0.00183266 -0.0083976 -1.18058
0.00194143 -0.0083976 -1.18057
0.00205021 -0.0083976 -1.18057
0.00183266 -0.00850638 -1.18058
0.00194143 -0.00850638 -1.18057
0.00205021 -0.00850638 -1.18057
0.00183266 -0.00861515 -1.18057
0.00194143 -0.00861515 -1.18057
0.00205021 -0.00861515 -1.18057
0.00183266 -0.00872393 -1.18057
0.00194143 -0.00872393 -1.18057
0.00205021 -0.00872393 -1.18057
0.00183266 -0.00883271 -1.18057
0.00194143 -0.00883271 -1.18057
0.00205021 -0.00883271 -1.18056
0.00183266 -0.00894148 -1.18057
0.00194143 -0.00894148 -1.18057
0.00205021 -0.00894148 -1.18056
0.00183266 -0.00905026 -1.18057
0.00194143 -0.00905026 -1.18057
0.00205021 -0.00905026 -1.18056
0.00183266 -0.00915904 -1.18057
0.00194143 -0.00915904 -1.18057
0.00205021 -0.00915904 -1.18056
0.00183266 -0.00926781 -1.18057
0.00194143 -0.00926781 -1.18057
0.00205021 -0.00926781 -1.18056
0.00183266 -0.00937659 -1.18057
0.00194143 -0.00937659 -1.18057
0.00205021 -0.00937659 -1.18056
0.00183266 -0.00948536 -1.18057
0.00194143 -0.00948536 -1.18057
0.00205021 -0.00948536 -1.18056
0.00183266 -0.00959414 -1.18057
0.00194143 -0.00959414 -1.18056
0.00205021 -0.00959414 -1.18056
0.00183266 -0.00970292 -1.18057
0.00194143 -0.00970292 -1.18056
0.00205021 -0.00970292 -1.18056
0.00183266 -0.00981169 -1.18057
0.00194143 -0.00981169 -1.18056
0.00205021 -0.00981169 -1.18056
0.00183266 -0.00992047 -1.18057
0.00194143 -0.00992047 -1.18056
0.00205021 -0.00992047 -1.18056
0.00183266 -0.0100292 -1.18057
0.00194143 -0.0100292 -1.18056
0.00205021 -0.0100292 -1.18056
0.00183266 -0.010138 -1.18057
0.00194143 -0.010138 -1.18056
0.00205021 -0.010138 -1.18056
0.00183266 -0.0102468 -1.18056
0.00194143 -0.0102468 -1.18056
0.00205021 -0.0102468 -1.18056
0.00183266 -0.0103556 -1.18056
0.00194143 -0.0103556 -1.18056
0.00205021 -0.0103556 -1.18056
0.00183266 -0.0104644 -1.18056
0.00194143 -0.0104644 -1.18056
0.00205021 -0.0104644 -1.18055
0.00183266 -0.0105731 -1.18056
0.00194143 -0.0105731 -1.18056
0.00205021 -0.0105731 -1.18055
0.00183266 -0.0106819 -1.18056
0.00194143 -0.0106819 -1.18056
0.00205021 -0.0106819 -1.18055
0.00183266 -0.0107907 -1.18056
0.00194143 -0.0107907 -1.18056
0.00205021 -0.0107907 -1.18055
0.00183266 -0.0108995 -1.18056
0.00194143 -0.0108995 -1.18056
0.00205021 -0.0108995 -1.18055
0.00183266 -0.0110082 -1.18056
0.00194143 -0.0110082 -1.18056
0.00205021 -0.0110082 -1.18055
0.00183266 -0.011117 -1.18056
0.00194143 -0.011117 -1.18056
0.00205021 -0.011117 -1.18055
0.00183266 -0.0112258 -1.18056
0.00194143 -0.0112258 -1.18055
0.00205021 -0.0112258 -1.18055
0.00183266 -0.0113346 -1.18056
0.00194143 -0.0113346 -1.18055
0.00205021 -0.0113346 -1.18055
0.00183266 -0.0114433 -1.18056
0.00194143 -0.0114433 -1.18055
0.00205021 -0.0114433 -1.18055
0.00183266 -0.0115521 -1.18056
0.00194143 -0.0115521 -1.18055
0.00205021 -0.0115521 -1.18055
0.00183266 -0.0116609 -1.18056
0.00194143 -0.0116609 -1.18055
0.00205021 -0.0116609 -1.18055
0.00183266 -0.0117697 -1.18056
0.00194143 -0.0117697 -1.18055
0.00205021 -0.0117697 -1.18055
0.00183266 -0.0118784 -1.18055
0.00194143 -0.0118784 -1.18055
0.00205021 -0.0118784 -1.18055
0.00183266 -0.0119872 -1.18055
0.00194143 -0.0119872 -1.18055
0.00205021 -0.0119872 -1.18055
0.00183266 -0.012096 -1.18055
0.00194143 -0.012096 -1.18055
0.00205021 -0.012096 -1.18054
0.00183266 -0.0122048 -1.18055
0.00194143 -0.0122048 -1.18055
0.00205021 -0.0122048 -1.18054
