-0.00276202 0.047454 -0.802418
-0.00205295 0.047454 -0.802419
-0.00134388 0.047454 -0.802421
-0.00276202 0.046745 -0.802418
-0.00205295 0.046745 -0.80242
-0.00134388 0.046745 -0.802422
-0.00276202 0.0460359 -0.802418
-0.00205295 0.0460359 -0.80242
-0.00134388 0.0460359 -0.802422
-0.00276202 0.0453268 -0.802418
-0.00205295 0.0453268 -0.80242
-0.00134388 0.0453268 -0.802422
-0.00276202 0.0446178 -0.802419
-0.00205295 0.0446178 -0.80242
-0.00134388 0.0446178 -0.802422
-0.00276202 0.0439087 -0.802419
-0.00205295 0.0439087 -0.802421
-0.00134388 0.0439087 -0.802422
-0.00276202 0.0431996 -0.802419
-0.00205295 0.0431996 -0.802421
-0.00134388 0.0431996 -0.802423
-0.00276202 0.0424905 -0.802419
-0.00205295 0.0424905 -0.802421
-0.00134388 0.0424905 -0.802423
-0.00276202 0.0417815 -0.80242
-0.00205295 0.0417815 -0.802421
-0.00134388 0.0417815 -0.802423
-0.00276202 0.0410724 -0.80242
-0.00205295 0.0410724 -0.802422
-0.00134388 0.0410724 -0.802423
-0.00276202 0.0403633 -0.80242
-0.00205295 0.0403633 -0.802422
-0.00134388 0.0403633 -0.802424
-0.00276202 0.0396543 -0.80242
-0.00205295 0.0396543 -0.802422
-0.00134388 0.0396543 -0.802424
-0.00276202 0.0389452 -0.802421
-0.00205295 0.0389452 -0.802422
-0.00134388 0.0389452 -0.802424
-0.00276202 0.0382361 -0.802421
-0.00205295 0.0382361 -0.802423
-0.00134388 0.0382361 -0.802424
-0.00276202 0.0375271 -0.802421
-0.00205295 0.0375271 -0.802423
-0.00134388 0.0375271 -0.802425
-0.00276202 0.036818 -0.802421
-0.00205295 0.036818 -0.802423
-0.00134388 0.036818 -0.802425
-0.00276202 0.0361089 -0.802422
-0.00205295 0.0361089 -0.802423
-0.00134388 0.0361089 -0.802425
-0.00276202 0.0353999 -0.802422
-0.00205295 0.0353999 -0.802423
-0.00134388 0.0353999 -0.802425
-0.00276202 0.0346908 -0.802422
-0.00205295 0.0346908 -0.802424
-0.00134388 0.0346908 -0.802426
-0.00276202 0.0339817 -0.802422
-0.00205295 0.0339817 -0.802424
-0.00134388 0.0339817 -0.802426
-0.00276202 0.0332726 -0.802422
-0.00205295 0.0332726 -0.802424
-0.00134388 0.0332726 -0.802426
-0.00276202 0.0325636 -0.802423
-0.00205295 0.0325636 -0.802424
-0.00134388 0.0325636 -0.802426
-0.00276202 0.0318545 -0.802423
-0.00205295 0.0318545 -0.802425
-0.00134388 0.0318545 -0.802426
-0.00276202 0.0311454 -0.802423
-0.00205295 0.0311454 -0.802425
-0.00134388 0.0311454 -0.802427
-0.00276202 0.0304364 -0.802423
-0.00205295 0.0304364 -0.802425
-0.00134388 0.0304364 -0.802427
-0.00276202 0.0297273 -0.802424
-0.00205295 0.0297273 -0.802425
-0.00134388 0.0297273 -0.802427
-0.00276202 0.0290182 -0.802424
-0.00205295 0.0290182 -0.802426
-0.00134388 0.0290182 -0.802427
-0.00276202 0.0283092 -0.802424
-0.00205295 0.0283092 -0.802426
-0.00134388 0.0283092 -0.802428
-0.00276202 0.0276001 -0.802424
-0.00205295 0.0276001 -0.802426
-0.00134388 0.0276001 -0.802428
-0.00276202 0.026891 -0.802425
-0.00205295 0.026891 -0.802426
-0.00134388 0.026891 -0.802428
-0.00276202 0.0261819 -0.802425
-0.00205295 0.0261819 -0.802427
-0.00134388 0.0261819 -0.802428
-0.00276202 0.0254729 -0.802425
-0.00205295 0.0254729 -0.802427
-0.00134388 0.0254729 -0.802429
-0.00276202 0.0247638 -0.802425
-0.00205295 0.0247638 -0.802427
-0.00134388 0.0247638 -0.802429
-0.00276202 0.0240547 -0.802426
-0.00205295 0.0240547 -0.802427
-0.00134388 0.0240547 -0.802429
-0.00276202 0.0233457 -0.802426
-0.00205295 0.0233457 -0.802428
-0.00134388 0.0233457 -0.802429
-0.00276202 0.0226366 -0.802426
-0.00205295 0.0226366 -0.802428
-0.00134388 0.0226366 -0.80243
-0.00276202 0.0219275 -0.802426
-0.00205295 0.0219275 -0.802428
-0.00134388 0.0219275 -0.80243
-0.00276202 0.0212185 -0.802426
-0.00205295 0.0212185 -0.802428
-0.00134388 0.0212185 -0.80243
-0.00276202 0.0205094 -0.802427
-0.00205295 0.0205094 -0.802428
-0.00134388 0.0205094 -0.80243
-0.00276202 0.0198003 -0.802427
-0.00205295 0.0198003 -0.802429
-0.00134388 0.0198003 -0.802431
-0.00276202 0.0190913 -0.802427
-0.00205295 0.0190913 -0.802429
-0.00134388 0.0190913 -0.802431
-0.00276202 0.0183822 -0.802427
-0.00205295 0.0183822 -0.802429
-0.00134388 0.0183822 -0.802431
-0.00276202 0.0176731 -0.802428
-0.00205295 0.0176731 -0.802429
-0.00134388 0.0176731 -0.802431
-0.00276202 0.016964 -0.802428
-0.00205295 0.016964 -0.80243
-0.00134388 0.016964 -0.802431
-0.00276202 0.016255 -0.802428
-0.00205295 0.016255 -0.80243
-0.00134388 0.016255 -0.802432
-0.00276202 0.0155459 -0.802428
-0.00205295 0.0155459 -0.80243
-0.00134388 0.0155459 -0.802432
-0.00276202 0.0148368 -0.802429
-0.00205295 0.0148368 -0.80243
-0.00134388 0.0148368 -0.802432
-0.00276202 0.0141278 -0.802429
-0.00205295 0.0141278 -0.802431
-0.00134388 0.0141278 -0.802432
-0.00276202 0.0134187 -0.802429
-0.00205295 0.0134187 -0.802431
-0.00134388 0.0134187 -0.802433
-0.00276202 0.0127096 -0.802429
-0.00205295 0.0127096 -0.802431
-0.00134388 0.0127096 -0.802433
-0.00276202 0.0120006 -0.802429
-0.00205295 0.0120006 -0.802431
-0.00134388 0.0120006 -0.802433
-0.00276202 0.0112915 -0.80243
-0.00205295 0.0112915 -0.802432
-0.00134388 0.0112915 -0.802433
-0.00276202 0.0105824 -0.80243
-0.00205295 0.0105824 -0.802432
-0.00134388 0.0105824 -0.802434
-0.00276202 0.00987336 -0.80243
-0.00205295 0.00987336 -0.802432
-0.00134388 0.00987336 -0.802434
-0.00276202 0.00916429 -0.80243
-0.00205295 0.00916429 -0.802432
-0.00134388 0.00916429 -0.802434
-0.00276202 0.00845522 -0.802431
-0.00205295 0.00845522 -0.802432
-0.00134388 0.00845522 -0.802434
-0.00276202 0.00774615 -0.802431
-0.00205295 0.00774615 -0.802433
-0.00134388 0.00774615 -0.802435
-0.00276202 0.00703708 -0.802431
-0.00205295 0.00703708 -0.802433
-0.00134388 0.00703708 -0.802435
-0.00276202 0.00632801 -0.802431
-0.00205295 0.00632801 -0.802433
-0.00134388 0.00632801 -0.802435
-0.00276202 0.00561894 -0.802432
-0.00205295 0.00561894 -0.802433
-0.00134388 0.00561894 -0.802435
-0.00276202 0.00490987 -0.802432
-0.00205295 0.00490987 -0.802434
-0.00134388 0.00490987 -0.802435
-0.00276202 0.0042008 -0.802432
-0.00205295 0.0042008 -0.802434
-0.00134388 0.0042008 -0.802436
-0.00276202 0.00349173 -0.802432
-0.00205295 0.00349173 -0.802434
-0.00134388 0.00349173 -0.802436
-0.00276202 0.00278266 -0.802433
-0.00205295 0.00278266 -0.802434
-0.00134388 0.00278266 -0.802436
-0.00276202 0.00207359 -0.802433
-0.00205295 0.00207359 -0.802435
-0.00134388 0.00207359 -0.802436
-0.00276202 0.00136452 -0.802433
-0.00205295 0.00136452 -0.802435
-0.00134388 0.00136452 -0.802437
-0.00276202 0.000655454 -0.802433
-0.00205295 0.000655454 -0.802435
-0.00134388 0.000655454 -0.802437
-0.00276202 -5.36152e-05 -0.802434
-0.00205295 -5.36152e-05 -0.802435
-0.00134388 -5.36152e-05 -0.802437
-0.00276202 -0.000762685 -0.802434
-0.00205295 -0.000762685 -0.802436
-0.00134388 -0.000762685 -0.802437
-0.00276202 -0.00147175 -0.802434
-0.00205295 -0.00147175 -0.802436
-0.00134388 -0.00147175 -0.802438
-0.00276202 -0.00218082 -0.802434
-0.00205295 -0.00218082 -0.802436
-0.00134388 -0.00218082 -0.802438
-0.00276202 -0.00288989 -0.802435
-0.00205295 -0.00288989 -0.802436
-0.00134388 -0.00288989 -0.802438
-0.00276202 -0.00359896 -0.802435
-0.00205295 -0.00359896 -0.802437
-0.00134388 -0.00359896 -0.802438
-0.00276202 -0.00430803 -0.802435
-0.00205295 -0.00430803 -0.802437
-0.00134388 -0.00430803 -0.802438
-0.00276202 -0.0050171 -0.802435
-0.00205295 -0.0050171 -0.802437
-0.00134388 -0.0050171 -0.802439
-0.00276202 -0.00572617 -0.802435
-0.00205295 -0.00572617 -0.802437
-0.00134388 -0.00572617 -0.802439
-0.00276202 -0.00643524 -0.802436
-0.00205295 -0.00643524 -0.802437
-0.00134388 -0.00643524 -0.802439
-0.00276202 -0.00714431 -0.802436
-0.00205295 -0.00714431 -0.802438
-0.00134388 -0.00714431 -0.802439
-0.00276202 -0.00785338 -0.802436
-0.00205295 -0.00785338 -0.802438
-0.00134388 -0.00785338 -0.80244
-0.00276202 -0.00856245 -0.802436
-0.00205295 -0.00856245 -0.802438
-0.00134388 -0.00856245 -0.80244
-0.00276202 -0.00927152 -0.802437
-0.00205295 -0.00927152 -0.802438
-0.00134388 -0.00927152 -0.80244
-0.00276202 -0.00998059 -0.802437
-0.00205295 -0.00998059 -0.802439
-0.00134388 -0.00998059 -0.80244
-0.00276202 -0.0106897 -0.802437
-0.00205295 -0.0106897 -0.802439
-0.00134388 -0.0106897 -0.802441
-0.00276202 -0.0113987 -0.802437
-0.00205295 -0.0113987 -0.802439
-0.00134388 -0.0113987 -0.802441
-0.00276202 -0.0121078 -0.802438
-0.00205295 -0.0121078 -0.802439
-0.00134388 -0.0121078 -0.802441
-0.00276202 -0.0128169 -0.802438
-0.00205295 -0.0128169 -0.80244
-0.00134388 -0.0128169 -0.802441
-0.00276202 -0.0135259 -0.802438
-0.00205295 -0.0135259 -0.80244
-0.00134388 -0.0135259 -0.802442
-0.00276202 -0.014235 -0.802438
-0.00205295 -0.014235 -0.80244
-0.00134388 -0.014235 -0.802442
-0.00276202 -0.0149441 -0.802438
-0.00205295 -0.0149441 -0.80244
-0.00134388 -0.0149441 -0.802442
-0.00276202 -0.0156531 -0.802439
-0.00205295 -0.0156531 -0.802441
-0.00134388 -0.0156531 -0.802442
-0.00276202 -0.0163622 -0.802439
-0.00205295 -0.0163622 -0.802441
-0.00134388 -0.0163622 -0.802443
-0.00276202 -0.0170713 -0.802439
-0.00205295 -0.0170713 -0.802441
-0.00134388 -0.0170713 -0.802443
-0.00276202 -0.0177803 -0.802439
-0.00205295 -0.0177803 -0.802441
-0.00134388 -0.0177803 -0.802443
-0.00276202 -0.0184894 -0.80244
-0.00205295 -0.0184894 -0.802441
-0.00134388 -0.0184894 -0.802443
-0.00276202 -0.0191985 -0.80244
-0.00205295 -0.0191985 -0.802442
-0.00134388 -0.0191985 -0.802444
-0.00276202 -0.0199076 -0.80244
-0.00205295 -0.0199076 -0.802442
-0.00134388 -0.0199076 -0.802444
-0.00276202 -0.0206166 -0.80244
-0.00205295 -0.0206166 -0.802442
-0.00134388 -0.0206166 -0.802444
-0.00276202 -0.0213257 -0.802441
-0.00205295 -0.0213257 -0.802442
-0.00134388 -0.0213257 -0.802444
-0.00276202 -0.0220348 -0.802441
-0.00205295 -0.0220348 -0.802443
-0.00134388 -0.0220348 -0.802444
-0.00276202 -0.0227438 -0.802441
-0.00205295 -0.0227438 -0.802443
-0.00134388 -0.0227438 -0.802445
-0.00276202 -0.0234529 -0.802441
-0.00205295 -0.0234529 -0.802443
-0.00134388 -0.0234529 -0.802445
-0.00276202 -0.024162 -0.802442
-0.00205295 -0.024162 -0.802443
-0.00134388 -0.024162 -0.802445
-0.00276202 -0.024871 -0.802442
-0.00205295 -0.024871 -0.802444
-0.00134388 -0.024871 -0.802445
-0.00276202 -0.0255801 -0.802442
-0.00205295 -0.0255801 -0.802444
-0.00134388 -0.0255801 -0.802446
-0.00276202 -0.0262892 -0.802442
-0.00205295 -0.0262892 -0.802444
-0.00134388 -0.0262892 -0.802446
-0.00276202 -0.0269982 -0.802443
-0.00205295 -0.0269982 -0.802444
-0.00134388 -0.0269982 -0.802446
-0.00276202 -0.0277073 -0.802443
-0.00205295 -0.0277073 -0.802445
-0.00134388 -0.0277073 -0.802446
-0.00276202 -0.0284164 -0.802443
-0.00205295 -0.0284164 -0.802445
-0.00134388 -0.0284164 -0.802447
-0.00276202 -0.0291255 -0.802443
-0.00205295 -0.0291255 -0.802445
-0.00134388 -0.0291255 -0.802447
-0.00276202 -0.0298345 -0.802444
-0.00205295 -0.0298345 -0.802445
-0.00134388 -0.0298345 -0.802447
-0.00276202 -0.0305436 -0.802444
-0.00205295 -0.0305436 -0.802445
-0.00134388 -0.0305436 -0.802447
