-0.0133159 0.0184528 -1.461
-0.0124257 0.0184528 -1.461
-0.0115355 0.0184528 -1.46099
-0.0133159 0.0175626 -1.461
-0.0124257 0.0175626 -1.461
-0.0115355 0.0175626 -1.46099
-0.0133159 0.0166724 -1.461
-0.0124257 0.0166724 -1.461
-0.0115355 0.0166724 -1.46099
-0.0133159 0.0157822 -1.461
-0.0124257 0.0157822 -1.461
-0.0115355 0.0157822 -1.46099
-0.0133159 0.014892 -1.461
-0.0124257 0.014892 -1.46099
-0.0115355 0.014892 -1.46099
-0.0133159 0.0140018 -1.461
-0.0124257 0.0140018 -1.46099
-0.0115355 0.0140018 -1.46099
-0.0133159 0.0131115 -1.461
-0.0124257 0.0131115 -1.46099
-0.0115355 0.0131115 -1.46099
-0.0133159 0.0122213 -1.461
-0.0124257 0.0122213 -1.46099
-0.0115355 0.0122213 -1.46099
-0.0133159 0.0113311 -1.461
-0.0124257 0.0113311 -1.46099
-0.0115355 0.0113311 -1.46099
-0.0133159 0.0104409 -1.461
-0.0124257 0.0104409 -1.46099
-0.0115355 0.0104409 -1.46099
-0.0133159 0.00955067 -1.46099
-0.0124257 0.00955067 -1.46099
-0.0115355 0.00955067 -1.46099
-0.0133159 0.00866045 -1.46099
-0.0124257 0.00866045 -1.46099
-0.0115355 0.00866045 -1.46099
-0.0133159 0.00777023 -1.46099
-0.0124257 0.00777023 -1.46099
-0.0115355 0.00777023 -1.46099
-0.0133159 0.00688001 -1.46099
-0.0124257 0.00688001 -1.46099
-0.0115355 0.00688001 -1.46099
-0.0133159 0.0059898 -1.46099
-0.0124257 0.0059898 -1.46099
-0.0115355 0.0059898 -1.46099
-0.0133159 0.00509958 -1.46099
-0.0124257 0.00509958 -1.46099
-0.0115355 0.00509958 -1.46099
-0.0133159 0.00420936 -1.46099
-0.0124257 0.00420936 -1.46099
-0.0115355 0.00420936 -1.46099
-0.0133159 0.00331914 -1.46099
-0.0124257 0.00331914 -1.46099
-0.0115355 0.00331914 -1.46099
-0.0133159 0.00242893 -1.46099
-0.0124257 0.00242893 -1.46099
-0.0115355 0.00242893 -1.46099
-0.0133159 0.00153871 -1.46099
-0.0124257 0.00153871 -1.46099
-0.0115355 0.00153871 -1.46099
-0.0133159 0.000648491 -1.46099
-0.0124257 0.000648491 -1.46099
-0.0115355 0.000648491 -1.46099
-0.0133159 -0.000241726 -1.46099
-0.0124257 -0.000241726 -1.46099
-0.0115355 -0.000241726 -1.46099
-0.0133159 -0.00113194 -1.46099
-0.0124257 -0.00113194 -1.46099
-0.0115355 -0.00113194 -1.46099
-0.0133159 -0.00202216 -1.46099
-0.0124257 -0.00202216 -1.46099
-0.0115355 -0.00202216 -1.46098
-0.0133159 -0.00291238 -1.46099
-0.0124257 -0.00291238 -1.46099
-0.0115355 -0.00291238 -1.46098
-0.0133159 -0.0038026 -1.46099
-0.0124257 -0.0038026 -1.46099
-0.0115355 -0.0038026 -1.46098
-0.0133159 -0.00469281 -1.46099
-0.0124257 -0.00469281 -1.46099
-0.0115355 -0.00469281 -1.46098
-0.0133159 -0.00558303 -1.46099
-0.0124257 -0.00558303 -1.46099
-0.0115355 -0.00558303 -1.46098
-0.0133159 -0.00647325 -1.46099
-0.0124257 -0.00647325 -1.46099
-0.0115355 -0.00647325 -1.46098
-0.0133159 -0.00736347 -1.46099
-0.0124257 -0.00736347 -1.46099
-0.0115355 -0.00736347 -1.46098
-0.0133159 -0.00825369 -1.46099
-0.0124257 -0.00825369 -1.46098
-0.0115355 -0.00825369 -1.46098
-0.0133159 -0.0091439 -1.46099
-0.0124257 -0.0091439 -1.46098
-0.0115355 -0.0091439 -1.46098
-0.0133159 -0.0100341 -1.46099
-0.0124257 -0.0100341 -1.46098
-0.0115355 -0.0100341 -1.46098
-0.0133159 -0.0109243 -1.46099
-0.0124257 -0.0109243 -1.46098
-0.0115355 -0.0109243 -1.46098
-0.0133159 -0.0118146 -1.46099
-0.0124257 -0.0118146 -1.46098
-0.0115355 -0.0118146 -1.46098
-0.0133159 -0.0127048 -1.46099
-0.0124257 -0.0127048 -1.46098
-0.0115355 -0.0127048 -1.46098
-0.0133159 -0.013595 -1.46098
-0.0124257 -0.013595 -1.46098
-0.0115355 -0.013595 -1.46098
-0.0133159 -0.0144852 -1.46098
-0.0124257 -0.0144852 -1.46098
-0.0115355 -0.0144852 -1.46098
-0.0133159 -0.0153754 -1.46098
-0.0124257 -0.0153754 -1.46098
-0.0115355 -0.0153754 -1.46098
-0.0133159 -0.0162656 -1.46098
-0.0124257 -0.0162656 -1.46098
-0.0115355 -0.0162656 -1.46098
-0.0133159 -0.0171559 -1.46098
-0.0124257 -0.0171559 -1.46098
-0.0115355 -0.0171559 -1.46098
-0.0133159 -0.0180461 -1.46098
-0.0124257 -0.0180461 -1.46098
-0.0115355 -0.0180461 -1.46098
-0.0133159 -0.0189363 -1.46098
-0.0124257 -0.0189363 -1.46098
-0.0115355 -0.0189363 -1.46098
-0.0133159 -0.0198265 -1.46098
-0.0124257 -0.0198265 -1.46098
-0.0115355 -0.0198265 -1.46098
-0.0133159 -0.0207167 -1.46098
-0.0124257 -0.0207167 -1.46098
-0.0115355 -0.0207167 -1.46098
-0.0133159 -0.021607 -1.46098
-0.0124257 -0.021607 -1.46098
-0.0115355 -0.021607 -1.46098
-0.0133159 -0.0224972 -1.46098
-0.0124257 -0.0224972 -1.46098
-0.0115355 -0.0224972 -1.46098
-0.0133159 -0.0233874 -1.46098
-0.0124257 -0.0233874 -1.46098
-0.0115355 -0.0233874 -1.46098
-0.0133159 -0.0242776 -1.46098
-0.0124257 -0.0242776 -1.46098
-0.0115355 -0.0242776 -1.46098
-0.0133159 -0.0251678 -1.46098
-0.0124257 -0.0251678 -1.46098
-0.0115355 -0.0251678 -1.46098
-0.0133159 -0.026058 -1.46098
-0.0124257 -0.026058 -1.46098
-0.0115355 -0.026058 -1.46097
-0.0133159 -0.0269483 -1.46098
-0.0124257 -0.0269483 -1.46098
-0.0115355 -0.0269483 -1.46097
-0.0133159 -0.0278385 -1.46098
-0.0124257 -0.0278385 -1.46098
-0.0115355 -0.0278385 -1.46097
-0.0133159 -0.0287287 -1.46098
-0.0124257 -0.0287287 -1.46098
-0.0115355 -0.0287287 -1.46097
-0.0133159 -0.0296189 -1.46098
-0.0124257 -0.0296189 -1.46098
-0.0115355 -0.0296189 -1.46097
-0.0133159 -0.0305091 -1.46098
-0.0124257 -0.0305091 -1.46098
-0.0115355 -0.0305091 -1.46097
-0.0133159 -0.0313993 -1.46098
-0.0124257 -0.0313993 -1.46097
-0.0115355 -0.0313993 -1.46097
-0.0133159 -0.0322896 -1.46098
-0.0124257 -0.0322896 -1.46097
-0.0115355 -0.0322896 -1.46097
-0.0133159 -0.0331798 -1.46098
-0.0124257 -0.0331798 -1.46097
-0.0115355 -0.0331798 -1.46097
-0.0133159 -0.03407 -1.46098
-0.0124257 -0.03407 -1.46097
-0.0115355 -0.03407 -1.46097
-0.0133159 -0.0349602 -1.46098
-0.0124257 -0.0349602 -1.46097
-0.0115355 -0.0349602 -1.46097
-0.0133159 -0.0358504 -1.46098
-0.0124257 -0.0358504 -1.46097
-0.0115355 -0.0358504 -1.46097
-0.0133159 -0.0367406 -1.46097
-0.0124257 -0.0367406 -1.46097
-0.0115355 -0.0367406 -1.46097
-0.0133159 -0.0376309 -1.46097
-0.0124257 -0.0376309 -1.46097
-0.0115355 -0.0376309 -1.46097
-0.0133159 -0.0385211 -1.46097
-0.0124257 -0.0385211 -1.46097
-0.0115355 -0.0385211 -1.46097
-0.0133159 -0.0394113 -1.46097
-0.0124257 -0.0394113 -1.46097
-0.0115355 -0.0394113 -1.46097
-0.0133159 -0.0403015 -1.46097
-0.0124257 -0.0403015 -1.46097
-0.0115355 -0.0403015 -1.46097
-0.0133159 -0.0411917 -1.46097
-0.0124257 -0.0411917 -1.46097
-0.0115355 -0.0411917 -1.46097
-0.0133159 -0.042082 -1.46097
-0.0124257 -0.042082 -1.46097
-0.0115355 -0.042082 -1.46097
-0.0133159 -0.0429722 -1.46097
-0.0124257 -0.0429722 -1.46097
-0.0115355 -0.0429722 -1.46097
-0.0133159 -0.0438624 -1.46097
-0.0124257 -0.0438624 -1.46097
-0.0115355 -0.0438624 -1.46097
-0.0133159 -0.0447526 -1.46097
-0.0124257 -0.0447526 -1.46097
-0.0115355 -0.0447526 -1.46097
-0.0133159 -0.0456428 -1.46097
-0.0124257 -0.0456428 -1.46097
-0.0115355 -0.0456428 -1.46097
-0.0133159 -0.046533 -1.46097
-0.0124257 -0.046533 -1.46097
-0.0115355 -0.046533 -1.46097
-0.0133159 -0.0474233 -1.46097
-0.0124257 -0.0474233 -1.46097
-0.0115355 -0.0474233 -1.46097
-0.0133159 -0.0483135 -1.46097
-0.0124257 -0.0483135 -1.46097
-0.0115355 -0.0483135 -1.46097
-0.0133159 -0.0492037 -1.46097
-0.0124257 -0.0492037 -1.46097
-0.0115355 -0.0492037 -1.46096
-0.0133159 -0.0500939 -1.46097
-0.0124257 -0.0500939 -1.46097
-0.0115355 -0.0500939 -1.46096
-0.0133159 -0.0509841 -1.46097
-0.0124257 -0.0509841 -1.46097
-0.0115355 -0.0509841 -1.46096
-0.0133159 -0.0518744 -1.46097
-0.0124257 -0.0518744 -1.46097
-0.0115355 -0.0518744 -1.46096
-0.0133159 -0.0527646 -1.46097
-0.0124257 -0.0527646 -1.46097
-0.0115355 -0.0527646 -1.46096
-0.0133159 -0.0536548 -1.46097
-0.0124257 -0.0536548 -1.46097
-0.0115355 -0.0536548 -1.46096
-0.0133159 -0.054545 -1.46097
-0.0124257 -0.054545 -1.46096
-0.0115355 -0.054545 -1.46096
-0.0133159 -0.0554352 -1.46097
-0.0124257 -0.0554352 -1.46096
-0.0115355 -0.0554352 -1.46096
-0.0133159 -0.0563254 -1.46097
-0.0124257 -0.0563254 -1.46096
-0.0115355 -0.0563254 -1.46096
-0.0133159 -0.0572157 -1.46097
-0.0124257 -0.0572157 -1.46096
-0.0115355 -0.0572157 -1.46096
-0.0133159 -0.0581059 -1.46097
-0.0124257 -0.0581059 -1.46096
-0.0115355 -0.0581059 -1.46096
-0.0133159 -0.0589961 -1.46097
-0.0124257 -0.0589961 -1.46096
-0.0115355 -0.0589961 -1.46096
-0.0133159 -0.0598863 -1.46097
-0.0124257 -0.0598863 -1.46096
-0.0115355 -0.0598863 -1.46096
-0.0133159 -0.0607765 -1.46096
-0.0124257 -0.0607765 -1.46096
-0.0115355 -0.0607765 -1.46096
-0.0133159 -0.0616667 -1.46096
-0.0124257 -0.0616667 -1.46096
-0.0115355 -0.0616667 -1.46096
-0.0133159 -0.062557 -1.46096
-0.0124257 -0.062557 -1.46096
-0.0115355 -0.062557 -1.46096
-0.0133159 -0.0634472 -1.46096
-0.0124257 -0.0634472 -1.46096
-0.0115355 -0.0634472 -1.46096
-0.0133159 -0.0643374 -1.46096
-0.0124257 -0.0643374 -1.46096
-0.0115355 -0.0643374 -1.46096
-0.0133159 -0.0652276 -1.46096
-0.0124257 -0.0652276 -1.46096
-0.0115355 -0.0652276 -1.46096
-0.0133159 -0.0661178 -1.46096
-0.0124257 -0.0661178 -1.46096
-0.0115355 -0.0661178 -1.46096
-0.0133159 -0.067008 -1.46096
-0.0124257 -0.067008 -1.46096
-0.0115355 -0.067008 -1.46096
-0.0133159 -0.0678983 -1.46096
-0.0124257 -0.0678983 -1.46096
-0.0115355 -0.0678983 -1.46096
-0.0133159 -0.0687885 -1.46096
-0.0124257 -0.0687885 -1.46096
-0.0115355 -0.0687885 -1.46096
-0.0133159 -0.0696787 -1.46096
-0.0124257 -0.0696787 -1.46096
-0.0115355 -0.0696787 -1.46096
-0.0133159 -0.0705689 -1.46096
-0.0124257 -0.0705689 -1.46096
-0.0115355 -0.0705689 -1.46096
-0.0133159 -0.0714591 -1.46096
-0.0124257 -0.0714591 -1.46096
-0.0115355 -0.0714591 -1.46096
-0.0133159 -0.0723494 -1.46096
-0.0124257 -0.0723494 -1.46096
-0.0115355 -0.0723494 -1.46095
-0.0133159 -0.0732396 -1.46096
-0.0124257 -0.0732396 -1.46096
-0.0115355 -0.0732396 -1.46095
-0.0133159 -0.0741298 -1.46096
-0.0124257 -0.0741298 -1.46096
-0.0115355 -0.0741298 -1.46095
-0.0133159 -0.07502 -1.46096
-0.0124257 -0.07502 -1.46096
-0.0115355 -0.07502 -1.46095
-0.0133159 -0.0759102 -1.46096
-0.0124257 -0.0759102 -1.46096
-0.0115355 -0.0759102 -1.46095
-0.0133159 -0.0768004 -1.46096
-0.0124257 -0.0768004 -1.46096
-0.0115355 -0.0768004 -1.46095
-0.0133159 -0.0776907 -1.46096
-0.0124257 -0.0776907 -1.46095
-0.0115355 -0.0776907 -1.46095
-0.0133159 -0.0785809 -1.46096
-0.0124257 -0.0785809 -1.46095
-0.0115355 -0.0785809 -1.46095
-0.0133159 -0.0794711 -1.46096
-0.0124257 -0.0794711 -1.46095
-0.0115355 -0.0794711 -1.46095
