-0.00372715 0.00457281 -0.806017
-0.0034892 0.00457281 -0.806018
-0.00325126 0.00457281 -0.806019
-0.00372715 0.00433487 -0.806017
-0.0034892 0.00433487 -0.806018
-0.00325126 0.00433487 -0.806019
-0.00372715 0.00409692 -0.806018
-0.0034892 0.00409692 -0.806018
-0.00325126 0.00409692 -0.806019
-0.00372715 0.00385898 -0.806018
-0.0034892 0.00385898 -0.806019
-0.00325126 0.00385898 -0.80602
-0.00372715 0.00362104 -0.806018
-0.0034892 0.00362104 -0.806019
-0.00325126 0.00362104 -0.80602
-0.00372715 0.00338309 -0.806018
-0.0034892 0.00338309 -0.806019
-0.00325126 0.00338309 -0.80602
-0.00372715 0.00314515 -0.806019
-0.0034892 0.00314515 -0.80602
-0.00325126 0.00314515 -0.806021
-0.00372715 0.0029072 -0.806019
-0.0034892 0.0029072 -0.80602
-0.00325126 0.0029072 -0.806021
-0.00372715 0.00266926 -0.806019
-0.0034892 0.00266926 -0.80602
-0.00325126 0.00266926 -0.806021
-0.00372715 0.00243132 -0.80602
-0.0034892 0.00243132 -0.806021
-0.00325126 0.00243132 -0.806022
-0.00372715 0.00219337 -0.80602
-0.0034892 0.00219337 -0.806021
-0.00325126 0.00219337 -0.806022
-0.00372715 0.00195543 -0.80602
-0.0034892 0.00195543 -0.806021
-0.00325126 0.00195543 -0.806022
-0.00372715 0.00171749 -0.80602
-0.0034892 0.00171749 -0.806021
-0.00325126 0.00171749 -0.806022
-0.00372715 0.00147954 -0.806021
-0.0034892 0.00147954 -0.806022
-0.00325126 0.00147954 -0.806023
-0.00372715 0.0012416 -0.806021
-0.0034892 0.0012416 -0.806022
-0.00325126 0.0012416 -0.806023
-0.00372715 0.00100366 -0.806021
-0.0034892 0.00100366 -0.806022
-0.00325126 0.00100366 -0.806023
-0.00372715 0.000765713 -0.806022
-0.0034892 0.000765713 -0.806023
-0.00325126 0.000765713 -0.806024
-0.00372715 0.000527769 -0.806022
-0.0034892 0.000527769 -0.806023
-0.00325126 0.000527769 -0.806024
-0.00372715 0.000289825 -0.806022
-0.0034892 0.000289825 -0.806023
-0.00325126 0.000289825 -0.806024
-0.00372715 5.18819e-05 -0.806023
-0.0034892 5.18819e-05 -0.806023
-0.00325126 5.18819e-05 -0.806024
-0.00372715 -0.000186062 -0.806023
-0.0034892 -0.000186062 -0.806024
-0.00325126 -0.000186062 -0.806025
-0.00372715 -0.000424005 -0.806023
-0.0034892 -0.000424005 -0.806024
-0.00325126 -0.000424005 -0.806025
-0.00372715 -0.000661949 -0.806023
-0.0034892 -0.000661949 -0.806024
-0.00325126 -0.000661949 -0.806025
-0.00372715 -0.000899892 -0.806024
-0.0034892 -0.000899892 -0.806025
-0.00325126 -0.000899892 -0.806026
-0.00372715 -0.00113784 -0.806024
-0.0034892 -0.00113784 -0.806025
-0.00325126 -0.00113784 -0.806026
-0.00372715 -0.00137578 -0.806024
-0.0034892 -0.00137578 -0.806025
-0.00325126 -0.00137578 -0.806026
-0.00372715 -0.00161372 -0.806025
-0.0034892 -0.00161372 -0.806026
-0.00325126 -0.00161372 -0.806027
-0.00372715 -0.00185167 -0.806025
-0.0034892 -0.00185167 -0.806026
-0.00325126 -0.00185167 -0.806027
-0.00372715 -0.00208961 -0.806025
-0.0034892 -0.00208961 -0.806026
-0.00325126 -0.00208961 -0.806027
-0.00372715 -0.00232755 -0.806026
-0.0034892 -0.00232755 -0.806026
-0.00325126 -0.00232755 -0.806027
-0.00372715 -0.0025655 -0.806026
-0.0034892 -0.0025655 -0.806027
-0.00325126 -0.0025655 -0.806028
-0.00372715 -0.00280344 -0.806026
-0.0034892 -0.00280344 -0.806027
-0.00325126 -0.00280344 -0.806028
-0.00372715 -0.00304138 -0.806026
-0.0034892 -0.00304138 -0.806027
-0.00325126 -0.00304138 -0.806028
-0.00372715 -0.00327933 -0.806027
-0.0034892 -0.00327933 -0.806028
-0.00325126 -0.00327933 -0.806029
-0.00372715 -0.00351727 -0.806027
-0.0034892 -0.00351727 -0.806028
-0.00325126 -0.00351727 -0.806029
-0.00372715 -0.00375521 -0.806027
-0.0034892 -0.00375521 -0.806028
-0.00325126 -0.00375521 -0.806029
-0.00372715 -0.00399316 -0.806028
-0.0034892 -0.00399316 -0.806029
-0.00325126 -0.00399316 -0.806029
-0.00372715 -0.0042311 -0.806028
-0.0034892 -0.0042311 -0.806029
-0.00325126 -0.0042311 -0.80603
-0.00372715 -0.00446905 -0.806028
-0.0034892 -0.00446905 -0.806029
-0.00325126 -0.00446905 -0.80603
-0.00372715 -0.00470699 -0.806028
-0.0034892 -0.00470699 -0.806029
-0.00325126 -0.00470699 -0.80603
-0.00372715 -0.00494493 -0.806029
-0.0034892 -0.00494493 -0.80603
-0.00325126 -0.00494493 -0.806031
-0.00372715 -0.00518288 -0.806029
-0.0034892 -0.00518288 -0.80603
-0.00325126 -0.00518288 -0.806031
-0.00372715 -0.00542082 -0.806029
-0.0034892 -0.00542082 -0.80603
-0.00325126 -0.00542082 -0.806031
-0.00372715 -0.00565876 -0.80603
-0.0034892 -0.00565876 -0.806031
-0.00325126 -0.00565876 -0.806032
-0.00372715 -0.00589671 -0.80603
-0.0034892 -0.00589671 -0.806031
-0.00325126 -0.00589671 -0.806032
-0.00372715 -0.00613465 -0.80603
-0.0034892 -0.00613465 -0.806031
-0.00325126 -0.00613465 -0.806032
-0.00372715 -0.00637259 -0.806031
-0.0034892 -0.00637259 -0.806031
-0.00325126 -0.00637259 -0.806032
-0.00372715 -0.00661054 -0.806031
-0.0034892 -0.00661054 -0.806032
-0.00325126 -0.00661054 -0.806033
-0.00372715 -0.00684848 -0.806031
-0.0034892 -0.00684848 -0.806032
-0.00325126 -0.00684848 -0.806033
-0.00372715 -0.00708642 -0.806031
-0.0034892 -0.00708642 -0.806032
-0.00325126 -0.00708642 -0.806033
-0.00372715 -0.00732437 -0.806032
-0.0034892 -0.00732437 -0.806033
-0.00325126 -0.00732437 -0.806034
-0.00372715 -0.00756231 -0.806032
-0.0034892 -0.00756231 -0.806033
-0.00325126 -0.00756231 -0.806034
-0.00372715 -0.00780026 -0.806032
-0.0034892 -0.00780026 -0.806033
-0.00325126 -0.00780026 -0.806034
-0.00372715 -0.0080382 -0.806033
-0.0034892 -0.0080382 -0.806034
-0.00325126 -0.0080382 -0.806035
-0.00372715 -0.00827614 -0.806033
-0.0034892 -0.00827614 -0.806034
-0.00325126 -0.00827614 -0.806035
-0.00372715 -0.00851409 -0.806033
-0.0034892 -0.00851409 -0.806034
-0.00325126 -0.00851409 -0.806035
-0.00372715 -0.00875203 -0.806033
-0.0034892 -0.00875203 -0.806034
-0.00325126 -0.00875203 -0.806035
-0.00372715 -0.00898997 -0.806034
-0.0034892 -0.00898997 -0.806035
-0.00325126 -0.00898997 -0.806036
-0.00372715 -0.00922792 -0.806034
-0.0034892 -0.00922792 -0.806035
-0.00325126 -0.00922792 -0.806036
-0.00372715 -0.00946586 -0.806034
-0.0034892 -0.00946586 -0.806035
-0.00325126 -0.00946586 -0.806036
-0.00372715 -0.0097038 -0.806035
-0.0034892 -0.0097038 -0.806036
-0.00325126 -0.0097038 -0.806037
-0.00372715 -0.00994175 -0.806035
-0.0034892 -0.00994175 -0.806036
-0.00325126 -0.00994175 -0.806037
-0.00372715 -0.0101797 -0.806035
-0.0034892 -0.0101797 -0.806036
-0.00325126 -0.0101797 -0.806037
-0.00372715 -0.0104176 -0.806036
-0.0034892 -0.0104176 -0.806036
-0.00325126 -0.0104176 -0.806037
-0.00372715 -0.0106556 -0.806036
-0.0034892 -0.0106556 -0.806037
-0.00325126 -0.0106556 -0.806038
-0.00372715 -0.0108935 -0.806036
-0.0034892 -0.0108935 -0.806037
-0.00325126 -0.0108935 -0.806038
-0.00372715 -0.0111315 -0.806036
-0.0034892 -0.0111315 -0.806037
-0.00325126 -0.0111315 -0.806038
-0.00372715 -0.0113694 -0.806037
-0.0034892 -0.0113694 -0.806038
-0.00325126 -0.0113694 -0.806039
-0.00372715 -0.0116074 -0.806037
-0.0034892 -0.0116074 -0.806038
-0.00325126 -0.0116074 -0.806039
-0.00372715 -0.0118453 -0.806037
-0.0034892 -0.0118453 -0.806038
-0.00325126 -0.0118453 -0.806039
-0.00372715 -0.0120832 -0.806038
-0.0034892 -0.0120832 -0.806039
-0.00325126 -0.0120832 -0.80604
-0.00372715 -0.0123212 -0.806038
-0.0034892 -0.0123212 -0.806039
-0.00325126 -0.0123212 -0.80604
-0.00372715 -0.0125591 -0.806038
-0.0034892 -0.0125591 -0.806039
-0.00325126 -0.0125591 -0.80604
-0.00372715 -0.0127971 -0.806038
-0.0034892 -0.0127971 -0.806039
-0.00325126 -0.0127971 -0.80604
-0.00372715 -0.013035 -0.806039
-0.0034892 -0.013035 -0.80604
-0.00325126 -0.013035 -0.806041
-0.00372715 -0.013273 -0.806039
-0.0034892 -0.013273 -0.80604
-0.00325126 -0.013273 -0.806041
-0.00372715 -0.0135109 -0.806039
-0.0034892 -0.0135109 -0.80604
-0.00325126 -0.0135109 -0.806041
-0.00372715 -0.0137488 -0.80604
-0.0034892 -0.0137488 -0.806041
-0.00325126 -0.0137488 -0.806042
-0.00372715 -0.0139868 -0.80604
-0.0034892 -0.0139868 -0.806041
-0.00325126 -0.0139868 -0.806042
-0.00372715 -0.0142247 -0.80604
-0.0034892 -0.0142247 -0.806041
-0.00325126 -0.0142247 -0.806042
-0.00372715 -0.0144627 -0.806041
-0.0034892 -0.0144627 -0.806041
-0.00325126 -0.0144627 -0.806042
-0.00372715 -0.0147006 -0.806041
-0.0034892 -0.0147006 -0.806042
-0.00325126 -0.0147006 -0.806043
-0.00372715 -0.0149386 -0.806041
-0.0034892 -0.0149386 -0.806042
-0.00325126 -0.0149386 -0.806043
-0.00372715 -0.0151765 -0.806041
-0.0034892 -0.0151765 -0.806042
-0.00325126 -0.0151765 -0.806043
-0.00372715 -0.0154144 -0.806042
-0.0034892 -0.0154144 -0.806043
-0.00325126 -0.0154144 -0.806044
-0.00372715 -0.0156524 -0.806042
-0.0034892 -0.0156524 -0.806043
-0.00325126 -0.0156524 -0.806044
-0.00372715 -0.0158903 -0.806042
-0.0034892 -0.0158903 -0.806043
-0.00325126 -0.0158903 -0.806044
-0.00372715 -0.0161283 -0.806043
-0.0034892 -0.0161283 -0.806044
-0.00325126 -0.0161283 -0.806045
-0.00372715 -0.0163662 -0.806043
-0.0034892 -0.0163662 -0.806044
-0.00325126 -0.0163662 -0.806045
-0.00372715 -0.0166042 -0.806043
-0.0034892 -0.0166042 -0.806044
-0.00325126 -0.0166042 -0.806045
-0.00372715 -0.0168421 -0.806044
-0.0034892 -0.0168421 -0.806044
-0.00325126 -0.0168421 -0.806045
-0.00372715 -0.0170801 -0.806044
-0.0034892 -0.0170801 -0.806045
-0.00325126 -0.0170801 -0.806046
-0.00372715 -0.017318 -0.806044
-0.0034892 -0.017318 -0.806045
-0.00325126 -0.017318 -0.806046
-0.00372715 -0.0175559 -0.806044
-0.0034892 -0.0175559 -0.806045
-0.00325126 -0.0175559 -0.806046
-0.00372715 -0.0177939 -0.806045
-0.0034892 -0.0177939 -0.806046
-0.00325126 -0.0177939 -0.806047
-0.00372715 -0.0180318 -0.806045
-0.0034892 -0.0180318 -0.806046
-0.00325126 -0.0180318 -0.806047
-0.00372715 -0.0182698 -0.806045
-0.0034892 -0.0182698 -0.806046
-0.00325126 -0.0182698 -0.806047
-0.00372715 -0.0185077 -0.806046
-0.0034892 -0.0185077 -0.806046
-0.00325126 -0.0185077 -0.806047
-0.00372715 -0.0187457 -0.806046
-0.0034892 -0.0187457 -0.806047
-0.00325126 -0.0187457 -0.806048
-0.00372715 -0.0189836 -0.806046
-0.0034892 -0.0189836 -0.806047
-0.00325126 -0.0189836 -0.806048
-0.00372715 -0.0192215 -0.806046
-0.0034892 -0.0192215 -0.806047
-0.00325126 -0.0192215 -0.806048
-0.00372715 -0.0194595 -0.806047
-0.0034892 -0.0194595 -0.806048
-0.00325126 -0.0194595 -0.806049
-0.00372715 -0.0196974 -0.806047
-0.0034892 -0.0196974 -0.806048
-0.00325126 -0.0196974 -0.806049
-0.00372715 -0.0199354 -0.806047
-0.0034892 -0.0199354 -0.806048
-0.00325126 -0.0199354 -0.806049
-0.00372715 -0.0201733 -0.806048
-0.0034892 -0.0201733 -0.806049
-0.00325126 -0.0201733 -0.80605
-0.00372715 -0.0204113 -0.806048
-0.0034892 -0.0204113 -0.806049
-0.00325126 -0.0204113 -0.80605
-0.00372715 -0.0206492 -0.806048
-0.0034892 -0.0206492 -0.806049
-0.00325126 -0.0206492 -0.80605
-0.00372715 -0.0208871 -0.806049
-0.0034892 -0.0208871 -0.806049
-0.00325126 -0.0208871 -0.80605
-0.00372715 -0.0211251 -0.806049
-0.0034892 -0.0211251 -0.80605
-0.00325126 -0.0211251 -0.806051
-0.00372715 -0.021363 -0.806049
-0.0034892 -0.021363 -0.80605
-0.00325126 -0.021363 -0.806051
-0.00372715 -0.021601 -0.806049
-0.0034892 -0.021601 -0.80605
-0.00325126 -0.021601 -0.806051
