-0.003288 0.00982465 -0.706613
-0.00316473 0.00982465 -0.706612
-0.00304146 0.00982465 -0.70661
-0.003288 0.00970138 -0.706614
-0.00316473 0.00970138 -0.706612
-0.00304146 0.00970138 -0.706611
-0.003288 0.00957811 -0.706614
-0.00316473 0.00957811 -0.706613
-0.00304146 0.00957811 -0.706611
-0.003288 0.00945484 -0.706615
-0.00316473 0.00945484 -0.706613
-0.00304146 0.00945484 -0.706612
-0.003288 0.00933157 -0.706616
-0.00316473 0.00933157 -0.706614
-0.00304146 0.00933157 -0.706613
-0.003288 0.0092083 -0.706616
-0.00316473 0.0092083 -0.706615
-0.00304146 0.0092083 -0.706613
-0.003288 0.00908503 -0.706617
-0.00316473 0.00908503 -0.706615
-0.00304146 0.00908503 -0.706614
-0.003288 0.00896176 -0.706617
-0.00316473 0.00896176 -0.706616
-0.00304146 0.00896176 -0.706614
-0.003288 0.0088385 -0.706618
-0.00316473 0.0088385 -0.706617
-0.00304146 0.0088385 -0.706615
-0.003288 0.00871523 -0.706619
-0.00316473 0.00871523 -0.706617
-0.00304146 0.00871523 -0.706616
-0.003288 0.00859196 -0.706619
-0.00316473 0.00859196 -0.706618
-0.00304146 0.00859196 -0.706616
-0.003288 0.00846869 -0.70662
-0.00316473 0.00846869 -0.706618
-0.00304146 0.00846869 -0.706617
-0.003288 0.00834542 -0.706621
-0.00316473 0.00834542 -0.706619
-0.00304146 0.00834542 -0.706618
-0.003288 0.00822215 -0.706621
-0.00316473 0.00822215 -0.70662
-0.00304146 0.00822215 -0.706618
-0.003288 0.00809888 -0.706622
-0.00316473 0.00809888 -0.70662
-0.00304146 0.00809888 -0.706619
-0.003288 0.00797561 -0.706622
-0.00316473 0.00797561 -0.706621
-0.00304146 0.00797561 -0.706619
-0.003288 0.00785234 -0.706623
-0.00316473 0.00785234 -0.706622
-0.00304146 0.00785234 -0.70662
-0.003288 0.00772907 -0.706624
-0.00316473 0.00772907 -0.706622
-0.00304146 0.00772907 -0.706621
-0.003288 0.00760581 -0.706624
-0.00316473 0.00760581 -0.706623
-0.00304146 0.00760581 -0.706621
-0.003288 0.00748254 -0.706625
-0.00316473 0.00748254 -0.706623
-0.00304146 0.00748254 -0.706622
-0.003288 0.00735927 -0.706626
-0.00316473 0.00735927 -0.706624
-0.00304146 0.00735927 -0.706622
-0.003288 0.007236 -0.706626
-0.00316473 0.007236 -0.706625
-0.00304146 0.007236 -0.706623
-0.003288 0.00711273 -0.706627
-0.00316473 0.00711273 -0.706625
-0.00304146 0.00711273 -0.706624
-0.003288 0.00698946 -0.706627
-0.00316473 0.00698946 -0.706626
-0.00304146 0.00698946 -0.706624
-0.003288 0.00686619 -0.706628
-0.00316473 0.00686619 -0.706626
-0.00304146 0.00686619 -0.706625
-0.003288 0.00674292 -0.706629
-0.00316473 0.00674292 -0.706627
-0.00304146 0.00674292 -0.706626
-0.003288 0.00661965 -0.706629
-0.00316473 0.00661965 -0.706628
-0.00304146 0.00661965 -0.706626
-0.003288 0.00649638 -0.70663
-0.00316473 0.00649638 -0.706628
-0.00304146 0.00649638 -0.706627
-0.003288 0.00637312 -0.70663
-0.00316473 0.00637312 -0.706629
-0.00304146 0.00637312 -0.706627
-0.003288 0.00624985 -0.706631
-0.00316473 0.00624985 -0.70663
-0.00304146 0.00624985 -0.706628
-0.003288 0.00612658 -0.706632
-0.00316473 0.00612658 -0.70663
-0.00304146 0.00612658 -0.706629
-0.003288 0.00600331 -0.706632
-0.00316473 0.00600331 -0.706631
-0.00304146 0.00600331 -0.706629
-0.003288 0.00588004 -0.706633
-0.00316473 0.00588004 -0.706631
-0.00304146 0.00588004 -0.70663
-0.003288 0.00575677 -0.706634
-0.00316473 0.00575677 -0.706632
-0.00304146 0.00575677 -0.706631
-0.003288 0.0056335 -0.706634
-0.00316473 0.0056335 -0.706633
-0.00304146 0.0056335 -0.706631
-0.003288 0.00551023 -0.706635
-0.00316473 0.00551023 -0.706633
-0.00304146 0.00551023 -0.706632
-0.003288 0.00538696 -0.706635
-0.00316473 0.00538696 -0.706634
-0.00304146 0.00538696 -0.706632
-0.003288 0.0052637 -0.706636
-0.00316473 0.0052637 -0.706635
-0.00304146 0.0052637 -0.706633
-0.003288 0.00514043 -0.706637
-0.00316473 0.00514043 -0.706635
-0.00304146 0.00514043 -0.706634
-0.003288 0.00501716 -0.706637
-0.00316473 0.00501716 -0.706636
-0.00304146 0.00501716 -0.706634
-0.003288 0.00489389 -0.706638
-0.00316473 0.00489389 -0.706636
-0.00304146 0.00489389 -0.706635
-0.003288 0.00477062 -0.706639
-0.00316473 0.00477062 -0.706637
-0.00304146 0.00477062 -0.706636
-0.003288 0.00464735 -0.706639
-0.00316473 0.00464735 -0.706638
-0.00304146 0.00464735 -0.706636
-0.003288 0.00452408 -0.70664
-0.00316473 0.00452408 -0.706638
-0.00304146 0.00452408 -0.706637
-0.003288 0.00440081 -0.70664
-0.00316473 0.00440081 -0.706639
-0.00304146 0.00440081 -0.706637
-0.003288 0.00427754 -0.706641
-0.00316473 0.00427754 -0.70664
-0.00304146 0.00427754 -0.706638
-0.003288 0.00415427 -0.706642
-0.00316473 0.00415427 -0.70664
-0.00304146 0.00415427 -0.706639
-0.003288 0.00403101 -0.706642
-0.00316473 0.00403101 -0.706641
-0.00304146 0.00403101 -0.706639
-0.003288 0.00390774 -0.706643
-0.00316473 0.00390774 -0.706641
-0.00304146 0.00390774 -0.70664
-0.003288 0.00378447 -0.706644
-0.00316473 0.00378447 -0.706642
-0.00304146 0.00378447 -0.706641
-0.003288 0.0036612 -0.706644
-0.00316473 0.0036612 -0.706643
-0.00304146 0.0036612 -0.706641
-0.003288 0.00353793 -0.706645
-0.00316473 0.00353793 -0.706643
-0.00304146 0.00353793 -0.706642
-0.003288 0.00341466 -0.706645
-0.00316473 0.00341466 -0.706644
-0.00304146 0.00341466 -0.706642
-0.003288 0.00329139 -0.706646
-0.00316473 0.00329139 -0.706645
-0.00304146 0.00329139 -0.706643
-0.003288 0.00316812 -0.706647
-0.00316473 0.00316812 -0.706645
-0.00304146 0.00316812 -0.706644
-0.003288 0.00304485 -0.706647
-0.00316473 0.00304485 -0.706646
-0.00304146 0.00304485 -0.706644
-0.003288 0.00292158 -0.706648
-0.00316473 0.00292158 -0.706646
-0.00304146 0.00292158 -0.706645
-0.003288 0.00279832 -0.706649
-0.00316473 0.00279832 -0.706647
-0.00304146 0.00279832 -0.706646
-0.003288 0.00267505 -0.706649
-0.00316473 0.00267505 -0.706648
-0.00304146 0.00267505 -0.706646
-0.003288 0.00255178 -0.70665
-0.00316473 0.00255178 -0.706648
-0.00304146 0.00255178 -0.706647
-0.003288 0.00242851 -0.70665
-0.00316473 0.00242851 -0.706649
-0.00304146 0.00242851 -0.706647
-0.003288 0.00230524 -0.706651
-0.00316473 0.00230524 -0.70665
-0.00304146 0.00230524 -0.706648
-0.003288 0.00218197 -0.706652
-0.00316473 0.00218197 -0.70665
-0.00304146 0.00218197 -0.706649
-0.003288 0.0020587 -0.706652
-0.00316473 0.0020587 -0.706651
-0.00304146 0.0020587 -0.706649
-0.003288 0.00193543 -0.706653
-0.00316473 0.00193543 -0.706651
-0.00304146 0.00193543 -0.70665
-0.003288 0.00181216 -0.706654
-0.00316473 0.00181216 -0.706652
-0.00304146 0.00181216 -0.706651
-0.003288 0.00168889 -0.706654
-0.00316473 0.00168889 -0.706653
-0.00304146 0.00168889 -0.706651
-0.003288 0.00156563 -0.706655
-0.00316473 0.00156563 -0.706653
-0.00304146 0.00156563 -0.706652
-0.003288 0.00144236 -0.706655
-0.00316473 0.00144236 -0.706654
-0.00304146 0.00144236 -0.706652
-0.003288 0.00131909 -0.706656
-0.00316473 0.00131909 -0.706655
-0.00304146 0.00131909 -0.706653
-0.003288 0.00119582 -0.706657
-0.00316473 0.00119582 -0.706655
-0.00304146 0.00119582 -0.706654
-0.003288 0.00107255 -0.706657
-0.00316473 0.00107255 -0.706656
-0.00304146 0.00107255 -0.706654
-0.003288 0.000949281 -0.706658
-0.00316473 0.000949281 -0.706656
-0.00304146 0.000949281 -0.706655
-0.003288 0.000826012 -0.706658
-0.00316473 0.000826012 -0.706657
-0.00304146 0.000826012 -0.706656
-0.003288 0.000702743 -0.706659
-0.00316473 0.000702743 -0.706658
-0.00304146 0.000702743 -0.706656
-0.003288 0.000579474 -0.70666
-0.00316473 0.000579474 -0.706658
-0.00304146 0.000579474 -0.706657
-0.003288 0.000456205 -0.70666
-0.00316473 0.000456205 -0.706659
-0.00304146 0.000456205 -0.706657
-0.003288 0.000332936 -0.706661
-0.00316473 0.000332936 -0.706659
-0.00304146 0.000332936 -0.706658
-0.003288 0.000209667 -0.706662
-0.00316473 0.000209667 -0.70666
-0.00304146 0.000209667 -0.706659
-0.003288 8.63981e-05 -0.706662
-0.00316473 8.63981e-05 -0.706661
-0.00304146 8.63981e-05 -0.706659
-0.003288 -3.68708e-05 -0.706663
-0.00316473 -3.68708e-05 -0.706661
-0.00304146 -3.68708e-05 -0.70666
-0.003288 -0.00016014 -0.706663
-0.00316473 -0.00016014 -0.706662
-0.00304146 -0.00016014 -0.706661
-0.003288 -0.000283409 -0.706664
-0.00316473 -0.000283409 -0.706663
-0.00304146 -0.000283409 -0.706661
-0.003288 -0.000406678 -0.706665
-0.00316473 -0.000406678 -0.706663
-0.00304146 -0.000406678 -0.706662
-0.003288 -0.000529947 -0.706665
-0.00316473 -0.000529947 -0.706664
-0.00304146 -0.000529947 -0.706662
-0.003288 -0.000653216 -0.706666
-0.00316473 -0.000653216 -0.706665
-0.00304146 -0.000653216 -0.706663
-0.003288 -0.000776485 -0.706667
-0.00316473 -0.000776485 -0.706665
-0.00304146 -0.000776485 -0.706664
-0.003288 -0.000899754 -0.706667
-0.00316473 -0.000899754 -0.706666
-0.00304146 -0.000899754 -0.706664
-0.003288 -0.00102302 -0.706668
-0.00316473 -0.00102302 -0.706666
-0.00304146 -0.00102302 -0.706665
-0.003288 -0.00114629 -0.706668
-0.00316473 -0.00114629 -0.706667
-0.00304146 -0.00114629 -0.706666
-0.003288 -0.00126956 -0.706669
-0.00316473 -0.00126956 -0.706668
-0.00304146 -0.00126956 -0.706666
-0.003288 -0.00139283 -0.70667
-0.00316473 -0.00139283 -0.706668
-0.00304146 -0.00139283 -0.706667
-0.003288 -0.0015161 -0.70667
-0.00316473 -0.0015161 -0.706669
-0.00304146 -0.0015161 -0.706667
-0.003288 -0.00163937 -0.706671
-0.00316473 -0.00163937 -0.706669
-0.00304146 -0.00163937 -0.706668
-0.003288 -0.00176264 -0.706672
-0.00316473 -0.00176264 -0.70667
-0.00304146 -0.00176264 -0.706669
-0.003288 -0.00188591 -0.706672
-0.00316473 -0.00188591 -0.706671
-0.00304146 -0.00188591 -0.706669
-0.003288 -0.00200917 -0.706673
-0.00316473 -0.00200917 -0.706671
-0.00304146 -0.00200917 -0.70667
-0.003288 -0.00213244 -0.706673
-0.00316473 -0.00213244 -0.706672
-0.00304146 -0.00213244 -0.70667
-0.003288 -0.00225571 -0.706674
-0.00316473 -0.00225571 -0.706673
-0.00304146 -0.00225571 -0.706671
-0.003288 -0.00237898 -0.706675
-0.00316473 -0.00237898 -0.706673
-0.00304146 -0.00237898 -0.706672
-0.003288 -0.00250225 -0.706675
-0.00316473 -0.00250225 -0.706674
-0.00304146 -0.00250225 -0.706672
-0.003288 -0.00262552 -0.706676
-0.00316473 -0.00262552 -0.706674
-0.00304146 -0.00262552 -0.706673
-0.003288 -0.00274879 -0.706677
-0.00316473 -0.00274879 -0.706675
-0.00304146 -0.00274879 -0.706674
-0.003288 -0.00287206 -0.706677
-0.00316473 -0.00287206 -0.706676
-0.00304146 -0.00287206 -0.706674
-0.003288 -0.00299533 -0.706678
-0.00316473 -0.00299533 -0.706676
-0.00304146 -0.00299533 -0.706675
-0.003288 -0.0031186 -0.706678
-0.00316473 -0.0031186 -0.706677
-0.00304146 -0.0031186 -0.706675
-0.003288 -0.00324186 -0.706679
-0.00316473 -0.00324186 -0.706678
-0.00304146 -0.00324186 -0.706676
-0.003288 -0.00336513 -0.70668
-0.00316473 -0.00336513 -0.706678
-0.00304146 -0.00336513 -0.706677
-0.003288 -0.0034884 -0.70668
-0.00316473 -0.0034884 -0.706679
-0.00304146 -0.0034884 -0.706677
-0.003288 -0.00361167 -0.706681
-0.00316473 -0.00361167 -0.706679
-0.00304146 -0.00361167 -0.706678
-0.003288 -0.00373494 -0.706682
-0.00316473 -0.00373494 -0.70668
-0.00304146 -0.00373494 -0.706679
