-0.0111875 -0.00333674 -0.601487
-0.0115019 -0.00333674 -0.601488
-0.0118164 -0.00333674 -0.601488
-0.0111875 -0.00302233 -0.601487
-0.0115019 -0.00302233 -0.601488
-0.0118164 -0.00302233 -0.601488
-0.0111875 -0.00270791 -0.601488
-0.0115019 -0.00270791 -0.601488
-0.0118164 -0.00270791 -0.601489
-0.0111875 -0.00239349 -0.601488
-0.0115019 -0.00239349 -0.601489
-0.0118164 -0.00239349 -0.601489
-0.0111875 -0.00207908 -0.601488
-0.0115019 -0.00207908 -0.601489
-0.0118164 -0.00207908 -0.601489
-0.0111875 -0.00176466 -0.601489
-0.0115019 -0.00176466 -0.601489
-0.0118164 -0.00176466 -0.60149
-0.0111875 -0.00145024 -0.601489
-0.0115019 -0.00145024 -0.60149
-0.0118164 -0.00145024 -0.60149
-0.0111875 -0.00113583 -0.60149
-0.0115019 -0.00113583 -0.60149
-0.0118164 -0.00113583 -0.601491
-0.0111875 -0.000821411 -0.60149
-0.0115019 -0.000821411 -0.60149
-0.0118164 -0.000821411 -0.601491
-0.0111875 -0.000506994 -0.60149
-0.0115019 -0.000506994 -0.601491
-0.0118164 -0.000506994 -0.601491
-0.0111875 -0.000192578 -0.601491
-0.0115019 -0.000192578 -0.601491
-0.0118164 -0.000192578 -0.601492
-0.0111875 0.000121839 -0.601491
-0.0115019 0.000121839 -0.601492
-0.0118164 0.000121839 -0.601492
-0.0111875 0.000436255 -0.601492
-0.0115019 0.000436255 -0.601492
-0.0118164 0.000436255 -0.601493
-0.0111875 0.000750672 -0.601492
-0.0115019 0.000750672 -0.601492
-0.0118164 0.000750672 -0.601493
-0.0111875 0.00106509 -0.601492
-0.0115019 0.00106509 -0.601493
-0.0118164 0.00106509 -0.601493
-0.0111875 0.0013795 -0.601493
-0.0115019 0.0013795 -0.601493
-0.0118164 0.0013795 -0.601494
-0.0111875 0.00169392 -0.601493
-0.0115019 0.00169392 -0.601493
-0.0118164 0.00169392 -0.601494
-0.0111875 0.00200834 -0.601493
-0.0115019 0.00200834 -0.601494
-0.0118164 0.00200834 -0.601494
-0.0111875 0.00232275 -0.601494
-0.0115019 0.00232275 -0.601494
-0.0118164 0.00232275 -0.601495
-0.0111875 0.00263717 -0.601494
-0.0115019 0.00263717 -0.601495
-0.0118164 0.00263717 -0.601495
-0.0111875 0.00295159 -0.601494
-0.0115019 0.00295159 -0.601495
-0.0118164 0.00295159 -0.601496
-0.0111875 0.003266 -0.601495
-0.0115019 0.003266 -0.601495
-0.0118164 0.003266 -0.601496
-0.0111875 0.00358042 -0.601495
-0.0115019 0.00358042 -0.601496
-0.0118164 0.00358042 -0.601496
-0.0111875 0.00389484 -0.601496
-0.0115019 0.00389484 -0.601496
-0.0118164 0.00389484 -0.601497
-0.0111875 0.00420925 -0.601496
-0.0115019 0.00420925 -0.601497
-0.0118164 0.00420925 -0.601497
-0.0111875 0.00452367 -0.601496
-0.0115019 0.00452367 -0.601497
-0.0118164 0.00452367 -0.601497
-0.0111875 0.00483809 -0.601497
-0.0115019 0.00483809 -0.601497
-0.0118164 0.00483809 -0.601498
-0.0111875 0.0051525 -0.601497
-0.0115019 0.0051525 -0.601498
-0.0118164 0.0051525 -0.601498
-0.0111875 0.00546692 -0.601497
-0.0115019 0.00546692 -0.601498
-0.0118164 0.00546692 -0.601499
-0.0111875 0.00578134 -0.601498
-0.0115019 0.00578134 -0.601498
-0.0118164 0.00578134 -0.601499
-0.0111875 0.00609575 -0.601498
-0.0115019 0.00609575 -0.601499
-0.0118164 0.00609575 -0.601499
-0.0111875 0.00641017 -0.601499
-0.0115019 0.00641017 -0.601499
-0.0118164 0.00641017 -0.6015
-0.0111875 0.00672459 -0.601499
-0.0115019 0.00672459 -0.601499
-0.0118164 0.00672459 -0.6015
-0.0111875 0.007039 -0.601499
-0.0115019 0.007039 -0.6015
-0.0118164 0.007039 -0.6015
-0.0111875 0.00735342 -0.6015
-0.0115019 0.00735342 -0.6015
-0.0118164 0.00735342 -0.601501
-0.0111875 0.00766784 -0.6015
-0.0115019 0.00766784 -0.601501
-0.0118164 0.00766784 -0.601501
-0.0111875 0.00798225 -0.601501
-0.0115019 0.00798225 -0.601501
-0.0118164 0.00798225 -0.601502
-0.0111875 0.00829667 -0.601501
-0.0115019 0.00829667 -0.601501
-0.0118164 0.00829667 -0.601502
-0.0111875 0.00861108 -0.601501
-0.0115019 0.00861108 -0.601502
-0.0118164 0.00861108 -0.601502
-0.0111875 0.0089255 -0.601502
-0.0115019 0.0089255 -0.601502
-0.0118164 0.0089255 -0.601503
-0.0111875 0.00923992 -0.601502
-0.0115019 0.00923992 -0.601503
-0.0118164 0.00923992 -0.601503
-0.0111875 0.00955433 -0.601502
-0.0115019 0.00955433 -0.601503
-0.0118164 0.00955433 -0.601503
-0.0111875 0.00986875 -0.601503
-0.0115019 0.00986875 -0.601503
-0.0118164 0.00986875 -0.601504
-0.0111875 0.0101832 -0.601503
-0.0115019 0.0101832 -0.601504
-0.0118164 0.0101832 -0.601504
-0.0111875 0.0104976 -0.601503
-0.0115019 0.0104976 -0.601504
-0.0118164 0.0104976 -0.601505
-0.0111875 0.010812 -0.601504
-0.0115019 0.010812 -0.601504
-0.0118164 0.010812 -0.601505
-0.0111875 0.0111264 -0.601504
-0.0115019 0.0111264 -0.601505
-0.0118164 0.0111264 -0.601505
-0.0111875 0.0114408 -0.601505
-0.0115019 0.0114408 -0.601505
-0.0118164 0.0114408 -0.601506
-0.0111875 0.0117553 -0.601505
-0.0115019 0.0117553 -0.601506
-0.0118164 0.0117553 -0.601506
-0.0111875 0.0120697 -0.601505
-0.0115019 0.0120697 -0.601506
-0.0118164 0.0120697 -0.601506
-0.0111875 0.0123841 -0.601506
-0.0115019 0.0123841 -0.601506
-0.0118164 0.0123841 -0.601507
-0.0111875 0.0126985 -0.601506
-0.0115019 0.0126985 -0.601507
-0.0118164 0.0126985 -0.601507
-0.0111875 0.0130129 -0.601507
-0.0115019 0.0130129 -0.601507
-0.0118164 0.0130129 -0.601508
-0.0111875 0.0133273 -0.601507
-0.0115019 0.0133273 -0.601507
-0.0118164 0.0133273 -0.601508
-0.0111875 0.0136418 -0.601507
-0.0115019 0.0136418 -0.601508
-0.0118164 0.0136418 -0.601508
-0.0111875 0.0139562 -0.601508
-0.0115019 0.0139562 -0.601508
-0.0118164 0.0139562 -0.601509
-0.0111875 0.0142706 -0.601508
-0.0115019 0.0142706 -0.601508
-0.0118164 0.0142706 -0.601509
-0.0111875 0.014585 -0.601508
-0.0115019 0.014585 -0.601509
-0.0118164 0.014585 -0.601509
-0.0111875 0.0148994 -0.601509
-0.0115019 0.0148994 -0.601509
-0.0118164 0.0148994 -0.60151
-0.0111875 0.0152138 -0.601509
-0.0115019 0.0152138 -0.60151
-0.0118164 0.0152138 -0.60151
-0.0111875 0.0155282 -0.60151
-0.0115019 0.0155282 -0.60151
-0.0118164 0.0155282 -0.601511
-0.0111875 0.0158427 -0.60151
-0.0115019 0.0158427 -0.60151
-0.0118164 0.0158427 -0.601511
-0.0111875 0.0161571 -0.60151
-0.0115019 0.0161571 -0.601511
-0.0118164 0.0161571 -0.601511
-0.0111875 0.0164715 -0.601511
-0.0115019 0.0164715 -0.601511
-0.0118164 0.0164715 -0.601512
-0.0111875 0.0167859 -0.601511
-0.0115019 0.0167859 -0.601512
-0.0118164 0.0167859 -0.601512
-0.0111875 0.0171003 -0.601511
-0.0115019 0.0171003 -0.601512
-0.0118164 0.0171003 -0.601512
-0.0111875 0.0174147 -0.601512
-0.0115019 0.0174147 -0.601512
-0.0118164 0.0174147 -0.601513
-0.0111875 0.0177292 -0.601512
-0.0115019 0.0177292 -0.601513
-0.0118164 0.0177292 -0.601513
-0.0111875 0.0180436 -0.601512
-0.0115019 0.0180436 -0.601513
-0.0118164 0.0180436 -0.601514
-0.0111875 0.018358 -0.601513
-0.0115019 0.018358 -0.601513
-0.0118164 0.018358 -0.601514
-0.0111875 0.0186724 -0.601513
-0.0115019 0.0186724 -0.601514
-0.0118164 0.0186724 -0.601514
-0.0111875 0.0189868 -0.601514
-0.0115019 0.0189868 -0.601514
-0.0118164 0.0189868 -0.601515
-0.0111875 0.0193012 -0.601514
-0.0115019 0.0193012 -0.601515
-0.0118164 0.0193012 -0.601515
-0.0111875 0.0196157 -0.601514
-0.0115019 0.0196157 -0.601515
-0.0118164 0.0196157 -0.601515
-0.0111875 0.0199301 -0.601515
-0.0115019 0.0199301 -0.601515
-0.0118164 0.0199301 -0.601516
-0.0111875 0.0202445 -0.601515
-0.0115019 0.0202445 -0.601516
-0.0118164 0.0202445 -0.601516
-0.0111875 0.0205589 -0.601516
-0.0115019 0.0205589 -0.601516
-0.0118164 0.0205589 -0.601517
-0.0111875 0.0208733 -0.601516
-0.0115019 0.0208733 -0.601516
-0.0118164 0.0208733 -0.601517
-0.0111875 0.0211877 -0.601516
-0.0115019 0.0211877 -0.601517
-0.0118164 0.0211877 -0.601517
-0.0111875 0.0215022 -0.601517
-0.0115019 0.0215022 -0.601517
-0.0118164 0.0215022 -0.601518
-0.0111875 0.0218166 -0.601517
-0.0115019 0.0218166 -0.601518
-0.0118164 0.0218166 -0.601518
-0.0111875 0.022131 -0.601517
-0.0115019 0.022131 -0.601518
-0.0118164 0.022131 -0.601518
-0.0111875 0.0224454 -0.601518
-0.0115019 0.0224454 -0.601518
-0.0118164 0.0224454 -0.601519
-0.0111875 0.0227598 -0.601518
-0.0115019 0.0227598 -0.601519
-0.0118164 0.0227598 -0.601519
-0.0111875 0.0230742 -0.601519
-0.0115019 0.0230742 -0.601519
-0.0118164 0.0230742 -0.60152
-0.0111875 0.0233887 -0.601519
-0.0115019 0.0233887 -0.601519
-0.0118164 0.0233887 -0.60152
-0.0111875 0.0237031 -0.601519
-0.0115019 0.0237031 -0.60152
-0.0118164 0.0237031 -0.60152
-0.0111875 0.0240175 -0.60152
-0.0115019 0.0240175 -0.60152
-0.0118164 0.0240175 -0.601521
-0.0111875 0.0243319 -0.60152
-0.0115019 0.0243319 -0.601521
-0.0118164 0.0243319 -0.601521
-0.0111875 0.0246463 -0.60152
-0.0115019 0.0246463 -0.601521
-0.0118164 0.0246463 -0.601521
-0.0111875 0.0249607 -0.601521
-0.0115019 0.0249607 -0.601521
-0.0118164 0.0249607 -0.601522
-0.0111875 0.0252752 -0.601521
-0.0115019 0.0252752 -0.601522
-0.0118164 0.0252752 -0.601522
-0.0111875 0.0255896 -0.601522
-0.0115019 0.0255896 -0.601522
-0.0118164 0.0255896 -0.601523
-0.0111875 0.025904 -0.601522
-0.0115019 0.025904 -0.601522
-0.0118164 0.025904 -0.601523
-0.0111875 0.0262184 -0.601522
-0.0115019 0.0262184 -0.601523
-0.0118164 0.0262184 -0.601523
-0.0111875 0.0265328 -0.601523
-0.0115019 0.0265328 -0.601523
-0.0118164 0.0265328 -0.601524
-0.0111875 0.0268472 -0.601523
-0.0115019 0.0268472 -0.601524
-0.0118164 0.0268472 -0.601524
-0.0111875 0.0271617 -0.601523
-0.0115019 0.0271617 -0.601524
-0.0118164 0.0271617 -0.601524
-0.0111875 0.0274761 -0.601524
-0.0115019 0.0274761 -0.601524
-0.0118164 0.0274761 -0.601525
-0.0111875 0.0277905 -0.601524
-0.0115019 0.0277905 -0.601525
-0.0118164 0.0277905 -0.601525
-0.0111875 0.0281049 -0.601525
-0.0115019 0.0281049 -0.601525
-0.0118164 0.0281049 -0.601526
-0.0111875 0.0284193 -0.601525
-0.0115019 0.0284193 -0.601525
-0.0118164 0.0284193 -0.601526
-0.0111875 0.0287337 -0.601525
-0.0115019 0.0287337 -0.601526
-0.0118164 0.0287337 -0.601526
-0.0111875 0.0290482 -0.601526
-0.0115019 0.0290482 -0.601526
-0.0118164 0.0290482 -0.601527
-0.0111875 0.0293626 -0.601526
-0.0115019 0.0293626 -0.601527
-0.0118164 0.0293626 -0.601527
-0.0111875 0.029677 -0.601526
-0.0115019 0.029677 -0.601527
-0.0118164 0.029677 -0.601527
-0.0111875 0.0299914 -0.601527
-0.0115019 0.0299914 -0.601527
-0.0118164 0.0299914 -0.601528
-0.0111875 0.0303058 -0.601527
-0.0115019 0.0303058 -0.601528
-0.0118164 0.0303058 -0.601528
-0.0111875 0.0306202 -0.601528
-0.0115019 0.0306202 -0.601528
-0.0118164 0.0306202 -0.601529
-0.0111875 0.0309347 -0.601528
-0.0115019 0.0309347 -0.601528
-0.0118164 0.0309347 -0.601529
-0.0111875 0.0312491 -0.601528
-0.0115019 0.0312491 -0.601529
-0.0118164 0.0312491 -0.601529
