0.00129489 0.0280985 -0.982383
0.00177435 0.0280985 -0.982381
0.0022538 0.0280985 -0.982379
0.00129489 0.0276191 -0.982384
0.00177435 0.0276191 -0.982382
0.0022538 0.0276191 -0.98238
0.00129489 0.0271396 -0.982384
0.00177435 0.0271396 -0.982382
0.0022538 0.0271396 -0.98238
0.00129489 0.0266602 -0.982384
0.00177435 0.0266602 -0.982382
0.0022538 0.0266602 -0.98238
0.00129489 0.0261807 -0.982385
0.00177435 0.0261807 -0.982383
0.0022538 0.0261807 -0.982381
0.00129489 0.0257013 -0.982385
0.00177435 0.0257013 -0.982383
0.0022538 0.0257013 -0.982381
0.00129489 0.0252218 -0.982385
0.00177435 0.0252218 -0.982383
0.0022538 0.0252218 -0.982381
0.00129489 0.0247423 -0.982386
0.00177435 0.0247423 -0.982384
0.0022538 0.0247423 -0.982382
0.00129489 0.0242629 -0.982386
0.00177435 0.0242629 -0.982384
0.0022538 0.0242629 -0.982382
0.00129489 0.0237834 -0.982386
0.00177435 0.0237834 -0.982384
0.0022538 0.0237834 -0.982382
0.00129489 0.023304 -0.982387
0.00177435 0.023304 -0.982385
0.0022538 0.023304 -0.982383
0.00129489 0.0228245 -0.982387
0.00177435 0.0228245 -0.982385
0.0022538 0.0228245 -0.982383
0.00129489 0.0223451 -0.982387
0.00177435 0.0223451 -0.982385
0.0022538 0.0223451 -0.982383
0.00129489 0.0218656 -0.982388
0.00177435 0.0218656 -0.982386
0.0022538 0.0218656 -0.982384
0.00129489 0.0213862 -0.982388
0.00177435 0.0213862 -0.982386
0.0022538 0.0213862 -0.982384
0.00129489 0.0209067 -0.982388
0.00177435 0.0209067 -0.982386
0.0022538 0.0209067 -0.982384
0.00129489 0.0204273 -0.982388
0.00177435 0.0204273 -0.982387
0.0022538 0.0204273 -0.982385
0.00129489 0.0199478 -0.982389
0.00177435 0.0199478 -0.982387
0.0022538 0.0199478 -0.982385
0.00129489 0.0194683 -0.982389
0.00177435 0.0194683 -0.982387
0.0022538 0.0194683 -0.982385
0.00129489 0.0189889 -0.98239
0.00177435 0.0189889 -0.982388
0.0022538 0.0189889 -0.982386
0.00129489 0.0185094 -0.98239
0.00177435 0.0185094 -0.982388
0.0022538 0.0185094 -0.982386
0.00129489 0.01803 -0.98239
0.00177435 0.01803 -0.982388
0.0022538 0.01803 -0.982386
0.00129489 0.0175505 -0.98239
0.00177435 0.0175505 -0.982388
0.0022538 0.0175505 -0.982387
0.00129489 0.0170711 -0.982391
0.00177435 0.0170711 -0.982389
0.0022538 0.0170711 -0.982387
0.00129489 0.0165916 -0.982391
0.00177435 0.0165916 -0.982389
0.0022538 0.0165916 -0.982387
0.00129489 0.0161122 -0.982391
0.00177435 0.0161122 -0.982389
0.0022538 0.0161122 -0.982387
0.00129489 0.0156327 -0.982392
0.00177435 0.0156327 -0.98239
0.0022538 0.0156327 -0.982388
0.00129489 0.0151533 -0.982392
0.00177435 0.0151533 -0.98239
0.0022538 0.0151533 -0.982388
0.00129489 0.0146738 -0.982392
0.00177435 0.0146738 -0.98239
0.0022538 0.0146738 -0.982388
0.00129489 0.0141943 -0.982393
0.00177435 0.0141943 -0.982391
0.0022538 0.0141943 -0.982389
0.00129489 0.0137149 -0.982393
0.00177435 0.0137149 -0.982391
0.0022538 0.0137149 -0.982389
0.00129489 0.0132354 -0.982393
0.00177435 0.0132354 -0.982391
0.0022538 0.0132354 -0.982389
0.00129489 0.012756 -0.982394
0.00177435 0.012756 -0.982392
0.0022538 0.012756 -0.98239
0.00129489 0.0122765 -0.982394
0.00177435 0.0122765 -0.982392
0.0022538 0.0122765 -0.98239
0.00129489 0.0117971 -0.982394
0.00177435 0.0117971 -0.982392
0.0022538 0.0117971 -0.98239
0.00129489 0.0113176 -0.982395
0.00177435 0.0113176 -0.982393
0.0022538 0.0113176 -0.982391
0.00129489 0.0108382 -0.982395
0.00177435 0.0108382 -0.982393
0.0022538 0.0108382 -0.982391
0.00129489 0.0103587 -0.982395
0.00177435 0.0103587 -0.982393
0.0022538 0.0103587 -0.982391
0.00129489 0.00987926 -0.982396
0.00177435 0.00987926 -0.982394
0.0022538 0.00987926 -0.982392
0.00129489 0.0093998 -0.982396
0.00177435 0.0093998 -0.982394
0.0022538 0.0093998 -0.982392
0.00129489 0.00892035 -0.982396
0.00177435 0.00892035 -0.982394
0.0022538 0.00892035 -0.982392
0.00129489 0.0084409 -0.982397
0.00177435 0.0084409 -0.982395
0.0022538 0.0084409 -0.982393
0.00129489 0.00796144 -0.982397
0.00177435 0.00796144 -0.982395
0.0022538 0.00796144 -0.982393
0.00129489 0.00748199 -0.982397
0.00177435 0.00748199 -0.982395
0.0022538 0.00748199 -0.982393
0.00129489 0.00700253 -0.982398
0.00177435 0.00700253 -0.982396
0.0022538 0.00700253 -0.982394
0.00129489 0.00652308 -0.982398
0.00177435 0.00652308 -0.982396
0.0022538 0.00652308 -0.982394
0.00129489 0.00604362 -0.982398
0.00177435 0.00604362 -0.982396
0.0022538 0.00604362 -0.982394
0.00129489 0.00556417 -0.982399
0.00177435 0.00556417 -0.982397
0.0022538 0.00556417 -0.982395
0.00129489 0.00508472 -0.982399
0.00177435 0.00508472 -0.982397
0.0022538 0.00508472 -0.982395
0.00129489 0.00460526 -0.982399
0.00177435 0.00460526 -0.982397
0.0022538 0.00460526 -0.982395
0.00129489 0.00412581 -0.9824
0.00177435 0.00412581 -0.982398
0.0022538 0.00412581 -0.982396
0.00129489 0.00364635 -0.9824
0.00177435 0.00364635 -0.982398
0.0022538 0.00364635 -0.982396
0.00129489 0.0031669 -0.9824
0.00177435 0.0031669 -0.982398
0.0022538 0.0031669 -0.982396
0.00129489 0.00268744 -0.982401
0.00177435 0.00268744 -0.982399
0.0022538 0.00268744 -0.982397
0.00129489 0.00220799 -0.982401
0.00177435 0.00220799 -0.982399
0.0022538 0.00220799 -0.982397
0.00129489 0.00172854 -0.982401
0.00177435 0.00172854 -0.982399
0.0022538 0.00172854 -0.982397
0.00129489 0.00124908 -0.982402
0.00177435 0.00124908 -0.9824
0.0022538 0.00124908 -0.982398
0.00129489 0.000769626 -0.982402
0.00177435 0.000769626 -0.9824
0.0022538 0.000769626 -0.982398
0.00129489 0.000290172 -0.982402
0.00177435 0.000290172 -0.9824
0.0022538 0.000290172 -0.982398
0.00129489 -0.000189282 -0.982403
0.00177435 -0.000189282 -0.982401
0.0022538 -0.000189282 -0.982399
0.00129489 -0.000668737 -0.982403
0.00177435 -0.000668737 -0.982401
0.0022538 -0.000668737 -0.982399
0.00129489 -0.00114819 -0.982403
0.00177435 -0.00114819 -0.982401
0.0022538 -0.00114819 -0.982399
0.00129489 -0.00162765 -0.982404
0.00177435 -0.00162765 -0.982402
0.0022538 -0.00162765 -0.9824
0.00129489 -0.0021071 -0.982404
0.00177435 -0.0021071 -0.982402
0.0022538 -0.0021071 -0.9824
0.00129489 -0.00258655 -0.982404
0.00177435 -0.00258655 -0.982402
0.0022538 -0.00258655 -0.9824
0.00129489 -0.00306601 -0.982405
0.00177435 -0.00306601 -0.982403
0.0022538 -0.00306601 -0.982401
0.00129489 -0.00354546 -0.982405
0.00177435 -0.00354546 -0.982403
0.0022538 -0.00354546 -0.982401
0.00129489 -0.00402492 -0.982405
0.00177435 -0.00402492 -0.982403
0.0022538 -0.00402492 -0.982401
0.00129489 -0.00450437 -0.982405
0.00177435 -0.00450437 -0.982404
0.0022538 -0.00450437 -0.982402
0.00129489 -0.00498383 -0.982406
0.00177435 -0.00498383 -0.982404
0.0022538 -0.00498383 -0.982402
0.00129489 -0.00546328 -0.982406
0.00177435 -0.00546328 -0.982404
0.0022538 -0.00546328 -0.982402
0.00129489 -0.00594273 -0.982406
0.00177435 -0.00594273 -0.982404
0.0022538 -0.00594273 -0.982403
0.00129489 -0.00642219 -0.982407
0.00177435 -0.00642219 -0.982405
0.0022538 -0.00642219 -0.982403
0.00129489 -0.00690164 -0.982407
0.00177435 -0.00690164 -0.982405
0.0022538 -0.00690164 -0.982403
0.00129489 -0.0073811 -0.982407
0.00177435 -0.0073811 -0.982405
0.0022538 -0.0073811 -0.982403
0.00129489 -0.00786055 -0.982408
0.00177435 -0.00786055 -0.982406
0.0022538 -0.00786055 -0.982404
0.00129489 -0.00834001 -0.982408
0.00177435 -0.00834001 -0.982406
0.0022538 -0.00834001 -0.982404
0.00129489 -0.00881946 -0.982408
0.00177435 -0.00881946 -0.982406
0.0022538 -0.00881946 -0.982404
0.00129489 -0.00929892 -0.982409
0.00177435 -0.00929892 -0.982407
0.0022538 -0.00929892 -0.982405
0.00129489 -0.00977837 -0.982409
0.00177435 -0.00977837 -0.982407
0.0022538 -0.00977837 -0.982405
0.00129489 -0.0102578 -0.982409
0.00177435 -0.0102578 -0.982407
0.0022538 -0.0102578 -0.982405
0.00129489 -0.0107373 -0.98241
0.00177435 -0.0107373 -0.982408
0.0022538 -0.0107373 -0.982406
0.00129489 -0.0112167 -0.98241
0.00177435 -0.0112167 -0.982408
0.0022538 -0.0112167 -0.982406
0.00129489 -0.0116962 -0.98241
0.00177435 -0.0116962 -0.982408
0.0022538 -0.0116962 -0.982406
0.00129489 -0.0121756 -0.982411
0.00177435 -0.0121756 -0.982409
0.0022538 -0.0121756 -0.982407
0.00129489 -0.0126551 -0.982411
0.00177435 -0.0126551 -0.982409
0.0022538 -0.0126551 -0.982407
0.00129489 -0.0131345 -0.982411
0.00177435 -0.0131345 -0.982409
0.0022538 -0.0131345 -0.982407
0.00129489 -0.013614 -0.982412
0.00177435 -0.013614 -0.98241
0.0022538 -0.013614 -0.982408
0.00129489 -0.0140935 -0.982412
0.00177435 -0.0140935 -0.98241
0.0022538 -0.0140935 -0.982408
0.00129489 -0.0145729 -0.982412
0.00177435 -0.0145729 -0.98241
0.0022538 -0.0145729 -0.982408
0.00129489 -0.0150524 -0.982413
0.00177435 -0.0150524 -0.982411
0.0022538 -0.0150524 -0.982409
0.00129489 -0.0155318 -0.982413
0.00177435 -0.0155318 -0.982411
0.0022538 -0.0155318 -0.982409
0.00129489 -0.0160113 -0.982413
0.00177435 -0.0160113 -0.982411
0.0022538 -0.0160113 -0.982409
0.00129489 -0.0164907 -0.982414
0.00177435 -0.0164907 -0.982412
0.0022538 -0.0164907 -0.98241
0.00129489 -0.0169702 -0.982414
0.00177435 -0.0169702 -0.982412
0.0022538 -0.0169702 -0.98241
0.00129489 -0.0174496 -0.982414
0.00177435 -0.0174496 -0.982412
0.0022538 -0.0174496 -0.98241
0.00129489 -0.0179291 -0.982415
0.00177435 -0.0179291 -0.982413
0.0022538 -0.0179291 -0.982411
0.00129489 -0.0184085 -0.982415
0.00177435 -0.0184085 -0.982413
0.0022538 -0.0184085 -0.982411
0.00129489 -0.018888 -0.982415
0.00177435 -0.018888 -0.982413
0.0022538 -0.018888 -0.982411
0.00129489 -0.0193675 -0.982416
0.00177435 -0.0193675 -0.982414
0.0022538 -0.0193675 -0.982412
0.00129489 -0.0198469 -0.982416
0.00177435 -0.0198469 -0.982414
0.0022538 -0.0198469 -0.982412
0.00129489 -0.0203264 -0.982416
0.00177435 -0.0203264 -0.982414
0.0022538 -0.0203264 -0.982412
0.00129489 -0.0208058 -0.982417
0.00177435 -0.0208058 -0.982415
0.0022538 -0.0208058 -0.982413
0.00129489 -0.0212853 -0.982417
0.00177435 -0.0212853 -0.982415
0.0022538 -0.0212853 -0.982413
0.00129489 -0.0217647 -0.982417
0.00177435 -0.0217647 -0.982415
0.0022538 -0.0217647 -0.982413
0.00129489 -0.0222442 -0.982418
0.00177435 -0.0222442 -0.982416
0.0022538 -0.0222442 -0.982414
0.00129489 -0.0227236 -0.982418
0.00177435 -0.0227236 -0.982416
0.0022538 -0.0227236 -0.982414
0.00129489 -0.0232031 -0.982418
0.00177435 -0.0232031 -0.982416
0.0022538 -0.0232031 -0.982414
0.00129489 -0.0236825 -0.982419
0.00177435 -0.0236825 -0.982417
0.0022538 -0.0236825 -0.982415
0.00129489 -0.024162 -0.982419
0.00177435 -0.024162 -0.982417
0.0022538 -0.024162 -0.982415
0.00129489 -0.0246415 -0.982419
0.00177435 -0.0246415 -0.982417
0.0022538 -0.0246415 -0.982415
