-0.000587069 -0.0402343 -0.556017
-0.000777151 -0.0402343 -0.556017
-0.000967234 -0.0402343 -0.556016
-0.000587069 -0.0400442 -0.556016
-0.000777151 -0.0400442 -0.556016
-0.000967234 -0.0400442 -0.556016
-0.000587069 -0.0398541 -0.556015
-0.000777151 -0.0398541 -0.556015
-0.000967234 -0.0398541 -0.556015
-0.000587069 -0.039664 -0.556015
-0.000777151 -0.039664 -0.556015
-0.000967234 -0.039664 -0.556015
-0.000587069 -0.039474 -0.556014
-0.000777151 -0.039474 -0.556014
-0.000967234 -0.039474 -0.556014
-0.000587069 -0.0392839 -0.556014
-0.000777151 -0.0392839 -0.556014
-0.000967234 -0.0392839 -0.556013
-0.000587069 -0.0390938 -0.556013
-0.000777151 -0.0390938 -0.556013
-0.000967234 -0.0390938 -0.556013
-0.000587069 -0.0389037 -0.556012
-0.000777151 -0.0389037 -0.556012
-0.000967234 -0.0389037 -0.556012
-0.000587069 -0.0387136 -0.556012
-0.000777151 -0.0387136 -0.556012
-0.000967234 -0.0387136 -0.556012
-0.000587069 -0.0385235 -0.556011
-0.000777151 -0.0385235 -0.556011
-0.000967234 -0.0385235 -0.556011
-0.000587069 -0.0383335 -0.556011
-0.000777151 -0.0383335 -0.556011
-0.000967234 -0.0383335 -0.55601
-0.000587069 -0.0381434 -0.55601
-0.000777151 -0.0381434 -0.55601
-0.000967234 -0.0381434 -0.55601
-0.000587069 -0.0379533 -0.55601
-0.000777151 -0.0379533 -0.556009
-0.000967234 -0.0379533 -0.556009
-0.000587069 -0.0377632 -0.556009
-0.000777151 -0.0377632 -0.556009
-0.000967234 -0.0377632 -0.556009
-0.000587069 -0.0375731 -0.556008
-0.000777151 -0.0375731 -0.556008
-0.000967234 -0.0375731 -0.556008
-0.000587069 -0.037383 -0.556008
-0.000777151 -0.037383 -0.556008
-0.000967234 -0.037383 -0.556008
-0.000587069 -0.037193 -0.556007
-0.000777151 -0.037193 -0.556007
-0.000967234 -0.037193 -0.556007
-0.000587069 -0.0370029 -0.556007
-0.000777151 -0.0370029 -0.556006
-0.000967234 -0.0370029 -0.556006
-0.000587069 -0.0368128 -0.556006
-0.000777151 -0.0368128 -0.556006
-0.000967234 -0.0368128 -0.556006
-0.000587069 -0.0366227 -0.556005
-0.000777151 -0.0366227 -0.556005
-0.000967234 -0.0366227 -0.556005
-0.000587069 -0.0364326 -0.556005
-0.000777151 -0.0364326 -0.556005
-0.000967234 -0.0364326 -0.556005
-0.000587069 -0.0362426 -0.556004
-0.000777151 -0.0362426 -0.556004
-0.000967234 -0.0362426 -0.556004
-0.000587069 -0.0360525 -0.556004
-0.000777151 -0.0360525 -0.556004
-0.000967234 -0.0360525 -0.556003
-0.000587069 -0.0358624 -0.556003
-0.000777151 -0.0358624 -0.556003
-0.000967234 -0.0358624 -0.556003
-0.000587069 -0.0356723 -0.556002
-0.000777151 -0.0356723 -0.556002
-0.000967234 -0.0356723 -0.556002
-0.000587069 -0.0354822 -0.556002
-0.000777151 -0.0354822 -0.556002
-0.000967234 -0.0354822 -0.556002
-0.000587069 -0.0352921 -0.556001
-0.000777151 -0.0352921 -0.556001
-0.000967234 -0.0352921 -0.556001
-0.000587069 -0.0351021 -0.556001
-0.000777151 -0.0351021 -0.556001
-0.000967234 -0.0351021 -0.556
-0.000587069 -0.034912 -0.556
-0.000777151 -0.034912 -0.556
-0.000967234 -0.034912 -0.556
-0.000587069 -0.0347219 -0.556
-0.000777151 -0.0347219 -0.555999
-0.000967234 -0.0347219 -0.555999
-0.000587069 -0.0345318 -0.555999
-0.000777151 -0.0345318 -0.555999
-0.000967234 -0.0345318 -0.555999
-0.000587069 -0.0343417 -0.555998
-0.000777151 -0.0343417 -0.555998
-0.000967234 -0.0343417 -0.555998
-0.000587069 -0.0341516 -0.555998
-0.000777151 -0.0341516 -0.555998
-0.000967234 -0.0341516 -0.555997
-0.000587069 -0.0339616 -0.555997
-0.000777151 -0.0339616 -0.555997
-0.000967234 -0.0339616 -0.555997
-0.000587069 -0.0337715 -0.555997
-0.000777151 -0.0337715 -0.555996
-0.000967234 -0.0337715 -0.555996
-0.000587069 -0.0335814 -0.555996
-0.000777151 -0.0335814 -0.555996
-0.000967234 -0.0335814 -0.555996
-0.000587069 -0.0333913 -0.555995
-0.000777151 -0.0333913 -0.555995
-0.000967234 -0.0333913 -0.555995
-0.000587069 -0.0332012 -0.555995
-0.000777151 -0.0332012 -0.555995
-0.000967234 -0.0332012 -0.555995
-0.000587069 -0.0330111 -0.555994
-0.000777151 -0.0330111 -0.555994
-0.000967234 -0.0330111 -0.555994
-0.000587069 -0.0328211 -0.555994
-0.000777151 -0.0328211 -0.555993
-0.000967234 -0.0328211 -0.555993
-0.000587069 -0.032631 -0.555993
-0.000777151 -0.032631 -0.555993
-0.000967234 -0.032631 -0.555993
-0.000587069 -0.0324409 -0.555992
-0.000777151 -0.0324409 -0.555992
-0.000967234 -0.0324409 -0.555992
-0.000587069 -0.0322508 -0.555992
-0.000777151 -0.0322508 -0.555992
-0.000967234 -0.0322508 -0.555992
-0.000587069 -0.0320607 -0.555991
-0.000777151 -0.0320607 -0.555991
-0.000967234 -0.0320607 -0.555991
-0.000587069 -0.0318707 -0.555991
-0.000777151 -0.0318707 -0.555991
-0.000967234 -0.0318707 -0.55599
-0.000587069 -0.0316806 -0.55599
-0.000777151 -0.0316806 -0.55599
-0.000967234 -0.0316806 -0.55599
-0.000587069 -0.0314905 -0.555989
-0.000777151 -0.0314905 -0.555989
-0.000967234 -0.0314905 -0.555989
-0.000587069 -0.0313004 -0.555989
-0.000777151 -0.0313004 -0.555989
-0.000967234 -0.0313004 -0.555989
-0.000587069 -0.0311103 -0.555988
-0.000777151 -0.0311103 -0.555988
-0.000967234 -0.0311103 -0.555988
-0.000587069 -0.0309202 -0.555988
-0.000777151 -0.0309202 -0.555988
-0.000967234 -0.0309202 -0.555987
-0.000587069 -0.0307302 -0.555987
-0.000777151 -0.0307302 -0.555987
-0.000967234 -0.0307302 -0.555987
-0.000587069 -0.0305401 -0.555987
-0.000777151 -0.0305401 -0.555986
-0.000967234 -0.0305401 -0.555986
-0.000587069 -0.03035 -0.555986
-0.000777151 -0.03035 -0.555986
-0.000967234 -0.03035 -0.555986
-0.000587069 -0.0301599 -0.555985
-0.000777151 -0.0301599 -0.555985
-0.000967234 -0.0301599 -0.555985
-0.000587069 -0.0299698 -0.555985
-0.000777151 -0.0299698 -0.555985
-0.000967234 -0.0299698 -0.555984
-0.000587069 -0.0297798 -0.555984
-0.000777151 -0.0297798 -0.555984
-0.000967234 -0.0297798 -0.555984
-0.000587069 -0.0295897 -0.555984
-0.000777151 -0.0295897 -0.555983
-0.000967234 -0.0295897 -0.555983
-0.000587069 -0.0293996 -0.555983
-0.000777151 -0.0293996 -0.555983
-0.000967234 -0.0293996 -0.555983
-0.000587069 -0.0292095 -0.555982
-0.000777151 -0.0292095 -0.555982
-0.000967234 -0.0292095 -0.555982
-0.000587069 -0.0290194 -0.555982
-0.000777151 -0.0290194 -0.555982
-0.000967234 -0.0290194 -0.555982
-0.000587069 -0.0288293 -0.555981
-0.000777151 -0.0288293 -0.555981
-0.000967234 -0.0288293 -0.555981
-0.000587069 -0.0286393 -0.555981
-0.000777151 -0.0286393 -0.555981
-0.000967234 -0.0286393 -0.55598
-0.000587069 -0.0284492 -0.55598
-0.000777151 -0.0284492 -0.55598
-0.000967234 -0.0284492 -0.55598
-0.000587069 -0.0282591 -0.555979
-0.000777151 -0.0282591 -0.555979
-0.000967234 -0.0282591 -0.555979
-0.000587069 -0.028069 -0.555979
-0.000777151 -0.028069 -0.555979
-0.000967234 -0.028069 -0.555979
-0.000587069 -0.0278789 -0.555978
-0.000777151 -0.0278789 -0.555978
-0.000967234 -0.0278789 -0.555978
-0.000587069 -0.0276888 -0.555978
-0.000777151 -0.0276888 -0.555978
-0.000967234 -0.0276888 -0.555977
-0.000587069 -0.0274988 -0.555977
-0.000777151 -0.0274988 -0.555977
-0.000967234 -0.0274988 -0.555977
-0.000587069 -0.0273087 -0.555976
-0.000777151 -0.0273087 -0.555976
-0.000967234 -0.0273087 -0.555976
-0.000587069 -0.0271186 -0.555976
-0.000777151 -0.0271186 -0.555976
-0.000967234 -0.0271186 -0.555976
-0.000587069 -0.0269285 -0.555975
-0.000777151 -0.0269285 -0.555975
-0.000967234 -0.0269285 -0.555975
-0.000587069 -0.0267384 -0.555975
-0.000777151 -0.0267384 -0.555975
-0.000967234 -0.0267384 -0.555974
-0.000587069 -0.0265484 -0.555974
-0.000777151 -0.0265484 -0.555974
-0.000967234 -0.0265484 -0.555974
-0.000587069 -0.0263583 -0.555974
-0.000777151 -0.0263583 -0.555973
-0.000967234 -0.0263583 -0.555973
-0.000587069 -0.0261682 -0.555973
-0.000777151 -0.0261682 -0.555973
-0.000967234 -0.0261682 -0.555973
-0.000587069 -0.0259781 -0.555972
-0.000777151 -0.0259781 -0.555972
-0.000967234 -0.0259781 -0.555972
-0.000587069 -0.025788 -0.555972
-0.000777151 -0.025788 -0.555972
-0.000967234 -0.025788 -0.555972
-0.000587069 -0.0255979 -0.555971
-0.000777151 -0.0255979 -0.555971
-0.000967234 -0.0255979 -0.555971
-0.000587069 -0.0254079 -0.555971
-0.000777151 -0.0254079 -0.55597
-0.000967234 -0.0254079 -0.55597
-0.000587069 -0.0252178 -0.55597
-0.000777151 -0.0252178 -0.55597
-0.000967234 -0.0252178 -0.55597
-0.000587069 -0.0250277 -0.555969
-0.000777151 -0.0250277 -0.555969
-0.000967234 -0.0250277 -0.555969
-0.000587069 -0.0248376 -0.555969
-0.000777151 -0.0248376 -0.555969
-0.000967234 -0.0248376 -0.555969
-0.000587069 -0.0246475 -0.555968
-0.000777151 -0.0246475 -0.555968
-0.000967234 -0.0246475 -0.555968
-0.000587069 -0.0244574 -0.555968
-0.000777151 -0.0244574 -0.555968
-0.000967234 -0.0244574 -0.555967
-0.000587069 -0.0242674 -0.555967
-0.000777151 -0.0242674 -0.555967
-0.000967234 -0.0242674 -0.555967
-0.000587069 -0.0240773 -0.555966
-0.000777151 -0.0240773 -0.555966
-0.000967234 -0.0240773 -0.555966
-0.000587069 -0.0238872 -0.555966
-0.000777151 -0.0238872 -0.555966
-0.000967234 -0.0238872 -0.555966
-0.000587069 -0.0236971 -0.555965
-0.000777151 -0.0236971 -0.555965
-0.000967234 -0.0236971 -0.555965
-0.000587069 -0.023507 -0.555965
-0.000777151 -0.023507 -0.555965
-0.000967234 -0.023507 -0.555964
-0.000587069 -0.023317 -0.555964
-0.000777151 -0.023317 -0.555964
-0.000967234 -0.023317 -0.555964
-0.000587069 -0.0231269 -0.555963
-0.000777151 -0.0231269 -0.555963
-0.000967234 -0.0231269 -0.555963
-0.000587069 -0.0229368 -0.555963
-0.000777151 -0.0229368 -0.555963
-0.000967234 -0.0229368 -0.555963
-0.000587069 -0.0227467 -0.555962
-0.000777151 -0.0227467 -0.555962
-0.000967234 -0.0227467 -0.555962
-0.000587069 -0.0225566 -0.555962
-0.000777151 -0.0225566 -0.555962
-0.000967234 -0.0225566 -0.555961
-0.000587069 -0.0223665 -0.555961
-0.000777151 -0.0223665 -0.555961
-0.000967234 -0.0223665 -0.555961
-0.000587069 -0.0221765 -0.555961
-0.000777151 -0.0221765 -0.55596
-0.000967234 -0.0221765 -0.55596
-0.000587069 -0.0219864 -0.55596
-0.000777151 -0.0219864 -0.55596
-0.000967234 -0.0219864 -0.55596
-0.000587069 -0.0217963 -0.555959
-0.000777151 -0.0217963 -0.555959
-0.000967234 -0.0217963 -0.555959
-0.000587069 -0.0216062 -0.555959
-0.000777151 -0.0216062 -0.555959
-0.000967234 -0.0216062 -0.555959
-0.000587069 -0.0214161 -0.555958
-0.000777151 -0.0214161 -0.555958
-0.000967234 -0.0214161 -0.555958
-0.000587069 -0.021226 -0.555958
-0.000777151 -0.021226 -0.555957
-0.000967234 -0.021226 -0.555957
-0.000587069 -0.021036 -0.555957
-0.000777151 -0.021036 -0.555957
-0.000967234 -0.021036 -0.555957
-0.000587069 -0.0208459 -0.555956
-0.000777151 -0.0208459 -0.555956
-0.000967234 -0.0208459 -0.555956
-0.000587069 -0.0206558 -0.555956
-0.000777151 -0.0206558 -0.555956
-0.000967234 -0.0206558 -0.555956
-0.000587069 -0.0204657 -0.555955
-0.000777151 -0.0204657 -0.555955
-0.000967234 -0.0204657 -0.555955
-0.000587069 -0.0202756 -0.555955
-0.000777151 -0.0202756 -0.555955
-0.000967234 -0.0202756 -0.555954
-0.000587069 -0.0200856 -0.555954
-0.000777151 -0.0200856 -0.555954
-0.000967234 -0.0200856 -0.555954
-0.000587069 -0.0198955 -0.555953
-0.000777151 -0.0198955 -0.555953
-0.000967234 -0.0198955 -0.555953
-0.000587069 -0.0197054 -0.555953
-0.000777151 -0.0197054 -0.555953
-0.000967234 -0.0197054 -0.555953
-0.000587069 -0.0195153 -0.555952
-0.000777151 -0.0195153 -0.555952
-0.000967234 -0.0195153 -0.555952
-0.000587069 -0.0193252 -0.555952
-0.000777151 -0.0193252 -0.555952
-0.000967234 -0.0193252 -0.555951
