-0.0118633 -0.00276635 -0.628038
-0.011677 -0.00276635 -0.628038
-0.0114907 -0.00276635 -0.628038
-0.0118633 -0.00295265 -0.628038
-0.011677 -0.00295265 -0.628038
-0.0114907 -0.00295265 -0.628038
-0.0118633 -0.00313896 -0.628037
-0.011677 -0.00313896 -0.628037
-0.0114907 -0.00313896 -0.628037
-0.0118633 -0.00332526 -0.628037
-0.011677 -0.00332526 -0.628036
-0.0114907 -0.00332526 -0.628036
-0.0118633 -0.00351156 -0.628036
-0.011677 -0.00351156 -0.628036
-0.0114907 -0.00351156 -0.628036
-0.0118633 -0.00369786 -0.628035
-0.011677 -0.00369786 -0.628035
-0.0114907 -0.00369786 -0.628035
-0.0118633 -0.00388416 -0.628035
-0.011677 -0.00388416 -0.628035
-0.0114907 -0.00388416 -0.628035
-0.0118633 -0.00407047 -0.628034
-0.011677 -0.00407047 -0.628034
-0.0114907 -0.00407047 -0.628034
-0.0118633 -0.00425677 -0.628034
-0.011677 -0.00425677 -0.628034
-0.0114907 -0.00425677 -0.628033
-0.0118633 -0.00444307 -0.628033
-0.011677 -0.00444307 -0.628033
-0.0114907 -0.00444307 -0.628033
-0.0118633 -0.00462937 -0.628032
-0.011677 -0.00462937 -0.628032
-0.0114907 -0.00462937 -0.628032
-0.0118633 -0.00481568 -0.628032
-0.011677 -0.00481568 -0.628032
-0.0114907 -0.00481568 -0.628032
-0.0118633 -0.00500198 -0.628031
-0.011677 -0.00500198 -0.628031
-0.0114907 -0.00500198 -0.628031
-0.0118633 -0.00518828 -0.628031
-0.011677 -0.00518828 -0.628031
-0.0114907 -0.00518828 -0.62803
-0.0118633 -0.00537458 -0.62803
-0.011677 -0.00537458 -0.62803
-0.0114907 -0.00537458 -0.62803
-0.0118633 -0.00556088 -0.628029
-0.011677 -0.00556088 -0.628029
-0.0114907 -0.00556088 -0.628029
-0.0118633 -0.00574719 -0.628029
-0.011677 -0.00574719 -0.628029
-0.0114907 -0.00574719 -0.628029
-0.0118633 -0.00593349 -0.628028
-0.011677 -0.00593349 -0.628028
-0.0114907 -0.00593349 -0.628028
-0.0118633 -0.00611979 -0.628028
-0.011677 -0.00611979 -0.628028
-0.0114907 -0.00611979 -0.628027
-0.0118633 -0.00630609 -0.628027
-0.011677 -0.00630609 -0.628027
-0.0114907 -0.00630609 -0.628027
-0.0118633 -0.00649239 -0.628026
-0.011677 -0.00649239 -0.628026
-0.0114907 -0.00649239 -0.628026
-0.0118633 -0.0066787 -0.628026
-0.011677 -0.0066787 -0.628026
-0.0114907 -0.0066787 -0.628026
-0.0118633 -0.006865 -0.628025
-0.011677 -0.006865 -0.628025
-0.0114907 -0.006865 -0.628025
-0.0118633 -0.0070513 -0.628025
-0.011677 -0.0070513 -0.628025
-0.0114907 -0.0070513 -0.628024
-0.0118633 -0.0072376 -0.628024
-0.011677 -0.0072376 -0.628024
-0.0114907 -0.0072376 -0.628024
-0.0118633 -0.0074239 -0.628024
-0.011677 -0.0074239 -0.628023
-0.0114907 -0.0074239 -0.628023
-0.0118633 -0.00761021 -0.628023
-0.011677 -0.00761021 -0.628023
-0.0114907 -0.00761021 -0.628023
-0.0118633 -0.00779651 -0.628022
-0.011677 -0.00779651 -0.628022
-0.0114907 -0.00779651 -0.628022
-0.0118633 -0.00798281 -0.628022
-0.011677 -0.00798281 -0.628022
-0.0114907 -0.00798281 -0.628021
-0.0118633 -0.00816911 -0.628021
-0.011677 -0.00816911 -0.628021
-0.0114907 -0.00816911 -0.628021
-0.0118633 -0.00835542 -0.628021
-0.011677 -0.00835542 -0.62802
-0.0114907 -0.00835542 -0.62802
-0.0118633 -0.00854172 -0.62802
-0.011677 -0.00854172 -0.62802
-0.0114907 -0.00854172 -0.62802
-0.0118633 -0.00872802 -0.628019
-0.011677 -0.00872802 -0.628019
-0.0114907 -0.00872802 -0.628019
-0.0118633 -0.00891432 -0.628019
-0.011677 -0.00891432 -0.628019
-0.0114907 -0.00891432 -0.628018
-0.0118633 -0.00910062 -0.628018
-0.011677 -0.00910062 -0.628018
-0.0114907 -0.00910062 -0.628018
-0.0118633 -0.00928693 -0.628018
-0.011677 -0.00928693 -0.628017
-0.0114907 -0.00928693 -0.628017
-0.0118633 -0.00947323 -0.628017
-0.011677 -0.00947323 -0.628017
-0.0114907 -0.00947323 -0.628017
-0.0118633 -0.00965953 -0.628016
-0.011677 -0.00965953 -0.628016
-0.0114907 -0.00965953 -0.628016
-0.0118633 -0.00984583 -0.628016
-0.011677 -0.00984583 -0.628016
-0.0114907 -0.00984583 -0.628016
-0.0118633 -0.0100321 -0.628015
-0.011677 -0.0100321 -0.628015
-0.0114907 -0.0100321 -0.628015
-0.0118633 -0.0102184 -0.628015
-0.011677 -0.0102184 -0.628014
-0.0114907 -0.0102184 -0.628014
-0.0118633 -0.0104047 -0.628014
-0.011677 -0.0104047 -0.628014
-0.0114907 -0.0104047 -0.628014
-0.0118633 -0.010591 -0.628013
-0.011677 -0.010591 -0.628013
-0.0114907 -0.010591 -0.628013
-0.0118633 -0.0107773 -0.628013
-0.011677 -0.0107773 -0.628013
-0.0114907 -0.0107773 -0.628013
-0.0118633 -0.0109636 -0.628012
-0.011677 -0.0109636 -0.628012
-0.0114907 -0.0109636 -0.628012
-0.0118633 -0.0111499 -0.628012
-0.011677 -0.0111499 -0.628011
-0.0114907 -0.0111499 -0.628011
-0.0118633 -0.0113362 -0.628011
-0.011677 -0.0113362 -0.628011
-0.0114907 -0.0113362 -0.628011
-0.0118633 -0.0115226 -0.62801
-0.011677 -0.0115226 -0.62801
-0.0114907 -0.0115226 -0.62801
-0.0118633 -0.0117089 -0.62801
-0.011677 -0.0117089 -0.62801
-0.0114907 -0.0117089 -0.62801
-0.0118633 -0.0118952 -0.628009
-0.011677 -0.0118952 -0.628009
-0.0114907 -0.0118952 -0.628009
-0.0118633 -0.0120815 -0.628009
-0.011677 -0.0120815 -0.628008
-0.0114907 -0.0120815 -0.628008
-0.0118633 -0.0122678 -0.628008
-0.011677 -0.0122678 -0.628008
-0.0114907 -0.0122678 -0.628008
-0.0118633 -0.0124541 -0.628007
-0.011677 -0.0124541 -0.628007
-0.0114907 -0.0124541 -0.628007
-0.0118633 -0.0126404 -0.628007
-0.011677 -0.0126404 -0.628007
-0.0114907 -0.0126404 -0.628007
-0.0118633 -0.0128267 -0.628006
-0.011677 -0.0128267 -0.628006
-0.0114907 -0.0128267 -0.628006
-0.0118633 -0.013013 -0.628006
-0.011677 -0.013013 -0.628006
-0.0114907 -0.013013 -0.628005
-0.0118633 -0.0131993 -0.628005
-0.011677 -0.0131993 -0.628005
-0.0114907 -0.0131993 -0.628005
-0.0118633 -0.0133856 -0.628004
-0.011677 -0.0133856 -0.628004
-0.0114907 -0.0133856 -0.628004
-0.0118633 -0.0135719 -0.628004
-0.011677 -0.0135719 -0.628004
-0.0114907 -0.0135719 -0.628004
-0.0118633 -0.0137582 -0.628003
-0.011677 -0.0137582 -0.628003
-0.0114907 -0.0137582 -0.628003
-0.0118633 -0.0139445 -0.628003
-0.011677 -0.0139445 -0.628003
-0.0114907 -0.0139445 -0.628002
-0.0118633 -0.0141308 -0.628002
-0.011677 -0.0141308 -0.628002
-0.0114907 -0.0141308 -0.628002
-0.0118633 -0.0143171 -0.628001
-0.011677 -0.0143171 -0.628001
-0.0114907 -0.0143171 -0.628001
-0.0118633 -0.0145034 -0.628001
-0.011677 -0.0145034 -0.628001
-0.0114907 -0.0145034 -0.628001
-0.0118633 -0.0146897 -0.628
-0.011677 -0.0146897 -0.628
-0.0114907 -0.0146897 -0.628
-0.0118633 -0.014876 -0.628
-0.011677 -0.014876 -0.628
-0.0114907 -0.014876 -0.627999
-0.0118633 -0.0150623 -0.627999
-0.011677 -0.0150623 -0.627999
-0.0114907 -0.0150623 -0.627999
-0.0118633 -0.0152486 -0.627998
-0.011677 -0.0152486 -0.627998
-0.0114907 -0.0152486 -0.627998
-0.0118633 -0.0154349 -0.627998
-0.011677 -0.0154349 -0.627998
-0.0114907 -0.0154349 -0.627998
-0.0118633 -0.0156212 -0.627997
-0.011677 -0.0156212 -0.627997
-0.0114907 -0.0156212 -0.627997
-0.0118633 -0.0158075 -0.627997
-0.011677 -0.0158075 -0.627997
-0.0114907 -0.0158075 -0.627997
-0.0118633 -0.0159938 -0.627996
-0.011677 -0.0159938 -0.627996
-0.0114907 -0.0159938 -0.627996
-0.0118633 -0.0161801 -0.627995
-0.011677 -0.0161801 -0.627995
-0.0114907 -0.0161801 -0.627995
-0.0118633 -0.0163664 -0.627995
-0.011677 -0.0163664 -0.627995
-0.0114907 -0.0163664 -0.627995
-0.0118633 -0.0165527 -0.627994
-0.011677 -0.0165527 -0.627994
-0.0114907 -0.0165527 -0.627994
-0.0118633 -0.016739 -0.627994
-0.011677 -0.016739 -0.627994
-0.0114907 -0.016739 -0.627994
-0.0118633 -0.0169253 -0.627993
-0.011677 -0.0169253 -0.627993
-0.0114907 -0.0169253 -0.627993
-0.0118633 -0.0171116 -0.627993
-0.011677 -0.0171116 -0.627992
-0.0114907 -0.0171116 -0.627992
-0.0118633 -0.0172979 -0.627992
-0.011677 -0.0172979 -0.627992
-0.0114907 -0.0172979 -0.627992
-0.0118633 -0.0174842 -0.627991
-0.011677 -0.0174842 -0.627991
-0.0114907 -0.0174842 -0.627991
-0.0118633 -0.0176705 -0.627991
-0.011677 -0.0176705 -0.627991
-0.0114907 -0.0176705 -0.627991
-0.0118633 -0.0178568 -0.62799
-0.011677 -0.0178568 -0.62799
-0.0114907 -0.0178568 -0.62799
-0.0118633 -0.0180431 -0.62799
-0.011677 -0.0180431 -0.627989
-0.0114907 -0.0180431 -0.627989
-0.0118633 -0.0182294 -0.627989
-0.011677 -0.0182294 -0.627989
-0.0114907 -0.0182294 -0.627989
-0.0118633 -0.0184157 -0.627988
-0.011677 -0.0184157 -0.627988
-0.0114907 -0.0184157 -0.627988
-0.0118633 -0.018602 -0.627988
-0.011677 -0.018602 -0.627988
-0.0114907 -0.018602 -0.627988
-0.0118633 -0.0187883 -0.627987
-0.011677 -0.0187883 -0.627987
-0.0114907 -0.0187883 -0.627987
-0.0118633 -0.0189746 -0.627987
-0.011677 -0.0189746 -0.627986
-0.0114907 -0.0189746 -0.627986
-0.0118633 -0.0191609 -0.627986
-0.011677 -0.0191609 -0.627986
-0.0114907 -0.0191609 -0.627986
-0.0118633 -0.0193472 -0.627985
-0.011677 -0.0193472 -0.627985
-0.0114907 -0.0193472 -0.627985
-0.0118633 -0.0195335 -0.627985
-0.011677 -0.0195335 -0.627985
-0.0114907 -0.0195335 -0.627985
-0.0118633 -0.0197198 -0.627984
-0.011677 -0.0197198 -0.627984
-0.0114907 -0.0197198 -0.627984
-0.0118633 -0.0199061 -0.627984
-0.011677 -0.0199061 -0.627984
-0.0114907 -0.0199061 -0.627983
-0.0118633 -0.0200924 -0.627983
-0.011677 -0.0200924 -0.627983
-0.0114907 -0.0200924 -0.627983
-0.0118633 -0.0202787 -0.627982
-0.011677 -0.0202787 -0.627982
-0.0114907 -0.0202787 -0.627982
-0.0118633 -0.020465 -0.627982
-0.011677 -0.020465 -0.627982
-0.0114907 -0.020465 -0.627982
-0.0118633 -0.0206514 -0.627981
-0.011677 -0.0206514 -0.627981
-0.0114907 -0.0206514 -0.627981
-0.0118633 -0.0208377 -0.627981
-0.011677 -0.0208377 -0.627981
-0.0114907 -0.0208377 -0.62798
-0.0118633 -0.021024 -0.62798
-0.011677 -0.021024 -0.62798
-0.0114907 -0.021024 -0.62798
-0.0118633 -0.0212103 -0.627979
-0.011677 -0.0212103 -0.627979
-0.0114907 -0.0212103 -0.627979
-0.0118633 -0.0213966 -0.627979
-0.011677 -0.0213966 -0.627979
-0.0114907 -0.0213966 -0.627979
-0.0118633 -0.0215829 -0.627978
-0.011677 -0.0215829 -0.627978
-0.0114907 -0.0215829 -0.627978
-0.0118633 -0.0217692 -0.627978
-0.011677 -0.0217692 -0.627978
-0.0114907 -0.0217692 -0.627977
-0.0118633 -0.0219555 -0.627977
-0.011677 -0.0219555 -0.627977
-0.0114907 -0.0219555 -0.627977
-0.0118633 -0.0221418 -0.627976
-0.011677 -0.0221418 -0.627976
-0.0114907 -0.0221418 -0.627976
-0.0118633 -0.0223281 -0.627976
-0.011677 -0.0223281 -0.627976
-0.0114907 -0.0223281 -0.627976
-0.0118633 -0.0225144 -0.627975
-0.011677 -0.0225144 -0.627975
-0.0114907 -0.0225144 -0.627975
-0.0118633 -0.0227007 -0.627975
-0.011677 -0.0227007 -0.627975
-0.0114907 -0.0227007 -0.627974
-0.0118633 -0.022887 -0.627974
-0.011677 -0.022887 -0.627974
-0.0114907 -0.022887 -0.627974
-0.0118633 -0.0230733 -0.627973
-0.011677 -0.0230733 -0.627973
-0.0114907 -0.0230733 -0.627973
-0.0118633 -0.0232596 -0.627973
-0.011677 -0.0232596 -0.627973
-0.0114907 -0.0232596 -0.627973
