0.00115578 -0.0512771 -1.16392
0.00129272 -0.0512771 -1.16392
0.00142966 -0.0512771 -1.16392
0.00115578 -0.0514141 -1.16392
0.00129272 -0.0514141 -1.16392
0.00142966 -0.0514141 -1.16392
0.00115578 -0.051551 -1.16392
0.00129272 -0.051551 -1.16392
0.00142966 -0.051551 -1.16392
0.00115578 -0.0516879 -1.16392
0.00129272 -0.0516879 -1.16392
0.00142966 -0.0516879 -1.16392
0.00115578 -0.0518249 -1.16392
0.00129272 -0.0518249 -1.16392
0.00142966 -0.0518249 -1.16392
0.00115578 -0.0519618 -1.16392
0.00129272 -0.0519618 -1.16392
0.00142966 -0.0519618 -1.16392
0.00115578 -0.0520988 -1.16392
0.00129272 -0.0520988 -1.16392
0.00142966 -0.0520988 -1.16392
0.00115578 -0.0522357 -1.16392
0.00129272 -0.0522357 -1.16392
0.00142966 -0.0522357 -1.16393
0.00115578 -0.0523726 -1.16392
0.00129272 -0.0523726 -1.16392
0.00142966 -0.0523726 -1.16393
0.00115578 -0.0525096 -1.16392
0.00129272 -0.0525096 -1.16392
0.00142966 -0.0525096 -1.16393
0.00115578 -0.0526465 -1.16392
0.00129272 -0.0526465 -1.16392
0.00142966 -0.0526465 -1.16393
0.00115578 -0.0527834 -1.16392
0.00129272 -0.0527834 -1.16392
0.00142966 -0.0527834 -1.16393
0.00115578 -0.0529204 -1.16392
0.00129272 -0.0529204 -1.16392
0.00142966 -0.0529204 -1.16393
0.00115578 -0.0530573 -1.16392
0.00129272 -0.0530573 -1.16392
0.00142966 -0.0530573 -1.16393
0.00115578 -0.0531943 -1.16392
0.00129272 -0.0531943 -1.16393
0.00142966 -0.0531943 -1.16393
0.00115578 -0.0533312 -1.16392
0.00129272 -0.0533312 -1.16393
0.00142966 -0.0533312 -1.16393
0.00115578 -0.0534681 -1.16392
0.00129272 -0.0534681 -1.16393
0.00142966 -0.0534681 -1.16393
0.00115578 -0.0536051 -1.16392
0.00129272 -0.0536051 -1.16393
0.00142966 -0.0536051 -1.16393
0.00115578 -0.053742 -1.16392
0.00129272 -0.053742 -1.16393
0.00142966 -0.053742 -1.16393
0.00115578 -0.0538789 -1.16392
0.00129272 -0.0538789 -1.16393
0.00142966 -0.0538789 -1.16393
0.00115578 -0.0540159 -1.16393
0.00129272 -0.0540159 -1.16393
0.00142966 -0.0540159 -1.16393
0.00115578 -0.0541528 -1.16393
0.00129272 -0.0541528 -1.16393
0.00142966 -0.0541528 -1.16393
0.00115578 -0.0542898 -1.16393
0.00129272 -0.0542898 -1.16393
0.00142966 -0.0542898 -1.16393
0.00115578 -0.0544267 -1.16393
0.00129272 -0.0544267 -1.16393
0.00142966 -0.0544267 -1.16393
0.00115578 -0.0545636 -1.16393
0.00129272 -0.0545636 -1.16393
0.00142966 -0.0545636 -1.16393
0.00115578 -0.0547006 -1.16393
0.00129272 -0.0547006 -1.16393
0.00142966 -0.0547006 -1.16393
0.00115578 -0.0548375 -1.16393
0.00129272 -0.0548375 -1.16393
0.00142966 -0.0548375 -1.16393
0.00115578 -0.0549745 -1.16393
0.00129272 -0.0549745 -1.16393
0.00142966 -0.0549745 -1.16393
0.00115578 -0.0551114 -1.16393
0.00129272 -0.0551114 -1.16393
0.00142966 -0.0551114 -1.16393
0.00115578 -0.0552483 -1.16393
0.00129272 -0.0552483 -1.16393
0.00142966 -0.0552483 -1.16394
0.00115578 -0.0553853 -1.16393
0.00129272 -0.0553853 -1.16393
0.00142966 -0.0553853 -1.16394
0.00115578 -0.0555222 -1.16393
0.00129272 -0.0555222 -1.16393
0.00142966 -0.0555222 -1.16394
0.00115578 -0.0556591 -1.16393
0.00129272 -0.0556591 -1.16393
0.00142966 -0.0556591 -1.16394
0.00115578 -0.0557961 -1.16393
0.00129272 -0.0557961 -1.16393
0.00142966 -0.0557961 -1.16394
0.00115578 -0.055933 -1.16393
0.00129272 -0.055933 -1.16393
0.00142966 -0.055933 -1.16394
0.00115578 -0.05607 -1.16393
0.00129272 -0.05607 -1.16394
0.00142966 -0.05607 -1.16394
0.00115578 -0.0562069 -1.16393
0.00129272 -0.0562069 -1.16394
0.00142966 -0.0562069 -1.16394
0.00115578 -0.0563438 -1.16393
0.00129272 -0.0563438 -1.16394
0.00142966 -0.0563438 -1.16394
0.00115578 -0.0564808 -1.16393
0.00129272 -0.0564808 -1.16394
0.00142966 -0.0564808 -1.16394
0.00115578 -0.0566177 -1.16393
0.00129272 -0.0566177 -1.16394
0.00142966 -0.0566177 -1.16394
0.00115578 -0.0567547 -1.16393
0.00129272 -0.0567547 -1.16394
0.00142966 -0.0567547 -1.16394
0.00115578 -0.0568916 -1.16393
0.00129272 -0.0568916 -1.16394
0.00142966 -0.0568916 -1.16394
0.00115578 -0.0570285 -1.16394
0.00129272 -0.0570285 -1.16394
0.00142966 -0.0570285 -1.16394
0.00115578 -0.0571655 -1.16394
0.00129272 -0.0571655 -1.16394
0.00142966 -0.0571655 -1.16394
0.00115578 -0.0573024 -1.16394
0.00129272 -0.0573024 -1.16394
0.00142966 -0.0573024 -1.16394
0.00115578 -0.0574393 -1.16394
0.00129272 -0.0574393 -1.16394
0.00142966 -0.0574393 -1.16394
0.00115578 -0.0575763 -1.16394
0.00129272 -0.0575763 -1.16394
0.00142966 -0.0575763 -1.16394
0.00115578 -0.0577132 -1.16394
0.00129272 -0.0577132 -1.16394
0.00142966 -0.0577132 -1.16394
0.00115578 -0.0578502 -1.16394
0.00129272 -0.0578502 -1.16394
0.00142966 -0.0578502 -1.16394
0.00115578 -0.0579871 -1.16394
0.00129272 -0.0579871 -1.16394
0.00142966 -0.0579871 -1.16394
0.00115578 -0.058124 -1.16394
0.00129272 -0.058124 -1.16394
0.00142966 -0.058124 -1.16395
0.00115578 -0.058261 -1.16394
0.00129272 -0.058261 -1.16394
0.00142966 -0.058261 -1.16395
0.00115578 -0.0583979 -1.16394
0.00129272 -0.0583979 -1.16394
0.00142966 -0.0583979 -1.16395
0.00115578 -0.0585348 -1.16394
0.00129272 -0.0585348 -1.16394
0.00142966 -0.0585348 -1.16395
0.00115578 -0.0586718 -1.16394
0.00129272 -0.0586718 -1.16394
0.00142966 -0.0586718 -1.16395
0.00115578 -0.0588087 -1.16394
0.00129272 -0.0588087 -1.16394
0.00142966 -0.0588087 -1.16395
0.00115578 -0.0589457 -1.16394
0.00129272 -0.0589457 -1.16394
0.00142966 -0.0589457 -1.16395
0.00115578 -0.0590826 -1.16394
0.00129272 -0.0590826 -1.16395
0.00142966 -0.0590826 -1.16395
0.00115578 -0.0592195 -1.16394
0.00129272 -0.0592195 -1.16395
0.00142966 -0.0592195 -1.16395
0.00115578 -0.0593565 -1.16394
0.00129272 -0.0593565 -1.16395
0.00142966 -0.0593565 -1.16395
0.00115578 -0.0594934 -1.16394
0.00129272 -0.0594934 -1.16395
0.00142966 -0.0594934 -1.16395
0.00115578 -0.0596304 -1.16394
0.00129272 -0.0596304 -1.16395
0.00142966 -0.0596304 -1.16395
0.00115578 -0.0597673 -1.16394
0.00129272 -0.0597673 -1.16395
0.00142966 -0.0597673 -1.16395
0.00115578 -0.0599042 -1.16395
0.00129272 -0.0599042 -1.16395
0.00142966 -0.0599042 -1.16395
0.00115578 -0.0600412 -1.16395
0.00129272 -0.0600412 -1.16395
0.00142966 -0.0600412 -1.16395
0.00115578 -0.0601781 -1.16395
0.00129272 -0.0601781 -1.16395
0.00142966 -0.0601781 -1.16395
0.00115578 -0.060315 -1.16395
0.00129272 -0.060315 -1.16395
0.00142966 -0.060315 -1.16395
0.00115578 -0.060452 -1.16395
0.00129272 -0.060452 -1.16395
0.00142966 -0.060452 -1.16395
0.00115578 -0.0605889 -1.16395
0.00129272 -0.0605889 -1.16395
0.00142966 -0.0605889 -1.16395
0.00115578 -0.0607259 -1.16395
0.00129272 -0.0607259 -1.16395
0.00142966 -0.0607259 -1.16395
0.00115578 -0.0608628 -1.16395
0.00129272 -0.0608628 -1.16395
0.00142966 -0.0608628 -1.16395
0.00115578 -0.0609997 -1.16395
0.00129272 -0.0609997 -1.16395
0.00142966 -0.0609997 -1.16395
0.00115578 -0.0611367 -1.16395
0.00129272 -0.0611367 -1.16395
0.00142966 -0.0611367 -1.16396
0.00115578 -0.0612736 -1.16395
0.00129272 -0.0612736 -1.16395
0.00142966 -0.0612736 -1.16396
0.00115578 -0.0614106 -1.16395
0.00129272 -0.0614106 -1.16395
0.00142966 -0.0614106 -1.16396
0.00115578 -0.0615475 -1.16395
0.00129272 -0.0615475 -1.16395
0.00142966 -0.0615475 -1.16396
0.00115578 -0.0616844 -1.16395
0.00129272 -0.0616844 -1.16395
0.00142966 -0.0616844 -1.16396
0.00115578 -0.0618214 -1.16395
0.00129272 -0.0618214 -1.16395
0.00142966 -0.0618214 -1.16396
0.00115578 -0.0619583 -1.16395
0.00129272 -0.0619583 -1.16396
0.00142966 -0.0619583 -1.16396
0.00115578 -0.0620952 -1.16395
0.00129272 -0.0620952 -1.16396
0.00142966 -0.0620952 -1.16396
0.00115578 -0.0622322 -1.16395
0.00129272 -0.0622322 -1.16396
0.00142966 -0.0622322 -1.16396
0.00115578 -0.0623691 -1.16395
0.00129272 -0.0623691 -1.16396
0.00142966 -0.0623691 -1.16396
0.00115578 -0.0625061 -1.16395
0.00129272 -0.0625061 -1.16396
0.00142966 -0.0625061 -1.16396
0.00115578 -0.062643 -1.16395
0.00129272 -0.062643 -1.16396
0.00142966 -0.062643 -1.16396
0.00115578 -0.0627799 -1.16395
0.00129272 -0.0627799 -1.16396
0.00142966 -0.0627799 -1.16396
0.00115578 -0.0629169 -1.16396
0.00129272 -0.0629169 -1.16396
0.00142966 -0.0629169 -1.16396
0.00115578 -0.0630538 -1.16396
0.00129272 -0.0630538 -1.16396
0.00142966 -0.0630538 -1.16396
0.00115578 -0.0631908 -1.16396
0.00129272 -0.0631908 -1.16396
0.00142966 -0.0631908 -1.16396
0.00115578 -0.0633277 -1.16396
0.00129272 -0.0633277 -1.16396
0.00142966 -0.0633277 -1.16396
0.00115578 -0.0634646 -1.16396
0.00129272 -0.0634646 -1.16396
0.00142966 -0.0634646 -1.16396
0.00115578 -0.0636016 -1.16396
0.00129272 -0.0636016 -1.16396
0.00142966 -0.0636016 -1.16396
0.00115578 -0.0637385 -1.16396
0.00129272 -0.0637385 -1.16396
0.00142966 -0.0637385 -1.16396
0.00115578 -0.0638754 -1.16396
0.00129272 -0.0638754 -1.16396
0.00142966 -0.0638754 -1.16396
0.00115578 -0.0640124 -1.16396
0.00129272 -0.0640124 -1.16396
0.00142966 -0.0640124 -1.16397
0.00115578 -0.0641493 -1.16396
0.00129272 -0.0641493 -1.16396
0.00142966 -0.0641493 -1.16397
0.00115578 -0.0642863 -1.16396
0.00129272 -0.0642863 -1.16396
0.00142966 -0.0642863 -1.16397
0.00115578 -0.0644232 -1.16396
0.00129272 -0.0644232 -1.16396
0.00142966 -0.0644232 -1.16397
0.00115578 -0.0645601 -1.16396
0.00129272 -0.0645601 -1.16396
0.00142966 -0.0645601 -1.16397
0.00115578 -0.0646971 -1.16396
0.00129272 -0.0646971 -1.16396
0.00142966 -0.0646971 -1.16397
0.00115578 -0.064834 -1.16396
0.00129272 -0.064834 -1.16396
0.00142966 -0.064834 -1.16397
0.00115578 -0.0649709 -1.16396
0.00129272 -0.0649709 -1.16397
0.00142966 -0.0649709 -1.16397
0.00115578 -0.0651079 -1.16396
0.00129272 -0.0651079 -1.16397
0.00142966 -0.0651079 -1.16397
0.00115578 -0.0652448 -1.16396
0.00129272 -0.0652448 -1.16397
0.00142966 -0.0652448 -1.16397
0.00115578 -0.0653818 -1.16396
0.00129272 -0.0653818 -1.16397
0.00142966 -0.0653818 -1.16397
0.00115578 -0.0655187 -1.16396
0.00129272 -0.0655187 -1.16397
0.00142966 -0.0655187 -1.16397
0.00115578 -0.0656556 -1.16396
0.00129272 -0.0656556 -1.16397
0.00142966 -0.0656556 -1.16397
0.00115578 -0.0657926 -1.16397
0.00129272 -0.0657926 -1.16397
0.00142966 -0.0657926 -1.16397
0.00115578 -0.0659295 -1.16397
0.00129272 -0.0659295 -1.16397
0.00142966 -0.0659295 -1.16397
0.00115578 -0.0660665 -1.16397
0.00129272 -0.0660665 -1.16397
0.00142966 -0.0660665 -1.16397
0.00115578 -0.0662034 -1.16397
0.00129272 -0.0662034 -1.16397
0.00142966 -0.0662034 -1.16397
0.00115578 -0.0663403 -1.16397
0.00129272 -0.0663403 -1.16397
0.00142966 -0.0663403 -1.16397
