0.00362481 -0.0268353 -0.619216
0.00341531 -0.0268353 -0.619214
0.00320582 -0.0268353 -0.619212
0.00362481 -0.0266258 -0.619217
0.00341531 -0.0266258 -0.619215
0.00320582 -0.0266258 -0.619213
0.00362481 -0.0264163 -0.619217
0.00341531 -0.0264163 -0.619215
0.00320582 -0.0264163 -0.619213
0.00362481 -0.0262068 -0.619217
0.00341531 -0.0262068 -0.619215
0.00320582 -0.0262068 -0.619214
0.00362481 -0.0259973 -0.619218
0.00341531 -0.0259973 -0.619216
0.00320582 -0.0259973 -0.619214
0.00362481 -0.0257878 -0.619218
0.00341531 -0.0257878 -0.619216
0.00320582 -0.0257878 -0.619214
0.00362481 -0.0255783 -0.619219
0.00341531 -0.0255783 -0.619217
0.00320582 -0.0255783 -0.619215
0.00362481 -0.0253688 -0.619219
0.00341531 -0.0253688 -0.619217
0.00320582 -0.0253688 -0.619215
0.00362481 -0.0251593 -0.619219
0.00341531 -0.0251593 -0.619217
0.00320582 -0.0251593 -0.619215
0.00362481 -0.0249498 -0.61922
0.00341531 -0.0249498 -0.619218
0.00320582 -0.0249498 -0.619216
0.00362481 -0.0247403 -0.61922
0.00341531 -0.0247403 -0.619218
0.00320582 -0.0247403 -0.619216
0.00362481 -0.0245308 -0.61922
0.00341531 -0.0245308 -0.619219
0.00320582 -0.0245308 -0.619217
0.00362481 -0.0243213 -0.619221
0.00341531 -0.0243213 -0.619219
0.00320582 -0.0243213 -0.619217
0.00362481 -0.0241118 -0.619221
0.00341531 -0.0241118 -0.619219
0.00320582 -0.0241118 -0.619217
0.00362481 -0.0239023 -0.619222
0.00341531 -0.0239023 -0.61922
0.00320582 -0.0239023 -0.619218
0.00362481 -0.0236928 -0.619222
0.00341531 -0.0236928 -0.61922
0.00320582 -0.0236928 -0.619218
0.00362481 -0.0234833 -0.619222
0.00341531 -0.0234833 -0.61922
0.00320582 -0.0234833 -0.619219
0.00362481 -0.0232739 -0.619223
0.00341531 -0.0232739 -0.619221
0.00320582 -0.0232739 -0.619219
0.00362481 -0.0230644 -0.619223
0.00341531 -0.0230644 -0.619221
0.00320582 -0.0230644 -0.619219
0.00362481 -0.0228549 -0.619223
0.00341531 -0.0228549 -0.619222
0.00320582 -0.0228549 -0.61922
0.00362481 -0.0226454 -0.619224
0.00341531 -0.0226454 -0.619222
0.00320582 -0.0226454 -0.61922
0.00362481 -0.0224359 -0.619224
0.00341531 -0.0224359 -0.619222
0.00320582 -0.0224359 -0.61922
0.00362481 -0.0222264 -0.619225
0.00341531 -0.0222264 -0.619223
0.00320582 -0.0222264 -0.619221
0.00362481 -0.0220169 -0.619225
0.00341531 -0.0220169 -0.619223
0.00320582 -0.0220169 -0.619221
0.00362481 -0.0218074 -0.619225
0.00341531 -0.0218074 -0.619223
0.00320582 -0.0218074 -0.619222
0.00362481 -0.0215979 -0.619226
0.00341531 -0.0215979 -0.619224
0.00320582 -0.0215979 -0.619222
0.00362481 -0.0213884 -0.619226
0.00341531 -0.0213884 -0.619224
0.00320582 -0.0213884 -0.619222
0.00362481 -0.0211789 -0.619227
0.00341531 -0.0211789 -0.619225
0.00320582 -0.0211789 -0.619223
0.00362481 -0.0209694 -0.619227
0.00341531 -0.0209694 -0.619225
0.00320582 -0.0209694 -0.619223
0.00362481 -0.0207599 -0.619227
0.00341531 -0.0207599 -0.619225
0.00320582 -0.0207599 -0.619223
0.00362481 -0.0205504 -0.619228
0.00341531 -0.0205504 -0.619226
0.00320582 -0.0205504 -0.619224
0.00362481 -0.0203409 -0.619228
0.00341531 -0.0203409 -0.619226
0.00320582 -0.0203409 -0.619224
0.00362481 -0.0201314 -0.619228
0.00341531 -0.0201314 -0.619227
0.00320582 -0.0201314 -0.619225
0.00362481 -0.0199219 -0.619229
0.00341531 -0.0199219 -0.619227
0.00320582 -0.0199219 -0.619225
0.00362481 -0.0197124 -0.619229
0.00341531 -0.0197124 -0.619227
0.00320582 -0.0197124 -0.619225
0.00362481 -0.0195029 -0.61923
0.00341531 -0.0195029 -0.619228
0.00320582 -0.0195029 -0.619226
0.00362481 -0.0192934 -0.61923
0.00341531 -0.0192934 -0.619228
0.00320582 -0.0192934 -0.619226
0.00362481 -0.0190839 -0.61923
0.00341531 -0.0190839 -0.619228
0.00320582 -0.0190839 -0.619227
0.00362481 -0.0188744 -0.619231
0.00341531 -0.0188744 -0.619229
0.00320582 -0.0188744 -0.619227
0.00362481 -0.0186649 -0.619231
0.00341531 -0.0186649 -0.619229
0.00320582 -0.0186649 -0.619227
0.00362481 -0.0184554 -0.619231
0.00341531 -0.0184554 -0.61923
0.00320582 -0.0184554 -0.619228
0.00362481 -0.0182459 -0.619232
0.00341531 -0.0182459 -0.61923
0.00320582 -0.0182459 -0.619228
0.00362481 -0.0180364 -0.619232
0.00341531 -0.0180364 -0.61923
0.00320582 -0.0180364 -0.619228
0.00362481 -0.017827 -0.619233
0.00341531 -0.017827 -0.619231
0.00320582 -0.017827 -0.619229
0.00362481 -0.0176175 -0.619233
0.00341531 -0.0176175 -0.619231
0.00320582 -0.0176175 -0.619229
0.00362481 -0.017408 -0.619233
0.00341531 -0.017408 -0.619231
0.00320582 -0.017408 -0.619229
0.00362481 -0.0171985 -0.619234
0.00341531 -0.0171985 -0.619232
0.00320582 -0.0171985 -0.61923
0.00362481 -0.016989 -0.619234
0.00341531 -0.016989 -0.619232
0.00320582 -0.016989 -0.61923
0.00362481 -0.0167795 -0.619234
0.00341531 -0.0167795 -0.619233
0.00320582 -0.0167795 -0.619231
0.00362481 -0.01657 -0.619235
0.00341531 -0.01657 -0.619233
0.00320582 -0.01657 -0.619231
0.00362481 -0.0163605 -0.619235
0.00341531 -0.0163605 -0.619233
0.00320582 -0.0163605 -0.619231
0.00362481 -0.016151 -0.619236
0.00341531 -0.016151 -0.619234
0.00320582 -0.016151 -0.619232
0.00362481 -0.0159415 -0.619236
0.00341531 -0.0159415 -0.619234
0.00320582 -0.0159415 -0.619232
0.00362481 -0.015732 -0.619236
0.00341531 -0.015732 -0.619234
0.00320582 -0.015732 -0.619233
0.00362481 -0.0155225 -0.619237
0.00341531 -0.0155225 -0.619235
0.00320582 -0.0155225 -0.619233
0.00362481 -0.015313 -0.619237
0.00341531 -0.015313 -0.619235
0.00320582 -0.015313 -0.619233
0.00362481 -0.0151035 -0.619237
0.00341531 -0.0151035 -0.619236
0.00320582 -0.0151035 -0.619234
0.00362481 -0.014894 -0.619238
0.00341531 -0.014894 -0.619236
0.00320582 -0.014894 -0.619234
0.00362481 -0.0146845 -0.619238
0.00341531 -0.0146845 -0.619236
0.00320582 -0.0146845 -0.619234
0.00362481 -0.014475 -0.619239
0.00341531 -0.014475 -0.619237
0.00320582 -0.014475 -0.619235
0.00362481 -0.0142655 -0.619239
0.00341531 -0.0142655 -0.619237
0.00320582 -0.0142655 -0.619235
0.00362481 -0.014056 -0.619239
0.00341531 -0.014056 -0.619237
0.00320582 -0.014056 -0.619236
0.00362481 -0.0138465 -0.61924
0.00341531 -0.0138465 -0.619238
0.00320582 -0.0138465 -0.619236
0.00362481 -0.013637 -0.61924
0.00341531 -0.013637 -0.619238
0.00320582 -0.013637 -0.619236
0.00362481 -0.0134275 -0.619241
0.00341531 -0.0134275 -0.619239
0.00320582 -0.0134275 -0.619237
0.00362481 -0.013218 -0.619241
0.00341531 -0.013218 -0.619239
0.00320582 -0.013218 -0.619237
0.00362481 -0.0130085 -0.619241
0.00341531 -0.0130085 -0.619239
0.00320582 -0.0130085 -0.619237
0.00362481 -0.012799 -0.619242
0.00341531 -0.012799 -0.61924
0.00320582 -0.012799 -0.619238
0.00362481 -0.0125896 -0.619242
0.00341531 -0.0125896 -0.61924
0.00320582 -0.0125896 -0.619238
0.00362481 -0.0123801 -0.619242
0.00341531 -0.0123801 -0.619241
0.00320582 -0.0123801 -0.619239
0.00362481 -0.0121706 -0.619243
0.00341531 -0.0121706 -0.619241
0.00320582 -0.0121706 -0.619239
0.00362481 -0.0119611 -0.619243
0.00341531 -0.0119611 -0.619241
0.00320582 -0.0119611 -0.619239
0.00362481 -0.0117516 -0.619244
0.00341531 -0.0117516 -0.619242
0.00320582 -0.0117516 -0.61924
0.00362481 -0.0115421 -0.619244
0.00341531 -0.0115421 -0.619242
0.00320582 -0.0115421 -0.61924
0.00362481 -0.0113326 -0.619244
0.00341531 -0.0113326 -0.619242
0.00320582 -0.0113326 -0.619241
0.00362481 -0.0111231 -0.619245
0.00341531 -0.0111231 -0.619243
0.00320582 -0.0111231 -0.619241
0.00362481 -0.0109136 -0.619245
0.00341531 -0.0109136 -0.619243
0.00320582 -0.0109136 -0.619241
0.00362481 -0.0107041 -0.619245
0.00341531 -0.0107041 -0.619244
0.00320582 -0.0107041 -0.619242
0.00362481 -0.0104946 -0.619246
0.00341531 -0.0104946 -0.619244
0.00320582 -0.0104946 -0.619242
0.00362481 -0.0102851 -0.619246
0.00341531 -0.0102851 -0.619244
0.00320582 -0.0102851 -0.619242
0.00362481 -0.0100756 -0.619247
0.00341531 -0.0100756 -0.619245
0.00320582 -0.0100756 -0.619243
0.00362481 -0.0098661 -0.619247
0.00341531 -0.0098661 -0.619245
0.00320582 -0.0098661 -0.619243
0.00362481 -0.0096566 -0.619247
0.00341531 -0.0096566 -0.619245
0.00320582 -0.0096566 -0.619244
0.00362481 -0.00944711 -0.619248
0.00341531 -0.00944711 -0.619246
0.00320582 -0.00944711 -0.619244
0.00362481 -0.00923761 -0.619248
0.00341531 -0.00923761 -0.619246
0.00320582 -0.00923761 -0.619244
0.00362481 -0.00902812 -0.619248
0.00341531 -0.00902812 -0.619247
0.00320582 -0.00902812 -0.619245
0.00362481 -0.00881862 -0.619249
0.00341531 -0.00881862 -0.619247
0.00320582 -0.00881862 -0.619245
0.00362481 -0.00860912 -0.619249
0.00341531 -0.00860912 -0.619247
0.00320582 -0.00860912 -0.619245
0.00362481 -0.00839963 -0.61925
0.00341531 -0.00839963 -0.619248
0.00320582 -0.00839963 -0.619246
0.00362481 -0.00819013 -0.61925
0.00341531 -0.00819013 -0.619248
0.00320582 -0.00819013 -0.619246
0.00362481 -0.00798064 -0.61925
0.00341531 -0.00798064 -0.619248
0.00320582 -0.00798064 -0.619247
0.00362481 -0.00777114 -0.619251
0.00341531 -0.00777114 -0.619249
0.00320582 -0.00777114 -0.619247
0.00362481 -0.00756164 -0.619251
0.00341531 -0.00756164 -0.619249
0.00320582 -0.00756164 -0.619247
0.00362481 -0.00735215 -0.619251
0.00341531 -0.00735215 -0.61925
0.00320582 -0.00735215 -0.619248
0.00362481 -0.00714265 -0.619252
0.00341531 -0.00714265 -0.61925
0.00320582 -0.00714265 -0.619248
0.00362481 -0.00693316 -0.619252
0.00341531 -0.00693316 -0.61925
0.00320582 -0.00693316 -0.619248
0.00362481 -0.00672366 -0.619253
0.00341531 -0.00672366 -0.619251
0.00320582 -0.00672366 -0.619249
0.00362481 -0.00651416 -0.619253
0.00341531 -0.00651416 -0.619251
0.00320582 -0.00651416 -0.619249
0.00362481 -0.00630467 -0.619253
0.00341531 -0.00630467 -0.619251
0.00320582 -0.00630467 -0.61925
0.00362481 -0.00609517 -0.619254
0.00341531 -0.00609517 -0.619252
0.00320582 -0.00609517 -0.61925
0.00362481 -0.00588567 -0.619254
0.00341531 -0.00588567 -0.619252
0.00320582 -0.00588567 -0.61925
0.00362481 -0.00567618 -0.619255
0.00341531 -0.00567618 -0.619253
0.00320582 -0.00567618 -0.619251
0.00362481 -0.00546668 -0.619255
0.00341531 -0.00546668 -0.619253
0.00320582 -0.00546668 -0.619251
0.00362481 -0.00525719 -0.619255
0.00341531 -0.00525719 -0.619253
0.00320582 -0.00525719 -0.619251
0.00362481 -0.00504769 -0.619256
0.00341531 -0.00504769 -0.619254
0.00320582 -0.00504769 -0.619252
0.00362481 -0.00483819 -0.619256
0.00341531 -0.00483819 -0.619254
0.00320582 -0.00483819 -0.619252
0.00362481 -0.0046287 -0.619256
0.00341531 -0.0046287 -0.619255
0.00320582 -0.0046287 -0.619253
0.00362481 -0.0044192 -0.619257
0.00341531 -0.0044192 -0.619255
0.00320582 -0.0044192 -0.619253
0.00362481 -0.00420971 -0.619257
0.00341531 -0.00420971 -0.619255
0.00320582 -0.00420971 -0.619253
0.00362481 -0.00400021 -0.619258
0.00341531 -0.00400021 -0.619256
0.00320582 -0.00400021 -0.619254
0.00362481 -0.00379071 -0.619258
0.00341531 -0.00379071 -0.619256
0.00320582 -0.00379071 -0.619254
