-0.00506691 -0.0304004 -0.842324
-0.00540021 -0.0304004 -0.842327
-0.00573351 -0.0304004 -0.84233
-0.00506691 -0.0300671 -0.842324
-0.00540021 -0.0300671 -0.842327
-0.00573351 -0.0300671 -0.84233
-0.00506691 -0.0297338 -0.842324
-0.00540021 -0.0297338 -0.842327
-0.00573351 -0.0297338 -0.842331
-0.00506691 -0.0294005 -0.842325
-0.00540021 -0.0294005 -0.842328
-0.00573351 -0.0294005 -0.842331
-0.00506691 -0.0290672 -0.842325
-0.00540021 -0.0290672 -0.842328
-0.00573351 -0.0290672 -0.842331
-0.00506691 -0.0287339 -0.842326
-0.00540021 -0.0287339 -0.842329
-0.00573351 -0.0287339 -0.842332
-0.00506691 -0.0284006 -0.842326
-0.00540021 -0.0284006 -0.842329
-0.00573351 -0.0284006 -0.842332
-0.00506691 -0.0280673 -0.842326
-0.00540021 -0.0280673 -0.842329
-0.00573351 -0.0280673 -0.842332
-0.00506691 -0.027734 -0.842327
-0.00540021 -0.027734 -0.84233
-0.00573351 -0.027734 -0.842333
-0.00506691 -0.0274007 -0.842327
-0.00540021 -0.0274007 -0.84233
-0.00573351 -0.0274007 -0.842333
-0.00506691 -0.0270674 -0.842327
-0.00540021 -0.0270674 -0.842331
-0.00573351 -0.0270674 -0.842334
-0.00506691 -0.0267341 -0.842328
-0.00540021 -0.0267341 -0.842331
-0.00573351 -0.0267341 -0.842334
-0.00506691 -0.0264008 -0.842328
-0.00540021 -0.0264008 -0.842331
-0.00573351 -0.0264008 -0.842334
-0.00506691 -0.0260675 -0.842329
-0.00540021 -0.0260675 -0.842332
-0.00573351 -0.0260675 -0.842335
-0.00506691 -0.0257342 -0.842329
-0.00540021 -0.0257342 -0.842332
-0.00573351 -0.0257342 -0.842335
-0.00506691 -0.0254009 -0.842329
-0.00540021 -0.0254009 -0.842332
-0.00573351 -0.0254009 -0.842336
-0.00506691 -0.0250676 -0.84233
-0.00540021 -0.0250676 -0.842333
-0.00573351 -0.0250676 -0.842336
-0.00506691 -0.0247343 -0.84233
-0.00540021 -0.0247343 -0.842333
-0.00573351 -0.0247343 -0.842336
-0.00506691 -0.024401 -0.842331
-0.00540021 -0.024401 -0.842334
-0.00573351 -0.024401 -0.842337
-0.00506691 -0.0240677 -0.842331
-0.00540021 -0.0240677 -0.842334
-0.00573351 -0.0240677 -0.842337
-0.00506691 -0.0237344 -0.842331
-0.00540021 -0.0237344 -0.842334
-0.00573351 -0.0237344 -0.842338
-0.00506691 -0.0234011 -0.842332
-0.00540021 -0.0234011 -0.842335
-0.00573351 -0.0234011 -0.842338
-0.00506691 -0.0230678 -0.842332
-0.00540021 -0.0230678 -0.842335
-0.00573351 -0.0230678 -0.842338
-0.00506691 -0.0227345 -0.842333
-0.00540021 -0.0227345 -0.842336
-0.00573351 -0.0227345 -0.842339
-0.00506691 -0.0224012 -0.842333
-0.00540021 -0.0224012 -0.842336
-0.00573351 -0.0224012 -0.842339
-0.00506691 -0.0220679 -0.842333
-0.00540021 -0.0220679 -0.842336
-0.00573351 -0.0220679 -0.84234
-0.00506691 -0.0217346 -0.842334
-0.00540021 -0.0217346 -0.842337
-0.00573351 -0.0217346 -0.84234
-0.00506691 -0.0214013 -0.842334
-0.00540021 -0.0214013 -0.842337
-0.00573351 -0.0214013 -0.84234
-0.00506691 -0.021068 -0.842335
-0.00540021 -0.021068 -0.842338
-0.00573351 -0.021068 -0.842341
-0.00506691 -0.0207347 -0.842335
-0.00540021 -0.0207347 -0.842338
-0.00573351 -0.0207347 -0.842341
-0.00506691 -0.0204014 -0.842335
-0.00540021 -0.0204014 -0.842338
-0.00573351 -0.0204014 -0.842341
-0.00506691 -0.0200681 -0.842336
-0.00540021 -0.0200681 -0.842339
-0.00573351 -0.0200681 -0.842342
-0.00506691 -0.0197348 -0.842336
-0.00540021 -0.0197348 -0.842339
-0.00573351 -0.0197348 -0.842342
-0.00506691 -0.0194015 -0.842336
-0.00540021 -0.0194015 -0.84234
-0.00573351 -0.0194015 -0.842343
-0.00506691 -0.0190682 -0.842337
-0.00540021 -0.0190682 -0.84234
-0.00573351 -0.0190682 -0.842343
-0.00506691 -0.0187349 -0.842337
-0.00540021 -0.0187349 -0.84234
-0.00573351 -0.0187349 -0.842343
-0.00506691 -0.0184016 -0.842338
-0.00540021 -0.0184016 -0.842341
-0.00573351 -0.0184016 -0.842344
-0.00506691 -0.0180683 -0.842338
-0.00540021 -0.0180683 -0.842341
-0.00573351 -0.0180683 -0.842344
-0.00506691 -0.017735 -0.842338
-0.00540021 -0.017735 -0.842341
-0.00573351 -0.017735 -0.842345
-0.00506691 -0.0174017 -0.842339
-0.00540021 -0.0174017 -0.842342
-0.00573351 -0.0174017 -0.842345
-0.00506691 -0.0170684 -0.842339
-0.00540021 -0.0170684 -0.842342
-0.00573351 -0.0170684 -0.842345
-0.00506691 -0.0167351 -0.84234
-0.00540021 -0.0167351 -0.842343
-0.00573351 -0.0167351 -0.842346
-0.00506691 -0.0164018 -0.84234
-0.00540021 -0.0164018 -0.842343
-0.00573351 -0.0164018 -0.842346
-0.00506691 -0.0160685 -0.84234
-0.00540021 -0.0160685 -0.842343
-0.00573351 -0.0160685 -0.842346
-0.00506691 -0.0157352 -0.842341
-0.00540021 -0.0157352 -0.842344
-0.00573351 -0.0157352 -0.842347
-0.00506691 -0.0154019 -0.842341
-0.00540021 -0.0154019 -0.842344
-0.00573351 -0.0154019 -0.842347
-0.00506691 -0.0150686 -0.842342
-0.00540021 -0.0150686 -0.842345
-0.00573351 -0.0150686 -0.842348
-0.00506691 -0.0147353 -0.842342
-0.00540021 -0.0147353 -0.842345
-0.00573351 -0.0147353 -0.842348
-0.00506691 -0.014402 -0.842342
-0.00540021 -0.014402 -0.842345
-0.00573351 -0.014402 -0.842348
-0.00506691 -0.0140687 -0.842343
-0.00540021 -0.0140687 -0.842346
-0.00573351 -0.0140687 -0.842349
-0.00506691 -0.0137354 -0.842343
-0.00540021 -0.0137354 -0.842346
-0.00573351 -0.0137354 -0.842349
-0.00506691 -0.0134021 -0.842344
-0.00540021 -0.0134021 -0.842347
-0.00573351 -0.0134021 -0.84235
-0.00506691 -0.0130688 -0.842344
-0.00540021 -0.0130688 -0.842347
-0.00573351 -0.0130688 -0.84235
-0.00506691 -0.0127355 -0.842344
-0.00540021 -0.0127355 -0.842347
-0.00573351 -0.0127355 -0.84235
-0.00506691 -0.0124022 -0.842345
-0.00540021 -0.0124022 -0.842348
-0.00573351 -0.0124022 -0.842351
-0.00506691 -0.0120689 -0.842345
-0.00540021 -0.0120689 -0.842348
-0.00573351 -0.0120689 -0.842351
-0.00506691 -0.0117356 -0.842345
-0.00540021 -0.0117356 -0.842349
-0.00573351 -0.0117356 -0.842352
-0.00506691 -0.0114023 -0.842346
-0.00540021 -0.0114023 -0.842349
-0.00573351 -0.0114023 -0.842352
-0.00506691 -0.011069 -0.842346
-0.00540021 -0.011069 -0.842349
-0.00573351 -0.011069 -0.842352
-0.00506691 -0.0107357 -0.842347
-0.00540021 -0.0107357 -0.84235
-0.00573351 -0.0107357 -0.842353
-0.00506691 -0.0104024 -0.842347
-0.00540021 -0.0104024 -0.84235
-0.00573351 -0.0104024 -0.842353
-0.00506691 -0.0100691 -0.842347
-0.00540021 -0.0100691 -0.84235
-0.00573351 -0.0100691 -0.842354
-0.00506691 -0.0097358 -0.842348
-0.00540021 -0.0097358 -0.842351
-0.00573351 -0.0097358 -0.842354
-0.00506691 -0.0094025 -0.842348
-0.00540021 -0.0094025 -0.842351
-0.00573351 -0.0094025 -0.842354
-0.00506691 -0.0090692 -0.842349
-0.00540021 -0.0090692 -0.842352
-0.00573351 -0.0090692 -0.842355
-0.00506691 -0.0087359 -0.842349
-0.00540021 -0.0087359 -0.842352
-0.00573351 -0.0087359 -0.842355
-0.00506691 -0.0084026 -0.842349
-0.00540021 -0.0084026 -0.842352
-0.00573351 -0.0084026 -0.842355
-0.00506691 -0.0080693 -0.84235
-0.00540021 -0.0080693 -0.842353
-0.00573351 -0.0080693 -0.842356
-0.00506691 -0.007736 -0.84235
-0.00540021 -0.007736 -0.842353
-0.00573351 -0.007736 -0.842356
-0.00506691 -0.0074027 -0.84235
-0.00540021 -0.0074027 -0.842354
-0.00573351 -0.0074027 -0.842357
-0.00506691 -0.0070694 -0.842351
-0.00540021 -0.0070694 -0.842354
-0.00573351 -0.0070694 -0.842357
-0.00506691 -0.0067361 -0.842351
-0.00540021 -0.0067361 -0.842354
-0.00573351 -0.0067361 -0.842357
-0.00506691 -0.0064028 -0.842352
-0.00540021 -0.0064028 -0.842355
-0.00573351 -0.0064028 -0.842358
-0.00506691 -0.0060695 -0.842352
-0.00540021 -0.0060695 -0.842355
-0.00573351 -0.0060695 -0.842358
-0.00506691 -0.0057362 -0.842352
-0.00540021 -0.0057362 -0.842356
-0.00573351 -0.0057362 -0.842359
-0.00506691 -0.0054029 -0.842353
-0.00540021 -0.0054029 -0.842356
-0.00573351 -0.0054029 -0.842359
-0.00506691 -0.0050696 -0.842353
-0.00540021 -0.0050696 -0.842356
-0.00573351 -0.0050696 -0.842359
-0.00506691 -0.0047363 -0.842354
-0.00540021 -0.0047363 -0.842357
-0.00573351 -0.0047363 -0.84236
-0.00506691 -0.004403 -0.842354
-0.00540021 -0.004403 -0.842357
-0.00573351 -0.004403 -0.84236
-0.00506691 -0.0040697 -0.842354
-0.00540021 -0.0040697 -0.842358
-0.00573351 -0.0040697 -0.842361
-0.00506691 -0.0037364 -0.842355
-0.00540021 -0.0037364 -0.842358
-0.00573351 -0.0037364 -0.842361
-0.00506691 -0.0034031 -0.842355
-0.00540021 -0.0034031 -0.842358
-0.00573351 -0.0034031 -0.842361
-0.00506691 -0.0030698 -0.842356
-0.00540021 -0.0030698 -0.842359
-0.00573351 -0.0030698 -0.842362
-0.00506691 -0.0027365 -0.842356
-0.00540021 -0.0027365 -0.842359
-0.00573351 -0.0027365 -0.842362
-0.00506691 -0.0024032 -0.842356
-0.00540021 -0.0024032 -0.842359
-0.00573351 -0.0024032 -0.842363
-0.00506691 -0.0020699 -0.842357
-0.00540021 -0.0020699 -0.84236
-0.00573351 -0.0020699 -0.842363
-0.00506691 -0.00173661 -0.842357
-0.00540021 -0.00173661 -0.84236
-0.00573351 -0.00173661 -0.842363
-0.00506691 -0.00140331 -0.842358
-0.00540021 -0.00140331 -0.842361
-0.00573351 -0.00140331 -0.842364
-0.00506691 -0.00107001 -0.842358
-0.00540021 -0.00107001 -0.842361
-0.00573351 -0.00107001 -0.842364
-0.00506691 -0.000736707 -0.842358
-0.00540021 -0.000736707 -0.842361
-0.00573351 -0.000736707 -0.842364
-0.00506691 -0.000403407 -0.842359
-0.00540021 -0.000403407 -0.842362
-0.00573351 -0.000403407 -0.842365
-0.00506691 -7.01073e-05 -0.842359
-0.00540021 -7.01073e-05 -0.842362
-0.00573351 -7.01073e-05 -0.842365
-0.00506691 0.000263192 -0.842359
-0.00540021 0.000263192 -0.842363
-0.00573351 0.000263192 -0.842366
-0.00506691 0.000596492 -0.84236
-0.00540021 0.000596492 -0.842363
-0.00573351 0.000596492 -0.842366
-0.00506691 0.000929792 -0.84236
-0.00540021 0.000929792 -0.842363
-0.00573351 0.000929792 -0.842366
-0.00506691 0.00126309 -0.842361
-0.00540021 0.00126309 -0.842364
-0.00573351 0.00126309 -0.842367
-0.00506691 0.00159639 -0.842361
-0.00540021 0.00159639 -0.842364
-0.00573351 0.00159639 -0.842367
-0.00506691 0.00192969 -0.842361
-0.00540021 0.00192969 -0.842364
-0.00573351 0.00192969 -0.842368
-0.00506691 0.00226299 -0.842362
-0.00540021 0.00226299 -0.842365
-0.00573351 0.00226299 -0.842368
-0.00506691 0.00259629 -0.842362
-0.00540021 0.00259629 -0.842365
-0.00573351 0.00259629 -0.842368
-0.00506691 0.00292959 -0.842363
-0.00540021 0.00292959 -0.842366
-0.00573351 0.00292959 -0.842369
-0.00506691 0.00326289 -0.842363
-0.00540021 0.00326289 -0.842366
-0.00573351 0.00326289 -0.842369
-0.00506691 0.00359619 -0.842363
-0.00540021 0.00359619 -0.842366
-0.00573351 0.00359619 -0.84237
-0.00506691 0.00392949 -0.842364
-0.00540021 0.00392949 -0.842367
-0.00573351 0.00392949 -0.84237
-0.00506691 0.00426279 -0.842364
-0.00540021 0.00426279 -0.842367
-0.00573351 0.00426279 -0.84237
-0.00506691 0.00459609 -0.842365
-0.00540021 0.00459609 -0.842368
-0.00573351 0.00459609 -0.842371
-0.00506691 0.00492939 -0.842365
-0.00540021 0.00492939 -0.842368
-0.00573351 0.00492939 -0.842371
-0.00506691 0.00526269 -0.842365
-0.00540021 0.00526269 -0.842368
-0.00573351 0.00526269 -0.842371
-0.00506691 0.00559599 -0.842366
-0.00540021 0.00559599 -0.842369
-0.00573351 0.00559599 -0.842372
-0.00506691 0.00592929 -0.842366
-0.00540021 0.00592929 -0.842369
-0.00573351 0.00592929 -0.842372
-0.00506691 0.00626259 -0.842367
-0.00540021 0.00626259 -0.84237
-0.00573351 0.00626259 -0.842373
