-0.0135929 0.014187 -0.679792
-0.0133123 0.014187 -0.679794
-0.0130317 0.014187 -0.679795
-0.0135929 0.0139064 -0.679792
-0.0133123 0.0139064 -0.679794
-0.0130317 0.0139064 -0.679796
-0.0135929 0.0136258 -0.679793
-0.0133123 0.0136258 -0.679794
-0.0130317 0.0136258 -0.679796
-0.0135929 0.0133452 -0.679793
-0.0133123 0.0133452 -0.679794
-0.0130317 0.0133452 -0.679796
-0.0135929 0.0130646 -0.679793
-0.0133123 0.0130646 -0.679795
-0.0130317 0.0130646 -0.679796
-0.0135929 0.012784 -0.679793
-0.0133123 0.012784 -0.679795
-0.0130317 0.012784 -0.679797
-0.0135929 0.0125034 -0.679794
-0.0133123 0.0125034 -0.679795
-0.0130317 0.0125034 -0.679797
-0.0135929 0.0122229 -0.679794
-0.0133123 0.0122229 -0.679795
-0.0130317 0.0122229 -0.679797
-0.0135929 0.0119423 -0.679794
-0.0133123 0.0119423 -0.679796
-0.0130317 0.0119423 -0.679797
-0.0135929 0.0116617 -0.679794
-0.0133123 0.0116617 -0.679796
-0.0130317 0.0116617 -0.679797
-0.0135929 0.0113811 -0.679795
-0.0133123 0.0113811 -0.679796
-0.0130317 0.0113811 -0.679798
-0.0135929 0.0111005 -0.679795
-0.0133123 0.0111005 -0.679796
-0.0130317 0.0111005 -0.679798
-0.0135929 0.0108199 -0.679795
-0.0133123 0.0108199 -0.679797
-0.0130317 0.0108199 -0.679798
-0.0135929 0.0105393 -0.679795
-0.0133123 0.0105393 -0.679797
-0.0130317 0.0105393 -0.679798
-0.0135929 0.0102587 -0.679795
-0.0133123 0.0102587 -0.679797
-0.0130317 0.0102587 -0.679799
-0.0135929 0.00997812 -0.679796
-0.0133123 0.00997812 -0.679797
-0.0130317 0.00997812 -0.679799
-0.0135929 0.00969753 -0.679796
-0.0133123 0.00969753 -0.679797
-0.0130317 0.00969753 -0.679799
-0.0135929 0.00941693 -0.679796
-0.0133123 0.00941693 -0.679798
-0.0130317 0.00941693 -0.679799
-0.0135929 0.00913634 -0.679796
-0.0133123 0.00913634 -0.679798
-0.0130317 0.00913634 -0.679799
-0.0135929 0.00885575 -0.679797
-0.0133123 0.00885575 -0.679798
-0.0130317 0.00885575 -0.6798
-0.0135929 0.00857516 -0.679797
-0.0133123 0.00857516 -0.679798
-0.0130317 0.00857516 -0.6798
-0.0135929 0.00829456 -0.679797
-0.0133123 0.00829456 -0.679799
-0.0130317 0.00829456 -0.6798
-0.0135929 0.00801397 -0.679797
-0.0133123 0.00801397 -0.679799
-0.0130317 0.00801397 -0.6798
-0.0135929 0.00773338 -0.679798
-0.0133123 0.00773338 -0.679799
-0.0130317 0.00773338 -0.679801
-0.0135929 0.00745279 -0.679798
-0.0133123 0.00745279 -0.679799
-0.0130317 0.00745279 -0.679801
-0.0135929 0.0071722 -0.679798
-0.0133123 0.0071722 -0.6798
-0.0130317 0.0071722 -0.679801
-0.0135929 0.0068916 -0.679798
-0.0133123 0.0068916 -0.6798
-0.0130317 0.0068916 -0.679801
-0.0135929 0.00661101 -0.679798
-0.0133123 0.00661101 -0.6798
-0.0130317 0.00661101 -0.679802
-0.0135929 0.00633042 -0.679799
-0.0133123 0.00633042 -0.6798
-0.0130317 0.00633042 -0.679802
-0.0135929 0.00604983 -0.679799
-0.0133123 0.00604983 -0.679801
-0.0130317 0.00604983 -0.679802
-0.0135929 0.00576924 -0.679799
-0.0133123 0.00576924 -0.679801
-0.0130317 0.00576924 -0.679802
-0.0135929 0.00548864 -0.679799
-0.0133123 0.00548864 -0.679801
-0.0130317 0.00548864 -0.679803
-0.0135929 0.00520805 -0.6798
-0.0133123 0.00520805 -0.679801
-0.0130317 0.00520805 -0.679803
-0.0135929 0.00492746 -0.6798
-0.0133123 0.00492746 -0.679801
-0.0130317 0.00492746 -0.679803
-0.0135929 0.00464687 -0.6798
-0.0133123 0.00464687 -0.679802
-0.0130317 0.00464687 -0.679803
-0.0135929 0.00436628 -0.6798
-0.0133123 0.00436628 -0.679802
-0.0130317 0.00436628 -0.679803
-0.0135929 0.00408568 -0.679801
-0.0133123 0.00408568 -0.679802
-0.0130317 0.00408568 -0.679804
-0.0135929 0.00380509 -0.679801
-0.0133123 0.00380509 -0.679802
-0.0130317 0.00380509 -0.679804
-0.0135929 0.0035245 -0.679801
-0.0133123 0.0035245 -0.679803
-0.0130317 0.0035245 -0.679804
-0.0135929 0.00324391 -0.679801
-0.0133123 0.00324391 -0.679803
-0.0130317 0.00324391 -0.679804
-0.0135929 0.00296332 -0.679801
-0.0133123 0.00296332 -0.679803
-0.0130317 0.00296332 -0.679805
-0.0135929 0.00268272 -0.679802
-0.0133123 0.00268272 -0.679803
-0.0130317 0.00268272 -0.679805
-0.0135929 0.00240213 -0.679802
-0.0133123 0.00240213 -0.679803
-0.0130317 0.00240213 -0.679805
-0.0135929 0.00212154 -0.679802
-0.0133123 0.00212154 -0.679804
-0.0130317 0.00212154 -0.679805
-0.0135929 0.00184095 -0.679802
-0.0133123 0.00184095 -0.679804
-0.0130317 0.00184095 -0.679806
-0.0135929 0.00156035 -0.679803
-0.0133123 0.00156035 -0.679804
-0.0130317 0.00156035 -0.679806
-0.0135929 0.00127976 -0.679803
-0.0133123 0.00127976 -0.679804
-0.0130317 0.00127976 -0.679806
-0.0135929 0.00099917 -0.679803
-0.0133123 0.00099917 -0.679805
-0.0130317 0.00099917 -0.679806
-0.0135929 0.000718578 -0.679803
-0.0133123 0.000718578 -0.679805
-0.0130317 0.000718578 -0.679806
-0.0135929 0.000437986 -0.679804
-0.0133123 0.000437986 -0.679805
-0.0130317 0.000437986 -0.679807
-0.0135929 0.000157394 -0.679804
-0.0133123 0.000157394 -0.679805
-0.0130317 0.000157394 -0.679807
-0.0135929 -0.000123198 -0.679804
-0.0133123 -0.000123198 -0.679806
-0.0130317 -0.000123198 -0.679807
-0.0135929 -0.00040379 -0.679804
-0.0133123 -0.00040379 -0.679806
-0.0130317 -0.00040379 -0.679807
-0.0135929 -0.000684382 -0.679805
-0.0133123 -0.000684382 -0.679806
-0.0130317 -0.000684382 -0.679808
-0.0135929 -0.000964974 -0.679805
-0.0133123 -0.000964974 -0.679806
-0.0130317 -0.000964974 -0.679808
-0.0135929 -0.00124557 -0.679805
-0.0133123 -0.00124557 -0.679807
-0.0130317 -0.00124557 -0.679808
-0.0135929 -0.00152616 -0.679805
-0.0133123 -0.00152616 -0.679807
-0.0130317 -0.00152616 -0.679808
-0.0135929 -0.00180675 -0.679805
-0.0133123 -0.00180675 -0.679807
-0.0130317 -0.00180675 -0.679809
-0.0135929 -0.00208734 -0.679806
-0.0133123 -0.00208734 -0.679807
-0.0130317 -0.00208734 -0.679809
-0.0135929 -0.00236793 -0.679806
-0.0133123 -0.00236793 -0.679807
-0.0130317 -0.00236793 -0.679809
-0.0135929 -0.00264853 -0.679806
-0.0133123 -0.00264853 -0.679808
-0.0130317 -0.00264853 -0.679809
-0.0135929 -0.00292912 -0.679806
-0.0133123 -0.00292912 -0.679808
-0.0130317 -0.00292912 -0.679809
-0.0135929 -0.00320971 -0.679807
-0.0133123 -0.00320971 -0.679808
-0.0130317 -0.00320971 -0.67981
-0.0135929 -0.0034903 -0.679807
-0.0133123 -0.0034903 -0.679808
-0.0130317 -0.0034903 -0.67981
-0.0135929 -0.0037709 -0.679807
-0.0133123 -0.0037709 -0.679809
-0.0130317 -0.0037709 -0.67981
-0.0135929 -0.00405149 -0.679807
-0.0133123 -0.00405149 -0.679809
-0.0130317 -0.00405149 -0.67981
-0.0135929 -0.00433208 -0.679807
-0.0133123 -0.00433208 -0.679809
-0.0130317 -0.00433208 -0.679811
-0.0135929 -0.00461267 -0.679808
-0.0133123 -0.00461267 -0.679809
-0.0130317 -0.00461267 -0.679811
-0.0135929 -0.00489326 -0.679808
-0.0133123 -0.00489326 -0.67981
-0.0130317 -0.00489326 -0.679811
-0.0135929 -0.00517386 -0.679808
-0.0133123 -0.00517386 -0.67981
-0.0130317 -0.00517386 -0.679811
-0.0135929 -0.00545445 -0.679808
-0.0133123 -0.00545445 -0.67981
-0.0130317 -0.00545445 -0.679812
-0.0135929 -0.00573504 -0.679809
-0.0133123 -0.00573504 -0.67981
-0.0130317 -0.00573504 -0.679812
-0.0135929 -0.00601563 -0.679809
-0.0133123 -0.00601563 -0.67981
-0.0130317 -0.00601563 -0.679812
-0.0135929 -0.00629622 -0.679809
-0.0133123 -0.00629622 -0.679811
-0.0130317 -0.00629622 -0.679812
-0.0135929 -0.00657682 -0.679809
-0.0133123 -0.00657682 -0.679811
-0.0130317 -0.00657682 -0.679812
-0.0135929 -0.00685741 -0.67981
-0.0133123 -0.00685741 -0.679811
-0.0130317 -0.00685741 -0.679813
-0.0135929 -0.007138 -0.67981
-0.0133123 -0.007138 -0.679811
-0.0130317 -0.007138 -0.679813
-0.0135929 -0.00741859 -0.67981
-0.0133123 -0.00741859 -0.679812
-0.0130317 -0.00741859 -0.679813
-0.0135929 -0.00769918 -0.67981
-0.0133123 -0.00769918 -0.679812
-0.0130317 -0.00769918 -0.679813
-0.0135929 -0.00797978 -0.679811
-0.0133123 -0.00797978 -0.679812
-0.0130317 -0.00797978 -0.679814
-0.0135929 -0.00826037 -0.679811
-0.0133123 -0.00826037 -0.679812
-0.0130317 -0.00826037 -0.679814
-0.0135929 -0.00854096 -0.679811
-0.0133123 -0.00854096 -0.679813
-0.0130317 -0.00854096 -0.679814
-0.0135929 -0.00882155 -0.679811
-0.0133123 -0.00882155 -0.679813
-0.0130317 -0.00882155 -0.679814
-0.0135929 -0.00910215 -0.679811
-0.0133123 -0.00910215 -0.679813
-0.0130317 -0.00910215 -0.679815
-0.0135929 -0.00938274 -0.679812
-0.0133123 -0.00938274 -0.679813
-0.0130317 -0.00938274 -0.679815
-0.0135929 -0.00966333 -0.679812
-0.0133123 -0.00966333 -0.679813
-0.0130317 -0.00966333 -0.679815
-0.0135929 -0.00994392 -0.679812
-0.0133123 -0.00994392 -0.679814
-0.0130317 -0.00994392 -0.679815
-0.0135929 -0.0102245 -0.679812
-0.0133123 -0.0102245 -0.679814
-0.0130317 -0.0102245 -0.679815
-0.0135929 -0.0105051 -0.679813
-0.0133123 -0.0105051 -0.679814
-0.0130317 -0.0105051 -0.679816
-0.0135929 -0.0107857 -0.679813
-0.0133123 -0.0107857 -0.679814
-0.0130317 -0.0107857 -0.679816
-0.0135929 -0.0110663 -0.679813
-0.0133123 -0.0110663 -0.679815
-0.0130317 -0.0110663 -0.679816
-0.0135929 -0.0113469 -0.679813
-0.0133123 -0.0113469 -0.679815
-0.0130317 -0.0113469 -0.679816
-0.0135929 -0.0116275 -0.679814
-0.0133123 -0.0116275 -0.679815
-0.0130317 -0.0116275 -0.679817
-0.0135929 -0.0119081 -0.679814
-0.0133123 -0.0119081 -0.679815
-0.0130317 -0.0119081 -0.679817
-0.0135929 -0.0121887 -0.679814
-0.0133123 -0.0121887 -0.679816
-0.0130317 -0.0121887 -0.679817
-0.0135929 -0.0124692 -0.679814
-0.0133123 -0.0124692 -0.679816
-0.0130317 -0.0124692 -0.679817
-0.0135929 -0.0127498 -0.679814
-0.0133123 -0.0127498 -0.679816
-0.0130317 -0.0127498 -0.679818
-0.0135929 -0.0130304 -0.679815
-0.0133123 -0.0130304 -0.679816
-0.0130317 -0.0130304 -0.679818
-0.0135929 -0.013311 -0.679815
-0.0133123 -0.013311 -0.679816
-0.0130317 -0.013311 -0.679818
-0.0135929 -0.0135916 -0.679815
-0.0133123 -0.0135916 -0.679817
-0.0130317 -0.0135916 -0.679818
-0.0135929 -0.0138722 -0.679815
-0.0133123 -0.0138722 -0.679817
-0.0130317 -0.0138722 -0.679819
-0.0135929 -0.0141528 -0.679816
-0.0133123 -0.0141528 -0.679817
-0.0130317 -0.0141528 -0.679819
-0.0135929 -0.0144334 -0.679816
-0.0133123 -0.0144334 -0.679817
-0.0130317 -0.0144334 -0.679819
-0.0135929 -0.014714 -0.679816
-0.0133123 -0.014714 -0.679818
-0.0130317 -0.014714 -0.679819
-0.0135929 -0.0149946 -0.679816
-0.0133123 -0.0149946 -0.679818
-0.0130317 -0.0149946 -0.679819
-0.0135929 -0.0152752 -0.679817
-0.0133123 -0.0152752 -0.679818
-0.0130317 -0.0152752 -0.67982
-0.0135929 -0.0155558 -0.679817
-0.0133123 -0.0155558 -0.679818
-0.0130317 -0.0155558 -0.67982
-0.0135929 -0.0158364 -0.679817
-0.0133123 -0.0158364 -0.679819
-0.0130317 -0.0158364 -0.67982
-0.0135929 -0.0161169 -0.679817
-0.0133123 -0.0161169 -0.679819
-0.0130317 -0.0161169 -0.67982
-0.0135929 -0.0163975 -0.679817
-0.0133123 -0.0163975 -0.679819
-0.0130317 -0.0163975 -0.679821
-0.0135929 -0.0166781 -0.679818
-0.0133123 -0.0166781 -0.679819
-0.0130317 -0.0166781 -0.679821
