-0.016701 0.0176195 -1.09665
-0.0165617 0.0176195 -1.09666
-0.0164225 0.0176195 -1.09666
-0.016701 0.0174803 -1.09665
-0.0165617 0.0174803 -1.09666
-0.0164225 0.0174803 -1.09666
-0.016701 0.017341 -1.09665
-0.0165617 0.017341 -1.09666
-0.0164225 0.017341 -1.09666
-0.016701 0.0172017 -1.09665
-0.0165617 0.0172017 -1.09666
-0.0164225 0.0172017 -1.09666
-0.016701 0.0170625 -1.09666
-0.0165617 0.0170625 -1.09666
-0.0164225 0.0170625 -1.09667
-0.016701 0.0169232 -1.09666
-0.0165617 0.0169232 -1.09666
-0.0164225 0.0169232 -1.09667
-0.016701 0.0167839 -1.09666
-0.0165617 0.0167839 -1.09666
-0.0164225 0.0167839 -1.09667
-0.016701 0.0166447 -1.09666
-0.0165617 0.0166447 -1.09666
-0.0164225 0.0166447 -1.09667
-0.016701 0.0165054 -1.09666
-0.0165617 0.0165054 -1.09667
-0.0164225 0.0165054 -1.09667
-0.016701 0.0163662 -1.09666
-0.0165617 0.0163662 -1.09667
-0.0164225 0.0163662 -1.09667
-0.016701 0.0162269 -1.09666
-0.0165617 0.0162269 -1.09667
-0.0164225 0.0162269 -1.09667
-0.016701 0.0160876 -1.09666
-0.0165617 0.0160876 -1.09667
-0.0164225 0.0160876 -1.09667
-0.016701 0.0159484 -1.09666
-0.0165617 0.0159484 -1.09667
-0.0164225 0.0159484 -1.09668
-0.016701 0.0158091 -1.09667
-0.0165617 0.0158091 -1.09667
-0.0164225 0.0158091 -1.09668
-0.016701 0.0156698 -1.09667
-0.0165617 0.0156698 -1.09667
-0.0164225 0.0156698 -1.09668
-0.016701 0.0155306 -1.09667
-0.0165617 0.0155306 -1.09667
-0.0164225 0.0155306 -1.09668
-0.016701 0.0153913 -1.09667
-0.0165617 0.0153913 -1.09667
-0.0164225 0.0153913 -1.09668
-0.016701 0.015252 -1.09667
-0.0165617 0.015252 -1.09668
-0.0164225 0.015252 -1.09668
-0.016701 0.0151128 -1.09667
-0.0165617 0.0151128 -1.09668
-0.0164225 0.0151128 -1.09668
-0.016701 0.0149735 -1.09667
-0.0165617 0.0149735 -1.09668
-0.0164225 0.0149735 -1.09668
-0.016701 0.0148342 -1.09667
-0.0165617 0.0148342 -1.09668
-0.0164225 0.0148342 -1.09668
-0.016701 0.014695 -1.09668
-0.0165617 0.014695 -1.09668
-0.0164225 0.014695 -1.09669
-0.016701 0.0145557 -1.09668
-0.0165617 0.0145557 -1.09668
-0.0164225 0.0145557 -1.09669
-0.016701 0.0144164 -1.09668
-0.0165617 0.0144164 -1.09668
-0.0164225 0.0144164 -1.09669
-0.016701 0.0142772 -1.09668
-0.0165617 0.0142772 -1.09668
-0.0164225 0.0142772 -1.09669
-0.016701 0.0141379 -1.09668
-0.0165617 0.0141379 -1.09668
-0.0164225 0.0141379 -1.09669
-0.016701 0.0139986 -1.09668
-0.0165617 0.0139986 -1.09669
-0.0164225 0.0139986 -1.09669
-0.016701 0.0138594 -1.09668
-0.0165617 0.0138594 -1.09669
-0.0164225 0.0138594 -1.09669
-0.016701 0.0137201 -1.09668
-0.0165617 0.0137201 -1.09669
-0.0164225 0.0137201 -1.09669
-0.016701 0.0135808 -1.09668
-0.0165617 0.0135808 -1.09669
-0.0164225 0.0135808 -1.09669
-0.016701 0.0134416 -1.09669
-0.0165617 0.0134416 -1.09669
-0.0164225 0.0134416 -1.0967
-0.016701 0.0133023 -1.09669
-0.0165617 0.0133023 -1.09669
-0.0164225 0.0133023 -1.0967
-0.016701 0.013163 -1.09669
-0.0165617 0.013163 -1.09669
-0.0164225 0.013163 -1.0967
-0.016701 0.0130238 -1.09669
-0.0165617 0.0130238 -1.09669
-0.0164225 0.0130238 -1.0967
-0.016701 0.0128845 -1.09669
-0.0165617 0.0128845 -1.0967
-0.0164225 0.0128845 -1.0967
-0.016701 0.0127452 -1.09669
-0.0165617 0.0127452 -1.0967
-0.0164225 0.0127452 -1.0967
-0.016701 0.012606 -1.09669
-0.0165617 0.012606 -1.0967
-0.0164225 0.012606 -1.0967
-0.016701 0.0124667 -1.09669
-0.0165617 0.0124667 -1.0967
-0.0164225 0.0124667 -1.0967
-0.016701 0.0123274 -1.09669
-0.0165617 0.0123274 -1.0967
-0.0164225 0.0123274 -1.09671
-0.016701 0.0121882 -1.0967
-0.0165617 0.0121882 -1.0967
-0.0164225 0.0121882 -1.09671
-0.016701 0.0120489 -1.0967
-0.0165617 0.0120489 -1.0967
-0.0164225 0.0120489 -1.09671
-0.016701 0.0119096 -1.0967
-0.0165617 0.0119096 -1.0967
-0.0164225 0.0119096 -1.09671
-0.016701 0.0117704 -1.0967
-0.0165617 0.0117704 -1.0967
-0.0164225 0.0117704 -1.09671
-0.016701 0.0116311 -1.0967
-0.0165617 0.0116311 -1.09671
-0.0164225 0.0116311 -1.09671
-0.016701 0.0114918 -1.0967
-0.0165617 0.0114918 -1.09671
-0.0164225 0.0114918 -1.09671
-0.016701 0.0113526 -1.0967
-0.0165617 0.0113526 -1.09671
-0.0164225 0.0113526 -1.09671
-0.016701 0.0112133 -1.0967
-0.0165617 0.0112133 -1.09671
-0.0164225 0.0112133 -1.09671
-0.016701 0.011074 -1.09671
-0.0165617 0.011074 -1.09671
-0.0164225 0.011074 -1.09672
-0.016701 0.0109348 -1.09671
-0.0165617 0.0109348 -1.09671
-0.0164225 0.0109348 -1.09672
-0.016701 0.0107955 -1.09671
-0.0165617 0.0107955 -1.09671
-0.0164225 0.0107955 -1.09672
-0.016701 0.0106562 -1.09671
-0.0165617 0.0106562 -1.09671
-0.0164225 0.0106562 -1.09672
-0.016701 0.010517 -1.09671
-0.0165617 0.010517 -1.09672
-0.0164225 0.010517 -1.09672
-0.016701 0.0103777 -1.09671
-0.0165617 0.0103777 -1.09672
-0.0164225 0.0103777 -1.09672
-0.016701 0.0102385 -1.09671
-0.0165617 0.0102385 -1.09672
-0.0164225 0.0102385 -1.09672
-0.016701 0.0100992 -1.09671
-0.0165617 0.0100992 -1.09672
-0.0164225 0.0100992 -1.09672
-0.016701 0.00995992 -1.09671
-0.0165617 0.00995992 -1.09672
-0.0164225 0.00995992 -1.09673
-0.016701 0.00982065 -1.09672
-0.0165617 0.00982065 -1.09672
-0.0164225 0.00982065 -1.09673
-0.016701 0.00968139 -1.09672
-0.0165617 0.00968139 -1.09672
-0.0164225 0.00968139 -1.09673
-0.016701 0.00954212 -1.09672
-0.0165617 0.00954212 -1.09672
-0.0164225 0.00954212 -1.09673
-0.016701 0.00940286 -1.09672
-0.0165617 0.00940286 -1.09672
-0.0164225 0.00940286 -1.09673
-0.016701 0.00926359 -1.09672
-0.0165617 0.00926359 -1.09673
-0.0164225 0.00926359 -1.09673
-0.016701 0.00912432 -1.09672
-0.0165617 0.00912432 -1.09673
-0.0164225 0.00912432 -1.09673
-0.016701 0.00898506 -1.09672
-0.0165617 0.00898506 -1.09673
-0.0164225 0.00898506 -1.09673
-0.016701 0.00884579 -1.09672
-0.0165617 0.00884579 -1.09673
-0.0164225 0.00884579 -1.09673
-0.016701 0.00870653 -1.09673
-0.0165617 0.00870653 -1.09673
-0.0164225 0.00870653 -1.09674
-0.016701 0.00856726 -1.09673
-0.0165617 0.00856726 -1.09673
-0.0164225 0.00856726 -1.09674
-0.016701 0.00842799 -1.09673
-0.0165617 0.00842799 -1.09673
-0.0164225 0.00842799 -1.09674
-0.016701 0.00828873 -1.09673
-0.0165617 0.00828873 -1.09673
-0.0164225 0.00828873 -1.09674
-0.016701 0.00814946 -1.09673
-0.0165617 0.00814946 -1.09674
-0.0164225 0.00814946 -1.09674
-0.016701 0.0080102 -1.09673
-0.0165617 0.0080102 -1.09674
-0.0164225 0.0080102 -1.09674
-0.016701 0.00787093 -1.09673
-0.0165617 0.00787093 -1.09674
-0.0164225 0.00787093 -1.09674
-0.016701 0.00773166 -1.09673
-0.0165617 0.00773166 -1.09674
-0.0164225 0.00773166 -1.09674
-0.016701 0.0075924 -1.09673
-0.0165617 0.0075924 -1.09674
-0.0164225 0.0075924 -1.09674
-0.016701 0.00745313 -1.09674
-0.0165617 0.00745313 -1.09674
-0.0164225 0.00745313 -1.09675
-0.016701 0.00731387 -1.09674
-0.0165617 0.00731387 -1.09674
-0.0164225 0.00731387 -1.09675
-0.016701 0.0071746 -1.09674
-0.0165617 0.0071746 -1.09674
-0.0164225 0.0071746 -1.09675
-0.016701 0.00703534 -1.09674
-0.0165617 0.00703534 -1.09674
-0.0164225 0.00703534 -1.09675
-0.016701 0.00689607 -1.09674
-0.0165617 0.00689607 -1.09675
-0.0164225 0.00689607 -1.09675
-0.016701 0.0067568 -1.09674
-0.0165617 0.0067568 -1.09675
-0.0164225 0.0067568 -1.09675
-0.016701 0.00661754 -1.09674
-0.0165617 0.00661754 -1.09675
-0.0164225 0.00661754 -1.09675
-0.016701 0.00647827 -1.09674
-0.0165617 0.00647827 -1.09675
-0.0164225 0.00647827 -1.09675
-0.016701 0.00633901 -1.09674
-0.0165617 0.00633901 -1.09675
-0.0164225 0.00633901 -1.09676
-0.016701 0.00619974 -1.09675
-0.0165617 0.00619974 -1.09675
-0.0164225 0.00619974 -1.09676
-0.016701 0.00606047 -1.09675
-0.0165617 0.00606047 -1.09675
-0.0164225 0.00606047 -1.09676
-0.016701 0.00592121 -1.09675
-0.0165617 0.00592121 -1.09675
-0.0164225 0.00592121 -1.09676
-0.016701 0.00578194 -1.09675
-0.0165617 0.00578194 -1.09675
-0.0164225 0.00578194 -1.09676
-0.016701 0.00564268 -1.09675
-0.0165617 0.00564268 -1.09676
-0.0164225 0.00564268 -1.09676
-0.016701 0.00550341 -1.09675
-0.0165617 0.00550341 -1.09676
-0.0164225 0.00550341 -1.09676
-0.016701 0.00536414 -1.09675
-0.0165617 0.00536414 -1.09676
-0.0164225 0.00536414 -1.09676
-0.016701 0.00522488 -1.09675
-0.0165617 0.00522488 -1.09676
-0.0164225 0.00522488 -1.09676
-0.016701 0.00508561 -1.09676
-0.0165617 0.00508561 -1.09676
-0.0164225 0.00508561 -1.09677
-0.016701 0.00494635 -1.09676
-0.0165617 0.00494635 -1.09676
-0.0164225 0.00494635 -1.09677
-0.016701 0.00480708 -1.09676
-0.0165617 0.00480708 -1.09676
-0.0164225 0.00480708 -1.09677
-0.016701 0.00466782 -1.09676
-0.0165617 0.00466782 -1.09676
-0.0164225 0.00466782 -1.09677
-0.016701 0.00452855 -1.09676
-0.0165617 0.00452855 -1.09677
-0.0164225 0.00452855 -1.09677
-0.016701 0.00438928 -1.09676
-0.0165617 0.00438928 -1.09677
-0.0164225 0.00438928 -1.09677
-0.016701 0.00425002 -1.09676
-0.0165617 0.00425002 -1.09677
-0.0164225 0.00425002 -1.09677
-0.016701 0.00411075 -1.09676
-0.0165617 0.00411075 -1.09677
-0.0164225 0.00411075 -1.09677
-0.016701 0.00397149 -1.09676
-0.0165617 0.00397149 -1.09677
-0.0164225 0.00397149 -1.09678
-0.016701 0.00383222 -1.09677
-0.0165617 0.00383222 -1.09677
-0.0164225 0.00383222 -1.09678
-0.016701 0.00369295 -1.09677
-0.0165617 0.00369295 -1.09677
-0.0164225 0.00369295 -1.09678
-0.016701 0.00355369 -1.09677
-0.0165617 0.00355369 -1.09677
-0.0164225 0.00355369 -1.09678
-0.016701 0.00341442 -1.09677
-0.0165617 0.00341442 -1.09677
-0.0164225 0.00341442 -1.09678
-0.016701 0.00327516 -1.09677
-0.0165617 0.00327516 -1.09678
-0.0164225 0.00327516 -1.09678
-0.016701 0.00313589 -1.09677
-0.0165617 0.00313589 -1.09678
-0.0164225 0.00313589 -1.09678
-0.016701 0.00299662 -1.09677
-0.0165617 0.00299662 -1.09678
-0.0164225 0.00299662 -1.09678
-0.016701 0.00285736 -1.09677
-0.0165617 0.00285736 -1.09678
-0.0164225 0.00285736 -1.09678
-0.016701 0.00271809 -1.09678
-0.0165617 0.00271809 -1.09678
-0.0164225 0.00271809 -1.09679
-0.016701 0.00257883 -1.09678
-0.0165617 0.00257883 -1.09678
-0.0164225 0.00257883 -1.09679
-0.016701 0.00243956 -1.09678
-0.0165617 0.00243956 -1.09678
-0.0164225 0.00243956 -1.09679
-0.016701 0.0023003 -1.09678
-0.0165617 0.0023003 -1.09678
-0.0164225 0.0023003 -1.09679
