-0.01266 -0.0762247 -1.41592
-0.0130758 -0.0762247 -1.41591
-0.0134916 -0.0762247 -1.41591
-0.01266 -0.0758089 -1.41592
-0.0130758 -0.0758089 -1.41591
-0.0134916 -0.0758089 -1.41591
-0.01266 -0.0753931 -1.41592
-0.0130758 -0.0753931 -1.41591
-0.0134916 -0.0753931 -1.41591
-0.01266 -0.0749772 -1.41592
-0.0130758 -0.0749772 -1.41591
-0.0134916 -0.0749772 -1.41591
-0.01266 -0.0745614 -1.41592
-0.0130758 -0.0745614 -1.41591
-0.0134916 -0.0745614 -1.41591
-0.01266 -0.0741456 -1.41592
-0.0130758 -0.0741456 -1.41591
-0.0134916 -0.0741456 -1.41591
-0.01266 -0.0737298 -1.41592
-0.0130758 -0.0737298 -1.41591
-0.0134916 -0.0737298 -1.41591
-0.01266 -0.073314 -1.41592
-0.0130758 -0.073314 -1.41591
-0.0134916 -0.073314 -1.4159
-0.01266 -0.0728982 -1.41592
-0.0130758 -0.0728982 -1.41591
-0.0134916 -0.0728982 -1.4159
-0.01266 -0.0724824 -1.41592
-0.0130758 -0.0724824 -1.41591
-0.0134916 -0.0724824 -1.4159
-0.01266 -0.0720666 -1.41592
-0.0130758 -0.0720666 -1.41591
-0.0134916 -0.0720666 -1.4159
-0.01266 -0.0716508 -1.41592
-0.0130758 -0.0716508 -1.41591
-0.0134916 -0.0716508 -1.4159
-0.01266 -0.071235 -1.41592
-0.0130758 -0.071235 -1.41591
-0.0134916 -0.071235 -1.4159
-0.01266 -0.0708192 -1.41591
-0.0130758 -0.0708192 -1.41591
-0.0134916 -0.0708192 -1.4159
-0.01266 -0.0704033 -1.41591
-0.0130758 -0.0704033 -1.41591
-0.0134916 -0.0704033 -1.4159
-0.01266 -0.0699875 -1.41591
-0.0130758 -0.0699875 -1.41591
-0.0134916 -0.0699875 -1.4159
-0.01266 -0.0695717 -1.41591
-0.0130758 -0.0695717 -1.41591
-0.0134916 -0.0695717 -1.4159
-0.01266 -0.0691559 -1.41591
-0.0130758 -0.0691559 -1.41591
-0.0134916 -0.0691559 -1.4159
-0.01266 -0.0687401 -1.41591
-0.0130758 -0.0687401 -1.41591
-0.0134916 -0.0687401 -1.4159
-0.01266 -0.0683243 -1.41591
-0.0130758 -0.0683243 -1.41591
-0.0134916 -0.0683243 -1.4159
-0.01266 -0.0679085 -1.41591
-0.0130758 -0.0679085 -1.4159
-0.0134916 -0.0679085 -1.4159
-0.01266 -0.0674927 -1.41591
-0.0130758 -0.0674927 -1.4159
-0.0134916 -0.0674927 -1.4159
-0.01266 -0.0670769 -1.41591
-0.0130758 -0.0670769 -1.4159
-0.0134916 -0.0670769 -1.4159
-0.01266 -0.0666611 -1.41591
-0.0130758 -0.0666611 -1.4159
-0.0134916 -0.0666611 -1.4159
-0.01266 -0.0662453 -1.41591
-0.0130758 -0.0662453 -1.4159
-0.0134916 -0.0662453 -1.4159
-0.01266 -0.0658294 -1.41591
-0.0130758 -0.0658294 -1.4159
-0.0134916 -0.0658294 -1.4159
-0.01266 -0.0654136 -1.41591
-0.0130758 -0.0654136 -1.4159
-0.0134916 -0.0654136 -1.4159
-0.01266 -0.0649978 -1.41591
-0.0130758 -0.0649978 -1.4159
-0.0134916 -0.0649978 -1.4159
-0.01266 -0.064582 -1.41591
-0.0130758 -0.064582 -1.4159
-0.0134916 -0.064582 -1.41589
-0.01266 -0.0641662 -1.41591
-0.0130758 -0.0641662 -1.4159
-0.0134916 -0.0641662 -1.41589
-0.01266 -0.0637504 -1.41591
-0.0130758 -0.0637504 -1.4159
-0.0134916 -0.0637504 -1.41589
-0.01266 -0.0633346 -1.41591
-0.0130758 -0.0633346 -1.4159
-0.0134916 -0.0633346 -1.41589
-0.01266 -0.0629188 -1.41591
-0.0130758 -0.0629188 -1.4159
-0.0134916 -0.0629188 -1.41589
-0.01266 -0.062503 -1.41591
-0.0130758 -0.062503 -1.4159
-0.0134916 -0.062503 -1.41589
-0.01266 -0.0620872 -1.4159
-0.0130758 -0.0620872 -1.4159
-0.0134916 -0.0620872 -1.41589
-0.01266 -0.0616714 -1.4159
-0.0130758 -0.0616714 -1.4159
-0.0134916 -0.0616714 -1.41589
-0.01266 -0.0612555 -1.4159
-0.0130758 -0.0612555 -1.4159
-0.0134916 -0.0612555 -1.41589
-0.01266 -0.0608397 -1.4159
-0.0130758 -0.0608397 -1.4159
-0.0134916 -0.0608397 -1.41589
-0.01266 -0.0604239 -1.4159
-0.0130758 -0.0604239 -1.4159
-0.0134916 -0.0604239 -1.41589
-0.01266 -0.0600081 -1.4159
-0.0130758 -0.0600081 -1.4159
-0.0134916 -0.0600081 -1.41589
-0.01266 -0.0595923 -1.4159
-0.0130758 -0.0595923 -1.4159
-0.0134916 -0.0595923 -1.41589
-0.01266 -0.0591765 -1.4159
-0.0130758 -0.0591765 -1.4159
-0.0134916 -0.0591765 -1.41589
-0.01266 -0.0587607 -1.4159
-0.0130758 -0.0587607 -1.41589
-0.0134916 -0.0587607 -1.41589
-0.01266 -0.0583449 -1.4159
-0.0130758 -0.0583449 -1.41589
-0.0134916 -0.0583449 -1.41589
-0.01266 -0.0579291 -1.4159
-0.0130758 -0.0579291 -1.41589
-0.0134916 -0.0579291 -1.41589
-0.01266 -0.0575133 -1.4159
-0.0130758 -0.0575133 -1.41589
-0.0134916 -0.0575133 -1.41589
-0.01266 -0.0570974 -1.4159
-0.0130758 -0.0570974 -1.41589
-0.0134916 -0.0570974 -1.41589
-0.01266 -0.0566816 -1.4159
-0.0130758 -0.0566816 -1.41589
-0.0134916 -0.0566816 -1.41589
-0.01266 -0.0562658 -1.4159
-0.0130758 -0.0562658 -1.41589
-0.0134916 -0.0562658 -1.41589
-0.01266 -0.05585 -1.4159
-0.0130758 -0.05585 -1.41589
-0.0134916 -0.05585 -1.41589
-0.01266 -0.0554342 -1.4159
-0.0130758 -0.0554342 -1.41589
-0.0134916 -0.0554342 -1.41588
-0.01266 -0.0550184 -1.4159
-0.0130758 -0.0550184 -1.41589
-0.0134916 -0.0550184 -1.41588
-0.01266 -0.0546026 -1.4159
-0.0130758 -0.0546026 -1.41589
-0.0134916 -0.0546026 -1.41588
-0.01266 -0.0541868 -1.4159
-0.0130758 -0.0541868 -1.41589
-0.0134916 -0.0541868 -1.41588
-0.01266 -0.053771 -1.4159
-0.0130758 -0.053771 -1.41589
-0.0134916 -0.053771 -1.41588
-0.01266 -0.0533552 -1.41589
-0.0130758 -0.0533552 -1.41589
-0.0134916 -0.0533552 -1.41588
-0.01266 -0.0529394 -1.41589
-0.0130758 -0.0529394 -1.41589
-0.0134916 -0.0529394 -1.41588
-0.01266 -0.0525235 -1.41589
-0.0130758 -0.0525235 -1.41589
-0.0134916 -0.0525235 -1.41588
-0.01266 -0.0521077 -1.41589
-0.0130758 -0.0521077 -1.41589
-0.0134916 -0.0521077 -1.41588
-0.01266 -0.0516919 -1.41589
-0.0130758 -0.0516919 -1.41589
-0.0134916 -0.0516919 -1.41588
-0.01266 -0.0512761 -1.41589
-0.0130758 -0.0512761 -1.41589
-0.0134916 -0.0512761 -1.41588
-0.01266 -0.0508603 -1.41589
-0.0130758 -0.0508603 -1.41589
-0.0134916 -0.0508603 -1.41588
-0.01266 -0.0504445 -1.41589
-0.0130758 -0.0504445 -1.41589
-0.0134916 -0.0504445 -1.41588
-0.01266 -0.0500287 -1.41589
-0.0130758 -0.0500287 -1.41589
-0.0134916 -0.0500287 -1.41588
-0.01266 -0.0496129 -1.41589
-0.0130758 -0.0496129 -1.41588
-0.0134916 -0.0496129 -1.41588
-0.01266 -0.0491971 -1.41589
-0.0130758 -0.0491971 -1.41588
-0.0134916 -0.0491971 -1.41588
-0.01266 -0.0487813 -1.41589
-0.0130758 -0.0487813 -1.41588
-0.0134916 -0.0487813 -1.41588
-0.01266 -0.0483655 -1.41589
-0.0130758 -0.0483655 -1.41588
-0.0134916 -0.0483655 -1.41588
-0.01266 -0.0479496 -1.41589
-0.0130758 -0.0479496 -1.41588
-0.0134916 -0.0479496 -1.41588
-0.01266 -0.0475338 -1.41589
-0.0130758 -0.0475338 -1.41588
-0.0134916 -0.0475338 -1.41588
-0.01266 -0.047118 -1.41589
-0.0130758 -0.047118 -1.41588
-0.0134916 -0.047118 -1.41588
-0.01266 -0.0467022 -1.41589
-0.0130758 -0.0467022 -1.41588
-0.0134916 -0.0467022 -1.41588
-0.01266 -0.0462864 -1.41589
-0.0130758 -0.0462864 -1.41588
-0.0134916 -0.0462864 -1.41587
-0.01266 -0.0458706 -1.41589
-0.0130758 -0.0458706 -1.41588
-0.0134916 -0.0458706 -1.41587
-0.01266 -0.0454548 -1.41589
-0.0130758 -0.0454548 -1.41588
-0.0134916 -0.0454548 -1.41587
-0.01266 -0.045039 -1.41589
-0.0130758 -0.045039 -1.41588
-0.0134916 -0.045039 -1.41587
-0.01266 -0.0446232 -1.41589
-0.0130758 -0.0446232 -1.41588
-0.0134916 -0.0446232 -1.41587
-0.01266 -0.0442074 -1.41588
-0.0130758 -0.0442074 -1.41588
-0.0134916 -0.0442074 -1.41587
-0.01266 -0.0437916 -1.41588
-0.0130758 -0.0437916 -1.41588
-0.0134916 -0.0437916 -1.41587
-0.01266 -0.0433757 -1.41588
-0.0130758 -0.0433757 -1.41588
-0.0134916 -0.0433757 -1.41587
-0.01266 -0.0429599 -1.41588
-0.0130758 -0.0429599 -1.41588
-0.0134916 -0.0429599 -1.41587
-0.01266 -0.0425441 -1.41588
-0.0130758 -0.0425441 -1.41588
-0.0134916 -0.0425441 -1.41587
-0.01266 -0.0421283 -1.41588
-0.0130758 -0.0421283 -1.41588
-0.0134916 -0.0421283 -1.41587
-0.01266 -0.0417125 -1.41588
-0.0130758 -0.0417125 -1.41588
-0.0134916 -0.0417125 -1.41587
-0.01266 -0.0412967 -1.41588
-0.0130758 -0.0412967 -1.41588
-0.0134916 -0.0412967 -1.41587
-0.01266 -0.0408809 -1.41588
-0.0130758 -0.0408809 -1.41587
-0.0134916 -0.0408809 -1.41587
-0.01266 -0.0404651 -1.41588
-0.0130758 -0.0404651 -1.41587
-0.0134916 -0.0404651 -1.41587
-0.01266 -0.0400493 -1.41588
-0.0130758 -0.0400493 -1.41587
-0.0134916 -0.0400493 -1.41587
-0.01266 -0.0396335 -1.41588
-0.0130758 -0.0396335 -1.41587
-0.0134916 -0.0396335 -1.41587
-0.01266 -0.0392177 -1.41588
-0.0130758 -0.0392177 -1.41587
-0.0134916 -0.0392177 -1.41587
-0.01266 -0.0388018 -1.41588
-0.0130758 -0.0388018 -1.41587
-0.0134916 -0.0388018 -1.41587
-0.01266 -0.038386 -1.41588
-0.0130758 -0.038386 -1.41587
-0.0134916 -0.038386 -1.41587
-0.01266 -0.0379702 -1.41588
-0.0130758 -0.0379702 -1.41587
-0.0134916 -0.0379702 -1.41587
-0.01266 -0.0375544 -1.41588
-0.0130758 -0.0375544 -1.41587
-0.0134916 -0.0375544 -1.41586
-0.01266 -0.0371386 -1.41588
-0.0130758 -0.0371386 -1.41587
-0.0134916 -0.0371386 -1.41586
-0.01266 -0.0367228 -1.41588
-0.0130758 -0.0367228 -1.41587
-0.0134916 -0.0367228 -1.41586
-0.01266 -0.036307 -1.41588
-0.0130758 -0.036307 -1.41587
-0.0134916 -0.036307 -1.41586
-0.01266 -0.0358912 -1.41588
-0.0130758 -0.0358912 -1.41587
-0.0134916 -0.0358912 -1.41586
-0.01266 -0.0354754 -1.41588
-0.0130758 -0.0354754 -1.41587
-0.0134916 -0.0354754 -1.41586
-0.01266 -0.0350596 -1.41587
-0.0130758 -0.0350596 -1.41587
-0.0134916 -0.0350596 -1.41586
-0.01266 -0.0346438 -1.41587
-0.0130758 -0.0346438 -1.41587
-0.0134916 -0.0346438 -1.41586
-0.01266 -0.0342279 -1.41587
-0.0130758 -0.0342279 -1.41587
-0.0134916 -0.0342279 -1.41586
-0.01266 -0.0338121 -1.41587
-0.0130758 -0.0338121 -1.41587
-0.0134916 -0.0338121 -1.41586
-0.01266 -0.0333963 -1.41587
-0.0130758 -0.0333963 -1.41587
-0.0134916 -0.0333963 -1.41586
-0.01266 -0.0329805 -1.41587
-0.0130758 -0.0329805 -1.41587
-0.0134916 -0.0329805 -1.41586
-0.01266 -0.0325647 -1.41587
-0.0130758 -0.0325647 -1.41587
-0.0134916 -0.0325647 -1.41586
-0.01266 -0.0321489 -1.41587
-0.0130758 -0.0321489 -1.41587
-0.0134916 -0.0321489 -1.41586
-0.01266 -0.0317331 -1.41587
-0.0130758 -0.0317331 -1.41586
-0.0134916 -0.0317331 -1.41586
-0.01266 -0.0313173 -1.41587
-0.0130758 -0.0313173 -1.41586
-0.0134916 -0.0313173 -1.41586
-0.01266 -0.0309015 -1.41587
-0.0130758 -0.0309015 -1.41586
-0.0134916 -0.0309015 -1.41586
-0.01266 -0.0304857 -1.41587
-0.0130758 -0.0304857 -1.41586
-0.0134916 -0.0304857 -1.41586
