0.00179171 0.0276237 -0.581572
0.0019983 0.0276237 -0.581571
0.00220489 0.0276237 -0.581571
0.00179171 0.0274171 -0.581571
0.0019983 0.0274171 -0.581571
0.00220489 0.0274171 -0.58157
0.00179171 0.0272106 -0.58157
0.0019983 0.0272106 -0.58157
0.00220489 0.0272106 -0.58157
0.00179171 0.027004 -0.58157
0.0019983 0.027004 -0.581569
0.00220489 0.027004 -0.581569
0.00179171 0.0267974 -0.581569
0.0019983 0.0267974 -0.581568
0.00220489 0.0267974 -0.581568
0.00179171 0.0265908 -0.581568
0.0019983 0.0265908 -0.581568
0.00220489 0.0265908 -0.581567
0.00179171 0.0263842 -0.581567
0.0019983 0.0263842 -0.581567
0.00220489 0.0263842 -0.581567
0.00179171 0.0261776 -0.581567
0.0019983 0.0261776 -0.581566
0.00220489 0.0261776 -0.581566
0.00179171 0.025971 -0.581566
0.0019983 0.025971 -0.581566
0.00220489 0.025971 -0.581565
0.00179171 0.0257644 -0.581565
0.0019983 0.0257644 -0.581565
0.00220489 0.0257644 -0.581564
0.00179171 0.0255579 -0.581564
0.0019983 0.0255579 -0.581564
0.00220489 0.0255579 -0.581564
0.00179171 0.0253513 -0.581564
0.0019983 0.0253513 -0.581563
0.00220489 0.0253513 -0.581563
0.00179171 0.0251447 -0.581563
0.0019983 0.0251447 -0.581563
0.00220489 0.0251447 -0.581562
0.00179171 0.0249381 -0.581562
0.0019983 0.0249381 -0.581562
0.00220489 0.0249381 -0.581562
0.00179171 0.0247315 -0.581562
0.0019983 0.0247315 -0.581561
0.00220489 0.0247315 -0.581561
0.00179171 0.0245249 -0.581561
0.0019983 0.0245249 -0.58156
0.00220489 0.0245249 -0.58156
0.00179171 0.0243183 -0.58156
0.0019983 0.0243183 -0.58156
0.00220489 0.0243183 -0.581559
0.00179171 0.0241117 -0.581559
0.0019983 0.0241117 -0.581559
0.00220489 0.0241117 -0.581559
0.00179171 0.0239052 -0.581559
0.0019983 0.0239052 -0.581558
0.00220489 0.0239052 -0.581558
0.00179171 0.0236986 -0.581558
0.0019983 0.0236986 -0.581558
0.00220489 0.0236986 -0.581557
0.00179171 0.023492 -0.581557
0.0019983 0.023492 -0.581557
0.00220489 0.023492 -0.581556
0.00179171 0.0232854 -0.581556
0.0019983 0.0232854 -0.581556
0.00220489 0.0232854 -0.581556
0.00179171 0.0230788 -0.581556
0.0019983 0.0230788 -0.581555
0.00220489 0.0230788 -0.581555
0.00179171 0.0228722 -0.581555
0.0019983 0.0228722 -0.581555
0.00220489 0.0228722 -0.581554
0.00179171 0.0226656 -0.581554
0.0019983 0.0226656 -0.581554
0.00220489 0.0226656 -0.581554
0.00179171 0.022459 -0.581553
0.0019983 0.022459 -0.581553
0.00220489 0.022459 -0.581553
0.00179171 0.0222525 -0.581553
0.0019983 0.0222525 -0.581552
0.00220489 0.0222525 -0.581552
0.00179171 0.0220459 -0.581552
0.0019983 0.0220459 -0.581552
0.00220489 0.0220459 -0.581551
0.00179171 0.0218393 -0.581551
0.0019983 0.0218393 -0.581551
0.00220489 0.0218393 -0.581551
0.00179171 0.0216327 -0.581551
0.0019983 0.0216327 -0.58155
0.00220489 0.0216327 -0.58155
0.00179171 0.0214261 -0.58155
0.0019983 0.0214261 -0.581549
0.00220489 0.0214261 -0.581549
0.00179171 0.0212195 -0.581549
0.0019983 0.0212195 -0.581549
0.00220489 0.0212195 -0.581548
0.00179171 0.0210129 -0.581548
0.0019983 0.0210129 -0.581548
0.00220489 0.0210129 -0.581548
0.00179171 0.0208063 -0.581548
0.0019983 0.0208063 -0.581547
0.00220489 0.0208063 -0.581547
0.00179171 0.0205998 -0.581547
0.0019983 0.0205998 -0.581547
0.00220489 0.0205998 -0.581546
0.00179171 0.0203932 -0.581546
0.0019983 0.0203932 -0.581546
0.00220489 0.0203932 -0.581545
0.00179171 0.0201866 -0.581545
0.0019983 0.0201866 -0.581545
0.00220489 0.0201866 -0.581545
0.00179171 0.01998 -0.581545
0.0019983 0.01998 -0.581544
0.00220489 0.01998 -0.581544
0.00179171 0.0197734 -0.581544
0.0019983 0.0197734 -0.581544
0.00220489 0.0197734 -0.581543
0.00179171 0.0195668 -0.581543
0.0019983 0.0195668 -0.581543
0.00220489 0.0195668 -0.581543
0.00179171 0.0193602 -0.581542
0.0019983 0.0193602 -0.581542
0.00220489 0.0193602 -0.581542
0.00179171 0.0191536 -0.581542
0.0019983 0.0191536 -0.581541
0.00220489 0.0191536 -0.581541
0.00179171 0.018947 -0.581541
0.0019983 0.018947 -0.581541
0.00220489 0.018947 -0.58154
0.00179171 0.0187405 -0.58154
0.0019983 0.0187405 -0.58154
0.00220489 0.0187405 -0.58154
0.00179171 0.0185339 -0.58154
0.0019983 0.0185339 -0.581539
0.00220489 0.0185339 -0.581539
0.00179171 0.0183273 -0.581539
0.0019983 0.0183273 -0.581538
0.00220489 0.0183273 -0.581538
0.00179171 0.0181207 -0.581538
0.0019983 0.0181207 -0.581538
0.00220489 0.0181207 -0.581537
0.00179171 0.0179141 -0.581537
0.0019983 0.0179141 -0.581537
0.00220489 0.0179141 -0.581537
0.00179171 0.0177075 -0.581537
0.0019983 0.0177075 -0.581536
0.00220489 0.0177075 -0.581536
0.00179171 0.0175009 -0.581536
0.0019983 0.0175009 -0.581536
0.00220489 0.0175009 -0.581535
0.00179171 0.0172943 -0.581535
0.0019983 0.0172943 -0.581535
0.00220489 0.0172943 -0.581535
0.00179171 0.0170878 -0.581535
0.0019983 0.0170878 -0.581534
0.00220489 0.0170878 -0.581534
0.00179171 0.0168812 -0.581534
0.0019983 0.0168812 -0.581533
0.00220489 0.0168812 -0.581533
0.00179171 0.0166746 -0.581533
0.0019983 0.0166746 -0.581533
0.00220489 0.0166746 -0.581532
0.00179171 0.016468 -0.581532
0.0019983 0.016468 -0.581532
0.00220489 0.016468 -0.581532
0.00179171 0.0162614 -0.581532
0.0019983 0.0162614 -0.581531
0.00220489 0.0162614 -0.581531
0.00179171 0.0160548 -0.581531
0.0019983 0.0160548 -0.581531
0.00220489 0.0160548 -0.58153
0.00179171 0.0158482 -0.58153
0.0019983 0.0158482 -0.58153
0.00220489 0.0158482 -0.581529
0.00179171 0.0156416 -0.581529
0.0019983 0.0156416 -0.581529
0.00220489 0.0156416 -0.581529
0.00179171 0.0154351 -0.581529
0.0019983 0.0154351 -0.581528
0.00220489 0.0154351 -0.581528
0.00179171 0.0152285 -0.581528
0.0019983 0.0152285 -0.581528
0.00220489 0.0152285 -0.581527
0.00179171 0.0150219 -0.581527
0.0019983 0.0150219 -0.581527
0.00220489 0.0150219 -0.581527
0.00179171 0.0148153 -0.581526
0.0019983 0.0148153 -0.581526
0.00220489 0.0148153 -0.581526
0.00179171 0.0146087 -0.581526
0.0019983 0.0146087 -0.581525
0.00220489 0.0146087 -0.581525
0.00179171 0.0144021 -0.581525
0.0019983 0.0144021 -0.581525
0.00220489 0.0144021 -0.581524
0.00179171 0.0141955 -0.581524
0.0019983 0.0141955 -0.581524
0.00220489 0.0141955 -0.581524
0.00179171 0.0139889 -0.581524
0.0019983 0.0139889 -0.581523
0.00220489 0.0139889 -0.581523
0.00179171 0.0137824 -0.581523
0.0019983 0.0137824 -0.581522
0.00220489 0.0137824 -0.581522
0.00179171 0.0135758 -0.581522
0.0019983 0.0135758 -0.581522
0.00220489 0.0135758 -0.581521
0.00179171 0.0133692 -0.581521
0.0019983 0.0133692 -0.581521
0.00220489 0.0133692 -0.581521
0.00179171 0.0131626 -0.581521
0.0019983 0.0131626 -0.58152
0.00220489 0.0131626 -0.58152
0.00179171 0.012956 -0.58152
0.0019983 0.012956 -0.58152
0.00220489 0.012956 -0.581519
0.00179171 0.0127494 -0.581519
0.0019983 0.0127494 -0.581519
0.00220489 0.0127494 -0.581518
0.00179171 0.0125428 -0.581518
0.0019983 0.0125428 -0.581518
0.00220489 0.0125428 -0.581518
0.00179171 0.0123362 -0.581518
0.0019983 0.0123362 -0.581517
0.00220489 0.0123362 -0.581517
0.00179171 0.0121297 -0.581517
0.0019983 0.0121297 -0.581517
0.00220489 0.0121297 -0.581516
0.00179171 0.0119231 -0.581516
0.0019983 0.0119231 -0.581516
0.00220489 0.0119231 -0.581516
0.00179171 0.0117165 -0.581515
0.0019983 0.0117165 -0.581515
0.00220489 0.0117165 -0.581515
0.00179171 0.0115099 -0.581515
0.0019983 0.0115099 -0.581514
0.00220489 0.0115099 -0.581514
0.00179171 0.0113033 -0.581514
0.0019983 0.0113033 -0.581514
0.00220489 0.0113033 -0.581513
0.00179171 0.0110967 -0.581513
0.0019983 0.0110967 -0.581513
0.00220489 0.0110967 -0.581513
0.00179171 0.0108901 -0.581513
0.0019983 0.0108901 -0.581512
0.00220489 0.0108901 -0.581512
0.00179171 0.0106835 -0.581512
0.0019983 0.0106835 -0.581511
0.00220489 0.0106835 -0.581511
0.00179171 0.0104769 -0.581511
0.0019983 0.0104769 -0.581511
0.00220489 0.0104769 -0.58151
0.00179171 0.0102704 -0.58151
0.0019983 0.0102704 -0.58151
0.00220489 0.0102704 -0.58151
0.00179171 0.0100638 -0.58151
0.0019983 0.0100638 -0.581509
0.00220489 0.0100638 -0.581509
0.00179171 0.00985719 -0.581509
0.0019983 0.00985719 -0.581509
0.00220489 0.00985719 -0.581508
0.00179171 0.0096506 -0.581508
0.0019983 0.0096506 -0.581508
0.00220489 0.0096506 -0.581508
0.00179171 0.00944401 -0.581507
0.0019983 0.00944401 -0.581507
0.00220489 0.00944401 -0.581507
0.00179171 0.00923742 -0.581507
0.0019983 0.00923742 -0.581506
0.00220489 0.00923742 -0.581506
0.00179171 0.00903083 -0.581506
0.0019983 0.00903083 -0.581506
0.00220489 0.00903083 -0.581505
0.00179171 0.00882425 -0.581505
0.0019983 0.00882425 -0.581505
0.00220489 0.00882425 -0.581505
0.00179171 0.00861766 -0.581505
0.0019983 0.00861766 -0.581504
0.00220489 0.00861766 -0.581504
0.00179171 0.00841107 -0.581504
0.0019983 0.00841107 -0.581503
0.00220489 0.00841107 -0.581503
0.00179171 0.00820448 -0.581503
0.0019983 0.00820448 -0.581503
0.00220489 0.00820448 -0.581502
0.00179171 0.0079979 -0.581502
0.0019983 0.0079979 -0.581502
0.00220489 0.0079979 -0.581502
0.00179171 0.00779131 -0.581502
0.0019983 0.00779131 -0.581501
0.00220489 0.00779131 -0.581501
0.00179171 0.00758472 -0.581501
0.0019983 0.00758472 -0.581501
0.00220489 0.00758472 -0.5815
0.00179171 0.00737813 -0.5815
0.0019983 0.00737813 -0.5815
0.00220489 0.00737813 -0.581499
0.00179171 0.00717154 -0.581499
0.0019983 0.00717154 -0.581499
0.00220489 0.00717154 -0.581499
0.00179171 0.00696496 -0.581499
0.0019983 0.00696496 -0.581498
0.00220489 0.00696496 -0.581498
0.00179171 0.00675837 -0.581498
0.0019983 0.00675837 -0.581498
0.00220489 0.00675837 -0.581497
0.00179171 0.00655178 -0.581497
0.0019983 0.00655178 -0.581497
0.00220489 0.00655178 -0.581497
0.00179171 0.00634519 -0.581496
0.0019983 0.00634519 -0.581496
0.00220489 0.00634519 -0.581496
0.00179171 0.00613861 -0.581496
0.0019983 0.00613861 -0.581495
0.00220489 0.00613861 -0.581495
0.00179171 0.00593202 -0.581495
0.0019983 0.00593202 -0.581495
0.00220489 0.00593202 -0.581494
0.00179171 0.00572543 -0.581494
0.0019983 0.00572543 -0.581494
0.00220489 0.00572543 -0.581494
0.00179171 0.00551884 -0.581494
0.0019983 0.00551884 -0.581493
0.00220489 0.00551884 -0.581493
0.00179171 0.00531225 -0.581493
0.0019983 0.00531225 -0.581492
0.00220489 0.00531225 -0.581492
0.00179171 0.00510567 -0.581492
0.0019983 0.00510567 -0.581492
0.00220489 0.00510567 -0.581491
0.00179171 0.00489908 -0.581491
0.0019983 0.00489908 -0.581491
0.00220489 0.00489908 -0.581491
