-0.004558 -0.0125466 -1.02939
-0.00447906 -0.0125466 -1.0294
-0.00440011 -0.0125466 -1.0294
-0.004558 -0.0126256 -1.02939
-0.00447906 -0.0126256 -1.0294
-0.00440011 -0.0126256 -1.0294
-0.004558 -0.0127045 -1.02939
-0.00447906 -0.0127045 -1.0294
-0.00440011 -0.0127045 -1.0294
-0.004558 -0.0127835 -1.02939
-0.00447906 -0.0127835 -1.0294
-0.00440011 -0.0127835 -1.0294
-0.004558 -0.0128624 -1.02939
-0.00447906 -0.0128624 -1.0294
-0.00440011 -0.0128624 -1.0294
-0.004558 -0.0129413 -1.02939
-0.00447906 -0.0129413 -1.02939
-0.00440011 -0.0129413 -1.0294
-0.004558 -0.0130203 -1.02939
-0.00447906 -0.0130203 -1.02939
-0.00440011 -0.0130203 -1.0294
-0.004558 -0.0130992 -1.02939
-0.00447906 -0.0130992 -1.02939
-0.00440011 -0.0130992 -1.0294
-0.004558 -0.0131782 -1.02939
-0.00447906 -0.0131782 -1.02939
-0.00440011 -0.0131782 -1.0294
-0.004558 -0.0132571 -1.02939
-0.00447906 -0.0132571 -1.02939
-0.00440011 -0.0132571 -1.0294
-0.004558 -0.0133361 -1.02939
-0.00447906 -0.0133361 -1.02939
-0.00440011 -0.0133361 -1.0294
-0.004558 -0.013415 -1.02939
-0.00447906 -0.013415 -1.02939
-0.00440011 -0.013415 -1.0294
-0.004558 -0.013494 -1.02939
-0.00447906 -0.013494 -1.02939
-0.00440011 -0.013494 -1.0294
-0.004558 -0.0135729 -1.02939
-0.00447906 -0.0135729 -1.02939
-0.00440011 -0.0135729 -1.02939
-0.004558 -0.0136518 -1.02939
-0.00447906 -0.0136518 -1.02939
-0.00440011 -0.0136518 -1.02939
-0.004558 -0.0137308 -1.02939
-0.00447906 -0.0137308 -1.02939
-0.00440011 -0.0137308 -1.02939
-0.004558 -0.0138097 -1.02939
-0.00447906 -0.0138097 -1.02939
-0.00440011 -0.0138097 -1.02939
-0.004558 -0.0138887 -1.02939
-0.00447906 -0.0138887 -1.02939
-0.00440011 -0.0138887 -1.02939
-0.004558 -0.0139676 -1.02939
-0.00447906 -0.0139676 -1.02939
-0.00440011 -0.0139676 -1.02939
-0.004558 -0.0140466 -1.02939
-0.00447906 -0.0140466 -1.02939
-0.00440011 -0.0140466 -1.02939
-0.004558 -0.0141255 -1.02939
-0.00447906 -0.0141255 -1.02939
-0.00440011 -0.0141255 -1.02939
-0.004558 -0.0142045 -1.02939
-0.00447906 -0.0142045 -1.02939
-0.00440011 -0.0142045 -1.02939
-0.004558 -0.0142834 -1.02939
-0.00447906 -0.0142834 -1.02939
-0.00440011 -0.0142834 -1.02939
-0.004558 -0.0143623 -1.02939
-0.00447906 -0.0143623 -1.02939
-0.00440011 -0.0143623 -1.02939
-0.004558 -0.0144413 -1.02939
-0.00447906 -0.0144413 -1.02939
-0.00440011 -0.0144413 -1.02939
-0.004558 -0.0145202 -1.02939
-0.00447906 -0.0145202 -1.02939
-0.00440011 -0.0145202 -1.02939
-0.004558 -0.0145992 -1.02939
-0.00447906 -0.0145992 -1.02939
-0.00440011 -0.0145992 -1.02939
-0.004558 -0.0146781 -1.02939
-0.00447906 -0.0146781 -1.02939
-0.00440011 -0.0146781 -1.02939
-0.004558 -0.0147571 -1.02939
-0.00447906 -0.0147571 -1.02939
-0.00440011 -0.0147571 -1.02939
-0.004558 -0.014836 -1.02939
-0.00447906 -0.014836 -1.02939
-0.00440011 -0.014836 -1.02939
-0.004558 -0.014915 -1.02939
-0.00447906 -0.014915 -1.02939
-0.00440011 -0.014915 -1.02939
-0.004558 -0.0149939 -1.02939
-0.00447906 -0.0149939 -1.02939
-0.00440011 -0.0149939 -1.02939
-0.004558 -0.0150729 -1.02939
-0.00447906 -0.0150729 -1.02939
-0.00440011 -0.0150729 -1.02939
-0.004558 -0.0151518 -1.02939
-0.00447906 -0.0151518 -1.02939
-0.00440011 -0.0151518 -1.02939
-0.004558 -0.0152307 -1.02939
-0.00447906 -0.0152307 -1.02939
-0.00440011 -0.0152307 -1.02939
-0.004558 -0.0153097 -1.02939
-0.00447906 -0.0153097 -1.02939
-0.00440011 -0.0153097 -1.02939
-0.004558 -0.0153886 -1.02939
-0.00447906 -0.0153886 -1.02939
-0.00440011 -0.0153886 -1.02939
-0.004558 -0.0154676 -1.02939
-0.00447906 -0.0154676 -1.02939
-0.00440011 -0.0154676 -1.02939
-0.004558 -0.0155465 -1.02939
-0.00447906 -0.0155465 -1.02939
-0.00440011 -0.0155465 -1.02939
-0.004558 -0.0156255 -1.02939
-0.00447906 -0.0156255 -1.02939
-0.00440011 -0.0156255 -1.02939
-0.004558 -0.0157044 -1.02939
-0.00447906 -0.0157044 -1.02939
-0.00440011 -0.0157044 -1.02939
-0.004558 -0.0157834 -1.02939
-0.00447906 -0.0157834 -1.02939
-0.00440011 -0.0157834 -1.02939
-0.004558 -0.0158623 -1.02939
-0.00447906 -0.0158623 -1.02939
-0.00440011 -0.0158623 -1.02939
-0.004558 -0.0159412 -1.02939
-0.00447906 -0.0159412 -1.02939
-0.00440011 -0.0159412 -1.02939
-0.004558 -0.0160202 -1.02939
-0.00447906 -0.0160202 -1.02939
-0.00440011 -0.0160202 -1.02939
-0.004558 -0.0160991 -1.02939
-0.00447906 -0.0160991 -1.02939
-0.00440011 -0.0160991 -1.02939
-0.004558 -0.0161781 -1.02939
-0.00447906 -0.0161781 -1.02939
-0.00440011 -0.0161781 -1.02939
-0.004558 -0.016257 -1.02939
-0.00447906 -0.016257 -1.02939
-0.00440011 -0.016257 -1.02939
-0.004558 -0.016336 -1.02939
-0.00447906 -0.016336 -1.02939
-0.00440011 -0.016336 -1.02939
-0.004558 -0.0164149 -1.02939
-0.00447906 -0.0164149 -1.02939
-0.00440011 -0.0164149 -1.02939
-0.004558 -0.0164939 -1.02939
-0.00447906 -0.0164939 -1.02939
-0.00440011 -0.0164939 -1.02939
-0.004558 -0.0165728 -1.02939
-0.00447906 -0.0165728 -1.02939
-0.00440011 -0.0165728 -1.02939
-0.004558 -0.0166517 -1.02939
-0.00447906 -0.0166517 -1.02939
-0.00440011 -0.0166517 -1.02939
-0.004558 -0.0167307 -1.02939
-0.00447906 -0.0167307 -1.02939
-0.00440011 -0.0167307 -1.02939
-0.004558 -0.0168096 -1.02939
-0.00447906 -0.0168096 -1.02939
-0.00440011 -0.0168096 -1.02939
-0.004558 -0.0168886 -1.02939
-0.00447906 -0.0168886 -1.02939
-0.00440011 -0.0168886 -1.02939
-0.004558 -0.0169675 -1.02939
-0.00447906 -0.0169675 -1.02939
-0.00440011 -0.0169675 -1.02939
-0.004558 -0.0170465 -1.02939
-0.00447906 -0.0170465 -1.02939
-0.00440011 -0.0170465 -1.02939
-0.004558 -0.0171254 -1.02939
-0.00447906 -0.0171254 -1.02939
-0.00440011 -0.0171254 -1.02939
-0.004558 -0.0172044 -1.02939
-0.00447906 -0.0172044 -1.02939
-0.00440011 -0.0172044 -1.02939
-0.004558 -0.0172833 -1.02939
-0.00447906 -0.0172833 -1.02939
-0.00440011 -0.0172833 -1.02939
-0.004558 -0.0173623 -1.02939
-0.00447906 -0.0173623 -1.02939
-0.00440011 -0.0173623 -1.02939
-0.004558 -0.0174412 -1.02939
-0.00447906 -0.0174412 -1.02939
-0.00440011 -0.0174412 -1.02939
-0.004558 -0.0175201 -1.02939
-0.00447906 -0.0175201 -1.02939
-0.00440011 -0.0175201 -1.02939
-0.004558 -0.0175991 -1.02939
-0.00447906 -0.0175991 -1.02939
-0.00440011 -0.0175991 -1.02939
-0.004558 -0.017678 -1.02939
-0.00447906 -0.017678 -1.02939
-0.00440011 -0.017678 -1.02939
-0.004558 -0.017757 -1.02939
-0.00447906 -0.017757 -1.02939
-0.00440011 -0.017757 -1.02939
-0.004558 -0.0178359 -1.02939
-0.00447906 -0.0178359 -1.02939
-0.00440011 -0.0178359 -1.02939
-0.004558 -0.0179149 -1.02939
-0.00447906 -0.0179149 -1.02939
-0.00440011 -0.0179149 -1.02939
-0.004558 -0.0179938 -1.02939
-0.00447906 -0.0179938 -1.02939
-0.00440011 -0.0179938 -1.02939
-0.004558 -0.0180728 -1.02939
-0.00447906 -0.0180728 -1.02939
-0.00440011 -0.0180728 -1.02939
-0.004558 -0.0181517 -1.02939
-0.00447906 -0.0181517 -1.02939
-0.00440011 -0.0181517 -1.02939
-0.004558 -0.0182306 -1.02939
-0.00447906 -0.0182306 -1.02939
-0.00440011 -0.0182306 -1.02939
-0.004558 -0.0183096 -1.02939
-0.00447906 -0.0183096 -1.02939
-0.00440011 -0.0183096 -1.02939
-0.004558 -0.0183885 -1.02939
-0.00447906 -0.0183885 -1.02939
-0.00440011 -0.0183885 -1.02939
-0.004558 -0.0184675 -1.02939
-0.00447906 -0.0184675 -1.02939
-0.00440011 -0.0184675 -1.02939
-0.004558 -0.0185464 -1.02939
-0.00447906 -0.0185464 -1.02939
-0.00440011 -0.0185464 -1.02939
-0.004558 -0.0186254 -1.02939
-0.00447906 -0.0186254 -1.02939
-0.00440011 -0.0186254 -1.02939
-0.004558 -0.0187043 -1.02939
-0.00447906 -0.0187043 -1.02939
-0.00440011 -0.0187043 -1.02939
-0.004558 -0.0187833 -1.02939
-0.00447906 -0.0187833 -1.02939
-0.00440011 -0.0187833 -1.02939
-0.004558 -0.0188622 -1.02939
-0.00447906 -0.0188622 -1.02939
-0.00440011 -0.0188622 -1.02939
-0.004558 -0.0189412 -1.02939
-0.00447906 -0.0189412 -1.02939
-0.00440011 -0.0189412 -1.02939
-0.004558 -0.0190201 -1.02939
-0.00447906 -0.0190201 -1.02939
-0.00440011 -0.0190201 -1.02939
-0.004558 -0.019099 -1.02939
-0.00447906 -0.019099 -1.02939
-0.00440011 -0.019099 -1.02939
-0.004558 -0.019178 -1.02939
-0.00447906 -0.019178 -1.02939
-0.00440011 -0.019178 -1.02939
-0.004558 -0.0192569 -1.02939
-0.00447906 -0.0192569 -1.02939
-0.00440011 -0.0192569 -1.02939
-0.004558 -0.0193359 -1.02939
-0.00447906 -0.0193359 -1.02939
-0.00440011 -0.0193359 -1.02939
-0.004558 -0.0194148 -1.02939
-0.00447906 -0.0194148 -1.02939
-0.00440011 -0.0194148 -1.02939
-0.004558 -0.0194938 -1.02938
-0.00447906 -0.0194938 -1.02939
-0.00440011 -0.0194938 -1.02939
-0.004558 -0.0195727 -1.02938
-0.00447906 -0.0195727 -1.02939
-0.00440011 -0.0195727 -1.02939
-0.004558 -0.0196517 -1.02938
-0.00447906 -0.0196517 -1.02939
-0.00440011 -0.0196517 -1.02939
-0.004558 -0.0197306 -1.02938
-0.00447906 -0.0197306 -1.02939
-0.00440011 -0.0197306 -1.02939
-0.004558 -0.0198095 -1.02938
-0.00447906 -0.0198095 -1.02939
-0.00440011 -0.0198095 -1.02939
-0.004558 -0.0198885 -1.02938
-0.00447906 -0.0198885 -1.02939
-0.00440011 -0.0198885 -1.02939
-0.004558 -0.0199674 -1.02938
-0.00447906 -0.0199674 -1.02939
-0.00440011 -0.0199674 -1.02939
-0.004558 -0.0200464 -1.02938
-0.00447906 -0.0200464 -1.02939
-0.00440011 -0.0200464 -1.02939
-0.004558 -0.0201253 -1.02938
-0.00447906 -0.0201253 -1.02938
-0.00440011 -0.0201253 -1.02939
-0.004558 -0.0202043 -1.02938
-0.00447906 -0.0202043 -1.02938
-0.00440011 -0.0202043 -1.02939
-0.004558 -0.0202832 -1.02938
-0.00447906 -0.0202832 -1.02938
-0.00440011 -0.0202832 -1.02939
-0.004558 -0.0203622 -1.02938
-0.00447906 -0.0203622 -1.02938
-0.00440011 -0.0203622 -1.02939
-0.004558 -0.0204411 -1.02938
-0.00447906 -0.0204411 -1.02938
-0.00440011 -0.0204411 -1.02939
-0.004558 -0.02052 -1.02938
-0.00447906 -0.02052 -1.02938
-0.00440011 -0.02052 -1.02939
-0.004558 -0.020599 -1.02938
-0.00447906 -0.020599 -1.02938
-0.00440011 -0.020599 -1.02939
-0.004558 -0.0206779 -1.02938
-0.00447906 -0.0206779 -1.02938
-0.00440011 -0.0206779 -1.02938
-0.004558 -0.0207569 -1.02938
-0.00447906 -0.0207569 -1.02938
-0.00440011 -0.0207569 -1.02938
-0.004558 -0.0208358 -1.02938
-0.00447906 -0.0208358 -1.02938
-0.00440011 -0.0208358 -1.02938
-0.004558 -0.0209148 -1.02938
-0.00447906 -0.0209148 -1.02938
-0.00440011 -0.0209148 -1.02938
-0.004558 -0.0209937 -1.02938
-0.00447906 -0.0209937 -1.02938
-0.00440011 -0.0209937 -1.02938
-0.004558 -0.0210727 -1.02938
-0.00447906 -0.0210727 -1.02938
-0.00440011 -0.0210727 -1.02938
-0.004558 -0.0211516 -1.02938
-0.00447906 -0.0211516 -1.02938
-0.00440011 -0.0211516 -1.02938
-0.004558 -0.0212306 -1.02938
-0.00447906 -0.0212306 -1.02938
-0.00440011 -0.0212306 -1.02938
