-0.00571349 -0.0387822 -0.577861
-0.00642843 -0.0387822 -0.57786
-0.00714336 -0.0387822 -0.577859
-0.00571349 -0.0380673 -0.577861
-0.00642843 -0.0380673 -0.57786
-0.00714336 -0.0380673 -0.577859
-0.00571349 -0.0373523 -0.577861
-0.00642843 -0.0373523 -0.57786
-0.00714336 -0.0373523 -0.577859
-0.00571349 -0.0366374 -0.577861
-0.00642843 -0.0366374 -0.57786
-0.00714336 -0.0366374 -0.57786
-0.00571349 -0.0359225 -0.577862
-0.00642843 -0.0359225 -0.577861
-0.00714336 -0.0359225 -0.57786
-0.00571349 -0.0352075 -0.577862
-0.00642843 -0.0352075 -0.577861
-0.00714336 -0.0352075 -0.57786
-0.00571349 -0.0344926 -0.577862
-0.00642843 -0.0344926 -0.577861
-0.00714336 -0.0344926 -0.57786
-0.00571349 -0.0337777 -0.577862
-0.00642843 -0.0337777 -0.577861
-0.00714336 -0.0337777 -0.57786
-0.00571349 -0.0330627 -0.577862
-0.00642843 -0.0330627 -0.577861
-0.00714336 -0.0330627 -0.57786
-0.00571349 -0.0323478 -0.577862
-0.00642843 -0.0323478 -0.577861
-0.00714336 -0.0323478 -0.57786
-0.00571349 -0.0316329 -0.577862
-0.00642843 -0.0316329 -0.577861
-0.00714336 -0.0316329 -0.57786
-0.00571349 -0.0309179 -0.577863
-0.00642843 -0.0309179 -0.577862
-0.00714336 -0.0309179 -0.577861
-0.00571349 -0.030203 -0.577863
-0.00642843 -0.030203 -0.577862
-0.00714336 -0.030203 -0.577861
-0.00571349 -0.0294881 -0.577863
-0.00642843 -0.0294881 -0.577862
-0.00714336 -0.0294881 -0.577861
-0.00571349 -0.0287731 -0.577863
-0.00642843 -0.0287731 -0.577862
-0.00714336 -0.0287731 -0.577861
-0.00571349 -0.0280582 -0.577863
-0.00642843 -0.0280582 -0.577862
-0.00714336 -0.0280582 -0.577861
-0.00571349 -0.0273433 -0.577863
-0.00642843 -0.0273433 -0.577862
-0.00714336 -0.0273433 -0.577861
-0.00571349 -0.0266283 -0.577863
-0.00642843 -0.0266283 -0.577862
-0.00714336 -0.0266283 -0.577861
-0.00571349 -0.0259134 -0.577863
-0.00642843 -0.0259134 -0.577863
-0.00714336 -0.0259134 -0.577862
-0.00571349 -0.0251985 -0.577864
-0.00642843 -0.0251985 -0.577863
-0.00714336 -0.0251985 -0.577862
-0.00571349 -0.0244835 -0.577864
-0.00642843 -0.0244835 -0.577863
-0.00714336 -0.0244835 -0.577862
-0.00571349 -0.0237686 -0.577864
-0.00642843 -0.0237686 -0.577863
-0.00714336 -0.0237686 -0.577862
-0.00571349 -0.0230537 -0.577864
-0.00642843 -0.0230537 -0.577863
-0.00714336 -0.0230537 -0.577862
-0.00571349 -0.0223387 -0.577864
-0.00642843 -0.0223387 -0.577863
-0.00714336 -0.0223387 -0.577862
-0.00571349 -0.0216238 -0.577864
-0.00642843 -0.0216238 -0.577863
-0.00714336 -0.0216238 -0.577862
-0.00571349 -0.0209089 -0.577864
-0.00642843 -0.0209089 -0.577863
-0.00714336 -0.0209089 -0.577863
-0.00571349 -0.0201939 -0.577865
-0.00642843 -0.0201939 -0.577864
-0.00714336 -0.0201939 -0.577863
-0.00571349 -0.019479 -0.577865
-0.00642843 -0.019479 -0.577864
-0.00714336 -0.019479 -0.577863
-0.00571349 -0.0187641 -0.577865
-0.00642843 -0.0187641 -0.577864
-0.00714336 -0.0187641 -0.577863
-0.00571349 -0.0180491 -0.577865
-0.00642843 -0.0180491 -0.577864
-0.00714336 -0.0180491 -0.577863
-0.00571349 -0.0173342 -0.577865
-0.00642843 -0.0173342 -0.577864
-0.00714336 -0.0173342 -0.577863
-0.00571349 -0.0166193 -0.577865
-0.00642843 -0.0166193 -0.577864
-0.00714336 -0.0166193 -0.577863
-0.00571349 -0.0159043 -0.577865
-0.00642843 -0.0159043 -0.577864
-0.00714336 -0.0159043 -0.577863
-0.00571349 -0.0151894 -0.577865
-0.00642843 -0.0151894 -0.577865
-0.00714336 -0.0151894 -0.577864
-0.00571349 -0.0144745 -0.577866
-0.00642843 -0.0144745 -0.577865
-0.00714336 -0.0144745 -0.577864
-0.00571349 -0.0137595 -0.577866
-0.00642843 -0.0137595 -0.577865
-0.00714336 -0.0137595 -0.577864
-0.00571349 -0.0130446 -0.577866
-0.00642843 -0.0130446 -0.577865
-0.00714336 -0.0130446 -0.577864
-0.00571349 -0.0123297 -0.577866
-0.00642843 -0.0123297 -0.577865
-0.00714336 -0.0123297 -0.577864
-0.00571349 -0.0116147 -0.577866
-0.00642843 -0.0116147 -0.577865
-0.00714336 -0.0116147 -0.577864
-0.00571349 -0.0108998 -0.577866
-0.00642843 -0.0108998 -0.577865
-0.00714336 -0.0108998 -0.577864
-0.00571349 -0.0101849 -0.577866
-0.00642843 -0.0101849 -0.577865
-0.00714336 -0.0101849 -0.577865
-0.00571349 -0.00946994 -0.577866
-0.00642843 -0.00946994 -0.577866
-0.00714336 -0.00946994 -0.577865
-0.00571349 -0.00875501 -0.577867
-0.00642843 -0.00875501 -0.577866
-0.00714336 -0.00875501 -0.577865
-0.00571349 -0.00804008 -0.577867
-0.00642843 -0.00804008 -0.577866
-0.00714336 -0.00804008 -0.577865
-0.00571349 -0.00732514 -0.577867
-0.00642843 -0.00732514 -0.577866
-0.00714336 -0.00732514 -0.577865
-0.00571349 -0.00661021 -0.577867
-0.00642843 -0.00661021 -0.577866
-0.00714336 -0.00661021 -0.577865
-0.00571349 -0.00589528 -0.577867
-0.00642843 -0.00589528 -0.577866
-0.00714336 -0.00589528 -0.577865
-0.00571349 -0.00518034 -0.577867
-0.00642843 -0.00518034 -0.577866
-0.00714336 -0.00518034 -0.577865
-0.00571349 -0.00446541 -0.577867
-0.00642843 -0.00446541 -0.577866
-0.00714336 -0.00446541 -0.577866
-0.00571349 -0.00375048 -0.577868
-0.00642843 -0.00375048 -0.577867
-0.00714336 -0.00375048 -0.577866
-0.00571349 -0.00303554 -0.577868
-0.00642843 -0.00303554 -0.577867
-0.00714336 -0.00303554 -0.577866
-0.00571349 -0.00232061 -0.577868
-0.00642843 -0.00232061 -0.577867
-0.00714336 -0.00232061 -0.577866
-0.00571349 -0.00160568 -0.577868
-0.00642843 -0.00160568 -0.577867
-0.00714336 -0.00160568 -0.577866
-0.00571349 -0.000890745 -0.577868
-0.00642843 -0.000890745 -0.577867
-0.00714336 -0.000890745 -0.577866
-0.00571349 -0.000175811 -0.577868
-0.00642843 -0.000175811 -0.577867
-0.00714336 -0.000175811 -0.577866
-0.00571349 0.000539122 -0.577868
-0.00642843 0.000539122 -0.577867
-0.00714336 0.000539122 -0.577866
-0.00571349 0.00125406 -0.577869
-0.00642843 0.00125406 -0.577868
-0.00714336 0.00125406 -0.577867
-0.00571349 0.00196899 -0.577869
-0.00642843 0.00196899 -0.577868
-0.00714336 0.00196899 -0.577867
-0.00571349 0.00268392 -0.577869
-0.00642843 0.00268392 -0.577868
-0.00714336 0.00268392 -0.577867
-0.00571349 0.00339886 -0.577869
-0.00642843 0.00339886 -0.577868
-0.00714336 0.00339886 -0.577867
-0.00571349 0.00411379 -0.577869
-0.00642843 0.00411379 -0.577868
-0.00714336 0.00411379 -0.577867
-0.00571349 0.00482872 -0.577869
-0.00642843 0.00482872 -0.577868
-0.00714336 0.00482872 -0.577867
-0.00571349 0.00554366 -0.577869
-0.00642843 0.00554366 -0.577868
-0.00714336 0.00554366 -0.577867
-0.00571349 0.00625859 -0.577869
-0.00642843 0.00625859 -0.577869
-0.00714336 0.00625859 -0.577868
-0.00571349 0.00697352 -0.57787
-0.00642843 0.00697352 -0.577869
-0.00714336 0.00697352 -0.577868
-0.00571349 0.00768846 -0.57787
-0.00642843 0.00768846 -0.577869
-0.00714336 0.00768846 -0.577868
-0.00571349 0.00840339 -0.57787
-0.00642843 0.00840339 -0.577869
-0.00714336 0.00840339 -0.577868
-0.00571349 0.00911832 -0.57787
-0.00642843 0.00911832 -0.577869
-0.00714336 0.00911832 -0.577868
-0.00571349 0.00983325 -0.57787
-0.00642843 0.00983325 -0.577869
-0.00714336 0.00983325 -0.577868
-0.00571349 0.0105482 -0.57787
-0.00642843 0.0105482 -0.577869
-0.00714336 0.0105482 -0.577868
-0.00571349 0.0112631 -0.57787
-0.00642843 0.0112631 -0.577869
-0.00714336 0.0112631 -0.577869
-0.00571349 0.0119781 -0.577871
-0.00642843 0.0119781 -0.57787
-0.00714336 0.0119781 -0.577869
-0.00571349 0.012693 -0.577871
-0.00642843 0.012693 -0.57787
-0.00714336 0.012693 -0.577869
-0.00571349 0.0134079 -0.577871
-0.00642843 0.0134079 -0.57787
-0.00714336 0.0134079 -0.577869
-0.00571349 0.0141229 -0.577871
-0.00642843 0.0141229 -0.57787
-0.00714336 0.0141229 -0.577869
-0.00571349 0.0148378 -0.577871
-0.00642843 0.0148378 -0.57787
-0.00714336 0.0148378 -0.577869
-0.00571349 0.0155527 -0.577871
-0.00642843 0.0155527 -0.57787
-0.00714336 0.0155527 -0.577869
-0.00571349 0.0162677 -0.577871
-0.00642843 0.0162677 -0.57787
-0.00714336 0.0162677 -0.577869
-0.00571349 0.0169826 -0.577872
-0.00642843 0.0169826 -0.577871
-0.00714336 0.0169826 -0.57787
-0.00571349 0.0176975 -0.577872
-0.00642843 0.0176975 -0.577871
-0.00714336 0.0176975 -0.57787
-0.00571349 0.0184125 -0.577872
-0.00642843 0.0184125 -0.577871
-0.00714336 0.0184125 -0.57787
-0.00571349 0.0191274 -0.577872
-0.00642843 0.0191274 -0.577871
-0.00714336 0.0191274 -0.57787
-0.00571349 0.0198423 -0.577872
-0.00642843 0.0198423 -0.577871
-0.00714336 0.0198423 -0.57787
-0.00571349 0.0205573 -0.577872
-0.00642843 0.0205573 -0.577871
-0.00714336 0.0205573 -0.57787
-0.00571349 0.0212722 -0.577872
-0.00642843 0.0212722 -0.577871
-0.00714336 0.0212722 -0.57787
-0.00571349 0.0219871 -0.577872
-0.00642843 0.0219871 -0.577872
-0.00714336 0.0219871 -0.577871
-0.00571349 0.0227021 -0.577873
-0.00642843 0.0227021 -0.577872
-0.00714336 0.0227021 -0.577871
-0.00571349 0.023417 -0.577873
-0.00642843 0.023417 -0.577872
-0.00714336 0.023417 -0.577871
-0.00571349 0.0241319 -0.577873
-0.00642843 0.0241319 -0.577872
-0.00714336 0.0241319 -0.577871
-0.00571349 0.0248469 -0.577873
-0.00642843 0.0248469 -0.577872
-0.00714336 0.0248469 -0.577871
-0.00571349 0.0255618 -0.577873
-0.00642843 0.0255618 -0.577872
-0.00714336 0.0255618 -0.577871
-0.00571349 0.0262767 -0.577873
-0.00642843 0.0262767 -0.577872
-0.00714336 0.0262767 -0.577871
-0.00571349 0.0269917 -0.577873
-0.00642843 0.0269917 -0.577872
-0.00714336 0.0269917 -0.577872
-0.00571349 0.0277066 -0.577873
-0.00642843 0.0277066 -0.577873
-0.00714336 0.0277066 -0.577872
-0.00571349 0.0284215 -0.577874
-0.00642843 0.0284215 -0.577873
-0.00714336 0.0284215 -0.577872
-0.00571349 0.0291365 -0.577874
-0.00642843 0.0291365 -0.577873
-0.00714336 0.0291365 -0.577872
-0.00571349 0.0298514 -0.577874
-0.00642843 0.0298514 -0.577873
-0.00714336 0.0298514 -0.577872
-0.00571349 0.0305663 -0.577874
-0.00642843 0.0305663 -0.577873
-0.00714336 0.0305663 -0.577872
-0.00571349 0.0312813 -0.577874
-0.00642843 0.0312813 -0.577873
-0.00714336 0.0312813 -0.577872
-0.00571349 0.0319962 -0.577874
-0.00642843 0.0319962 -0.577873
-0.00714336 0.0319962 -0.577872
-0.00571349 0.0327111 -0.577874
-0.00642843 0.0327111 -0.577873
-0.00714336 0.0327111 -0.577873
-0.00571349 0.0334261 -0.577875
-0.00642843 0.0334261 -0.577874
-0.00714336 0.0334261 -0.577873
-0.00571349 0.034141 -0.577875
-0.00642843 0.034141 -0.577874
-0.00714336 0.034141 -0.577873
-0.00571349 0.0348559 -0.577875
-0.00642843 0.0348559 -0.577874
-0.00714336 0.0348559 -0.577873
-0.00571349 0.0355709 -0.577875
-0.00642843 0.0355709 -0.577874
-0.00714336 0.0355709 -0.577873
-0.00571349 0.0362858 -0.577875
-0.00642843 0.0362858 -0.577874
-0.00714336 0.0362858 -0.577873
-0.00571349 0.0370007 -0.577875
-0.00642843 0.0370007 -0.577874
-0.00714336 0.0370007 -0.577873
-0.00571349 0.0377157 -0.577875
-0.00642843 0.0377157 -0.577874
-0.00714336 0.0377157 -0.577873
-0.00571349 0.0384306 -0.577875
-0.00642843 0.0384306 -0.577875
-0.00714336 0.0384306 -0.577874
-0.00571349 0.0391455 -0.577876
-0.00642843 0.0391455 -0.577875
-0.00714336 0.0391455 -0.577874
-0.00571349 0.0398605 -0.577876
-0.00642843 0.0398605 -0.577875
-0.00714336 0.0398605 -0.577874
