-0.0170683 -0.00827424 -1.27589
-0.0167856 -0.00827424 -1.27589
-0.0165028 -0.00827424 -1.27589
-0.0170683 -0.008557 -1.27589
-0.0167856 -0.008557 -1.27589
-0.0165028 -0.008557 -1.27589
-0.0170683 -0.00883977 -1.27589
-0.0167856 -0.00883977 -1.27589
-0.0165028 -0.00883977 -1.27588
-0.0170683 -0.00912253 -1.27589
-0.0167856 -0.00912253 -1.27589
-0.0165028 -0.00912253 -1.27588
-0.0170683 -0.00940529 -1.27589
-0.0167856 -0.00940529 -1.27588
-0.0165028 -0.00940529 -1.27588
-0.0170683 -0.00968805 -1.27589
-0.0167856 -0.00968805 -1.27588
-0.0165028 -0.00968805 -1.27588
-0.0170683 -0.00997082 -1.27588
-0.0167856 -0.00997082 -1.27588
-0.0165028 -0.00997082 -1.27588
-0.0170683 -0.0102536 -1.27588
-0.0167856 -0.0102536 -1.27588
-0.0165028 -0.0102536 -1.27588
-0.0170683 -0.0105363 -1.27588
-0.0167856 -0.0105363 -1.27588
-0.0165028 -0.0105363 -1.27588
-0.0170683 -0.0108191 -1.27588
-0.0167856 -0.0108191 -1.27588
-0.0165028 -0.0108191 -1.27588
-0.0170683 -0.0111019 -1.27588
-0.0167856 -0.0111019 -1.27588
-0.0165028 -0.0111019 -1.27588
-0.0170683 -0.0113846 -1.27588
-0.0167856 -0.0113846 -1.27588
-0.0165028 -0.0113846 -1.27588
-0.0170683 -0.0116674 -1.27588
-0.0167856 -0.0116674 -1.27588
-0.0165028 -0.0116674 -1.27588
-0.0170683 -0.0119502 -1.27588
-0.0167856 -0.0119502 -1.27588
-0.0165028 -0.0119502 -1.27588
-0.0170683 -0.0122329 -1.27588
-0.0167856 -0.0122329 -1.27588
-0.0165028 -0.0122329 -1.27588
-0.0170683 -0.0125157 -1.27588
-0.0167856 -0.0125157 -1.27588
-0.0165028 -0.0125157 -1.27588
-0.0170683 -0.0127984 -1.27588
-0.0167856 -0.0127984 -1.27588
-0.0165028 -0.0127984 -1.27588
-0.0170683 -0.0130812 -1.27588
-0.0167856 -0.0130812 -1.27588
-0.0165028 -0.0130812 -1.27587
-0.0170683 -0.013364 -1.27588
-0.0167856 -0.013364 -1.27588
-0.0165028 -0.013364 -1.27587
-0.0170683 -0.0136467 -1.27588
-0.0167856 -0.0136467 -1.27587
-0.0165028 -0.0136467 -1.27587
-0.0170683 -0.0139295 -1.27588
-0.0167856 -0.0139295 -1.27587
-0.0165028 -0.0139295 -1.27587
-0.0170683 -0.0142123 -1.27587
-0.0167856 -0.0142123 -1.27587
-0.0165028 -0.0142123 -1.27587
-0.0170683 -0.014495 -1.27587
-0.0167856 -0.014495 -1.27587
-0.0165028 -0.014495 -1.27587
-0.0170683 -0.0147778 -1.27587
-0.0167856 -0.0147778 -1.27587
-0.0165028 -0.0147778 -1.27587
-0.0170683 -0.0150605 -1.27587
-0.0167856 -0.0150605 -1.27587
-0.0165028 -0.0150605 -1.27587
-0.0170683 -0.0153433 -1.27587
-0.0167856 -0.0153433 -1.27587
-0.0165028 -0.0153433 -1.27587
-0.0170683 -0.0156261 -1.27587
-0.0167856 -0.0156261 -1.27587
-0.0165028 -0.0156261 -1.27587
-0.0170683 -0.0159088 -1.27587
-0.0167856 -0.0159088 -1.27587
-0.0165028 -0.0159088 -1.27587
-0.0170683 -0.0161916 -1.27587
-0.0167856 -0.0161916 -1.27587
-0.0165028 -0.0161916 -1.27587
-0.0170683 -0.0164743 -1.27587
-0.0167856 -0.0164743 -1.27587
-0.0165028 -0.0164743 -1.27587
-0.0170683 -0.0167571 -1.27587
-0.0167856 -0.0167571 -1.27587
-0.0165028 -0.0167571 -1.27587
-0.0170683 -0.0170399 -1.27587
-0.0167856 -0.0170399 -1.27587
-0.0165028 -0.0170399 -1.27587
-0.0170683 -0.0173226 -1.27587
-0.0167856 -0.0173226 -1.27587
-0.0165028 -0.0173226 -1.27586
-0.0170683 -0.0176054 -1.27587
-0.0167856 -0.0176054 -1.27587
-0.0165028 -0.0176054 -1.27586
-0.0170683 -0.0178882 -1.27587
-0.0167856 -0.0178882 -1.27586
-0.0165028 -0.0178882 -1.27586
-0.0170683 -0.0181709 -1.27587
-0.0167856 -0.0181709 -1.27586
-0.0165028 -0.0181709 -1.27586
-0.0170683 -0.0184537 -1.27586
-0.0167856 -0.0184537 -1.27586
-0.0165028 -0.0184537 -1.27586
-0.0170683 -0.0187364 -1.27586
-0.0167856 -0.0187364 -1.27586
-0.0165028 -0.0187364 -1.27586
-0.0170683 -0.0190192 -1.27586
-0.0167856 -0.0190192 -1.27586
-0.0165028 -0.0190192 -1.27586
-0.0170683 -0.019302 -1.27586
-0.0167856 -0.019302 -1.27586
-0.0165028 -0.019302 -1.27586
-0.0170683 -0.0195847 -1.27586
-0.0167856 -0.0195847 -1.27586
-0.0165028 -0.0195847 -1.27586
-0.0170683 -0.0198675 -1.27586
-0.0167856 -0.0198675 -1.27586
-0.0165028 -0.0198675 -1.27586
-0.0170683 -0.0201503 -1.27586
-0.0167856 -0.0201503 -1.27586
-0.0165028 -0.0201503 -1.27586
-0.0170683 -0.020433 -1.27586
-0.0167856 -0.020433 -1.27586
-0.0165028 -0.020433 -1.27586
-0.0170683 -0.0207158 -1.27586
-0.0167856 -0.0207158 -1.27586
-0.0165028 -0.0207158 -1.27586
-0.0170683 -0.0209985 -1.27586
-0.0167856 -0.0209985 -1.27586
-0.0165028 -0.0209985 -1.27586
-0.0170683 -0.0212813 -1.27586
-0.0167856 -0.0212813 -1.27586
-0.0165028 -0.0212813 -1.27586
-0.0170683 -0.0215641 -1.27586
-0.0167856 -0.0215641 -1.27586
-0.0165028 -0.0215641 -1.27586
-0.0170683 -0.0218468 -1.27586
-0.0167856 -0.0218468 -1.27586
-0.0165028 -0.0218468 -1.27585
-0.0170683 -0.0221296 -1.27586
-0.0167856 -0.0221296 -1.27585
-0.0165028 -0.0221296 -1.27585
-0.0170683 -0.0224124 -1.27586
-0.0167856 -0.0224124 -1.27585
-0.0165028 -0.0224124 -1.27585
-0.0170683 -0.0226951 -1.27585
-0.0167856 -0.0226951 -1.27585
-0.0165028 -0.0226951 -1.27585
-0.0170683 -0.0229779 -1.27585
-0.0167856 -0.0229779 -1.27585
-0.0165028 -0.0229779 -1.27585
-0.0170683 -0.0232606 -1.27585
-0.0167856 -0.0232606 -1.27585
-0.0165028 -0.0232606 -1.27585
-0.0170683 -0.0235434 -1.27585
-0.0167856 -0.0235434 -1.27585
-0.0165028 -0.0235434 -1.27585
-0.0170683 -0.0238262 -1.27585
-0.0167856 -0.0238262 -1.27585
-0.0165028 -0.0238262 -1.27585
-0.0170683 -0.0241089 -1.27585
-0.0167856 -0.0241089 -1.27585
-0.0165028 -0.0241089 -1.27585
-0.0170683 -0.0243917 -1.27585
-0.0167856 -0.0243917 -1.27585
-0.0165028 -0.0243917 -1.27585
-0.0170683 -0.0246745 -1.27585
-0.0167856 -0.0246745 -1.27585
-0.0165028 -0.0246745 -1.27585
-0.0170683 -0.0249572 -1.27585
-0.0167856 -0.0249572 -1.27585
-0.0165028 -0.0249572 -1.27585
-0.0170683 -0.02524 -1.27585
-0.0167856 -0.02524 -1.27585
-0.0165028 -0.02524 -1.27585
-0.0170683 -0.0255227 -1.27585
-0.0167856 -0.0255227 -1.27585
-0.0165028 -0.0255227 -1.27585
-0.0170683 -0.0258055 -1.27585
-0.0167856 -0.0258055 -1.27585
-0.0165028 -0.0258055 -1.27585
-0.0170683 -0.0260883 -1.27585
-0.0167856 -0.0260883 -1.27585
-0.0165028 -0.0260883 -1.27584
-0.0170683 -0.026371 -1.27585
-0.0167856 -0.026371 -1.27584
-0.0165028 -0.026371 -1.27584
-0.0170683 -0.0266538 -1.27585
-0.0167856 -0.0266538 -1.27584
-0.0165028 -0.0266538 -1.27584
-0.0170683 -0.0269366 -1.27584
-0.0167856 -0.0269366 -1.27584
-0.0165028 -0.0269366 -1.27584
-0.0170683 -0.0272193 -1.27584
-0.0167856 -0.0272193 -1.27584
-0.0165028 -0.0272193 -1.27584
-0.0170683 -0.0275021 -1.27584
-0.0167856 -0.0275021 -1.27584
-0.0165028 -0.0275021 -1.27584
-0.0170683 -0.0277848 -1.27584
-0.0167856 -0.0277848 -1.27584
-0.0165028 -0.0277848 -1.27584
-0.0170683 -0.0280676 -1.27584
-0.0167856 -0.0280676 -1.27584
-0.0165028 -0.0280676 -1.27584
-0.0170683 -0.0283504 -1.27584
-0.0167856 -0.0283504 -1.27584
-0.0165028 -0.0283504 -1.27584
-0.0170683 -0.0286331 -1.27584
-0.0167856 -0.0286331 -1.27584
-0.0165028 -0.0286331 -1.27584
-0.0170683 -0.0289159 -1.27584
-0.0167856 -0.0289159 -1.27584
-0.0165028 -0.0289159 -1.27584
-0.0170683 -0.0291987 -1.27584
-0.0167856 -0.0291987 -1.27584
-0.0165028 -0.0291987 -1.27584
-0.0170683 -0.0294814 -1.27584
-0.0167856 -0.0294814 -1.27584
-0.0165028 -0.0294814 -1.27584
-0.0170683 -0.0297642 -1.27584
-0.0167856 -0.0297642 -1.27584
-0.0165028 -0.0297642 -1.27584
-0.0170683 -0.0300469 -1.27584
-0.0167856 -0.0300469 -1.27584
-0.0165028 -0.0300469 -1.27584
-0.0170683 -0.0303297 -1.27584
-0.0167856 -0.0303297 -1.27584
-0.0165028 -0.0303297 -1.27583
-0.0170683 -0.0306125 -1.27584
-0.0167856 -0.0306125 -1.27583
-0.0165028 -0.0306125 -1.27583
-0.0170683 -0.0308952 -1.27584
-0.0167856 -0.0308952 -1.27583
-0.0165028 -0.0308952 -1.27583
-0.0170683 -0.031178 -1.27583
-0.0167856 -0.031178 -1.27583
-0.0165028 -0.031178 -1.27583
-0.0170683 -0.0314608 -1.27583
-0.0167856 -0.0314608 -1.27583
-0.0165028 -0.0314608 -1.27583
-0.0170683 -0.0317435 -1.27583
-0.0167856 -0.0317435 -1.27583
-0.0165028 -0.0317435 -1.27583
-0.0170683 -0.0320263 -1.27583
-0.0167856 -0.0320263 -1.27583
-0.0165028 -0.0320263 -1.27583
-0.0170683 -0.032309 -1.27583
-0.0167856 -0.032309 -1.27583
-0.0165028 -0.032309 -1.27583
-0.0170683 -0.0325918 -1.27583
-0.0167856 -0.0325918 -1.27583
-0.0165028 -0.0325918 -1.27583
-0.0170683 -0.0328746 -1.27583
-0.0167856 -0.0328746 -1.27583
-0.0165028 -0.0328746 -1.27583
-0.0170683 -0.0331573 -1.27583
-0.0167856 -0.0331573 -1.27583
-0.0165028 -0.0331573 -1.27583
-0.0170683 -0.0334401 -1.27583
-0.0167856 -0.0334401 -1.27583
-0.0165028 -0.0334401 -1.27583
-0.0170683 -0.0337229 -1.27583
-0.0167856 -0.0337229 -1.27583
-0.0165028 -0.0337229 -1.27583
-0.0170683 -0.0340056 -1.27583
-0.0167856 -0.0340056 -1.27583
-0.0165028 -0.0340056 -1.27583
-0.0170683 -0.0342884 -1.27583
-0.0167856 -0.0342884 -1.27583
-0.0165028 -0.0342884 -1.27583
-0.0170683 -0.0345711 -1.27583
-0.0167856 -0.0345711 -1.27583
-0.0165028 -0.0345711 -1.27582
-0.0170683 -0.0348539 -1.27583
-0.0167856 -0.0348539 -1.27582
-0.0165028 -0.0348539 -1.27582
-0.0170683 -0.0351367 -1.27583
-0.0167856 -0.0351367 -1.27582
-0.0165028 -0.0351367 -1.27582
-0.0170683 -0.0354194 -1.27582
-0.0167856 -0.0354194 -1.27582
-0.0165028 -0.0354194 -1.27582
-0.0170683 -0.0357022 -1.27582
-0.0167856 -0.0357022 -1.27582
-0.0165028 -0.0357022 -1.27582
-0.0170683 -0.035985 -1.27582
-0.0167856 -0.035985 -1.27582
-0.0165028 -0.035985 -1.27582
-0.0170683 -0.0362677 -1.27582
-0.0167856 -0.0362677 -1.27582
-0.0165028 -0.0362677 -1.27582
-0.0170683 -0.0365505 -1.27582
-0.0167856 -0.0365505 -1.27582
-0.0165028 -0.0365505 -1.27582
-0.0170683 -0.0368332 -1.27582
-0.0167856 -0.0368332 -1.27582
-0.0165028 -0.0368332 -1.27582
-0.0170683 -0.037116 -1.27582
-0.0167856 -0.037116 -1.27582
-0.0165028 -0.037116 -1.27582
-0.0170683 -0.0373988 -1.27582
-0.0167856 -0.0373988 -1.27582
-0.0165028 -0.0373988 -1.27582
-0.0170683 -0.0376815 -1.27582
-0.0167856 -0.0376815 -1.27582
-0.0165028 -0.0376815 -1.27582
-0.0170683 -0.0379643 -1.27582
-0.0167856 -0.0379643 -1.27582
-0.0165028 -0.0379643 -1.27582
-0.0170683 -0.0382471 -1.27582
-0.0167856 -0.0382471 -1.27582
-0.0165028 -0.0382471 -1.27582
-0.0170683 -0.0385298 -1.27582
-0.0167856 -0.0385298 -1.27582
-0.0165028 -0.0385298 -1.27582
-0.0170683 -0.0388126 -1.27582
-0.0167856 -0.0388126 -1.27582
-0.0165028 -0.0388126 -1.27581
-0.0170683 -0.0390953 -1.27582
-0.0167856 -0.0390953 -1.27581
-0.0165028 -0.0390953 -1.27581
-0.0170683 -0.0393781 -1.27582
-0.0167856 -0.0393781 -1.27581
-0.0165028 -0.0393781 -1.27581
