0.000144341 -0.0691524 -1.13217
-0.00126989 -0.0691524 -1.13217
-0.00268412 -0.0691524 -1.13217
0.000144341 -0.0677381 -1.13217
-0.00126989 -0.0677381 -1.13217
-0.00268412 -0.0677381 -1.13218
0.000144341 -0.0663239 -1.13217
-0.00126989 -0.0663239 -1.13217
-0.00268412 -0.0663239 -1.13218
0.000144341 -0.0649097 -1.13217
-0.00126989 -0.0649097 -1.13217
-0.00268412 -0.0649097 -1.13218
0.000144341 -0.0634954 -1.13217
-0.00126989 -0.0634954 -1.13217
-0.00268412 -0.0634954 -1.13218
0.000144341 -0.0620812 -1.13217
-0.00126989 -0.0620812 -1.13217
-0.00268412 -0.0620812 -1.13218
0.000144341 -0.060667 -1.13217
-0.00126989 -0.060667 -1.13217
-0.00268412 -0.060667 -1.13218
0.000144341 -0.0592527 -1.13217
-0.00126989 -0.0592527 -1.13218
-0.00268412 -0.0592527 -1.13218
0.000144341 -0.0578385 -1.13217
-0.00126989 -0.0578385 -1.13218
-0.00268412 -0.0578385 -1.13218
0.000144341 -0.0564243 -1.13217
-0.00126989 -0.0564243 -1.13218
-0.00268412 -0.0564243 -1.13218
0.000144341 -0.0550101 -1.13217
-0.00126989 -0.0550101 -1.13218
-0.00268412 -0.0550101 -1.13218
0.000144341 -0.0535958 -1.13217
-0.00126989 -0.0535958 -1.13218
-0.00268412 -0.0535958 -1.13218
0.000144341 -0.0521816 -1.13217
-0.00126989 -0.0521816 -1.13218
-0.00268412 -0.0521816 -1.13218
0.000144341 -0.0507674 -1.13218
-0.00126989 -0.0507674 -1.13218
-0.00268412 -0.0507674 -1.13218
0.000144341 -0.0493531 -1.13218
-0.00126989 -0.0493531 -1.13218
-0.00268412 -0.0493531 -1.13218
0.000144341 -0.0479389 -1.13218
-0.00126989 -0.0479389 -1.13218
-0.00268412 -0.0479389 -1.13218
0.000144341 -0.0465247 -1.13218
-0.00126989 -0.0465247 -1.13218
-0.00268412 -0.0465247 -1.13218
0.000144341 -0.0451104 -1.13218
-0.00126989 -0.0451104 -1.13218
-0.00268412 -0.0451104 -1.13218
0.000144341 -0.0436962 -1.13218
-0.00126989 -0.0436962 -1.13218
-0.00268412 -0.0436962 -1.13218
0.000144341 -0.042282 -1.13218
-0.00126989 -0.042282 -1.13218
-0.00268412 -0.042282 -1.13218
0.000144341 -0.0408677 -1.13218
-0.00126989 -0.0408677 -1.13218
-0.00268412 -0.0408677 -1.13218
0.000144341 -0.0394535 -1.13218
-0.00126989 -0.0394535 -1.13218
-0.00268412 -0.0394535 -1.13218
0.000144341 -0.0380393 -1.13218
-0.00126989 -0.0380393 -1.13218
-0.00268412 -0.0380393 -1.13218
0.000144341 -0.036625 -1.13218
-0.00126989 -0.036625 -1.13218
-0.00268412 -0.036625 -1.13218
0.000144341 -0.0352108 -1.13218
-0.00126989 -0.0352108 -1.13218
-0.00268412 -0.0352108 -1.13218
0.000144341 -0.0337966 -1.13218
-0.00126989 -0.0337966 -1.13218
-0.00268412 -0.0337966 -1.13219
0.000144341 -0.0323823 -1.13218
-0.00126989 -0.0323823 -1.13218
-0.00268412 -0.0323823 -1.13219
0.000144341 -0.0309681 -1.13218
-0.00126989 -0.0309681 -1.13218
-0.00268412 -0.0309681 -1.13219
0.000144341 -0.0295539 -1.13218
-0.00126989 -0.0295539 -1.13218
-0.00268412 -0.0295539 -1.13219
0.000144341 -0.0281396 -1.13218
-0.00126989 -0.0281396 -1.13218
-0.00268412 -0.0281396 -1.13219
0.000144341 -0.0267254 -1.13218
-0.00126989 -0.0267254 -1.13218
-0.00268412 -0.0267254 -1.13219
0.000144341 -0.0253112 -1.13218
-0.00126989 -0.0253112 -1.13219
-0.00268412 -0.0253112 -1.13219
0.000144341 -0.0238969 -1.13218
-0.00126989 -0.0238969 -1.13219
-0.00268412 -0.0238969 -1.13219
0.000144341 -0.0224827 -1.13218
-0.00126989 -0.0224827 -1.13219
-0.00268412 -0.0224827 -1.13219
0.000144341 -0.0210685 -1.13218
-0.00126989 -0.0210685 -1.13219
-0.00268412 -0.0210685 -1.13219
0.000144341 -0.0196542 -1.13218
-0.00126989 -0.0196542 -1.13219
-0.00268412 -0.0196542 -1.13219
0.000144341 -0.01824 -1.13218
-0.00126989 -0.01824 -1.13219
-0.00268412 -0.01824 -1.13219
0.000144341 -0.0168258 -1.13219
-0.00126989 -0.0168258 -1.13219
-0.00268412 -0.0168258 -1.13219
0.000144341 -0.0154115 -1.13219
-0.00126989 -0.0154115 -1.13219
-0.00268412 -0.0154115 -1.13219
0.000144341 -0.0139973 -1.13219
-0.00126989 -0.0139973 -1.13219
-0.00268412 -0.0139973 -1.13219
0.000144341 -0.0125831 -1.13219
-0.00126989 -0.0125831 -1.13219
-0.00268412 -0.0125831 -1.13219
0.000144341 -0.0111689 -1.13219
-0.00126989 -0.0111689 -1.13219
-0.00268412 -0.0111689 -1.13219
0.000144341 -0.00975462 -1.13219
-0.00126989 -0.00975462 -1.13219
-0.00268412 -0.00975462 -1.13219
0.000144341 -0.00834039 -1.13219
-0.00126989 -0.00834039 -1.13219
-0.00268412 -0.00834039 -1.13219
0.000144341 -0.00692615 -1.13219
-0.00126989 -0.00692615 -1.13219
-0.00268412 -0.00692615 -1.13219
0.000144341 -0.00551192 -1.13219
-0.00126989 -0.00551192 -1.13219
-0.00268412 -0.00551192 -1.13219
0.000144341 -0.00409769 -1.13219
-0.00126989 -0.00409769 -1.13219
-0.00268412 -0.00409769 -1.13219
0.000144341 -0.00268346 -1.13219
-0.00126989 -0.00268346 -1.13219
-0.00268412 -0.00268346 -1.13219
0.000144341 -0.00126923 -1.13219
-0.00126989 -0.00126923 -1.13219
-0.00268412 -0.00126923 -1.13219
0.000144341 0.000145006 -1.13219
-0.00126989 0.000145006 -1.13219
-0.00268412 0.000145006 -1.1322
0.000144341 0.00155924 -1.13219
-0.00126989 0.00155924 -1.13219
-0.00268412 0.00155924 -1.1322
0.000144341 0.00297347 -1.13219
-0.00126989 0.00297347 -1.13219
-0.00268412 0.00297347 -1.1322
0.000144341 0.0043877 -1.13219
-0.00126989 0.0043877 -1.13219
-0.00268412 0.0043877 -1.1322
0.000144341 0.00580194 -1.13219
-0.00126989 0.00580194 -1.13219
-0.00268412 0.00580194 -1.1322
0.000144341 0.00721617 -1.13219
-0.00126989 0.00721617 -1.13219
-0.00268412 0.00721617 -1.1322
0.000144341 0.0086304 -1.13219
-0.00126989 0.0086304 -1.1322
-0.00268412 0.0086304 -1.1322
0.000144341 0.0100446 -1.13219
-0.00126989 0.0100446 -1.1322
-0.00268412 0.0100446 -1.1322
0.000144341 0.0114589 -1.13219
-0.00126989 0.0114589 -1.1322
-0.00268412 0.0114589 -1.1322
0.000144341 0.0128731 -1.13219
-0.00126989 0.0128731 -1.1322
-0.00268412 0.0128731 -1.1322
0.000144341 0.0142873 -1.13219
-0.00126989 0.0142873 -1.1322
-0.00268412 0.0142873 -1.1322
0.000144341 0.0157016 -1.13219
-0.00126989 0.0157016 -1.1322
-0.00268412 0.0157016 -1.1322
0.000144341 0.0171158 -1.1322
-0.00126989 0.0171158 -1.1322
-0.00268412 0.0171158 -1.1322
0.000144341 0.01853 -1.1322
-0.00126989 0.01853 -1.1322
-0.00268412 0.01853 -1.1322
0.000144341 0.0199443 -1.1322
-0.00126989 0.0199443 -1.1322
-0.00268412 0.0199443 -1.1322
0.000144341 0.0213585 -1.1322
-0.00126989 0.0213585 -1.1322
-0.00268412 0.0213585 -1.1322
0.000144341 0.0227727 -1.1322
-0.00126989 0.0227727 -1.1322
-0.00268412 0.0227727 -1.1322
0.000144341 0.024187 -1.1322
-0.00126989 0.024187 -1.1322
-0.00268412 0.024187 -1.1322
0.000144341 0.0256012 -1.1322
-0.00126989 0.0256012 -1.1322
-0.00268412 0.0256012 -1.1322
0.000144341 0.0270154 -1.1322
-0.00126989 0.0270154 -1.1322
-0.00268412 0.0270154 -1.1322
0.000144341 0.0284297 -1.1322
-0.00126989 0.0284297 -1.1322
-0.00268412 0.0284297 -1.1322
0.000144341 0.0298439 -1.1322
-0.00126989 0.0298439 -1.1322
-0.00268412 0.0298439 -1.1322
0.000144341 0.0312581 -1.1322
-0.00126989 0.0312581 -1.1322
-0.00268412 0.0312581 -1.1322
0.000144341 0.0326723 -1.1322
-0.00126989 0.0326723 -1.1322
-0.00268412 0.0326723 -1.1322
0.000144341 0.0340866 -1.1322
-0.00126989 0.0340866 -1.1322
-0.00268412 0.0340866 -1.13221
0.000144341 0.0355008 -1.1322
-0.00126989 0.0355008 -1.1322
-0.00268412 0.0355008 -1.13221
0.000144341 0.036915 -1.1322
-0.00126989 0.036915 -1.1322
-0.00268412 0.036915 -1.13221
0.000144341 0.0383293 -1.1322
-0.00126989 0.0383293 -1.1322
-0.00268412 0.0383293 -1.13221
0.000144341 0.0397435 -1.1322
-0.00126989 0.0397435 -1.1322
-0.00268412 0.0397435 -1.13221
0.000144341 0.0411577 -1.1322
-0.00126989 0.0411577 -1.1322
-0.00268412 0.0411577 -1.13221
0.000144341 0.042572 -1.1322
-0.00126989 0.042572 -1.13221
-0.00268412 0.042572 -1.13221
0.000144341 0.0439862 -1.1322
-0.00126989 0.0439862 -1.13221
-0.00268412 0.0439862 -1.13221
0.000144341 0.0454004 -1.1322
-0.00126989 0.0454004 -1.13221
-0.00268412 0.0454004 -1.13221
0.000144341 0.0468147 -1.1322
-0.00126989 0.0468147 -1.13221
-0.00268412 0.0468147 -1.13221
0.000144341 0.0482289 -1.1322
-0.00126989 0.0482289 -1.13221
-0.00268412 0.0482289 -1.13221
0.000144341 0.0496431 -1.1322
-0.00126989 0.0496431 -1.13221
-0.00268412 0.0496431 -1.13221
0.000144341 0.0510574 -1.13221
-0.00126989 0.0510574 -1.13221
-0.00268412 0.0510574 -1.13221
0.000144341 0.0524716 -1.13221
-0.00126989 0.0524716 -1.13221
-0.00268412 0.0524716 -1.13221
0.000144341 0.0538858 -1.13221
-0.00126989 0.0538858 -1.13221
-0.00268412 0.0538858 -1.13221
0.000144341 0.0553001 -1.13221
-0.00126989 0.0553001 -1.13221
-0.00268412 0.0553001 -1.13221
0.000144341 0.0567143 -1.13221
-0.00126989 0.0567143 -1.13221
-0.00268412 0.0567143 -1.13221
0.000144341 0.0581285 -1.13221
-0.00126989 0.0581285 -1.13221
-0.00268412 0.0581285 -1.13221
0.000144341 0.0595428 -1.13221
-0.00126989 0.0595428 -1.13221
-0.00268412 0.0595428 -1.13221
0.000144341 0.060957 -1.13221
-0.00126989 0.060957 -1.13221
-0.00268412 0.060957 -1.13221
0.000144341 0.0623712 -1.13221
-0.00126989 0.0623712 -1.13221
-0.00268412 0.0623712 -1.13221
0.000144341 0.0637855 -1.13221
-0.00126989 0.0637855 -1.13221
-0.00268412 0.0637855 -1.13221
0.000144341 0.0651997 -1.13221
-0.00126989 0.0651997 -1.13221
-0.00268412 0.0651997 -1.13221
0.000144341 0.0666139 -1.13221
-0.00126989 0.0666139 -1.13221
-0.00268412 0.0666139 -1.13221
0.000144341 0.0680282 -1.13221
-0.00126989 0.0680282 -1.13221
-0.00268412 0.0680282 -1.13222
0.000144341 0.0694424 -1.13221
-0.00126989 0.0694424 -1.13221
-0.00268412 0.0694424 -1.13222
0.000144341 0.0708566 -1.13221
-0.00126989 0.0708566 -1.13221
-0.00268412 0.0708566 -1.13222
0.000144341 0.0722708 -1.13221
-0.00126989 0.0722708 -1.13221
-0.00268412 0.0722708 -1.13222
0.000144341 0.0736851 -1.13221
-0.00126989 0.0736851 -1.13221
-0.00268412 0.0736851 -1.13222
0.000144341 0.0750993 -1.13221
-0.00126989 0.0750993 -1.13221
-0.00268412 0.0750993 -1.13222
0.000144341 0.0765135 -1.13221
-0.00126989 0.0765135 -1.13222
-0.00268412 0.0765135 -1.13222
0.000144341 0.0779278 -1.13221
-0.00126989 0.0779278 -1.13222
-0.00268412 0.0779278 -1.13222
0.000144341 0.079342 -1.13221
-0.00126989 0.079342 -1.13222
-0.00268412 0.079342 -1.13222
0.000144341 0.0807562 -1.13221
-0.00126989 0.0807562 -1.13222
-0.00268412 0.0807562 -1.13222
0.000144341 0.0821705 -1.13221
-0.00126989 0.0821705 -1.13222
-0.00268412 0.0821705 -1.13222
0.000144341 0.0835847 -1.13221
-0.00126989 0.0835847 -1.13222
-0.00268412 0.0835847 -1.13222
0.000144341 0.0849989 -1.13222
-0.00126989 0.0849989 -1.13222
-0.00268412 0.0849989 -1.13222
0.000144341 0.0864132 -1.13222
-0.00126989 0.0864132 -1.13222
-0.00268412 0.0864132 -1.13222
