0.00987701 0.0413147 -0.822215
0.0103268 0.0413147 -0.822219
0.0107767 0.0413147 -0.822222
0.00987701 0.0408649 -0.822216
0.0103268 0.0408649 -0.822219
0.0107767 0.0408649 -0.822222
0.00987701 0.040415 -0.822216
0.0103268 0.040415 -0.822219
0.0107767 0.040415 -0.822223
0.00987701 0.0399652 -0.822217
0.0103268 0.0399652 -0.82222
0.0107767 0.0399652 -0.822223
0.00987701 0.0395154 -0.822217
0.0103268 0.0395154 -0.82222
0.0107767 0.0395154 -0.822224
0.00987701 0.0390656 -0.822217
0.0103268 0.0390656 -0.822221
0.0107767 0.0390656 -0.822224
0.00987701 0.0386157 -0.822218
0.0103268 0.0386157 -0.822221
0.0107767 0.0386157 -0.822225
0.00987701 0.0381659 -0.822218
0.0103268 0.0381659 -0.822222
0.0107767 0.0381659 -0.822225
0.00987701 0.0377161 -0.822219
0.0103268 0.0377161 -0.822222
0.0107767 0.0377161 -0.822226
0.00987701 0.0372662 -0.822219
0.0103268 0.0372662 -0.822223
0.0107767 0.0372662 -0.822226
0.00987701 0.0368164 -0.82222
0.0103268 0.0368164 -0.822223
0.0107767 0.0368164 -0.822227
0.00987701 0.0363666 -0.82222
0.0103268 0.0363666 -0.822224
0.0107767 0.0363666 -0.822227
0.00987701 0.0359168 -0.822221
0.0103268 0.0359168 -0.822224
0.0107767 0.0359168 -0.822227
0.00987701 0.0354669 -0.822221
0.0103268 0.0354669 -0.822225
0.0107767 0.0354669 -0.822228
0.00987701 0.0350171 -0.822222
0.0103268 0.0350171 -0.822225
0.0107767 0.0350171 -0.822228
0.00987701 0.0345673 -0.822222
0.0103268 0.0345673 -0.822226
0.0107767 0.0345673 -0.822229
0.00987701 0.0341174 -0.822223
0.0103268 0.0341174 -0.822226
0.0107767 0.0341174 -0.822229
0.00987701 0.0336676 -0.822223
0.0103268 0.0336676 -0.822226
0.0107767 0.0336676 -0.82223
0.00987701 0.0332178 -0.822223
0.0103268 0.0332178 -0.822227
0.0107767 0.0332178 -0.82223
0.00987701 0.032768 -0.822224
0.0103268 0.032768 -0.822227
0.0107767 0.032768 -0.822231
0.00987701 0.0323181 -0.822224
0.0103268 0.0323181 -0.822228
0.0107767 0.0323181 -0.822231
0.00987701 0.0318683 -0.822225
0.0103268 0.0318683 -0.822228
0.0107767 0.0318683 -0.822232
0.00987701 0.0314185 -0.822225
0.0103268 0.0314185 -0.822229
0.0107767 0.0314185 -0.822232
0.00987701 0.0309686 -0.822226
0.0103268 0.0309686 -0.822229
0.0107767 0.0309686 -0.822233
0.00987701 0.0305188 -0.822226
0.0103268 0.0305188 -0.82223
0.0107767 0.0305188 -0.822233
0.00987701 0.030069 -0.822227
0.0103268 0.030069 -0.82223
0.0107767 0.030069 -0.822233
0.00987701 0.0296192 -0.822227
0.0103268 0.0296192 -0.822231
0.0107767 0.0296192 -0.822234
0.00987701 0.0291693 -0.822228
0.0103268 0.0291693 -0.822231
0.0107767 0.0291693 -0.822234
0.00987701 0.0287195 -0.822228
0.0103268 0.0287195 -0.822232
0.0107767 0.0287195 -0.822235
0.00987701 0.0282697 -0.822229
0.0103268 0.0282697 -0.822232
0.0107767 0.0282697 -0.822235
0.00987701 0.0278198 -0.822229
0.0103268 0.0278198 -0.822232
0.0107767 0.0278198 -0.822236
0.00987701 0.02737 -0.82223
0.0103268 0.02737 -0.822233
0.0107767 0.02737 -0.822236
0.00987701 0.0269202 -0.82223
0.0103268 0.0269202 -0.822233
0.0107767 0.0269202 -0.822237
0.00987701 0.0264704 -0.82223
0.0103268 0.0264704 -0.822234
0.0107767 0.0264704 -0.822237
0.00987701 0.0260205 -0.822231
0.0103268 0.0260205 -0.822234
0.0107767 0.0260205 -0.822238
0.00987701 0.0255707 -0.822231
0.0103268 0.0255707 -0.822235
0.0107767 0.0255707 -0.822238
0.00987701 0.0251209 -0.822232
0.0103268 0.0251209 -0.822235
0.0107767 0.0251209 -0.822239
0.00987701 0.024671 -0.822232
0.0103268 0.024671 -0.822236
0.0107767 0.024671 -0.822239
0.00987701 0.0242212 -0.822233
0.0103268 0.0242212 -0.822236
0.0107767 0.0242212 -0.82224
0.00987701 0.0237714 -0.822233
0.0103268 0.0237714 -0.822237
0.0107767 0.0237714 -0.82224
0.00987701 0.0233216 -0.822234
0.0103268 0.0233216 -0.822237
0.0107767 0.0233216 -0.82224
0.00987701 0.0228717 -0.822234
0.0103268 0.0228717 -0.822238
0.0107767 0.0228717 -0.822241
0.00987701 0.0224219 -0.822235
0.0103268 0.0224219 -0.822238
0.0107767 0.0224219 -0.822241
0.00987701 0.0219721 -0.822235
0.0103268 0.0219721 -0.822239
0.0107767 0.0219721 -0.822242
0.00987701 0.0215223 -0.822236
0.0103268 0.0215223 -0.822239
0.0107767 0.0215223 -0.822242
0.00987701 0.0210724 -0.822236
0.0103268 0.0210724 -0.822239
0.0107767 0.0210724 -0.822243
0.00987701 0.0206226 -0.822236
0.0103268 0.0206226 -0.82224
0.0107767 0.0206226 -0.822243
0.00987701 0.0201728 -0.822237
0.0103268 0.0201728 -0.82224
0.0107767 0.0201728 -0.822244
0.00987701 0.0197229 -0.822237
0.0103268 0.0197229 -0.822241
0.0107767 0.0197229 -0.822244
0.00987701 0.0192731 -0.822238
0.0103268 0.0192731 -0.822241
0.0107767 0.0192731 -0.822245
0.00987701 0.0188233 -0.822238
0.0103268 0.0188233 -0.822242
0.0107767 0.0188233 -0.822245
0.00987701 0.0183735 -0.822239
0.0103268 0.0183735 -0.822242
0.0107767 0.0183735 -0.822246
0.00987701 0.0179236 -0.822239
0.0103268 0.0179236 -0.822243
0.0107767 0.0179236 -0.822246
0.00987701 0.0174738 -0.82224
0.0103268 0.0174738 -0.822243
0.0107767 0.0174738 -0.822246
0.00987701 0.017024 -0.82224
0.0103268 0.017024 -0.822244
0.0107767 0.017024 -0.822247
0.00987701 0.0165741 -0.822241
0.0103268 0.0165741 -0.822244
0.0107767 0.0165741 -0.822247
0.00987701 0.0161243 -0.822241
0.0103268 0.0161243 -0.822245
0.0107767 0.0161243 -0.822248
0.00987701 0.0156745 -0.822242
0.0103268 0.0156745 -0.822245
0.0107767 0.0156745 -0.822248
0.00987701 0.0152247 -0.822242
0.0103268 0.0152247 -0.822245
0.0107767 0.0152247 -0.822249
0.00987701 0.0147748 -0.822242
0.0103268 0.0147748 -0.822246
0.0107767 0.0147748 -0.822249
0.00987701 0.014325 -0.822243
0.0103268 0.014325 -0.822246
0.0107767 0.014325 -0.82225
0.00987701 0.0138752 -0.822243
0.0103268 0.0138752 -0.822247
0.0107767 0.0138752 -0.82225
0.00987701 0.0134253 -0.822244
0.0103268 0.0134253 -0.822247
0.0107767 0.0134253 -0.822251
0.00987701 0.0129755 -0.822244
0.0103268 0.0129755 -0.822248
0.0107767 0.0129755 -0.822251
0.00987701 0.0125257 -0.822245
0.0103268 0.0125257 -0.822248
0.0107767 0.0125257 -0.822252
0.00987701 0.0120759 -0.822245
0.0103268 0.0120759 -0.822249
0.0107767 0.0120759 -0.822252
0.00987701 0.011626 -0.822246
0.0103268 0.011626 -0.822249
0.0107767 0.011626 -0.822253
0.00987701 0.0111762 -0.822246
0.0103268 0.0111762 -0.82225
0.0107767 0.0111762 -0.822253
0.00987701 0.0107264 -0.822247
0.0103268 0.0107264 -0.82225
0.0107767 0.0107264 -0.822253
0.00987701 0.0102765 -0.822247
0.0103268 0.0102765 -0.822251
0.0107767 0.0102765 -0.822254
0.00987701 0.00982671 -0.822248
0.0103268 0.00982671 -0.822251
0.0107767 0.00982671 -0.822254
0.00987701 0.00937688 -0.822248
0.0103268 0.00937688 -0.822251
0.0107767 0.00937688 -0.822255
0.00987701 0.00892705 -0.822249
0.0103268 0.00892705 -0.822252
0.0107767 0.00892705 -0.822255
0.00987701 0.00847722 -0.822249
0.0103268 0.00847722 -0.822252
0.0107767 0.00847722 -0.822256
0.00987701 0.0080274 -0.822249
0.0103268 0.0080274 -0.822253
0.0107767 0.0080274 -0.822256
0.00987701 0.00757757 -0.82225
0.0103268 0.00757757 -0.822253
0.0107767 0.00757757 -0.822257
0.00987701 0.00712774 -0.82225
0.0103268 0.00712774 -0.822254
0.0107767 0.00712774 -0.822257
0.00987701 0.00667791 -0.822251
0.0103268 0.00667791 -0.822254
0.0107767 0.00667791 -0.822258
0.00987701 0.00622808 -0.822251
0.0103268 0.00622808 -0.822255
0.0107767 0.00622808 -0.822258
0.00987701 0.00577825 -0.822252
0.0103268 0.00577825 -0.822255
0.0107767 0.00577825 -0.822259
0.00987701 0.00532842 -0.822252
0.0103268 0.00532842 -0.822256
0.0107767 0.00532842 -0.822259
0.00987701 0.0048786 -0.822253
0.0103268 0.0048786 -0.822256
0.0107767 0.0048786 -0.822259
0.00987701 0.00442877 -0.822253
0.0103268 0.00442877 -0.822257
0.0107767 0.00442877 -0.82226
0.00987701 0.00397894 -0.822254
0.0103268 0.00397894 -0.822257
0.0107767 0.00397894 -0.82226
0.00987701 0.00352911 -0.822254
0.0103268 0.00352911 -0.822258
0.0107767 0.00352911 -0.822261
0.00987701 0.00307928 -0.822255
0.0103268 0.00307928 -0.822258
0.0107767 0.00307928 -0.822261
0.00987701 0.00262945 -0.822255
0.0103268 0.00262945 -0.822258
0.0107767 0.00262945 -0.822262
0.00987701 0.00217962 -0.822255
0.0103268 0.00217962 -0.822259
0.0107767 0.00217962 -0.822262
0.00987701 0.0017298 -0.822256
0.0103268 0.0017298 -0.822259
0.0107767 0.0017298 -0.822263
0.00987701 0.00127997 -0.822256
0.0103268 0.00127997 -0.82226
0.0107767 0.00127997 -0.822263
0.00987701 0.000830139 -0.822257
0.0103268 0.000830139 -0.82226
0.0107767 0.000830139 -0.822264
0.00987701 0.000380311 -0.822257
0.0103268 0.000380311 -0.822261
0.0107767 0.000380311 -0.822264
0.00987701 -6.95177e-05 -0.822258
0.0103268 -6.95177e-05 -0.822261
0.0107767 -6.95177e-05 -0.822265
0.00987701 -0.000519346 -0.822258
0.0103268 -0.000519346 -0.822262
0.0107767 -0.000519346 -0.822265
0.00987701 -0.000969175 -0.822259
0.0103268 -0.000969175 -0.822262
0.0107767 -0.000969175 -0.822266
0.00987701 -0.001419 -0.822259
0.0103268 -0.001419 -0.822263
0.0107767 -0.001419 -0.822266
0.00987701 -0.00186883 -0.82226
0.0103268 -0.00186883 -0.822263
0.0107767 -0.00186883 -0.822266
0.00987701 -0.00231866 -0.82226
0.0103268 -0.00231866 -0.822264
0.0107767 -0.00231866 -0.822267
0.00987701 -0.00276849 -0.822261
0.0103268 -0.00276849 -0.822264
0.0107767 -0.00276849 -0.822267
0.00987701 -0.00321832 -0.822261
0.0103268 -0.00321832 -0.822264
0.0107767 -0.00321832 -0.822268
0.00987701 -0.00366815 -0.822262
0.0103268 -0.00366815 -0.822265
0.0107767 -0.00366815 -0.822268
0.00987701 -0.00411797 -0.822262
0.0103268 -0.00411797 -0.822265
0.0107767 -0.00411797 -0.822269
0.00987701 -0.0045678 -0.822262
0.0103268 -0.0045678 -0.822266
0.0107767 -0.0045678 -0.822269
0.00987701 -0.00501763 -0.822263
0.0103268 -0.00501763 -0.822266
0.0107767 -0.00501763 -0.82227
0.00987701 -0.00546746 -0.822263
0.0103268 -0.00546746 -0.822267
0.0107767 -0.00546746 -0.82227
0.00987701 -0.00591729 -0.822264
0.0103268 -0.00591729 -0.822267
0.0107767 -0.00591729 -0.822271
0.00987701 -0.00636712 -0.822264
0.0103268 -0.00636712 -0.822268
0.0107767 -0.00636712 -0.822271
0.00987701 -0.00681695 -0.822265
0.0103268 -0.00681695 -0.822268
0.0107767 -0.00681695 -0.822272
0.00987701 -0.00726677 -0.822265
0.0103268 -0.00726677 -0.822269
0.0107767 -0.00726677 -0.822272
0.00987701 -0.0077166 -0.822266
0.0103268 -0.0077166 -0.822269
0.0107767 -0.0077166 -0.822272
0.00987701 -0.00816643 -0.822266
0.0103268 -0.00816643 -0.82227
0.0107767 -0.00816643 -0.822273
