-0.000498009 0.0445601 -0.722181
-2.12067e-05 0.0445601 -0.722178
0.000455595 0.0445601 -0.722175
-0.000498009 0.0440833 -0.722182
-2.12067e-05 0.0440833 -0.722179
0.000455595 0.0440833 -0.722175
-0.000498009 0.0436065 -0.722182
-2.12067e-05 0.0436065 -0.722179
0.000455595 0.0436065 -0.722176
-0.000498009 0.0431297 -0.722183
-2.12067e-05 0.0431297 -0.72218
0.000455595 0.0431297 -0.722176
-0.000498009 0.0426529 -0.722183
-2.12067e-05 0.0426529 -0.72218
0.000455595 0.0426529 -0.722177
-0.000498009 0.0421761 -0.722184
-2.12067e-05 0.0421761 -0.722181
0.000455595 0.0421761 -0.722178
-0.000498009 0.0416993 -0.722185
-2.12067e-05 0.0416993 -0.722181
0.000455595 0.0416993 -0.722178
-0.000498009 0.0412225 -0.722185
-2.12067e-05 0.0412225 -0.722182
0.000455595 0.0412225 -0.722179
-0.000498009 0.0407457 -0.722186
-2.12067e-05 0.0407457 -0.722183
0.000455595 0.0407457 -0.722179
-0.000498009 0.0402689 -0.722186
-2.12067e-05 0.0402689 -0.722183
0.000455595 0.0402689 -0.72218
-0.000498009 0.0397921 -0.722187
-2.12067e-05 0.0397921 -0.722184
0.000455595 0.0397921 -0.722181
-0.000498009 0.0393153 -0.722188
-2.12067e-05 0.0393153 -0.722184
0.000455595 0.0393153 -0.722181
-0.000498009 0.0388385 -0.722188
-2.12067e-05 0.0388385 -0.722185
0.000455595 0.0388385 -0.722182
-0.000498009 0.0383617 -0.722189
-2.12067e-05 0.0383617 -0.722186
0.000455595 0.0383617 -0.722182
-0.000498009 0.0378849 -0.722189
-2.12067e-05 0.0378849 -0.722186
0.000455595 0.0378849 -0.722183
-0.000498009 0.0374081 -0.72219
-2.12067e-05 0.0374081 -0.722187
0.000455595 0.0374081 -0.722184
-0.000498009 0.0369313 -0.722191
-2.12067e-05 0.0369313 -0.722187
0.000455595 0.0369313 -0.722184
-0.000498009 0.0364545 -0.722191
-2.12067e-05 0.0364545 -0.722188
0.000455595 0.0364545 -0.722185
-0.000498009 0.0359777 -0.722192
-2.12067e-05 0.0359777 -0.722189
0.000455595 0.0359777 -0.722185
-0.000498009 0.0355009 -0.722192
-2.12067e-05 0.0355009 -0.722189
0.000455595 0.0355009 -0.722186
-0.000498009 0.0350241 -0.722193
-2.12067e-05 0.0350241 -0.72219
0.000455595 0.0350241 -0.722187
-0.000498009 0.0345473 -0.722194
-2.12067e-05 0.0345473 -0.72219
0.000455595 0.0345473 -0.722187
-0.000498009 0.0340705 -0.722194
-2.12067e-05 0.0340705 -0.722191
0.000455595 0.0340705 -0.722188
-0.000498009 0.0335936 -0.722195
-2.12067e-05 0.0335936 -0.722192
0.000455595 0.0335936 -0.722188
-0.000498009 0.0331168 -0.722195
-2.12067e-05 0.0331168 -0.722192
0.000455595 0.0331168 -0.722189
-0.000498009 0.03264 -0.722196
-2.12067e-05 0.03264 -0.722193
0.000455595 0.03264 -0.72219
-0.000498009 0.0321632 -0.722196
-2.12067e-05 0.0321632 -0.722193
0.000455595 0.0321632 -0.72219
-0.000498009 0.0316864 -0.722197
-2.12067e-05 0.0316864 -0.722194
0.000455595 0.0316864 -0.722191
-0.000498009 0.0312096 -0.722198
-2.12067e-05 0.0312096 -0.722194
0.000455595 0.0312096 -0.722191
-0.000498009 0.0307328 -0.722198
-2.12067e-05 0.0307328 -0.722195
0.000455595 0.0307328 -0.722192
-0.000498009 0.030256 -0.722199
-2.12067e-05 0.030256 -0.722196
0.000455595 0.030256 -0.722193
-0.000498009 0.0297792 -0.722199
-2.12067e-05 0.0297792 -0.722196
0.000455595 0.0297792 -0.722193
-0.000498009 0.0293024 -0.7222
-2.12067e-05 0.0293024 -0.722197
0.000455595 0.0293024 -0.722194
-0.000498009 0.0288256 -0.722201
-2.12067e-05 0.0288256 -0.722197
0.000455595 0.0288256 -0.722194
-0.000498009 0.0283488 -0.722201
-2.12067e-05 0.0283488 -0.722198
0.000455595 0.0283488 -0.722195
-0.000498009 0.027872 -0.722202
-2.12067e-05 0.027872 -0.722199
0.000455595 0.027872 -0.722195
-0.000498009 0.0273952 -0.722202
-2.12067e-05 0.0273952 -0.722199
0.000455595 0.0273952 -0.722196
-0.000498009 0.0269184 -0.722203
-2.12067e-05 0.0269184 -0.7222
0.000455595 0.0269184 -0.722197
-0.000498009 0.0264416 -0.722204
-2.12067e-05 0.0264416 -0.7222
0.000455595 0.0264416 -0.722197
-0.000498009 0.0259648 -0.722204
-2.12067e-05 0.0259648 -0.722201
0.000455595 0.0259648 -0.722198
-0.000498009 0.025488 -0.722205
-2.12067e-05 0.025488 -0.722202
0.000455595 0.025488 -0.722198
-0.000498009 0.0250112 -0.722205
-2.12067e-05 0.0250112 -0.722202
0.000455595 0.0250112 -0.722199
-0.000498009 0.0245344 -0.722206
-2.12067e-05 0.0245344 -0.722203
0.000455595 0.0245344 -0.7222
-0.000498009 0.0240576 -0.722207
-2.12067e-05 0.0240576 -0.722203
0.000455595 0.0240576 -0.7222
-0.000498009 0.0235808 -0.722207
-2.12067e-05 0.0235808 -0.722204
0.000455595 0.0235808 -0.722201
-0.000498009 0.023104 -0.722208
-2.12067e-05 0.023104 -0.722205
0.000455595 0.023104 -0.722201
-0.000498009 0.0226272 -0.722208
-2.12067e-05 0.0226272 -0.722205
0.000455595 0.0226272 -0.722202
-0.000498009 0.0221504 -0.722209
-2.12067e-05 0.0221504 -0.722206
0.000455595 0.0221504 -0.722203
-0.000498009 0.0216736 -0.72221
-2.12067e-05 0.0216736 -0.722206
0.000455595 0.0216736 -0.722203
-0.000498009 0.0211968 -0.72221
-2.12067e-05 0.0211968 -0.722207
0.000455595 0.0211968 -0.722204
-0.000498009 0.02072 -0.722211
-2.12067e-05 0.02072 -0.722208
0.000455595 0.02072 -0.722204
-0.000498009 0.0202432 -0.722211
-2.12067e-05 0.0202432 -0.722208
0.000455595 0.0202432 -0.722205
-0.000498009 0.0197664 -0.722212
-2.12067e-05 0.0197664 -0.722209
0.000455595 0.0197664 -0.722206
-0.000498009 0.0192896 -0.722212
-2.12067e-05 0.0192896 -0.722209
0.000455595 0.0192896 -0.722206
-0.000498009 0.0188128 -0.722213
-2.12067e-05 0.0188128 -0.72221
0.000455595 0.0188128 -0.722207
-0.000498009 0.018336 -0.722214
-2.12067e-05 0.018336 -0.72221
0.000455595 0.018336 -0.722207
-0.000498009 0.0178592 -0.722214
-2.12067e-05 0.0178592 -0.722211
0.000455595 0.0178592 -0.722208
-0.000498009 0.0173824 -0.722215
-2.12067e-05 0.0173824 -0.722212
0.000455595 0.0173824 -0.722208
-0.000498009 0.0169056 -0.722215
-2.12067e-05 0.0169056 -0.722212
0.000455595 0.0169056 -0.722209
-0.000498009 0.0164288 -0.722216
-2.12067e-05 0.0164288 -0.722213
0.000455595 0.0164288 -0.72221
-0.000498009 0.015952 -0.722217
-2.12067e-05 0.015952 -0.722213
0.000455595 0.015952 -0.72221
-0.000498009 0.0154752 -0.722217
-2.12067e-05 0.0154752 -0.722214
0.000455595 0.0154752 -0.722211
-0.000498009 0.0149984 -0.722218
-2.12067e-05 0.0149984 -0.722215
0.000455595 0.0149984 -0.722211
-0.000498009 0.0145216 -0.722218
-2.12067e-05 0.0145216 -0.722215
0.000455595 0.0145216 -0.722212
-0.000498009 0.0140448 -0.722219
-2.12067e-05 0.0140448 -0.722216
0.000455595 0.0140448 -0.722213
-0.000498009 0.013568 -0.72222
-2.12067e-05 0.013568 -0.722216
0.000455595 0.013568 -0.722213
-0.000498009 0.0130912 -0.72222
-2.12067e-05 0.0130912 -0.722217
0.000455595 0.0130912 -0.722214
-0.000498009 0.0126144 -0.722221
-2.12067e-05 0.0126144 -0.722218
0.000455595 0.0126144 -0.722214
-0.000498009 0.0121376 -0.722221
-2.12067e-05 0.0121376 -0.722218
0.000455595 0.0121376 -0.722215
-0.000498009 0.0116607 -0.722222
-2.12067e-05 0.0116607 -0.722219
0.000455595 0.0116607 -0.722216
-0.000498009 0.0111839 -0.722223
-2.12067e-05 0.0111839 -0.722219
0.000455595 0.0111839 -0.722216
-0.000498009 0.0107071 -0.722223
-2.12067e-05 0.0107071 -0.72222
0.000455595 0.0107071 -0.722217
-0.000498009 0.0102303 -0.722224
-2.12067e-05 0.0102303 -0.722221
0.000455595 0.0102303 -0.722217
-0.000498009 0.00975354 -0.722224
-2.12067e-05 0.00975354 -0.722221
0.000455595 0.00975354 -0.722218
-0.000498009 0.00927674 -0.722225
-2.12067e-05 0.00927674 -0.722222
0.000455595 0.00927674 -0.722219
-0.000498009 0.00879994 -0.722225
-2.12067e-05 0.00879994 -0.722222
0.000455595 0.00879994 -0.722219
-0.000498009 0.00832313 -0.722226
-2.12067e-05 0.00832313 -0.722223
0.000455595 0.00832313 -0.72222
-0.000498009 0.00784633 -0.722227
-2.12067e-05 0.00784633 -0.722224
0.000455595 0.00784633 -0.72222
-0.000498009 0.00736953 -0.722227
-2.12067e-05 0.00736953 -0.722224
0.000455595 0.00736953 -0.722221
-0.000498009 0.00689273 -0.722228
-2.12067e-05 0.00689273 -0.722225
0.000455595 0.00689273 -0.722222
-0.000498009 0.00641593 -0.722228
-2.12067e-05 0.00641593 -0.722225
0.000455595 0.00641593 -0.722222
-0.000498009 0.00593912 -0.722229
-2.12067e-05 0.00593912 -0.722226
0.000455595 0.00593912 -0.722223
-0.000498009 0.00546232 -0.72223
-2.12067e-05 0.00546232 -0.722227
0.000455595 0.00546232 -0.722223
-0.000498009 0.00498552 -0.72223
-2.12067e-05 0.00498552 -0.722227
0.000455595 0.00498552 -0.722224
-0.000498009 0.00450872 -0.722231
-2.12067e-05 0.00450872 -0.722228
0.000455595 0.00450872 -0.722225
-0.000498009 0.00403191 -0.722231
-2.12067e-05 0.00403191 -0.722228
0.000455595 0.00403191 -0.722225
-0.000498009 0.00355511 -0.722232
-2.12067e-05 0.00355511 -0.722229
0.000455595 0.00355511 -0.722226
-0.000498009 0.00307831 -0.722233
-2.12067e-05 0.00307831 -0.722229
0.000455595 0.00307831 -0.722226
-0.000498009 0.00260151 -0.722233
-2.12067e-05 0.00260151 -0.72223
0.000455595 0.00260151 -0.722227
-0.000498009 0.00212471 -0.722234
-2.12067e-05 0.00212471 -0.722231
0.000455595 0.00212471 -0.722227
-0.000498009 0.0016479 -0.722234
-2.12067e-05 0.0016479 -0.722231
0.000455595 0.0016479 -0.722228
-0.000498009 0.0011711 -0.722235
-2.12067e-05 0.0011711 -0.722232
0.000455595 0.0011711 -0.722229
-0.000498009 0.0006943 -0.722236
-2.12067e-05 0.0006943 -0.722232
0.000455595 0.0006943 -0.722229
-0.000498009 0.000217498 -0.722236
-2.12067e-05 0.000217498 -0.722233
0.000455595 0.000217498 -0.72223
-0.000498009 -0.000259304 -0.722237
-2.12067e-05 -0.000259304 -0.722234
0.000455595 -0.000259304 -0.72223
-0.000498009 -0.000736107 -0.722237
-2.12067e-05 -0.000736107 -0.722234
0.000455595 -0.000736107 -0.722231
-0.000498009 -0.00121291 -0.722238
-2.12067e-05 -0.00121291 -0.722235
0.000455595 -0.00121291 -0.722232
-0.000498009 -0.00168971 -0.722239
-2.12067e-05 -0.00168971 -0.722235
0.000455595 -0.00168971 -0.722232
-0.000498009 -0.00216651 -0.722239
-2.12067e-05 -0.00216651 -0.722236
0.000455595 -0.00216651 -0.722233
-0.000498009 -0.00264332 -0.72224
-2.12067e-05 -0.00264332 -0.722237
0.000455595 -0.00264332 -0.722233
-0.000498009 -0.00312012 -0.72224
-2.12067e-05 -0.00312012 -0.722237
0.000455595 -0.00312012 -0.722234
-0.000498009 -0.00359692 -0.722241
-2.12067e-05 -0.00359692 -0.722238
0.000455595 -0.00359692 -0.722235
-0.000498009 -0.00407372 -0.722242
-2.12067e-05 -0.00407372 -0.722238
0.000455595 -0.00407372 -0.722235
-0.000498009 -0.00455052 -0.722242
-2.12067e-05 -0.00455052 -0.722239
0.000455595 -0.00455052 -0.722236
-0.000498009 -0.00502733 -0.722243
-2.12067e-05 -0.00502733 -0.722239
0.000455595 -0.00502733 -0.722236
-0.000498009 -0.00550413 -0.722243
-2.12067e-05 -0.00550413 -0.72224
0.000455595 -0.00550413 -0.722237
-0.000498009 -0.00598093 -0.722244
-2.12067e-05 -0.00598093 -0.722241
0.000455595 -0.00598093 -0.722238
-0.000498009 -0.00645773 -0.722244
-2.12067e-05 -0.00645773 -0.722241
0.000455595 -0.00645773 -0.722238
-0.000498009 -0.00693453 -0.722245
-2.12067e-05 -0.00693453 -0.722242
0.000455595 -0.00693453 -0.722239
-0.000498009 -0.00741134 -0.722246
-2.12067e-05 -0.00741134 -0.722242
0.000455595 -0.00741134 -0.722239
-0.000498009 -0.00788814 -0.722246
-2.12067e-05 -0.00788814 -0.722243
0.000455595 -0.00788814 -0.72224
