-0.0113012 0.00767631 -0.746939
-0.0110914 0.00767631 -0.74694
-0.0108817 0.00767631 -0.74694
-0.0113012 0.00746654 -0.746939
-0.0110914 0.00746654 -0.74694
-0.0108817 0.00746654 -0.74694
-0.0113012 0.00725678 -0.746939
-0.0110914 0.00725678 -0.74694
-0.0108817 0.00725678 -0.74694
-0.0113012 0.00704701 -0.746939
-0.0110914 0.00704701 -0.74694
-0.0108817 0.00704701 -0.74694
-0.0113012 0.00683725 -0.746939
-0.0110914 0.00683725 -0.74694
-0.0108817 0.00683725 -0.74694
-0.0113012 0.00662748 -0.746939
-0.0110914 0.00662748 -0.74694
-0.0108817 0.00662748 -0.74694
-0.0113012 0.00641772 -0.746939
-0.0110914 0.00641772 -0.746939
-0.0108817 0.00641772 -0.74694
-0.0113012 0.00620795 -0.746939
-0.0110914 0.00620795 -0.746939
-0.0108817 0.00620795 -0.74694
-0.0113012 0.00599818 -0.746939
-0.0110914 0.00599818 -0.746939
-0.0108817 0.00599818 -0.74694
-0.0113012 0.00578842 -0.746939
-0.0110914 0.00578842 -0.746939
-0.0108817 0.00578842 -0.74694
-0.0113012 0.00557865 -0.746939
-0.0110914 0.00557865 -0.746939
-0.0108817 0.00557865 -0.74694
-0.0113012 0.00536889 -0.746939
-0.0110914 0.00536889 -0.746939
-0.0108817 0.00536889 -0.74694
-0.0113012 0.00515912 -0.746939
-0.0110914 0.00515912 -0.746939
-0.0108817 0.00515912 -0.746939
-0.0113012 0.00494936 -0.746939
-0.0110914 0.00494936 -0.746939
-0.0108817 0.00494936 -0.746939
-0.0113012 0.00473959 -0.746938
-0.0110914 0.00473959 -0.746939
-0.0108817 0.00473959 -0.746939
-0.0113012 0.00452983 -0.746938
-0.0110914 0.00452983 -0.746939
-0.0108817 0.00452983 -0.746939
-0.0113012 0.00432006 -0.746938
-0.0110914 0.00432006 -0.746939
-0.0108817 0.00432006 -0.746939
-0.0113012 0.0041103 -0.746938
-0.0110914 0.0041103 -0.746939
-0.0108817 0.0041103 -0.746939
-0.0113012 0.00390053 -0.746938
-0.0110914 0.00390053 -0.746939
-0.0108817 0.00390053 -0.746939
-0.0113012 0.00369076 -0.746938
-0.0110914 0.00369076 -0.746939
-0.0108817 0.00369076 -0.746939
-0.0113012 0.003481 -0.746938
-0.0110914 0.003481 -0.746938
-0.0108817 0.003481 -0.746939
-0.0113012 0.00327123 -0.746938
-0.0110914 0.00327123 -0.746938
-0.0108817 0.00327123 -0.746939
-0.0113012 0.00306147 -0.746938
-0.0110914 0.00306147 -0.746938
-0.0108817 0.00306147 -0.746939
-0.0113012 0.0028517 -0.746938
-0.0110914 0.0028517 -0.746938
-0.0108817 0.0028517 -0.746939
-0.0113012 0.00264194 -0.746938
-0.0110914 0.00264194 -0.746938
-0.0108817 0.00264194 -0.746939
-0.0113012 0.00243217 -0.746938
-0.0110914 0.00243217 -0.746938
-0.0108817 0.00243217 -0.746939
-0.0113012 0.00222241 -0.746938
-0.0110914 0.00222241 -0.746938
-0.0108817 0.00222241 -0.746938
-0.0113012 0.00201264 -0.746938
-0.0110914 0.00201264 -0.746938
-0.0108817 0.00201264 -0.746938
-0.0113012 0.00180287 -0.746937
-0.0110914 0.00180287 -0.746938
-0.0108817 0.00180287 -0.746938
-0.0113012 0.00159311 -0.746937
-0.0110914 0.00159311 -0.746938
-0.0108817 0.00159311 -0.746938
-0.0113012 0.00138334 -0.746937
-0.0110914 0.00138334 -0.746938
-0.0108817 0.00138334 -0.746938
-0.0113012 0.00117358 -0.746937
-0.0110914 0.00117358 -0.746938
-0.0108817 0.00117358 -0.746938
-0.0113012 0.000963813 -0.746937
-0.0110914 0.000963813 -0.746938
-0.0108817 0.000963813 -0.746938
-0.0113012 0.000754047 -0.746937
-0.0110914 0.000754047 -0.746938
-0.0108817 0.000754047 -0.746938
-0.0113012 0.000544282 -0.746937
-0.0110914 0.000544282 -0.746937
-0.0108817 0.000544282 -0.746938
-0.0113012 0.000334517 -0.746937
-0.0110914 0.000334517 -0.746937
-0.0108817 0.000334517 -0.746938
-0.0113012 0.000124751 -0.746937
-0.0110914 0.000124751 -0.746937
-0.0108817 0.000124751 -0.746938
-0.0113012 -8.50145e-05 -0.746937
-0.0110914 -8.50145e-05 -0.746937
-0.0108817 -8.50145e-05 -0.746938
-0.0113012 -0.00029478 -0.746937
-0.0110914 -0.00029478 -0.746937
-0.0108817 -0.00029478 -0.746938
-0.0113012 -0.000504545 -0.746937
-0.0110914 -0.000504545 -0.746937
-0.0108817 -0.000504545 -0.746938
-0.0113012 -0.000714311 -0.746937
-0.0110914 -0.000714311 -0.746937
-0.0108817 -0.000714311 -0.746937
-0.0113012 -0.000924076 -0.746937
-0.0110914 -0.000924076 -0.746937
-0.0108817 -0.000924076 -0.746937
-0.0113012 -0.00113384 -0.746936
-0.0110914 -0.00113384 -0.746937
-0.0108817 -0.00113384 -0.746937
-0.0113012 -0.00134361 -0.746936
-0.0110914 -0.00134361 -0.746937
-0.0108817 -0.00134361 -0.746937
-0.0113012 -0.00155337 -0.746936
-0.0110914 -0.00155337 -0.746937
-0.0108817 -0.00155337 -0.746937
-0.0113012 -0.00176314 -0.746936
-0.0110914 -0.00176314 -0.746937
-0.0108817 -0.00176314 -0.746937
-0.0113012 -0.0019729 -0.746936
-0.0110914 -0.0019729 -0.746937
-0.0108817 -0.0019729 -0.746937
-0.0113012 -0.00218267 -0.746936
-0.0110914 -0.00218267 -0.746937
-0.0108817 -0.00218267 -0.746937
-0.0113012 -0.00239243 -0.746936
-0.0110914 -0.00239243 -0.746936
-0.0108817 -0.00239243 -0.746937
-0.0113012 -0.0026022 -0.746936
-0.0110914 -0.0026022 -0.746936
-0.0108817 -0.0026022 -0.746937
-0.0113012 -0.00281197 -0.746936
-0.0110914 -0.00281197 -0.746936
-0.0108817 -0.00281197 -0.746937
-0.0113012 -0.00302173 -0.746936
-0.0110914 -0.00302173 -0.746936
-0.0108817 -0.00302173 -0.746937
-0.0113012 -0.0032315 -0.746936
-0.0110914 -0.0032315 -0.746936
-0.0108817 -0.0032315 -0.746937
-0.0113012 -0.00344126 -0.746936
-0.0110914 -0.00344126 -0.746936
-0.0108817 -0.00344126 -0.746937
-0.0113012 -0.00365103 -0.746936
-0.0110914 -0.00365103 -0.746936
-0.0108817 -0.00365103 -0.746936
-0.0113012 -0.00386079 -0.746935
-0.0110914 -0.00386079 -0.746936
-0.0108817 -0.00386079 -0.746936
-0.0113012 -0.00407056 -0.746935
-0.0110914 -0.00407056 -0.746936
-0.0108817 -0.00407056 -0.746936
-0.0113012 -0.00428032 -0.746935
-0.0110914 -0.00428032 -0.746936
-0.0108817 -0.00428032 -0.746936
-0.0113012 -0.00449009 -0.746935
-0.0110914 -0.00449009 -0.746936
-0.0108817 -0.00449009 -0.746936
-0.0113012 -0.00469986 -0.746935
-0.0110914 -0.00469986 -0.746936
-0.0108817 -0.00469986 -0.746936
-0.0113012 -0.00490962 -0.746935
-0.0110914 -0.00490962 -0.746936
-0.0108817 -0.00490962 -0.746936
-0.0113012 -0.00511939 -0.746935
-0.0110914 -0.00511939 -0.746935
-0.0108817 -0.00511939 -0.746936
-0.0113012 -0.00532915 -0.746935
-0.0110914 -0.00532915 -0.746935
-0.0108817 -0.00532915 -0.746936
-0.0113012 -0.00553892 -0.746935
-0.0110914 -0.00553892 -0.746935
-0.0108817 -0.00553892 -0.746936
-0.0113012 -0.00574868 -0.746935
-0.0110914 -0.00574868 -0.746935
-0.0108817 -0.00574868 -0.746936
-0.0113012 -0.00595845 -0.746935
-0.0110914 -0.00595845 -0.746935
-0.0108817 -0.00595845 -0.746936
-0.0113012 -0.00616821 -0.746935
-0.0110914 -0.00616821 -0.746935
-0.0108817 -0.00616821 -0.746936
-0.0113012 -0.00637798 -0.746935
-0.0110914 -0.00637798 -0.746935
-0.0108817 -0.00637798 -0.746935
-0.0113012 -0.00658774 -0.746935
-0.0110914 -0.00658774 -0.746935
-0.0108817 -0.00658774 -0.746935
-0.0113012 -0.00679751 -0.746934
-0.0110914 -0.00679751 -0.746935
-0.0108817 -0.00679751 -0.746935
-0.0113012 -0.00700728 -0.746934
-0.0110914 -0.00700728 -0.746935
-0.0108817 -0.00700728 -0.746935
-0.0113012 -0.00721704 -0.746934
-0.0110914 -0.00721704 -0.746935
-0.0108817 -0.00721704 -0.746935
-0.0113012 -0.00742681 -0.746934
-0.0110914 -0.00742681 -0.746935
-0.0108817 -0.00742681 -0.746935
-0.0113012 -0.00763657 -0.746934
-0.0110914 -0.00763657 -0.746935
-0.0108817 -0.00763657 -0.746935
-0.0113012 -0.00784634 -0.746934
-0.0110914 -0.00784634 -0.746935
-0.0108817 -0.00784634 -0.746935
-0.0113012 -0.0080561 -0.746934
-0.0110914 -0.0080561 -0.746934
-0.0108817 -0.0080561 -0.746935
-0.0113012 -0.00826587 -0.746934
-0.0110914 -0.00826587 -0.746934
-0.0108817 -0.00826587 -0.746935
-0.0113012 -0.00847563 -0.746934
-0.0110914 -0.00847563 -0.746934
-0.0108817 -0.00847563 -0.746935
-0.0113012 -0.0086854 -0.746934
-0.0110914 -0.0086854 -0.746934
-0.0108817 -0.0086854 -0.746935
-0.0113012 -0.00889517 -0.746934
-0.0110914 -0.00889517 -0.746934
-0.0108817 -0.00889517 -0.746935
-0.0113012 -0.00910493 -0.746934
-0.0110914 -0.00910493 -0.746934
-0.0108817 -0.00910493 -0.746935
-0.0113012 -0.0093147 -0.746934
-0.0110914 -0.0093147 -0.746934
-0.0108817 -0.0093147 -0.746934
-0.0113012 -0.00952446 -0.746934
-0.0110914 -0.00952446 -0.746934
-0.0108817 -0.00952446 -0.746934
-0.0113012 -0.00973423 -0.746933
-0.0110914 -0.00973423 -0.746934
-0.0108817 -0.00973423 -0.746934
-0.0113012 -0.00994399 -0.746933
-0.0110914 -0.00994399 -0.746934
-0.0108817 -0.00994399 -0.746934
-0.0113012 -0.0101538 -0.746933
-0.0110914 -0.0101538 -0.746934
-0.0108817 -0.0101538 -0.746934
-0.0113012 -0.0103635 -0.746933
-0.0110914 -0.0103635 -0.746934
-0.0108817 -0.0103635 -0.746934
-0.0113012 -0.0105733 -0.746933
-0.0110914 -0.0105733 -0.746934
-0.0108817 -0.0105733 -0.746934
-0.0113012 -0.0107831 -0.746933
-0.0110914 -0.0107831 -0.746934
-0.0108817 -0.0107831 -0.746934
-0.0113012 -0.0109928 -0.746933
-0.0110914 -0.0109928 -0.746933
-0.0108817 -0.0109928 -0.746934
-0.0113012 -0.0112026 -0.746933
-0.0110914 -0.0112026 -0.746933
-0.0108817 -0.0112026 -0.746934
-0.0113012 -0.0114124 -0.746933
-0.0110914 -0.0114124 -0.746933
-0.0108817 -0.0114124 -0.746934
-0.0113012 -0.0116221 -0.746933
-0.0110914 -0.0116221 -0.746933
-0.0108817 -0.0116221 -0.746934
-0.0113012 -0.0118319 -0.746933
-0.0110914 -0.0118319 -0.746933
-0.0108817 -0.0118319 -0.746934
-0.0113012 -0.0120416 -0.746933
-0.0110914 -0.0120416 -0.746933
-0.0108817 -0.0120416 -0.746934
-0.0113012 -0.0122514 -0.746933
-0.0110914 -0.0122514 -0.746933
-0.0108817 -0.0122514 -0.746933
-0.0113012 -0.0124612 -0.746933
-0.0110914 -0.0124612 -0.746933
-0.0108817 -0.0124612 -0.746933
-0.0113012 -0.0126709 -0.746932
-0.0110914 -0.0126709 -0.746933
-0.0108817 -0.0126709 -0.746933
-0.0113012 -0.0128807 -0.746932
-0.0110914 -0.0128807 -0.746933
-0.0108817 -0.0128807 -0.746933
-0.0113012 -0.0130905 -0.746932
-0.0110914 -0.0130905 -0.746933
-0.0108817 -0.0130905 -0.746933
-0.0113012 -0.0133002 -0.746932
-0.0110914 -0.0133002 -0.746933
-0.0108817 -0.0133002 -0.746933
-0.0113012 -0.01351 -0.746932
-0.0110914 -0.01351 -0.746933
-0.0108817 -0.01351 -0.746933
-0.0113012 -0.0137198 -0.746932
-0.0110914 -0.0137198 -0.746933
-0.0108817 -0.0137198 -0.746933
-0.0113012 -0.0139295 -0.746932
-0.0110914 -0.0139295 -0.746932
-0.0108817 -0.0139295 -0.746933
-0.0113012 -0.0141393 -0.746932
-0.0110914 -0.0141393 -0.746932
-0.0108817 -0.0141393 -0.746933
-0.0113012 -0.0143491 -0.746932
-0.0110914 -0.0143491 -0.746932
-0.0108817 -0.0143491 -0.746933
-0.0113012 -0.0145588 -0.746932
-0.0110914 -0.0145588 -0.746932
-0.0108817 -0.0145588 -0.746933
-0.0113012 -0.0147686 -0.746932
-0.0110914 -0.0147686 -0.746932
-0.0108817 -0.0147686 -0.746933
-0.0113012 -0.0149784 -0.746932
-0.0110914 -0.0149784 -0.746932
-0.0108817 -0.0149784 -0.746933
-0.0113012 -0.0151881 -0.746932
-0.0110914 -0.0151881 -0.746932
-0.0108817 -0.0151881 -0.746932
-0.0113012 -0.0153979 -0.746931
-0.0110914 -0.0153979 -0.746932
-0.0108817 -0.0153979 -0.746932
