0.0068145 0.0447288 -0.803516
0.00751126 0.0447288 -0.803518
0.00820801 0.0447288 -0.803519
0.0068145 0.044032 -0.803516
0.00751126 0.044032 -0.803518
0.00820801 0.044032 -0.803519
0.0068145 0.0433352 -0.803516
0.00751126 0.0433352 -0.803518
0.00820801 0.0433352 -0.803519
0.0068145 0.0426385 -0.803516
0.00751126 0.0426385 -0.803518
0.00820801 0.0426385 -0.803519
0.0068145 0.0419417 -0.803516
0.00751126 0.0419417 -0.803518
0.00820801 0.0419417 -0.803519
0.0068145 0.041245 -0.803516
0.00751126 0.041245 -0.803517
0.00820801 0.041245 -0.803519
0.0068145 0.0405482 -0.803516
0.00751126 0.0405482 -0.803517
0.00820801 0.0405482 -0.803519
0.0068145 0.0398515 -0.803516
0.00751126 0.0398515 -0.803517
0.00820801 0.0398515 -0.803519
0.0068145 0.0391547 -0.803516
0.00751126 0.0391547 -0.803517
0.00820801 0.0391547 -0.803519
0.0068145 0.038458 -0.803516
0.00751126 0.038458 -0.803517
0.00820801 0.038458 -0.803519
0.0068145 0.0377612 -0.803516
0.00751126 0.0377612 -0.803517
0.00820801 0.0377612 -0.803519
0.0068145 0.0370645 -0.803516
0.00751126 0.0370645 -0.803517
0.00820801 0.0370645 -0.803519
0.0068145 0.0363677 -0.803516
0.00751126 0.0363677 -0.803517
0.00820801 0.0363677 -0.803519
0.0068145 0.035671 -0.803516
0.00751126 0.035671 -0.803517
0.00820801 0.035671 -0.803519
0.0068145 0.0349742 -0.803516
0.00751126 0.0349742 -0.803517
0.00820801 0.0349742 -0.803519
0.0068145 0.0342775 -0.803516
0.00751126 0.0342775 -0.803517
0.00820801 0.0342775 -0.803519
0.0068145 0.0335807 -0.803516
0.00751126 0.0335807 -0.803517
0.00820801 0.0335807 -0.803518
0.0068145 0.0328839 -0.803515
0.00751126 0.0328839 -0.803517
0.00820801 0.0328839 -0.803518
0.0068145 0.0321872 -0.803515
0.00751126 0.0321872 -0.803517
0.00820801 0.0321872 -0.803518
0.0068145 0.0314904 -0.803515
0.00751126 0.0314904 -0.803517
0.00820801 0.0314904 -0.803518
0.0068145 0.0307937 -0.803515
0.00751126 0.0307937 -0.803517
0.00820801 0.0307937 -0.803518
0.0068145 0.0300969 -0.803515
0.00751126 0.0300969 -0.803517
0.00820801 0.0300969 -0.803518
0.0068145 0.0294002 -0.803515
0.00751126 0.0294002 -0.803517
0.00820801 0.0294002 -0.803518
0.0068145 0.0287034 -0.803515
0.00751126 0.0287034 -0.803517
0.00820801 0.0287034 -0.803518
0.0068145 0.0280067 -0.803515
0.00751126 0.0280067 -0.803517
0.00820801 0.0280067 -0.803518
0.0068145 0.0273099 -0.803515
0.00751126 0.0273099 -0.803517
0.00820801 0.0273099 -0.803518
0.0068145 0.0266132 -0.803515
0.00751126 0.0266132 -0.803517
0.00820801 0.0266132 -0.803518
0.0068145 0.0259164 -0.803515
0.00751126 0.0259164 -0.803517
0.00820801 0.0259164 -0.803518
0.0068145 0.0252197 -0.803515
0.00751126 0.0252197 -0.803517
0.00820801 0.0252197 -0.803518
0.0068145 0.0245229 -0.803515
0.00751126 0.0245229 -0.803516
0.00820801 0.0245229 -0.803518
0.0068145 0.0238262 -0.803515
0.00751126 0.0238262 -0.803516
0.00820801 0.0238262 -0.803518
0.0068145 0.0231294 -0.803515
0.00751126 0.0231294 -0.803516
0.00820801 0.0231294 -0.803518
0.0068145 0.0224326 -0.803515
0.00751126 0.0224326 -0.803516
0.00820801 0.0224326 -0.803518
0.0068145 0.0217359 -0.803515
0.00751126 0.0217359 -0.803516
0.00820801 0.0217359 -0.803518
0.0068145 0.0210391 -0.803515
0.00751126 0.0210391 -0.803516
0.00820801 0.0210391 -0.803518
0.0068145 0.0203424 -0.803515
0.00751126 0.0203424 -0.803516
0.00820801 0.0203424 -0.803518
0.0068145 0.0196456 -0.803515
0.00751126 0.0196456 -0.803516
0.00820801 0.0196456 -0.803518
0.0068145 0.0189489 -0.803515
0.00751126 0.0189489 -0.803516
0.00820801 0.0189489 -0.803518
0.0068145 0.0182521 -0.803515
0.00751126 0.0182521 -0.803516
0.00820801 0.0182521 -0.803518
0.0068145 0.0175554 -0.803515
0.00751126 0.0175554 -0.803516
0.00820801 0.0175554 -0.803518
0.0068145 0.0168586 -0.803515
0.00751126 0.0168586 -0.803516
0.00820801 0.0168586 -0.803517
0.0068145 0.0161619 -0.803514
0.00751126 0.0161619 -0.803516
0.00820801 0.0161619 -0.803517
0.0068145 0.0154651 -0.803514
0.00751126 0.0154651 -0.803516
0.00820801 0.0154651 -0.803517
0.0068145 0.0147684 -0.803514
0.00751126 0.0147684 -0.803516
0.00820801 0.0147684 -0.803517
0.0068145 0.0140716 -0.803514
0.00751126 0.0140716 -0.803516
0.00820801 0.0140716 -0.803517
0.0068145 0.0133748 -0.803514
0.00751126 0.0133748 -0.803516
0.00820801 0.0133748 -0.803517
0.0068145 0.0126781 -0.803514
0.00751126 0.0126781 -0.803516
0.00820801 0.0126781 -0.803517
0.0068145 0.0119813 -0.803514
0.00751126 0.0119813 -0.803516
0.00820801 0.0119813 -0.803517
0.0068145 0.0112846 -0.803514
0.00751126 0.0112846 -0.803516
0.00820801 0.0112846 -0.803517
0.0068145 0.0105878 -0.803514
0.00751126 0.0105878 -0.803516
0.00820801 0.0105878 -0.803517
0.0068145 0.00989108 -0.803514
0.00751126 0.00989108 -0.803516
0.00820801 0.00989108 -0.803517
0.0068145 0.00919433 -0.803514
0.00751126 0.00919433 -0.803516
0.00820801 0.00919433 -0.803517
0.0068145 0.00849757 -0.803514
0.00751126 0.00849757 -0.803515
0.00820801 0.00849757 -0.803517
0.0068145 0.00780082 -0.803514
0.00751126 0.00780082 -0.803515
0.00820801 0.00780082 -0.803517
0.0068145 0.00710407 -0.803514
0.00751126 0.00710407 -0.803515
0.00820801 0.00710407 -0.803517
0.0068145 0.00640731 -0.803514
0.00751126 0.00640731 -0.803515
0.00820801 0.00640731 -0.803517
0.0068145 0.00571056 -0.803514
0.00751126 0.00571056 -0.803515
0.00820801 0.00571056 -0.803517
0.0068145 0.0050138 -0.803514
0.00751126 0.0050138 -0.803515
0.00820801 0.0050138 -0.803517
0.0068145 0.00431705 -0.803514
0.00751126 0.00431705 -0.803515
0.00820801 0.00431705 -0.803517
0.0068145 0.0036203 -0.803514
0.00751126 0.0036203 -0.803515
0.00820801 0.0036203 -0.803517
0.0068145 0.00292354 -0.803514
0.00751126 0.00292354 -0.803515
0.00820801 0.00292354 -0.803517
0.0068145 0.00222679 -0.803514
0.00751126 0.00222679 -0.803515
0.00820801 0.00222679 -0.803517
0.0068145 0.00153004 -0.803514
0.00751126 0.00153004 -0.803515
0.00820801 0.00153004 -0.803517
0.0068145 0.000833284 -0.803514
0.00751126 0.000833284 -0.803515
0.00820801 0.000833284 -0.803517
0.0068145 0.00013653 -0.803513
0.00751126 0.00013653 -0.803515
0.00820801 0.00013653 -0.803516
0.0068145 -0.000560223 -0.803513
0.00751126 -0.000560223 -0.803515
0.00820801 -0.000560223 -0.803516
0.0068145 -0.00125698 -0.803513
0.00751126 -0.00125698 -0.803515
0.00820801 -0.00125698 -0.803516
0.0068145 -0.00195373 -0.803513
0.00751126 -0.00195373 -0.803515
0.00820801 -0.00195373 -0.803516
0.0068145 -0.00265048 -0.803513
0.00751126 -0.00265048 -0.803515
0.00820801 -0.00265048 -0.803516
0.0068145 -0.00334724 -0.803513
0.00751126 -0.00334724 -0.803515
0.00820801 -0.00334724 -0.803516
0.0068145 -0.00404399 -0.803513
0.00751126 -0.00404399 -0.803515
0.00820801 -0.00404399 -0.803516
0.0068145 -0.00474074 -0.803513
0.00751126 -0.00474074 -0.803515
0.00820801 -0.00474074 -0.803516
0.0068145 -0.0054375 -0.803513
0.00751126 -0.0054375 -0.803515
0.00820801 -0.0054375 -0.803516
0.0068145 -0.00613425 -0.803513
0.00751126 -0.00613425 -0.803515
0.00820801 -0.00613425 -0.803516
0.0068145 -0.00683101 -0.803513
0.00751126 -0.00683101 -0.803515
0.00820801 -0.00683101 -0.803516
0.0068145 -0.00752776 -0.803513
0.00751126 -0.00752776 -0.803514
0.00820801 -0.00752776 -0.803516
0.0068145 -0.00822451 -0.803513
0.00751126 -0.00822451 -0.803514
0.00820801 -0.00822451 -0.803516
0.0068145 -0.00892127 -0.803513
0.00751126 -0.00892127 -0.803514
0.00820801 -0.00892127 -0.803516
0.0068145 -0.00961802 -0.803513
0.00751126 -0.00961802 -0.803514
0.00820801 -0.00961802 -0.803516
0.0068145 -0.0103148 -0.803513
0.00751126 -0.0103148 -0.803514
0.00820801 -0.0103148 -0.803516
0.0068145 -0.0110115 -0.803513
0.00751126 -0.0110115 -0.803514
0.00820801 -0.0110115 -0.803516
0.0068145 -0.0117083 -0.803513
0.00751126 -0.0117083 -0.803514
0.00820801 -0.0117083 -0.803516
0.0068145 -0.012405 -0.803513
0.00751126 -0.012405 -0.803514
0.00820801 -0.012405 -0.803516
0.0068145 -0.0131018 -0.803513
0.00751126 -0.0131018 -0.803514
0.00820801 -0.0131018 -0.803516
0.0068145 -0.0137985 -0.803513
0.00751126 -0.0137985 -0.803514
0.00820801 -0.0137985 -0.803516
0.0068145 -0.0144953 -0.803513
0.00751126 -0.0144953 -0.803514
0.00820801 -0.0144953 -0.803516
0.0068145 -0.015192 -0.803513
0.00751126 -0.015192 -0.803514
0.00820801 -0.015192 -0.803515
0.0068145 -0.0158888 -0.803513
0.00751126 -0.0158888 -0.803514
0.00820801 -0.0158888 -0.803515
0.0068145 -0.0165856 -0.803512
0.00751126 -0.0165856 -0.803514
0.00820801 -0.0165856 -0.803515
0.0068145 -0.0172823 -0.803512
0.00751126 -0.0172823 -0.803514
0.00820801 -0.0172823 -0.803515
0.0068145 -0.0179791 -0.803512
0.00751126 -0.0179791 -0.803514
0.00820801 -0.0179791 -0.803515
0.0068145 -0.0186758 -0.803512
0.00751126 -0.0186758 -0.803514
0.00820801 -0.0186758 -0.803515
0.0068145 -0.0193726 -0.803512
0.00751126 -0.0193726 -0.803514
0.00820801 -0.0193726 -0.803515
0.0068145 -0.0200693 -0.803512
0.00751126 -0.0200693 -0.803514
0.00820801 -0.0200693 -0.803515
0.0068145 -0.0207661 -0.803512
0.00751126 -0.0207661 -0.803514
0.00820801 -0.0207661 -0.803515
0.0068145 -0.0214628 -0.803512
0.00751126 -0.0214628 -0.803514
0.00820801 -0.0214628 -0.803515
0.0068145 -0.0221596 -0.803512
0.00751126 -0.0221596 -0.803514
0.00820801 -0.0221596 -0.803515
0.0068145 -0.0228563 -0.803512
0.00751126 -0.0228563 -0.803514
0.00820801 -0.0228563 -0.803515
0.0068145 -0.0235531 -0.803512
0.00751126 -0.0235531 -0.803514
0.00820801 -0.0235531 -0.803515
0.0068145 -0.0242498 -0.803512
0.00751126 -0.0242498 -0.803513
0.00820801 -0.0242498 -0.803515
0.0068145 -0.0249466 -0.803512
0.00751126 -0.0249466 -0.803513
0.00820801 -0.0249466 -0.803515
0.0068145 -0.0256434 -0.803512
0.00751126 -0.0256434 -0.803513
0.00820801 -0.0256434 -0.803515
0.0068145 -0.0263401 -0.803512
0.00751126 -0.0263401 -0.803513
0.00820801 -0.0263401 -0.803515
0.0068145 -0.0270369 -0.803512
0.00751126 -0.0270369 -0.803513
0.00820801 -0.0270369 -0.803515
0.0068145 -0.0277336 -0.803512
0.00751126 -0.0277336 -0.803513
0.00820801 -0.0277336 -0.803515
0.0068145 -0.0284304 -0.803512
0.00751126 -0.0284304 -0.803513
0.00820801 -0.0284304 -0.803515
0.0068145 -0.0291271 -0.803512
0.00751126 -0.0291271 -0.803513
0.00820801 -0.0291271 -0.803515
0.0068145 -0.0298239 -0.803512
0.00751126 -0.0298239 -0.803513
0.00820801 -0.0298239 -0.803515
0.0068145 -0.0305206 -0.803512
0.00751126 -0.0305206 -0.803513
0.00820801 -0.0305206 -0.803515
0.0068145 -0.0312174 -0.803512
0.00751126 -0.0312174 -0.803513
0.00820801 -0.0312174 -0.803515
0.0068145 -0.0319141 -0.803512
0.00751126 -0.0319141 -0.803513
0.00820801 -0.0319141 -0.803514
