0.00488823 -0.0617103 -0.989251
0.00389206 -0.0617103 -0.989249
0.00289589 -0.0617103 -0.989246
0.00488823 -0.0607141 -0.989251
0.00389206 -0.0607141 -0.989248
0.00289589 -0.0607141 -0.989246
0.00488823 -0.059718 -0.98925
0.00389206 -0.059718 -0.989248
0.00289589 -0.059718 -0.989245
0.00488823 -0.0587218 -0.98925
0.00389206 -0.0587218 -0.989247
0.00289589 -0.0587218 -0.989245
0.00488823 -0.0577256 -0.989249
0.00389206 -0.0577256 -0.989247
0.00289589 -0.0577256 -0.989244
0.00488823 -0.0567295 -0.989249
0.00389206 -0.0567295 -0.989246
0.00289589 -0.0567295 -0.989244
0.00488823 -0.0557333 -0.989248
0.00389206 -0.0557333 -0.989246
0.00289589 -0.0557333 -0.989243
0.00488823 -0.0547371 -0.989248
0.00389206 -0.0547371 -0.989245
0.00289589 -0.0547371 -0.989243
0.00488823 -0.0537409 -0.989247
0.00389206 -0.0537409 -0.989245
0.00289589 -0.0537409 -0.989242
0.00488823 -0.0527448 -0.989247
0.00389206 -0.0527448 -0.989244
0.00289589 -0.0527448 -0.989242
0.00488823 -0.0517486 -0.989246
0.00389206 -0.0517486 -0.989244
0.00289589 -0.0517486 -0.989241
0.00488823 -0.0507524 -0.989246
0.00389206 -0.0507524 -0.989243
0.00289589 -0.0507524 -0.989241
0.00488823 -0.0497562 -0.989245
0.00389206 -0.0497562 -0.989243
0.00289589 -0.0497562 -0.98924
0.00488823 -0.0487601 -0.989245
0.00389206 -0.0487601 -0.989242
0.00289589 -0.0487601 -0.98924
0.00488823 -0.0477639 -0.989244
0.00389206 -0.0477639 -0.989242
0.00289589 -0.0477639 -0.989239
0.00488823 -0.0467677 -0.989244
0.00389206 -0.0467677 -0.989241
0.00289589 -0.0467677 -0.989239
0.00488823 -0.0457716 -0.989243
0.00389206 -0.0457716 -0.989241
0.00289589 -0.0457716 -0.989238
0.00488823 -0.0447754 -0.989243
0.00389206 -0.0447754 -0.98924
0.00289589 -0.0447754 -0.989238
0.00488823 -0.0437792 -0.989242
0.00389206 -0.0437792 -0.98924
0.00289589 -0.0437792 -0.989237
0.00488823 -0.042783 -0.989242
0.00389206 -0.042783 -0.989239
0.00289589 -0.042783 -0.989237
0.00488823 -0.0417869 -0.989241
0.00389206 -0.0417869 -0.989239
0.00289589 -0.0417869 -0.989236
0.00488823 -0.0407907 -0.989241
0.00389206 -0.0407907 -0.989238
0.00289589 -0.0407907 -0.989236
0.00488823 -0.0397945 -0.98924
0.00389206 -0.0397945 -0.989238
0.00289589 -0.0397945 -0.989235
0.00488823 -0.0387983 -0.989239
0.00389206 -0.0387983 -0.989237
0.00289589 -0.0387983 -0.989235
0.00488823 -0.0378022 -0.989239
0.00389206 -0.0378022 -0.989237
0.00289589 -0.0378022 -0.989234
0.00488823 -0.036806 -0.989238
0.00389206 -0.036806 -0.989236
0.00289589 -0.036806 -0.989234
0.00488823 -0.0358098 -0.989238
0.00389206 -0.0358098 -0.989236
0.00289589 -0.0358098 -0.989233
0.00488823 -0.0348136 -0.989237
0.00389206 -0.0348136 -0.989235
0.00289589 -0.0348136 -0.989233
0.00488823 -0.0338175 -0.989237
0.00389206 -0.0338175 -0.989235
0.00289589 -0.0338175 -0.989232
0.00488823 -0.0328213 -0.989236
0.00389206 -0.0328213 -0.989234
0.00289589 -0.0328213 -0.989232
0.00488823 -0.0318251 -0.989236
0.00389206 -0.0318251 -0.989233
0.00289589 -0.0318251 -0.989231
0.00488823 -0.030829 -0.989235
0.00389206 -0.030829 -0.989233
0.00289589 -0.030829 -0.989231
0.00488823 -0.0298328 -0.989235
0.00389206 -0.0298328 -0.989232
0.00289589 -0.0298328 -0.98923
0.00488823 -0.0288366 -0.989234
0.00389206 -0.0288366 -0.989232
0.00289589 -0.0288366 -0.98923
0.00488823 -0.0278404 -0.989234
0.00389206 -0.0278404 -0.989231
0.00289589 -0.0278404 -0.989229
0.00488823 -0.0268443 -0.989233
0.00389206 -0.0268443 -0.989231
0.00289589 -0.0268443 -0.989229
0.00488823 -0.0258481 -0.989233
0.00389206 -0.0258481 -0.98923
0.00289589 -0.0258481 -0.989228
0.00488823 -0.0248519 -0.989232
0.00389206 -0.0248519 -0.98923
0.00289589 -0.0248519 -0.989228
0.00488823 -0.0238557 -0.989232
0.00389206 -0.0238557 -0.989229
0.00289589 -0.0238557 -0.989227
0.00488823 -0.0228596 -0.989231
0.00389206 -0.0228596 -0.989229
0.00289589 -0.0228596 -0.989227
0.00488823 -0.0218634 -0.989231
0.00389206 -0.0218634 -0.989228
0.00289589 -0.0218634 -0.989226
0.00488823 -0.0208672 -0.98923
0.00389206 -0.0208672 -0.989228
0.00289589 -0.0208672 -0.989226
0.00488823 -0.0198711 -0.98923
0.00389206 -0.0198711 -0.989227
0.00289589 -0.0198711 -0.989225
0.00488823 -0.0188749 -0.989229
0.00389206 -0.0188749 -0.989227
0.00289589 -0.0188749 -0.989224
0.00488823 -0.0178787 -0.989229
0.00389206 -0.0178787 -0.989226
0.00289589 -0.0178787 -0.989224
0.00488823 -0.0168825 -0.989228
0.00389206 -0.0168825 -0.989226
0.00289589 -0.0168825 -0.989223
0.00488823 -0.0158864 -0.989228
0.00389206 -0.0158864 -0.989225
0.00289589 -0.0158864 -0.989223
0.00488823 -0.0148902 -0.989227
0.00389206 -0.0148902 -0.989225
0.00289589 -0.0148902 -0.989222
0.00488823 -0.013894 -0.989227
0.00389206 -0.013894 -0.989224
0.00289589 -0.013894 -0.989222
0.00488823 -0.0128979 -0.989226
0.00389206 -0.0128979 -0.989224
0.00289589 -0.0128979 -0.989221
0.00488823 -0.0119017 -0.989226
0.00389206 -0.0119017 -0.989223
0.00289589 -0.0119017 -0.989221
0.00488823 -0.0109055 -0.989225
0.00389206 -0.0109055 -0.989223
0.00289589 -0.0109055 -0.98922
0.00488823 -0.00990933 -0.989225
0.00389206 -0.00990933 -0.989222
0.00289589 -0.00990933 -0.98922
0.00488823 -0.00891316 -0.989224
0.00389206 -0.00891316 -0.989222
0.00289589 -0.00891316 -0.989219
0.00488823 -0.00791699 -0.989224
0.00389206 -0.00791699 -0.989221
0.00289589 -0.00791699 -0.989219
0.00488823 -0.00692081 -0.989223
0.00389206 -0.00692081 -0.989221
0.00289589 -0.00692081 -0.989218
0.00488823 -0.00592464 -0.989223
0.00389206 -0.00592464 -0.98922
0.00289589 -0.00592464 -0.989218
0.00488823 -0.00492847 -0.989222
0.00389206 -0.00492847 -0.98922
0.00289589 -0.00492847 -0.989217
0.00488823 -0.0039323 -0.989222
0.00389206 -0.0039323 -0.989219
0.00289589 -0.0039323 -0.989217
0.00488823 -0.00293612 -0.989221
0.00389206 -0.00293612 -0.989219
0.00289589 -0.00293612 -0.989216
0.00488823 -0.00193995 -0.98922
0.00389206 -0.00193995 -0.989218
0.00289589 -0.00193995 -0.989216
0.00488823 -0.000943777 -0.98922
0.00389206 -0.000943777 -0.989218
0.00289589 -0.000943777 -0.989215
0.00488823 5.23955e-05 -0.989219
0.00389206 5.23955e-05 -0.989217
0.00289589 5.23955e-05 -0.989215
0.00488823 0.00104857 -0.989219
0.00389206 0.00104857 -0.989217
0.00289589 0.00104857 -0.989214
0.00488823 0.00204474 -0.989218
0.00389206 0.00204474 -0.989216
0.00289589 0.00204474 -0.989214
0.00488823 0.00304091 -0.989218
0.00389206 0.00304091 -0.989216
0.00289589 0.00304091 -0.989213
0.00488823 0.00403709 -0.989217
0.00389206 0.00403709 -0.989215
0.00289589 0.00403709 -0.989213
0.00488823 0.00503326 -0.989217
0.00389206 0.00503326 -0.989215
0.00289589 0.00503326 -0.989212
0.00488823 0.00602943 -0.989216
0.00389206 0.00602943 -0.989214
0.00289589 0.00602943 -0.989212
0.00488823 0.0070256 -0.989216
0.00389206 0.0070256 -0.989214
0.00289589 0.0070256 -0.989211
0.00488823 0.00802178 -0.989215
0.00389206 0.00802178 -0.989213
0.00289589 0.00802178 -0.989211
0.00488823 0.00901795 -0.989215
0.00389206 0.00901795 -0.989213
0.00289589 0.00901795 -0.98921
0.00488823 0.0100141 -0.989214
0.00389206 0.0100141 -0.989212
0.00289589 0.0100141 -0.98921
0.00488823 0.0110103 -0.989214
0.00389206 0.0110103 -0.989211
0.00289589 0.0110103 -0.989209
0.00488823 0.0120065 -0.989213
0.00389206 0.0120065 -0.989211
0.00289589 0.0120065 -0.989209
0.00488823 0.0130026 -0.989213
0.00389206 0.0130026 -0.98921
0.00289589 0.0130026 -0.989208
0.00488823 0.0139988 -0.989212
0.00389206 0.0139988 -0.98921
0.00289589 0.0139988 -0.989208
0.00488823 0.014995 -0.989212
0.00389206 0.014995 -0.989209
0.00289589 0.014995 -0.989207
0.00488823 0.0159912 -0.989211
0.00389206 0.0159912 -0.989209
0.00289589 0.0159912 -0.989207
0.00488823 0.0169873 -0.989211
0.00389206 0.0169873 -0.989208
0.00289589 0.0169873 -0.989206
0.00488823 0.0179835 -0.98921
0.00389206 0.0179835 -0.989208
0.00289589 0.0179835 -0.989205
0.00488823 0.0189797 -0.98921
0.00389206 0.0189797 -0.989207
0.00289589 0.0189797 -0.989205
0.00488823 0.0199759 -0.989209
0.00389206 0.0199759 -0.989207
0.00289589 0.0199759 -0.989204
0.00488823 0.020972 -0.989209
0.00389206 0.020972 -0.989206
0.00289589 0.020972 -0.989204
0.00488823 0.0219682 -0.989208
0.00389206 0.0219682 -0.989206
0.00289589 0.0219682 -0.989203
0.00488823 0.0229644 -0.989208
0.00389206 0.0229644 -0.989205
0.00289589 0.0229644 -0.989203
0.00488823 0.0239605 -0.989207
0.00389206 0.0239605 -0.989205
0.00289589 0.0239605 -0.989202
0.00488823 0.0249567 -0.989207
0.00389206 0.0249567 -0.989204
0.00289589 0.0249567 -0.989202
0.00488823 0.0259529 -0.989206
0.00389206 0.0259529 -0.989204
0.00289589 0.0259529 -0.989201
0.00488823 0.0269491 -0.989206
0.00389206 0.0269491 -0.989203
0.00289589 0.0269491 -0.989201
0.00488823 0.0279452 -0.989205
0.00389206 0.0279452 -0.989203
0.00289589 0.0279452 -0.9892
0.00488823 0.0289414 -0.989205
0.00389206 0.0289414 -0.989202
0.00289589 0.0289414 -0.9892
0.00488823 0.0299376 -0.989204
0.00389206 0.0299376 -0.989202
0.00289589 0.0299376 -0.989199
0.00488823 0.0309338 -0.989204
0.00389206 0.0309338 -0.989201
0.00289589 0.0309338 -0.989199
0.00488823 0.0319299 -0.989203
0.00389206 0.0319299 -0.989201
0.00289589 0.0319299 -0.989198
0.00488823 0.0329261 -0.989203
0.00389206 0.0329261 -0.9892
0.00289589 0.0329261 -0.989198
0.00488823 0.0339223 -0.989202
0.00389206 0.0339223 -0.9892
0.00289589 0.0339223 -0.989197
0.00488823 0.0349184 -0.989202
0.00389206 0.0349184 -0.989199
0.00289589 0.0349184 -0.989197
0.00488823 0.0359146 -0.989201
0.00389206 0.0359146 -0.989199
0.00289589 0.0359146 -0.989196
0.00488823 0.0369108 -0.989201
0.00389206 0.0369108 -0.989198
0.00289589 0.0369108 -0.989196
0.00488823 0.037907 -0.9892
0.00389206 0.037907 -0.989198
0.00289589 0.037907 -0.989195
0.00488823 0.0389031 -0.9892
0.00389206 0.0389031 -0.989197
0.00289589 0.0389031 -0.989195
0.00488823 0.0398993 -0.989199
0.00389206 0.0398993 -0.989197
0.00289589 0.0398993 -0.989194
0.00488823 0.0408955 -0.989198
0.00389206 0.0408955 -0.989196
0.00289589 0.0408955 -0.989194
0.00488823 0.0418916 -0.989198
0.00389206 0.0418916 -0.989196
0.00289589 0.0418916 -0.989193
0.00488823 0.0428878 -0.989197
0.00389206 0.0428878 -0.989195
0.00289589 0.0428878 -0.989193
0.00488823 0.043884 -0.989197
0.00389206 0.043884 -0.989195
0.00289589 0.043884 -0.989192
0.00488823 0.0448802 -0.989196
0.00389206 0.0448802 -0.989194
0.00289589 0.0448802 -0.989192
0.00488823 0.0458763 -0.989196
0.00389206 0.0458763 -0.989194
0.00289589 0.0458763 -0.989191
0.00488823 0.0468725 -0.989195
0.00389206 0.0468725 -0.989193
0.00289589 0.0468725 -0.989191
0.00488823 0.0478687 -0.989195
0.00389206 0.0478687 -0.989192
0.00289589 0.0478687 -0.98919
