-0.00536849 -0.039301 -0.988864
-0.00605801 -0.039301 -0.988865
-0.00674754 -0.039301 -0.988866
-0.00536849 -0.0386114 -0.988868
-0.00605801 -0.0386114 -0.988869
-0.00674754 -0.0386114 -0.98887
-0.00536849 -0.0379219 -0.988872
-0.00605801 -0.0379219 -0.988873
-0.00674754 -0.0379219 -0.988874
-0.00536849 -0.0372324 -0.988876
-0.00605801 -0.0372324 -0.988877
-0.00674754 -0.0372324 -0.988878
-0.00536849 -0.0365429 -0.98888
-0.00605801 -0.0365429 -0.988881
-0.00674754 -0.0365429 -0.988882
-0.00536849 -0.0358533 -0.988884
-0.00605801 -0.0358533 -0.988885
-0.00674754 -0.0358533 -0.988886
-0.00536849 -0.0351638 -0.988888
-0.00605801 -0.0351638 -0.988889
-0.00674754 -0.0351638 -0.98889
-0.00536849 -0.0344743 -0.988892
-0.00605801 -0.0344743 -0.988893
-0.00674754 -0.0344743 -0.988894
-0.00536849 -0.0337848 -0.988896
-0.00605801 -0.0337848 -0.988897
-0.00674754 -0.0337848 -0.988898
-0.00536849 -0.0330952 -0.9889
-0.00605801 -0.0330952 -0.988901
-0.00674754 -0.0330952 -0.988902
-0.00536849 -0.0324057 -0.988904
-0.00605801 -0.0324057 -0.988905
-0.00674754 -0.0324057 -0.988906
-0.00536849 -0.0317162 -0.988908
-0.00605801 -0.0317162 -0.988909
-0.00674754 -0.0317162 -0.98891
-0.00536849 -0.0310267 -0.988912
-0.00605801 -0.0310267 -0.988913
-0.00674754 -0.0310267 -0.988914
-0.00536849 -0.0303371 -0.988916
-0.00605801 -0.0303371 -0.988917
-0.00674754 -0.0303371 -0.988918
-0.00536849 -0.0296476 -0.98892
-0.00605801 -0.0296476 -0.988921
-0.00674754 -0.0296476 -0.988922
-0.00536849 -0.0289581 -0.988924
-0.00605801 -0.0289581 -0.988925
-0.00674754 -0.0289581 -0.988926
-0.00536849 -0.0282685 -0.988928
-0.00605801 -0.0282685 -0.988929
-0.00674754 -0.0282685 -0.98893
-0.00536849 -0.027579 -0.988932
-0.00605801 -0.027579 -0.988933
-0.00674754 -0.027579 -0.988934
-0.00536849 -0.0268895 -0.988936
-0.00605801 -0.0268895 -0.988937
-0.00674754 -0.0268895 -0.988938
-0.00536849 -0.0262 -0.98894
-0.00605801 -0.0262 -0.988941
-0.00674754 -0.0262 -0.988942
-0.00536849 -0.0255104 -0.988945
-0.00605801 -0.0255104 -0.988945
-0.00674754 -0.0255104 -0.988946
-0.00536849 -0.0248209 -0.988949
-0.00605801 -0.0248209 -0.988949
-0.00674754 -0.0248209 -0.98895
-0.00536849 -0.0241314 -0.988953
-0.00605801 -0.0241314 -0.988953
-0.00674754 -0.0241314 -0.988954
-0.00536849 -0.0234419 -0.988957
-0.00605801 -0.0234419 -0.988957
-0.00674754 -0.0234419 -0.988958
-0.00536849 -0.0227523 -0.988961
-0.00605801 -0.0227523 -0.988961
-0.00674754 -0.0227523 -0.988962
-0.00536849 -0.0220628 -0.988965
-0.00605801 -0.0220628 -0.988966
-0.00674754 -0.0220628 -0.988966
-0.00536849 -0.0213733 -0.988969
-0.00605801 -0.0213733 -0.98897
-0.00674754 -0.0213733 -0.98897
-0.00536849 -0.0206838 -0.988973
-0.00605801 -0.0206838 -0.988974
-0.00674754 -0.0206838 -0.988974
-0.00536849 -0.0199942 -0.988977
-0.00605801 -0.0199942 -0.988978
-0.00674754 -0.0199942 -0.988978
-0.00536849 -0.0193047 -0.988981
-0.00605801 -0.0193047 -0.988982
-0.00674754 -0.0193047 -0.988982
-0.00536849 -0.0186152 -0.988985
-0.00605801 -0.0186152 -0.988986
-0.00674754 -0.0186152 -0.988986
-0.00536849 -0.0179257 -0.988989
-0.00605801 -0.0179257 -0.98899
-0.00674754 -0.0179257 -0.98899
-0.00536849 -0.0172361 -0.988993
-0.00605801 -0.0172361 -0.988994
-0.00674754 -0.0172361 -0.988994
-0.00536849 -0.0165466 -0.988997
-0.00605801 -0.0165466 -0.988998
-0.00674754 -0.0165466 -0.988999
-0.00536849 -0.0158571 -0.989001
-0.00605801 -0.0158571 -0.989002
-0.00674754 -0.0158571 -0.989003
-0.00536849 -0.0151676 -0.989005
-0.00605801 -0.0151676 -0.989006
-0.00674754 -0.0151676 -0.989007
-0.00536849 -0.014478 -0.989009
-0.00605801 -0.014478 -0.98901
-0.00674754 -0.014478 -0.989011
-0.00536849 -0.0137885 -0.989013
-0.00605801 -0.0137885 -0.989014
-0.00674754 -0.0137885 -0.989015
-0.00536849 -0.013099 -0.989017
-0.00605801 -0.013099 -0.989018
-0.00674754 -0.013099 -0.989019
-0.00536849 -0.0124095 -0.989021
-0.00605801 -0.0124095 -0.989022
-0.00674754 -0.0124095 -0.989023
-0.00536849 -0.0117199 -0.989025
-0.00605801 -0.0117199 -0.989026
-0.00674754 -0.0117199 -0.989027
-0.00536849 -0.0110304 -0.989029
-0.00605801 -0.0110304 -0.98903
-0.00674754 -0.0110304 -0.989031
-0.00536849 -0.0103409 -0.989033
-0.00605801 -0.0103409 -0.989034
-0.00674754 -0.0103409 -0.989035
-0.00536849 -0.00965136 -0.989037
-0.00605801 -0.00965136 -0.989038
-0.00674754 -0.00965136 -0.989039
-0.00536849 -0.00896183 -0.989041
-0.00605801 -0.00896183 -0.989042
-0.00674754 -0.00896183 -0.989043
-0.00536849 -0.00827231 -0.989045
-0.00605801 -0.00827231 -0.989046
-0.00674754 -0.00827231 -0.989047
-0.00536849 -0.00758278 -0.989049
-0.00605801 -0.00758278 -0.98905
-0.00674754 -0.00758278 -0.989051
-0.00536849 -0.00689326 -0.989053
-0.00605801 -0.00689326 -0.989054
-0.00674754 -0.00689326 -0.989055
-0.00536849 -0.00620373 -0.989057
-0.00605801 -0.00620373 -0.989058
-0.00674754 -0.00620373 -0.989059
-0.00536849 -0.00551421 -0.989061
-0.00605801 -0.00551421 -0.989062
-0.00674754 -0.00551421 -0.989063
-0.00536849 -0.00482468 -0.989065
-0.00605801 -0.00482468 -0.989066
-0.00674754 -0.00482468 -0.989067
-0.00536849 -0.00413515 -0.989069
-0.00605801 -0.00413515 -0.98907
-0.00674754 -0.00413515 -0.989071
-0.00536849 -0.00344563 -0.989073
-0.00605801 -0.00344563 -0.989074
-0.00674754 -0.00344563 -0.989075
-0.00536849 -0.0027561 -0.989077
-0.00605801 -0.0027561 -0.989078
-0.00674754 -0.0027561 -0.989079
-0.00536849 -0.00206658 -0.989081
-0.00605801 -0.00206658 -0.989082
-0.00674754 -0.00206658 -0.989083
-0.00536849 -0.00137705 -0.989085
-0.00605801 -0.00137705 -0.989086
-0.00674754 -0.00137705 -0.989087
-0.00536849 -0.000687526 -0.989089
-0.00605801 -0.000687526 -0.98909
-0.00674754 -0.000687526 -0.989091
-0.00536849 1.99927e-06 -0.989093
-0.00605801 1.99927e-06 -0.989094
-0.00674754 1.99927e-06 -0.989095
-0.00536849 0.000691525 -0.989097
-0.00605801 0.000691525 -0.989098
-0.00674754 0.000691525 -0.989099
-0.00536849 0.00138105 -0.989101
-0.00605801 0.00138105 -0.989102
-0.00674754 0.00138105 -0.989103
-0.00536849 0.00207058 -0.989105
-0.00605801 0.00207058 -0.989106
-0.00674754 0.00207058 -0.989107
-0.00536849 0.0027601 -0.989109
-0.00605801 0.0027601 -0.98911
-0.00674754 0.0027601 -0.989111
-0.00536849 0.00344963 -0.989113
-0.00605801 0.00344963 -0.989114
-0.00674754 0.00344963 -0.989115
-0.00536849 0.00413915 -0.989117
-0.00605801 0.00413915 -0.989118
-0.00674754 0.00413915 -0.989119
-0.00536849 0.00482868 -0.989121
-0.00605801 0.00482868 -0.989122
-0.00674754 0.00482868 -0.989123
-0.00536849 0.0055182 -0.989125
-0.00605801 0.0055182 -0.989126
-0.00674754 0.0055182 -0.989127
-0.00536849 0.00620773 -0.989129
-0.00605801 0.00620773 -0.98913
-0.00674754 0.00620773 -0.989131
-0.00536849 0.00689725 -0.989133
-0.00605801 0.00689725 -0.989134
-0.00674754 0.00689725 -0.989135
-0.00536849 0.00758678 -0.989137
-0.00605801 0.00758678 -0.989138
-0.00674754 0.00758678 -0.989139
-0.00536849 0.00827631 -0.989142
-0.00605801 0.00827631 -0.989142
-0.00674754 0.00827631 -0.989143
-0.00536849 0.00896583 -0.989146
-0.00605801 0.00896583 -0.989146
-0.00674754 0.00896583 -0.989147
-0.00536849 0.00965536 -0.98915
-0.00605801 0.00965536 -0.98915
-0.00674754 0.00965536 -0.989151
-0.00536849 0.0103449 -0.989154
-0.00605801 0.0103449 -0.989154
-0.00674754 0.0103449 -0.989155
-0.00536849 0.0110344 -0.989158
-0.00605801 0.0110344 -0.989158
-0.00674754 0.0110344 -0.989159
-0.00536849 0.0117239 -0.989162
-0.00605801 0.0117239 -0.989163
-0.00674754 0.0117239 -0.989163
-0.00536849 0.0124135 -0.989166
-0.00605801 0.0124135 -0.989166
-0.00674754 0.0124135 -0.989167
-0.00536849 0.013103 -0.98917
-0.00605801 0.013103 -0.989171
-0.00674754 0.013103 -0.989171
-0.00536849 0.0137925 -0.989174
-0.00605801 0.0137925 -0.989175
-0.00674754 0.0137925 -0.989175
-0.00536849 0.014482 -0.989178
-0.00605801 0.014482 -0.989179
-0.00674754 0.014482 -0.989179
-0.00536849 0.0151716 -0.989182
-0.00605801 0.0151716 -0.989183
-0.00674754 0.0151716 -0.989183
-0.00536849 0.0158611 -0.989186
-0.00605801 0.0158611 -0.989187
-0.00674754 0.0158611 -0.989187
-0.00536849 0.0165506 -0.98919
-0.00605801 0.0165506 -0.989191
-0.00674754 0.0165506 -0.989192
-0.00536849 0.0172401 -0.989194
-0.00605801 0.0172401 -0.989195
-0.00674754 0.0172401 -0.989196
-0.00536849 0.0179297 -0.989198
-0.00605801 0.0179297 -0.989199
-0.00674754 0.0179297 -0.9892
-0.00536849 0.0186192 -0.989202
-0.00605801 0.0186192 -0.989203
-0.00674754 0.0186192 -0.989204
-0.00536849 0.0193087 -0.989206
-0.00605801 0.0193087 -0.989207
-0.00674754 0.0193087 -0.989208
-0.00536849 0.0199982 -0.98921
-0.00605801 0.0199982 -0.989211
-0.00674754 0.0199982 -0.989212
-0.00536849 0.0206878 -0.989214
-0.00605801 0.0206878 -0.989215
-0.00674754 0.0206878 -0.989216
-0.00536849 0.0213773 -0.989218
-0.00605801 0.0213773 -0.989219
-0.00674754 0.0213773 -0.98922
-0.00536849 0.0220668 -0.989222
-0.00605801 0.0220668 -0.989223
-0.00674754 0.0220668 -0.989224
-0.00536849 0.0227563 -0.989226
-0.00605801 0.0227563 -0.989227
-0.00674754 0.0227563 -0.989228
-0.00536849 0.0234459 -0.98923
-0.00605801 0.0234459 -0.989231
-0.00674754 0.0234459 -0.989232
-0.00536849 0.0241354 -0.989234
-0.00605801 0.0241354 -0.989235
-0.00674754 0.0241354 -0.989236
-0.00536849 0.0248249 -0.989238
-0.00605801 0.0248249 -0.989239
-0.00674754 0.0248249 -0.98924
-0.00536849 0.0255144 -0.989242
-0.00605801 0.0255144 -0.989243
-0.00674754 0.0255144 -0.989244
-0.00536849 0.026204 -0.989246
-0.00605801 0.026204 -0.989247
-0.00674754 0.026204 -0.989248
-0.00536849 0.0268935 -0.98925
-0.00605801 0.0268935 -0.989251
-0.00674754 0.0268935 -0.989252
-0.00536849 0.027583 -0.989254
-0.00605801 0.027583 -0.989255
-0.00674754 0.027583 -0.989256
-0.00536849 0.0282725 -0.989258
-0.00605801 0.0282725 -0.989259
-0.00674754 0.0282725 -0.98926
-0.00536849 0.0289621 -0.989262
-0.00605801 0.0289621 -0.989263
-0.00674754 0.0289621 -0.989264
-0.00536849 0.0296516 -0.989266
-0.00605801 0.0296516 -0.989267
-0.00674754 0.0296516 -0.989268
-0.00536849 0.0303411 -0.98927
-0.00605801 0.0303411 -0.989271
-0.00674754 0.0303411 -0.989272
-0.00536849 0.0310306 -0.989274
-0.00605801 0.0310306 -0.989275
-0.00674754 0.0310306 -0.989276
-0.00536849 0.0317202 -0.989278
-0.00605801 0.0317202 -0.989279
-0.00674754 0.0317202 -0.98928
-0.00536849 0.0324097 -0.989282
-0.00605801 0.0324097 -0.989283
-0.00674754 0.0324097 -0.989284
-0.00536849 0.0330992 -0.989286
-0.00605801 0.0330992 -0.989287
-0.00674754 0.0330992 -0.989288
-0.00536849 0.0337888 -0.98929
-0.00605801 0.0337888 -0.989291
-0.00674754 0.0337888 -0.989292
-0.00536849 0.0344783 -0.989294
-0.00605801 0.0344783 -0.989295
-0.00674754 0.0344783 -0.989296
-0.00536849 0.0351678 -0.989298
-0.00605801 0.0351678 -0.989299
-0.00674754 0.0351678 -0.9893
-0.00536849 0.0358573 -0.989302
-0.00605801 0.0358573 -0.989303
-0.00674754 0.0358573 -0.989304
-0.00536849 0.0365469 -0.989306
-0.00605801 0.0365469 -0.989307
-0.00674754 0.0365469 -0.989308
