0.00997093 0.0303482 -0.987873
0.00993083 0.0303482 -0.98788
0.00989074 0.0303482 -0.987887
0.00997093 0.0303883 -0.987873
0.00993083 0.0303883 -0.98788
0.00989074 0.0303883 -0.987886
0.00997093 0.0304284 -0.987873
0.00993083 0.0304284 -0.987879
0.00989074 0.0304284 -0.987886
0.00997093 0.0304685 -0.987872
0.00993083 0.0304685 -0.987879
0.00989074 0.0304685 -0.987886
0.00997093 0.0305086 -0.987872
0.00993083 0.0305086 -0.987879
0.00989074 0.0305086 -0.987885
0.00997093 0.0305487 -0.987872
0.00993083 0.0305487 -0.987878
0.00989074 0.0305487 -0.987885
0.00997093 0.0305888 -0.987871
0.00993083 0.0305888 -0.987878
0.00989074 0.0305888 -0.987885
0.00997093 0.0306289 -0.987871
0.00993083 0.0306289 -0.987877
0.00989074 0.0306289 -0.987884
0.00997093 0.030669 -0.98787
0.00993083 0.030669 -0.987877
0.00989074 0.030669 -0.987884
0.00997093 0.0307091 -0.98787
0.00993083 0.0307091 -0.987877
0.00989074 0.0307091 -0.987883
0.00997093 0.0307491 -0.98787
0.00993083 0.0307491 -0.987876
0.00989074 0.0307491 -0.987883
0.00997093 0.0307892 -0.987869
0.00993083 0.0307892 -0.987876
0.00989074 0.0307892 -0.987883
0.00997093 0.0308293 -0.987869
0.00993083 0.0308293 -0.987876
0.00989074 0.0308293 -0.987882
0.00997093 0.0308694 -0.987868
0.00993083 0.0308694 -0.987875
0.00989074 0.0308694 -0.987882
0.00997093 0.0309095 -0.987868
0.00993083 0.0309095 -0.987875
0.00989074 0.0309095 -0.987881
0.00997093 0.0309496 -0.987868
0.00993083 0.0309496 -0.987874
0.00989074 0.0309496 -0.987881
0.00997093 0.0309897 -0.987867
0.00993083 0.0309897 -0.987874
0.00989074 0.0309897 -0.987881
0.00997093 0.0310298 -0.987867
0.00993083 0.0310298 -0.987874
0.00989074 0.0310298 -0.98788
0.00997093 0.0310699 -0.987867
0.00993083 0.0310699 -0.987873
0.00989074 0.0310699 -0.98788
0.00997093 0.03111 -0.987866
0.00993083 0.03111 -0.987873
0.00989074 0.03111 -0.98788
0.00997093 0.0311501 -0.987866
0.00993083 0.0311501 -0.987873
0.00989074 0.0311501 -0.987879
0.00997093 0.0311902 -0.987865
0.00993083 0.0311902 -0.987872
0.00989074 0.0311902 -0.987879
0.00997093 0.0312303 -0.987865
0.00993083 0.0312303 -0.987872
0.00989074 0.0312303 -0.987878
0.00997093 0.0312704 -0.987865
0.00993083 0.0312704 -0.987871
0.00989074 0.0312704 -0.987878
0.00997093 0.0313105 -0.987864
0.00993083 0.0313105 -0.987871
0.00989074 0.0313105 -0.987878
0.00997093 0.0313505 -0.987864
0.00993083 0.0313505 -0.987871
0.00989074 0.0313505 -0.987877
0.00997093 0.0313906 -0.987864
0.00993083 0.0313906 -0.98787
0.00989074 0.0313906 -0.987877
0.00997093 0.0314307 -0.987863
0.00993083 0.0314307 -0.98787
0.00989074 0.0314307 -0.987877
0.00997093 0.0314708 -0.987863
0.00993083 0.0314708 -0.98787
0.00989074 0.0314708 -0.987876
0.00997093 0.0315109 -0.987862
0.00993083 0.0315109 -0.987869
0.00989074 0.0315109 -0.987876
0.00997093 0.031551 -0.987862
0.00993083 0.031551 -0.987869
0.00989074 0.031551 -0.987875
0.00997093 0.0315911 -0.987862
0.00993083 0.0315911 -0.987868
0.00989074 0.0315911 -0.987875
0.00997093 0.0316312 -0.987861
0.00993083 0.0316312 -0.987868
0.00989074 0.0316312 -0.987875
0.00997093 0.0316713 -0.987861
0.00993083 0.0316713 -0.987868
0.00989074 0.0316713 -0.987874
0.00997093 0.0317114 -0.987861
0.00993083 0.0317114 -0.987867
0.00989074 0.0317114 -0.987874
0.00997093 0.0317515 -0.98786
0.00993083 0.0317515 -0.987867
0.00989074 0.0317515 -0.987874
0.00997093 0.0317916 -0.98786
0.00993083 0.0317916 -0.987866
0.00989074 0.0317916 -0.987873
0.00997093 0.0318317 -0.987859
0.00993083 0.0318317 -0.987866
0.00989074 0.0318317 -0.987873
0.00997093 0.0318718 -0.987859
0.00993083 0.0318718 -0.987866
0.00989074 0.0318718 -0.987872
0.00997093 0.0319118 -0.987859
0.00993083 0.0319118 -0.987865
0.00989074 0.0319118 -0.987872
0.00997093 0.0319519 -0.987858
0.00993083 0.0319519 -0.987865
0.00989074 0.0319519 -0.987872
0.00997093 0.031992 -0.987858
0.00993083 0.031992 -0.987865
0.00989074 0.031992 -0.987871
0.00997093 0.0320321 -0.987857
0.00993083 0.0320321 -0.987864
0.00989074 0.0320321 -0.987871
0.00997093 0.0320722 -0.987857
0.00993083 0.0320722 -0.987864
0.00989074 0.0320722 -0.987871
0.00997093 0.0321123 -0.987857
0.00993083 0.0321123 -0.987863
0.00989074 0.0321123 -0.98787
0.00997093 0.0321524 -0.987856
0.00993083 0.0321524 -0.987863
0.00989074 0.0321524 -0.98787
0.00997093 0.0321925 -0.987856
0.00993083 0.0321925 -0.987863
0.00989074 0.0321925 -0.987869
0.00997093 0.0322326 -0.987856
0.00993083 0.0322326 -0.987862
0.00989074 0.0322326 -0.987869
0.00997093 0.0322727 -0.987855
0.00993083 0.0322727 -0.987862
0.00989074 0.0322727 -0.987869
0.00997093 0.0323128 -0.987855
0.00993083 0.0323128 -0.987862
0.00989074 0.0323128 -0.987868
0.00997093 0.0323529 -0.987854
0.00993083 0.0323529 -0.987861
0.00989074 0.0323529 -0.987868
0.00997093 0.032393 -0.987854
0.00993083 0.032393 -0.987861
0.00989074 0.032393 -0.987867
0.00997093 0.0324331 -0.987854
0.00993083 0.0324331 -0.98786
0.00989074 0.0324331 -0.987867
0.00997093 0.0324731 -0.987853
0.00993083 0.0324731 -0.98786
0.00989074 0.0324731 -0.987867
0.00997093 0.0325132 -0.987853
0.00993083 0.0325132 -0.98786
0.00989074 0.0325132 -0.987866
0.00997093 0.0325533 -0.987853
0.00993083 0.0325533 -0.987859
0.00989074 0.0325533 -0.987866
0.00997093 0.0325934 -0.987852
0.00993083 0.0325934 -0.987859
0.00989074 0.0325934 -0.987866
0.00997093 0.0326335 -0.987852
0.00993083 0.0326335 -0.987858
0.00989074 0.0326335 -0.987865
0.00997093 0.0326736 -0.987851
0.00993083 0.0326736 -0.987858
0.00989074 0.0326736 -0.987865
0.00997093 0.0327137 -0.987851
0.00993083 0.0327137 -0.987858
0.00989074 0.0327137 -0.987864
0.00997093 0.0327538 -0.987851
0.00993083 0.0327538 -0.987857
0.00989074 0.0327538 -0.987864
0.00997093 0.0327939 -0.98785
0.00993083 0.0327939 -0.987857
0.00989074 0.0327939 -0.987864
0.00997093 0.032834 -0.98785
0.00993083 0.032834 -0.987857
0.00989074 0.032834 -0.987863
0.00997093 0.0328741 -0.98785
0.00993083 0.0328741 -0.987856
0.00989074 0.0328741 -0.987863
0.00997093 0.0329142 -0.987849
0.00993083 0.0329142 -0.987856
0.00989074 0.0329142 -0.987863
0.00997093 0.0329543 -0.987849
0.00993083 0.0329543 -0.987855
0.00989074 0.0329543 -0.987862
0.00997093 0.0329944 -0.987848
0.00993083 0.0329944 -0.987855
0.00989074 0.0329944 -0.987862
0.00997093 0.0330344 -0.987848
0.00993083 0.0330344 -0.987855
0.00989074 0.0330344 -0.987861
0.00997093 0.0330745 -0.987848
0.00993083 0.0330745 -0.987854
0.00989074 0.0330745 -0.987861
0.00997093 0.0331146 -0.987847
0.00993083 0.0331146 -0.987854
0.00989074 0.0331146 -0.987861
0.00997093 0.0331547 -0.987847
0.00993083 0.0331547 -0.987854
0.00989074 0.0331547 -0.98786
0.00997093 0.0331948 -0.987846
0.00993083 0.0331948 -0.987853
0.00989074 0.0331948 -0.98786
0.00997093 0.0332349 -0.987846
0.00993083 0.0332349 -0.987853
0.00989074 0.0332349 -0.987859
0.00997093 0.033275 -0.987846
0.00993083 0.033275 -0.987852
0.00989074 0.033275 -0.987859
0.00997093 0.0333151 -0.987845
0.00993083 0.0333151 -0.987852
0.00989074 0.0333151 -0.987859
0.00997093 0.0333552 -0.987845
0.00993083 0.0333552 -0.987852
0.00989074 0.0333552 -0.987858
0.00997093 0.0333953 -0.987845
0.00993083 0.0333953 -0.987851
0.00989074 0.0333953 -0.987858
0.00997093 0.0334354 -0.987844
0.00993083 0.0334354 -0.987851
0.00989074 0.0334354 -0.987858
0.00997093 0.0334755 -0.987844
0.00993083 0.0334755 -0.987851
0.00989074 0.0334755 -0.987857
0.00997093 0.0335156 -0.987843
0.00993083 0.0335156 -0.98785
0.00989074 0.0335156 -0.987857
0.00997093 0.0335557 -0.987843
0.00993083 0.0335557 -0.98785
0.00989074 0.0335557 -0.987857
0.00997093 0.0335957 -0.987843
0.00993083 0.0335957 -0.987849
0.00989074 0.0335957 -0.987856
0.00997093 0.0336358 -0.987842
0.00993083 0.0336358 -0.987849
0.00989074 0.0336358 -0.987856
0.00997093 0.0336759 -0.987842
0.00993083 0.0336759 -0.987849
0.00989074 0.0336759 -0.987855
0.00997093 0.033716 -0.987842
0.00993083 0.033716 -0.987848
0.00989074 0.033716 -0.987855
0.00997093 0.0337561 -0.987841
0.00993083 0.0337561 -0.987848
0.00989074 0.0337561 -0.987855
0.00997093 0.0337962 -0.987841
0.00993083 0.0337962 -0.987848
0.00989074 0.0337962 -0.987854
0.00997093 0.0338363 -0.98784
0.00993083 0.0338363 -0.987847
0.00989074 0.0338363 -0.987854
0.00997093 0.0338764 -0.98784
0.00993083 0.0338764 -0.987847
0.00989074 0.0338764 -0.987853
0.00997093 0.0339165 -0.98784
0.00993083 0.0339165 -0.987846
0.00989074 0.0339165 -0.987853
0.00997093 0.0339566 -0.987839
0.00993083 0.0339566 -0.987846
0.00989074 0.0339566 -0.987853
0.00997093 0.0339967 -0.987839
0.00993083 0.0339967 -0.987846
0.00989074 0.0339967 -0.987852
0.00997093 0.0340368 -0.987839
0.00993083 0.0340368 -0.987845
0.00989074 0.0340368 -0.987852
0.00997093 0.0340769 -0.987838
0.00993083 0.0340769 -0.987845
0.00989074 0.0340769 -0.987852
0.00997093 0.034117 -0.987838
0.00993083 0.034117 -0.987844
0.00989074 0.034117 -0.987851
0.00997093 0.034157 -0.987837
0.00993083 0.034157 -0.987844
0.00989074 0.034157 -0.987851
0.00997093 0.0341971 -0.987837
0.00993083 0.0341971 -0.987844
0.00989074 0.0341971 -0.98785
0.00997093 0.0342372 -0.987837
0.00993083 0.0342372 -0.987843
0.00989074 0.0342372 -0.98785
0.00997093 0.0342773 -0.987836
0.00993083 0.0342773 -0.987843
0.00989074 0.0342773 -0.98785
0.00997093 0.0343174 -0.987836
0.00993083 0.0343174 -0.987843
0.00989074 0.0343174 -0.987849
0.00997093 0.0343575 -0.987835
0.00993083 0.0343575 -0.987842
0.00989074 0.0343575 -0.987849
0.00997093 0.0343976 -0.987835
0.00993083 0.0343976 -0.987842
0.00989074 0.0343976 -0.987849
0.00997093 0.0344377 -0.987835
0.00993083 0.0344377 -0.987841
0.00989074 0.0344377 -0.987848
0.00997093 0.0344778 -0.987834
0.00993083 0.0344778 -0.987841
0.00989074 0.0344778 -0.987848
0.00997093 0.0345179 -0.987834
0.00993083 0.0345179 -0.987841
0.00989074 0.0345179 -0.987847
0.00997093 0.034558 -0.987834
0.00993083 0.034558 -0.98784
0.00989074 0.034558 -0.987847
0.00997093 0.0345981 -0.987833
0.00993083 0.0345981 -0.98784
0.00989074 0.0345981 -0.987847
0.00997093 0.0346382 -0.987833
0.00993083 0.0346382 -0.98784
0.00989074 0.0346382 -0.987846
0.00997093 0.0346783 -0.987832
0.00993083 0.0346783 -0.987839
0.00989074 0.0346783 -0.987846
0.00997093 0.0347184 -0.987832
0.00993083 0.0347184 -0.987839
0.00989074 0.0347184 -0.987845
0.00997093 0.0347584 -0.987832
0.00993083 0.0347584 -0.987838
0.00989074 0.0347584 -0.987845
