-0.000877397 -0.00351037 -0.974061
-0.000912942 -0.00351037 -0.974057
-0.000948487 -0.00351037 -0.974053
-0.000877397 -0.00347483 -0.974061
-0.000912942 -0.00347483 -0.974057
-0.000948487 -0.00347483 -0.974054
-0.000877397 -0.00343928 -0.974062
-0.000912942 -0.00343928 -0.974058
-0.000948487 -0.00343928 -0.974054
-0.000877397 -0.00340374 -0.974062
-0.000912942 -0.00340374 -0.974059
-0.000948487 -0.00340374 -0.974055
-0.000877397 -0.00336819 -0.974063
-0.000912942 -0.00336819 -0.974059
-0.000948487 -0.00336819 -0.974055
-0.000877397 -0.00333265 -0.974063
-0.000912942 -0.00333265 -0.97406
-0.000948487 -0.00333265 -0.974056
-0.000877397 -0.0032971 -0.974064
-0.000912942 -0.0032971 -0.97406
-0.000948487 -0.0032971 -0.974056
-0.000877397 -0.00326156 -0.974064
-0.000912942 -0.00326156 -0.974061
-0.000948487 -0.00326156 -0.974057
-0.000877397 -0.00322602 -0.974065
-0.000912942 -0.00322602 -0.974061
-0.000948487 -0.00322602 -0.974057
-0.000877397 -0.00319047 -0.974065
-0.000912942 -0.00319047 -0.974062
-0.000948487 -0.00319047 -0.974058
-0.000877397 -0.00315493 -0.974066
-0.000912942 -0.00315493 -0.974062
-0.000948487 -0.00315493 -0.974058
-0.000877397 -0.00311938 -0.974066
-0.000912942 -0.00311938 -0.974063
-0.000948487 -0.00311938 -0.974059
-0.000877397 -0.00308384 -0.974067
-0.000912942 -0.00308384 -0.974063
-0.000948487 -0.00308384 -0.974059
-0.000877397 -0.00304829 -0.974067
-0.000912942 -0.00304829 -0.974064
-0.000948487 -0.00304829 -0.97406
-0.000877397 -0.00301275 -0.974068
-0.000912942 -0.00301275 -0.974064
-0.000948487 -0.00301275 -0.97406
-0.000877397 -0.0029772 -0.974068
-0.000912942 -0.0029772 -0.974065
-0.000948487 -0.0029772 -0.974061
-0.000877397 -0.00294166 -0.974069
-0.000912942 -0.00294166 -0.974065
-0.000948487 -0.00294166 -0.974061
-0.000877397 -0.00290611 -0.974069
-0.000912942 -0.00290611 -0.974066
-0.000948487 -0.00290611 -0.974062
-0.000877397 -0.00287057 -0.97407
-0.000912942 -0.00287057 -0.974066
-0.000948487 -0.00287057 -0.974062
-0.000877397 -0.00283502 -0.97407
-0.000912942 -0.00283502 -0.974067
-0.000948487 -0.00283502 -0.974063
-0.000877397 -0.00279948 -0.974071
-0.000912942 -0.00279948 -0.974067
-0.000948487 -0.00279948 -0.974063
-0.000877397 -0.00276393 -0.974072
-0.000912942 -0.00276393 -0.974068
-0.000948487 -0.00276393 -0.974064
-0.000877397 -0.00272839 -0.974072
-0.000912942 -0.00272839 -0.974068
-0.000948487 -0.00272839 -0.974064
-0.000877397 -0.00269284 -0.974073
-0.000912942 -0.00269284 -0.974069
-0.000948487 -0.00269284 -0.974065
-0.000877397 -0.0026573 -0.974073
-0.000912942 -0.0026573 -0.974069
-0.000948487 -0.0026573 -0.974065
-0.000877397 -0.00262175 -0.974074
-0.000912942 -0.00262175 -0.97407
-0.000948487 -0.00262175 -0.974066
-0.000877397 -0.00258621 -0.974074
-0.000912942 -0.00258621 -0.97407
-0.000948487 -0.00258621 -0.974066
-0.000877397 -0.00255066 -0.974075
-0.000912942 -0.00255066 -0.974071
-0.000948487 -0.00255066 -0.974067
-0.000877397 -0.00251512 -0.974075
-0.000912942 -0.00251512 -0.974071
-0.000948487 -0.00251512 -0.974068
-0.000877397 -0.00247957 -0.974076
-0.000912942 -0.00247957 -0.974072
-0.000948487 -0.00247957 -0.974068
-0.000877397 -0.00244403 -0.974076
-0.000912942 -0.00244403 -0.974072
-0.000948487 -0.00244403 -0.974069
-0.000877397 -0.00240848 -0.974077
-0.000912942 -0.00240848 -0.974073
-0.000948487 -0.00240848 -0.974069
-0.000877397 -0.00237294 -0.974077
-0.000912942 -0.00237294 -0.974073
-0.000948487 -0.00237294 -0.97407
-0.000877397 -0.00233739 -0.974078
-0.000912942 -0.00233739 -0.974074
-0.000948487 -0.00233739 -0.97407
-0.000877397 -0.00230185 -0.974078
-0.000912942 -0.00230185 -0.974074
-0.000948487 -0.00230185 -0.974071
-0.000877397 -0.0022663 -0.974079
-0.000912942 -0.0022663 -0.974075
-0.000948487 -0.0022663 -0.974071
-0.000877397 -0.00223076 -0.974079
-0.000912942 -0.00223076 -0.974075
-0.000948487 -0.00223076 -0.974072
-0.000877397 -0.00219521 -0.97408
-0.000912942 -0.00219521 -0.974076
-0.000948487 -0.00219521 -0.974072
-0.000877397 -0.00215967 -0.97408
-0.000912942 -0.00215967 -0.974076
-0.000948487 -0.00215967 -0.974073
-0.000877397 -0.00212412 -0.974081
-0.000912942 -0.00212412 -0.974077
-0.000948487 -0.00212412 -0.974073
-0.000877397 -0.00208858 -0.974081
-0.000912942 -0.00208858 -0.974077
-0.000948487 -0.00208858 -0.974074
-0.000877397 -0.00205303 -0.974082
-0.000912942 -0.00205303 -0.974078
-0.000948487 -0.00205303 -0.974074
-0.000877397 -0.00201749 -0.974082
-0.000912942 -0.00201749 -0.974078
-0.000948487 -0.00201749 -0.974075
-0.000877397 -0.00198194 -0.974083
-0.000912942 -0.00198194 -0.974079
-0.000948487 -0.00198194 -0.974075
-0.000877397 -0.0019464 -0.974083
-0.000912942 -0.0019464 -0.974079
-0.000948487 -0.0019464 -0.974076
-0.000877397 -0.00191085 -0.974084
-0.000912942 -0.00191085 -0.97408
-0.000948487 -0.00191085 -0.974076
-0.000877397 -0.00187531 -0.974084
-0.000912942 -0.00187531 -0.974081
-0.000948487 -0.00187531 -0.974077
-0.000877397 -0.00183976 -0.974085
-0.000912942 -0.00183976 -0.974081
-0.000948487 -0.00183976 -0.974077
-0.000877397 -0.00180422 -0.974085
-0.000912942 -0.00180422 -0.974082
-0.000948487 -0.00180422 -0.974078
-0.000877397 -0.00176867 -0.974086
-0.000912942 -0.00176867 -0.974082
-0.000948487 -0.00176867 -0.974078
-0.000877397 -0.00173313 -0.974086
-0.000912942 -0.00173313 -0.974083
-0.000948487 -0.00173313 -0.974079
-0.000877397 -0.00169758 -0.974087
-0.000912942 -0.00169758 -0.974083
-0.000948487 -0.00169758 -0.974079
-0.000877397 -0.00166204 -0.974087
-0.000912942 -0.00166204 -0.974084
-0.000948487 -0.00166204 -0.97408
-0.000877397 -0.00162649 -0.974088
-0.000912942 -0.00162649 -0.974084
-0.000948487 -0.00162649 -0.97408
-0.000877397 -0.00159095 -0.974088
-0.000912942 -0.00159095 -0.974085
-0.000948487 -0.00159095 -0.974081
-0.000877397 -0.0015554 -0.974089
-0.000912942 -0.0015554 -0.974085
-0.000948487 -0.0015554 -0.974081
-0.000877397 -0.00151986 -0.974089
-0.000912942 -0.00151986 -0.974086
-0.000948487 -0.00151986 -0.974082
-0.000877397 -0.00148431 -0.97409
-0.000912942 -0.00148431 -0.974086
-0.000948487 -0.00148431 -0.974082
-0.000877397 -0.00144877 -0.97409
-0.000912942 -0.00144877 -0.974087
-0.000948487 -0.00144877 -0.974083
-0.000877397 -0.00141322 -0.974091
-0.000912942 -0.00141322 -0.974087
-0.000948487 -0.00141322 -0.974083
-0.000877397 -0.00137768 -0.974091
-0.000912942 -0.00137768 -0.974088
-0.000948487 -0.00137768 -0.974084
-0.000877397 -0.00134213 -0.974092
-0.000912942 -0.00134213 -0.974088
-0.000948487 -0.00134213 -0.974084
-0.000877397 -0.00130659 -0.974092
-0.000912942 -0.00130659 -0.974089
-0.000948487 -0.00130659 -0.974085
-0.000877397 -0.00127104 -0.974093
-0.000912942 -0.00127104 -0.974089
-0.000948487 -0.00127104 -0.974085
-0.000877397 -0.0012355 -0.974093
-0.000912942 -0.0012355 -0.97409
-0.000948487 -0.0012355 -0.974086
-0.000877397 -0.00119996 -0.974094
-0.000912942 -0.00119996 -0.97409
-0.000948487 -0.00119996 -0.974086
-0.000877397 -0.00116441 -0.974095
-0.000912942 -0.00116441 -0.974091
-0.000948487 -0.00116441 -0.974087
-0.000877397 -0.00112887 -0.974095
-0.000912942 -0.00112887 -0.974091
-0.000948487 -0.00112887 -0.974087
-0.000877397 -0.00109332 -0.974096
-0.000912942 -0.00109332 -0.974092
-0.000948487 -0.00109332 -0.974088
-0.000877397 -0.00105778 -0.974096
-0.000912942 -0.00105778 -0.974092
-0.000948487 -0.00105778 -0.974088
-0.000877397 -0.00102223 -0.974097
-0.000912942 -0.00102223 -0.974093
-0.000948487 -0.00102223 -0.974089
-0.000877397 -0.000986686 -0.974097
-0.000912942 -0.000986686 -0.974093
-0.000948487 -0.000986686 -0.97409
-0.000877397 -0.000951141 -0.974098
-0.000912942 -0.000951141 -0.974094
-0.000948487 -0.000951141 -0.97409
-0.000877397 -0.000915596 -0.974098
-0.000912942 -0.000915596 -0.974094
-0.000948487 -0.000915596 -0.974091
-0.000877397 -0.000880051 -0.974099
-0.000912942 -0.000880051 -0.974095
-0.000948487 -0.000880051 -0.974091
-0.000877397 -0.000844506 -0.974099
-0.000912942 -0.000844506 -0.974095
-0.000948487 -0.000844506 -0.974092
-0.000877397 -0.000808961 -0.9741
-0.000912942 -0.000808961 -0.974096
-0.000948487 -0.000808961 -0.974092
-0.000877397 -0.000773416 -0.9741
-0.000912942 -0.000773416 -0.974096
-0.000948487 -0.000773416 -0.974093
-0.000877397 -0.000737871 -0.974101
-0.000912942 -0.000737871 -0.974097
-0.000948487 -0.000737871 -0.974093
-0.000877397 -0.000702326 -0.974101
-0.000912942 -0.000702326 -0.974097
-0.000948487 -0.000702326 -0.974094
-0.000877397 -0.000666781 -0.974102
-0.000912942 -0.000666781 -0.974098
-0.000948487 -0.000666781 -0.974094
-0.000877397 -0.000631236 -0.974102
-0.000912942 -0.000631236 -0.974098
-0.000948487 -0.000631236 -0.974095
-0.000877397 -0.000595691 -0.974103
-0.000912942 -0.000595691 -0.974099
-0.000948487 -0.000595691 -0.974095
-0.000877397 -0.000560147 -0.974103
-0.000912942 -0.000560147 -0.974099
-0.000948487 -0.000560147 -0.974096
-0.000877397 -0.000524602 -0.974104
-0.000912942 -0.000524602 -0.9741
-0.000948487 -0.000524602 -0.974096
-0.000877397 -0.000489057 -0.974104
-0.000912942 -0.000489057 -0.9741
-0.000948487 -0.000489057 -0.974097
-0.000877397 -0.000453512 -0.974105
-0.000912942 -0.000453512 -0.974101
-0.000948487 -0.000453512 -0.974097
-0.000877397 -0.000417967 -0.974105
-0.000912942 -0.000417967 -0.974101
-0.000948487 -0.000417967 -0.974098
-0.000877397 -0.000382422 -0.974106
-0.000912942 -0.000382422 -0.974102
-0.000948487 -0.000382422 -0.974098
-0.000877397 -0.000346877 -0.974106
-0.000912942 -0.000346877 -0.974102
-0.000948487 -0.000346877 -0.974099
-0.000877397 -0.000311332 -0.974107
-0.000912942 -0.000311332 -0.974103
-0.000948487 -0.000311332 -0.974099
-0.000877397 -0.000275787 -0.974107
-0.000912942 -0.000275787 -0.974104
-0.000948487 -0.000275787 -0.9741
-0.000877397 -0.000240242 -0.974108
-0.000912942 -0.000240242 -0.974104
-0.000948487 -0.000240242 -0.9741
-0.000877397 -0.000204697 -0.974108
-0.000912942 -0.000204697 -0.974105
-0.000948487 -0.000204697 -0.974101
-0.000877397 -0.000169153 -0.974109
-0.000912942 -0.000169153 -0.974105
-0.000948487 -0.000169153 -0.974101
-0.000877397 -0.000133608 -0.974109
-0.000912942 -0.000133608 -0.974106
-0.000948487 -0.000133608 -0.974102
-0.000877397 -9.80627e-05 -0.97411
-0.000912942 -9.80627e-05 -0.974106
-0.000948487 -9.80627e-05 -0.974102
-0.000877397 -6.25178e-05 -0.97411
-0.000912942 -6.25178e-05 -0.974107
-0.000948487 -6.25178e-05 -0.974103
-0.000877397 -2.69729e-05 -0.974111
-0.000912942 -2.69729e-05 -0.974107
-0.000948487 -2.69729e-05 -0.974103
-0.000877397 8.57201e-06 -0.974111
-0.000912942 8.57201e-06 -0.974108
-0.000948487 8.57201e-06 -0.974104
-0.000877397 4.41169e-05 -0.974112
-0.000912942 4.41169e-05 -0.974108
-0.000948487 4.41169e-05 -0.974104
-0.000877397 7.96618e-05 -0.974112
-0.000912942 7.96618e-05 -0.974109
-0.000948487 7.96618e-05 -0.974105
-0.000877397 0.000115207 -0.974113
-0.000912942 0.000115207 -0.974109
-0.000948487 0.000115207 -0.974105
-0.000877397 0.000150752 -0.974113
-0.000912942 0.000150752 -0.97411
-0.000948487 0.000150752 -0.974106
-0.000877397 0.000186297 -0.974114
-0.000912942 0.000186297 -0.97411
-0.000948487 0.000186297 -0.974106
-0.000877397 0.000221841 -0.974114
-0.000912942 0.000221841 -0.974111
-0.000948487 0.000221841 -0.974107
-0.000877397 0.000257386 -0.974115
-0.000912942 0.000257386 -0.974111
-0.000948487 0.000257386 -0.974107
-0.000877397 0.000292931 -0.974115
-0.000912942 0.000292931 -0.974112
-0.000948487 0.000292931 -0.974108
-0.000877397 0.000328476 -0.974116
-0.000912942 0.000328476 -0.974112
-0.000948487 0.000328476 -0.974108
-0.000877397 0.000364021 -0.974117
-0.000912942 0.000364021 -0.974113
-0.000948487 0.000364021 -0.974109
-0.000877397 0.000399566 -0.974117
-0.000912942 0.000399566 -0.974113
-0.000948487 0.000399566 -0.974109
