0.00166054 -0.0178559 -0.983289
0.00159401 -0.0178559 -0.983285
0.00152748 -0.0178559 -0.983281
0.00166054 -0.0177894 -0.983289
0.00159401 -0.0177894 -0.983285
0.00152748 -0.0177894 -0.983281
0.00166054 -0.0177229 -0.983288
0.00159401 -0.0177229 -0.983285
0.00152748 -0.0177229 -0.983281
0.00166054 -0.0176563 -0.983288
0.00159401 -0.0176563 -0.983284
0.00152748 -0.0176563 -0.983281
0.00166054 -0.0175898 -0.983288
0.00159401 -0.0175898 -0.983284
0.00152748 -0.0175898 -0.98328
0.00166054 -0.0175233 -0.983288
0.00159401 -0.0175233 -0.983284
0.00152748 -0.0175233 -0.98328
0.00166054 -0.0174567 -0.983287
0.00159401 -0.0174567 -0.983284
0.00152748 -0.0174567 -0.98328
0.00166054 -0.0173902 -0.983287
0.00159401 -0.0173902 -0.983283
0.00152748 -0.0173902 -0.98328
0.00166054 -0.0173237 -0.983287
0.00159401 -0.0173237 -0.983283
0.00152748 -0.0173237 -0.983279
0.00166054 -0.0172571 -0.983287
0.00159401 -0.0172571 -0.983283
0.00152748 -0.0172571 -0.983279
0.00166054 -0.0171906 -0.983286
0.00159401 -0.0171906 -0.983283
0.00152748 -0.0171906 -0.983279
0.00166054 -0.0171241 -0.983286
0.00159401 -0.0171241 -0.983282
0.00152748 -0.0171241 -0.983279
0.00166054 -0.0170576 -0.983286
0.00159401 -0.0170576 -0.983282
0.00152748 -0.0170576 -0.983278
0.00166054 -0.016991 -0.983286
0.00159401 -0.016991 -0.983282
0.00152748 -0.016991 -0.983278
0.00166054 -0.0169245 -0.983285
0.00159401 -0.0169245 -0.983282
0.00152748 -0.0169245 -0.983278
0.00166054 -0.016858 -0.983285
0.00159401 -0.016858 -0.983281
0.00152748 -0.016858 -0.983278
0.00166054 -0.0167914 -0.983285
0.00159401 -0.0167914 -0.983281
0.00152748 -0.0167914 -0.983277
0.00166054 -0.0167249 -0.983285
0.00159401 -0.0167249 -0.983281
0.00152748 -0.0167249 -0.983277
0.00166054 -0.0166584 -0.983284
0.00159401 -0.0166584 -0.983281
0.00152748 -0.0166584 -0.983277
0.00166054 -0.0165918 -0.983284
0.00159401 -0.0165918 -0.98328
0.00152748 -0.0165918 -0.983277
0.00166054 -0.0165253 -0.983284
0.00159401 -0.0165253 -0.98328
0.00152748 -0.0165253 -0.983276
0.00166054 -0.0164588 -0.983284
0.00159401 -0.0164588 -0.98328
0.00152748 -0.0164588 -0.983276
0.00166054 -0.0163922 -0.983283
0.00159401 -0.0163922 -0.98328
0.00152748 -0.0163922 -0.983276
0.00166054 -0.0163257 -0.983283
0.00159401 -0.0163257 -0.983279
0.00152748 -0.0163257 -0.983276
0.00166054 -0.0162592 -0.983283
0.00159401 -0.0162592 -0.983279
0.00152748 -0.0162592 -0.983275
0.00166054 -0.0161927 -0.983283
0.00159401 -0.0161927 -0.983279
0.00152748 -0.0161927 -0.983275
0.00166054 -0.0161261 -0.983282
0.00159401 -0.0161261 -0.983279
0.00152748 -0.0161261 -0.983275
0.00166054 -0.0160596 -0.983282
0.00159401 -0.0160596 -0.983278
0.00152748 -0.0160596 -0.983275
0.00166054 -0.0159931 -0.983282
0.00159401 -0.0159931 -0.983278
0.00152748 -0.0159931 -0.983274
0.00166054 -0.0159265 -0.983282
0.00159401 -0.0159265 -0.983278
0.00152748 -0.0159265 -0.983274
0.00166054 -0.01586 -0.983281
0.00159401 -0.01586 -0.983278
0.00152748 -0.01586 -0.983274
0.00166054 -0.0157935 -0.983281
0.00159401 -0.0157935 -0.983277
0.00152748 -0.0157935 -0.983274
0.00166054 -0.0157269 -0.983281
0.00159401 -0.0157269 -0.983277
0.00152748 -0.0157269 -0.983273
0.00166054 -0.0156604 -0.983281
0.00159401 -0.0156604 -0.983277
0.00152748 -0.0156604 -0.983273
0.00166054 -0.0155939 -0.98328
0.00159401 -0.0155939 -0.983277
0.00152748 -0.0155939 -0.983273
0.00166054 -0.0155273 -0.98328
0.00159401 -0.0155273 -0.983276
0.00152748 -0.0155273 -0.983273
0.00166054 -0.0154608 -0.98328
0.00159401 -0.0154608 -0.983276
0.00152748 -0.0154608 -0.983272
0.00166054 -0.0153943 -0.98328
0.00159401 -0.0153943 -0.983276
0.00152748 -0.0153943 -0.983272
0.00166054 -0.0153278 -0.983279
0.00159401 -0.0153278 -0.983276
0.00152748 -0.0153278 -0.983272
0.00166054 -0.0152612 -0.983279
0.00159401 -0.0152612 -0.983275
0.00152748 -0.0152612 -0.983272
0.00166054 -0.0151947 -0.983279
0.00159401 -0.0151947 -0.983275
0.00152748 -0.0151947 -0.983271
0.00166054 -0.0151282 -0.983279
0.00159401 -0.0151282 -0.983275
0.00152748 -0.0151282 -0.983271
0.00166054 -0.0150616 -0.983278
0.00159401 -0.0150616 -0.983275
0.00152748 -0.0150616 -0.983271
0.00166054 -0.0149951 -0.983278
0.00159401 -0.0149951 -0.983274
0.00152748 -0.0149951 -0.983271
0.00166054 -0.0149286 -0.983278
0.00159401 -0.0149286 -0.983274
0.00152748 -0.0149286 -0.98327
0.00166054 -0.014862 -0.983277
0.00159401 -0.014862 -0.983274
0.00152748 -0.014862 -0.98327
0.00166054 -0.0147955 -0.983277
0.00159401 -0.0147955 -0.983274
0.00152748 -0.0147955 -0.98327
0.00166054 -0.014729 -0.983277
0.00159401 -0.014729 -0.983273
0.00152748 -0.014729 -0.98327
0.00166054 -0.0146624 -0.983277
0.00159401 -0.0146624 -0.983273
0.00152748 -0.0146624 -0.983269
0.00166054 -0.0145959 -0.983276
0.00159401 -0.0145959 -0.983273
0.00152748 -0.0145959 -0.983269
0.00166054 -0.0145294 -0.983276
0.00159401 -0.0145294 -0.983273
0.00152748 -0.0145294 -0.983269
0.00166054 -0.0144629 -0.983276
0.00159401 -0.0144629 -0.983272
0.00152748 -0.0144629 -0.983269
0.00166054 -0.0143963 -0.983276
0.00159401 -0.0143963 -0.983272
0.00152748 -0.0143963 -0.983268
0.00166054 -0.0143298 -0.983275
0.00159401 -0.0143298 -0.983272
0.00152748 -0.0143298 -0.983268
0.00166054 -0.0142633 -0.983275
0.00159401 -0.0142633 -0.983272
0.00152748 -0.0142633 -0.983268
0.00166054 -0.0141967 -0.983275
0.00159401 -0.0141967 -0.983271
0.00152748 -0.0141967 -0.983268
0.00166054 -0.0141302 -0.983275
0.00159401 -0.0141302 -0.983271
0.00152748 -0.0141302 -0.983267
0.00166054 -0.0140637 -0.983274
0.00159401 -0.0140637 -0.983271
0.00152748 -0.0140637 -0.983267
0.00166054 -0.0139971 -0.983274
0.00159401 -0.0139971 -0.983271
0.00152748 -0.0139971 -0.983267
0.00166054 -0.0139306 -0.983274
0.00159401 -0.0139306 -0.98327
0.00152748 -0.0139306 -0.983267
0.00166054 -0.0138641 -0.983274
0.00159401 -0.0138641 -0.98327
0.00152748 -0.0138641 -0.983266
0.00166054 -0.0137975 -0.983273
0.00159401 -0.0137975 -0.98327
0.00152748 -0.0137975 -0.983266
0.00166054 -0.013731 -0.983273
0.00159401 -0.013731 -0.98327
0.00152748 -0.013731 -0.983266
0.00166054 -0.0136645 -0.983273
0.00159401 -0.0136645 -0.983269
0.00152748 -0.0136645 -0.983266
0.00166054 -0.0135979 -0.983273
0.00159401 -0.0135979 -0.983269
0.00152748 -0.0135979 -0.983265
0.00166054 -0.0135314 -0.983272
0.00159401 -0.0135314 -0.983269
0.00152748 -0.0135314 -0.983265
0.00166054 -0.0134649 -0.983272
0.00159401 -0.0134649 -0.983268
0.00152748 -0.0134649 -0.983265
0.00166054 -0.0133984 -0.983272
0.00159401 -0.0133984 -0.983268
0.00152748 -0.0133984 -0.983265
0.00166054 -0.0133318 -0.983272
0.00159401 -0.0133318 -0.983268
0.00152748 -0.0133318 -0.983264
0.00166054 -0.0132653 -0.983271
0.00159401 -0.0132653 -0.983268
0.00152748 -0.0132653 -0.983264
0.00166054 -0.0131988 -0.983271
0.00159401 -0.0131988 -0.983267
0.00152748 -0.0131988 -0.983264
0.00166054 -0.0131322 -0.983271
0.00159401 -0.0131322 -0.983267
0.00152748 -0.0131322 -0.983264
0.00166054 -0.0130657 -0.983271
0.00159401 -0.0130657 -0.983267
0.00152748 -0.0130657 -0.983263
0.00166054 -0.0129992 -0.98327
0.00159401 -0.0129992 -0.983267
0.00152748 -0.0129992 -0.983263
0.00166054 -0.0129326 -0.98327
0.00159401 -0.0129326 -0.983266
0.00152748 -0.0129326 -0.983263
0.00166054 -0.0128661 -0.98327
0.00159401 -0.0128661 -0.983266
0.00152748 -0.0128661 -0.983263
0.00166054 -0.0127996 -0.98327
0.00159401 -0.0127996 -0.983266
0.00152748 -0.0127996 -0.983262
0.00166054 -0.012733 -0.983269
0.00159401 -0.012733 -0.983266
0.00152748 -0.012733 -0.983262
0.00166054 -0.0126665 -0.983269
0.00159401 -0.0126665 -0.983265
0.00152748 -0.0126665 -0.983262
0.00166054 -0.0126 -0.983269
0.00159401 -0.0126 -0.983265
0.00152748 -0.0126 -0.983262
0.00166054 -0.0125335 -0.983269
0.00159401 -0.0125335 -0.983265
0.00152748 -0.0125335 -0.983261
0.00166054 -0.0124669 -0.983268
0.00159401 -0.0124669 -0.983265
0.00152748 -0.0124669 -0.983261
0.00166054 -0.0124004 -0.983268
0.00159401 -0.0124004 -0.983264
0.00152748 -0.0124004 -0.983261
0.00166054 -0.0123339 -0.983268
0.00159401 -0.0123339 -0.983264
0.00152748 -0.0123339 -0.983261
0.00166054 -0.0122673 -0.983268
0.00159401 -0.0122673 -0.983264
0.00152748 -0.0122673 -0.98326
0.00166054 -0.0122008 -0.983267
0.00159401 -0.0122008 -0.983264
0.00152748 -0.0122008 -0.98326
0.00166054 -0.0121343 -0.983267
0.00159401 -0.0121343 -0.983263
0.00152748 -0.0121343 -0.98326
0.00166054 -0.0120677 -0.983267
0.00159401 -0.0120677 -0.983263
0.00152748 -0.0120677 -0.983259
0.00166054 -0.0120012 -0.983267
0.00159401 -0.0120012 -0.983263
0.00152748 -0.0120012 -0.983259
0.00166054 -0.0119347 -0.983266
0.00159401 -0.0119347 -0.983263
0.00152748 -0.0119347 -0.983259
0.00166054 -0.0118681 -0.983266
0.00159401 -0.0118681 -0.983262
0.00152748 -0.0118681 -0.983259
0.00166054 -0.0118016 -0.983266
0.00159401 -0.0118016 -0.983262
0.00152748 -0.0118016 -0.983258
0.00166054 -0.0117351 -0.983266
0.00159401 -0.0117351 -0.983262
0.00152748 -0.0117351 -0.983258
0.00166054 -0.0116686 -0.983265
0.00159401 -0.0116686 -0.983262
0.00152748 -0.0116686 -0.983258
0.00166054 -0.011602 -0.983265
0.00159401 -0.011602 -0.983261
0.00152748 -0.011602 -0.983258
0.00166054 -0.0115355 -0.983265
0.00159401 -0.0115355 -0.983261
0.00152748 -0.0115355 -0.983257
0.00166054 -0.011469 -0.983265
0.00159401 -0.011469 -0.983261
0.00152748 -0.011469 -0.983257
0.00166054 -0.0114024 -0.983264
0.00159401 -0.0114024 -0.983261
0.00152748 -0.0114024 -0.983257
0.00166054 -0.0113359 -0.983264
0.00159401 -0.0113359 -0.98326
0.00152748 -0.0113359 -0.983257
0.00166054 -0.0112694 -0.983264
0.00159401 -0.0112694 -0.98326
0.00152748 -0.0112694 -0.983256
0.00166054 -0.0112028 -0.983264
0.00159401 -0.0112028 -0.98326
0.00152748 -0.0112028 -0.983256
0.00166054 -0.0111363 -0.983263
0.00159401 -0.0111363 -0.98326
0.00152748 -0.0111363 -0.983256
0.00166054 -0.0110698 -0.983263
0.00159401 -0.0110698 -0.983259
0.00152748 -0.0110698 -0.983256
0.00166054 -0.0110032 -0.983263
0.00159401 -0.0110032 -0.983259
0.00152748 -0.0110032 -0.983255
0.00166054 -0.0109367 -0.983263
0.00159401 -0.0109367 -0.983259
0.00152748 -0.0109367 -0.983255
0.00166054 -0.0108702 -0.983262
0.00159401 -0.0108702 -0.983259
0.00152748 -0.0108702 -0.983255
0.00166054 -0.0108037 -0.983262
0.00159401 -0.0108037 -0.983258
0.00152748 -0.0108037 -0.983255
0.00166054 -0.0107371 -0.983262
0.00159401 -0.0107371 -0.983258
0.00152748 -0.0107371 -0.983254
0.00166054 -0.0106706 -0.983262
0.00159401 -0.0106706 -0.983258
0.00152748 -0.0106706 -0.983254
0.00166054 -0.0106041 -0.983261
0.00159401 -0.0106041 -0.983258
0.00152748 -0.0106041 -0.983254
0.00166054 -0.0105375 -0.983261
0.00159401 -0.0105375 -0.983257
0.00152748 -0.0105375 -0.983254
