-0.0128652 0.0966312 -0.984922
-0.0112195 0.0966312 -0.984919
-0.00957384 0.0966312 -0.984915
-0.0128652 0.0949856 -0.984917
-0.0112195 0.0949856 -0.984914
-0.00957384 0.0949856 -0.984911
-0.0128652 0.0933399 -0.984913
-0.0112195 0.0933399 -0.984909
-0.00957384 0.0933399 -0.984906
-0.0128652 0.0916942 -0.984908
-0.0112195 0.0916942 -0.984905
-0.00957384 0.0916942 -0.984901
-0.0128652 0.0900485 -0.984904
-0.0112195 0.0900485 -0.9849
-0.00957384 0.0900485 -0.984897
-0.0128652 0.0884028 -0.984899
-0.0112195 0.0884028 -0.984896
-0.00957384 0.0884028 -0.984892
-0.0128652 0.0867572 -0.984894
-0.0112195 0.0867572 -0.984891
-0.00957384 0.0867572 -0.984888
-0.0128652 0.0851115 -0.98489
-0.0112195 0.0851115 -0.984886
-0.00957384 0.0851115 -0.984883
-0.0128652 0.0834658 -0.984885
-0.0112195 0.0834658 -0.984882
-0.00957384 0.0834658 -0.984878
-0.0128652 0.0818201 -0.984881
-0.0112195 0.0818201 -0.984877
-0.00957384 0.0818201 -0.984874
-0.0128652 0.0801744 -0.984876
-0.0112195 0.0801744 -0.984873
-0.00957384 0.0801744 -0.984869
-0.0128652 0.0785287 -0.984871
-0.0112195 0.0785287 -0.984868
-0.00957384 0.0785287 -0.984865
-0.0128652 0.0768831 -0.984867
-0.0112195 0.0768831 -0.984863
-0.00957384 0.0768831 -0.98486
-0.0128652 0.0752374 -0.984862
-0.0112195 0.0752374 -0.984859
-0.00957384 0.0752374 -0.984855
-0.0128652 0.0735917 -0.984857
-0.0112195 0.0735917 -0.984854
-0.00957384 0.0735917 -0.984851
-0.0128652 0.071946 -0.984853
-0.0112195 0.071946 -0.98485
-0.00957384 0.071946 -0.984846
-0.0128652 0.0703003 -0.984848
-0.0112195 0.0703003 -0.984845
-0.00957384 0.0703003 -0.984841
-0.0128652 0.0686547 -0.984844
-0.0112195 0.0686547 -0.98484
-0.00957384 0.0686547 -0.984837
-0.0128652 0.067009 -0.984839
-0.0112195 0.067009 -0.984836
-0.00957384 0.067009 -0.984832
-0.0128652 0.0653633 -0.984834
-0.0112195 0.0653633 -0.984831
-0.00957384 0.0653633 -0.984828
-0.0128652 0.0637176 -0.98483
-0.0112195 0.0637176 -0.984826
-0.00957384 0.0637176 -0.984823
-0.0128652 0.0620719 -0.984825
-0.0112195 0.0620719 -0.984822
-0.00957384 0.0620719 -0.984818
-0.0128652 0.0604263 -0.984821
-0.0112195 0.0604263 -0.984817
-0.00957384 0.0604263 -0.984814
-0.0128652 0.0587806 -0.984816
-0.0112195 0.0587806 -0.984813
-0.00957384 0.0587806 -0.984809
-0.0128652 0.0571349 -0.984811
-0.0112195 0.0571349 -0.984808
-0.00957384 0.0571349 -0.984805
-0.0128652 0.0554892 -0.984807
-0.0112195 0.0554892 -0.984803
-0.00957384 0.0554892 -0.9848
-0.0128652 0.0538435 -0.984802
-0.0112195 0.0538435 -0.984799
-0.00957384 0.0538435 -0.984795
-0.0128652 0.0521979 -0.984798
-0.0112195 0.0521979 -0.984794
-0.00957384 0.0521979 -0.984791
-0.0128652 0.0505522 -0.984793
-0.0112195 0.0505522 -0.98479
-0.00957384 0.0505522 -0.984786
-0.0128652 0.0489065 -0.984788
-0.0112195 0.0489065 -0.984785
-0.00957384 0.0489065 -0.984782
-0.0128652 0.0472608 -0.984784
-0.0112195 0.0472608 -0.98478
-0.00957384 0.0472608 -0.984777
-0.0128652 0.0456151 -0.984779
-0.0112195 0.0456151 -0.984776
-0.00957384 0.0456151 -0.984772
-0.0128652 0.0439695 -0.984775
-0.0112195 0.0439695 -0.984771
-0.00957384 0.0439695 -0.984768
-0.0128652 0.0423238 -0.98477
-0.0112195 0.0423238 -0.984767
-0.00957384 0.0423238 -0.984763
-0.0128652 0.0406781 -0.984765
-0.0112195 0.0406781 -0.984762
-0.00957384 0.0406781 -0.984759
-0.0128652 0.0390324 -0.984761
-0.0112195 0.0390324 -0.984757
-0.00957384 0.0390324 -0.984754
-0.0128652 0.0373867 -0.984756
-0.0112195 0.0373867 -0.984753
-0.00957384 0.0373867 -0.984749
-0.0128652 0.035741 -0.984752
-0.0112195 0.035741 -0.984748
-0.00957384 0.035741 -0.984745
-0.0128652 0.0340954 -0.984747
-0.0112195 0.0340954 -0.984744
-0.00957384 0.0340954 -0.98474
-0.0128652 0.0324497 -0.984742
-0.0112195 0.0324497 -0.984739
-0.00957384 0.0324497 -0.984736
-0.0128652 0.030804 -0.984738
-0.0112195 0.030804 -0.984734
-0.00957384 0.030804 -0.984731
-0.0128652 0.0291583 -0.984733
-0.0112195 0.0291583 -0.98473
-0.00957384 0.0291583 -0.984726
-0.0128652 0.0275126 -0.984729
-0.0112195 0.0275126 -0.984725
-0.00957384 0.0275126 -0.984722
-0.0128652 0.025867 -0.984724
-0.0112195 0.025867 -0.984721
-0.00957384 0.025867 -0.984717
-0.0128652 0.0242213 -0.984719
-0.0112195 0.0242213 -0.984716
-0.00957384 0.0242213 -0.984713
-0.0128652 0.0225756 -0.984715
-0.0112195 0.0225756 -0.984711
-0.00957384 0.0225756 -0.984708
-0.0128652 0.0209299 -0.98471
-0.0112195 0.0209299 -0.984707
-0.00957384 0.0209299 -0.984703
-0.0128652 0.0192842 -0.984706
-0.0112195 0.0192842 -0.984702
-0.00957384 0.0192842 -0.984699
-0.0128652 0.0176386 -0.984701
-0.0112195 0.0176386 -0.984698
-0.00957384 0.0176386 -0.984694
-0.0128652 0.0159929 -0.984696
-0.0112195 0.0159929 -0.984693
-0.00957384 0.0159929 -0.98469
-0.0128652 0.0143472 -0.984692
-0.0112195 0.0143472 -0.984688
-0.00957384 0.0143472 -0.984685
-0.0128652 0.0127015 -0.984687
-0.0112195 0.0127015 -0.984684
-0.00957384 0.0127015 -0.98468
-0.0128652 0.0110558 -0.984683
-0.0112195 0.0110558 -0.984679
-0.00957384 0.0110558 -0.984676
-0.0128652 0.00941016 -0.984678
-0.0112195 0.00941016 -0.984675
-0.00957384 0.00941016 -0.984671
-0.0128652 0.00776448 -0.984673
-0.0112195 0.00776448 -0.98467
-0.00957384 0.00776448 -0.984667
-0.0128652 0.0061188 -0.984669
-0.0112195 0.0061188 -0.984665
-0.00957384 0.0061188 -0.984662
-0.0128652 0.00447312 -0.984664
-0.0112195 0.00447312 -0.984661
-0.00957384 0.00447312 -0.984657
-0.0128652 0.00282744 -0.984659
-0.0112195 0.00282744 -0.984656
-0.00957384 0.00282744 -0.984653
-0.0128652 0.00118176 -0.984655
-0.0112195 0.00118176 -0.984652
-0.00957384 0.00118176 -0.984648
-0.0128652 -0.000463926 -0.98465
-0.0112195 -0.000463926 -0.984647
-0.00957384 -0.000463926 -0.984643
-0.0128652 -0.00210961 -0.984646
-0.0112195 -0.00210961 -0.984642
-0.00957384 -0.00210961 -0.984639
-0.0128652 -0.00375529 -0.984641
-0.0112195 -0.00375529 -0.984638
-0.00957384 -0.00375529 -0.984634
-0.0128652 -0.00540097 -0.984636
-0.0112195 -0.00540097 -0.984633
-0.00957384 -0.00540097 -0.98463
-0.0128652 -0.00704665 -0.984632
-0.0112195 -0.00704665 -0.984628
-0.00957384 -0.00704665 -0.984625
-0.0128652 -0.00869233 -0.984627
-0.0112195 -0.00869233 -0.984624
-0.00957384 -0.00869233 -0.98462
-0.0128652 -0.010338 -0.984623
-0.0112195 -0.010338 -0.984619
-0.00957384 -0.010338 -0.984616
-0.0128652 -0.0119837 -0.984618
-0.0112195 -0.0119837 -0.984615
-0.00957384 -0.0119837 -0.984611
-0.0128652 -0.0136294 -0.984613
-0.0112195 -0.0136294 -0.98461
-0.00957384 -0.0136294 -0.984607
-0.0128652 -0.0152751 -0.984609
-0.0112195 -0.0152751 -0.984605
-0.00957384 -0.0152751 -0.984602
-0.0128652 -0.0169207 -0.984604
-0.0112195 -0.0169207 -0.984601
-0.00957384 -0.0169207 -0.984597
-0.0128652 -0.0185664 -0.9846
-0.0112195 -0.0185664 -0.984596
-0.00957384 -0.0185664 -0.984593
-0.0128652 -0.0202121 -0.984595
-0.0112195 -0.0202121 -0.984592
-0.00957384 -0.0202121 -0.984588
-0.0128652 -0.0218578 -0.98459
-0.0112195 -0.0218578 -0.984587
-0.00957384 -0.0218578 -0.984584
-0.0128652 -0.0235035 -0.984586
-0.0112195 -0.0235035 -0.984582
-0.00957384 -0.0235035 -0.984579
-0.0128652 -0.0251491 -0.984581
-0.0112195 -0.0251491 -0.984578
-0.00957384 -0.0251491 -0.984574
-0.0128652 -0.0267948 -0.984577
-0.0112195 -0.0267948 -0.984573
-0.00957384 -0.0267948 -0.98457
-0.0128652 -0.0284405 -0.984572
-0.0112195 -0.0284405 -0.984569
-0.00957384 -0.0284405 -0.984565
-0.0128652 -0.0300862 -0.984567
-0.0112195 -0.0300862 -0.984564
-0.00957384 -0.0300862 -0.984561
-0.0128652 -0.0317319 -0.984563
-0.0112195 -0.0317319 -0.984559
-0.00957384 -0.0317319 -0.984556
-0.0128652 -0.0333775 -0.984558
-0.0112195 -0.0333775 -0.984555
-0.00957384 -0.0333775 -0.984551
-0.0128652 -0.0350232 -0.984554
-0.0112195 -0.0350232 -0.98455
-0.00957384 -0.0350232 -0.984547
-0.0128652 -0.0366689 -0.984549
-0.0112195 -0.0366689 -0.984546
-0.00957384 -0.0366689 -0.984542
-0.0128652 -0.0383146 -0.984544
-0.0112195 -0.0383146 -0.984541
-0.00957384 -0.0383146 -0.984538
-0.0128652 -0.0399603 -0.98454
-0.0112195 -0.0399603 -0.984536
-0.00957384 -0.0399603 -0.984533
-0.0128652 -0.0416059 -0.984535
-0.0112195 -0.0416059 -0.984532
-0.00957384 -0.0416059 -0.984528
-0.0128652 -0.0432516 -0.984531
-0.0112195 -0.0432516 -0.984527
-0.00957384 -0.0432516 -0.984524
-0.0128652 -0.0448973 -0.984526
-0.0112195 -0.0448973 -0.984523
-0.00957384 -0.0448973 -0.984519
-0.0128652 -0.046543 -0.984521
-0.0112195 -0.046543 -0.984518
-0.00957384 -0.046543 -0.984515
-0.0128652 -0.0481887 -0.984517
-0.0112195 -0.0481887 -0.984513
-0.00957384 -0.0481887 -0.98451
-0.0128652 -0.0498343 -0.984512
-0.0112195 -0.0498343 -0.984509
-0.00957384 -0.0498343 -0.984505
-0.0128652 -0.05148 -0.984508
-0.0112195 -0.05148 -0.984504
-0.00957384 -0.05148 -0.984501
-0.0128652 -0.0531257 -0.984503
-0.0112195 -0.0531257 -0.9845
-0.00957384 -0.0531257 -0.984496
-0.0128652 -0.0547714 -0.984498
-0.0112195 -0.0547714 -0.984495
-0.00957384 -0.0547714 -0.984492
-0.0128652 -0.0564171 -0.984494
-0.0112195 -0.0564171 -0.98449
-0.00957384 -0.0564171 -0.984487
-0.0128652 -0.0580628 -0.984489
-0.0112195 -0.0580628 -0.984486
-0.00957384 -0.0580628 -0.984482
-0.0128652 -0.0597084 -0.984484
-0.0112195 -0.0597084 -0.984481
-0.00957384 -0.0597084 -0.984478
-0.0128652 -0.0613541 -0.98448
-0.0112195 -0.0613541 -0.984477
-0.00957384 -0.0613541 -0.984473
-0.0128652 -0.0629998 -0.984475
-0.0112195 -0.0629998 -0.984472
-0.00957384 -0.0629998 -0.984469
-0.0128652 -0.0646455 -0.984471
-0.0112195 -0.0646455 -0.984467
-0.00957384 -0.0646455 -0.984464
-0.0128652 -0.0662912 -0.984466
-0.0112195 -0.0662912 -0.984463
-0.00957384 -0.0662912 -0.984459
-0.0128652 -0.0679368 -0.984461
-0.0112195 -0.0679368 -0.984458
-0.00957384 -0.0679368 -0.984455
-0.0128652 -0.0695825 -0.984457
-0.0112195 -0.0695825 -0.984453
-0.00957384 -0.0695825 -0.98445
-0.0128652 -0.0712282 -0.984452
-0.0112195 -0.0712282 -0.984449
-0.00957384 -0.0712282 -0.984445
-0.0128652 -0.0728739 -0.984448
-0.0112195 -0.0728739 -0.984444
-0.00957384 -0.0728739 -0.984441
-0.0128652 -0.0745196 -0.984443
-0.0112195 -0.0745196 -0.98444
-0.00957384 -0.0745196 -0.984436
-0.0128652 -0.0761652 -0.984438
-0.0112195 -0.0761652 -0.984435
-0.00957384 -0.0761652 -0.984432
-0.0128652 -0.0778109 -0.984434
-0.0112195 -0.0778109 -0.98443
-0.00957384 -0.0778109 -0.984427
-0.0128652 -0.0794566 -0.984429
-0.0112195 -0.0794566 -0.984426
-0.00957384 -0.0794566 -0.984422
-0.0128652 -0.0811023 -0.984425
-0.0112195 -0.0811023 -0.984421
-0.00957384 -0.0811023 -0.984418
-0.0128652 -0.082748 -0.98442
-0.0112195 -0.082748 -0.984417
-0.00957384 -0.082748 -0.984413
-0.0128652 -0.0843936 -0.984415
-0.0112195 -0.0843936 -0.984412
-0.00957384 -0.0843936 -0.984409
