-0.00764473 0.0117766 -0.970255
-0.00716052 0.0117766 -0.97025
-0.00667632 0.0117766 -0.970245
-0.00764473 0.0112924 -0.970259
-0.00716052 0.0112924 -0.970254
-0.00667632 0.0112924 -0.970249
-0.00764473 0.0108082 -0.970263
-0.00716052 0.0108082 -0.970258
-0.00667632 0.0108082 -0.970253
-0.00764473 0.010324 -0.970267
-0.00716052 0.010324 -0.970262
-0.00667632 0.010324 -0.970257
-0.00764473 0.00983984 -0.970271
-0.00716052 0.00983984 -0.970266
-0.00667632 0.00983984 -0.970261
-0.00764473 0.00935564 -0.970275
-0.00716052 0.00935564 -0.970271
-0.00667632 0.00935564 -0.970266
-0.00764473 0.00887143 -0.97028
-0.00716052 0.00887143 -0.970275
-0.00667632 0.00887143 -0.97027
-0.00764473 0.00838723 -0.970284
-0.00716052 0.00838723 -0.970279
-0.00667632 0.00838723 -0.970274
-0.00764473 0.00790303 -0.970288
-0.00716052 0.00790303 -0.970283
-0.00667632 0.00790303 -0.970278
-0.00764473 0.00741883 -0.970292
-0.00716052 0.00741883 -0.970287
-0.00667632 0.00741883 -0.970282
-0.00764473 0.00693463 -0.970296
-0.00716052 0.00693463 -0.970291
-0.00667632 0.00693463 -0.970286
-0.00764473 0.00645042 -0.9703
-0.00716052 0.00645042 -0.970295
-0.00667632 0.00645042 -0.97029
-0.00764473 0.00596622 -0.970304
-0.00716052 0.00596622 -0.970299
-0.00667632 0.00596622 -0.970295
-0.00764473 0.00548202 -0.970309
-0.00716052 0.00548202 -0.970304
-0.00667632 0.00548202 -0.970299
-0.00764473 0.00499782 -0.970313
-0.00716052 0.00499782 -0.970308
-0.00667632 0.00499782 -0.970303
-0.00764473 0.00451362 -0.970317
-0.00716052 0.00451362 -0.970312
-0.00667632 0.00451362 -0.970307
-0.00764473 0.00402942 -0.970321
-0.00716052 0.00402942 -0.970316
-0.00667632 0.00402942 -0.970311
-0.00764473 0.00354521 -0.970325
-0.00716052 0.00354521 -0.97032
-0.00667632 0.00354521 -0.970315
-0.00764473 0.00306101 -0.970329
-0.00716052 0.00306101 -0.970324
-0.00667632 0.00306101 -0.970319
-0.00764473 0.00257681 -0.970333
-0.00716052 0.00257681 -0.970329
-0.00667632 0.00257681 -0.970324
-0.00764473 0.00209261 -0.970338
-0.00716052 0.00209261 -0.970333
-0.00667632 0.00209261 -0.970328
-0.00764473 0.00160841 -0.970342
-0.00716052 0.00160841 -0.970337
-0.00667632 0.00160841 -0.970332
-0.00764473 0.0011242 -0.970346
-0.00716052 0.0011242 -0.970341
-0.00667632 0.0011242 -0.970336
-0.00764473 0.000640003 -0.97035
-0.00716052 0.000640003 -0.970345
-0.00667632 0.000640003 -0.97034
-0.00764473 0.000155801 -0.970354
-0.00716052 0.000155801 -0.970349
-0.00667632 0.000155801 -0.970344
-0.00764473 -0.000328401 -0.970358
-0.00716052 -0.000328401 -0.970353
-0.00667632 -0.000328401 -0.970348
-0.00764473 -0.000812603 -0.970362
-0.00716052 -0.000812603 -0.970357
-0.00667632 -0.000812603 -0.970353
-0.00764473 -0.0012968 -0.970367
-0.00716052 -0.0012968 -0.970362
-0.00667632 -0.0012968 -0.970357
-0.00764473 -0.00178101 -0.970371
-0.00716052 -0.00178101 -0.970366
-0.00667632 -0.00178101 -0.970361
-0.00764473 -0.00226521 -0.970375
-0.00716052 -0.00226521 -0.97037
-0.00667632 -0.00226521 -0.970365
-0.00764473 -0.00274941 -0.970379
-0.00716052 -0.00274941 -0.970374
-0.00667632 -0.00274941 -0.970369
-0.00764473 -0.00323361 -0.970383
-0.00716052 -0.00323361 -0.970378
-0.00667632 -0.00323361 -0.970373
-0.00764473 -0.00371781 -0.970387
-0.00716052 -0.00371781 -0.970382
-0.00667632 -0.00371781 -0.970377
-0.00764473 -0.00420202 -0.970391
-0.00716052 -0.00420202 -0.970387
-0.00667632 -0.00420202 -0.970381
-0.00764473 -0.00468622 -0.970396
-0.00716052 -0.00468622 -0.970391
-0.00667632 -0.00468622 -0.970386
-0.00764473 -0.00517042 -0.9704
-0.00716052 -0.00517042 -0.970395
-0.00667632 -0.00517042 -0.97039
-0.00764473 -0.00565462 -0.970404
-0.00716052 -0.00565462 -0.970399
-0.00667632 -0.00565462 -0.970394
-0.00764473 -0.00613882 -0.970408
-0.00716052 -0.00613882 -0.970403
-0.00667632 -0.00613882 -0.970398
-0.00764473 -0.00662303 -0.970412
-0.00716052 -0.00662303 -0.970407
-0.00667632 -0.00662303 -0.970402
-0.00764473 -0.00710723 -0.970416
-0.00716052 -0.00710723 -0.970411
-0.00667632 -0.00710723 -0.970406
-0.00764473 -0.00759143 -0.97042
-0.00716052 -0.00759143 -0.970415
-0.00667632 -0.00759143 -0.970411
-0.00764473 -0.00807563 -0.970425
-0.00716052 -0.00807563 -0.97042
-0.00667632 -0.00807563 -0.970415
-0.00764473 -0.00855983 -0.970429
-0.00716052 -0.00855983 -0.970424
-0.00667632 -0.00855983 -0.970419
-0.00764473 -0.00904403 -0.970433
-0.00716052 -0.00904403 -0.970428
-0.00667632 -0.00904403 -0.970423
-0.00764473 -0.00952824 -0.970437
-0.00716052 -0.00952824 -0.970432
-0.00667632 -0.00952824 -0.970427
-0.00764473 -0.0100124 -0.970441
-0.00716052 -0.0100124 -0.970436
-0.00667632 -0.0100124 -0.970431
-0.00764473 -0.0104966 -0.970445
-0.00716052 -0.0104966 -0.97044
-0.00667632 -0.0104966 -0.970435
-0.00764473 -0.0109808 -0.970449
-0.00716052 -0.0109808 -0.970445
-0.00667632 -0.0109808 -0.970439
-0.00764473 -0.011465 -0.970454
-0.00716052 -0.011465 -0.970449
-0.00667632 -0.011465 -0.970444
-0.00764473 -0.0119492 -0.970458
-0.00716052 -0.0119492 -0.970453
-0.00667632 -0.0119492 -0.970448
-0.00764473 -0.0124334 -0.970462
-0.00716052 -0.0124334 -0.970457
-0.00667632 -0.0124334 -0.970452
-0.00764473 -0.0129176 -0.970466
-0.00716052 -0.0129176 -0.970461
-0.00667632 -0.0129176 -0.970456
-0.00764473 -0.0134019 -0.97047
-0.00716052 -0.0134019 -0.970465
-0.00667632 -0.0134019 -0.97046
-0.00764473 -0.0138861 -0.970474
-0.00716052 -0.0138861 -0.970469
-0.00667632 -0.0138861 -0.970464
-0.00764473 -0.0143703 -0.970478
-0.00716052 -0.0143703 -0.970473
-0.00667632 -0.0143703 -0.970469
-0.00764473 -0.0148545 -0.970483
-0.00716052 -0.0148545 -0.970478
-0.00667632 -0.0148545 -0.970473
-0.00764473 -0.0153387 -0.970487
-0.00716052 -0.0153387 -0.970482
-0.00667632 -0.0153387 -0.970477
-0.00764473 -0.0158229 -0.970491
-0.00716052 -0.0158229 -0.970486
-0.00667632 -0.0158229 -0.970481
-0.00764473 -0.0163071 -0.970495
-0.00716052 -0.0163071 -0.97049
-0.00667632 -0.0163071 -0.970485
-0.00764473 -0.0167913 -0.970499
-0.00716052 -0.0167913 -0.970494
-0.00667632 -0.0167913 -0.970489
-0.00764473 -0.0172755 -0.970503
-0.00716052 -0.0172755 -0.970498
-0.00667632 -0.0172755 -0.970493
-0.00764473 -0.0177597 -0.970507
-0.00716052 -0.0177597 -0.970502
-0.00667632 -0.0177597 -0.970497
-0.00764473 -0.0182439 -0.970512
-0.00716052 -0.0182439 -0.970507
-0.00667632 -0.0182439 -0.970502
-0.00764473 -0.0187281 -0.970516
-0.00716052 -0.0187281 -0.970511
-0.00667632 -0.0187281 -0.970506
-0.00764473 -0.0192123 -0.97052
-0.00716052 -0.0192123 -0.970515
-0.00667632 -0.0192123 -0.97051
-0.00764473 -0.0196965 -0.970524
-0.00716052 -0.0196965 -0.970519
-0.00667632 -0.0196965 -0.970514
-0.00764473 -0.0201807 -0.970528
-0.00716052 -0.0201807 -0.970523
-0.00667632 -0.0201807 -0.970518
-0.00764473 -0.0206649 -0.970532
-0.00716052 -0.0206649 -0.970527
-0.00667632 -0.0206649 -0.970522
-0.00764473 -0.0211491 -0.970536
-0.00716052 -0.0211491 -0.970531
-0.00667632 -0.0211491 -0.970527
-0.00764473 -0.0216333 -0.970541
-0.00716052 -0.0216333 -0.970536
-0.00667632 -0.0216333 -0.970531
-0.00764473 -0.0221175 -0.970545
-0.00716052 -0.0221175 -0.97054
-0.00667632 -0.0221175 -0.970535
-0.00764473 -0.0226017 -0.970549
-0.00716052 -0.0226017 -0.970544
-0.00667632 -0.0226017 -0.970539
-0.00764473 -0.0230859 -0.970553
-0.00716052 -0.0230859 -0.970548
-0.00667632 -0.0230859 -0.970543
-0.00764473 -0.0235701 -0.970557
-0.00716052 -0.0235701 -0.970552
-0.00667632 -0.0235701 -0.970547
-0.00764473 -0.0240543 -0.970561
-0.00716052 -0.0240543 -0.970556
-0.00667632 -0.0240543 -0.970551
-0.00764473 -0.0245385 -0.970565
-0.00716052 -0.0245385 -0.97056
-0.00667632 -0.0245385 -0.970555
-0.00764473 -0.0250227 -0.97057
-0.00716052 -0.0250227 -0.970565
-0.00667632 -0.0250227 -0.97056
-0.00764473 -0.0255069 -0.970574
-0.00716052 -0.0255069 -0.970569
-0.00667632 -0.0255069 -0.970564
-0.00764473 -0.0259911 -0.970578
-0.00716052 -0.0259911 -0.970573
-0.00667632 -0.0259911 -0.970568
-0.00764473 -0.0264753 -0.970582
-0.00716052 -0.0264753 -0.970577
-0.00667632 -0.0264753 -0.970572
-0.00764473 -0.0269595 -0.970586
-0.00716052 -0.0269595 -0.970581
-0.00667632 -0.0269595 -0.970576
-0.00764473 -0.0274437 -0.97059
-0.00716052 -0.0274437 -0.970585
-0.00667632 -0.0274437 -0.97058
-0.00764473 -0.0279279 -0.970594
-0.00716052 -0.0279279 -0.970589
-0.00667632 -0.0279279 -0.970585
-0.00764473 -0.0284121 -0.970599
-0.00716052 -0.0284121 -0.970594
-0.00667632 -0.0284121 -0.970589
-0.00764473 -0.0288963 -0.970603
-0.00716052 -0.0288963 -0.970598
-0.00667632 -0.0288963 -0.970593
-0.00764473 -0.0293805 -0.970607
-0.00716052 -0.0293805 -0.970602
-0.00667632 -0.0293805 -0.970597
-0.00764473 -0.0298647 -0.970611
-0.00716052 -0.0298647 -0.970606
-0.00667632 -0.0298647 -0.970601
-0.00764473 -0.0303489 -0.970615
-0.00716052 -0.0303489 -0.97061
-0.00667632 -0.0303489 -0.970605
-0.00764473 -0.0308331 -0.970619
-0.00716052 -0.0308331 -0.970614
-0.00667632 -0.0308331 -0.970609
-0.00764473 -0.0313173 -0.970623
-0.00716052 -0.0313173 -0.970618
-0.00667632 -0.0313173 -0.970613
-0.00764473 -0.0318015 -0.970628
-0.00716052 -0.0318015 -0.970623
-0.00667632 -0.0318015 -0.970618
-0.00764473 -0.0322857 -0.970632
-0.00716052 -0.0322857 -0.970627
-0.00667632 -0.0322857 -0.970622
-0.00764473 -0.0327699 -0.970636
-0.00716052 -0.0327699 -0.970631
-0.00667632 -0.0327699 -0.970626
-0.00764473 -0.0332541 -0.97064
-0.00716052 -0.0332541 -0.970635
-0.00667632 -0.0332541 -0.97063
-0.00764473 -0.0337383 -0.970644
-0.00716052 -0.0337383 -0.970639
-0.00667632 -0.0337383 -0.970634
-0.00764473 -0.0342225 -0.970648
-0.00716052 -0.0342225 -0.970643
-0.00667632 -0.0342225 -0.970638
-0.00764473 -0.0347067 -0.970652
-0.00716052 -0.0347067 -0.970647
-0.00667632 -0.0347067 -0.970643
-0.00764473 -0.0351909 -0.970657
-0.00716052 -0.0351909 -0.970652
-0.00667632 -0.0351909 -0.970647
-0.00764473 -0.0356751 -0.970661
-0.00716052 -0.0356751 -0.970656
-0.00667632 -0.0356751 -0.970651
-0.00764473 -0.0361593 -0.970665
-0.00716052 -0.0361593 -0.97066
-0.00667632 -0.0361593 -0.970655
-0.00764473 -0.0366435 -0.970669
-0.00716052 -0.0366435 -0.970664
-0.00667632 -0.0366435 -0.970659
-0.00764473 -0.0371277 -0.970673
-0.00716052 -0.0371277 -0.970668
-0.00667632 -0.0371277 -0.970663
-0.00764473 -0.0376119 -0.970677
-0.00716052 -0.0376119 -0.970672
-0.00667632 -0.0376119 -0.970667
-0.00764473 -0.0380961 -0.970681
-0.00716052 -0.0380961 -0.970676
-0.00667632 -0.0380961 -0.970671
-0.00764473 -0.0385803 -0.970686
-0.00716052 -0.0385803 -0.970681
-0.00667632 -0.0385803 -0.970676
-0.00764473 -0.0390645 -0.97069
-0.00716052 -0.0390645 -0.970685
-0.00667632 -0.0390645 -0.97068
-0.00764473 -0.0395488 -0.970694
-0.00716052 -0.0395488 -0.970689
-0.00667632 -0.0395488 -0.970684
-0.00764473 -0.040033 -0.970698
-0.00716052 -0.040033 -0.970693
-0.00667632 -0.040033 -0.970688
-0.00764473 -0.0405172 -0.970702
-0.00716052 -0.0405172 -0.970697
-0.00667632 -0.0405172 -0.970692
-0.00764473 -0.0410014 -0.970706
-0.00716052 -0.0410014 -0.970701
-0.00667632 -0.0410014 -0.970696
-0.00764473 -0.0414856 -0.97071
-0.00716052 -0.0414856 -0.970705
-0.00667632 -0.0414856 -0.970701
