0.0121418 -0.0459949 -0.983549
0.0113105 -0.0459949 -0.983549
0.0104792 -0.0459949 -0.983548
0.0121418 -0.0451636 -0.98355
0.0113105 -0.0451636 -0.983549
0.0104792 -0.0451636 -0.983548
0.0121418 -0.0443323 -0.98355
0.0113105 -0.0443323 -0.983549
0.0104792 -0.0443323 -0.983548
0.0121418 -0.0435011 -0.98355
0.0113105 -0.0435011 -0.983549
0.0104792 -0.0435011 -0.983549
0.0121418 -0.0426698 -0.983551
0.0113105 -0.0426698 -0.98355
0.0104792 -0.0426698 -0.983549
0.0121418 -0.0418385 -0.983551
0.0113105 -0.0418385 -0.98355
0.0104792 -0.0418385 -0.983549
0.0121418 -0.0410072 -0.983551
0.0113105 -0.0410072 -0.98355
0.0104792 -0.0410072 -0.98355
0.0121418 -0.0401759 -0.983552
0.0113105 -0.0401759 -0.983551
0.0104792 -0.0401759 -0.98355
0.0121418 -0.0393447 -0.983552
0.0113105 -0.0393447 -0.983551
0.0104792 -0.0393447 -0.98355
0.0121418 -0.0385134 -0.983552
0.0113105 -0.0385134 -0.983551
0.0104792 -0.0385134 -0.983551
0.0121418 -0.0376821 -0.983553
0.0113105 -0.0376821 -0.983552
0.0104792 -0.0376821 -0.983551
0.0121418 -0.0368508 -0.983553
0.0113105 -0.0368508 -0.983552
0.0104792 -0.0368508 -0.983551
0.0121418 -0.0360195 -0.983553
0.0113105 -0.0360195 -0.983552
0.0104792 -0.0360195 -0.983552
0.0121418 -0.0351883 -0.983554
0.0113105 -0.0351883 -0.983553
0.0104792 -0.0351883 -0.983552
0.0121418 -0.034357 -0.983554
0.0113105 -0.034357 -0.983553
0.0104792 -0.034357 -0.983552
0.0121418 -0.0335257 -0.983554
0.0113105 -0.0335257 -0.983553
0.0104792 -0.0335257 -0.983553
0.0121418 -0.0326944 -0.983554
0.0113105 -0.0326944 -0.983554
0.0104792 -0.0326944 -0.983553
0.0121418 -0.0318631 -0.983555
0.0113105 -0.0318631 -0.983554
0.0104792 -0.0318631 -0.983553
0.0121418 -0.0310319 -0.983555
0.0113105 -0.0310319 -0.983554
0.0104792 -0.0310319 -0.983554
0.0121418 -0.0302006 -0.983555
0.0113105 -0.0302006 -0.983555
0.0104792 -0.0302006 -0.983554
0.0121418 -0.0293693 -0.983556
0.0113105 -0.0293693 -0.983555
0.0104792 -0.0293693 -0.983554
0.0121418 -0.028538 -0.983556
0.0113105 -0.028538 -0.983555
0.0104792 -0.028538 -0.983555
0.0121418 -0.0277067 -0.983556
0.0113105 -0.0277067 -0.983556
0.0104792 -0.0277067 -0.983555
0.0121418 -0.0268755 -0.983557
0.0113105 -0.0268755 -0.983556
0.0104792 -0.0268755 -0.983555
0.0121418 -0.0260442 -0.983557
0.0113105 -0.0260442 -0.983556
0.0104792 -0.0260442 -0.983555
0.0121418 -0.0252129 -0.983557
0.0113105 -0.0252129 -0.983557
0.0104792 -0.0252129 -0.983556
0.0121418 -0.0243816 -0.983558
0.0113105 -0.0243816 -0.983557
0.0104792 -0.0243816 -0.983556
0.0121418 -0.0235503 -0.983558
0.0113105 -0.0235503 -0.983557
0.0104792 -0.0235503 -0.983556
0.0121418 -0.0227191 -0.983558
0.0113105 -0.0227191 -0.983558
0.0104792 -0.0227191 -0.983557
0.0121418 -0.0218878 -0.983559
0.0113105 -0.0218878 -0.983558
0.0104792 -0.0218878 -0.983557
0.0121418 -0.0210565 -0.983559
0.0113105 -0.0210565 -0.983558
0.0104792 -0.0210565 -0.983557
0.0121418 -0.0202252 -0.983559
0.0113105 -0.0202252 -0.983559
0.0104792 -0.0202252 -0.983558
0.0121418 -0.0193939 -0.98356
0.0113105 -0.0193939 -0.983559
0.0104792 -0.0193939 -0.983558
0.0121418 -0.0185627 -0.98356
0.0113105 -0.0185627 -0.983559
0.0104792 -0.0185627 -0.983558
0.0121418 -0.0177314 -0.98356
0.0113105 -0.0177314 -0.983559
0.0104792 -0.0177314 -0.983559
0.0121418 -0.0169001 -0.983561
0.0113105 -0.0169001 -0.98356
0.0104792 -0.0169001 -0.983559
0.0121418 -0.0160688 -0.983561
0.0113105 -0.0160688 -0.98356
0.0104792 -0.0160688 -0.983559
0.0121418 -0.0152375 -0.983561
0.0113105 -0.0152375 -0.983561
0.0104792 -0.0152375 -0.98356
0.0121418 -0.0144063 -0.983562
0.0113105 -0.0144063 -0.983561
0.0104792 -0.0144063 -0.98356
0.0121418 -0.013575 -0.983562
0.0113105 -0.013575 -0.983561
0.0104792 -0.013575 -0.98356
0.0121418 -0.0127437 -0.983562
0.0113105 -0.0127437 -0.983561
0.0104792 -0.0127437 -0.983561
0.0121418 -0.0119124 -0.983563
0.0113105 -0.0119124 -0.983562
0.0104792 -0.0119124 -0.983561
0.0121418 -0.0110811 -0.983563
0.0113105 -0.0110811 -0.983562
0.0104792 -0.0110811 -0.983561
0.0121418 -0.0102499 -0.983563
0.0113105 -0.0102499 -0.983562
0.0104792 -0.0102499 -0.983562
0.0121418 -0.00941859 -0.983564
0.0113105 -0.00941859 -0.983563
0.0104792 -0.00941859 -0.983562
0.0121418 -0.00858731 -0.983564
0.0113105 -0.00858731 -0.983563
0.0104792 -0.00858731 -0.983562
0.0121418 -0.00775603 -0.983564
0.0113105 -0.00775603 -0.983563
0.0104792 -0.00775603 -0.983563
0.0121418 -0.00692475 -0.983564
0.0113105 -0.00692475 -0.983564
0.0104792 -0.00692475 -0.983563
0.0121418 -0.00609347 -0.983565
0.0113105 -0.00609347 -0.983564
0.0104792 -0.00609347 -0.983563
0.0121418 -0.00526219 -0.983565
0.0113105 -0.00526219 -0.983564
0.0104792 -0.00526219 -0.983564
0.0121418 -0.00443091 -0.983565
0.0113105 -0.00443091 -0.983565
0.0104792 -0.00443091 -0.983564
0.0121418 -0.00359963 -0.983566
0.0113105 -0.00359963 -0.983565
0.0104792 -0.00359963 -0.983564
0.0121418 -0.00276835 -0.983566
0.0113105 -0.00276835 -0.983565
0.0104792 -0.00276835 -0.983565
0.0121418 -0.00193707 -0.983566
0.0113105 -0.00193707 -0.983566
0.0104792 -0.00193707 -0.983565
0.0121418 -0.00110579 -0.983567
0.0113105 -0.00110579 -0.983566
0.0104792 -0.00110579 -0.983565
0.0121418 -0.000274508 -0.983567
0.0113105 -0.000274508 -0.983566
0.0104792 -0.000274508 -0.983566
0.0121418 0.000556772 -0.983567
0.0113105 0.000556772 -0.983567
0.0104792 0.000556772 -0.983566
0.0121418 0.00138805 -0.983568
0.0113105 0.00138805 -0.983567
0.0104792 0.00138805 -0.983566
0.0121418 0.00221933 -0.983568
0.0113105 0.00221933 -0.983567
0.0104792 0.00221933 -0.983566
0.0121418 0.00305061 -0.983568
0.0113105 0.00305061 -0.983568
0.0104792 0.00305061 -0.983567
0.0121418 0.00388189 -0.983569
0.0113105 0.00388189 -0.983568
0.0104792 0.00388189 -0.983567
0.0121418 0.00471317 -0.983569
0.0113105 0.00471317 -0.983568
0.0104792 0.00471317 -0.983567
0.0121418 0.00554445 -0.983569
0.0113105 0.00554445 -0.983569
0.0104792 0.00554445 -0.983568
0.0121418 0.00637573 -0.98357
0.0113105 0.00637573 -0.983569
0.0104792 0.00637573 -0.983568
0.0121418 0.00720701 -0.98357
0.0113105 0.00720701 -0.983569
0.0104792 0.00720701 -0.983568
0.0121418 0.00803829 -0.98357
0.0113105 0.00803829 -0.98357
0.0104792 0.00803829 -0.983569
0.0121418 0.00886957 -0.983571
0.0113105 0.00886957 -0.98357
0.0104792 0.00886957 -0.983569
0.0121418 0.00970085 -0.983571
0.0113105 0.00970085 -0.98357
0.0104792 0.00970085 -0.983569
0.0121418 0.0105321 -0.983571
0.0113105 0.0105321 -0.983571
0.0104792 0.0105321 -0.98357
0.0121418 0.0113634 -0.983572
0.0113105 0.0113634 -0.983571
0.0104792 0.0113634 -0.98357
0.0121418 0.0121947 -0.983572
0.0113105 0.0121947 -0.983571
0.0104792 0.0121947 -0.98357
0.0121418 0.013026 -0.983572
0.0113105 0.013026 -0.983571
0.0104792 0.013026 -0.983571
0.0121418 0.0138572 -0.983573
0.0113105 0.0138572 -0.983572
0.0104792 0.0138572 -0.983571
0.0121418 0.0146885 -0.983573
0.0113105 0.0146885 -0.983572
0.0104792 0.0146885 -0.983571
0.0121418 0.0155198 -0.983573
0.0113105 0.0155198 -0.983572
0.0104792 0.0155198 -0.983572
0.0121418 0.0163511 -0.983574
0.0113105 0.0163511 -0.983573
0.0104792 0.0163511 -0.983572
0.0121418 0.0171824 -0.983574
0.0113105 0.0171824 -0.983573
0.0104792 0.0171824 -0.983572
0.0121418 0.0180136 -0.983574
0.0113105 0.0180136 -0.983573
0.0104792 0.0180136 -0.983573
0.0121418 0.0188449 -0.983575
0.0113105 0.0188449 -0.983574
0.0104792 0.0188449 -0.983573
0.0121418 0.0196762 -0.983575
0.0113105 0.0196762 -0.983574
0.0104792 0.0196762 -0.983573
0.0121418 0.0205075 -0.983575
0.0113105 0.0205075 -0.983574
0.0104792 0.0205075 -0.983574
0.0121418 0.0213388 -0.983576
0.0113105 0.0213388 -0.983575
0.0104792 0.0213388 -0.983574
0.0121418 0.02217 -0.983576
0.0113105 0.02217 -0.983575
0.0104792 0.02217 -0.983574
0.0121418 0.0230013 -0.983576
0.0113105 0.0230013 -0.983575
0.0104792 0.0230013 -0.983575
0.0121418 0.0238326 -0.983576
0.0113105 0.0238326 -0.983576
0.0104792 0.0238326 -0.983575
0.0121418 0.0246639 -0.983577
0.0113105 0.0246639 -0.983576
0.0104792 0.0246639 -0.983575
0.0121418 0.0254952 -0.983577
0.0113105 0.0254952 -0.983576
0.0104792 0.0254952 -0.983576
0.0121418 0.0263264 -0.983577
0.0113105 0.0263264 -0.983577
0.0104792 0.0263264 -0.983576
0.0121418 0.0271577 -0.983578
0.0113105 0.0271577 -0.983577
0.0104792 0.0271577 -0.983576
0.0121418 0.027989 -0.983578
0.0113105 0.027989 -0.983577
0.0104792 0.027989 -0.983577
0.0121418 0.0288203 -0.983578
0.0113105 0.0288203 -0.983578
0.0104792 0.0288203 -0.983577
0.0121418 0.0296516 -0.983579
0.0113105 0.0296516 -0.983578
0.0104792 0.0296516 -0.983577
0.0121418 0.0304828 -0.983579
0.0113105 0.0304828 -0.983578
0.0104792 0.0304828 -0.983577
0.0121418 0.0313141 -0.983579
0.0113105 0.0313141 -0.983579
0.0104792 0.0313141 -0.983578
0.0121418 0.0321454 -0.98358
0.0113105 0.0321454 -0.983579
0.0104792 0.0321454 -0.983578
0.0121418 0.0329767 -0.98358
0.0113105 0.0329767 -0.983579
0.0104792 0.0329767 -0.983578
0.0121418 0.033808 -0.98358
0.0113105 0.033808 -0.98358
0.0104792 0.033808 -0.983579
0.0121418 0.0346392 -0.983581
0.0113105 0.0346392 -0.98358
0.0104792 0.0346392 -0.983579
0.0121418 0.0354705 -0.983581
0.0113105 0.0354705 -0.98358
0.0104792 0.0354705 -0.983579
0.0121418 0.0363018 -0.983581
0.0113105 0.0363018 -0.983581
0.0104792 0.0363018 -0.98358
0.0121418 0.0371331 -0.983582
0.0113105 0.0371331 -0.983581
0.0104792 0.0371331 -0.98358
0.0121418 0.0379644 -0.983582
0.0113105 0.0379644 -0.983581
0.0104792 0.0379644 -0.98358
0.0121418 0.0387956 -0.983582
0.0113105 0.0387956 -0.983581
0.0104792 0.0387956 -0.983581
0.0121418 0.0396269 -0.983583
0.0113105 0.0396269 -0.983582
0.0104792 0.0396269 -0.983581
0.0121418 0.0404582 -0.983583
0.0113105 0.0404582 -0.983582
0.0104792 0.0404582 -0.983581
0.0121418 0.0412895 -0.983583
0.0113105 0.0412895 -0.983582
0.0104792 0.0412895 -0.983582
0.0121418 0.0421208 -0.983584
0.0113105 0.0421208 -0.983583
0.0104792 0.0421208 -0.983582
0.0121418 0.042952 -0.983584
0.0113105 0.042952 -0.983583
0.0104792 0.042952 -0.983582
0.0121418 0.0437833 -0.983584
0.0113105 0.0437833 -0.983583
0.0104792 0.0437833 -0.983583
0.0121418 0.0446146 -0.983585
0.0113105 0.0446146 -0.983584
0.0104792 0.0446146 -0.983583
0.0121418 0.0454459 -0.983585
0.0113105 0.0454459 -0.983584
0.0104792 0.0454459 -0.983583
