-0.0122474 0.0121274 -0.967324
-0.0120829 0.0121274 -0.967334
-0.0119184 0.0121274 -0.967345
-0.0122474 0.0119629 -0.967326
-0.0120829 0.0119629 -0.967336
-0.0119184 0.0119629 -0.967346
-0.0122474 0.0117984 -0.967327
-0.0120829 0.0117984 -0.967338
-0.0119184 0.0117984 -0.967348
-0.0122474 0.0116339 -0.967329
-0.0120829 0.0116339 -0.967339
-0.0119184 0.0116339 -0.96735
-0.0122474 0.0114694 -0.96733
-0.0120829 0.0114694 -0.967341
-0.0119184 0.0114694 -0.967351
-0.0122474 0.0113049 -0.967332
-0.0120829 0.0113049 -0.967342
-0.0119184 0.0113049 -0.967353
-0.0122474 0.0111404 -0.967334
-0.0120829 0.0111404 -0.967344
-0.0119184 0.0111404 -0.967354
-0.0122474 0.0109759 -0.967335
-0.0120829 0.0109759 -0.967346
-0.0119184 0.0109759 -0.967356
-0.0122474 0.0108114 -0.967337
-0.0120829 0.0108114 -0.967347
-0.0119184 0.0108114 -0.967358
-0.0122474 0.0106469 -0.967338
-0.0120829 0.0106469 -0.967349
-0.0119184 0.0106469 -0.967359
-0.0122474 0.0104824 -0.96734
-0.0120829 0.0104824 -0.96735
-0.0119184 0.0104824 -0.967361
-0.0122474 0.0103179 -0.967342
-0.0120829 0.0103179 -0.967352
-0.0119184 0.0103179 -0.967362
-0.0122474 0.0101533 -0.967343
-0.0120829 0.0101533 -0.967354
-0.0119184 0.0101533 -0.967364
-0.0122474 0.00998884 -0.967345
-0.0120829 0.00998884 -0.967355
-0.0119184 0.00998884 -0.967366
-0.0122474 0.00982434 -0.967347
-0.0120829 0.00982434 -0.967357
-0.0119184 0.00982434 -0.967367
-0.0122474 0.00965984 -0.967348
-0.0120829 0.00965984 -0.967359
-0.0119184 0.00965984 -0.967369
-0.0122474 0.00949533 -0.96735
-0.0120829 0.00949533 -0.96736
-0.0119184 0.00949533 -0.967371
-0.0122474 0.00933083 -0.967351
-0.0120829 0.00933083 -0.967362
-0.0119184 0.00933083 -0.967372
-0.0122474 0.00916632 -0.967353
-0.0120829 0.00916632 -0.967363
-0.0119184 0.00916632 -0.967374
-0.0122474 0.00900182 -0.967355
-0.0120829 0.00900182 -0.967365
-0.0119184 0.00900182 -0.967375
-0.0122474 0.00883732 -0.967356
-0.0120829 0.00883732 -0.967367
-0.0119184 0.00883732 -0.967377
-0.0122474 0.00867281 -0.967358
-0.0120829 0.00867281 -0.967368
-0.0119184 0.00867281 -0.967379
-0.0122474 0.00850831 -0.967359
-0.0120829 0.00850831 -0.96737
-0.0119184 0.00850831 -0.96738
-0.0122474 0.0083438 -0.967361
-0.0120829 0.0083438 -0.967371
-0.0119184 0.0083438 -0.967382
-0.0122474 0.0081793 -0.967363
-0.0120829 0.0081793 -0.967373
-0.0119184 0.0081793 -0.967383
-0.0122474 0.0080148 -0.967364
-0.0120829 0.0080148 -0.967375
-0.0119184 0.0080148 -0.967385
-0.0122474 0.00785029 -0.967366
-0.0120829 0.00785029 -0.967376
-0.0119184 0.00785029 -0.967387
-0.0122474 0.00768579 -0.967368
-0.0120829 0.00768579 -0.967378
-0.0119184 0.00768579 -0.967388
-0.0122474 0.00752128 -0.967369
-0.0120829 0.00752128 -0.96738
-0.0119184 0.00752128 -0.96739
-0.0122474 0.00735678 -0.967371
-0.0120829 0.00735678 -0.967381
-0.0119184 0.00735678 -0.967392
-0.0122474 0.00719228 -0.967372
-0.0120829 0.00719228 -0.967383
-0.0119184 0.00719228 -0.967393
-0.0122474 0.00702777 -0.967374
-0.0120829 0.00702777 -0.967384
-0.0119184 0.00702777 -0.967395
-0.0122474 0.00686327 -0.967376
-0.0120829 0.00686327 -0.967386
-0.0119184 0.00686327 -0.967396
-0.0122474 0.00669876 -0.967377
-0.0120829 0.00669876 -0.967388
-0.0119184 0.00669876 -0.967398
-0.0122474 0.00653426 -0.967379
-0.0120829 0.00653426 -0.967389
-0.0119184 0.00653426 -0.9674
-0.0122474 0.00636976 -0.96738
-0.0120829 0.00636976 -0.967391
-0.0119184 0.00636976 -0.967401
-0.0122474 0.00620525 -0.967382
-0.0120829 0.00620525 -0.967392
-0.0119184 0.00620525 -0.967403
-0.0122474 0.00604075 -0.967384
-0.0120829 0.00604075 -0.967394
-0.0119184 0.00604075 -0.967404
-0.0122474 0.00587624 -0.967385
-0.0120829 0.00587624 -0.967396
-0.0119184 0.00587624 -0.967406
-0.0122474 0.00571174 -0.967387
-0.0120829 0.00571174 -0.967397
-0.0119184 0.00571174 -0.967408
-0.0122474 0.00554724 -0.967389
-0.0120829 0.00554724 -0.967399
-0.0119184 0.00554724 -0.967409
-0.0122474 0.00538273 -0.96739
-0.0120829 0.00538273 -0.9674
-0.0119184 0.00538273 -0.967411
-0.0122474 0.00521823 -0.967392
-0.0120829 0.00521823 -0.967402
-0.0119184 0.00521823 -0.967413
-0.0122474 0.00505372 -0.967393
-0.0120829 0.00505372 -0.967404
-0.0119184 0.00505372 -0.967414
-0.0122474 0.00488922 -0.967395
-0.0120829 0.00488922 -0.967405
-0.0119184 0.00488922 -0.967416
-0.0122474 0.00472472 -0.967397
-0.0120829 0.00472472 -0.967407
-0.0119184 0.00472472 -0.967417
-0.0122474 0.00456021 -0.967398
-0.0120829 0.00456021 -0.967409
-0.0119184 0.00456021 -0.967419
-0.0122474 0.00439571 -0.9674
-0.0120829 0.00439571 -0.96741
-0.0119184 0.00439571 -0.967421
-0.0122474 0.0042312 -0.967401
-0.0120829 0.0042312 -0.967412
-0.0119184 0.0042312 -0.967422
-0.0122474 0.0040667 -0.967403
-0.0120829 0.0040667 -0.967413
-0.0119184 0.0040667 -0.967424
-0.0122474 0.0039022 -0.967405
-0.0120829 0.0039022 -0.967415
-0.0119184 0.0039022 -0.967425
-0.0122474 0.00373769 -0.967406
-0.0120829 0.00373769 -0.967417
-0.0119184 0.00373769 -0.967427
-0.0122474 0.00357319 -0.967408
-0.0120829 0.00357319 -0.967418
-0.0119184 0.00357319 -0.967429
-0.0122474 0.00340869 -0.967409
-0.0120829 0.00340869 -0.96742
-0.0119184 0.00340869 -0.96743
-0.0122474 0.00324418 -0.967411
-0.0120829 0.00324418 -0.967421
-0.0119184 0.00324418 -0.967432
-0.0122474 0.00307968 -0.967413
-0.0120829 0.00307968 -0.967423
-0.0119184 0.00307968 -0.967434
-0.0122474 0.00291517 -0.967414
-0.0120829 0.00291517 -0.967425
-0.0119184 0.00291517 -0.967435
-0.0122474 0.00275067 -0.967416
-0.0120829 0.00275067 -0.967426
-0.0119184 0.00275067 -0.967437
-0.0122474 0.00258617 -0.967418
-0.0120829 0.00258617 -0.967428
-0.0119184 0.00258617 -0.967438
-0.0122474 0.00242166 -0.967419
-0.0120829 0.00242166 -0.96743
-0.0119184 0.00242166 -0.96744
-0.0122474 0.00225716 -0.967421
-0.0120829 0.00225716 -0.967431
-0.0119184 0.00225716 -0.967442
-0.0122474 0.00209265 -0.967422
-0.0120829 0.00209265 -0.967433
-0.0119184 0.00209265 -0.967443
-0.0122474 0.00192815 -0.967424
-0.0120829 0.00192815 -0.967434
-0.0119184 0.00192815 -0.967445
-0.0122474 0.00176365 -0.967426
-0.0120829 0.00176365 -0.967436
-0.0119184 0.00176365 -0.967446
-0.0122474 0.00159914 -0.967427
-0.0120829 0.00159914 -0.967438
-0.0119184 0.00159914 -0.967448
-0.0122474 0.00143464 -0.967429
-0.0120829 0.00143464 -0.967439
-0.0119184 0.00143464 -0.96745
-0.0122474 0.00127013 -0.96743
-0.0120829 0.00127013 -0.967441
-0.0119184 0.00127013 -0.967451
-0.0122474 0.00110563 -0.967432
-0.0120829 0.00110563 -0.967442
-0.0119184 0.00110563 -0.967453
-0.0122474 0.000941126 -0.967434
-0.0120829 0.000941126 -0.967444
-0.0119184 0.000941126 -0.967454
-0.0122474 0.000776622 -0.967435
-0.0120829 0.000776622 -0.967446
-0.0119184 0.000776622 -0.967456
-0.0122474 0.000612118 -0.967437
-0.0120829 0.000612118 -0.967447
-0.0119184 0.000612118 -0.967458
-0.0122474 0.000447614 -0.967439
-0.0120829 0.000447614 -0.967449
-0.0119184 0.000447614 -0.967459
-0.0122474 0.00028311 -0.96744
-0.0120829 0.00028311 -0.96745
-0.0119184 0.00028311 -0.967461
-0.0122474 0.000118606 -0.967442
-0.0120829 0.000118606 -0.967452
-0.0119184 0.000118606 -0.967463
-0.0122474 -4.58979e-05 -0.967443
-0.0120829 -4.58979e-05 -0.967454
-0.0119184 -4.58979e-05 -0.967464
-0.0122474 -0.000210402 -0.967445
-0.0120829 -0.000210402 -0.967455
-0.0119184 -0.000210402 -0.967466
-0.0122474 -0.000374906 -0.967447
-0.0120829 -0.000374906 -0.967457
-0.0119184 -0.000374906 -0.967467
-0.0122474 -0.00053941 -0.967448
-0.0120829 -0.00053941 -0.967459
-0.0119184 -0.00053941 -0.967469
-0.0122474 -0.000703914 -0.96745
-0.0120829 -0.000703914 -0.96746
-0.0119184 -0.000703914 -0.967471
-0.0122474 -0.000868418 -0.967451
-0.0120829 -0.000868418 -0.967462
-0.0119184 -0.000868418 -0.967472
-0.0122474 -0.00103292 -0.967453
-0.0120829 -0.00103292 -0.967463
-0.0119184 -0.00103292 -0.967474
-0.0122474 -0.00119743 -0.967455
-0.0120829 -0.00119743 -0.967465
-0.0119184 -0.00119743 -0.967475
-0.0122474 -0.00136193 -0.967456
-0.0120829 -0.00136193 -0.967467
-0.0119184 -0.00136193 -0.967477
-0.0122474 -0.00152643 -0.967458
-0.0120829 -0.00152643 -0.967468
-0.0119184 -0.00152643 -0.967479
-0.0122474 -0.00169094 -0.967459
-0.0120829 -0.00169094 -0.96747
-0.0119184 -0.00169094 -0.96748
-0.0122474 -0.00185544 -0.967461
-0.0120829 -0.00185544 -0.967471
-0.0119184 -0.00185544 -0.967482
-0.0122474 -0.00201995 -0.967463
-0.0120829 -0.00201995 -0.967473
-0.0119184 -0.00201995 -0.967484
-0.0122474 -0.00218445 -0.967464
-0.0120829 -0.00218445 -0.967475
-0.0119184 -0.00218445 -0.967485
-0.0122474 -0.00234895 -0.967466
-0.0120829 -0.00234895 -0.967476
-0.0119184 -0.00234895 -0.967487
-0.0122474 -0.00251346 -0.967468
-0.0120829 -0.00251346 -0.967478
-0.0119184 -0.00251346 -0.967488
-0.0122474 -0.00267796 -0.967469
-0.0120829 -0.00267796 -0.96748
-0.0119184 -0.00267796 -0.96749
-0.0122474 -0.00284247 -0.967471
-0.0120829 -0.00284247 -0.967481
-0.0119184 -0.00284247 -0.967492
-0.0122474 -0.00300697 -0.967472
-0.0120829 -0.00300697 -0.967483
-0.0119184 -0.00300697 -0.967493
-0.0122474 -0.00317147 -0.967474
-0.0120829 -0.00317147 -0.967484
-0.0119184 -0.00317147 -0.967495
-0.0122474 -0.00333598 -0.967476
-0.0120829 -0.00333598 -0.967486
-0.0119184 -0.00333598 -0.967496
-0.0122474 -0.00350048 -0.967477
-0.0120829 -0.00350048 -0.967488
-0.0119184 -0.00350048 -0.967498
-0.0122474 -0.00366498 -0.967479
-0.0120829 -0.00366498 -0.967489
-0.0119184 -0.00366498 -0.9675
-0.0122474 -0.00382949 -0.96748
-0.0120829 -0.00382949 -0.967491
-0.0119184 -0.00382949 -0.967501
-0.0122474 -0.00399399 -0.967482
-0.0120829 -0.00399399 -0.967492
-0.0119184 -0.00399399 -0.967503
-0.0122474 -0.0041585 -0.967484
-0.0120829 -0.0041585 -0.967494
-0.0119184 -0.0041585 -0.967505
-0.0122474 -0.004323 -0.967485
-0.0120829 -0.004323 -0.967496
-0.0119184 -0.004323 -0.967506
-0.0122474 -0.0044875 -0.967487
-0.0120829 -0.0044875 -0.967497
-0.0119184 -0.0044875 -0.967508
-0.0122474 -0.00465201 -0.967489
-0.0120829 -0.00465201 -0.967499
-0.0119184 -0.00465201 -0.967509
-0.0122474 -0.00481651 -0.96749
-0.0120829 -0.00481651 -0.967501
-0.0119184 -0.00481651 -0.967511
-0.0122474 -0.00498102 -0.967492
-0.0120829 -0.00498102 -0.967502
-0.0119184 -0.00498102 -0.967513
-0.0122474 -0.00514552 -0.967493
-0.0120829 -0.00514552 -0.967504
-0.0119184 -0.00514552 -0.967514
-0.0122474 -0.00531002 -0.967495
-0.0120829 -0.00531002 -0.967505
-0.0119184 -0.00531002 -0.967516
-0.0122474 -0.00547453 -0.967497
-0.0120829 -0.00547453 -0.967507
-0.0119184 -0.00547453 -0.967517
-0.0122474 -0.00563903 -0.967498
-0.0120829 -0.00563903 -0.967509
-0.0119184 -0.00563903 -0.967519
-0.0122474 -0.00580354 -0.9675
-0.0120829 -0.00580354 -0.96751
-0.0119184 -0.00580354 -0.967521
-0.0122474 -0.00596804 -0.967501
-0.0120829 -0.00596804 -0.967512
-0.0119184 -0.00596804 -0.967522
