0.00228551 0.0184232 -0.978929
0.00323277 0.0184232 -0.978936
0.00418003 0.0184232 -0.978943
0.00228551 0.017476 -0.978929
0.00323277 0.017476 -0.978936
0.00418003 0.017476 -0.978944
0.00228551 0.0165287 -0.97893
0.00323277 0.0165287 -0.978937
0.00418003 0.0165287 -0.978944
0.00228551 0.0155815 -0.978931
0.00323277 0.0155815 -0.978938
0.00418003 0.0155815 -0.978945
0.00228551 0.0146342 -0.978931
0.00323277 0.0146342 -0.978939
0.00418003 0.0146342 -0.978946
0.00228551 0.0136869 -0.978932
0.00323277 0.0136869 -0.978939
0.00418003 0.0136869 -0.978946
0.00228551 0.0127397 -0.978933
0.00323277 0.0127397 -0.97894
0.00418003 0.0127397 -0.978947
0.00228551 0.0117924 -0.978933
0.00323277 0.0117924 -0.97894
0.00418003 0.0117924 -0.978948
0.00228551 0.0108451 -0.978934
0.00323277 0.0108451 -0.978941
0.00418003 0.0108451 -0.978948
0.00228551 0.00989788 -0.978935
0.00323277 0.00989788 -0.978942
0.00418003 0.00989788 -0.978949
0.00228551 0.00895062 -0.978935
0.00323277 0.00895062 -0.978942
0.00418003 0.00895062 -0.97895
0.00228551 0.00800336 -0.978936
0.00323277 0.00800336 -0.978943
0.00418003 0.00800336 -0.97895
0.00228551 0.00705609 -0.978937
0.00323277 0.00705609 -0.978944
0.00418003 0.00705609 -0.978951
0.00228551 0.00610883 -0.978937
0.00323277 0.00610883 -0.978944
0.00418003 0.00610883 -0.978952
0.00228551 0.00516157 -0.978938
0.00323277 0.00516157 -0.978945
0.00418003 0.00516157 -0.978952
0.00228551 0.00421431 -0.978939
0.00323277 0.00421431 -0.978946
0.00418003 0.00421431 -0.978953
0.00228551 0.00326705 -0.978939
0.00323277 0.00326705 -0.978946
0.00418003 0.00326705 -0.978954
0.00228551 0.00231978 -0.97894
0.00323277 0.00231978 -0.978947
0.00418003 0.00231978 -0.978954
0.00228551 0.00137252 -0.978941
0.00323277 0.00137252 -0.978948
0.00418003 0.00137252 -0.978955
0.00228551 0.000425259 -0.978941
0.00323277 0.000425259 -0.978948
0.00418003 0.000425259 -0.978956
0.00228551 -0.000522003 -0.978942
0.00323277 -0.000522003 -0.978949
0.00418003 -0.000522003 -0.978956
0.00228551 -0.00146927 -0.978943
0.00323277 -0.00146927 -0.97895
0.00418003 -0.00146927 -0.978957
0.00228551 -0.00241653 -0.978943
0.00323277 -0.00241653 -0.97895
0.00418003 -0.00241653 -0.978958
0.00228551 -0.00336379 -0.978944
0.00323277 -0.00336379 -0.978951
0.00418003 -0.00336379 -0.978958
0.00228551 -0.00431105 -0.978945
0.00323277 -0.00431105 -0.978952
0.00418003 -0.00431105 -0.978959
0.00228551 -0.00525831 -0.978945
0.00323277 -0.00525831 -0.978952
0.00418003 -0.00525831 -0.97896
0.00228551 -0.00620558 -0.978946
0.00323277 -0.00620558 -0.978953
0.00418003 -0.00620558 -0.97896
0.00228551 -0.00715284 -0.978947
0.00323277 -0.00715284 -0.978954
0.00418003 -0.00715284 -0.978961
0.00228551 -0.0081001 -0.978947
0.00323277 -0.0081001 -0.978954
0.00418003 -0.0081001 -0.978962
0.00228551 -0.00904736 -0.978948
0.00323277 -0.00904736 -0.978955
0.00418003 -0.00904736 -0.978962
0.00228551 -0.00999463 -0.978949
0.00323277 -0.00999463 -0.978956
0.00418003 -0.00999463 -0.978963
0.00228551 -0.0109419 -0.978949
0.00323277 -0.0109419 -0.978956
0.00418003 -0.0109419 -0.978964
0.00228551 -0.0118891 -0.97895
0.00323277 -0.0118891 -0.978957
0.00418003 -0.0118891 -0.978964
0.00228551 -0.0128364 -0.978951
0.00323277 -0.0128364 -0.978958
0.00418003 -0.0128364 -0.978965
0.00228551 -0.0137837 -0.978951
0.00323277 -0.0137837 -0.978958
0.00418003 -0.0137837 -0.978966
0.00228551 -0.0147309 -0.978952
0.00323277 -0.0147309 -0.978959
0.00418003 -0.0147309 -0.978966
0.00228551 -0.0156782 -0.978953
0.00323277 -0.0156782 -0.97896
0.00418003 -0.0156782 -0.978967
0.00228551 -0.0166255 -0.978953
0.00323277 -0.0166255 -0.97896
0.00418003 -0.0166255 -0.978968
0.00228551 -0.0175727 -0.978954
0.00323277 -0.0175727 -0.978961
0.00418003 -0.0175727 -0.978968
0.00228551 -0.01852 -0.978955
0.00323277 -0.01852 -0.978962
0.00418003 -0.01852 -0.978969
0.00228551 -0.0194672 -0.978955
0.00323277 -0.0194672 -0.978962
0.00418003 -0.0194672 -0.97897
0.00228551 -0.0204145 -0.978956
0.00323277 -0.0204145 -0.978963
0.00418003 -0.0204145 -0.97897
0.00228551 -0.0213618 -0.978957
0.00323277 -0.0213618 -0.978964
0.00418003 -0.0213618 -0.978971
0.00228551 -0.022309 -0.978957
0.00323277 -0.022309 -0.978964
0.00418003 -0.022309 -0.978972
0.00228551 -0.0232563 -0.978958
0.00323277 -0.0232563 -0.978965
0.00418003 -0.0232563 -0.978972
0.00228551 -0.0242036 -0.978959
0.00323277 -0.0242036 -0.978966
0.00418003 -0.0242036 -0.978973
0.00228551 -0.0251508 -0.978959
0.00323277 -0.0251508 -0.978966
0.00418003 -0.0251508 -0.978974
0.00228551 -0.0260981 -0.97896
0.00323277 -0.0260981 -0.978967
0.00418003 -0.0260981 -0.978974
0.00228551 -0.0270453 -0.978961
0.00323277 -0.0270453 -0.978968
0.00418003 -0.0270453 -0.978975
0.00228551 -0.0279926 -0.978961
0.00323277 -0.0279926 -0.978968
0.00418003 -0.0279926 -0.978976
0.00228551 -0.0289399 -0.978962
0.00323277 -0.0289399 -0.978969
0.00418003 -0.0289399 -0.978976
0.00228551 -0.0298871 -0.978963
0.00323277 -0.0298871 -0.97897
0.00418003 -0.0298871 -0.978977
0.00228551 -0.0308344 -0.978963
0.00323277 -0.0308344 -0.97897
0.00418003 -0.0308344 -0.978978
0.00228551 -0.0317817 -0.978964
0.00323277 -0.0317817 -0.978971
0.00418003 -0.0317817 -0.978978
0.00228551 -0.0327289 -0.978965
0.00323277 -0.0327289 -0.978972
0.00418003 -0.0327289 -0.978979
0.00228551 -0.0336762 -0.978965
0.00323277 -0.0336762 -0.978972
0.00418003 -0.0336762 -0.97898
0.00228551 -0.0346234 -0.978966
0.00323277 -0.0346234 -0.978973
0.00418003 -0.0346234 -0.97898
0.00228551 -0.0355707 -0.978967
0.00323277 -0.0355707 -0.978974
0.00418003 -0.0355707 -0.978981
0.00228551 -0.036518 -0.978967
0.00323277 -0.036518 -0.978974
0.00418003 -0.036518 -0.978981
0.00228551 -0.0374652 -0.978968
0.00323277 -0.0374652 -0.978975
0.00418003 -0.0374652 -0.978982
0.00228551 -0.0384125 -0.978969
0.00323277 -0.0384125 -0.978976
0.00418003 -0.0384125 -0.978983
0.00228551 -0.0393598 -0.978969
0.00323277 -0.0393598 -0.978976
0.00418003 -0.0393598 -0.978984
0.00228551 -0.040307 -0.97897
0.00323277 -0.040307 -0.978977
0.00418003 -0.040307 -0.978984
0.00228551 -0.0412543 -0.978971
0.00323277 -0.0412543 -0.978978
0.00418003 -0.0412543 -0.978985
0.00228551 -0.0422015 -0.978971
0.00323277 -0.0422015 -0.978978
0.00418003 -0.0422015 -0.978985
0.00228551 -0.0431488 -0.978972
0.00323277 -0.0431488 -0.978979
0.00418003 -0.0431488 -0.978986
0.00228551 -0.0440961 -0.978973
0.00323277 -0.0440961 -0.97898
0.00418003 -0.0440961 -0.978987
0.00228551 -0.0450433 -0.978973
0.00323277 -0.0450433 -0.97898
0.00418003 -0.0450433 -0.978988
0.00228551 -0.0459906 -0.978974
0.00323277 -0.0459906 -0.978981
0.00418003 -0.0459906 -0.978988
0.00228551 -0.0469378 -0.978975
0.00323277 -0.0469378 -0.978982
0.00418003 -0.0469378 -0.978989
0.00228551 -0.0478851 -0.978975
0.00323277 -0.0478851 -0.978982
0.00418003 -0.0478851 -0.978989
0.00228551 -0.0488324 -0.978976
0.00323277 -0.0488324 -0.978983
0.00418003 -0.0488324 -0.97899
0.00228551 -0.0497796 -0.978977
0.00323277 -0.0497796 -0.978984
0.00418003 -0.0497796 -0.978991
0.00228551 -0.0507269 -0.978977
0.00323277 -0.0507269 -0.978984
0.00418003 -0.0507269 -0.978992
0.00228551 -0.0516742 -0.978978
0.00323277 -0.0516742 -0.978985
0.00418003 -0.0516742 -0.978992
0.00228551 -0.0526214 -0.978979
0.00323277 -0.0526214 -0.978986
0.00418003 -0.0526214 -0.978993
0.00228551 -0.0535687 -0.978979
0.00323277 -0.0535687 -0.978986
0.00418003 -0.0535687 -0.978993
0.00228551 -0.0545159 -0.97898
0.00323277 -0.0545159 -0.978987
0.00418003 -0.0545159 -0.978994
0.00228551 -0.0554632 -0.978981
0.00323277 -0.0554632 -0.978988
0.00418003 -0.0554632 -0.978995
0.00228551 -0.0564105 -0.978981
0.00323277 -0.0564105 -0.978988
0.00418003 -0.0564105 -0.978996
0.00228551 -0.0573577 -0.978982
0.00323277 -0.0573577 -0.978989
0.00418003 -0.0573577 -0.978996
0.00228551 -0.058305 -0.978983
0.00323277 -0.058305 -0.97899
0.00418003 -0.058305 -0.978997
0.00228551 -0.0592523 -0.978983
0.00323277 -0.0592523 -0.97899
0.00418003 -0.0592523 -0.978997
0.00228551 -0.0601995 -0.978984
0.00323277 -0.0601995 -0.978991
0.00418003 -0.0601995 -0.978998
0.00228551 -0.0611468 -0.978985
0.00323277 -0.0611468 -0.978992
0.00418003 -0.0611468 -0.978999
0.00228551 -0.062094 -0.978985
0.00323277 -0.062094 -0.978992
0.00418003 -0.062094 -0.978999
0.00228551 -0.0630413 -0.978986
0.00323277 -0.0630413 -0.978993
0.00418003 -0.0630413 -0.979
0.00228551 -0.0639886 -0.978987
0.00323277 -0.0639886 -0.978994
0.00418003 -0.0639886 -0.979001
0.00228551 -0.0649358 -0.978987
0.00323277 -0.0649358 -0.978994
0.00418003 -0.0649358 -0.979001
0.00228551 -0.0658831 -0.978988
0.00323277 -0.0658831 -0.978995
0.00418003 -0.0658831 -0.979002
0.00228551 -0.0668304 -0.978989
0.00323277 -0.0668304 -0.978996
0.00418003 -0.0668304 -0.979003
0.00228551 -0.0677776 -0.978989
0.00323277 -0.0677776 -0.978996
0.00418003 -0.0677776 -0.979003
0.00228551 -0.0687249 -0.97899
0.00323277 -0.0687249 -0.978997
0.00418003 -0.0687249 -0.979004
0.00228551 -0.0696721 -0.97899
0.00323277 -0.0696721 -0.978998
0.00418003 -0.0696721 -0.979005
0.00228551 -0.0706194 -0.978991
0.00323277 -0.0706194 -0.978998
0.00418003 -0.0706194 -0.979005
0.00228551 -0.0715667 -0.978992
0.00323277 -0.0715667 -0.978999
0.00418003 -0.0715667 -0.979006
0.00228551 -0.0725139 -0.978993
0.00323277 -0.0725139 -0.979
0.00418003 -0.0725139 -0.979007
0.00228551 -0.0734612 -0.978993
0.00323277 -0.0734612 -0.979
0.00418003 -0.0734612 -0.979007
0.00228551 -0.0744084 -0.978994
0.00323277 -0.0744084 -0.979001
0.00418003 -0.0744084 -0.979008
0.00228551 -0.0753557 -0.978994
0.00323277 -0.0753557 -0.979002
0.00418003 -0.0753557 -0.979009
0.00228551 -0.076303 -0.978995
0.00323277 -0.076303 -0.979002
0.00418003 -0.076303 -0.979009
0.00228551 -0.0772502 -0.978996
0.00323277 -0.0772502 -0.979003
0.00418003 -0.0772502 -0.97901
0.00228551 -0.0781975 -0.978997
0.00323277 -0.0781975 -0.979004
0.00418003 -0.0781975 -0.979011
0.00228551 -0.0791448 -0.978997
0.00323277 -0.0791448 -0.979004
0.00418003 -0.0791448 -0.979011
0.00228551 -0.080092 -0.978998
0.00323277 -0.080092 -0.979005
0.00418003 -0.080092 -0.979012
0.00228551 -0.0810393 -0.978998
0.00323277 -0.0810393 -0.979006
0.00418003 -0.0810393 -0.979013
0.00228551 -0.0819865 -0.978999
0.00323277 -0.0819865 -0.979006
0.00418003 -0.0819865 -0.979013
0.00228551 -0.0829338 -0.979
0.00323277 -0.0829338 -0.979007
0.00418003 -0.0829338 -0.979014
0.00228551 -0.0838811 -0.979001
0.00323277 -0.0838811 -0.979008
0.00418003 -0.0838811 -0.979015
0.00228551 -0.0848283 -0.979001
0.00323277 -0.0848283 -0.979008
0.00418003 -0.0848283 -0.979015
0.00228551 -0.0857756 -0.979002
0.00323277 -0.0857756 -0.979009
0.00418003 -0.0857756 -0.979016
