0.0117061 -0.000142466 -0.966046
0.0114535 -0.000142466 -0.966041
0.0112009 -0.000142466 -0.966037
0.0117061 0.00011013 -0.966045
0.0114535 0.00011013 -0.96604
0.0112009 0.00011013 -0.966036
0.0117061 0.000362725 -0.966043
0.0114535 0.000362725 -0.966039
0.0112009 0.000362725 -0.966035
0.0117061 0.00061532 -0.966042
0.0114535 0.00061532 -0.966038
0.0112009 0.00061532 -0.966033
0.0117061 0.000867916 -0.966041
0.0114535 0.000867916 -0.966037
0.0112009 0.000867916 -0.966032
0.0117061 0.00112051 -0.96604
0.0114535 0.00112051 -0.966036
0.0112009 0.00112051 -0.966031
0.0117061 0.00137311 -0.966039
0.0114535 0.00137311 -0.966034
0.0112009 0.00137311 -0.96603
0.0117061 0.0016257 -0.966038
0.0114535 0.0016257 -0.966033
0.0112009 0.0016257 -0.966029
0.0117061 0.0018783 -0.966037
0.0114535 0.0018783 -0.966032
0.0112009 0.0018783 -0.966028
0.0117061 0.00213089 -0.966035
0.0114535 0.00213089 -0.966031
0.0112009 0.00213089 -0.966026
0.0117061 0.00238349 -0.966034
0.0114535 0.00238349 -0.96603
0.0112009 0.00238349 -0.966025
0.0117061 0.00263608 -0.966033
0.0114535 0.00263608 -0.966029
0.0112009 0.00263608 -0.966024
0.0117061 0.00288868 -0.966032
0.0114535 0.00288868 -0.966027
0.0112009 0.00288868 -0.966023
0.0117061 0.00314127 -0.966031
0.0114535 0.00314127 -0.966026
0.0112009 0.00314127 -0.966022
0.0117061 0.00339387 -0.96603
0.0114535 0.00339387 -0.966025
0.0112009 0.00339387 -0.966021
0.0117061 0.00364646 -0.966028
0.0114535 0.00364646 -0.966024
0.0112009 0.00364646 -0.96602
0.0117061 0.00389906 -0.966027
0.0114535 0.00389906 -0.966023
0.0112009 0.00389906 -0.966018
0.0117061 0.00415165 -0.966026
0.0114535 0.00415165 -0.966022
0.0112009 0.00415165 -0.966017
0.0117061 0.00440425 -0.966025
0.0114535 0.00440425 -0.966021
0.0112009 0.00440425 -0.966016
0.0117061 0.00465684 -0.966024
0.0114535 0.00465684 -0.966019
0.0112009 0.00465684 -0.966015
0.0117061 0.00490944 -0.966023
0.0114535 0.00490944 -0.966018
0.0112009 0.00490944 -0.966014
0.0117061 0.00516204 -0.966022
0.0114535 0.00516204 -0.966017
0.0112009 0.00516204 -0.966013
0.0117061 0.00541463 -0.96602
0.0114535 0.00541463 -0.966016
0.0112009 0.00541463 -0.966012
0.0117061 0.00566723 -0.966019
0.0114535 0.00566723 -0.966015
0.0112009 0.00566723 -0.96601
0.0117061 0.00591982 -0.966018
0.0114535 0.00591982 -0.966014
0.0112009 0.00591982 -0.966009
0.0117061 0.00617242 -0.966017
0.0114535 0.00617242 -0.966012
0.0112009 0.00617242 -0.966008
0.0117061 0.00642501 -0.966016
0.0114535 0.00642501 -0.966011
0.0112009 0.00642501 -0.966007
0.0117061 0.00667761 -0.966015
0.0114535 0.00667761 -0.96601
0.0112009 0.00667761 -0.966006
0.0117061 0.0069302 -0.966013
0.0114535 0.0069302 -0.966009
0.0112009 0.0069302 -0.966005
0.0117061 0.0071828 -0.966012
0.0114535 0.0071828 -0.966008
0.0112009 0.0071828 -0.966003
0.0117061 0.00743539 -0.966011
0.0114535 0.00743539 -0.966007
0.0112009 0.00743539 -0.966002
0.0117061 0.00768799 -0.96601
0.0114535 0.00768799 -0.966006
0.0112009 0.00768799 -0.966001
0.0117061 0.00794058 -0.966009
0.0114535 0.00794058 -0.966004
0.0112009 0.00794058 -0.966
0.0117061 0.00819318 -0.966008
0.0114535 0.00819318 -0.966003
0.0112009 0.00819318 -0.965999
0.0117061 0.00844577 -0.966007
0.0114535 0.00844577 -0.966002
0.0112009 0.00844577 -0.965998
0.0117061 0.00869837 -0.966005
0.0114535 0.00869837 -0.966001
0.0112009 0.00869837 -0.965997
0.0117061 0.00895096 -0.966004
0.0114535 0.00895096 -0.966
0.0112009 0.00895096 -0.965995
0.0117061 0.00920356 -0.966003
0.0114535 0.00920356 -0.965999
0.0112009 0.00920356 -0.965994
0.0117061 0.00945615 -0.966002
0.0114535 0.00945615 -0.965998
0.0112009 0.00945615 -0.965993
0.0117061 0.00970875 -0.966001
0.0114535 0.00970875 -0.965996
0.0112009 0.00970875 -0.965992
0.0117061 0.00996135 -0.966
0.0114535 0.00996135 -0.965995
0.0112009 0.00996135 -0.965991
0.0117061 0.0102139 -0.965999
0.0114535 0.0102139 -0.965994
0.0112009 0.0102139 -0.96599
0.0117061 0.0104665 -0.965997
0.0114535 0.0104665 -0.965993
0.0112009 0.0104665 -0.965988
0.0117061 0.0107191 -0.965996
0.0114535 0.0107191 -0.965992
0.0112009 0.0107191 -0.965987
0.0117061 0.0109717 -0.965995
0.0114535 0.0109717 -0.965991
0.0112009 0.0109717 -0.965986
0.0117061 0.0112243 -0.965994
0.0114535 0.0112243 -0.965989
0.0112009 0.0112243 -0.965985
0.0117061 0.0114769 -0.965993
0.0114535 0.0114769 -0.965988
0.0112009 0.0114769 -0.965984
0.0117061 0.0117295 -0.965992
0.0114535 0.0117295 -0.965987
0.0112009 0.0117295 -0.965983
0.0117061 0.0119821 -0.96599
0.0114535 0.0119821 -0.965986
0.0112009 0.0119821 -0.965982
0.0117061 0.0122347 -0.965989
0.0114535 0.0122347 -0.965985
0.0112009 0.0122347 -0.96598
0.0117061 0.0124873 -0.965988
0.0114535 0.0124873 -0.965984
0.0112009 0.0124873 -0.965979
0.0117061 0.0127399 -0.965987
0.0114535 0.0127399 -0.965983
0.0112009 0.0127399 -0.965978
0.0117061 0.0129925 -0.965986
0.0114535 0.0129925 -0.965981
0.0112009 0.0129925 -0.965977
0.0117061 0.0132451 -0.965985
0.0114535 0.0132451 -0.96598
0.0112009 0.0132451 -0.965976
0.0117061 0.0134977 -0.965984
0.0114535 0.0134977 -0.965979
0.0112009 0.0134977 -0.965975
0.0117061 0.0137503 -0.965982
0.0114535 0.0137503 -0.965978
0.0112009 0.0137503 -0.965973
0.0117061 0.0140029 -0.965981
0.0114535 0.0140029 -0.965977
0.0112009 0.0140029 -0.965972
0.0117061 0.0142555 -0.96598
0.0114535 0.0142555 -0.965976
0.0112009 0.0142555 -0.965971
0.0117061 0.0145081 -0.965979
0.0114535 0.0145081 -0.965974
0.0112009 0.0145081 -0.96597
0.0117061 0.0147607 -0.965978
0.0114535 0.0147607 -0.965973
0.0112009 0.0147607 -0.965969
0.0117061 0.0150133 -0.965977
0.0114535 0.0150133 -0.965972
0.0112009 0.0150133 -0.965968
0.0117061 0.0152658 -0.965975
0.0114535 0.0152658 -0.965971
0.0112009 0.0152658 -0.965967
0.0117061 0.0155184 -0.965974
0.0114535 0.0155184 -0.96597
0.0112009 0.0155184 -0.965965
0.0117061 0.015771 -0.965973
0.0114535 0.015771 -0.965969
0.0112009 0.015771 -0.965964
0.0117061 0.0160236 -0.965972
0.0114535 0.0160236 -0.965968
0.0112009 0.0160236 -0.965963
0.0117061 0.0162762 -0.965971
0.0114535 0.0162762 -0.965966
0.0112009 0.0162762 -0.965962
0.0117061 0.0165288 -0.96597
0.0114535 0.0165288 -0.965965
0.0112009 0.0165288 -0.965961
0.0117061 0.0167814 -0.965969
0.0114535 0.0167814 -0.965964
0.0112009 0.0167814 -0.96596
0.0117061 0.017034 -0.965967
0.0114535 0.017034 -0.965963
0.0112009 0.017034 -0.965958
0.0117061 0.0172866 -0.965966
0.0114535 0.0172866 -0.965962
0.0112009 0.0172866 -0.965957
0.0117061 0.0175392 -0.965965
0.0114535 0.0175392 -0.965961
0.0112009 0.0175392 -0.965956
0.0117061 0.0177918 -0.965964
0.0114535 0.0177918 -0.965959
0.0112009 0.0177918 -0.965955
0.0117061 0.0180444 -0.965963
0.0114535 0.0180444 -0.965958
0.0112009 0.0180444 -0.965954
0.0117061 0.018297 -0.965962
0.0114535 0.018297 -0.965957
0.0112009 0.018297 -0.965953
0.0117061 0.0185496 -0.965961
0.0114535 0.0185496 -0.965956
0.0112009 0.0185496 -0.965952
0.0117061 0.0188022 -0.965959
0.0114535 0.0188022 -0.965955
0.0112009 0.0188022 -0.96595
0.0117061 0.0190548 -0.965958
0.0114535 0.0190548 -0.965954
0.0112009 0.0190548 -0.965949
0.0117061 0.0193074 -0.965957
0.0114535 0.0193074 -0.965953
0.0112009 0.0193074 -0.965948
0.0117061 0.01956 -0.965956
0.0114535 0.01956 -0.965951
0.0112009 0.01956 -0.965947
0.0117061 0.0198126 -0.965955
0.0114535 0.0198126 -0.96595
0.0112009 0.0198126 -0.965946
0.0117061 0.0200652 -0.965954
0.0114535 0.0200652 -0.965949
0.0112009 0.0200652 -0.965945
0.0117061 0.0203178 -0.965952
0.0114535 0.0203178 -0.965948
0.0112009 0.0203178 -0.965944
0.0117061 0.0205703 -0.965951
0.0114535 0.0205703 -0.965947
0.0112009 0.0205703 -0.965942
0.0117061 0.0208229 -0.96595
0.0114535 0.0208229 -0.965946
0.0112009 0.0208229 -0.965941
0.0117061 0.0210755 -0.965949
0.0114535 0.0210755 -0.965945
0.0112009 0.0210755 -0.96594
0.0117061 0.0213281 -0.965948
0.0114535 0.0213281 -0.965943
0.0112009 0.0213281 -0.965939
0.0117061 0.0215807 -0.965947
0.0114535 0.0215807 -0.965942
0.0112009 0.0215807 -0.965938
0.0117061 0.0218333 -0.965945
0.0114535 0.0218333 -0.965941
0.0112009 0.0218333 -0.965937
0.0117061 0.0220859 -0.965944
0.0114535 0.0220859 -0.96594
0.0112009 0.0220859 -0.965935
0.0117061 0.0223385 -0.965943
0.0114535 0.0223385 -0.965939
0.0112009 0.0223385 -0.965934
0.0117061 0.0225911 -0.965942
0.0114535 0.0225911 -0.965938
0.0112009 0.0225911 -0.965933
0.0117061 0.0228437 -0.965941
0.0114535 0.0228437 -0.965936
0.0112009 0.0228437 -0.965932
0.0117061 0.0230963 -0.96594
0.0114535 0.0230963 -0.965935
0.0112009 0.0230963 -0.965931
0.0117061 0.0233489 -0.965939
0.0114535 0.0233489 -0.965934
0.0112009 0.0233489 -0.96593
0.0117061 0.0236015 -0.965937
0.0114535 0.0236015 -0.965933
0.0112009 0.0236015 -0.965929
0.0117061 0.0238541 -0.965936
0.0114535 0.0238541 -0.965932
0.0112009 0.0238541 -0.965927
0.0117061 0.0241067 -0.965935
0.0114535 0.0241067 -0.965931
0.0112009 0.0241067 -0.965926
0.0117061 0.0243593 -0.965934
0.0114535 0.0243593 -0.96593
0.0112009 0.0243593 -0.965925
0.0117061 0.0246119 -0.965933
0.0114535 0.0246119 -0.965928
0.0112009 0.0246119 -0.965924
0.0117061 0.0248645 -0.965932
0.0114535 0.0248645 -0.965927
0.0112009 0.0248645 -0.965923
0.0117061 0.0251171 -0.965931
0.0114535 0.0251171 -0.965926
0.0112009 0.0251171 -0.965922
0.0117061 0.0253697 -0.965929
0.0114535 0.0253697 -0.965925
0.0112009 0.0253697 -0.96592
0.0117061 0.0256223 -0.965928
0.0114535 0.0256223 -0.965924
0.0112009 0.0256223 -0.965919
0.0117061 0.0258748 -0.965927
0.0114535 0.0258748 -0.965923
0.0112009 0.0258748 -0.965918
0.0117061 0.0261274 -0.965926
0.0114535 0.0261274 -0.965921
0.0112009 0.0261274 -0.965917
0.0117061 0.02638 -0.965925
0.0114535 0.02638 -0.96592
0.0112009 0.02638 -0.965916
0.0117061 0.0266326 -0.965924
0.0114535 0.0266326 -0.965919
0.0112009 0.0266326 -0.965915
0.0117061 0.0268852 -0.965922
0.0114535 0.0268852 -0.965918
0.0112009 0.0268852 -0.965914
0.0117061 0.0271378 -0.965921
0.0114535 0.0271378 -0.965917
0.0112009 0.0271378 -0.965912
0.0117061 0.0273904 -0.96592
0.0114535 0.0273904 -0.965916
0.0112009 0.0273904 -0.965911
0.0117061 0.027643 -0.965919
0.0114535 0.027643 -0.965915
0.0112009 0.027643 -0.96591
