-0.00534946 0.110799 -0.969758
-0.00419044 0.110799 -0.969751
-0.00303142 0.110799 -0.969743
-0.00534946 0.10964 -0.969759
-0.00419044 0.10964 -0.969752
-0.00303142 0.10964 -0.969744
-0.00534946 0.108481 -0.96976
-0.00419044 0.108481 -0.969753
-0.00303142 0.108481 -0.969745
-0.00534946 0.107322 -0.969761
-0.00419044 0.107322 -0.969754
-0.00303142 0.107322 -0.969746
-0.00534946 0.106163 -0.969762
-0.00419044 0.106163 -0.969755
-0.00303142 0.106163 -0.969747
-0.00534946 0.105004 -0.969763
-0.00419044 0.105004 -0.969756
-0.00303142 0.105004 -0.969748
-0.00534946 0.103845 -0.969764
-0.00419044 0.103845 -0.969757
-0.00303142 0.103845 -0.969749
-0.00534946 0.102686 -0.969765
-0.00419044 0.102686 -0.969758
-0.00303142 0.102686 -0.96975
-0.00534946 0.101527 -0.969766
-0.00419044 0.101527 -0.969759
-0.00303142 0.101527 -0.969751
-0.00534946 0.100368 -0.969767
-0.00419044 0.100368 -0.96976
-0.00303142 0.100368 -0.969752
-0.00534946 0.0992093 -0.969768
-0.00419044 0.0992093 -0.969761
-0.00303142 0.0992093 -0.969753
-0.00534946 0.0980503 -0.969769
-0.00419044 0.0980503 -0.969762
-0.00303142 0.0980503 -0.969754
-0.00534946 0.0968912 -0.96977
-0.00419044 0.0968912 -0.969763
-0.00303142 0.0968912 -0.969755
-0.00534946 0.0957322 -0.969771
-0.00419044 0.0957322 -0.969764
-0.00303142 0.0957322 -0.969756
-0.00534946 0.0945732 -0.969772
-0.00419044 0.0945732 -0.969765
-0.00303142 0.0945732 -0.969757
-0.00534946 0.0934142 -0.969773
-0.00419044 0.0934142 -0.969766
-0.00303142 0.0934142 -0.969758
-0.00534946 0.0922551 -0.969774
-0.00419044 0.0922551 -0.969767
-0.00303142 0.0922551 -0.969759
-0.00534946 0.0910961 -0.969775
-0.00419044 0.0910961 -0.969768
-0.00303142 0.0910961 -0.96976
-0.00534946 0.0899371 -0.969776
-0.00419044 0.0899371 -0.969769
-0.00303142 0.0899371 -0.969761
-0.00534946 0.0887781 -0.969777
-0.00419044 0.0887781 -0.96977
-0.00303142 0.0887781 -0.969762
-0.00534946 0.0876191 -0.969778
-0.00419044 0.0876191 -0.969771
-0.00303142 0.0876191 -0.969763
-0.00534946 0.08646 -0.969779
-0.00419044 0.08646 -0.969772
-0.00303142 0.08646 -0.969764
-0.00534946 0.085301 -0.96978
-0.00419044 0.085301 -0.969773
-0.00303142 0.085301 -0.969765
-0.00534946 0.084142 -0.969781
-0.00419044 0.084142 -0.969774
-0.00303142 0.084142 -0.969766
-0.00534946 0.082983 -0.969782
-0.00419044 0.082983 -0.969775
-0.00303142 0.082983 -0.969767
-0.00534946 0.081824 -0.969783
-0.00419044 0.081824 -0.969776
-0.00303142 0.081824 -0.969768
-0.00534946 0.0806649 -0.969784
-0.00419044 0.0806649 -0.969777
-0.00303142 0.0806649 -0.969769
-0.00534946 0.0795059 -0.969785
-0.00419044 0.0795059 -0.969778
-0.00303142 0.0795059 -0.96977
-0.00534946 0.0783469 -0.969786
-0.00419044 0.0783469 -0.969779
-0.00303142 0.0783469 -0.969771
-0.00534946 0.0771879 -0.969787
-0.00419044 0.0771879 -0.96978
-0.00303142 0.0771879 -0.969772
-0.00534946 0.0760289 -0.969788
-0.00419044 0.0760289 -0.969781
-0.00303142 0.0760289 -0.969773
-0.00534946 0.0748698 -0.96979
-0.00419044 0.0748698 -0.969782
-0.00303142 0.0748698 -0.969774
-0.00534946 0.0737108 -0.969791
-0.00419044 0.0737108 -0.969783
-0.00303142 0.0737108 -0.969775
-0.00534946 0.0725518 -0.969792
-0.00419044 0.0725518 -0.969784
-0.00303142 0.0725518 -0.969776
-0.00534946 0.0713928 -0.969793
-0.00419044 0.0713928 -0.969785
-0.00303142 0.0713928 -0.969777
-0.00534946 0.0702338 -0.969794
-0.00419044 0.0702338 -0.969786
-0.00303142 0.0702338 -0.969778
-0.00534946 0.0690747 -0.969795
-0.00419044 0.0690747 -0.969787
-0.00303142 0.0690747 -0.969779
-0.00534946 0.0679157 -0.969796
-0.00419044 0.0679157 -0.969788
-0.00303142 0.0679157 -0.96978
-0.00534946 0.0667567 -0.969797
-0.00419044 0.0667567 -0.969789
-0.00303142 0.0667567 -0.969781
-0.00534946 0.0655977 -0.969798
-0.00419044 0.0655977 -0.96979
-0.00303142 0.0655977 -0.969782
-0.00534946 0.0644387 -0.969799
-0.00419044 0.0644387 -0.969791
-0.00303142 0.0644387 -0.969783
-0.00534946 0.0632796 -0.9698
-0.00419044 0.0632796 -0.969792
-0.00303142 0.0632796 -0.969784
-0.00534946 0.0621206 -0.969801
-0.00419044 0.0621206 -0.969793
-0.00303142 0.0621206 -0.969785
-0.00534946 0.0609616 -0.969802
-0.00419044 0.0609616 -0.969794
-0.00303142 0.0609616 -0.969786
-0.00534946 0.0598026 -0.969803
-0.00419044 0.0598026 -0.969795
-0.00303142 0.0598026 -0.969787
-0.00534946 0.0586436 -0.969804
-0.00419044 0.0586436 -0.969796
-0.00303142 0.0586436 -0.969788
-0.00534946 0.0574845 -0.969805
-0.00419044 0.0574845 -0.969797
-0.00303142 0.0574845 -0.969789
-0.00534946 0.0563255 -0.969806
-0.00419044 0.0563255 -0.969798
-0.00303142 0.0563255 -0.96979
-0.00534946 0.0551665 -0.969807
-0.00419044 0.0551665 -0.969799
-0.00303142 0.0551665 -0.969791
-0.00534946 0.0540075 -0.969808
-0.00419044 0.0540075 -0.9698
-0.00303142 0.0540075 -0.969792
-0.00534946 0.0528485 -0.969809
-0.00419044 0.0528485 -0.969801
-0.00303142 0.0528485 -0.969793
-0.00534946 0.0516894 -0.96981
-0.00419044 0.0516894 -0.969802
-0.00303142 0.0516894 -0.969794
-0.00534946 0.0505304 -0.969811
-0.00419044 0.0505304 -0.969803
-0.00303142 0.0505304 -0.969795
-0.00534946 0.0493714 -0.969812
-0.00419044 0.0493714 -0.969804
-0.00303142 0.0493714 -0.969796
-0.00534946 0.0482124 -0.969813
-0.00419044 0.0482124 -0.969805
-0.00303142 0.0482124 -0.969797
-0.00534946 0.0470534 -0.969814
-0.00419044 0.0470534 -0.969806
-0.00303142 0.0470534 -0.969799
-0.00534946 0.0458943 -0.969815
-0.00419044 0.0458943 -0.969807
-0.00303142 0.0458943 -0.9698
-0.00534946 0.0447353 -0.969816
-0.00419044 0.0447353 -0.969808
-0.00303142 0.0447353 -0.969801
-0.00534946 0.0435763 -0.969817
-0.00419044 0.0435763 -0.969809
-0.00303142 0.0435763 -0.969802
-0.00534946 0.0424173 -0.969818
-0.00419044 0.0424173 -0.96981
-0.00303142 0.0424173 -0.969803
-0.00534946 0.0412583 -0.969819
-0.00419044 0.0412583 -0.969811
-0.00303142 0.0412583 -0.969804
-0.00534946 0.0400992 -0.96982
-0.00419044 0.0400992 -0.969812
-0.00303142 0.0400992 -0.969805
-0.00534946 0.0389402 -0.969821
-0.00419044 0.0389402 -0.969813
-0.00303142 0.0389402 -0.969806
-0.00534946 0.0377812 -0.969822
-0.00419044 0.0377812 -0.969814
-0.00303142 0.0377812 -0.969807
-0.00534946 0.0366222 -0.969823
-0.00419044 0.0366222 -0.969815
-0.00303142 0.0366222 -0.969808
-0.00534946 0.0354632 -0.969824
-0.00419044 0.0354632 -0.969816
-0.00303142 0.0354632 -0.969809
-0.00534946 0.0343041 -0.969825
-0.00419044 0.0343041 -0.969817
-0.00303142 0.0343041 -0.96981
-0.00534946 0.0331451 -0.969826
-0.00419044 0.0331451 -0.969818
-0.00303142 0.0331451 -0.969811
-0.00534946 0.0319861 -0.969827
-0.00419044 0.0319861 -0.969819
-0.00303142 0.0319861 -0.969812
-0.00534946 0.0308271 -0.969828
-0.00419044 0.0308271 -0.96982
-0.00303142 0.0308271 -0.969813
-0.00534946 0.0296681 -0.969829
-0.00419044 0.0296681 -0.969821
-0.00303142 0.0296681 -0.969814
-0.00534946 0.028509 -0.96983
-0.00419044 0.028509 -0.969822
-0.00303142 0.028509 -0.969815
-0.00534946 0.02735 -0.969831
-0.00419044 0.02735 -0.969823
-0.00303142 0.02735 -0.969816
-0.00534946 0.026191 -0.969832
-0.00419044 0.026191 -0.969824
-0.00303142 0.026191 -0.969817
-0.00534946 0.025032 -0.969833
-0.00419044 0.025032 -0.969825
-0.00303142 0.025032 -0.969818
-0.00534946 0.023873 -0.969834
-0.00419044 0.023873 -0.969826
-0.00303142 0.023873 -0.969819
-0.00534946 0.0227139 -0.969835
-0.00419044 0.0227139 -0.969827
-0.00303142 0.0227139 -0.96982
-0.00534946 0.0215549 -0.969836
-0.00419044 0.0215549 -0.969828
-0.00303142 0.0215549 -0.969821
-0.00534946 0.0203959 -0.969837
-0.00419044 0.0203959 -0.969829
-0.00303142 0.0203959 -0.969822
-0.00534946 0.0192369 -0.969838
-0.00419044 0.0192369 -0.96983
-0.00303142 0.0192369 -0.969823
-0.00534946 0.0180779 -0.969839
-0.00419044 0.0180779 -0.969831
-0.00303142 0.0180779 -0.969824
-0.00534946 0.0169188 -0.96984
-0.00419044 0.0169188 -0.969832
-0.00303142 0.0169188 -0.969825
-0.00534946 0.0157598 -0.969841
-0.00419044 0.0157598 -0.969833
-0.00303142 0.0157598 -0.969826
-0.00534946 0.0146008 -0.969842
-0.00419044 0.0146008 -0.969834
-0.00303142 0.0146008 -0.969827
-0.00534946 0.0134418 -0.969843
-0.00419044 0.0134418 -0.969835
-0.00303142 0.0134418 -0.969828
-0.00534946 0.0122828 -0.969844
-0.00419044 0.0122828 -0.969836
-0.00303142 0.0122828 -0.969829
-0.00534946 0.0111237 -0.969845
-0.00419044 0.0111237 -0.969837
-0.00303142 0.0111237 -0.96983
-0.00534946 0.00996471 -0.969846
-0.00419044 0.00996471 -0.969838
-0.00303142 0.00996471 -0.969831
-0.00534946 0.00880569 -0.969847
-0.00419044 0.00880569 -0.969839
-0.00303142 0.00880569 -0.969832
-0.00534946 0.00764667 -0.969848
-0.00419044 0.00764667 -0.96984
-0.00303142 0.00764667 -0.969833
-0.00534946 0.00648765 -0.969849
-0.00419044 0.00648765 -0.969841
-0.00303142 0.00648765 -0.969834
-0.00534946 0.00532863 -0.96985
-0.00419044 0.00532863 -0.969842
-0.00303142 0.00532863 -0.969835
-0.00534946 0.00416961 -0.969851
-0.00419044 0.00416961 -0.969843
-0.00303142 0.00416961 -0.969836
-0.00534946 0.00301059 -0.969852
-0.00419044 0.00301059 -0.969844
-0.00303142 0.00301059 -0.969837
-0.00534946 0.00185157 -0.969853
-0.00419044 0.00185157 -0.969845
-0.00303142 0.00185157 -0.969838
-0.00534946 0.000692548 -0.969854
-0.00419044 0.000692548 -0.969846
-0.00303142 0.000692548 -0.969839
-0.00534946 -0.000466472 -0.969855
-0.00419044 -0.000466472 -0.969847
-0.00303142 -0.000466472 -0.96984
-0.00534946 -0.00162549 -0.969856
-0.00419044 -0.00162549 -0.969848
-0.00303142 -0.00162549 -0.969841
-0.00534946 -0.00278451 -0.969857
-0.00419044 -0.00278451 -0.969849
-0.00303142 -0.00278451 -0.969842
-0.00534946 -0.00394353 -0.969858
-0.00419044 -0.00394353 -0.96985
-0.00303142 -0.00394353 -0.969843
-0.00534946 -0.00510255 -0.969859
-0.00419044 -0.00510255 -0.969851
-0.00303142 -0.00510255 -0.969844
-0.00534946 -0.00626157 -0.96986
-0.00419044 -0.00626157 -0.969853
-0.00303142 -0.00626157 -0.969845
-0.00534946 -0.00742059 -0.969861
-0.00419044 -0.00742059 -0.969853
-0.00303142 -0.00742059 -0.969846
-0.00534946 -0.00857961 -0.969862
-0.00419044 -0.00857961 -0.969854
-0.00303142 -0.00857961 -0.969847
-0.00534946 -0.00973863 -0.969863
-0.00419044 -0.00973863 -0.969855
-0.00303142 -0.00973863 -0.969848
-0.00534946 -0.0108977 -0.969864
-0.00419044 -0.0108977 -0.969857
-0.00303142 -0.0108977 -0.969849
-0.00534946 -0.0120567 -0.969865
-0.00419044 -0.0120567 -0.969858
-0.00303142 -0.0120567 -0.96985
-0.00534946 -0.0132157 -0.969866
-0.00419044 -0.0132157 -0.969859
-0.00303142 -0.0132157 -0.969851
-0.00534946 -0.0143747 -0.969867
-0.00419044 -0.0143747 -0.96986
-0.00303142 -0.0143747 -0.969852
-0.00534946 -0.0155337 -0.969868
-0.00419044 -0.0155337 -0.969861
-0.00303142 -0.0155337 -0.969853
-0.00534946 -0.0166928 -0.969869
-0.00419044 -0.0166928 -0.969862
-0.00303142 -0.0166928 -0.969854
