0.000378568 -0.0138502 -0.969165
-0.000112113 -0.0138502 -0.969161
-0.000602793 -0.0138502 -0.969157
0.000378568 -0.0133595 -0.969164
-0.000112113 -0.0133595 -0.96916
-0.000602793 -0.0133595 -0.969156
0.000378568 -0.0128688 -0.969162
-0.000112113 -0.0128688 -0.969159
-0.000602793 -0.0128688 -0.969155
0.000378568 -0.0123782 -0.969161
-0.000112113 -0.0123782 -0.969157
-0.000602793 -0.0123782 -0.969154
0.000378568 -0.0118875 -0.96916
-0.000112113 -0.0118875 -0.969156
-0.000602793 -0.0118875 -0.969152
0.000378568 -0.0113968 -0.969159
-0.000112113 -0.0113968 -0.969155
-0.000602793 -0.0113968 -0.969151
0.000378568 -0.0109061 -0.969158
-0.000112113 -0.0109061 -0.969154
-0.000602793 -0.0109061 -0.96915
0.000378568 -0.0104154 -0.969156
-0.000112113 -0.0104154 -0.969153
-0.000602793 -0.0104154 -0.969149
0.000378568 -0.00992476 -0.969155
-0.000112113 -0.00992476 -0.969151
-0.000602793 -0.00992476 -0.969147
0.000378568 -0.00943408 -0.969154
-0.000112113 -0.00943408 -0.96915
-0.000602793 -0.00943408 -0.969146
0.000378568 -0.0089434 -0.969153
-0.000112113 -0.0089434 -0.969149
-0.000602793 -0.0089434 -0.969145
0.000378568 -0.00845271 -0.969151
-0.000112113 -0.00845271 -0.969148
-0.000602793 -0.00845271 -0.969144
0.000378568 -0.00796203 -0.96915
-0.000112113 -0.00796203 -0.969146
-0.000602793 -0.00796203 -0.969142
0.000378568 -0.00747135 -0.969149
-0.000112113 -0.00747135 -0.969145
-0.000602793 -0.00747135 -0.969141
0.000378568 -0.00698067 -0.969148
-0.000112113 -0.00698067 -0.969144
-0.000602793 -0.00698067 -0.96914
0.000378568 -0.00648999 -0.969146
-0.000112113 -0.00648999 -0.969143
-0.000602793 -0.00648999 -0.969139
0.000378568 -0.00599931 -0.969145
-0.000112113 -0.00599931 -0.969141
-0.000602793 -0.00599931 -0.969138
0.000378568 -0.00550863 -0.969144
-0.000112113 -0.00550863 -0.96914
-0.000602793 -0.00550863 -0.969136
0.000378568 -0.00501795 -0.969143
-0.000112113 -0.00501795 -0.969139
-0.000602793 -0.00501795 -0.969135
0.000378568 -0.00452727 -0.969141
-0.000112113 -0.00452727 -0.969138
-0.000602793 -0.00452727 -0.969134
0.000378568 -0.00403659 -0.96914
-0.000112113 -0.00403659 -0.969136
-0.000602793 -0.00403659 -0.969133
0.000378568 -0.00354591 -0.969139
-0.000112113 -0.00354591 -0.969135
-0.000602793 -0.00354591 -0.969131
0.000378568 -0.00305523 -0.969138
-0.000112113 -0.00305523 -0.969134
-0.000602793 -0.00305523 -0.96913
0.000378568 -0.00256455 -0.969137
-0.000112113 -0.00256455 -0.969133
-0.000602793 -0.00256455 -0.969129
0.000378568 -0.00207387 -0.969135
-0.000112113 -0.00207387 -0.969132
-0.000602793 -0.00207387 -0.969128
0.000378568 -0.00158319 -0.969134
-0.000112113 -0.00158319 -0.96913
-0.000602793 -0.00158319 -0.969127
0.000378568 -0.00109251 -0.969133
-0.000112113 -0.00109251 -0.969129
-0.000602793 -0.00109251 -0.969125
0.000378568 -0.000601826 -0.969132
-0.000112113 -0.000601826 -0.969128
-0.000602793 -0.000601826 -0.969124
0.000378568 -0.000111146 -0.96913
-0.000112113 -0.000111146 -0.969127
-0.000602793 -0.000111146 -0.969123
0.000378568 0.000379535 -0.969129
-0.000112113 0.000379535 -0.969125
-0.000602793 0.000379535 -0.969122
0.000378568 0.000870216 -0.969128
-0.000112113 0.000870216 -0.969124
-0.000602793 0.000870216 -0.96912
0.000378568 0.0013609 -0.969127
-0.000112113 0.0013609 -0.969123
-0.000602793 0.0013609 -0.969119
0.000378568 0.00185158 -0.969126
-0.000112113 0.00185158 -0.969122
-0.000602793 0.00185158 -0.969118
0.000378568 0.00234226 -0.969124
-0.000112113 0.00234226 -0.96912
-0.000602793 0.00234226 -0.969117
0.000378568 0.00283294 -0.969123
-0.000112113 0.00283294 -0.969119
-0.000602793 0.00283294 -0.969115
0.000378568 0.00332362 -0.969122
-0.000112113 0.00332362 -0.969118
-0.000602793 0.00332362 -0.969114
0.000378568 0.0038143 -0.969121
-0.000112113 0.0038143 -0.969117
-0.000602793 0.0038143 -0.969113
0.000378568 0.00430498 -0.969119
-0.000112113 0.00430498 -0.969115
-0.000602793 0.00430498 -0.969112
0.000378568 0.00479566 -0.969118
-0.000112113 0.00479566 -0.969114
-0.000602793 0.00479566 -0.96911
0.000378568 0.00528634 -0.969117
-0.000112113 0.00528634 -0.969113
-0.000602793 0.00528634 -0.969109
0.000378568 0.00577702 -0.969116
-0.000112113 0.00577702 -0.969112
-0.000602793 0.00577702 -0.969108
0.000378568 0.0062677 -0.969114
-0.000112113 0.0062677 -0.969111
-0.000602793 0.0062677 -0.969107
0.000378568 0.00675838 -0.969113
-0.000112113 0.00675838 -0.969109
-0.000602793 0.00675838 -0.969106
0.000378568 0.00724906 -0.969112
-0.000112113 0.00724906 -0.969108
-0.000602793 0.00724906 -0.969104
0.000378568 0.00773974 -0.969111
-0.000112113 0.00773974 -0.969107
-0.000602793 0.00773974 -0.969103
0.000378568 0.00823042 -0.969109
-0.000112113 0.00823042 -0.969106
-0.000602793 0.00823042 -0.969102
0.000378568 0.0087211 -0.969108
-0.000112113 0.0087211 -0.969104
-0.000602793 0.0087211 -0.969101
0.000378568 0.00921179 -0.969107
-0.000112113 0.00921179 -0.969103
-0.000602793 0.00921179 -0.969099
0.000378568 0.00970247 -0.969106
-0.000112113 0.00970247 -0.969102
-0.000602793 0.00970247 -0.969098
0.000378568 0.0101931 -0.969105
-0.000112113 0.0101931 -0.969101
-0.000602793 0.0101931 -0.969097
0.000378568 0.0106838 -0.969103
-0.000112113 0.0106838 -0.9691
-0.000602793 0.0106838 -0.969096
0.000378568 0.0111745 -0.969102
-0.000112113 0.0111745 -0.969098
-0.000602793 0.0111745 -0.969094
0.000378568 0.0116652 -0.969101
-0.000112113 0.0116652 -0.969097
-0.000602793 0.0116652 -0.969093
0.000378568 0.0121559 -0.9691
-0.000112113 0.0121559 -0.969096
-0.000602793 0.0121559 -0.969092
0.000378568 0.0126465 -0.969098
-0.000112113 0.0126465 -0.969095
-0.000602793 0.0126465 -0.969091
0.000378568 0.0131372 -0.969097
-0.000112113 0.0131372 -0.969093
-0.000602793 0.0131372 -0.96909
0.000378568 0.0136279 -0.969096
-0.000112113 0.0136279 -0.969092
-0.000602793 0.0136279 -0.969088
0.000378568 0.0141186 -0.969095
-0.000112113 0.0141186 -0.969091
-0.000602793 0.0141186 -0.969087
0.000378568 0.0146093 -0.969093
-0.000112113 0.0146093 -0.96909
-0.000602793 0.0146093 -0.969086
0.000378568 0.0151 -0.969092
-0.000112113 0.0151 -0.969088
-0.000602793 0.0151 -0.969085
0.000378568 0.0155906 -0.969091
-0.000112113 0.0155906 -0.969087
-0.000602793 0.0155906 -0.969083
0.000378568 0.0160813 -0.96909
-0.000112113 0.0160813 -0.969086
-0.000602793 0.0160813 -0.969082
0.000378568 0.016572 -0.969088
-0.000112113 0.016572 -0.969085
-0.000602793 0.016572 -0.969081
0.000378568 0.0170627 -0.969087
-0.000112113 0.0170627 -0.969083
-0.000602793 0.0170627 -0.96908
0.000378568 0.0175534 -0.969086
-0.000112113 0.0175534 -0.969082
-0.000602793 0.0175534 -0.969078
0.000378568 0.018044 -0.969085
-0.000112113 0.018044 -0.969081
-0.000602793 0.018044 -0.969077
0.000378568 0.0185347 -0.969084
-0.000112113 0.0185347 -0.96908
-0.000602793 0.0185347 -0.969076
0.000378568 0.0190254 -0.969082
-0.000112113 0.0190254 -0.969079
-0.000602793 0.0190254 -0.969075
0.000378568 0.0195161 -0.969081
-0.000112113 0.0195161 -0.969077
-0.000602793 0.0195161 -0.969074
0.000378568 0.0200068 -0.96908
-0.000112113 0.0200068 -0.969076
-0.000602793 0.0200068 -0.969072
0.000378568 0.0204974 -0.969079
-0.000112113 0.0204974 -0.969075
-0.000602793 0.0204974 -0.969071
0.000378568 0.0209881 -0.969077
-0.000112113 0.0209881 -0.969074
-0.000602793 0.0209881 -0.96907
0.000378568 0.0214788 -0.969076
-0.000112113 0.0214788 -0.969072
-0.000602793 0.0214788 -0.969069
0.000378568 0.0219695 -0.969075
-0.000112113 0.0219695 -0.969071
-0.000602793 0.0219695 -0.969067
0.000378568 0.0224602 -0.969074
-0.000112113 0.0224602 -0.96907
-0.000602793 0.0224602 -0.969066
0.000378568 0.0229508 -0.969073
-0.000112113 0.0229508 -0.969069
-0.000602793 0.0229508 -0.969065
0.000378568 0.0234415 -0.969071
-0.000112113 0.0234415 -0.969067
-0.000602793 0.0234415 -0.969064
0.000378568 0.0239322 -0.96907
-0.000112113 0.0239322 -0.969066
-0.000602793 0.0239322 -0.969062
0.000378568 0.0244229 -0.969069
-0.000112113 0.0244229 -0.969065
-0.000602793 0.0244229 -0.969061
0.000378568 0.0249136 -0.969068
-0.000112113 0.0249136 -0.969064
-0.000602793 0.0249136 -0.96906
0.000378568 0.0254042 -0.969066
-0.000112113 0.0254042 -0.969063
-0.000602793 0.0254042 -0.969059
0.000378568 0.0258949 -0.969065
-0.000112113 0.0258949 -0.969061
-0.000602793 0.0258949 -0.969058
0.000378568 0.0263856 -0.969064
-0.000112113 0.0263856 -0.96906
-0.000602793 0.0263856 -0.969056
0.000378568 0.0268763 -0.969063
-0.000112113 0.0268763 -0.969059
-0.000602793 0.0268763 -0.969055
0.000378568 0.027367 -0.969061
-0.000112113 0.027367 -0.969058
-0.000602793 0.027367 -0.969054
0.000378568 0.0278576 -0.96906
-0.000112113 0.0278576 -0.969056
-0.000602793 0.0278576 -0.969053
0.000378568 0.0283483 -0.969059
-0.000112113 0.0283483 -0.969055
-0.000602793 0.0283483 -0.969051
0.000378568 0.028839 -0.969058
-0.000112113 0.028839 -0.969054
-0.000602793 0.028839 -0.96905
0.000378568 0.0293297 -0.969056
-0.000112113 0.0293297 -0.969053
-0.000602793 0.0293297 -0.969049
0.000378568 0.0298204 -0.969055
-0.000112113 0.0298204 -0.969051
-0.000602793 0.0298204 -0.969048
0.000378568 0.030311 -0.969054
-0.000112113 0.030311 -0.96905
-0.000602793 0.030311 -0.969046
0.000378568 0.0308017 -0.969053
-0.000112113 0.0308017 -0.969049
-0.000602793 0.0308017 -0.969045
0.000378568 0.0312924 -0.969052
-0.000112113 0.0312924 -0.969048
-0.000602793 0.0312924 -0.969044
0.000378568 0.0317831 -0.96905
-0.000112113 0.0317831 -0.969047
-0.000602793 0.0317831 -0.969043
0.000378568 0.0322738 -0.969049
-0.000112113 0.0322738 -0.969045
-0.000602793 0.0322738 -0.969041
0.000378568 0.0327644 -0.969048
-0.000112113 0.0327644 -0.969044
-0.000602793 0.0327644 -0.96904
0.000378568 0.0332551 -0.969047
-0.000112113 0.0332551 -0.969043
-0.000602793 0.0332551 -0.969039
0.000378568 0.0337458 -0.969045
-0.000112113 0.0337458 -0.969042
-0.000602793 0.0337458 -0.969038
0.000378568 0.0342365 -0.969044
-0.000112113 0.0342365 -0.96904
-0.000602793 0.0342365 -0.969037
0.000378568 0.0347272 -0.969043
-0.000112113 0.0347272 -0.969039
-0.000602793 0.0347272 -0.969035
0.000378568 0.0352179 -0.969042
-0.000112113 0.0352179 -0.969038
-0.000602793 0.0352179 -0.969034
0.000378568 0.0357085 -0.96904
-0.000112113 0.0357085 -0.969037
-0.000602793 0.0357085 -0.969033
0.000378568 0.0361992 -0.969039
-0.000112113 0.0361992 -0.969035
-0.000602793 0.0361992 -0.969032
0.000378568 0.0366899 -0.969038
-0.000112113 0.0366899 -0.969034
-0.000602793 0.0366899 -0.96903
0.000378568 0.0371806 -0.969037
-0.000112113 0.0371806 -0.969033
-0.000602793 0.0371806 -0.969029
0.000378568 0.0376713 -0.969036
-0.000112113 0.0376713 -0.969032
-0.000602793 0.0376713 -0.969028
0.000378568 0.0381619 -0.969034
-0.000112113 0.0381619 -0.96903
-0.000602793 0.0381619 -0.969027
0.000378568 0.0386526 -0.969033
-0.000112113 0.0386526 -0.969029
-0.000602793 0.0386526 -0.969025
0.000378568 0.0391433 -0.969032
-0.000112113 0.0391433 -0.969028
-0.000602793 0.0391433 -0.969024
0.000378568 0.039634 -0.969031
-0.000112113 0.039634 -0.969027
-0.000602793 0.039634 -0.969023
0.000378568 0.0401247 -0.969029
-0.000112113 0.0401247 -0.969026
-0.000602793 0.0401247 -0.969022
