-0.00758296 0.0117161 -0.985541
-0.00738857 0.0117161 -0.985545
-0.00719417 0.0117161 -0.98555
-0.00758296 0.0115217 -0.985541
-0.00738857 0.0115217 -0.985546
-0.00719417 0.0115217 -0.98555
-0.00758296 0.0113274 -0.985542
-0.00738857 0.0113274 -0.985546
-0.00719417 0.0113274 -0.985551
-0.00758296 0.011133 -0.985542
-0.00738857 0.011133 -0.985547
-0.00719417 0.011133 -0.985552
-0.00758296 0.0109386 -0.985543
-0.00738857 0.0109386 -0.985547
-0.00719417 0.0109386 -0.985552
-0.00758296 0.0107442 -0.985543
-0.00738857 0.0107442 -0.985548
-0.00719417 0.0107442 -0.985553
-0.00758296 0.0105498 -0.985544
-0.00738857 0.0105498 -0.985548
-0.00719417 0.0105498 -0.985553
-0.00758296 0.0103554 -0.985544
-0.00738857 0.0103554 -0.985549
-0.00719417 0.0103554 -0.985554
-0.00758296 0.010161 -0.985545
-0.00738857 0.010161 -0.985549
-0.00719417 0.010161 -0.985554
-0.00758296 0.00996661 -0.985545
-0.00738857 0.00996661 -0.98555
-0.00719417 0.00996661 -0.985555
-0.00758296 0.00977221 -0.985546
-0.00738857 0.00977221 -0.98555
-0.00719417 0.00977221 -0.985555
-0.00758296 0.00957782 -0.985546
-0.00738857 0.00957782 -0.985551
-0.00719417 0.00957782 -0.985556
-0.00758296 0.00938343 -0.985547
-0.00738857 0.00938343 -0.985551
-0.00719417 0.00938343 -0.985556
-0.00758296 0.00918903 -0.985547
-0.00738857 0.00918903 -0.985552
-0.00719417 0.00918903 -0.985557
-0.00758296 0.00899464 -0.985548
-0.00738857 0.00899464 -0.985553
-0.00719417 0.00899464 -0.985557
-0.00758296 0.00880025 -0.985548
-0.00738857 0.00880025 -0.985553
-0.00719417 0.00880025 -0.985558
-0.00758296 0.00860586 -0.985549
-0.00738857 0.00860586 -0.985554
-0.00719417 0.00860586 -0.985558
-0.00758296 0.00841146 -0.985549
-0.00738857 0.00841146 -0.985554
-0.00719417 0.00841146 -0.985559
-0.00758296 0.00821707 -0.98555
-0.00738857 0.00821707 -0.985555
-0.00719417 0.00821707 -0.985559
-0.00758296 0.00802268 -0.98555
-0.00738857 0.00802268 -0.985555
-0.00719417 0.00802268 -0.98556
-0.00758296 0.00782829 -0.985551
-0.00738857 0.00782829 -0.985556
-0.00719417 0.00782829 -0.98556
-0.00758296 0.00763389 -0.985551
-0.00738857 0.00763389 -0.985556
-0.00719417 0.00763389 -0.985561
-0.00758296 0.0074395 -0.985552
-0.00738857 0.0074395 -0.985557
-0.00719417 0.0074395 -0.985561
-0.00758296 0.00724511 -0.985553
-0.00738857 0.00724511 -0.985557
-0.00719417 0.00724511 -0.985562
-0.00758296 0.00705071 -0.985553
-0.00738857 0.00705071 -0.985558
-0.00719417 0.00705071 -0.985562
-0.00758296 0.00685632 -0.985554
-0.00738857 0.00685632 -0.985558
-0.00719417 0.00685632 -0.985563
-0.00758296 0.00666193 -0.985554
-0.00738857 0.00666193 -0.985559
-0.00719417 0.00666193 -0.985563
-0.00758296 0.00646754 -0.985555
-0.00738857 0.00646754 -0.985559
-0.00719417 0.00646754 -0.985564
-0.00758296 0.00627314 -0.985555
-0.00738857 0.00627314 -0.98556
-0.00719417 0.00627314 -0.985564
-0.00758296 0.00607875 -0.985556
-0.00738857 0.00607875 -0.98556
-0.00719417 0.00607875 -0.985565
-0.00758296 0.00588436 -0.985556
-0.00738857 0.00588436 -0.985561
-0.00719417 0.00588436 -0.985565
-0.00758296 0.00568997 -0.985557
-0.00738857 0.00568997 -0.985561
-0.00719417 0.00568997 -0.985566
-0.00758296 0.00549557 -0.985557
-0.00738857 0.00549557 -0.985562
-0.00719417 0.00549557 -0.985566
-0.00758296 0.00530118 -0.985558
-0.00738857 0.00530118 -0.985562
-0.00719417 0.00530118 -0.985567
-0.00758296 0.00510679 -0.985558
-0.00738857 0.00510679 -0.985563
-0.00719417 0.00510679 -0.985567
-0.00758296 0.00491239 -0.985559
-0.00738857 0.00491239 -0.985563
-0.00719417 0.00491239 -0.985568
-0.00758296 0.004718 -0.985559
-0.00738857 0.004718 -0.985564
-0.00719417 0.004718 -0.985568
-0.00758296 0.00452361 -0.98556
-0.00738857 0.00452361 -0.985564
-0.00719417 0.00452361 -0.985569
-0.00758296 0.00432922 -0.98556
-0.00738857 0.00432922 -0.985565
-0.00719417 0.00432922 -0.985569
-0.00758296 0.00413482 -0.985561
-0.00738857 0.00413482 -0.985565
-0.00719417 0.00413482 -0.98557
-0.00758296 0.00394043 -0.985561
-0.00738857 0.00394043 -0.985566
-0.00719417 0.00394043 -0.985571
-0.00758296 0.00374604 -0.985562
-0.00738857 0.00374604 -0.985566
-0.00719417 0.00374604 -0.985571
-0.00758296 0.00355164 -0.985562
-0.00738857 0.00355164 -0.985567
-0.00719417 0.00355164 -0.985572
-0.00758296 0.00335725 -0.985563
-0.00738857 0.00335725 -0.985567
-0.00719417 0.00335725 -0.985572
-0.00758296 0.00316286 -0.985563
-0.00738857 0.00316286 -0.985568
-0.00719417 0.00316286 -0.985573
-0.00758296 0.00296847 -0.985564
-0.00738857 0.00296847 -0.985568
-0.00719417 0.00296847 -0.985573
-0.00758296 0.00277407 -0.985564
-0.00738857 0.00277407 -0.985569
-0.00719417 0.00277407 -0.985574
-0.00758296 0.00257968 -0.985565
-0.00738857 0.00257968 -0.985569
-0.00719417 0.00257968 -0.985574
-0.00758296 0.00238529 -0.985565
-0.00738857 0.00238529 -0.98557
-0.00719417 0.00238529 -0.985575
-0.00758296 0.0021909 -0.985566
-0.00738857 0.0021909 -0.98557
-0.00719417 0.0021909 -0.985575
-0.00758296 0.0019965 -0.985566
-0.00738857 0.0019965 -0.985571
-0.00719417 0.0019965 -0.985576
-0.00758296 0.00180211 -0.985567
-0.00738857 0.00180211 -0.985572
-0.00719417 0.00180211 -0.985576
-0.00758296 0.00160772 -0.985567
-0.00738857 0.00160772 -0.985572
-0.00719417 0.00160772 -0.985577
-0.00758296 0.00141332 -0.985568
-0.00738857 0.00141332 -0.985573
-0.00719417 0.00141332 -0.985577
-0.00758296 0.00121893 -0.985568
-0.00738857 0.00121893 -0.985573
-0.00719417 0.00121893 -0.985578
-0.00758296 0.00102454 -0.985569
-0.00738857 0.00102454 -0.985574
-0.00719417 0.00102454 -0.985578
-0.00758296 0.000830146 -0.985569
-0.00738857 0.000830146 -0.985574
-0.00719417 0.000830146 -0.985579
-0.00758296 0.000635753 -0.98557
-0.00738857 0.000635753 -0.985575
-0.00719417 0.000635753 -0.985579
-0.00758296 0.00044136 -0.98557
-0.00738857 0.00044136 -0.985575
-0.00719417 0.00044136 -0.98558
-0.00758296 0.000246968 -0.985571
-0.00738857 0.000246968 -0.985576
-0.00719417 0.000246968 -0.98558
-0.00758296 5.25748e-05 -0.985572
-0.00738857 5.25748e-05 -0.985576
-0.00719417 5.25748e-05 -0.985581
-0.00758296 -0.000141818 -0.985572
-0.00738857 -0.000141818 -0.985577
-0.00719417 -0.000141818 -0.985581
-0.00758296 -0.000336211 -0.985573
-0.00738857 -0.000336211 -0.985577
-0.00719417 -0.000336211 -0.985582
-0.00758296 -0.000530604 -0.985573
-0.00738857 -0.000530604 -0.985578
-0.00719417 -0.000530604 -0.985582
-0.00758296 -0.000724996 -0.985574
-0.00738857 -0.000724996 -0.985578
-0.00719417 -0.000724996 -0.985583
-0.00758296 -0.000919389 -0.985574
-0.00738857 -0.000919389 -0.985579
-0.00719417 -0.000919389 -0.985583
-0.00758296 -0.00111378 -0.985575
-0.00738857 -0.00111378 -0.985579
-0.00719417 -0.00111378 -0.985584
-0.00758296 -0.00130817 -0.985575
-0.00738857 -0.00130817 -0.98558
-0.00719417 -0.00130817 -0.985584
-0.00758296 -0.00150257 -0.985576
-0.00738857 -0.00150257 -0.98558
-0.00719417 -0.00150257 -0.985585
-0.00758296 -0.00169696 -0.985576
-0.00738857 -0.00169696 -0.985581
-0.00719417 -0.00169696 -0.985585
-0.00758296 -0.00189135 -0.985577
-0.00738857 -0.00189135 -0.985581
-0.00719417 -0.00189135 -0.985586
-0.00758296 -0.00208575 -0.985577
-0.00738857 -0.00208575 -0.985582
-0.00719417 -0.00208575 -0.985586
-0.00758296 -0.00228014 -0.985578
-0.00738857 -0.00228014 -0.985582
-0.00719417 -0.00228014 -0.985587
-0.00758296 -0.00247453 -0.985578
-0.00738857 -0.00247453 -0.985583
-0.00719417 -0.00247453 -0.985587
-0.00758296 -0.00266892 -0.985579
-0.00738857 -0.00266892 -0.985583
-0.00719417 -0.00266892 -0.985588
-0.00758296 -0.00286332 -0.985579
-0.00738857 -0.00286332 -0.985584
-0.00719417 -0.00286332 -0.985588
-0.00758296 -0.00305771 -0.98558
-0.00738857 -0.00305771 -0.985584
-0.00719417 -0.00305771 -0.985589
-0.00758296 -0.0032521 -0.98558
-0.00738857 -0.0032521 -0.985585
-0.00719417 -0.0032521 -0.98559
-0.00758296 -0.0034465 -0.985581
-0.00738857 -0.0034465 -0.985585
-0.00719417 -0.0034465 -0.98559
-0.00758296 -0.00364089 -0.985581
-0.00738857 -0.00364089 -0.985586
-0.00719417 -0.00364089 -0.985591
-0.00758296 -0.00383528 -0.985582
-0.00738857 -0.00383528 -0.985586
-0.00719417 -0.00383528 -0.985591
-0.00758296 -0.00402967 -0.985582
-0.00738857 -0.00402967 -0.985587
-0.00719417 -0.00402967 -0.985592
-0.00758296 -0.00422407 -0.985583
-0.00738857 -0.00422407 -0.985587
-0.00719417 -0.00422407 -0.985592
-0.00758296 -0.00441846 -0.985583
-0.00738857 -0.00441846 -0.985588
-0.00719417 -0.00441846 -0.985593
-0.00758296 -0.00461285 -0.985584
-0.00738857 -0.00461285 -0.985588
-0.00719417 -0.00461285 -0.985593
-0.00758296 -0.00480724 -0.985584
-0.00738857 -0.00480724 -0.985589
-0.00719417 -0.00480724 -0.985594
-0.00758296 -0.00500164 -0.985585
-0.00738857 -0.00500164 -0.98559
-0.00719417 -0.00500164 -0.985594
-0.00758296 -0.00519603 -0.985585
-0.00738857 -0.00519603 -0.98559
-0.00719417 -0.00519603 -0.985595
-0.00758296 -0.00539042 -0.985586
-0.00738857 -0.00539042 -0.985591
-0.00719417 -0.00539042 -0.985595
-0.00758296 -0.00558482 -0.985586
-0.00738857 -0.00558482 -0.985591
-0.00719417 -0.00558482 -0.985596
-0.00758296 -0.00577921 -0.985587
-0.00738857 -0.00577921 -0.985592
-0.00719417 -0.00577921 -0.985596
-0.00758296 -0.0059736 -0.985587
-0.00738857 -0.0059736 -0.985592
-0.00719417 -0.0059736 -0.985597
-0.00758296 -0.00616799 -0.985588
-0.00738857 -0.00616799 -0.985593
-0.00719417 -0.00616799 -0.985597
-0.00758296 -0.00636239 -0.985588
-0.00738857 -0.00636239 -0.985593
-0.00719417 -0.00636239 -0.985598
-0.00758296 -0.00655678 -0.985589
-0.00738857 -0.00655678 -0.985594
-0.00719417 -0.00655678 -0.985598
-0.00758296 -0.00675117 -0.98559
-0.00738857 -0.00675117 -0.985594
-0.00719417 -0.00675117 -0.985599
-0.00758296 -0.00694556 -0.98559
-0.00738857 -0.00694556 -0.985595
-0.00719417 -0.00694556 -0.985599
-0.00758296 -0.00713996 -0.985591
-0.00738857 -0.00713996 -0.985595
-0.00719417 -0.00713996 -0.9856
-0.00758296 -0.00733435 -0.985591
-0.00738857 -0.00733435 -0.985596
-0.00719417 -0.00733435 -0.9856
-0.00758296 -0.00752874 -0.985592
-0.00738857 -0.00752874 -0.985596
-0.00719417 -0.00752874 -0.985601
-0.00758296 -0.00772314 -0.985592
-0.00738857 -0.00772314 -0.985597
-0.00719417 -0.00772314 -0.985601
-0.00758296 -0.00791753 -0.985593
-0.00738857 -0.00791753 -0.985597
-0.00719417 -0.00791753 -0.985602
-0.00758296 -0.00811192 -0.985593
-0.00738857 -0.00811192 -0.985598
-0.00719417 -0.00811192 -0.985602
-0.00758296 -0.00830631 -0.985594
-0.00738857 -0.00830631 -0.985598
-0.00719417 -0.00830631 -0.985603
-0.00758296 -0.00850071 -0.985594
-0.00738857 -0.00850071 -0.985599
-0.00719417 -0.00850071 -0.985603
-0.00758296 -0.0086951 -0.985595
-0.00738857 -0.0086951 -0.985599
-0.00719417 -0.0086951 -0.985604
-0.00758296 -0.00888949 -0.985595
-0.00738857 -0.00888949 -0.9856
-0.00719417 -0.00888949 -0.985604
-0.00758296 -0.00908389 -0.985596
-0.00738857 -0.00908389 -0.9856
-0.00719417 -0.00908389 -0.985605
-0.00758296 -0.00927828 -0.985596
-0.00738857 -0.00927828 -0.985601
-0.00719417 -0.00927828 -0.985605
-0.00758296 -0.00947267 -0.985597
-0.00738857 -0.00947267 -0.985601
-0.00719417 -0.00947267 -0.985606
-0.00758296 -0.00966706 -0.985597
-0.00738857 -0.00966706 -0.985602
-0.00719417 -0.00966706 -0.985606
