0.00461066 0.0889274 -0.981967
0.00554312 0.0889274 -0.981975
0.00647559 0.0889274 -0.981982
0.00461066 0.0879949 -0.981966
0.00554312 0.0879949 -0.981974
0.00647559 0.0879949 -0.981981
0.00461066 0.0870624 -0.981965
0.00554312 0.0870624 -0.981973
0.00647559 0.0870624 -0.98198
0.00461066 0.08613 -0.981964
0.00554312 0.08613 -0.981972
0.00647559 0.08613 -0.981979
0.00461066 0.0851975 -0.981964
0.00554312 0.0851975 -0.981971
0.00647559 0.0851975 -0.981978
0.00461066 0.084265 -0.981963
0.00554312 0.084265 -0.98197
0.00647559 0.084265 -0.981977
0.00461066 0.0833326 -0.981962
0.00554312 0.0833326 -0.981969
0.00647559 0.0833326 -0.981977
0.00461066 0.0824001 -0.981961
0.00554312 0.0824001 -0.981968
0.00647559 0.0824001 -0.981976
0.00461066 0.0814677 -0.98196
0.00554312 0.0814677 -0.981967
0.00647559 0.0814677 -0.981975
0.00461066 0.0805352 -0.981959
0.00554312 0.0805352 -0.981966
0.00647559 0.0805352 -0.981974
0.00461066 0.0796027 -0.981958
0.00554312 0.0796027 -0.981965
0.00647559 0.0796027 -0.981973
0.00461066 0.0786703 -0.981957
0.00554312 0.0786703 -0.981965
0.00647559 0.0786703 -0.981972
0.00461066 0.0777378 -0.981956
0.00554312 0.0777378 -0.981964
0.00647559 0.0777378 -0.981971
0.00461066 0.0768053 -0.981955
0.00554312 0.0768053 -0.981963
0.00647559 0.0768053 -0.98197
0.00461066 0.0758729 -0.981954
0.00554312 0.0758729 -0.981962
0.00647559 0.0758729 -0.981969
0.00461066 0.0749404 -0.981954
0.00554312 0.0749404 -0.981961
0.00647559 0.0749404 -0.981968
0.00461066 0.0740079 -0.981953
0.00554312 0.0740079 -0.98196
0.00647559 0.0740079 -0.981967
0.00461066 0.0730755 -0.981952
0.00554312 0.0730755 -0.981959
0.00647559 0.0730755 -0.981966
0.00461066 0.072143 -0.981951
0.00554312 0.072143 -0.981958
0.00647559 0.072143 -0.981966
0.00461066 0.0712105 -0.98195
0.00554312 0.0712105 -0.981957
0.00647559 0.0712105 -0.981965
0.00461066 0.0702781 -0.981949
0.00554312 0.0702781 -0.981956
0.00647559 0.0702781 -0.981964
0.00461066 0.0693456 -0.981948
0.00554312 0.0693456 -0.981955
0.00647559 0.0693456 -0.981963
0.00461066 0.0684132 -0.981947
0.00554312 0.0684132 -0.981955
0.00647559 0.0684132 -0.981962
0.00461066 0.0674807 -0.981946
0.00554312 0.0674807 -0.981954
0.00647559 0.0674807 -0.981961
0.00461066 0.0665482 -0.981945
0.00554312 0.0665482 -0.981953
0.00647559 0.0665482 -0.98196
0.00461066 0.0656158 -0.981944
0.00554312 0.0656158 -0.981952
0.00647559 0.0656158 -0.981959
0.00461066 0.0646833 -0.981943
0.00554312 0.0646833 -0.981951
0.00647559 0.0646833 -0.981958
0.00461066 0.0637508 -0.981943
0.00554312 0.0637508 -0.98195
0.00647559 0.0637508 -0.981957
0.00461066 0.0628184 -0.981942
0.00554312 0.0628184 -0.981949
0.00647559 0.0628184 -0.981956
0.00461066 0.0618859 -0.981941
0.00554312 0.0618859 -0.981948
0.00647559 0.0618859 -0.981956
0.00461066 0.0609534 -0.98194
0.00554312 0.0609534 -0.981947
0.00647559 0.0609534 -0.981955
0.00461066 0.060021 -0.981939
0.00554312 0.060021 -0.981946
0.00647559 0.060021 -0.981954
0.00461066 0.0590885 -0.981938
0.00554312 0.0590885 -0.981945
0.00647559 0.0590885 -0.981953
0.00461066 0.058156 -0.981937
0.00554312 0.058156 -0.981944
0.00647559 0.058156 -0.981952
0.00461066 0.0572236 -0.981936
0.00554312 0.0572236 -0.981944
0.00647559 0.0572236 -0.981951
0.00461066 0.0562911 -0.981935
0.00554312 0.0562911 -0.981943
0.00647559 0.0562911 -0.98195
0.00461066 0.0553587 -0.981934
0.00554312 0.0553587 -0.981942
0.00647559 0.0553587 -0.981949
0.00461066 0.0544262 -0.981933
0.00554312 0.0544262 -0.981941
0.00647559 0.0544262 -0.981948
0.00461066 0.0534937 -0.981933
0.00554312 0.0534937 -0.98194
0.00647559 0.0534937 -0.981947
0.00461066 0.0525613 -0.981932
0.00554312 0.0525613 -0.981939
0.00647559 0.0525613 -0.981946
0.00461066 0.0516288 -0.981931
0.00554312 0.0516288 -0.981938
0.00647559 0.0516288 -0.981945
0.00461066 0.0506963 -0.98193
0.00554312 0.0506963 -0.981937
0.00647559 0.0506963 -0.981945
0.00461066 0.0497639 -0.981929
0.00554312 0.0497639 -0.981936
0.00647559 0.0497639 -0.981944
0.00461066 0.0488314 -0.981928
0.00554312 0.0488314 -0.981935
0.00647559 0.0488314 -0.981943
0.00461066 0.0478989 -0.981927
0.00554312 0.0478989 -0.981934
0.00647559 0.0478989 -0.981942
0.00461066 0.0469665 -0.981926
0.00554312 0.0469665 -0.981934
0.00647559 0.0469665 -0.981941
0.00461066 0.046034 -0.981925
0.00554312 0.046034 -0.981933
0.00647559 0.046034 -0.98194
0.00461066 0.0451016 -0.981924
0.00554312 0.0451016 -0.981932
0.00647559 0.0451016 -0.981939
0.00461066 0.0441691 -0.981923
0.00554312 0.0441691 -0.981931
0.00647559 0.0441691 -0.981938
0.00461066 0.0432366 -0.981922
0.00554312 0.0432366 -0.98193
0.00647559 0.0432366 -0.981937
0.00461066 0.0423042 -0.981922
0.00554312 0.0423042 -0.981929
0.00647559 0.0423042 -0.981936
0.00461066 0.0413717 -0.981921
0.00554312 0.0413717 -0.981928
0.00647559 0.0413717 -0.981935
0.00461066 0.0404392 -0.98192
0.00554312 0.0404392 -0.981927
0.00647559 0.0404392 -0.981934
0.00461066 0.0395068 -0.981919
0.00554312 0.0395068 -0.981926
0.00647559 0.0395068 -0.981934
0.00461066 0.0385743 -0.981918
0.00554312 0.0385743 -0.981925
0.00647559 0.0385743 -0.981933
0.00461066 0.0376418 -0.981917
0.00554312 0.0376418 -0.981924
0.00647559 0.0376418 -0.981932
0.00461066 0.0367094 -0.981916
0.00554312 0.0367094 -0.981923
0.00647559 0.0367094 -0.981931
0.00461066 0.0357769 -0.981915
0.00554312 0.0357769 -0.981923
0.00647559 0.0357769 -0.98193
0.00461066 0.0348444 -0.981914
0.00554312 0.0348444 -0.981922
0.00647559 0.0348444 -0.981929
0.00461066 0.033912 -0.981913
0.00554312 0.033912 -0.981921
0.00647559 0.033912 -0.981928
0.00461066 0.0329795 -0.981912
0.00554312 0.0329795 -0.98192
0.00647559 0.0329795 -0.981927
0.00461066 0.0320471 -0.981911
0.00554312 0.0320471 -0.981919
0.00647559 0.0320471 -0.981926
0.00461066 0.0311146 -0.981911
0.00554312 0.0311146 -0.981918
0.00647559 0.0311146 -0.981925
0.00461066 0.0301821 -0.98191
0.00554312 0.0301821 -0.981917
0.00647559 0.0301821 -0.981924
0.00461066 0.0292497 -0.981909
0.00554312 0.0292497 -0.981916
0.00647559 0.0292497 -0.981924
0.00461066 0.0283172 -0.981908
0.00554312 0.0283172 -0.981915
0.00647559 0.0283172 -0.981923
0.00461066 0.0273847 -0.981907
0.00554312 0.0273847 -0.981914
0.00647559 0.0273847 -0.981922
0.00461066 0.0264523 -0.981906
0.00554312 0.0264523 -0.981913
0.00647559 0.0264523 -0.981921
0.00461066 0.0255198 -0.981905
0.00554312 0.0255198 -0.981912
0.00647559 0.0255198 -0.98192
0.00461066 0.0245873 -0.981904
0.00554312 0.0245873 -0.981912
0.00647559 0.0245873 -0.981919
0.00461066 0.0236549 -0.981903
0.00554312 0.0236549 -0.981911
0.00647559 0.0236549 -0.981918
0.00461066 0.0227224 -0.981902
0.00554312 0.0227224 -0.98191
0.00647559 0.0227224 -0.981917
0.00461066 0.0217899 -0.981901
0.00554312 0.0217899 -0.981909
0.00647559 0.0217899 -0.981916
0.00461066 0.0208575 -0.981901
0.00554312 0.0208575 -0.981908
0.00647559 0.0208575 -0.981915
0.00461066 0.019925 -0.9819
0.00554312 0.019925 -0.981907
0.00647559 0.019925 -0.981914
0.00461066 0.0189926 -0.981899
0.00554312 0.0189926 -0.981906
0.00647559 0.0189926 -0.981914
0.00461066 0.0180601 -0.981898
0.00554312 0.0180601 -0.981905
0.00647559 0.0180601 -0.981913
0.00461066 0.0171276 -0.981897
0.00554312 0.0171276 -0.981904
0.00647559 0.0171276 -0.981912
0.00461066 0.0161952 -0.981896
0.00554312 0.0161952 -0.981903
0.00647559 0.0161952 -0.981911
0.00461066 0.0152627 -0.981895
0.00554312 0.0152627 -0.981902
0.00647559 0.0152627 -0.98191
0.00461066 0.0143302 -0.981894
0.00554312 0.0143302 -0.981902
0.00647559 0.0143302 -0.981909
0.00461066 0.0133978 -0.981893
0.00554312 0.0133978 -0.981901
0.00647559 0.0133978 -0.981908
0.00461066 0.0124653 -0.981892
0.00554312 0.0124653 -0.9819
0.00647559 0.0124653 -0.981907
0.00461066 0.0115328 -0.981891
0.00554312 0.0115328 -0.981899
0.00647559 0.0115328 -0.981906
0.00461066 0.0106004 -0.98189
0.00554312 0.0106004 -0.981898
0.00647559 0.0106004 -0.981905
0.00461066 0.00966792 -0.98189
0.00554312 0.00966792 -0.981897
0.00647559 0.00966792 -0.981904
0.00461066 0.00873545 -0.981889
0.00554312 0.00873545 -0.981896
0.00647559 0.00873545 -0.981903
0.00461066 0.00780299 -0.981888
0.00554312 0.00780299 -0.981895
0.00647559 0.00780299 -0.981903
0.00461066 0.00687052 -0.981887
0.00554312 0.00687052 -0.981894
0.00647559 0.00687052 -0.981902
0.00461066 0.00593806 -0.981886
0.00554312 0.00593806 -0.981893
0.00647559 0.00593806 -0.981901
0.00461066 0.0050056 -0.981885
0.00554312 0.0050056 -0.981892
0.00647559 0.0050056 -0.9819
0.00461066 0.00407313 -0.981884
0.00554312 0.00407313 -0.981892
0.00647559 0.00407313 -0.981899
0.00461066 0.00314067 -0.981883
0.00554312 0.00314067 -0.981891
0.00647559 0.00314067 -0.981898
0.00461066 0.0022082 -0.981882
0.00554312 0.0022082 -0.98189
0.00647559 0.0022082 -0.981897
0.00461066 0.00127574 -0.981881
0.00554312 0.00127574 -0.981889
0.00647559 0.00127574 -0.981896
0.00461066 0.000343275 -0.98188
0.00554312 0.000343275 -0.981888
0.00647559 0.000343275 -0.981895
0.00461066 -0.000589189 -0.98188
0.00554312 -0.000589189 -0.981887
0.00647559 -0.000589189 -0.981894
0.00461066 -0.00152165 -0.981879
0.00554312 -0.00152165 -0.981886
0.00647559 -0.00152165 -0.981893
0.00461066 -0.00245412 -0.981878
0.00554312 -0.00245412 -0.981885
0.00647559 -0.00245412 -0.981893
0.00461066 -0.00338658 -0.981877
0.00554312 -0.00338658 -0.981884
0.00647559 -0.00338658 -0.981892
0.00461066 -0.00431904 -0.981876
0.00554312 -0.00431904 -0.981883
0.00647559 -0.00431904 -0.981891
0.00461066 -0.00525151 -0.981875
0.00554312 -0.00525151 -0.981882
0.00647559 -0.00525151 -0.98189
0.00461066 -0.00618397 -0.981874
0.00554312 -0.00618397 -0.981881
0.00647559 -0.00618397 -0.981889
0.00461066 -0.00711644 -0.981873
0.00554312 -0.00711644 -0.981881
0.00647559 -0.00711644 -0.981888
0.00461066 -0.0080489 -0.981872
0.00554312 -0.0080489 -0.98188
0.00647559 -0.0080489 -0.981887
0.00461066 -0.00898137 -0.981871
0.00554312 -0.00898137 -0.981879
0.00647559 -0.00898137 -0.981886
0.00461066 -0.00991383 -0.98187
0.00554312 -0.00991383 -0.981878
0.00647559 -0.00991383 -0.981885
0.00461066 -0.0108463 -0.98187
0.00554312 -0.0108463 -0.981877
0.00647559 -0.0108463 -0.981884
0.00461066 -0.0117788 -0.981869
0.00554312 -0.0117788 -0.981876
0.00647559 -0.0117788 -0.981883
0.00461066 -0.0127112 -0.981868
0.00554312 -0.0127112 -0.981875
0.00647559 -0.0127112 -0.981882
0.00461066 -0.0136437 -0.981867
0.00554312 -0.0136437 -0.981874
0.00647559 -0.0136437 -0.981882
