-0.00564896 0.0185668 -0.983018
-0.00568173 0.0185668 -0.983015
-0.00571449 0.0185668 -0.983012
-0.00564896 0.0185996 -0.98302
-0.00568173 0.0185996 -0.983017
-0.00571449 0.0185996 -0.983014
-0.00564896 0.0186324 -0.983022
-0.00568173 0.0186324 -0.983019
-0.00571449 0.0186324 -0.983016
-0.00564896 0.0186651 -0.983024
-0.00568173 0.0186651 -0.983021
-0.00571449 0.0186651 -0.983018
-0.00564896 0.0186979 -0.983026
-0.00568173 0.0186979 -0.983023
-0.00571449 0.0186979 -0.98302
-0.00564896 0.0187307 -0.983028
-0.00568173 0.0187307 -0.983025
-0.00571449 0.0187307 -0.983022
-0.00564896 0.0187634 -0.98303
-0.00568173 0.0187634 -0.983027
-0.00571449 0.0187634 -0.983024
-0.00564896 0.0187962 -0.983032
-0.00568173 0.0187962 -0.983029
-0.00571449 0.0187962 -0.983025
-0.00564896 0.018829 -0.983034
-0.00568173 0.018829 -0.983031
-0.00571449 0.018829 -0.983027
-0.00564896 0.0188617 -0.983036
-0.00568173 0.0188617 -0.983032
-0.00571449 0.0188617 -0.983029
-0.00564896 0.0188945 -0.983038
-0.00568173 0.0188945 -0.983034
-0.00571449 0.0188945 -0.983031
-0.00564896 0.0189272 -0.983039
-0.00568173 0.0189272 -0.983036
-0.00571449 0.0189272 -0.983033
-0.00564896 0.01896 -0.983041
-0.00568173 0.01896 -0.983038
-0.00571449 0.01896 -0.983035
-0.00564896 0.0189928 -0.983043
-0.00568173 0.0189928 -0.98304
-0.00571449 0.0189928 -0.983037
-0.00564896 0.0190255 -0.983045
-0.00568173 0.0190255 -0.983042
-0.00571449 0.0190255 -0.983039
-0.00564896 0.0190583 -0.983047
-0.00568173 0.0190583 -0.983044
-0.00571449 0.0190583 -0.983041
-0.00564896 0.0190911 -0.983049
-0.00568173 0.0190911 -0.983046
-0.00571449 0.0190911 -0.983043
-0.00564896 0.0191238 -0.983051
-0.00568173 0.0191238 -0.983048
-0.00571449 0.0191238 -0.983045
-0.00564896 0.0191566 -0.983053
-0.00568173 0.0191566 -0.98305
-0.00571449 0.0191566 -0.983047
-0.00564896 0.0191894 -0.983055
-0.00568173 0.0191894 -0.983052
-0.00571449 0.0191894 -0.983049
-0.00564896 0.0192221 -0.983057
-0.00568173 0.0192221 -0.983054
-0.00571449 0.0192221 -0.98305
-0.00564896 0.0192549 -0.983059
-0.00568173 0.0192549 -0.983056
-0.00571449 0.0192549 -0.983052
-0.00564896 0.0192877 -0.983061
-0.00568173 0.0192877 -0.983057
-0.00571449 0.0192877 -0.983054
-0.00564896 0.0193204 -0.983063
-0.00568173 0.0193204 -0.983059
-0.00571449 0.0193204 -0.983056
-0.00564896 0.0193532 -0.983064
-0.00568173 0.0193532 -0.983061
-0.00571449 0.0193532 -0.983058
-0.00564896 0.019386 -0.983066
-0.00568173 0.019386 -0.983063
-0.00571449 0.019386 -0.98306
-0.00564896 0.0194187 -0.983068
-0.00568173 0.0194187 -0.983065
-0.00571449 0.0194187 -0.983062
-0.00564896 0.0194515 -0.98307
-0.00568173 0.0194515 -0.983067
-0.00571449 0.0194515 -0.983064
-0.00564896 0.0194843 -0.983072
-0.00568173 0.0194843 -0.983069
-0.00571449 0.0194843 -0.983066
-0.00564896 0.019517 -0.983074
-0.00568173 0.019517 -0.983071
-0.00571449 0.019517 -0.983068
-0.00564896 0.0195498 -0.983076
-0.00568173 0.0195498 -0.983073
-0.00571449 0.0195498 -0.98307
-0.00564896 0.0195825 -0.983078
-0.00568173 0.0195825 -0.983075
-0.00571449 0.0195825 -0.983072
-0.00564896 0.0196153 -0.98308
-0.00568173 0.0196153 -0.983077
-0.00571449 0.0196153 -0.983074
-0.00564896 0.0196481 -0.983082
-0.00568173 0.0196481 -0.983079
-0.00571449 0.0196481 -0.983075
-0.00564896 0.0196808 -0.983084
-0.00568173 0.0196808 -0.983081
-0.00571449 0.0196808 -0.983077
-0.00564896 0.0197136 -0.983086
-0.00568173 0.0197136 -0.983082
-0.00571449 0.0197136 -0.983079
-0.00564896 0.0197464 -0.983088
-0.00568173 0.0197464 -0.983084
-0.00571449 0.0197464 -0.983081
-0.00564896 0.0197791 -0.98309
-0.00568173 0.0197791 -0.983086
-0.00571449 0.0197791 -0.983083
-0.00564896 0.0198119 -0.983091
-0.00568173 0.0198119 -0.983088
-0.00571449 0.0198119 -0.983085
-0.00564896 0.0198447 -0.983093
-0.00568173 0.0198447 -0.98309
-0.00571449 0.0198447 -0.983087
-0.00564896 0.0198774 -0.983095
-0.00568173 0.0198774 -0.983092
-0.00571449 0.0198774 -0.983089
-0.00564896 0.0199102 -0.983097
-0.00568173 0.0199102 -0.983094
-0.00571449 0.0199102 -0.983091
-0.00564896 0.019943 -0.983099
-0.00568173 0.019943 -0.983096
-0.00571449 0.019943 -0.983093
-0.00564896 0.0199757 -0.983101
-0.00568173 0.0199757 -0.983098
-0.00571449 0.0199757 -0.983095
-0.00564896 0.0200085 -0.983103
-0.00568173 0.0200085 -0.9831
-0.00571449 0.0200085 -0.983097
-0.00564896 0.0200413 -0.983105
-0.00568173 0.0200413 -0.983102
-0.00571449 0.0200413 -0.983099
-0.00564896 0.020074 -0.983107
-0.00568173 0.020074 -0.983104
-0.00571449 0.020074 -0.9831
-0.00564896 0.0201068 -0.983109
-0.00568173 0.0201068 -0.983106
-0.00571449 0.0201068 -0.983102
-0.00564896 0.0201396 -0.983111
-0.00568173 0.0201396 -0.983108
-0.00571449 0.0201396 -0.983104
-0.00564896 0.0201723 -0.983113
-0.00568173 0.0201723 -0.983109
-0.00571449 0.0201723 -0.983106
-0.00564896 0.0202051 -0.983115
-0.00568173 0.0202051 -0.983111
-0.00571449 0.0202051 -0.983108
-0.00564896 0.0202378 -0.983116
-0.00568173 0.0202378 -0.983113
-0.00571449 0.0202378 -0.98311
-0.00564896 0.0202706 -0.983118
-0.00568173 0.0202706 -0.983115
-0.00571449 0.0202706 -0.983112
-0.00564896 0.0203034 -0.98312
-0.00568173 0.0203034 -0.983117
-0.00571449 0.0203034 -0.983114
-0.00564896 0.0203361 -0.983122
-0.00568173 0.0203361 -0.983119
-0.00571449 0.0203361 -0.983116
-0.00564896 0.0203689 -0.983124
-0.00568173 0.0203689 -0.983121
-0.00571449 0.0203689 -0.983118
-0.00564896 0.0204017 -0.983126
-0.00568173 0.0204017 -0.983123
-0.00571449 0.0204017 -0.98312
-0.00564896 0.0204344 -0.983128
-0.00568173 0.0204344 -0.983125
-0.00571449 0.0204344 -0.983122
-0.00564896 0.0204672 -0.98313
-0.00568173 0.0204672 -0.983127
-0.00571449 0.0204672 -0.983124
-0.00564896 0.0205 -0.983132
-0.00568173 0.0205 -0.983129
-0.00571449 0.0205 -0.983126
-0.00564896 0.0205327 -0.983134
-0.00568173 0.0205327 -0.983131
-0.00571449 0.0205327 -0.983127
-0.00564896 0.0205655 -0.983136
-0.00568173 0.0205655 -0.983133
-0.00571449 0.0205655 -0.983129
-0.00564896 0.0205983 -0.983138
-0.00568173 0.0205983 -0.983134
-0.00571449 0.0205983 -0.983131
-0.00564896 0.020631 -0.98314
-0.00568173 0.020631 -0.983136
-0.00571449 0.020631 -0.983133
-0.00564896 0.0206638 -0.983141
-0.00568173 0.0206638 -0.983138
-0.00571449 0.0206638 -0.983135
-0.00564896 0.0206966 -0.983143
-0.00568173 0.0206966 -0.98314
-0.00571449 0.0206966 -0.983137
-0.00564896 0.0207293 -0.983145
-0.00568173 0.0207293 -0.983142
-0.00571449 0.0207293 -0.983139
-0.00564896 0.0207621 -0.983147
-0.00568173 0.0207621 -0.983144
-0.00571449 0.0207621 -0.983141
-0.00564896 0.0207949 -0.983149
-0.00568173 0.0207949 -0.983146
-0.00571449 0.0207949 -0.983143
-0.00564896 0.0208276 -0.983151
-0.00568173 0.0208276 -0.983148
-0.00571449 0.0208276 -0.983145
-0.00564896 0.0208604 -0.983153
-0.00568173 0.0208604 -0.98315
-0.00571449 0.0208604 -0.983147
-0.00564896 0.0208931 -0.983155
-0.00568173 0.0208931 -0.983152
-0.00571449 0.0208931 -0.983149
-0.00564896 0.0209259 -0.983157
-0.00568173 0.0209259 -0.983154
-0.00571449 0.0209259 -0.983151
-0.00564896 0.0209587 -0.983159
-0.00568173 0.0209587 -0.983156
-0.00571449 0.0209587 -0.983152
-0.00564896 0.0209914 -0.983161
-0.00568173 0.0209914 -0.983158
-0.00571449 0.0209914 -0.983154
-0.00564896 0.0210242 -0.983163
-0.00568173 0.0210242 -0.983159
-0.00571449 0.0210242 -0.983156
-0.00564896 0.021057 -0.983165
-0.00568173 0.021057 -0.983161
-0.00571449 0.021057 -0.983158
-0.00564896 0.0210897 -0.983166
-0.00568173 0.0210897 -0.983163
-0.00571449 0.0210897 -0.98316
-0.00564896 0.0211225 -0.983168
-0.00568173 0.0211225 -0.983165
-0.00571449 0.0211225 -0.983162
-0.00564896 0.0211553 -0.98317
-0.00568173 0.0211553 -0.983167
-0.00571449 0.0211553 -0.983164
-0.00564896 0.021188 -0.983172
-0.00568173 0.021188 -0.983169
-0.00571449 0.021188 -0.983166
-0.00564896 0.0212208 -0.983174
-0.00568173 0.0212208 -0.983171
-0.00571449 0.0212208 -0.983168
-0.00564896 0.0212536 -0.983176
-0.00568173 0.0212536 -0.983173
-0.00571449 0.0212536 -0.98317
-0.00564896 0.0212863 -0.983178
-0.00568173 0.0212863 -0.983175
-0.00571449 0.0212863 -0.983172
-0.00564896 0.0213191 -0.98318
-0.00568173 0.0213191 -0.983177
-0.00571449 0.0213191 -0.983174
-0.00564896 0.0213519 -0.983182
-0.00568173 0.0213519 -0.983179
-0.00571449 0.0213519 -0.983176
-0.00564896 0.0213846 -0.983184
-0.00568173 0.0213846 -0.983181
-0.00571449 0.0213846 -0.983177
-0.00564896 0.0214174 -0.983186
-0.00568173 0.0214174 -0.983183
-0.00571449 0.0214174 -0.983179
-0.00564896 0.0214502 -0.983188
-0.00568173 0.0214502 -0.983184
-0.00571449 0.0214502 -0.983181
-0.00564896 0.0214829 -0.98319
-0.00568173 0.0214829 -0.983186
-0.00571449 0.0214829 -0.983183
-0.00564896 0.0215157 -0.983191
-0.00568173 0.0215157 -0.983188
-0.00571449 0.0215157 -0.983185
-0.00564896 0.0215484 -0.983193
-0.00568173 0.0215484 -0.98319
-0.00571449 0.0215484 -0.983187
-0.00564896 0.0215812 -0.983195
-0.00568173 0.0215812 -0.983192
-0.00571449 0.0215812 -0.983189
-0.00564896 0.021614 -0.983197
-0.00568173 0.021614 -0.983194
-0.00571449 0.021614 -0.983191
-0.00564896 0.0216467 -0.983199
-0.00568173 0.0216467 -0.983196
-0.00571449 0.0216467 -0.983193
-0.00564896 0.0216795 -0.983201
-0.00568173 0.0216795 -0.983198
-0.00571449 0.0216795 -0.983195
-0.00564896 0.0217123 -0.983203
-0.00568173 0.0217123 -0.9832
-0.00571449 0.0217123 -0.983197
-0.00564896 0.021745 -0.983205
-0.00568173 0.021745 -0.983202
-0.00571449 0.021745 -0.983199
-0.00564896 0.0217778 -0.983207
-0.00568173 0.0217778 -0.983204
-0.00571449 0.0217778 -0.983201
-0.00564896 0.0218106 -0.983209
-0.00568173 0.0218106 -0.983206
-0.00571449 0.0218106 -0.983202
-0.00564896 0.0218433 -0.983211
-0.00568173 0.0218433 -0.983208
-0.00571449 0.0218433 -0.983204
-0.00564896 0.0218761 -0.983213
-0.00568173 0.0218761 -0.983209
-0.00571449 0.0218761 -0.983206
-0.00564896 0.0219089 -0.983215
-0.00568173 0.0219089 -0.983211
-0.00571449 0.0219089 -0.983208
-0.00564896 0.0219416 -0.983217
-0.00568173 0.0219416 -0.983213
-0.00571449 0.0219416 -0.98321
-0.00564896 0.0219744 -0.983218
-0.00568173 0.0219744 -0.983215
-0.00571449 0.0219744 -0.983212
-0.00564896 0.0220072 -0.98322
-0.00568173 0.0220072 -0.983217
-0.00571449 0.0220072 -0.983214
-0.00564896 0.0220399 -0.983222
-0.00568173 0.0220399 -0.983219
-0.00571449 0.0220399 -0.983216
-0.00564896 0.0220727 -0.983224
-0.00568173 0.0220727 -0.983221
-0.00571449 0.0220727 -0.983218
-0.00564896 0.0221055 -0.983226
-0.00568173 0.0221055 -0.983223
-0.00571449 0.0221055 -0.98322
-0.00564896 0.0221382 -0.983228
-0.00568173 0.0221382 -0.983225
-0.00571449 0.0221382 -0.983222
-0.00564896 0.022171 -0.98323
-0.00568173 0.022171 -0.983227
-0.00571449 0.022171 -0.983224
