-0.00418118 0.0984165 -0.992532
-0.00276309 0.0984165 -0.992537
-0.00134499 0.0984165 -0.992541
-0.00418118 0.0969984 -0.992531
-0.00276309 0.0969984 -0.992536
-0.00134499 0.0969984 -0.99254
-0.00418118 0.0955803 -0.99253
-0.00276309 0.0955803 -0.992534
-0.00134499 0.0955803 -0.992539
-0.00418118 0.0941622 -0.992529
-0.00276309 0.0941622 -0.992533
-0.00134499 0.0941622 -0.992537
-0.00418118 0.0927441 -0.992527
-0.00276309 0.0927441 -0.992532
-0.00134499 0.0927441 -0.992536
-0.00418118 0.091326 -0.992526
-0.00276309 0.091326 -0.99253
-0.00134499 0.091326 -0.992535
-0.00418118 0.089908 -0.992525
-0.00276309 0.089908 -0.992529
-0.00134499 0.089908 -0.992534
-0.00418118 0.0884899 -0.992523
-0.00276309 0.0884899 -0.992528
-0.00134499 0.0884899 -0.992532
-0.00418118 0.0870718 -0.992522
-0.00276309 0.0870718 -0.992527
-0.00134499 0.0870718 -0.992531
-0.00418118 0.0856537 -0.992521
-0.00276309 0.0856537 -0.992525
-0.00134499 0.0856537 -0.99253
-0.00418118 0.0842356 -0.99252
-0.00276309 0.0842356 -0.992524
-0.00134499 0.0842356 -0.992528
-0.00418118 0.0828175 -0.992518
-0.00276309 0.0828175 -0.992523
-0.00134499 0.0828175 -0.992527
-0.00418118 0.0813994 -0.992517
-0.00276309 0.0813994 -0.992521
-0.00134499 0.0813994 -0.992526
-0.00418118 0.0799813 -0.992516
-0.00276309 0.0799813 -0.99252
-0.00134499 0.0799813 -0.992525
-0.00418118 0.0785632 -0.992514
-0.00276309 0.0785632 -0.992519
-0.00134499 0.0785632 -0.992523
-0.00418118 0.0771451 -0.992513
-0.00276309 0.0771451 -0.992518
-0.00134499 0.0771451 -0.992522
-0.00418118 0.075727 -0.992512
-0.00276309 0.075727 -0.992516
-0.00134499 0.075727 -0.992521
-0.00418118 0.074309 -0.992511
-0.00276309 0.074309 -0.992515
-0.00134499 0.074309 -0.99252
-0.00418118 0.0728909 -0.992509
-0.00276309 0.0728909 -0.992514
-0.00134499 0.0728909 -0.992518
-0.00418118 0.0714728 -0.992508
-0.00276309 0.0714728 -0.992513
-0.00134499 0.0714728 -0.992517
-0.00418118 0.0700547 -0.992507
-0.00276309 0.0700547 -0.992511
-0.00134499 0.0700547 -0.992516
-0.00418118 0.0686366 -0.992506
-0.00276309 0.0686366 -0.99251
-0.00134499 0.0686366 -0.992514
-0.00418118 0.0672185 -0.992504
-0.00276309 0.0672185 -0.992509
-0.00134499 0.0672185 -0.992513
-0.00418118 0.0658004 -0.992503
-0.00276309 0.0658004 -0.992507
-0.00134499 0.0658004 -0.992512
-0.00418118 0.0643823 -0.992502
-0.00276309 0.0643823 -0.992506
-0.00134499 0.0643823 -0.992511
-0.00418118 0.0629642 -0.9925
-0.00276309 0.0629642 -0.992505
-0.00134499 0.0629642 -0.992509
-0.00418118 0.0615461 -0.992499
-0.00276309 0.0615461 -0.992504
-0.00134499 0.0615461 -0.992508
-0.00418118 0.060128 -0.992498
-0.00276309 0.060128 -0.992502
-0.00134499 0.060128 -0.992507
-0.00418118 0.05871 -0.992497
-0.00276309 0.05871 -0.992501
-0.00134499 0.05871 -0.992506
-0.00418118 0.0572919 -0.992495
-0.00276309 0.0572919 -0.9925
-0.00134499 0.0572919 -0.992504
-0.00418118 0.0558738 -0.992494
-0.00276309 0.0558738 -0.992499
-0.00134499 0.0558738 -0.992503
-0.00418118 0.0544557 -0.992493
-0.00276309 0.0544557 -0.992497
-0.00134499 0.0544557 -0.992502
-0.00418118 0.0530376 -0.992492
-0.00276309 0.0530376 -0.992496
-0.00134499 0.0530376 -0.9925
-0.00418118 0.0516195 -0.99249
-0.00276309 0.0516195 -0.992495
-0.00134499 0.0516195 -0.992499
-0.00418118 0.0502014 -0.992489
-0.00276309 0.0502014 -0.992493
-0.00134499 0.0502014 -0.992498
-0.00418118 0.0487833 -0.992488
-0.00276309 0.0487833 -0.992492
-0.00134499 0.0487833 -0.992497
-0.00418118 0.0473652 -0.992486
-0.00276309 0.0473652 -0.992491
-0.00134499 0.0473652 -0.992495
-0.00418118 0.0459471 -0.992485
-0.00276309 0.0459471 -0.99249
-0.00134499 0.0459471 -0.992494
-0.00418118 0.044529 -0.992484
-0.00276309 0.044529 -0.992488
-0.00134499 0.044529 -0.992493
-0.00418118 0.043111 -0.992483
-0.00276309 0.043111 -0.992487
-0.00134499 0.043111 -0.992491
-0.00418118 0.0416929 -0.992481
-0.00276309 0.0416929 -0.992486
-0.00134499 0.0416929 -0.99249
-0.00418118 0.0402748 -0.99248
-0.00276309 0.0402748 -0.992485
-0.00134499 0.0402748 -0.992489
-0.00418118 0.0388567 -0.992479
-0.00276309 0.0388567 -0.992483
-0.00134499 0.0388567 -0.992488
-0.00418118 0.0374386 -0.992478
-0.00276309 0.0374386 -0.992482
-0.00134499 0.0374386 -0.992486
-0.00418118 0.0360205 -0.992476
-0.00276309 0.0360205 -0.992481
-0.00134499 0.0360205 -0.992485
-0.00418118 0.0346024 -0.992475
-0.00276309 0.0346024 -0.992479
-0.00134499 0.0346024 -0.992484
-0.00418118 0.0331843 -0.992474
-0.00276309 0.0331843 -0.992478
-0.00134499 0.0331843 -0.992483
-0.00418118 0.0317662 -0.992472
-0.00276309 0.0317662 -0.992477
-0.00134499 0.0317662 -0.992481
-0.00418118 0.0303481 -0.992471
-0.00276309 0.0303481 -0.992476
-0.00134499 0.0303481 -0.99248
-0.00418118 0.02893 -0.99247
-0.00276309 0.02893 -0.992474
-0.00134499 0.02893 -0.992479
-0.00418118 0.027512 -0.992469
-0.00276309 0.027512 -0.992473
-0.00134499 0.027512 -0.992477
-0.00418118 0.0260939 -0.992467
-0.00276309 0.0260939 -0.992472
-0.00134499 0.0260939 -0.992476
-0.00418118 0.0246758 -0.992466
-0.00276309 0.0246758 -0.992471
-0.00134499 0.0246758 -0.992475
-0.00418118 0.0232577 -0.992465
-0.00276309 0.0232577 -0.992469
-0.00134499 0.0232577 -0.992474
-0.00418118 0.0218396 -0.992464
-0.00276309 0.0218396 -0.992468
-0.00134499 0.0218396 -0.992472
-0.00418118 0.0204215 -0.992462
-0.00276309 0.0204215 -0.992467
-0.00134499 0.0204215 -0.992471
-0.00418118 0.0190034 -0.992461
-0.00276309 0.0190034 -0.992465
-0.00134499 0.0190034 -0.99247
-0.00418118 0.0175853 -0.99246
-0.00276309 0.0175853 -0.992464
-0.00134499 0.0175853 -0.992469
-0.00418118 0.0161672 -0.992458
-0.00276309 0.0161672 -0.992463
-0.00134499 0.0161672 -0.992467
-0.00418118 0.0147491 -0.992457
-0.00276309 0.0147491 -0.992462
-0.00134499 0.0147491 -0.992466
-0.00418118 0.013331 -0.992456
-0.00276309 0.013331 -0.99246
-0.00134499 0.013331 -0.992465
-0.00418118 0.011913 -0.992455
-0.00276309 0.011913 -0.992459
-0.00134499 0.011913 -0.992463
-0.00418118 0.0104949 -0.992453
-0.00276309 0.0104949 -0.992458
-0.00134499 0.0104949 -0.992462
-0.00418118 0.00907678 -0.992452
-0.00276309 0.00907678 -0.992456
-0.00134499 0.00907678 -0.992461
-0.00418118 0.00765869 -0.992451
-0.00276309 0.00765869 -0.992455
-0.00134499 0.00765869 -0.99246
-0.00418118 0.00624059 -0.99245
-0.00276309 0.00624059 -0.992454
-0.00134499 0.00624059 -0.992458
-0.00418118 0.0048225 -0.992448
-0.00276309 0.0048225 -0.992453
-0.00134499 0.0048225 -0.992457
-0.00418118 0.00340441 -0.992447
-0.00276309 0.00340441 -0.992451
-0.00134499 0.00340441 -0.992456
-0.00418118 0.00198632 -0.992446
-0.00276309 0.00198632 -0.99245
-0.00134499 0.00198632 -0.992455
-0.00418118 0.000568231 -0.992444
-0.00276309 0.000568231 -0.992449
-0.00134499 0.000568231 -0.992453
-0.00418118 -0.00084986 -0.992443
-0.00276309 -0.00084986 -0.992448
-0.00134499 -0.00084986 -0.992452
-0.00418118 -0.00226795 -0.992442
-0.00276309 -0.00226795 -0.992446
-0.00134499 -0.00226795 -0.992451
-0.00418118 -0.00368604 -0.992441
-0.00276309 -0.00368604 -0.992445
-0.00134499 -0.00368604 -0.992449
-0.00418118 -0.00510413 -0.992439
-0.00276309 -0.00510413 -0.992444
-0.00134499 -0.00510413 -0.992448
-0.00418118 -0.00652222 -0.992438
-0.00276309 -0.00652222 -0.992442
-0.00134499 -0.00652222 -0.992447
-0.00418118 -0.00794031 -0.992437
-0.00276309 -0.00794031 -0.992441
-0.00134499 -0.00794031 -0.992446
-0.00418118 -0.00935841 -0.992436
-0.00276309 -0.00935841 -0.99244
-0.00134499 -0.00935841 -0.992444
-0.00418118 -0.0107765 -0.992434
-0.00276309 -0.0107765 -0.992439
-0.00134499 -0.0107765 -0.992443
-0.00418118 -0.0121946 -0.992433
-0.00276309 -0.0121946 -0.992437
-0.00134499 -0.0121946 -0.992442
-0.00418118 -0.0136127 -0.992432
-0.00276309 -0.0136127 -0.992436
-0.00134499 -0.0136127 -0.992441
-0.00418118 -0.0150308 -0.99243
-0.00276309 -0.0150308 -0.992435
-0.00134499 -0.0150308 -0.992439
-0.00418118 -0.0164489 -0.992429
-0.00276309 -0.0164489 -0.992434
-0.00134499 -0.0164489 -0.992438
-0.00418118 -0.017867 -0.992428
-0.00276309 -0.017867 -0.992432
-0.00134499 -0.017867 -0.992437
-0.00418118 -0.019285 -0.992427
-0.00276309 -0.019285 -0.992431
-0.00134499 -0.019285 -0.992435
-0.00418118 -0.0207031 -0.992425
-0.00276309 -0.0207031 -0.99243
-0.00134499 -0.0207031 -0.992434
-0.00418118 -0.0221212 -0.992424
-0.00276309 -0.0221212 -0.992428
-0.00134499 -0.0221212 -0.992433
-0.00418118 -0.0235393 -0.992423
-0.00276309 -0.0235393 -0.992427
-0.00134499 -0.0235393 -0.992432
-0.00418118 -0.0249574 -0.992422
-0.00276309 -0.0249574 -0.992426
-0.00134499 -0.0249574 -0.99243
-0.00418118 -0.0263755 -0.99242
-0.00276309 -0.0263755 -0.992425
-0.00134499 -0.0263755 -0.992429
-0.00418118 -0.0277936 -0.992419
-0.00276309 -0.0277936 -0.992423
-0.00134499 -0.0277936 -0.992428
-0.00418118 -0.0292117 -0.992418
-0.00276309 -0.0292117 -0.992422
-0.00134499 -0.0292117 -0.992427
-0.00418118 -0.0306298 -0.992416
-0.00276309 -0.0306298 -0.992421
-0.00134499 -0.0306298 -0.992425
-0.00418118 -0.0320479 -0.992415
-0.00276309 -0.0320479 -0.99242
-0.00134499 -0.0320479 -0.992424
-0.00418118 -0.0334659 -0.992414
-0.00276309 -0.0334659 -0.992418
-0.00134499 -0.0334659 -0.992423
-0.00418118 -0.034884 -0.992413
-0.00276309 -0.034884 -0.992417
-0.00134499 -0.034884 -0.992421
-0.00418118 -0.0363021 -0.992411
-0.00276309 -0.0363021 -0.992416
-0.00134499 -0.0363021 -0.99242
-0.00418118 -0.0377202 -0.99241
-0.00276309 -0.0377202 -0.992414
-0.00134499 -0.0377202 -0.992419
-0.00418118 -0.0391383 -0.992409
-0.00276309 -0.0391383 -0.992413
-0.00134499 -0.0391383 -0.992418
-0.00418118 -0.0405564 -0.992407
-0.00276309 -0.0405564 -0.992412
-0.00134499 -0.0405564 -0.992416
-0.00418118 -0.0419745 -0.992406
-0.00276309 -0.0419745 -0.992411
-0.00134499 -0.0419745 -0.992415
-0.00418118 -0.0433926 -0.992405
-0.00276309 -0.0433926 -0.992409
-0.00134499 -0.0433926 -0.992414
-0.00418118 -0.0448107 -0.992404
-0.00276309 -0.0448107 -0.992408
-0.00134499 -0.0448107 -0.992413
-0.00418118 -0.0462288 -0.992402
-0.00276309 -0.0462288 -0.992407
-0.00134499 -0.0462288 -0.992411
-0.00418118 -0.0476469 -0.992401
-0.00276309 -0.0476469 -0.992406
-0.00134499 -0.0476469 -0.99241
-0.00418118 -0.0490649 -0.9924
-0.00276309 -0.0490649 -0.992404
-0.00134499 -0.0490649 -0.992409
-0.00418118 -0.050483 -0.992399
-0.00276309 -0.050483 -0.992403
-0.00134499 -0.050483 -0.992407
-0.00418118 -0.0519011 -0.992397
-0.00276309 -0.0519011 -0.992402
-0.00134499 -0.0519011 -0.992406
-0.00418118 -0.0533192 -0.992396
-0.00276309 -0.0533192 -0.9924
-0.00134499 -0.0533192 -0.992405
-0.00418118 -0.0547373 -0.992395
-0.00276309 -0.0547373 -0.992399
-0.00134499 -0.0547373 -0.992404
-0.00418118 -0.0561554 -0.992393
-0.00276309 -0.0561554 -0.992398
-0.00134499 -0.0561554 -0.992402
-0.00418118 -0.0575735 -0.992392
-0.00276309 -0.0575735 -0.992397
-0.00134499 -0.0575735 -0.992401
