0.000482467 0.0485622 -0.969024
0.000793182 0.0485622 -0.969022
0.0011039 0.0485622 -0.969019
0.000482467 0.0482515 -0.969025
0.000793182 0.0482515 -0.969022
0.0011039 0.0482515 -0.969019
0.000482467 0.0479408 -0.969025
0.000793182 0.0479408 -0.969022
0.0011039 0.0479408 -0.969019
0.000482467 0.0476301 -0.969025
0.000793182 0.0476301 -0.969022
0.0011039 0.0476301 -0.969019
0.000482467 0.0473194 -0.969025
0.000793182 0.0473194 -0.969022
0.0011039 0.0473194 -0.969019
0.000482467 0.0470087 -0.969025
0.000793182 0.0470087 -0.969022
0.0011039 0.0470087 -0.969019
0.000482467 0.0466979 -0.969025
0.000793182 0.0466979 -0.969022
0.0011039 0.0466979 -0.969019
0.000482467 0.0463872 -0.969025
0.000793182 0.0463872 -0.969022
0.0011039 0.0463872 -0.969019
0.000482467 0.0460765 -0.969025
0.000793182 0.0460765 -0.969022
0.0011039 0.0460765 -0.969019
0.000482467 0.0457658 -0.969025
0.000793182 0.0457658 -0.969022
0.0011039 0.0457658 -0.969019
0.000482467 0.0454551 -0.969025
0.000793182 0.0454551 -0.969022
0.0011039 0.0454551 -0.969019
0.000482467 0.0451444 -0.969025
0.000793182 0.0451444 -0.969022
0.0011039 0.0451444 -0.969019
0.000482467 0.0448337 -0.969025
0.000793182 0.0448337 -0.969022
0.0011039 0.0448337 -0.969019
0.000482467 0.0445229 -0.969025
0.000793182 0.0445229 -0.969022
0.0011039 0.0445229 -0.969019
0.000482467 0.0442122 -0.969025
0.000793182 0.0442122 -0.969022
0.0011039 0.0442122 -0.969019
0.000482467 0.0439015 -0.969025
0.000793182 0.0439015 -0.969022
0.0011039 0.0439015 -0.969019
0.000482467 0.0435908 -0.969025
0.000793182 0.0435908 -0.969022
0.0011039 0.0435908 -0.969019
0.000482467 0.0432801 -0.969025
0.000793182 0.0432801 -0.969022
0.0011039 0.0432801 -0.969019
0.000482467 0.0429694 -0.969025
0.000793182 0.0429694 -0.969022
0.0011039 0.0429694 -0.969019
0.000482467 0.0426586 -0.969025
0.000793182 0.0426586 -0.969022
0.0011039 0.0426586 -0.969019
0.000482467 0.0423479 -0.969025
0.000793182 0.0423479 -0.969022
0.0011039 0.0423479 -0.969019
0.000482467 0.0420372 -0.969025
0.000793182 0.0420372 -0.969022
0.0011039 0.0420372 -0.969019
0.000482467 0.0417265 -0.969025
0.000793182 0.0417265 -0.969022
0.0011039 0.0417265 -0.969019
0.000482467 0.0414158 -0.969025
0.000793182 0.0414158 -0.969022
0.0011039 0.0414158 -0.969019
0.000482467 0.0411051 -0.969025
0.000793182 0.0411051 -0.969022
0.0011039 0.0411051 -0.969019
0.000482467 0.0407944 -0.969025
0.000793182 0.0407944 -0.969022
0.0011039 0.0407944 -0.969019
0.000482467 0.0404836 -0.969025
0.000793182 0.0404836 -0.969022
0.0011039 0.0404836 -0.969019
0.000482467 0.0401729 -0.969025
0.000793182 0.0401729 -0.969022
0.0011039 0.0401729 -0.969019
0.000482467 0.0398622 -0.969025
0.000793182 0.0398622 -0.969022
0.0011039 0.0398622 -0.969019
0.000482467 0.0395515 -0.969025
0.000793182 0.0395515 -0.969022
0.0011039 0.0395515 -0.969019
0.000482467 0.0392408 -0.969025
0.000793182 0.0392408 -0.969022
0.0011039 0.0392408 -0.969019
0.000482467 0.0389301 -0.969025
0.000793182 0.0389301 -0.969022
0.0011039 0.0389301 -0.969019
0.000482467 0.0386193 -0.969025
0.000793182 0.0386193 -0.969022
0.0011039 0.0386193 -0.969019
0.000482467 0.0383086 -0.969025
0.000793182 0.0383086 -0.969022
0.0011039 0.0383086 -0.969019
0.000482467 0.0379979 -0.969025
0.000793182 0.0379979 -0.969022
0.0011039 0.0379979 -0.969019
0.000482467 0.0376872 -0.969025
0.000793182 0.0376872 -0.969022
0.0011039 0.0376872 -0.969019
0.000482467 0.0373765 -0.969025
0.000793182 0.0373765 -0.969022
0.0011039 0.0373765 -0.969019
0.000482467 0.0370658 -0.969025
0.000793182 0.0370658 -0.969022
0.0011039 0.0370658 -0.969019
0.000482467 0.0367551 -0.969025
0.000793182 0.0367551 -0.969022
0.0011039 0.0367551 -0.969019
0.000482467 0.0364443 -0.969025
0.000793182 0.0364443 -0.969022
0.0011039 0.0364443 -0.969019
0.000482467 0.0361336 -0.969025
0.000793182 0.0361336 -0.969022
0.0011039 0.0361336 -0.96902
0.000482467 0.0358229 -0.969025
0.000793182 0.0358229 -0.969022
0.0011039 0.0358229 -0.96902
0.000482467 0.0355122 -0.969025
0.000793182 0.0355122 -0.969022
0.0011039 0.0355122 -0.96902
0.000482467 0.0352015 -0.969025
0.000793182 0.0352015 -0.969022
0.0011039 0.0352015 -0.96902
0.000482467 0.0348908 -0.969025
0.000793182 0.0348908 -0.969023
0.0011039 0.0348908 -0.96902
0.000482467 0.03458 -0.969025
0.000793182 0.03458 -0.969023
0.0011039 0.03458 -0.96902
0.000482467 0.0342693 -0.969025
0.000793182 0.0342693 -0.969023
0.0011039 0.0342693 -0.96902
0.000482467 0.0339586 -0.969025
0.000793182 0.0339586 -0.969023
0.0011039 0.0339586 -0.96902
0.000482467 0.0336479 -0.969025
0.000793182 0.0336479 -0.969023
0.0011039 0.0336479 -0.96902
0.000482467 0.0333372 -0.969025
0.000793182 0.0333372 -0.969023
0.0011039 0.0333372 -0.96902
0.000482467 0.0330265 -0.969026
0.000793182 0.0330265 -0.969023
0.0011039 0.0330265 -0.96902
0.000482467 0.0327158 -0.969026
0.000793182 0.0327158 -0.969023
0.0011039 0.0327158 -0.96902
0.000482467 0.032405 -0.969026
0.000793182 0.032405 -0.969023
0.0011039 0.032405 -0.96902
0.000482467 0.0320943 -0.969026
0.000793182 0.0320943 -0.969023
0.0011039 0.0320943 -0.96902
0.000482467 0.0317836 -0.969026
0.000793182 0.0317836 -0.969023
0.0011039 0.0317836 -0.96902
0.000482467 0.0314729 -0.969026
0.000793182 0.0314729 -0.969023
0.0011039 0.0314729 -0.96902
0.000482467 0.0311622 -0.969026
0.000793182 0.0311622 -0.969023
0.0011039 0.0311622 -0.96902
0.000482467 0.0308515 -0.969026
0.000793182 0.0308515 -0.969023
0.0011039 0.0308515 -0.96902
0.000482467 0.0305408 -0.969026
0.000793182 0.0305408 -0.969023
0.0011039 0.0305408 -0.96902
0.000482467 0.03023 -0.969026
0.000793182 0.03023 -0.969023
0.0011039 0.03023 -0.96902
0.000482467 0.0299193 -0.969026
0.000793182 0.0299193 -0.969023
0.0011039 0.0299193 -0.96902
0.000482467 0.0296086 -0.969026
0.000793182 0.0296086 -0.969023
0.0011039 0.0296086 -0.96902
0.000482467 0.0292979 -0.969026
0.000793182 0.0292979 -0.969023
0.0011039 0.0292979 -0.96902
0.000482467 0.0289872 -0.969026
0.000793182 0.0289872 -0.969023
0.0011039 0.0289872 -0.96902
0.000482467 0.0286765 -0.969026
0.000793182 0.0286765 -0.969023
0.0011039 0.0286765 -0.96902
0.000482467 0.0283657 -0.969026
0.000793182 0.0283657 -0.969023
0.0011039 0.0283657 -0.96902
0.000482467 0.028055 -0.969026
0.000793182 0.028055 -0.969023
0.0011039 0.028055 -0.96902
0.000482467 0.0277443 -0.969026
0.000793182 0.0277443 -0.969023
0.0011039 0.0277443 -0.96902
0.000482467 0.0274336 -0.969026
0.000793182 0.0274336 -0.969023
0.0011039 0.0274336 -0.96902
0.000482467 0.0271229 -0.969026
0.000793182 0.0271229 -0.969023
0.0011039 0.0271229 -0.96902
0.000482467 0.0268122 -0.969026
0.000793182 0.0268122 -0.969023
0.0011039 0.0268122 -0.96902
0.000482467 0.0265015 -0.969026
0.000793182 0.0265015 -0.969023
0.0011039 0.0265015 -0.96902
0.000482467 0.0261907 -0.969026
0.000793182 0.0261907 -0.969023
0.0011039 0.0261907 -0.96902
0.000482467 0.02588 -0.969026
0.000793182 0.02588 -0.969023
0.0011039 0.02588 -0.96902
0.000482467 0.0255693 -0.969026
0.000793182 0.0255693 -0.969023
0.0011039 0.0255693 -0.96902
0.000482467 0.0252586 -0.969026
0.000793182 0.0252586 -0.969023
0.0011039 0.0252586 -0.96902
0.000482467 0.0249479 -0.969026
0.000793182 0.0249479 -0.969023
0.0011039 0.0249479 -0.96902
0.000482467 0.0246372 -0.969026
0.000793182 0.0246372 -0.969023
0.0011039 0.0246372 -0.96902
0.000482467 0.0243264 -0.969026
0.000793182 0.0243264 -0.969023
0.0011039 0.0243264 -0.96902
0.000482467 0.0240157 -0.969026
0.000793182 0.0240157 -0.969023
0.0011039 0.0240157 -0.96902
0.000482467 0.023705 -0.969026
0.000793182 0.023705 -0.969023
0.0011039 0.023705 -0.96902
0.000482467 0.0233943 -0.969026
0.000793182 0.0233943 -0.969023
0.0011039 0.0233943 -0.96902
0.000482467 0.0230836 -0.969026
0.000793182 0.0230836 -0.969023
0.0011039 0.0230836 -0.96902
0.000482467 0.0227729 -0.969026
0.000793182 0.0227729 -0.969023
0.0011039 0.0227729 -0.96902
0.000482467 0.0224622 -0.969026
0.000793182 0.0224622 -0.969023
0.0011039 0.0224622 -0.96902
0.000482467 0.0221514 -0.969026
0.000793182 0.0221514 -0.969023
0.0011039 0.0221514 -0.96902
0.000482467 0.0218407 -0.969026
0.000793182 0.0218407 -0.969023
0.0011039 0.0218407 -0.96902
0.000482467 0.02153 -0.969026
0.000793182 0.02153 -0.969023
0.0011039 0.02153 -0.96902
0.000482467 0.0212193 -0.969026
0.000793182 0.0212193 -0.969023
0.0011039 0.0212193 -0.96902
0.000482467 0.0209086 -0.969026
0.000793182 0.0209086 -0.969023
0.0011039 0.0209086 -0.969021
0.000482467 0.0205979 -0.969026
0.000793182 0.0205979 -0.969023
0.0011039 0.0205979 -0.969021
0.000482467 0.0202871 -0.969026
0.000793182 0.0202871 -0.969023
0.0011039 0.0202871 -0.969021
0.000482467 0.0199764 -0.969026
0.000793182 0.0199764 -0.969023
0.0011039 0.0199764 -0.969021
0.000482467 0.0196657 -0.969026
0.000793182 0.0196657 -0.969024
0.0011039 0.0196657 -0.969021
0.000482467 0.019355 -0.969026
0.000793182 0.019355 -0.969024
0.0011039 0.019355 -0.969021
0.000482467 0.0190443 -0.969026
0.000793182 0.0190443 -0.969024
0.0011039 0.0190443 -0.969021
0.000482467 0.0187336 -0.969027
0.000793182 0.0187336 -0.969024
0.0011039 0.0187336 -0.969021
0.000482467 0.0184229 -0.969027
0.000793182 0.0184229 -0.969024
0.0011039 0.0184229 -0.969021
0.000482467 0.0181121 -0.969027
0.000793182 0.0181121 -0.969024
0.0011039 0.0181121 -0.969021
0.000482467 0.0178014 -0.969027
0.000793182 0.0178014 -0.969024
0.0011039 0.0178014 -0.969021
0.000482467 0.0174907 -0.969027
0.000793182 0.0174907 -0.969024
0.0011039 0.0174907 -0.969021
0.000482467 0.01718 -0.969027
0.000793182 0.01718 -0.969024
0.0011039 0.01718 -0.969021
0.000482467 0.0168693 -0.969027
0.000793182 0.0168693 -0.969024
0.0011039 0.0168693 -0.969021
0.000482467 0.0165586 -0.969027
0.000793182 0.0165586 -0.969024
0.0011039 0.0165586 -0.969021
0.000482467 0.0162478 -0.969027
0.000793182 0.0162478 -0.969024
0.0011039 0.0162478 -0.969021
0.000482467 0.0159371 -0.969027
0.000793182 0.0159371 -0.969024
0.0011039 0.0159371 -0.969021
0.000482467 0.0156264 -0.969027
0.000793182 0.0156264 -0.969024
0.0011039 0.0156264 -0.969021
0.000482467 0.0153157 -0.969027
0.000793182 0.0153157 -0.969024
0.0011039 0.0153157 -0.969021
0.000482467 0.015005 -0.969027
0.000793182 0.015005 -0.969024
0.0011039 0.015005 -0.969021
0.000482467 0.0146943 -0.969027
0.000793182 0.0146943 -0.969024
0.0011039 0.0146943 -0.969021
0.000482467 0.0143836 -0.969027
0.000793182 0.0143836 -0.969024
0.0011039 0.0143836 -0.969021
