-0.0165416 -0.0364914 -0.993223
-0.0166439 -0.0364914 -0.99321
-0.0167463 -0.0364914 -0.993198
-0.0165416 -0.0363891 -0.99322
-0.0166439 -0.0363891 -0.993207
-0.0167463 -0.0363891 -0.993194
-0.0165416 -0.0362868 -0.993217
-0.0166439 -0.0362868 -0.993204
-0.0167463 -0.0362868 -0.993191
-0.0165416 -0.0361844 -0.993214
-0.0166439 -0.0361844 -0.993201
-0.0167463 -0.0361844 -0.993188
-0.0165416 -0.0360821 -0.993211
-0.0166439 -0.0360821 -0.993198
-0.0167463 -0.0360821 -0.993185
-0.0165416 -0.0359797 -0.993207
-0.0166439 -0.0359797 -0.993194
-0.0167463 -0.0359797 -0.993181
-0.0165416 -0.0358774 -0.993204
-0.0166439 -0.0358774 -0.993191
-0.0167463 -0.0358774 -0.993178
-0.0165416 -0.035775 -0.993201
-0.0166439 -0.035775 -0.993188
-0.0167463 -0.035775 -0.993175
-0.0165416 -0.0356727 -0.993198
-0.0166439 -0.0356727 -0.993185
-0.0167463 -0.0356727 -0.993172
-0.0165416 -0.0355703 -0.993194
-0.0166439 -0.0355703 -0.993181
-0.0167463 -0.0355703 -0.993168
-0.0165416 -0.035468 -0.993191
-0.0166439 -0.035468 -0.993178
-0.0167463 -0.035468 -0.993165
-0.0165416 -0.0353656 -0.993188
-0.0166439 -0.0353656 -0.993175
-0.0167463 -0.0353656 -0.993162
-0.0165416 -0.0352633 -0.993185
-0.0166439 -0.0352633 -0.993172
-0.0167463 -0.0352633 -0.993159
-0.0165416 -0.035161 -0.993182
-0.0166439 -0.035161 -0.993169
-0.0167463 -0.035161 -0.993156
-0.0165416 -0.0350586 -0.993178
-0.0166439 -0.0350586 -0.993165
-0.0167463 -0.0350586 -0.993152
-0.0165416 -0.0349563 -0.993175
-0.0166439 -0.0349563 -0.993162
-0.0167463 -0.0349563 -0.993149
-0.0165416 -0.0348539 -0.993172
-0.0166439 -0.0348539 -0.993159
-0.0167463 -0.0348539 -0.993146
-0.0165416 -0.0347516 -0.993169
-0.0166439 -0.0347516 -0.993156
-0.0167463 -0.0347516 -0.993143
-0.0165416 -0.0346492 -0.993165
-0.0166439 -0.0346492 -0.993152
-0.0167463 -0.0346492 -0.993139
-0.0165416 -0.0345469 -0.993162
-0.0166439 -0.0345469 -0.993149
-0.0167463 -0.0345469 -0.993136
-0.0165416 -0.0344445 -0.993159
-0.0166439 -0.0344445 -0.993146
-0.0167463 -0.0344445 -0.993133
-0.0165416 -0.0343422 -0.993156
-0.0166439 -0.0343422 -0.993143
-0.0167463 -0.0343422 -0.99313
-0.0165416 -0.0342399 -0.993153
-0.0166439 -0.0342399 -0.99314
-0.0167463 -0.0342399 -0.993127
-0.0165416 -0.0341375 -0.993149
-0.0166439 -0.0341375 -0.993136
-0.0167463 -0.0341375 -0.993123
-0.0165416 -0.0340352 -0.993146
-0.0166439 -0.0340352 -0.993133
-0.0167463 -0.0340352 -0.99312
-0.0165416 -0.0339328 -0.993143
-0.0166439 -0.0339328 -0.99313
-0.0167463 -0.0339328 -0.993117
-0.0165416 -0.0338305 -0.99314
-0.0166439 -0.0338305 -0.993127
-0.0167463 -0.0338305 -0.993114
-0.0165416 -0.0337281 -0.993136
-0.0166439 -0.0337281 -0.993123
-0.0167463 -0.0337281 -0.99311
-0.0165416 -0.0336258 -0.993133
-0.0166439 -0.0336258 -0.99312
-0.0167463 -0.0336258 -0.993107
-0.0165416 -0.0335234 -0.99313
-0.0166439 -0.0335234 -0.993117
-0.0167463 -0.0335234 -0.993104
-0.0165416 -0.0334211 -0.993127
-0.0166439 -0.0334211 -0.993114
-0.0167463 -0.0334211 -0.993101
-0.0165416 -0.0333187 -0.993124
-0.0166439 -0.0333187 -0.993111
-0.0167463 -0.0333187 -0.993098
-0.0165416 -0.0332164 -0.99312
-0.0166439 -0.0332164 -0.993107
-0.0167463 -0.0332164 -0.993094
-0.0165416 -0.033114 -0.993117
-0.0166439 -0.033114 -0.993104
-0.0167463 -0.033114 -0.993091
-0.0165416 -0.0330117 -0.993114
-0.0166439 -0.0330117 -0.993101
-0.0167463 -0.0330117 -0.993088
-0.0165416 -0.0329094 -0.993111
-0.0166439 -0.0329094 -0.993098
-0.0167463 -0.0329094 -0.993085
-0.0165416 -0.032807 -0.993107
-0.0166439 -0.032807 -0.993094
-0.0167463 -0.032807 -0.993081
-0.0165416 -0.0327047 -0.993104
-0.0166439 -0.0327047 -0.993091
-0.0167463 -0.0327047 -0.993078
-0.0165416 -0.0326023 -0.993101
-0.0166439 -0.0326023 -0.993088
-0.0167463 -0.0326023 -0.993075
-0.0165416 -0.0325 -0.993098
-0.0166439 -0.0325 -0.993085
-0.0167463 -0.0325 -0.993072
-0.0165416 -0.0323976 -0.993095
-0.0166439 -0.0323976 -0.993082
-0.0167463 -0.0323976 -0.993069
-0.0165416 -0.0322953 -0.993091
-0.0166439 -0.0322953 -0.993078
-0.0167463 -0.0322953 -0.993065
-0.0165416 -0.0321929 -0.993088
-0.0166439 -0.0321929 -0.993075
-0.0167463 -0.0321929 -0.993062
-0.0165416 -0.0320906 -0.993085
-0.0166439 -0.0320906 -0.993072
-0.0167463 -0.0320906 -0.993059
-0.0165416 -0.0319883 -0.993082
-0.0166439 -0.0319883 -0.993069
-0.0167463 -0.0319883 -0.993056
-0.0165416 -0.0318859 -0.993078
-0.0166439 -0.0318859 -0.993065
-0.0167463 -0.0318859 -0.993052
-0.0165416 -0.0317836 -0.993075
-0.0166439 -0.0317836 -0.993062
-0.0167463 -0.0317836 -0.993049
-0.0165416 -0.0316812 -0.993072
-0.0166439 -0.0316812 -0.993059
-0.0167463 -0.0316812 -0.993046
-0.0165416 -0.0315789 -0.993069
-0.0166439 -0.0315789 -0.993056
-0.0167463 -0.0315789 -0.993043
-0.0165416 -0.0314765 -0.993065
-0.0166439 -0.0314765 -0.993052
-0.0167463 -0.0314765 -0.993039
-0.0165416 -0.0313742 -0.993062
-0.0166439 -0.0313742 -0.993049
-0.0167463 -0.0313742 -0.993036
-0.0165416 -0.0312718 -0.993059
-0.0166439 -0.0312718 -0.993046
-0.0167463 -0.0312718 -0.993033
-0.0165416 -0.0311695 -0.993056
-0.0166439 -0.0311695 -0.993043
-0.0167463 -0.0311695 -0.99303
-0.0165416 -0.0310671 -0.993053
-0.0166439 -0.0310671 -0.99304
-0.0167463 -0.0310671 -0.993027
-0.0165416 -0.0309648 -0.993049
-0.0166439 -0.0309648 -0.993036
-0.0167463 -0.0309648 -0.993023
-0.0165416 -0.0308625 -0.993046
-0.0166439 -0.0308625 -0.993033
-0.0167463 -0.0308625 -0.99302
-0.0165416 -0.0307601 -0.993043
-0.0166439 -0.0307601 -0.99303
-0.0167463 -0.0307601 -0.993017
-0.0165416 -0.0306578 -0.99304
-0.0166439 -0.0306578 -0.993027
-0.0167463 -0.0306578 -0.993014
-0.0165416 -0.0305554 -0.993036
-0.0166439 -0.0305554 -0.993023
-0.0167463 -0.0305554 -0.99301
-0.0165416 -0.0304531 -0.993033
-0.0166439 -0.0304531 -0.99302
-0.0167463 -0.0304531 -0.993007
-0.0165416 -0.0303507 -0.99303
-0.0166439 -0.0303507 -0.993017
-0.0167463 -0.0303507 -0.993004
-0.0165416 -0.0302484 -0.993027
-0.0166439 -0.0302484 -0.993014
-0.0167463 -0.0302484 -0.993001
-0.0165416 -0.030146 -0.993024
-0.0166439 -0.030146 -0.993011
-0.0167463 -0.030146 -0.992998
-0.0165416 -0.0300437 -0.99302
-0.0166439 -0.0300437 -0.993007
-0.0167463 -0.0300437 -0.992994
-0.0165416 -0.0299413 -0.993017
-0.0166439 -0.0299413 -0.993004
-0.0167463 -0.0299413 -0.992991
-0.0165416 -0.029839 -0.993014
-0.0166439 -0.029839 -0.993001
-0.0167463 -0.029839 -0.992988
-0.0165416 -0.0297367 -0.993011
-0.0166439 -0.0297367 -0.992998
-0.0167463 -0.0297367 -0.992985
-0.0165416 -0.0296343 -0.993007
-0.0166439 -0.0296343 -0.992994
-0.0167463 -0.0296343 -0.992981
-0.0165416 -0.029532 -0.993004
-0.0166439 -0.029532 -0.992991
-0.0167463 -0.029532 -0.992978
-0.0165416 -0.0294296 -0.993001
-0.0166439 -0.0294296 -0.992988
-0.0167463 -0.0294296 -0.992975
-0.0165416 -0.0293273 -0.992998
-0.0166439 -0.0293273 -0.992985
-0.0167463 -0.0293273 -0.992972
-0.0165416 -0.0292249 -0.992995
-0.0166439 -0.0292249 -0.992982
-0.0167463 -0.0292249 -0.992969
-0.0165416 -0.0291226 -0.992991
-0.0166439 -0.0291226 -0.992978
-0.0167463 -0.0291226 -0.992965
-0.0165416 -0.0290202 -0.992988
-0.0166439 -0.0290202 -0.992975
-0.0167463 -0.0290202 -0.992962
-0.0165416 -0.0289179 -0.992985
-0.0166439 -0.0289179 -0.992972
-0.0167463 -0.0289179 -0.992959
-0.0165416 -0.0288155 -0.992982
-0.0166439 -0.0288155 -0.992969
-0.0167463 -0.0288155 -0.992956
-0.0165416 -0.0287132 -0.992978
-0.0166439 -0.0287132 -0.992965
-0.0167463 -0.0287132 -0.992952
-0.0165416 -0.0286109 -0.992975
-0.0166439 -0.0286109 -0.992962
-0.0167463 -0.0286109 -0.992949
-0.0165416 -0.0285085 -0.992972
-0.0166439 -0.0285085 -0.992959
-0.0167463 -0.0285085 -0.992946
-0.0165416 -0.0284062 -0.992969
-0.0166439 -0.0284062 -0.992956
-0.0167463 -0.0284062 -0.992943
-0.0165416 -0.0283038 -0.992966
-0.0166439 -0.0283038 -0.992953
-0.0167463 -0.0283038 -0.99294
-0.0165416 -0.0282015 -0.992962
-0.0166439 -0.0282015 -0.992949
-0.0167463 -0.0282015 -0.992936
-0.0165416 -0.0280991 -0.992959
-0.0166439 -0.0280991 -0.992946
-0.0167463 -0.0280991 -0.992933
-0.0165416 -0.0279968 -0.992956
-0.0166439 -0.0279968 -0.992943
-0.0167463 -0.0279968 -0.99293
-0.0165416 -0.0278944 -0.992953
-0.0166439 -0.0278944 -0.99294
-0.0167463 -0.0278944 -0.992927
-0.0165416 -0.0277921 -0.992949
-0.0166439 -0.0277921 -0.992936
-0.0167463 -0.0277921 -0.992923
-0.0165416 -0.0276897 -0.992946
-0.0166439 -0.0276897 -0.992933
-0.0167463 -0.0276897 -0.99292
-0.0165416 -0.0275874 -0.992943
-0.0166439 -0.0275874 -0.99293
-0.0167463 -0.0275874 -0.992917
-0.0165416 -0.0274851 -0.99294
-0.0166439 -0.0274851 -0.992927
-0.0167463 -0.0274851 -0.992914
-0.0165416 -0.0273827 -0.992936
-0.0166439 -0.0273827 -0.992923
-0.0167463 -0.0273827 -0.992911
-0.0165416 -0.0272804 -0.992933
-0.0166439 -0.0272804 -0.99292
-0.0167463 -0.0272804 -0.992907
-0.0165416 -0.027178 -0.99293
-0.0166439 -0.027178 -0.992917
-0.0167463 -0.027178 -0.992904
-0.0165416 -0.0270757 -0.992927
-0.0166439 -0.0270757 -0.992914
-0.0167463 -0.0270757 -0.992901
-0.0165416 -0.0269733 -0.992924
-0.0166439 -0.0269733 -0.992911
-0.0167463 -0.0269733 -0.992898
-0.0165416 -0.026871 -0.99292
-0.0166439 -0.026871 -0.992907
-0.0167463 -0.026871 -0.992894
-0.0165416 -0.0267686 -0.992917
-0.0166439 -0.0267686 -0.992904
-0.0167463 -0.0267686 -0.992891
-0.0165416 -0.0266663 -0.992914
-0.0166439 -0.0266663 -0.992901
-0.0167463 -0.0266663 -0.992888
-0.0165416 -0.0265639 -0.992911
-0.0166439 -0.0265639 -0.992898
-0.0167463 -0.0265639 -0.992885
-0.0165416 -0.0264616 -0.992907
-0.0166439 -0.0264616 -0.992894
-0.0167463 -0.0264616 -0.992881
-0.0165416 -0.0263593 -0.992904
-0.0166439 -0.0263593 -0.992891
-0.0167463 -0.0263593 -0.992878
-0.0165416 -0.0262569 -0.992901
-0.0166439 -0.0262569 -0.992888
-0.0167463 -0.0262569 -0.992875
-0.0165416 -0.0261546 -0.992898
-0.0166439 -0.0261546 -0.992885
-0.0167463 -0.0261546 -0.992872
-0.0165416 -0.0260522 -0.992895
-0.0166439 -0.0260522 -0.992882
-0.0167463 -0.0260522 -0.992869
-0.0165416 -0.0259499 -0.992891
-0.0166439 -0.0259499 -0.992878
-0.0167463 -0.0259499 -0.992865
-0.0165416 -0.0258475 -0.992888
-0.0166439 -0.0258475 -0.992875
-0.0167463 -0.0258475 -0.992862
-0.0165416 -0.0257452 -0.992885
-0.0166439 -0.0257452 -0.992872
-0.0167463 -0.0257452 -0.992859
-0.0165416 -0.0256428 -0.992882
-0.0166439 -0.0256428 -0.992869
-0.0167463 -0.0256428 -0.992856
-0.0165416 -0.0255405 -0.992878
-0.0166439 -0.0255405 -0.992865
-0.0167463 -0.0255405 -0.992852
-0.0165416 -0.0254381 -0.992875
-0.0166439 -0.0254381 -0.992862
-0.0167463 -0.0254381 -0.992849
-0.0165416 -0.0253358 -0.992872
-0.0166439 -0.0253358 -0.992859
-0.0167463 -0.0253358 -0.992846
-0.0165416 -0.0252335 -0.992869
-0.0166439 -0.0252335 -0.992856
-0.0167463 -0.0252335 -0.992843
