-0.000118955 0.0276598 -0.982395
2.23268e-05 0.0276598 -0.982392
0.000163608 0.0276598 -0.98239
-0.000118955 0.0275185 -0.982396
2.23268e-05 0.0275185 -0.982393
0.000163608 0.0275185 -0.98239
-0.000118955 0.0273772 -0.982396
2.23268e-05 0.0273772 -0.982393
0.000163608 0.0273772 -0.982391
-0.000118955 0.0272359 -0.982396
2.23268e-05 0.0272359 -0.982394
0.000163608 0.0272359 -0.982391
-0.000118955 0.0270946 -0.982397
2.23268e-05 0.0270946 -0.982394
0.000163608 0.0270946 -0.982392
-0.000118955 0.0269534 -0.982397
2.23268e-05 0.0269534 -0.982395
0.000163608 0.0269534 -0.982392
-0.000118955 0.0268121 -0.982398
2.23268e-05 0.0268121 -0.982395
0.000163608 0.0268121 -0.982392
-0.000118955 0.0266708 -0.982398
2.23268e-05 0.0266708 -0.982396
0.000163608 0.0266708 -0.982393
-0.000118955 0.0265295 -0.982399
2.23268e-05 0.0265295 -0.982396
0.000163608 0.0265295 -0.982393
-0.000118955 0.0263882 -0.982399
2.23268e-05 0.0263882 -0.982396
0.000163608 0.0263882 -0.982394
-0.000118955 0.026247 -0.982399
2.23268e-05 0.026247 -0.982397
0.000163608 0.026247 -0.982394
-0.000118955 0.0261057 -0.9824
2.23268e-05 0.0261057 -0.982397
0.000163608 0.0261057 -0.982395
-0.000118955 0.0259644 -0.9824
2.23268e-05 0.0259644 -0.982398
0.000163608 0.0259644 -0.982395
-0.000118955 0.0258231 -0.982401
2.23268e-05 0.0258231 -0.982398
0.000163608 0.0258231 -0.982396
-0.000118955 0.0256818 -0.982401
2.23268e-05 0.0256818 -0.982399
0.000163608 0.0256818 -0.982396
-0.000118955 0.0255405 -0.982402
2.23268e-05 0.0255405 -0.982399
0.000163608 0.0255405 -0.982396
-0.000118955 0.0253993 -0.982402
2.23268e-05 0.0253993 -0.9824
0.000163608 0.0253993 -0.982397
-0.000118955 0.025258 -0.982403
2.23268e-05 0.025258 -0.9824
0.000163608 0.025258 -0.982397
-0.000118955 0.0251167 -0.982403
2.23268e-05 0.0251167 -0.9824
0.000163608 0.0251167 -0.982398
-0.000118955 0.0249754 -0.982403
2.23268e-05 0.0249754 -0.982401
0.000163608 0.0249754 -0.982398
-0.000118955 0.0248341 -0.982404
2.23268e-05 0.0248341 -0.982401
0.000163608 0.0248341 -0.982399
-0.000118955 0.0246929 -0.982404
2.23268e-05 0.0246929 -0.982402
0.000163608 0.0246929 -0.982399
-0.000118955 0.0245516 -0.982405
2.23268e-05 0.0245516 -0.982402
0.000163608 0.0245516 -0.9824
-0.000118955 0.0244103 -0.982405
2.23268e-05 0.0244103 -0.982403
0.000163608 0.0244103 -0.9824
-0.000118955 0.024269 -0.982406
2.23268e-05 0.024269 -0.982403
0.000163608 0.024269 -0.9824
-0.000118955 0.0241277 -0.982406
2.23268e-05 0.0241277 -0.982404
0.000163608 0.0241277 -0.982401
-0.000118955 0.0239865 -0.982407
2.23268e-05 0.0239865 -0.982404
0.000163608 0.0239865 -0.982401
-0.000118955 0.0238452 -0.982407
2.23268e-05 0.0238452 -0.982404
0.000163608 0.0238452 -0.982402
-0.000118955 0.0237039 -0.982407
2.23268e-05 0.0237039 -0.982405
0.000163608 0.0237039 -0.982402
-0.000118955 0.0235626 -0.982408
2.23268e-05 0.0235626 -0.982405
0.000163608 0.0235626 -0.982403
-0.000118955 0.0234213 -0.982408
2.23268e-05 0.0234213 -0.982406
0.000163608 0.0234213 -0.982403
-0.000118955 0.02328 -0.982409
2.23268e-05 0.02328 -0.982406
0.000163608 0.02328 -0.982404
-0.000118955 0.0231388 -0.982409
2.23268e-05 0.0231388 -0.982407
0.000163608 0.0231388 -0.982404
-0.000118955 0.0229975 -0.98241
2.23268e-05 0.0229975 -0.982407
0.000163608 0.0229975 -0.982404
-0.000118955 0.0228562 -0.98241
2.23268e-05 0.0228562 -0.982407
0.000163608 0.0228562 -0.982405
-0.000118955 0.0227149 -0.98241
2.23268e-05 0.0227149 -0.982408
0.000163608 0.0227149 -0.982405
-0.000118955 0.0225736 -0.982411
2.23268e-05 0.0225736 -0.982408
0.000163608 0.0225736 -0.982406
-0.000118955 0.0224324 -0.982411
2.23268e-05 0.0224324 -0.982409
0.000163608 0.0224324 -0.982406
-0.000118955 0.0222911 -0.982412
2.23268e-05 0.0222911 -0.982409
0.000163608 0.0222911 -0.982407
-0.000118955 0.0221498 -0.982412
2.23268e-05 0.0221498 -0.98241
0.000163608 0.0221498 -0.982407
-0.000118955 0.0220085 -0.982413
2.23268e-05 0.0220085 -0.98241
0.000163608 0.0220085 -0.982408
-0.000118955 0.0218672 -0.982413
2.23268e-05 0.0218672 -0.982411
0.000163608 0.0218672 -0.982408
-0.000118955 0.021726 -0.982414
2.23268e-05 0.021726 -0.982411
0.000163608 0.021726 -0.982408
-0.000118955 0.0215847 -0.982414
2.23268e-05 0.0215847 -0.982411
0.000163608 0.0215847 -0.982409
-0.000118955 0.0214434 -0.982414
2.23268e-05 0.0214434 -0.982412
0.000163608 0.0214434 -0.982409
-0.000118955 0.0213021 -0.982415
2.23268e-05 0.0213021 -0.982412
0.000163608 0.0213021 -0.98241
-0.000118955 0.0211608 -0.982415
2.23268e-05 0.0211608 -0.982413
0.000163608 0.0211608 -0.98241
-0.000118955 0.0210195 -0.982416
2.23268e-05 0.0210195 -0.982413
0.000163608 0.0210195 -0.982411
-0.000118955 0.0208783 -0.982416
2.23268e-05 0.0208783 -0.982414
0.000163608 0.0208783 -0.982411
-0.000118955 0.020737 -0.982417
2.23268e-05 0.020737 -0.982414
0.000163608 0.020737 -0.982411
-0.000118955 0.0205957 -0.982417
2.23268e-05 0.0205957 -0.982414
0.000163608 0.0205957 -0.982412
-0.000118955 0.0204544 -0.982418
2.23268e-05 0.0204544 -0.982415
0.000163608 0.0204544 -0.982412
-0.000118955 0.0203131 -0.982418
2.23268e-05 0.0203131 -0.982415
0.000163608 0.0203131 -0.982413
-0.000118955 0.0201719 -0.982418
2.23268e-05 0.0201719 -0.982416
0.000163608 0.0201719 -0.982413
-0.000118955 0.0200306 -0.982419
2.23268e-05 0.0200306 -0.982416
0.000163608 0.0200306 -0.982414
-0.000118955 0.0198893 -0.982419
2.23268e-05 0.0198893 -0.982417
0.000163608 0.0198893 -0.982414
-0.000118955 0.019748 -0.98242
2.23268e-05 0.019748 -0.982417
0.000163608 0.019748 -0.982415
-0.000118955 0.0196067 -0.98242
2.23268e-05 0.0196067 -0.982418
0.000163608 0.0196067 -0.982415
-0.000118955 0.0194655 -0.982421
2.23268e-05 0.0194655 -0.982418
0.000163608 0.0194655 -0.982415
-0.000118955 0.0193242 -0.982421
2.23268e-05 0.0193242 -0.982418
0.000163608 0.0193242 -0.982416
-0.000118955 0.0191829 -0.982422
2.23268e-05 0.0191829 -0.982419
0.000163608 0.0191829 -0.982416
-0.000118955 0.0190416 -0.982422
2.23268e-05 0.0190416 -0.982419
0.000163608 0.0190416 -0.982417
-0.000118955 0.0189003 -0.982422
2.23268e-05 0.0189003 -0.98242
0.000163608 0.0189003 -0.982417
-0.000118955 0.018759 -0.982423
2.23268e-05 0.018759 -0.98242
0.000163608 0.018759 -0.982418
-0.000118955 0.0186178 -0.982423
2.23268e-05 0.0186178 -0.982421
0.000163608 0.0186178 -0.982418
-0.000118955 0.0184765 -0.982424
2.23268e-05 0.0184765 -0.982421
0.000163608 0.0184765 -0.982419
-0.000118955 0.0183352 -0.982424
2.23268e-05 0.0183352 -0.982422
0.000163608 0.0183352 -0.982419
-0.000118955 0.0181939 -0.982425
2.23268e-05 0.0181939 -0.982422
0.000163608 0.0181939 -0.982419
-0.000118955 0.0180526 -0.982425
2.23268e-05 0.0180526 -0.982422
0.000163608 0.0180526 -0.98242
-0.000118955 0.0179114 -0.982426
2.23268e-05 0.0179114 -0.982423
0.000163608 0.0179114 -0.98242
-0.000118955 0.0177701 -0.982426
2.23268e-05 0.0177701 -0.982423
0.000163608 0.0177701 -0.982421
-0.000118955 0.0176288 -0.982426
2.23268e-05 0.0176288 -0.982424
0.000163608 0.0176288 -0.982421
-0.000118955 0.0174875 -0.982427
2.23268e-05 0.0174875 -0.982424
0.000163608 0.0174875 -0.982422
-0.000118955 0.0173462 -0.982427
2.23268e-05 0.0173462 -0.982425
0.000163608 0.0173462 -0.982422
-0.000118955 0.0172049 -0.982428
2.23268e-05 0.0172049 -0.982425
0.000163608 0.0172049 -0.982422
-0.000118955 0.0170637 -0.982428
2.23268e-05 0.0170637 -0.982426
0.000163608 0.0170637 -0.982423
-0.000118955 0.0169224 -0.982429
2.23268e-05 0.0169224 -0.982426
0.000163608 0.0169224 -0.982423
-0.000118955 0.0167811 -0.982429
2.23268e-05 0.0167811 -0.982426
0.000163608 0.0167811 -0.982424
-0.000118955 0.0166398 -0.982429
2.23268e-05 0.0166398 -0.982427
0.000163608 0.0166398 -0.982424
-0.000118955 0.0164985 -0.98243
2.23268e-05 0.0164985 -0.982427
0.000163608 0.0164985 -0.982425
-0.000118955 0.0163573 -0.98243
2.23268e-05 0.0163573 -0.982428
0.000163608 0.0163573 -0.982425
-0.000118955 0.016216 -0.982431
2.23268e-05 0.016216 -0.982428
0.000163608 0.016216 -0.982426
-0.000118955 0.0160747 -0.982431
2.23268e-05 0.0160747 -0.982429
0.000163608 0.0160747 -0.982426
-0.000118955 0.0159334 -0.982432
2.23268e-05 0.0159334 -0.982429
0.000163608 0.0159334 -0.982426
-0.000118955 0.0157921 -0.982432
2.23268e-05 0.0157921 -0.98243
0.000163608 0.0157921 -0.982427
-0.000118955 0.0156509 -0.982433
2.23268e-05 0.0156509 -0.98243
0.000163608 0.0156509 -0.982427
-0.000118955 0.0155096 -0.982433
2.23268e-05 0.0155096 -0.98243
0.000163608 0.0155096 -0.982428
-0.000118955 0.0153683 -0.982433
2.23268e-05 0.0153683 -0.982431
0.000163608 0.0153683 -0.982428
-0.000118955 0.015227 -0.982434
2.23268e-05 0.015227 -0.982431
0.000163608 0.015227 -0.982429
-0.000118955 0.0150857 -0.982434
2.23268e-05 0.0150857 -0.982432
0.000163608 0.0150857 -0.982429
-0.000118955 0.0149444 -0.982435
2.23268e-05 0.0149444 -0.982432
0.000163608 0.0149444 -0.98243
-0.000118955 0.0148032 -0.982435
2.23268e-05 0.0148032 -0.982433
0.000163608 0.0148032 -0.98243
-0.000118955 0.0146619 -0.982436
2.23268e-05 0.0146619 -0.982433
0.000163608 0.0146619 -0.98243
-0.000118955 0.0145206 -0.982436
2.23268e-05 0.0145206 -0.982433
0.000163608 0.0145206 -0.982431
-0.000118955 0.0143793 -0.982437
2.23268e-05 0.0143793 -0.982434
0.000163608 0.0143793 -0.982431
-0.000118955 0.014238 -0.982437
2.23268e-05 0.014238 -0.982434
0.000163608 0.014238 -0.982432
-0.000118955 0.0140968 -0.982437
2.23268e-05 0.0140968 -0.982435
0.000163608 0.0140968 -0.982432
-0.000118955 0.0139555 -0.982438
2.23268e-05 0.0139555 -0.982435
0.000163608 0.0139555 -0.982433
-0.000118955 0.0138142 -0.982438
2.23268e-05 0.0138142 -0.982436
0.000163608 0.0138142 -0.982433
-0.000118955 0.0136729 -0.982439
2.23268e-05 0.0136729 -0.982436
0.000163608 0.0136729 -0.982433
-0.000118955 0.0135316 -0.982439
2.23268e-05 0.0135316 -0.982437
0.000163608 0.0135316 -0.982434
-0.000118955 0.0133904 -0.98244
2.23268e-05 0.0133904 -0.982437
0.000163608 0.0133904 -0.982434
-0.000118955 0.0132491 -0.98244
2.23268e-05 0.0132491 -0.982437
0.000163608 0.0132491 -0.982435
-0.000118955 0.0131078 -0.98244
2.23268e-05 0.0131078 -0.982438
0.000163608 0.0131078 -0.982435
-0.000118955 0.0129665 -0.982441
2.23268e-05 0.0129665 -0.982438
0.000163608 0.0129665 -0.982436
-0.000118955 0.0128252 -0.982441
2.23268e-05 0.0128252 -0.982439
0.000163608 0.0128252 -0.982436
-0.000118955 0.0126839 -0.982442
2.23268e-05 0.0126839 -0.982439
0.000163608 0.0126839 -0.982437
-0.000118955 0.0125427 -0.982442
2.23268e-05 0.0125427 -0.98244
0.000163608 0.0125427 -0.982437
-0.000118955 0.0124014 -0.982443
2.23268e-05 0.0124014 -0.98244
0.000163608 0.0124014 -0.982437
-0.000118955 0.0122601 -0.982443
2.23268e-05 0.0122601 -0.982441
0.000163608 0.0122601 -0.982438
-0.000118955 0.0121188 -0.982444
2.23268e-05 0.0121188 -0.982441
0.000163608 0.0121188 -0.982438
