-0.00918015 -0.127369 -0.96204
-0.0109144 -0.127369 -0.962035
-0.0126486 -0.127369 -0.962029
-0.00918015 -0.125635 -0.962035
-0.0109144 -0.125635 -0.96203
-0.0126486 -0.125635 -0.962025
-0.00918015 -0.1239 -0.96203
-0.0109144 -0.1239 -0.962025
-0.0126486 -0.1239 -0.96202
-0.00918015 -0.122166 -0.962025
-0.0109144 -0.122166 -0.96202
-0.0126486 -0.122166 -0.962015
-0.00918015 -0.120432 -0.962021
-0.0109144 -0.120432 -0.962016
-0.0126486 -0.120432 -0.96201
-0.00918015 -0.118698 -0.962016
-0.0109144 -0.118698 -0.962011
-0.0126486 -0.118698 -0.962006
-0.00918015 -0.116963 -0.962011
-0.0109144 -0.116963 -0.962006
-0.0126486 -0.116963 -0.962001
-0.00918015 -0.115229 -0.962006
-0.0109144 -0.115229 -0.962001
-0.0126486 -0.115229 -0.961996
-0.00918015 -0.113495 -0.962002
-0.0109144 -0.113495 -0.961996
-0.0126486 -0.113495 -0.961991
-0.00918015 -0.111761 -0.961997
-0.0109144 -0.111761 -0.961992
-0.0126486 -0.111761 -0.961986
-0.00918015 -0.110026 -0.961992
-0.0109144 -0.110026 -0.961987
-0.0126486 -0.110026 -0.961982
-0.00918015 -0.108292 -0.961987
-0.0109144 -0.108292 -0.961982
-0.0126486 -0.108292 -0.961977
-0.00918015 -0.106558 -0.961983
-0.0109144 -0.106558 -0.961977
-0.0126486 -0.106558 -0.961972
-0.00918015 -0.104824 -0.961978
-0.0109144 -0.104824 -0.961973
-0.0126486 -0.104824 -0.961967
-0.00918015 -0.10309 -0.961973
-0.0109144 -0.10309 -0.961968
-0.0126486 -0.10309 -0.961963
-0.00918015 -0.101355 -0.961968
-0.0109144 -0.101355 -0.961963
-0.0126486 -0.101355 -0.961958
-0.00918015 -0.0996211 -0.961963
-0.0109144 -0.0996211 -0.961958
-0.0126486 -0.0996211 -0.961953
-0.00918015 -0.0978869 -0.961959
-0.0109144 -0.0978869 -0.961954
-0.0126486 -0.0978869 -0.961948
-0.00918015 -0.0961526 -0.961954
-0.0109144 -0.0961526 -0.961949
-0.0126486 -0.0961526 -0.961944
-0.00918015 -0.0944184 -0.961949
-0.0109144 -0.0944184 -0.961944
-0.0126486 -0.0944184 -0.961939
-0.00918015 -0.0926842 -0.961944
-0.0109144 -0.0926842 -0.961939
-0.0126486 -0.0926842 -0.961934
-0.00918015 -0.09095 -0.96194
-0.0109144 -0.09095 -0.961934
-0.0126486 -0.09095 -0.961929
-0.00918015 -0.0892157 -0.961935
-0.0109144 -0.0892157 -0.96193
-0.0126486 -0.0892157 -0.961924
-0.00918015 -0.0874815 -0.96193
-0.0109144 -0.0874815 -0.961925
-0.0126486 -0.0874815 -0.96192
-0.00918015 -0.0857473 -0.961925
-0.0109144 -0.0857473 -0.96192
-0.0126486 -0.0857473 -0.961915
-0.00918015 -0.0840131 -0.96192
-0.0109144 -0.0840131 -0.961915
-0.0126486 -0.0840131 -0.96191
-0.00918015 -0.0822788 -0.961916
-0.0109144 -0.0822788 -0.961911
-0.0126486 -0.0822788 -0.961905
-0.00918015 -0.0805446 -0.961911
-0.0109144 -0.0805446 -0.961906
-0.0126486 -0.0805446 -0.961901
-0.00918015 -0.0788104 -0.961906
-0.0109144 -0.0788104 -0.961901
-0.0126486 -0.0788104 -0.961896
-0.00918015 -0.0770761 -0.961901
-0.0109144 -0.0770761 -0.961896
-0.0126486 -0.0770761 -0.961891
-0.00918015 -0.0753419 -0.961897
-0.0109144 -0.0753419 -0.961891
-0.0126486 -0.0753419 -0.961886
-0.00918015 -0.0736077 -0.961892
-0.0109144 -0.0736077 -0.961887
-0.0126486 -0.0736077 -0.961882
-0.00918015 -0.0718734 -0.961887
-0.0109144 -0.0718734 -0.961882
-0.0126486 -0.0718734 -0.961877
-0.00918015 -0.0701392 -0.961882
-0.0109144 -0.0701392 -0.961877
-0.0126486 -0.0701392 -0.961872
-0.00918015 -0.068405 -0.961878
-0.0109144 -0.068405 -0.961872
-0.0126486 -0.068405 -0.961867
-0.00918015 -0.0666708 -0.961873
-0.0109144 -0.0666708 -0.961868
-0.0126486 -0.0666708 -0.961862
-0.00918015 -0.0649365 -0.961868
-0.0109144 -0.0649365 -0.961863
-0.0126486 -0.0649365 -0.961858
-0.00918015 -0.0632023 -0.961863
-0.0109144 -0.0632023 -0.961858
-0.0126486 -0.0632023 -0.961853
-0.00918015 -0.0614681 -0.961858
-0.0109144 -0.0614681 -0.961853
-0.0126486 -0.0614681 -0.961848
-0.00918015 -0.0597338 -0.961854
-0.0109144 -0.0597338 -0.961848
-0.0126486 -0.0597338 -0.961843
-0.00918015 -0.0579996 -0.961849
-0.0109144 -0.0579996 -0.961844
-0.0126486 -0.0579996 -0.961839
-0.00918015 -0.0562654 -0.961844
-0.0109144 -0.0562654 -0.961839
-0.0126486 -0.0562654 -0.961834
-0.00918015 -0.0545312 -0.961839
-0.0109144 -0.0545312 -0.961834
-0.0126486 -0.0545312 -0.961829
-0.00918015 -0.0527969 -0.961835
-0.0109144 -0.0527969 -0.961829
-0.0126486 -0.0527969 -0.961824
-0.00918015 -0.0510627 -0.96183
-0.0109144 -0.0510627 -0.961825
-0.0126486 -0.0510627 -0.961819
-0.00918015 -0.0493285 -0.961825
-0.0109144 -0.0493285 -0.96182
-0.0126486 -0.0493285 -0.961815
-0.00918015 -0.0475942 -0.96182
-0.0109144 -0.0475942 -0.961815
-0.0126486 -0.0475942 -0.96181
-0.00918015 -0.04586 -0.961816
-0.0109144 -0.04586 -0.96181
-0.0126486 -0.04586 -0.961805
-0.00918015 -0.0441258 -0.961811
-0.0109144 -0.0441258 -0.961806
-0.0126486 -0.0441258 -0.9618
-0.00918015 -0.0423916 -0.961806
-0.0109144 -0.0423916 -0.961801
-0.0126486 -0.0423916 -0.961796
-0.00918015 -0.0406573 -0.961801
-0.0109144 -0.0406573 -0.961796
-0.0126486 -0.0406573 -0.961791
-0.00918015 -0.0389231 -0.961796
-0.0109144 -0.0389231 -0.961791
-0.0126486 -0.0389231 -0.961786
-0.00918015 -0.0371889 -0.961792
-0.0109144 -0.0371889 -0.961787
-0.0126486 -0.0371889 -0.961781
-0.00918015 -0.0354546 -0.961787
-0.0109144 -0.0354546 -0.961782
-0.0126486 -0.0354546 -0.961777
-0.00918015 -0.0337204 -0.961782
-0.0109144 -0.0337204 -0.961777
-0.0126486 -0.0337204 -0.961772
-0.00918015 -0.0319862 -0.961777
-0.0109144 -0.0319862 -0.961772
-0.0126486 -0.0319862 -0.961767
-0.00918015 -0.030252 -0.961773
-0.0109144 -0.030252 -0.961767
-0.0126486 -0.030252 -0.961762
-0.00918015 -0.0285177 -0.961768
-0.0109144 -0.0285177 -0.961763
-0.0126486 -0.0285177 -0.961757
-0.00918015 -0.0267835 -0.961763
-0.0109144 -0.0267835 -0.961758
-0.0126486 -0.0267835 -0.961753
-0.00918015 -0.0250493 -0.961758
-0.0109144 -0.0250493 -0.961753
-0.0126486 -0.0250493 -0.961748
-0.00918015 -0.0233151 -0.961753
-0.0109144 -0.0233151 -0.961748
-0.0126486 -0.0233151 -0.961743
-0.00918015 -0.0215808 -0.961749
-0.0109144 -0.0215808 -0.961744
-0.0126486 -0.0215808 -0.961738
-0.00918015 -0.0198466 -0.961744
-0.0109144 -0.0198466 -0.961739
-0.0126486 -0.0198466 -0.961734
-0.00918015 -0.0181124 -0.961739
-0.0109144 -0.0181124 -0.961734
-0.0126486 -0.0181124 -0.961729
-0.00918015 -0.0163781 -0.961734
-0.0109144 -0.0163781 -0.961729
-0.0126486 -0.0163781 -0.961724
-0.00918015 -0.0146439 -0.96173
-0.0109144 -0.0146439 -0.961724
-0.0126486 -0.0146439 -0.961719
-0.00918015 -0.0129097 -0.961725
-0.0109144 -0.0129097 -0.96172
-0.0126486 -0.0129097 -0.961715
-0.00918015 -0.0111755 -0.96172
-0.0109144 -0.0111755 -0.961715
-0.0126486 -0.0111755 -0.96171
-0.00918015 -0.00944122 -0.961715
-0.0109144 -0.00944122 -0.96171
-0.0126486 -0.00944122 -0.961705
-0.00918015 -0.007707 -0.961711
-0.0109144 -0.007707 -0.961705
-0.0126486 -0.007707 -0.9617
-0.00918015 -0.00597277 -0.961706
-0.0109144 -0.00597277 -0.961701
-0.0126486 -0.00597277 -0.961695
-0.00918015 -0.00423854 -0.961701
-0.0109144 -0.00423854 -0.961696
-0.0126486 -0.00423854 -0.961691
-0.00918015 -0.00250431 -0.961696
-0.0109144 -0.00250431 -0.961691
-0.0126486 -0.00250431 -0.961686
-0.00918015 -0.000770081 -0.961691
-0.0109144 -0.000770081 -0.961686
-0.0126486 -0.000770081 -0.961681
-0.00918015 0.000964148 -0.961687
-0.0109144 0.000964148 -0.961681
-0.0126486 0.000964148 -0.961676
-0.00918015 0.00269838 -0.961682
-0.0109144 0.00269838 -0.961677
-0.0126486 0.00269838 -0.961672
-0.00918015 0.0044326 -0.961677
-0.0109144 0.0044326 -0.961672
-0.0126486 0.0044326 -0.961667
-0.00918015 0.00616683 -0.961672
-0.0109144 0.00616683 -0.961667
-0.0126486 0.00616683 -0.961662
-0.00918015 0.00790106 -0.961668
-0.0109144 0.00790106 -0.961662
-0.0126486 0.00790106 -0.961657
-0.00918015 0.00963529 -0.961663
-0.0109144 0.00963529 -0.961658
-0.0126486 0.00963529 -0.961652
-0.00918015 0.0113695 -0.961658
-0.0109144 0.0113695 -0.961653
-0.0126486 0.0113695 -0.961648
-0.00918015 0.0131037 -0.961653
-0.0109144 0.0131037 -0.961648
-0.0126486 0.0131037 -0.961643
-0.00918015 0.014838 -0.961648
-0.0109144 0.014838 -0.961643
-0.0126486 0.014838 -0.961638
-0.00918015 0.0165722 -0.961644
-0.0109144 0.0165722 -0.961639
-0.0126486 0.0165722 -0.961633
-0.00918015 0.0183064 -0.961639
-0.0109144 0.0183064 -0.961634
-0.0126486 0.0183064 -0.961629
-0.00918015 0.0200407 -0.961634
-0.0109144 0.0200407 -0.961629
-0.0126486 0.0200407 -0.961624
-0.00918015 0.0217749 -0.961629
-0.0109144 0.0217749 -0.961624
-0.0126486 0.0217749 -0.961619
-0.00918015 0.0235091 -0.961625
-0.0109144 0.0235091 -0.961619
-0.0126486 0.0235091 -0.961614
-0.00918015 0.0252433 -0.96162
-0.0109144 0.0252433 -0.961615
-0.0126486 0.0252433 -0.961609
-0.00918015 0.0269776 -0.961615
-0.0109144 0.0269776 -0.96161
-0.0126486 0.0269776 -0.961605
-0.00918015 0.0287118 -0.96161
-0.0109144 0.0287118 -0.961605
-0.0126486 0.0287118 -0.9616
-0.00918015 0.030446 -0.961606
-0.0109144 0.030446 -0.9616
-0.0126486 0.030446 -0.961595
-0.00918015 0.0321803 -0.961601
-0.0109144 0.0321803 -0.961596
-0.0126486 0.0321803 -0.96159
-0.00918015 0.0339145 -0.961596
-0.0109144 0.0339145 -0.961591
-0.0126486 0.0339145 -0.961586
-0.00918015 0.0356487 -0.961591
-0.0109144 0.0356487 -0.961586
-0.0126486 0.0356487 -0.961581
-0.00918015 0.0373829 -0.961586
-0.0109144 0.0373829 -0.961581
-0.0126486 0.0373829 -0.961576
-0.00918015 0.0391172 -0.961582
-0.0109144 0.0391172 -0.961577
-0.0126486 0.0391172 -0.961571
-0.00918015 0.0408514 -0.961577
-0.0109144 0.0408514 -0.961572
-0.0126486 0.0408514 -0.961567
-0.00918015 0.0425856 -0.961572
-0.0109144 0.0425856 -0.961567
-0.0126486 0.0425856 -0.961562
-0.00918015 0.0443199 -0.961567
-0.0109144 0.0443199 -0.961562
-0.0126486 0.0443199 -0.961557
-0.00918015 0.0460541 -0.961563
-0.0109144 0.0460541 -0.961557
-0.0126486 0.0460541 -0.961552
-0.00918015 0.0477883 -0.961558
-0.0109144 0.0477883 -0.961553
-0.0126486 0.0477883 -0.961547
-0.00918015 0.0495225 -0.961553
-0.0109144 0.0495225 -0.961548
-0.0126486 0.0495225 -0.961543
-0.00918015 0.0512568 -0.961548
-0.0109144 0.0512568 -0.961543
-0.0126486 0.0512568 -0.961538
-0.00918015 0.052991 -0.961544
-0.0109144 0.052991 -0.961538
-0.0126486 0.052991 -0.961533
-0.00918015 0.0547252 -0.961539
-0.0109144 0.0547252 -0.961534
-0.0126486 0.0547252 -0.961528
-0.00918015 0.0564595 -0.961534
-0.0109144 0.0564595 -0.961529
-0.0126486 0.0564595 -0.961524
-0.00918015 0.0581937 -0.961529
-0.0109144 0.0581937 -0.961524
-0.0126486 0.0581937 -0.961519
-0.00918015 0.0599279 -0.961524
-0.0109144 0.0599279 -0.961519
-0.0126486 0.0599279 -0.961514
-0.00918015 0.0616621 -0.96152
-0.0109144 0.0616621 -0.961514
-0.0126486 0.0616621 -0.961509
-0.00918015 0.0633964 -0.961515
-0.0109144 0.0633964 -0.96151
-0.0126486 0.0633964 -0.961505
