-0.0127405 -0.00222676 -0.976512
-0.0127649 -0.00222676 -0.976512
-0.0127892 -0.00222676 -0.976512
-0.0127405 -0.00220241 -0.976514
-0.0127649 -0.00220241 -0.976514
-0.0127892 -0.00220241 -0.976514
-0.0127405 -0.00217806 -0.976515
-0.0127649 -0.00217806 -0.976515
-0.0127892 -0.00217806 -0.976515
-0.0127405 -0.00215371 -0.976517
-0.0127649 -0.00215371 -0.976517
-0.0127892 -0.00215371 -0.976517
-0.0127405 -0.00212936 -0.976518
-0.0127649 -0.00212936 -0.976518
-0.0127892 -0.00212936 -0.976518
-0.0127405 -0.00210501 -0.97652
-0.0127649 -0.00210501 -0.97652
-0.0127892 -0.00210501 -0.97652
-0.0127405 -0.00208067 -0.976521
-0.0127649 -0.00208067 -0.976521
-0.0127892 -0.00208067 -0.976521
-0.0127405 -0.00205632 -0.976523
-0.0127649 -0.00205632 -0.976523
-0.0127892 -0.00205632 -0.976523
-0.0127405 -0.00203197 -0.976525
-0.0127649 -0.00203197 -0.976525
-0.0127892 -0.00203197 -0.976524
-0.0127405 -0.00200762 -0.976526
-0.0127649 -0.00200762 -0.976526
-0.0127892 -0.00200762 -0.976526
-0.0127405 -0.00198327 -0.976528
-0.0127649 -0.00198327 -0.976528
-0.0127892 -0.00198327 -0.976528
-0.0127405 -0.00195892 -0.976529
-0.0127649 -0.00195892 -0.976529
-0.0127892 -0.00195892 -0.976529
-0.0127405 -0.00193457 -0.976531
-0.0127649 -0.00193457 -0.976531
-0.0127892 -0.00193457 -0.976531
-0.0127405 -0.00191022 -0.976532
-0.0127649 -0.00191022 -0.976532
-0.0127892 -0.00191022 -0.976532
-0.0127405 -0.00188587 -0.976534
-0.0127649 -0.00188587 -0.976534
-0.0127892 -0.00188587 -0.976534
-0.0127405 -0.00186152 -0.976535
-0.0127649 -0.00186152 -0.976535
-0.0127892 -0.00186152 -0.976535
-0.0127405 -0.00183717 -0.976537
-0.0127649 -0.00183717 -0.976537
-0.0127892 -0.00183717 -0.976537
-0.0127405 -0.00181282 -0.976538
-0.0127649 -0.00181282 -0.976538
-0.0127892 -0.00181282 -0.976538
-0.0127405 -0.00178848 -0.97654
-0.0127649 -0.00178848 -0.97654
-0.0127892 -0.00178848 -0.97654
-0.0127405 -0.00176413 -0.976541
-0.0127649 -0.00176413 -0.976541
-0.0127892 -0.00176413 -0.976541
-0.0127405 -0.00173978 -0.976543
-0.0127649 -0.00173978 -0.976543
-0.0127892 -0.00173978 -0.976543
-0.0127405 -0.00171543 -0.976545
-0.0127649 -0.00171543 -0.976544
-0.0127892 -0.00171543 -0.976544
-0.0127405 -0.00169108 -0.976546
-0.0127649 -0.00169108 -0.976546
-0.0127892 -0.00169108 -0.976546
-0.0127405 -0.00166673 -0.976548
-0.0127649 -0.00166673 -0.976548
-0.0127892 -0.00166673 -0.976548
-0.0127405 -0.00164238 -0.976549
-0.0127649 -0.00164238 -0.976549
-0.0127892 -0.00164238 -0.976549
-0.0127405 -0.00161803 -0.976551
-0.0127649 -0.00161803 -0.976551
-0.0127892 -0.00161803 -0.976551
-0.0127405 -0.00159368 -0.976552
-0.0127649 -0.00159368 -0.976552
-0.0127892 -0.00159368 -0.976552
-0.0127405 -0.00156933 -0.976554
-0.0127649 -0.00156933 -0.976554
-0.0127892 -0.00156933 -0.976554
-0.0127405 -0.00154498 -0.976555
-0.0127649 -0.00154498 -0.976555
-0.0127892 -0.00154498 -0.976555
-0.0127405 -0.00152063 -0.976557
-0.0127649 -0.00152063 -0.976557
-0.0127892 -0.00152063 -0.976557
-0.0127405 -0.00149628 -0.976558
-0.0127649 -0.00149628 -0.976558
-0.0127892 -0.00149628 -0.976558
-0.0127405 -0.00147194 -0.97656
-0.0127649 -0.00147194 -0.97656
-0.0127892 -0.00147194 -0.97656
-0.0127405 -0.00144759 -0.976561
-0.0127649 -0.00144759 -0.976561
-0.0127892 -0.00144759 -0.976561
-0.0127405 -0.00142324 -0.976563
-0.0127649 -0.00142324 -0.976563
-0.0127892 -0.00142324 -0.976563
-0.0127405 -0.00139889 -0.976565
-0.0127649 -0.00139889 -0.976564
-0.0127892 -0.00139889 -0.976564
-0.0127405 -0.00137454 -0.976566
-0.0127649 -0.00137454 -0.976566
-0.0127892 -0.00137454 -0.976566
-0.0127405 -0.00135019 -0.976568
-0.0127649 -0.00135019 -0.976568
-0.0127892 -0.00135019 -0.976568
-0.0127405 -0.00132584 -0.976569
-0.0127649 -0.00132584 -0.976569
-0.0127892 -0.00132584 -0.976569
-0.0127405 -0.00130149 -0.976571
-0.0127649 -0.00130149 -0.976571
-0.0127892 -0.00130149 -0.976571
-0.0127405 -0.00127714 -0.976572
-0.0127649 -0.00127714 -0.976572
-0.0127892 -0.00127714 -0.976572
-0.0127405 -0.00125279 -0.976574
-0.0127649 -0.00125279 -0.976574
-0.0127892 -0.00125279 -0.976574
-0.0127405 -0.00122844 -0.976575
-0.0127649 -0.00122844 -0.976575
-0.0127892 -0.00122844 -0.976575
-0.0127405 -0.00120409 -0.976577
-0.0127649 -0.00120409 -0.976577
-0.0127892 -0.00120409 -0.976577
-0.0127405 -0.00117975 -0.976578
-0.0127649 -0.00117975 -0.976578
-0.0127892 -0.00117975 -0.976578
-0.0127405 -0.0011554 -0.97658
-0.0127649 -0.0011554 -0.97658
-0.0127892 -0.0011554 -0.97658
-0.0127405 -0.00113105 -0.976581
-0.0127649 -0.00113105 -0.976581
-0.0127892 -0.00113105 -0.976581
-0.0127405 -0.0011067 -0.976583
-0.0127649 -0.0011067 -0.976583
-0.0127892 -0.0011067 -0.976583
-0.0127405 -0.00108235 -0.976584
-0.0127649 -0.00108235 -0.976584
-0.0127892 -0.00108235 -0.976584
-0.0127405 -0.001058 -0.976586
-0.0127649 -0.001058 -0.976586
-0.0127892 -0.001058 -0.976586
-0.0127405 -0.00103365 -0.976588
-0.0127649 -0.00103365 -0.976588
-0.0127892 -0.00103365 -0.976587
-0.0127405 -0.0010093 -0.976589
-0.0127649 -0.0010093 -0.976589
-0.0127892 -0.0010093 -0.976589
-0.0127405 -0.000984952 -0.976591
-0.0127649 -0.000984952 -0.976591
-0.0127892 -0.000984952 -0.976591
-0.0127405 -0.000960603 -0.976592
-0.0127649 -0.000960603 -0.976592
-0.0127892 -0.000960603 -0.976592
-0.0127405 -0.000936254 -0.976594
-0.0127649 -0.000936254 -0.976594
-0.0127892 -0.000936254 -0.976594
-0.0127405 -0.000911905 -0.976595
-0.0127649 -0.000911905 -0.976595
-0.0127892 -0.000911905 -0.976595
-0.0127405 -0.000887555 -0.976597
-0.0127649 -0.000887555 -0.976597
-0.0127892 -0.000887555 -0.976597
-0.0127405 -0.000863206 -0.976598
-0.0127649 -0.000863206 -0.976598
-0.0127892 -0.000863206 -0.976598
-0.0127405 -0.000838857 -0.9766
-0.0127649 -0.000838857 -0.9766
-0.0127892 -0.000838857 -0.9766
-0.0127405 -0.000814508 -0.976601
-0.0127649 -0.000814508 -0.976601
-0.0127892 -0.000814508 -0.976601
-0.0127405 -0.000790159 -0.976603
-0.0127649 -0.000790159 -0.976603
-0.0127892 -0.000790159 -0.976603
-0.0127405 -0.000765809 -0.976605
-0.0127649 -0.000765809 -0.976604
-0.0127892 -0.000765809 -0.976604
-0.0127405 -0.00074146 -0.976606
-0.0127649 -0.00074146 -0.976606
-0.0127892 -0.00074146 -0.976606
-0.0127405 -0.000717111 -0.976608
-0.0127649 -0.000717111 -0.976608
-0.0127892 -0.000717111 -0.976607
-0.0127405 -0.000692762 -0.976609
-0.0127649 -0.000692762 -0.976609
-0.0127892 -0.000692762 -0.976609
-0.0127405 -0.000668413 -0.976611
-0.0127649 -0.000668413 -0.976611
-0.0127892 -0.000668413 -0.976611
-0.0127405 -0.000644064 -0.976612
-0.0127649 -0.000644064 -0.976612
-0.0127892 -0.000644064 -0.976612
-0.0127405 -0.000619714 -0.976614
-0.0127649 -0.000619714 -0.976614
-0.0127892 -0.000619714 -0.976614
-0.0127405 -0.000595365 -0.976615
-0.0127649 -0.000595365 -0.976615
-0.0127892 -0.000595365 -0.976615
-0.0127405 -0.000571016 -0.976617
-0.0127649 -0.000571016 -0.976617
-0.0127892 -0.000571016 -0.976617
-0.0127405 -0.000546667 -0.976618
-0.0127649 -0.000546667 -0.976618
-0.0127892 -0.000546667 -0.976618
-0.0127405 -0.000522318 -0.97662
-0.0127649 -0.000522318 -0.97662
-0.0127892 -0.000522318 -0.97662
-0.0127405 -0.000497968 -0.976621
-0.0127649 -0.000497968 -0.976621
-0.0127892 -0.000497968 -0.976621
-0.0127405 -0.000473619 -0.976623
-0.0127649 -0.000473619 -0.976623
-0.0127892 -0.000473619 -0.976623
-0.0127405 -0.00044927 -0.976624
-0.0127649 -0.00044927 -0.976624
-0.0127892 -0.00044927 -0.976624
-0.0127405 -0.000424921 -0.976626
-0.0127649 -0.000424921 -0.976626
-0.0127892 -0.000424921 -0.976626
-0.0127405 -0.000400572 -0.976628
-0.0127649 -0.000400572 -0.976628
-0.0127892 -0.000400572 -0.976627
-0.0127405 -0.000376223 -0.976629
-0.0127649 -0.000376223 -0.976629
-0.0127892 -0.000376223 -0.976629
-0.0127405 -0.000351873 -0.976631
-0.0127649 -0.000351873 -0.976631
-0.0127892 -0.000351873 -0.976631
-0.0127405 -0.000327524 -0.976632
-0.0127649 -0.000327524 -0.976632
-0.0127892 -0.000327524 -0.976632
-0.0127405 -0.000303175 -0.976634
-0.0127649 -0.000303175 -0.976634
-0.0127892 -0.000303175 -0.976634
-0.0127405 -0.000278826 -0.976635
-0.0127649 -0.000278826 -0.976635
-0.0127892 -0.000278826 -0.976635
-0.0127405 -0.000254477 -0.976637
-0.0127649 -0.000254477 -0.976637
-0.0127892 -0.000254477 -0.976637
-0.0127405 -0.000230127 -0.976638
-0.0127649 -0.000230127 -0.976638
-0.0127892 -0.000230127 -0.976638
-0.0127405 -0.000205778 -0.97664
-0.0127649 -0.000205778 -0.97664
-0.0127892 -0.000205778 -0.97664
-0.0127405 -0.000181429 -0.976641
-0.0127649 -0.000181429 -0.976641
-0.0127892 -0.000181429 -0.976641
-0.0127405 -0.00015708 -0.976643
-0.0127649 -0.00015708 -0.976643
-0.0127892 -0.00015708 -0.976643
-0.0127405 -0.000132731 -0.976644
-0.0127649 -0.000132731 -0.976644
-0.0127892 -0.000132731 -0.976644
-0.0127405 -0.000108382 -0.976646
-0.0127649 -0.000108382 -0.976646
-0.0127892 -0.000108382 -0.976646
-0.0127405 -8.40323e-05 -0.976648
-0.0127649 -8.40323e-05 -0.976647
-0.0127892 -8.40323e-05 -0.976647
-0.0127405 -5.96831e-05 -0.976649
-0.0127649 -5.96831e-05 -0.976649
-0.0127892 -5.96831e-05 -0.976649
-0.0127405 -3.5334e-05 -0.976651
-0.0127649 -3.5334e-05 -0.976651
-0.0127892 -3.5334e-05 -0.976651
-0.0127405 -1.09848e-05 -0.976652
-0.0127649 -1.09848e-05 -0.976652
-0.0127892 -1.09848e-05 -0.976652
-0.0127405 1.33644e-05 -0.976654
-0.0127649 1.33644e-05 -0.976654
-0.0127892 1.33644e-05 -0.976654
-0.0127405 3.77136e-05 -0.976655
-0.0127649 3.77136e-05 -0.976655
-0.0127892 3.77136e-05 -0.976655
-0.0127405 6.20628e-05 -0.976657
-0.0127649 6.20628e-05 -0.976657
-0.0127892 6.20628e-05 -0.976657
-0.0127405 8.6412e-05 -0.976658
-0.0127649 8.6412e-05 -0.976658
-0.0127892 8.6412e-05 -0.976658
-0.0127405 0.000110761 -0.97666
-0.0127649 0.000110761 -0.97666
-0.0127892 0.000110761 -0.97666
-0.0127405 0.00013511 -0.976661
-0.0127649 0.00013511 -0.976661
-0.0127892 0.00013511 -0.976661
-0.0127405 0.00015946 -0.976663
-0.0127649 0.00015946 -0.976663
-0.0127892 0.00015946 -0.976663
-0.0127405 0.000183809 -0.976664
-0.0127649 0.000183809 -0.976664
-0.0127892 0.000183809 -0.976664
-0.0127405 0.000208158 -0.976666
-0.0127649 0.000208158 -0.976666
-0.0127892 0.000208158 -0.976666
-0.0127405 0.000232507 -0.976668
-0.0127649 0.000232507 -0.976667
-0.0127892 0.000232507 -0.976667
-0.0127405 0.000256856 -0.976669
-0.0127649 0.000256856 -0.976669
-0.0127892 0.000256856 -0.976669
-0.0127405 0.000281205 -0.976671
-0.0127649 0.000281205 -0.976671
-0.0127892 0.000281205 -0.976671
-0.0127405 0.000305555 -0.976672
-0.0127649 0.000305555 -0.976672
-0.0127892 0.000305555 -0.976672
-0.0127405 0.000329904 -0.976674
-0.0127649 0.000329904 -0.976674
-0.0127892 0.000329904 -0.976674
-0.0127405 0.000354253 -0.976675
-0.0127649 0.000354253 -0.976675
-0.0127892 0.000354253 -0.976675
-0.0127405 0.000378602 -0.976677
-0.0127649 0.000378602 -0.976677
-0.0127892 0.000378602 -0.976677
-0.0127405 0.000402951 -0.976678
-0.0127649 0.000402951 -0.976678
-0.0127892 0.000402951 -0.976678
-0.0127405 0.000427301 -0.97668
-0.0127649 0.000427301 -0.97668
-0.0127892 0.000427301 -0.97668
-0.0127405 0.00045165 -0.976681
-0.0127649 0.00045165 -0.976681
-0.0127892 0.00045165 -0.976681
