0.00693637 -0.0892227 -0.967317
0.00560946 -0.0892227 -0.967325
0.00428255 -0.0892227 -0.967333
0.00693637 -0.0878958 -0.967319
0.00560946 -0.0878958 -0.967327
0.00428255 -0.0878958 -0.967335
0.00693637 -0.0865689 -0.96732
0.00560946 -0.0865689 -0.967328
0.00428255 -0.0865689 -0.967336
0.00693637 -0.085242 -0.967322
0.00560946 -0.085242 -0.96733
0.00428255 -0.085242 -0.967338
0.00693637 -0.083915 -0.967323
0.00560946 -0.083915 -0.967331
0.00428255 -0.083915 -0.967339
0.00693637 -0.0825881 -0.967325
0.00560946 -0.0825881 -0.967333
0.00428255 -0.0825881 -0.967341
0.00693637 -0.0812612 -0.967326
0.00560946 -0.0812612 -0.967334
0.00428255 -0.0812612 -0.967342
0.00693637 -0.0799343 -0.967328
0.00560946 -0.0799343 -0.967336
0.00428255 -0.0799343 -0.967344
0.00693637 -0.0786074 -0.967329
0.00560946 -0.0786074 -0.967337
0.00428255 -0.0786074 -0.967345
0.00693637 -0.0772805 -0.967331
0.00560946 -0.0772805 -0.967339
0.00428255 -0.0772805 -0.967347
0.00693637 -0.0759536 -0.967332
0.00560946 -0.0759536 -0.96734
0.00428255 -0.0759536 -0.967348
0.00693637 -0.0746267 -0.967334
0.00560946 -0.0746267 -0.967342
0.00428255 -0.0746267 -0.96735
0.00693637 -0.0732998 -0.967335
0.00560946 -0.0732998 -0.967343
0.00428255 -0.0732998 -0.967351
0.00693637 -0.0719728 -0.967337
0.00560946 -0.0719728 -0.967345
0.00428255 -0.0719728 -0.967353
0.00693637 -0.0706459 -0.967338
0.00560946 -0.0706459 -0.967346
0.00428255 -0.0706459 -0.967354
0.00693637 -0.069319 -0.96734
0.00560946 -0.069319 -0.967348
0.00428255 -0.069319 -0.967356
0.00693637 -0.0679921 -0.967341
0.00560946 -0.0679921 -0.967349
0.00428255 -0.0679921 -0.967357
0.00693637 -0.0666652 -0.967343
0.00560946 -0.0666652 -0.967351
0.00428255 -0.0666652 -0.967359
0.00693637 -0.0653383 -0.967344
0.00560946 -0.0653383 -0.967352
0.00428255 -0.0653383 -0.96736
0.00693637 -0.0640114 -0.967346
0.00560946 -0.0640114 -0.967354
0.00428255 -0.0640114 -0.967362
0.00693637 -0.0626845 -0.967347
0.00560946 -0.0626845 -0.967355
0.00428255 -0.0626845 -0.967363
0.00693637 -0.0613575 -0.967349
0.00560946 -0.0613575 -0.967357
0.00428255 -0.0613575 -0.967365
0.00693637 -0.0600306 -0.96735
0.00560946 -0.0600306 -0.967358
0.00428255 -0.0600306 -0.967366
0.00693637 -0.0587037 -0.967352
0.00560946 -0.0587037 -0.96736
0.00428255 -0.0587037 -0.967368
0.00693637 -0.0573768 -0.967353
0.00560946 -0.0573768 -0.967361
0.00428255 -0.0573768 -0.967369
0.00693637 -0.0560499 -0.967355
0.00560946 -0.0560499 -0.967363
0.00428255 -0.0560499 -0.967371
0.00693637 -0.054723 -0.967356
0.00560946 -0.054723 -0.967364
0.00428255 -0.054723 -0.967372
0.00693637 -0.0533961 -0.967358
0.00560946 -0.0533961 -0.967366
0.00428255 -0.0533961 -0.967374
0.00693637 -0.0520692 -0.967359
0.00560946 -0.0520692 -0.967367
0.00428255 -0.0520692 -0.967375
0.00693637 -0.0507422 -0.967361
0.00560946 -0.0507422 -0.967369
0.00428255 -0.0507422 -0.967377
0.00693637 -0.0494153 -0.967362
0.00560946 -0.0494153 -0.96737
0.00428255 -0.0494153 -0.967378
0.00693637 -0.0480884 -0.967364
0.00560946 -0.0480884 -0.967372
0.00428255 -0.0480884 -0.96738
0.00693637 -0.0467615 -0.967365
0.00560946 -0.0467615 -0.967373
0.00428255 -0.0467615 -0.967381
0.00693637 -0.0454346 -0.967367
0.00560946 -0.0454346 -0.967375
0.00428255 -0.0454346 -0.967383
0.00693637 -0.0441077 -0.967368
0.00560946 -0.0441077 -0.967376
0.00428255 -0.0441077 -0.967384
0.00693637 -0.0427808 -0.96737
0.00560946 -0.0427808 -0.967378
0.00428255 -0.0427808 -0.967386
0.00693637 -0.0414539 -0.967371
0.00560946 -0.0414539 -0.967379
0.00428255 -0.0414539 -0.967387
0.00693637 -0.0401269 -0.967373
0.00560946 -0.0401269 -0.967381
0.00428255 -0.0401269 -0.967389
0.00693637 -0.0388 -0.967374
0.00560946 -0.0388 -0.967382
0.00428255 -0.0388 -0.96739
0.00693637 -0.0374731 -0.967376
0.00560946 -0.0374731 -0.967384
0.00428255 -0.0374731 -0.967392
0.00693637 -0.0361462 -0.967377
0.00560946 -0.0361462 -0.967385
0.00428255 -0.0361462 -0.967393
0.00693637 -0.0348193 -0.967379
0.00560946 -0.0348193 -0.967387
0.00428255 -0.0348193 -0.967395
0.00693637 -0.0334924 -0.96738
0.00560946 -0.0334924 -0.967388
0.00428255 -0.0334924 -0.967396
0.00693637 -0.0321655 -0.967382
0.00560946 -0.0321655 -0.96739
0.00428255 -0.0321655 -0.967398
0.00693637 -0.0308386 -0.967383
0.00560946 -0.0308386 -0.967391
0.00428255 -0.0308386 -0.967399
0.00693637 -0.0295117 -0.967385
0.00560946 -0.0295117 -0.967393
0.00428255 -0.0295117 -0.967401
0.00693637 -0.0281847 -0.967386
0.00560946 -0.0281847 -0.967394
0.00428255 -0.0281847 -0.967402
0.00693637 -0.0268578 -0.967388
0.00560946 -0.0268578 -0.967396
0.00428255 -0.0268578 -0.967404
0.00693637 -0.0255309 -0.967389
0.00560946 -0.0255309 -0.967397
0.00428255 -0.0255309 -0.967405
0.00693637 -0.024204 -0.967391
0.00560946 -0.024204 -0.967399
0.00428255 -0.024204 -0.967407
0.00693637 -0.0228771 -0.967392
0.00560946 -0.0228771 -0.9674
0.00428255 -0.0228771 -0.967408
0.00693637 -0.0215502 -0.967394
0.00560946 -0.0215502 -0.967402
0.00428255 -0.0215502 -0.96741
0.00693637 -0.0202233 -0.967395
0.00560946 -0.0202233 -0.967403
0.00428255 -0.0202233 -0.967411
0.00693637 -0.0188964 -0.967397
0.00560946 -0.0188964 -0.967405
0.00428255 -0.0188964 -0.967413
0.00693637 -0.0175694 -0.967398
0.00560946 -0.0175694 -0.967406
0.00428255 -0.0175694 -0.967414
0.00693637 -0.0162425 -0.9674
0.00560946 -0.0162425 -0.967408
0.00428255 -0.0162425 -0.967416
0.00693637 -0.0149156 -0.967401
0.00560946 -0.0149156 -0.967409
0.00428255 -0.0149156 -0.967417
0.00693637 -0.0135887 -0.967403
0.00560946 -0.0135887 -0.967411
0.00428255 -0.0135887 -0.967419
0.00693637 -0.0122618 -0.967404
0.00560946 -0.0122618 -0.967412
0.00428255 -0.0122618 -0.96742
0.00693637 -0.0109349 -0.967406
0.00560946 -0.0109349 -0.967414
0.00428255 -0.0109349 -0.967422
0.00693637 -0.00960798 -0.967407
0.00560946 -0.00960798 -0.967415
0.00428255 -0.00960798 -0.967423
0.00693637 -0.00828107 -0.967409
0.00560946 -0.00828107 -0.967417
0.00428255 -0.00828107 -0.967425
0.00693637 -0.00695415 -0.96741
0.00560946 -0.00695415 -0.967418
0.00428255 -0.00695415 -0.967426
0.00693637 -0.00562724 -0.967412
0.00560946 -0.00562724 -0.96742
0.00428255 -0.00562724 -0.967428
0.00693637 -0.00430033 -0.967413
0.00560946 -0.00430033 -0.967421
0.00428255 -0.00430033 -0.96743
0.00693637 -0.00297342 -0.967415
0.00560946 -0.00297342 -0.967423
0.00428255 -0.00297342 -0.967431
0.00693637 -0.00164651 -0.967416
0.00560946 -0.00164651 -0.967424
0.00428255 -0.00164651 -0.967432
0.00693637 -0.000319595 -0.967418
0.00560946 -0.000319595 -0.967426
0.00428255 -0.000319595 -0.967434
0.00693637 0.00100732 -0.967419
0.00560946 0.00100732 -0.967427
0.00428255 0.00100732 -0.967436
0.00693637 0.00233423 -0.967421
0.00560946 0.00233423 -0.967429
0.00428255 0.00233423 -0.967437
0.00693637 0.00366114 -0.967422
0.00560946 0.00366114 -0.96743
0.00428255 0.00366114 -0.967439
0.00693637 0.00498805 -0.967424
0.00560946 0.00498805 -0.967432
0.00428255 0.00498805 -0.96744
0.00693637 0.00631496 -0.967425
0.00560946 0.00631496 -0.967433
0.00428255 0.00631496 -0.967441
0.00693637 0.00764188 -0.967427
0.00560946 0.00764188 -0.967435
0.00428255 0.00764188 -0.967443
0.00693637 0.00896879 -0.967428
0.00560946 0.00896879 -0.967436
0.00428255 0.00896879 -0.967445
0.00693637 0.0102957 -0.96743
0.00560946 0.0102957 -0.967438
0.00428255 0.0102957 -0.967446
0.00693637 0.0116226 -0.967431
0.00560946 0.0116226 -0.967439
0.00428255 0.0116226 -0.967448
0.00693637 0.0129495 -0.967433
0.00560946 0.0129495 -0.967441
0.00428255 0.0129495 -0.967449
0.00693637 0.0142764 -0.967434
0.00560946 0.0142764 -0.967442
0.00428255 0.0142764 -0.967451
0.00693637 0.0156033 -0.967436
0.00560946 0.0156033 -0.967444
0.00428255 0.0156033 -0.967452
0.00693637 0.0169303 -0.967437
0.00560946 0.0169303 -0.967445
0.00428255 0.0169303 -0.967454
0.00693637 0.0182572 -0.967439
0.00560946 0.0182572 -0.967447
0.00428255 0.0182572 -0.967455
0.00693637 0.0195841 -0.96744
0.00560946 0.0195841 -0.967448
0.00428255 0.0195841 -0.967457
0.00693637 0.020911 -0.967442
0.00560946 0.020911 -0.96745
0.00428255 0.020911 -0.967458
0.00693637 0.0222379 -0.967443
0.00560946 0.0222379 -0.967452
0.00428255 0.0222379 -0.96746
0.00693637 0.0235648 -0.967445
0.00560946 0.0235648 -0.967453
0.00428255 0.0235648 -0.967461
0.00693637 0.0248917 -0.967446
0.00560946 0.0248917 -0.967454
0.00428255 0.0248917 -0.967463
0.00693637 0.0262186 -0.967448
0.00560946 0.0262186 -0.967456
0.00428255 0.0262186 -0.967464
0.00693637 0.0275456 -0.967449
0.00560946 0.0275456 -0.967457
0.00428255 0.0275456 -0.967466
0.00693637 0.0288725 -0.967451
0.00560946 0.0288725 -0.967459
0.00428255 0.0288725 -0.967467
0.00693637 0.0301994 -0.967452
0.00560946 0.0301994 -0.967461
0.00428255 0.0301994 -0.967469
0.00693637 0.0315263 -0.967454
0.00560946 0.0315263 -0.967462
0.00428255 0.0315263 -0.96747
0.00693637 0.0328532 -0.967455
0.00560946 0.0328532 -0.967463
0.00428255 0.0328532 -0.967472
0.00693637 0.0341801 -0.967457
0.00560946 0.0341801 -0.967465
0.00428255 0.0341801 -0.967473
0.00693637 0.035507 -0.967458
0.00560946 0.035507 -0.967467
0.00428255 0.035507 -0.967475
0.00693637 0.0368339 -0.96746
0.00560946 0.0368339 -0.967468
0.00428255 0.0368339 -0.967476
0.00693637 0.0381608 -0.967461
0.00560946 0.0381608 -0.96747
0.00428255 0.0381608 -0.967478
0.00693637 0.0394878 -0.967463
0.00560946 0.0394878 -0.967471
0.00428255 0.0394878 -0.967479
0.00693637 0.0408147 -0.967464
0.00560946 0.0408147 -0.967473
0.00428255 0.0408147 -0.967481
0.00693637 0.0421416 -0.967466
0.00560946 0.0421416 -0.967474
0.00428255 0.0421416 -0.967482
0.00693637 0.0434685 -0.967467
0.00560946 0.0434685 -0.967476
0.00428255 0.0434685 -0.967484
0.00693637 0.0447954 -0.967469
0.00560946 0.0447954 -0.967477
0.00428255 0.0447954 -0.967485
0.00693637 0.0461223 -0.96747
0.00560946 0.0461223 -0.967479
0.00428255 0.0461223 -0.967487
0.00693637 0.0474492 -0.967472
0.00560946 0.0474492 -0.96748
0.00428255 0.0474492 -0.967488
0.00693637 0.0487761 -0.967473
0.00560946 0.0487761 -0.967482
0.00428255 0.0487761 -0.96749
0.00693637 0.0501031 -0.967475
0.00560946 0.0501031 -0.967483
0.00428255 0.0501031 -0.967491
0.00693637 0.05143 -0.967476
0.00560946 0.05143 -0.967485
0.00428255 0.05143 -0.967493
0.00693637 0.0527569 -0.967478
0.00560946 0.0527569 -0.967486
0.00428255 0.0527569 -0.967494
0.00693637 0.0540838 -0.967479
0.00560946 0.0540838 -0.967488
0.00428255 0.0540838 -0.967496
0.00693637 0.0554107 -0.967481
0.00560946 0.0554107 -0.967489
0.00428255 0.0554107 -0.967497
0.00693637 0.0567376 -0.967483
0.00560946 0.0567376 -0.967491
0.00428255 0.0567376 -0.967499
