-0.0067345 -0.0434329 -0.994312
-0.0068565 -0.0434329 -0.994311
-0.00697851 -0.0434329 -0.99431
-0.0067345 -0.0433109 -0.994312
-0.0068565 -0.0433109 -0.994311
-0.00697851 -0.0433109 -0.99431
-0.0067345 -0.0431889 -0.994313
-0.0068565 -0.0431889 -0.994312
-0.00697851 -0.0431889 -0.994311
-0.0067345 -0.0430669 -0.994313
-0.0068565 -0.0430669 -0.994312
-0.00697851 -0.0430669 -0.994311
-0.0067345 -0.0429449 -0.994314
-0.0068565 -0.0429449 -0.994313
-0.00697851 -0.0429449 -0.994312
-0.0067345 -0.0428229 -0.994314
-0.0068565 -0.0428229 -0.994313
-0.00697851 -0.0428229 -0.994312
-0.0067345 -0.0427009 -0.994315
-0.0068565 -0.0427009 -0.994314
-0.00697851 -0.0427009 -0.994312
-0.0067345 -0.0425789 -0.994315
-0.0068565 -0.0425789 -0.994314
-0.00697851 -0.0425789 -0.994313
-0.0067345 -0.0424569 -0.994316
-0.0068565 -0.0424569 -0.994314
-0.00697851 -0.0424569 -0.994313
-0.0067345 -0.0423349 -0.994316
-0.0068565 -0.0423349 -0.994315
-0.00697851 -0.0423349 -0.994314
-0.0067345 -0.0422129 -0.994317
-0.0068565 -0.0422129 -0.994315
-0.00697851 -0.0422129 -0.994314
-0.0067345 -0.0420909 -0.994317
-0.0068565 -0.0420909 -0.994316
-0.00697851 -0.0420909 -0.994315
-0.0067345 -0.0419689 -0.994317
-0.0068565 -0.0419689 -0.994316
-0.00697851 -0.0419689 -0.994315
-0.0067345 -0.0418469 -0.994318
-0.0068565 -0.0418469 -0.994317
-0.00697851 -0.0418469 -0.994316
-0.0067345 -0.0417249 -0.994318
-0.0068565 -0.0417249 -0.994317
-0.00697851 -0.0417249 -0.994316
-0.0067345 -0.0416029 -0.994319
-0.0068565 -0.0416029 -0.994318
-0.00697851 -0.0416029 -0.994317
-0.0067345 -0.0414809 -0.994319
-0.0068565 -0.0414809 -0.994318
-0.00697851 -0.0414809 -0.994317
-0.0067345 -0.0413589 -0.99432
-0.0068565 -0.0413589 -0.994319
-0.00697851 -0.0413589 -0.994318
-0.0067345 -0.0412369 -0.99432
-0.0068565 -0.0412369 -0.994319
-0.00697851 -0.0412369 -0.994318
-0.0067345 -0.0411149 -0.994321
-0.0068565 -0.0411149 -0.99432
-0.00697851 -0.0411149 -0.994318
-0.0067345 -0.0409929 -0.994321
-0.0068565 -0.0409929 -0.99432
-0.00697851 -0.0409929 -0.994319
-0.0067345 -0.0408709 -0.994322
-0.0068565 -0.0408709 -0.994321
-0.00697851 -0.0408709 -0.994319
-0.0067345 -0.0407489 -0.994322
-0.0068565 -0.0407489 -0.994321
-0.00697851 -0.0407489 -0.99432
-0.0067345 -0.0406269 -0.994323
-0.0068565 -0.0406269 -0.994321
-0.00697851 -0.0406269 -0.99432
-0.0067345 -0.0405049 -0.994323
-0.0068565 -0.0405049 -0.994322
-0.00697851 -0.0405049 -0.994321
-0.0067345 -0.0403829 -0.994323
-0.0068565 -0.0403829 -0.994322
-0.00697851 -0.0403829 -0.994321
-0.0067345 -0.0402609 -0.994324
-0.0068565 -0.0402609 -0.994323
-0.00697851 -0.0402609 -0.994322
-0.0067345 -0.0401389 -0.994324
-0.0068565 -0.0401389 -0.994323
-0.00697851 -0.0401389 -0.994322
-0.0067345 -0.0400169 -0.994325
-0.0068565 -0.0400169 -0.994324
-0.00697851 -0.0400169 -0.994323
-0.0067345 -0.0398949 -0.994325
-0.0068565 -0.0398949 -0.994324
-0.00697851 -0.0398949 -0.994323
-0.0067345 -0.0397729 -0.994326
-0.0068565 -0.0397729 -0.994325
-0.00697851 -0.0397729 -0.994324
-0.0067345 -0.0396509 -0.994326
-0.0068565 -0.0396509 -0.994325
-0.00697851 -0.0396509 -0.994324
-0.0067345 -0.0395289 -0.994327
-0.0068565 -0.0395289 -0.994326
-0.00697851 -0.0395289 -0.994325
-0.0067345 -0.0394069 -0.994327
-0.0068565 -0.0394069 -0.994326
-0.00697851 -0.0394069 -0.994325
-0.0067345 -0.0392849 -0.994328
-0.0068565 -0.0392849 -0.994327
-0.00697851 -0.0392849 -0.994325
-0.0067345 -0.0391629 -0.994328
-0.0068565 -0.0391629 -0.994327
-0.00697851 -0.0391629 -0.994326
-0.0067345 -0.0390409 -0.994329
-0.0068565 -0.0390409 -0.994327
-0.00697851 -0.0390409 -0.994326
-0.0067345 -0.0389189 -0.994329
-0.0068565 -0.0389189 -0.994328
-0.00697851 -0.0389189 -0.994327
-0.0067345 -0.0387969 -0.99433
-0.0068565 -0.0387969 -0.994328
-0.00697851 -0.0387969 -0.994327
-0.0067345 -0.0386749 -0.99433
-0.0068565 -0.0386749 -0.994329
-0.00697851 -0.0386749 -0.994328
-0.0067345 -0.0385529 -0.99433
-0.0068565 -0.0385529 -0.994329
-0.00697851 -0.0385529 -0.994328
-0.0067345 -0.0384309 -0.994331
-0.0068565 -0.0384309 -0.99433
-0.00697851 -0.0384309 -0.994329
-0.0067345 -0.0383089 -0.994331
-0.0068565 -0.0383089 -0.99433
-0.00697851 -0.0383089 -0.994329
-0.0067345 -0.0381869 -0.994332
-0.0068565 -0.0381869 -0.994331
-0.00697851 -0.0381869 -0.99433
-0.0067345 -0.0380649 -0.994332
-0.0068565 -0.0380649 -0.994331
-0.00697851 -0.0380649 -0.99433
-0.0067345 -0.0379429 -0.994333
-0.0068565 -0.0379429 -0.994332
-0.00697851 -0.0379429 -0.994331
-0.0067345 -0.0378209 -0.994333
-0.0068565 -0.0378209 -0.994332
-0.00697851 -0.0378209 -0.994331
-0.0067345 -0.0376989 -0.994334
-0.0068565 -0.0376989 -0.994333
-0.00697851 -0.0376989 -0.994331
-0.0067345 -0.0375769 -0.994334
-0.0068565 -0.0375769 -0.994333
-0.00697851 -0.0375769 -0.994332
-0.0067345 -0.0374549 -0.994335
-0.0068565 -0.0374549 -0.994334
-0.00697851 -0.0374549 -0.994332
-0.0067345 -0.0373329 -0.994335
-0.0068565 -0.0373329 -0.994334
-0.00697851 -0.0373329 -0.994333
-0.0067345 -0.0372109 -0.994336
-0.0068565 -0.0372109 -0.994334
-0.00697851 -0.0372109 -0.994333
-0.0067345 -0.0370889 -0.994336
-0.0068565 -0.0370889 -0.994335
-0.00697851 -0.0370889 -0.994334
-0.0067345 -0.0369669 -0.994336
-0.0068565 -0.0369669 -0.994335
-0.00697851 -0.0369669 -0.994334
-0.0067345 -0.0368449 -0.994337
-0.0068565 -0.0368449 -0.994336
-0.00697851 -0.0368449 -0.994335
-0.0067345 -0.0367229 -0.994337
-0.0068565 -0.0367229 -0.994336
-0.00697851 -0.0367229 -0.994335
-0.0067345 -0.0366009 -0.994338
-0.0068565 -0.0366009 -0.994337
-0.00697851 -0.0366009 -0.994336
-0.0067345 -0.0364789 -0.994338
-0.0068565 -0.0364789 -0.994337
-0.00697851 -0.0364789 -0.994336
-0.0067345 -0.0363569 -0.994339
-0.0068565 -0.0363569 -0.994338
-0.00697851 -0.0363569 -0.994337
-0.0067345 -0.0362349 -0.994339
-0.0068565 -0.0362349 -0.994338
-0.00697851 -0.0362349 -0.994337
-0.0067345 -0.0361129 -0.99434
-0.0068565 -0.0361129 -0.994339
-0.00697851 -0.0361129 -0.994337
-0.0067345 -0.0359909 -0.99434
-0.0068565 -0.0359909 -0.994339
-0.00697851 -0.0359909 -0.994338
-0.0067345 -0.0358689 -0.994341
-0.0068565 -0.0358689 -0.99434
-0.00697851 -0.0358689 -0.994338
-0.0067345 -0.0357469 -0.994341
-0.0068565 -0.0357469 -0.99434
-0.00697851 -0.0357469 -0.994339
-0.0067345 -0.0356249 -0.994342
-0.0068565 -0.0356249 -0.99434
-0.00697851 -0.0356249 -0.994339
-0.0067345 -0.0355029 -0.994342
-0.0068565 -0.0355029 -0.994341
-0.00697851 -0.0355029 -0.99434
-0.0067345 -0.0353808 -0.994343
-0.0068565 -0.0353808 -0.994341
-0.00697851 -0.0353808 -0.99434
-0.0067345 -0.0352588 -0.994343
-0.0068565 -0.0352588 -0.994342
-0.00697851 -0.0352588 -0.994341
-0.0067345 -0.0351368 -0.994343
-0.0068565 -0.0351368 -0.994342
-0.00697851 -0.0351368 -0.994341
-0.0067345 -0.0350148 -0.994344
-0.0068565 -0.0350148 -0.994343
-0.00697851 -0.0350148 -0.994342
-0.0067345 -0.0348928 -0.994344
-0.0068565 -0.0348928 -0.994343
-0.00697851 -0.0348928 -0.994342
-0.0067345 -0.0347708 -0.994345
-0.0068565 -0.0347708 -0.994344
-0.00697851 -0.0347708 -0.994343
-0.0067345 -0.0346488 -0.994345
-0.0068565 -0.0346488 -0.994344
-0.00697851 -0.0346488 -0.994343
-0.0067345 -0.0345268 -0.994346
-0.0068565 -0.0345268 -0.994345
-0.00697851 -0.0345268 -0.994344
-0.0067345 -0.0344048 -0.994346
-0.0068565 -0.0344048 -0.994345
-0.00697851 -0.0344048 -0.994344
-0.0067345 -0.0342828 -0.994347
-0.0068565 -0.0342828 -0.994346
-0.00697851 -0.0342828 -0.994344
-0.0067345 -0.0341608 -0.994347
-0.0068565 -0.0341608 -0.994346
-0.00697851 -0.0341608 -0.994345
-0.0067345 -0.0340388 -0.994348
-0.0068565 -0.0340388 -0.994346
-0.00697851 -0.0340388 -0.994345
-0.0067345 -0.0339168 -0.994348
-0.0068565 -0.0339168 -0.994347
-0.00697851 -0.0339168 -0.994346
-0.0067345 -0.0337948 -0.994349
-0.0068565 -0.0337948 -0.994347
-0.00697851 -0.0337948 -0.994346
-0.0067345 -0.0336728 -0.994349
-0.0068565 -0.0336728 -0.994348
-0.00697851 -0.0336728 -0.994347
-0.0067345 -0.0335508 -0.994349
-0.0068565 -0.0335508 -0.994348
-0.00697851 -0.0335508 -0.994347
-0.0067345 -0.0334288 -0.99435
-0.0068565 -0.0334288 -0.994349
-0.00697851 -0.0334288 -0.994348
-0.0067345 -0.0333068 -0.99435
-0.0068565 -0.0333068 -0.994349
-0.00697851 -0.0333068 -0.994348
-0.0067345 -0.0331848 -0.994351
-0.0068565 -0.0331848 -0.99435
-0.00697851 -0.0331848 -0.994349
-0.0067345 -0.0330628 -0.994351
-0.0068565 -0.0330628 -0.99435
-0.00697851 -0.0330628 -0.994349
-0.0067345 -0.0329408 -0.994352
-0.0068565 -0.0329408 -0.994351
-0.00697851 -0.0329408 -0.99435
-0.0067345 -0.0328188 -0.994352
-0.0068565 -0.0328188 -0.994351
-0.00697851 -0.0328188 -0.99435
-0.0067345 -0.0326968 -0.994353
-0.0068565 -0.0326968 -0.994352
-0.00697851 -0.0326968 -0.99435
-0.0067345 -0.0325748 -0.994353
-0.0068565 -0.0325748 -0.994352
-0.00697851 -0.0325748 -0.994351
-0.0067345 -0.0324528 -0.994354
-0.0068565 -0.0324528 -0.994353
-0.00697851 -0.0324528 -0.994351
-0.0067345 -0.0323308 -0.994354
-0.0068565 -0.0323308 -0.994353
-0.00697851 -0.0323308 -0.994352
-0.0067345 -0.0322088 -0.994355
-0.0068565 -0.0322088 -0.994353
-0.00697851 -0.0322088 -0.994352
-0.0067345 -0.0320868 -0.994355
-0.0068565 -0.0320868 -0.994354
-0.00697851 -0.0320868 -0.994353
-0.0067345 -0.0319648 -0.994355
-0.0068565 -0.0319648 -0.994354
-0.00697851 -0.0319648 -0.994353
-0.0067345 -0.0318428 -0.994356
-0.0068565 -0.0318428 -0.994355
-0.00697851 -0.0318428 -0.994354
-0.0067345 -0.0317208 -0.994356
-0.0068565 -0.0317208 -0.994355
-0.00697851 -0.0317208 -0.994354
-0.0067345 -0.0315988 -0.994357
-0.0068565 -0.0315988 -0.994356
-0.00697851 -0.0315988 -0.994355
-0.0067345 -0.0314768 -0.994357
-0.0068565 -0.0314768 -0.994356
-0.00697851 -0.0314768 -0.994355
-0.0067345 -0.0313548 -0.994358
-0.0068565 -0.0313548 -0.994357
-0.00697851 -0.0313548 -0.994356
-0.0067345 -0.0312328 -0.994358
-0.0068565 -0.0312328 -0.994357
-0.00697851 -0.0312328 -0.994356
-0.0067345 -0.0311108 -0.994359
-0.0068565 -0.0311108 -0.994358
-0.00697851 -0.0311108 -0.994357
-0.0067345 -0.0309888 -0.994359
-0.0068565 -0.0309888 -0.994358
-0.00697851 -0.0309888 -0.994357
-0.0067345 -0.0308668 -0.99436
-0.0068565 -0.0308668 -0.994359
-0.00697851 -0.0308668 -0.994357
-0.0067345 -0.0307448 -0.99436
-0.0068565 -0.0307448 -0.994359
-0.00697851 -0.0307448 -0.994358
-0.0067345 -0.0306228 -0.994361
-0.0068565 -0.0306228 -0.994359
-0.00697851 -0.0306228 -0.994358
-0.0067345 -0.0305008 -0.994361
-0.0068565 -0.0305008 -0.99436
-0.00697851 -0.0305008 -0.994359
-0.0067345 -0.0303788 -0.994362
-0.0068565 -0.0303788 -0.99436
-0.00697851 -0.0303788 -0.994359
-0.0067345 -0.0302568 -0.994362
-0.0068565 -0.0302568 -0.994361
-0.00697851 -0.0302568 -0.99436
-0.0067345 -0.0301348 -0.994362
-0.0068565 -0.0301348 -0.994361
-0.00697851 -0.0301348 -0.99436
-0.0067345 -0.0300128 -0.994363
-0.0068565 -0.0300128 -0.994362
-0.00697851 -0.0300128 -0.994361
