-0.0026366 0.0249069 -1.09114
-0.00237762 0.0249069 -1.09114
-0.00211864 0.0249069 -1.09114
-0.0026366 0.0246479 -1.09114
-0.00237762 0.0246479 -1.09114
-0.00211864 0.0246479 -1.09114
-0.0026366 0.0243889 -1.09114
-0.00237762 0.0243889 -1.09114
-0.00211864 0.0243889 -1.09114
-0.0026366 0.0241299 -1.09114
-0.00237762 0.0241299 -1.09114
-0.00211864 0.0241299 -1.09114
-0.0026366 0.0238709 -1.09114
-0.00237762 0.0238709 -1.09114
-0.00211864 0.0238709 -1.09114
-0.0026366 0.023612 -1.09114
-0.00237762 0.023612 -1.09114
-0.00211864 0.023612 -1.09114
-0.0026366 0.023353 -1.09114
-0.00237762 0.023353 -1.09114
-0.00211864 0.023353 -1.09114
-0.0026366 0.023094 -1.09114
-0.00237762 0.023094 -1.09114
-0.00211864 0.023094 -1.09114
-0.0026366 0.022835 -1.09114
-0.00237762 0.022835 -1.09114
-0.00211864 0.022835 -1.09114
-0.0026366 0.0225761 -1.09114
-0.00237762 0.0225761 -1.09114
-0.00211864 0.0225761 -1.09114
-0.0026366 0.0223171 -1.09114
-0.00237762 0.0223171 -1.09114
-0.00211864 0.0223171 -1.09114
-0.0026366 0.0220581 -1.09114
-0.00237762 0.0220581 -1.09114
-0.00211864 0.0220581 -1.09114
-0.0026366 0.0217991 -1.09114
-0.00237762 0.0217991 -1.09114
-0.00211864 0.0217991 -1.09114
-0.0026366 0.0215401 -1.09114
-0.00237762 0.0215401 -1.09114
-0.00211864 0.0215401 -1.09114
-0.0026366 0.0212812 -1.09114
-0.00237762 0.0212812 -1.09114
-0.00211864 0.0212812 -1.09115
-0.0026366 0.0210222 -1.09114
-0.00237762 0.0210222 -1.09114
-0.00211864 0.0210222 -1.09115
-0.0026366 0.0207632 -1.09114
-0.00237762 0.0207632 -1.09114
-0.00211864 0.0207632 -1.09115
-0.0026366 0.0205042 -1.09114
-0.00237762 0.0205042 -1.09114
-0.00211864 0.0205042 -1.09115
-0.0026366 0.0202453 -1.09114
-0.00237762 0.0202453 -1.09114
-0.00211864 0.0202453 -1.09115
-0.0026366 0.0199863 -1.09114
-0.00237762 0.0199863 -1.09114
-0.00211864 0.0199863 -1.09115
-0.0026366 0.0197273 -1.09114
-0.00237762 0.0197273 -1.09114
-0.00211864 0.0197273 -1.09115
-0.0026366 0.0194683 -1.09114
-0.00237762 0.0194683 -1.09114
-0.00211864 0.0194683 -1.09115
-0.0026366 0.0192093 -1.09114
-0.00237762 0.0192093 -1.09115
-0.00211864 0.0192093 -1.09115
-0.0026366 0.0189504 -1.09114
-0.00237762 0.0189504 -1.09115
-0.00211864 0.0189504 -1.09115
-0.0026366 0.0186914 -1.09114
-0.00237762 0.0186914 -1.09115
-0.00211864 0.0186914 -1.09115
-0.0026366 0.0184324 -1.09114
-0.00237762 0.0184324 -1.09115
-0.00211864 0.0184324 -1.09115
-0.0026366 0.0181734 -1.09114
-0.00237762 0.0181734 -1.09115
-0.00211864 0.0181734 -1.09115
-0.0026366 0.0179145 -1.09114
-0.00237762 0.0179145 -1.09115
-0.00211864 0.0179145 -1.09115
-0.0026366 0.0176555 -1.09114
-0.00237762 0.0176555 -1.09115
-0.00211864 0.0176555 -1.09115
-0.0026366 0.0173965 -1.09114
-0.00237762 0.0173965 -1.09115
-0.00211864 0.0173965 -1.09115
-0.0026366 0.0171375 -1.09114
-0.00237762 0.0171375 -1.09115
-0.00211864 0.0171375 -1.09115
-0.0026366 0.0168785 -1.09115
-0.00237762 0.0168785 -1.09115
-0.00211864 0.0168785 -1.09115
-0.0026366 0.0166196 -1.09115
-0.00237762 0.0166196 -1.09115
-0.00211864 0.0166196 -1.09115
-0.0026366 0.0163606 -1.09115
-0.00237762 0.0163606 -1.09115
-0.00211864 0.0163606 -1.09115
-0.0026366 0.0161016 -1.09115
-0.00237762 0.0161016 -1.09115
-0.00211864 0.0161016 -1.09115
-0.0026366 0.0158426 -1.09115
-0.00237762 0.0158426 -1.09115
-0.00211864 0.0158426 -1.09115
-0.0026366 0.0155837 -1.09115
-0.00237762 0.0155837 -1.09115
-0.00211864 0.0155837 -1.09115
-0.0026366 0.0153247 -1.09115
-0.00237762 0.0153247 -1.09115
-0.00211864 0.0153247 -1.09115
-0.0026366 0.0150657 -1.09115
-0.00237762 0.0150657 -1.09115
-0.00211864 0.0150657 -1.09115
-0.0026366 0.0148067 -1.09115
-0.00237762 0.0148067 -1.09115
-0.00211864 0.0148067 -1.09115
-0.0026366 0.0145477 -1.09115
-0.00237762 0.0145477 -1.09115
-0.00211864 0.0145477 -1.09115
-0.0026366 0.0142888 -1.09115
-0.00237762 0.0142888 -1.09115
-0.00211864 0.0142888 -1.09115
-0.0026366 0.0140298 -1.09115
-0.00237762 0.0140298 -1.09115
-0.00211864 0.0140298 -1.09115
-0.0026366 0.0137708 -1.09115
-0.00237762 0.0137708 -1.09115
-0.00211864 0.0137708 -1.09115
-0.0026366 0.0135118 -1.09115
-0.00237762 0.0135118 -1.09115
-0.00211864 0.0135118 -1.09115
-0.0026366 0.0132529 -1.09115
-0.00237762 0.0132529 -1.09115
-0.00211864 0.0132529 -1.09115
-0.0026366 0.0129939 -1.09115
-0.00237762 0.0129939 -1.09115
-0.00211864 0.0129939 -1.09115
-0.0026366 0.0127349 -1.09115
-0.00237762 0.0127349 -1.09115
-0.00211864 0.0127349 -1.09115
-0.0026366 0.0124759 -1.09115
-0.00237762 0.0124759 -1.09115
-0.00211864 0.0124759 -1.09116
-0.0026366 0.0122169 -1.09115
-0.00237762 0.0122169 -1.09115
-0.00211864 0.0122169 -1.09116
-0.0026366 0.011958 -1.09115
-0.00237762 0.011958 -1.09115
-0.00211864 0.011958 -1.09116
-0.0026366 0.011699 -1.09115
-0.00237762 0.011699 -1.09115
-0.00211864 0.011699 -1.09116
-0.0026366 0.01144 -1.09115
-0.00237762 0.01144 -1.09115
-0.00211864 0.01144 -1.09116
-0.0026366 0.011181 -1.09115
-0.00237762 0.011181 -1.09115
-0.00211864 0.011181 -1.09116
-0.0026366 0.0109221 -1.09115
-0.00237762 0.0109221 -1.09115
-0.00211864 0.0109221 -1.09116
-0.0026366 0.0106631 -1.09115
-0.00237762 0.0106631 -1.09115
-0.00211864 0.0106631 -1.09116
-0.0026366 0.0104041 -1.09115
-0.00237762 0.0104041 -1.09115
-0.00211864 0.0104041 -1.09116
-0.0026366 0.0101451 -1.09115
-0.00237762 0.0101451 -1.09116
-0.00211864 0.0101451 -1.09116
-0.0026366 0.00988615 -1.09115
-0.00237762 0.00988615 -1.09116
-0.00211864 0.00988615 -1.09116
-0.0026366 0.00962717 -1.09115
-0.00237762 0.00962717 -1.09116
-0.00211864 0.00962717 -1.09116
-0.0026366 0.00936819 -1.09115
-0.00237762 0.00936819 -1.09116
-0.00211864 0.00936819 -1.09116
-0.0026366 0.00910922 -1.09115
-0.00237762 0.00910922 -1.09116
-0.00211864 0.00910922 -1.09116
-0.0026366 0.00885024 -1.09115
-0.00237762 0.00885024 -1.09116
-0.00211864 0.00885024 -1.09116
-0.0026366 0.00859126 -1.09115
-0.00237762 0.00859126 -1.09116
-0.00211864 0.00859126 -1.09116
-0.0026366 0.00833228 -1.09115
-0.00237762 0.00833228 -1.09116
-0.00211864 0.00833228 -1.09116
-0.0026366 0.00807331 -1.09115
-0.00237762 0.00807331 -1.09116
-0.00211864 0.00807331 -1.09116
-0.0026366 0.00781433 -1.09116
-0.00237762 0.00781433 -1.09116
-0.00211864 0.00781433 -1.09116
-0.0026366 0.00755535 -1.09116
-0.00237762 0.00755535 -1.09116
-0.00211864 0.00755535 -1.09116
-0.0026366 0.00729637 -1.09116
-0.00237762 0.00729637 -1.09116
-0.00211864 0.00729637 -1.09116
-0.0026366 0.00703739 -1.09116
-0.00237762 0.00703739 -1.09116
-0.00211864 0.00703739 -1.09116
-0.0026366 0.00677842 -1.09116
-0.00237762 0.00677842 -1.09116
-0.00211864 0.00677842 -1.09116
-0.0026366 0.00651944 -1.09116
-0.00237762 0.00651944 -1.09116
-0.00211864 0.00651944 -1.09116
-0.0026366 0.00626046 -1.09116
-0.00237762 0.00626046 -1.09116
-0.00211864 0.00626046 -1.09116
-0.0026366 0.00600148 -1.09116
-0.00237762 0.00600148 -1.09116
-0.00211864 0.00600148 -1.09116
-0.0026366 0.00574251 -1.09116
-0.00237762 0.00574251 -1.09116
-0.00211864 0.00574251 -1.09116
-0.0026366 0.00548353 -1.09116
-0.00237762 0.00548353 -1.09116
-0.00211864 0.00548353 -1.09116
-0.0026366 0.00522455 -1.09116
-0.00237762 0.00522455 -1.09116
-0.00211864 0.00522455 -1.09116
-0.0026366 0.00496557 -1.09116
-0.00237762 0.00496557 -1.09116
-0.00211864 0.00496557 -1.09116
-0.0026366 0.0047066 -1.09116
-0.00237762 0.0047066 -1.09116
-0.00211864 0.0047066 -1.09116
-0.0026366 0.00444762 -1.09116
-0.00237762 0.00444762 -1.09116
-0.00211864 0.00444762 -1.09116
-0.0026366 0.00418864 -1.09116
-0.00237762 0.00418864 -1.09116
-0.00211864 0.00418864 -1.09116
-0.0026366 0.00392966 -1.09116
-0.00237762 0.00392966 -1.09116
-0.00211864 0.00392966 -1.09116
-0.0026366 0.00367068 -1.09116
-0.00237762 0.00367068 -1.09116
-0.00211864 0.00367068 -1.09116
-0.0026366 0.00341171 -1.09116
-0.00237762 0.00341171 -1.09116
-0.00211864 0.00341171 -1.09117
-0.0026366 0.00315273 -1.09116
-0.00237762 0.00315273 -1.09116
-0.00211864 0.00315273 -1.09117
-0.0026366 0.00289375 -1.09116
-0.00237762 0.00289375 -1.09116
-0.00211864 0.00289375 -1.09117
-0.0026366 0.00263477 -1.09116
-0.00237762 0.00263477 -1.09116
-0.00211864 0.00263477 -1.09117
-0.0026366 0.0023758 -1.09116
-0.00237762 0.0023758 -1.09116
-0.00211864 0.0023758 -1.09117
-0.0026366 0.00211682 -1.09116
-0.00237762 0.00211682 -1.09116
-0.00211864 0.00211682 -1.09117
-0.0026366 0.00185784 -1.09116
-0.00237762 0.00185784 -1.09116
-0.00211864 0.00185784 -1.09117
-0.0026366 0.00159886 -1.09116
-0.00237762 0.00159886 -1.09116
-0.00211864 0.00159886 -1.09117
-0.0026366 0.00133988 -1.09116
-0.00237762 0.00133988 -1.09116
-0.00211864 0.00133988 -1.09117
-0.0026366 0.00108091 -1.09116
-0.00237762 0.00108091 -1.09117
-0.00211864 0.00108091 -1.09117
-0.0026366 0.000821929 -1.09116
-0.00237762 0.000821929 -1.09117
-0.00211864 0.000821929 -1.09117
-0.0026366 0.000562951 -1.09116
-0.00237762 0.000562951 -1.09117
-0.00211864 0.000562951 -1.09117
-0.0026366 0.000303974 -1.09116
-0.00237762 0.000303974 -1.09117
-0.00211864 0.000303974 -1.09117
-0.0026366 4.4996e-05 -1.09116
-0.00237762 4.4996e-05 -1.09117
-0.00211864 4.4996e-05 -1.09117
-0.0026366 -0.000213982 -1.09116
-0.00237762 -0.000213982 -1.09117
-0.00211864 -0.000213982 -1.09117
-0.0026366 -0.00047296 -1.09116
-0.00237762 -0.00047296 -1.09117
-0.00211864 -0.00047296 -1.09117
-0.0026366 -0.000731937 -1.09116
-0.00237762 -0.000731937 -1.09117
-0.00211864 -0.000731937 -1.09117
-0.0026366 -0.000990915 -1.09116
-0.00237762 -0.000990915 -1.09117
-0.00211864 -0.000990915 -1.09117
-0.0026366 -0.00124989 -1.09117
-0.00237762 -0.00124989 -1.09117
-0.00211864 -0.00124989 -1.09117
-0.0026366 -0.00150887 -1.09117
-0.00237762 -0.00150887 -1.09117
-0.00211864 -0.00150887 -1.09117
-0.0026366 -0.00176785 -1.09117
-0.00237762 -0.00176785 -1.09117
-0.00211864 -0.00176785 -1.09117
-0.0026366 -0.00202683 -1.09117
-0.00237762 -0.00202683 -1.09117
-0.00211864 -0.00202683 -1.09117
-0.0026366 -0.0022858 -1.09117
-0.00237762 -0.0022858 -1.09117
-0.00211864 -0.0022858 -1.09117
-0.0026366 -0.00254478 -1.09117
-0.00237762 -0.00254478 -1.09117
-0.00211864 -0.00254478 -1.09117
-0.0026366 -0.00280376 -1.09117
-0.00237762 -0.00280376 -1.09117
-0.00211864 -0.00280376 -1.09117
-0.0026366 -0.00306274 -1.09117
-0.00237762 -0.00306274 -1.09117
-0.00211864 -0.00306274 -1.09117
-0.0026366 -0.00332171 -1.09117
-0.00237762 -0.00332171 -1.09117
-0.00211864 -0.00332171 -1.09117
-0.0026366 -0.00358069 -1.09117
-0.00237762 -0.00358069 -1.09117
-0.00211864 -0.00358069 -1.09117
