0.00418902 0.0699017 -0.919943
0.00403098 0.0699017 -0.919947
0.00387293 0.0699017 -0.919952
0.00418902 0.0700597 -0.919943
0.00403098 0.0700597 -0.919948
0.00387293 0.0700597 -0.919952
0.00418902 0.0702178 -0.919944
0.00403098 0.0702178 -0.919948
0.00387293 0.0702178 -0.919953
0.00418902 0.0703758 -0.919944
0.00403098 0.0703758 -0.919949
0.00387293 0.0703758 -0.919953
0.00418902 0.0705339 -0.919945
0.00403098 0.0705339 -0.919949
0.00387293 0.0705339 -0.919954
0.00418902 0.0706919 -0.919945
0.00403098 0.0706919 -0.91995
0.00387293 0.0706919 -0.919954
0.00418902 0.07085 -0.919946
0.00403098 0.07085 -0.91995
0.00387293 0.07085 -0.919955
0.00418902 0.071008 -0.919946
0.00403098 0.071008 -0.919951
0.00387293 0.071008 -0.919955
0.00418902 0.071166 -0.919947
0.00403098 0.071166 -0.919951
0.00387293 0.071166 -0.919956
0.00418902 0.0713241 -0.919947
0.00403098 0.0713241 -0.919952
0.00387293 0.0713241 -0.919956
0.00418902 0.0714821 -0.919948
0.00403098 0.0714821 -0.919952
0.00387293 0.0714821 -0.919957
0.00418902 0.0716402 -0.919948
0.00403098 0.0716402 -0.919953
0.00387293 0.0716402 -0.919957
0.00418902 0.0717982 -0.919949
0.00403098 0.0717982 -0.919953
0.00387293 0.0717982 -0.919958
0.00418902 0.0719563 -0.919949
0.00403098 0.0719563 -0.919954
0.00387293 0.0719563 -0.919958
0.00418902 0.0721143 -0.91995
0.00403098 0.0721143 -0.919954
0.00387293 0.0721143 -0.919959
0.00418902 0.0722724 -0.91995
0.00403098 0.0722724 -0.919955
0.00387293 0.0722724 -0.919959
0.00418902 0.0724304 -0.919951
0.00403098 0.0724304 -0.919955
0.00387293 0.0724304 -0.91996
0.00418902 0.0725885 -0.919951
0.00403098 0.0725885 -0.919956
0.00387293 0.0725885 -0.91996
0.00418902 0.0727465 -0.919952
0.00403098 0.0727465 -0.919956
0.00387293 0.0727465 -0.91996
0.00418902 0.0729045 -0.919952
0.00403098 0.0729045 -0.919957
0.00387293 0.0729045 -0.919961
0.00418902 0.0730626 -0.919953
0.00403098 0.0730626 -0.919957
0.00387293 0.0730626 -0.919962
0.00418902 0.0732206 -0.919953
0.00403098 0.0732206 -0.919958
0.00387293 0.0732206 -0.919962
0.00418902 0.0733787 -0.919954
0.00403098 0.0733787 -0.919958
0.00387293 0.0733787 -0.919962
0.00418902 0.0735367 -0.919954
0.00403098 0.0735367 -0.919958
0.00387293 0.0735367 -0.919963
0.00418902 0.0736948 -0.919954
0.00403098 0.0736948 -0.919959
0.00387293 0.0736948 -0.919963
0.00418902 0.0738528 -0.919955
0.00403098 0.0738528 -0.919959
0.00387293 0.0738528 -0.919964
0.00418902 0.0740109 -0.919955
0.00403098 0.0740109 -0.91996
0.00387293 0.0740109 -0.919964
0.00418902 0.0741689 -0.919956
0.00403098 0.0741689 -0.91996
0.00387293 0.0741689 -0.919965
0.00418902 0.074327 -0.919956
0.00403098 0.074327 -0.919961
0.00387293 0.074327 -0.919965
0.00418902 0.074485 -0.919957
0.00403098 0.074485 -0.919961
0.00387293 0.074485 -0.919966
0.00418902 0.0746431 -0.919957
0.00403098 0.0746431 -0.919962
0.00387293 0.0746431 -0.919966
0.00418902 0.0748011 -0.919958
0.00403098 0.0748011 -0.919962
0.00387293 0.0748011 -0.919967
0.00418902 0.0749591 -0.919958
0.00403098 0.0749591 -0.919963
0.00387293 0.0749591 -0.919967
0.00418902 0.0751172 -0.919959
0.00403098 0.0751172 -0.919963
0.00387293 0.0751172 -0.919968
0.00418902 0.0752752 -0.919959
0.00403098 0.0752752 -0.919964
0.00387293 0.0752752 -0.919968
0.00418902 0.0754333 -0.91996
0.00403098 0.0754333 -0.919964
0.00387293 0.0754333 -0.919969
0.00418902 0.0755913 -0.91996
0.00403098 0.0755913 -0.919965
0.00387293 0.0755913 -0.919969
0.00418902 0.0757494 -0.919961
0.00403098 0.0757494 -0.919965
0.00387293 0.0757494 -0.91997
0.00418902 0.0759074 -0.919961
0.00403098 0.0759074 -0.919966
0.00387293 0.0759074 -0.91997
0.00418902 0.0760655 -0.919962
0.00403098 0.0760655 -0.919966
0.00387293 0.0760655 -0.919971
0.00418902 0.0762235 -0.919962
0.00403098 0.0762235 -0.919967
0.00387293 0.0762235 -0.919971
0.00418902 0.0763816 -0.919963
0.00403098 0.0763816 -0.919967
0.00387293 0.0763816 -0.919972
0.00418902 0.0765396 -0.919963
0.00403098 0.0765396 -0.919968
0.00387293 0.0765396 -0.919972
0.00418902 0.0766976 -0.919964
0.00403098 0.0766976 -0.919968
0.00387293 0.0766976 -0.919973
0.00418902 0.0768557 -0.919964
0.00403098 0.0768557 -0.919969
0.00387293 0.0768557 -0.919973
0.00418902 0.0770137 -0.919965
0.00403098 0.0770137 -0.919969
0.00387293 0.0770137 -0.919974
0.00418902 0.0771718 -0.919965
0.00403098 0.0771718 -0.91997
0.00387293 0.0771718 -0.919974
0.00418902 0.0773298 -0.919966
0.00403098 0.0773298 -0.91997
0.00387293 0.0773298 -0.919975
0.00418902 0.0774879 -0.919966
0.00403098 0.0774879 -0.919971
0.00387293 0.0774879 -0.919975
0.00418902 0.0776459 -0.919967
0.00403098 0.0776459 -0.919971
0.00387293 0.0776459 -0.919976
0.00418902 0.077804 -0.919967
0.00403098 0.077804 -0.919972
0.00387293 0.077804 -0.919976
0.00418902 0.077962 -0.919968
0.00403098 0.077962 -0.919972
0.00387293 0.077962 -0.919977
0.00418902 0.0781201 -0.919968
0.00403098 0.0781201 -0.919973
0.00387293 0.0781201 -0.919977
0.00418902 0.0782781 -0.919969
0.00403098 0.0782781 -0.919973
0.00387293 0.0782781 -0.919977
0.00418902 0.0784362 -0.919969
0.00403098 0.0784362 -0.919974
0.00387293 0.0784362 -0.919978
0.00418902 0.0785942 -0.91997
0.00403098 0.0785942 -0.919974
0.00387293 0.0785942 -0.919978
0.00418902 0.0787522 -0.91997
0.00403098 0.0787522 -0.919975
0.00387293 0.0787522 -0.919979
0.00418902 0.0789103 -0.919971
0.00403098 0.0789103 -0.919975
0.00387293 0.0789103 -0.919979
0.00418902 0.0790683 -0.919971
0.00403098 0.0790683 -0.919975
0.00387293 0.0790683 -0.91998
0.00418902 0.0792264 -0.919971
0.00403098 0.0792264 -0.919976
0.00387293 0.0792264 -0.91998
0.00418902 0.0793844 -0.919972
0.00403098 0.0793844 -0.919976
0.00387293 0.0793844 -0.919981
0.00418902 0.0795425 -0.919972
0.00403098 0.0795425 -0.919977
0.00387293 0.0795425 -0.919981
0.00418902 0.0797005 -0.919973
0.00403098 0.0797005 -0.919977
0.00387293 0.0797005 -0.919982
0.00418902 0.0798586 -0.919973
0.00403098 0.0798586 -0.919978
0.00387293 0.0798586 -0.919982
0.00418902 0.0800166 -0.919974
0.00403098 0.0800166 -0.919978
0.00387293 0.0800166 -0.919983
0.00418902 0.0801747 -0.919974
0.00403098 0.0801747 -0.919979
0.00387293 0.0801747 -0.919983
0.00418902 0.0803327 -0.919975
0.00403098 0.0803327 -0.919979
0.00387293 0.0803327 -0.919984
0.00418902 0.0804908 -0.919975
0.00403098 0.0804908 -0.91998
0.00387293 0.0804908 -0.919984
0.00418902 0.0806488 -0.919976
0.00403098 0.0806488 -0.91998
0.00387293 0.0806488 -0.919985
0.00418902 0.0808068 -0.919976
0.00403098 0.0808068 -0.919981
0.00387293 0.0808068 -0.919985
0.00418902 0.0809649 -0.919977
0.00403098 0.0809649 -0.919981
0.00387293 0.0809649 -0.919986
0.00418902 0.0811229 -0.919977
0.00403098 0.0811229 -0.919982
0.00387293 0.0811229 -0.919986
0.00418902 0.081281 -0.919978
0.00403098 0.081281 -0.919982
0.00387293 0.081281 -0.919987
0.00418902 0.081439 -0.919978
0.00403098 0.081439 -0.919983
0.00387293 0.081439 -0.919987
0.00418902 0.0815971 -0.919979
0.00403098 0.0815971 -0.919983
0.00387293 0.0815971 -0.919988
0.00418902 0.0817551 -0.919979
0.00403098 0.0817551 -0.919984
0.00387293 0.0817551 -0.919988
0.00418902 0.0819132 -0.91998
0.00403098 0.0819132 -0.919984
0.00387293 0.0819132 -0.919989
0.00418902 0.0820712 -0.91998
0.00403098 0.0820712 -0.919985
0.00387293 0.0820712 -0.919989
0.00418902 0.0822293 -0.919981
0.00403098 0.0822293 -0.919985
0.00387293 0.0822293 -0.91999
0.00418902 0.0823873 -0.919981
0.00403098 0.0823873 -0.919986
0.00387293 0.0823873 -0.91999
0.00418902 0.0825453 -0.919982
0.00403098 0.0825453 -0.919986
0.00387293 0.0825453 -0.919991
0.00418902 0.0827034 -0.919982
0.00403098 0.0827034 -0.919987
0.00387293 0.0827034 -0.919991
0.00418902 0.0828614 -0.919983
0.00403098 0.0828614 -0.919987
0.00387293 0.0828614 -0.919992
0.00418902 0.0830195 -0.919983
0.00403098 0.0830195 -0.919988
0.00387293 0.0830195 -0.919992
0.00418902 0.0831775 -0.919984
0.00403098 0.0831775 -0.919988
0.00387293 0.0831775 -0.919993
0.00418902 0.0833356 -0.919984
0.00403098 0.0833356 -0.919989
0.00387293 0.0833356 -0.919993
0.00418902 0.0834936 -0.919985
0.00403098 0.0834936 -0.919989
0.00387293 0.0834936 -0.919994
0.00418902 0.0836517 -0.919985
0.00403098 0.0836517 -0.91999
0.00387293 0.0836517 -0.919994
0.00418902 0.0838097 -0.919986
0.00403098 0.0838097 -0.91999
0.00387293 0.0838097 -0.919994
0.00418902 0.0839678 -0.919986
0.00403098 0.0839678 -0.919991
0.00387293 0.0839678 -0.919995
0.00418902 0.0841258 -0.919987
0.00403098 0.0841258 -0.919991
0.00387293 0.0841258 -0.919995
0.00418902 0.0842839 -0.919987
0.00403098 0.0842839 -0.919991
0.00387293 0.0842839 -0.919996
0.00418902 0.0844419 -0.919987
0.00403098 0.0844419 -0.919992
0.00387293 0.0844419 -0.919996
0.00418902 0.0845999 -0.919988
0.00403098 0.0845999 -0.919992
0.00387293 0.0845999 -0.919997
0.00418902 0.084758 -0.919988
0.00403098 0.084758 -0.919993
0.00387293 0.084758 -0.919997
0.00418902 0.084916 -0.919989
0.00403098 0.084916 -0.919993
0.00387293 0.084916 -0.919998
0.00418902 0.0850741 -0.919989
0.00403098 0.0850741 -0.919994
0.00387293 0.0850741 -0.919998
0.00418902 0.0852321 -0.91999
0.00403098 0.0852321 -0.919994
0.00387293 0.0852321 -0.919999
0.00418902 0.0853902 -0.91999
0.00403098 0.0853902 -0.919995
0.00387293 0.0853902 -0.919999
0.00418902 0.0855482 -0.919991
0.00403098 0.0855482 -0.919995
0.00387293 0.0855482 -0.92
0.00418902 0.0857063 -0.919991
0.00403098 0.0857063 -0.919996
0.00387293 0.0857063 -0.92
0.00418902 0.0858643 -0.919992
0.00403098 0.0858643 -0.919996
0.00387293 0.0858643 -0.920001
0.00418902 0.0860224 -0.919992
0.00403098 0.0860224 -0.919997
0.00387293 0.0860224 -0.920001
0.00418902 0.0861804 -0.919993
0.00403098 0.0861804 -0.919997
0.00387293 0.0861804 -0.920002
0.00418902 0.0863384 -0.919993
0.00403098 0.0863384 -0.919998
0.00387293 0.0863384 -0.920002
0.00418902 0.0864965 -0.919994
0.00403098 0.0864965 -0.919998
0.00387293 0.0864965 -0.920003
0.00418902 0.0866545 -0.919994
0.00403098 0.0866545 -0.919999
0.00387293 0.0866545 -0.920003
0.00418902 0.0868126 -0.919995
0.00403098 0.0868126 -0.919999
0.00387293 0.0868126 -0.920004
0.00418902 0.0869706 -0.919995
0.00403098 0.0869706 -0.92
0.00387293 0.0869706 -0.920004
0.00418902 0.0871287 -0.919996
0.00403098 0.0871287 -0.92
0.00387293 0.0871287 -0.920005
0.00418902 0.0872867 -0.919996
0.00403098 0.0872867 -0.920001
0.00387293 0.0872867 -0.920005
