-0.00488281 0.0230843 -0.62444
-0.00402649 0.0230843 -0.624441
-0.00317018 0.0230843 -0.624441
-0.00488281 0.0222279 -0.62444
-0.00402649 0.0222279 -0.62444
-0.00317018 0.0222279 -0.624441
-0.00488281 0.0213716 -0.624439
-0.00402649 0.0213716 -0.624439
-0.00317018 0.0213716 -0.62444
-0.00488281 0.0205153 -0.624438
-0.00402649 0.0205153 -0.624439
-0.00317018 0.0205153 -0.624439
-0.00488281 0.019659 -0.624438
-0.00402649 0.019659 -0.624438
-0.00317018 0.019659 -0.624439
-0.00488281 0.0188027 -0.624437
-0.00402649 0.0188027 -0.624438
-0.00317018 0.0188027 -0.624438
-0.00488281 0.0179463 -0.624436
-0.00402649 0.0179463 -0.624437
-0.00317018 0.0179463 -0.624437
-0.00488281 0.01709 -0.624436
-0.00402649 0.01709 -0.624436
-0.00317018 0.01709 -0.624437
-0.00488281 0.0162337 -0.624435
-0.00402649 0.0162337 -0.624436
-0.00317018 0.0162337 -0.624436
-0.00488281 0.0153774 -0.624434
-0.00402649 0.0153774 -0.624435
-0.00317018 0.0153774 -0.624436
-0.00488281 0.0145211 -0.624434
-0.00402649 0.0145211 -0.624434
-0.00317018 0.0145211 -0.624435
-0.00488281 0.0136647 -0.624433
-0.00402649 0.0136647 -0.624434
-0.00317018 0.0136647 -0.624434
-0.00488281 0.0128084 -0.624433
-0.00402649 0.0128084 -0.624433
-0.00317018 0.0128084 -0.624434
-0.00488281 0.0119521 -0.624432
-0.00402649 0.0119521 -0.624432
-0.00317018 0.0119521 -0.624433
-0.00488281 0.0110958 -0.624431
-0.00402649 0.0110958 -0.624432
-0.00317018 0.0110958 -0.624432
-0.00488281 0.0102395 -0.624431
-0.00402649 0.0102395 -0.624431
-0.00317018 0.0102395 -0.624432
-0.00488281 0.00938316 -0.62443
-0.00402649 0.00938316 -0.62443
-0.00317018 0.00938316 -0.624431
-0.00488281 0.00852684 -0.624429
-0.00402649 0.00852684 -0.62443
-0.00317018 0.00852684 -0.62443
-0.00488281 0.00767052 -0.624429
-0.00402649 0.00767052 -0.624429
-0.00317018 0.00767052 -0.62443
-0.00488281 0.0068142 -0.624428
-0.00402649 0.0068142 -0.624429
-0.00317018 0.0068142 -0.624429
-0.00488281 0.00595788 -0.624427
-0.00402649 0.00595788 -0.624428
-0.00317018 0.00595788 -0.624428
-0.00488281 0.00510157 -0.624427
-0.00402649 0.00510157 -0.624427
-0.00317018 0.00510157 -0.624428
-0.00488281 0.00424525 -0.624426
-0.00402649 0.00424525 -0.624427
-0.00317018 0.00424525 -0.624427
-0.00488281 0.00338893 -0.624425
-0.00402649 0.00338893 -0.624426
-0.00317018 0.00338893 -0.624427
-0.00488281 0.00253261 -0.624425
-0.00402649 0.00253261 -0.624425
-0.00317018 0.00253261 -0.624426
-0.00488281 0.00167629 -0.624424
-0.00402649 0.00167629 -0.624425
-0.00317018 0.00167629 -0.624425
-0.00488281 0.000819974 -0.624424
-0.00402649 0.000819974 -0.624424
-0.00317018 0.000819974 -0.624425
-0.00488281 -3.63449e-05 -0.624423
-0.00402649 -3.63449e-05 -0.624423
-0.00317018 -3.63449e-05 -0.624424
-0.00488281 -0.000892663 -0.624422
-0.00402649 -0.000892663 -0.624423
-0.00317018 -0.000892663 -0.624423
-0.00488281 -0.00174898 -0.624422
-0.00402649 -0.00174898 -0.624422
-0.00317018 -0.00174898 -0.624423
-0.00488281 -0.0026053 -0.624421
-0.00402649 -0.0026053 -0.624421
-0.00317018 -0.0026053 -0.624422
-0.00488281 -0.00346162 -0.62442
-0.00402649 -0.00346162 -0.624421
-0.00317018 -0.00346162 -0.624421
-0.00488281 -0.00431794 -0.62442
-0.00402649 -0.00431794 -0.62442
-0.00317018 -0.00431794 -0.624421
-0.00488281 -0.00517426 -0.624419
-0.00402649 -0.00517426 -0.62442
-0.00317018 -0.00517426 -0.62442
-0.00488281 -0.00603057 -0.624418
-0.00402649 -0.00603057 -0.624419
-0.00317018 -0.00603057 -0.624419
-0.00488281 -0.00688689 -0.624418
-0.00402649 -0.00688689 -0.624418
-0.00317018 -0.00688689 -0.624419
-0.00488281 -0.00774321 -0.624417
-0.00402649 -0.00774321 -0.624418
-0.00317018 -0.00774321 -0.624418
-0.00488281 -0.00859953 -0.624416
-0.00402649 -0.00859953 -0.624417
-0.00317018 -0.00859953 -0.624418
-0.00488281 -0.00945585 -0.624416
-0.00402649 -0.00945585 -0.624416
-0.00317018 -0.00945585 -0.624417
-0.00488281 -0.0103122 -0.624415
-0.00402649 -0.0103122 -0.624416
-0.00317018 -0.0103122 -0.624416
-0.00488281 -0.0111685 -0.624415
-0.00402649 -0.0111685 -0.624415
-0.00317018 -0.0111685 -0.624416
-0.00488281 -0.0120248 -0.624414
-0.00402649 -0.0120248 -0.624414
-0.00317018 -0.0120248 -0.624415
-0.00488281 -0.0128811 -0.624413
-0.00402649 -0.0128811 -0.624414
-0.00317018 -0.0128811 -0.624414
-0.00488281 -0.0137374 -0.624413
-0.00402649 -0.0137374 -0.624413
-0.00317018 -0.0137374 -0.624414
-0.00488281 -0.0145938 -0.624412
-0.00402649 -0.0145938 -0.624412
-0.00317018 -0.0145938 -0.624413
-0.00488281 -0.0154501 -0.624411
-0.00402649 -0.0154501 -0.624412
-0.00317018 -0.0154501 -0.624412
-0.00488281 -0.0163064 -0.624411
-0.00402649 -0.0163064 -0.624411
-0.00317018 -0.0163064 -0.624412
-0.00488281 -0.0171627 -0.62441
-0.00402649 -0.0171627 -0.624411
-0.00317018 -0.0171627 -0.624411
-0.00488281 -0.018019 -0.624409
-0.00402649 -0.018019 -0.62441
-0.00317018 -0.018019 -0.62441
-0.00488281 -0.0188753 -0.624409
-0.00402649 -0.0188753 -0.624409
-0.00317018 -0.0188753 -0.62441
-0.00488281 -0.0197317 -0.624408
-0.00402649 -0.0197317 -0.624409
-0.00317018 -0.0197317 -0.624409
-0.00488281 -0.020588 -0.624407
-0.00402649 -0.020588 -0.624408
-0.00317018 -0.020588 -0.624409
-0.00488281 -0.0214443 -0.624407
-0.00402649 -0.0214443 -0.624407
-0.00317018 -0.0214443 -0.624408
-0.00488281 -0.0223006 -0.624406
-0.00402649 -0.0223006 -0.624407
-0.00317018 -0.0223006 -0.624407
-0.00488281 -0.0231569 -0.624406
-0.00402649 -0.0231569 -0.624406
-0.00317018 -0.0231569 -0.624407
-0.00488281 -0.0240133 -0.624405
-0.00402649 -0.0240133 -0.624405
-0.00317018 -0.0240133 -0.624406
-0.00488281 -0.0248696 -0.624404
-0.00402649 -0.0248696 -0.624405
-0.00317018 -0.0248696 -0.624405
-0.00488281 -0.0257259 -0.624404
-0.00402649 -0.0257259 -0.624404
-0.00317018 -0.0257259 -0.624405
-0.00488281 -0.0265822 -0.624403
-0.00402649 -0.0265822 -0.624403
-0.00317018 -0.0265822 -0.624404
-0.00488281 -0.0274385 -0.624402
-0.00402649 -0.0274385 -0.624403
-0.00317018 -0.0274385 -0.624403
-0.00488281 -0.0282949 -0.624402
-0.00402649 -0.0282949 -0.624402
-0.00317018 -0.0282949 -0.624403
-0.00488281 -0.0291512 -0.624401
-0.00402649 -0.0291512 -0.624402
-0.00317018 -0.0291512 -0.624402
-0.00488281 -0.0300075 -0.6244
-0.00402649 -0.0300075 -0.624401
-0.00317018 -0.0300075 -0.624402
-0.00488281 -0.0308638 -0.6244
-0.00402649 -0.0308638 -0.6244
-0.00317018 -0.0308638 -0.624401
-0.00488281 -0.0317201 -0.624399
-0.00402649 -0.0317201 -0.6244
-0.00317018 -0.0317201 -0.6244
-0.00488281 -0.0325764 -0.624398
-0.00402649 -0.0325764 -0.624399
-0.00317018 -0.0325764 -0.6244
-0.00488281 -0.0334328 -0.624398
-0.00402649 -0.0334328 -0.624398
-0.00317018 -0.0334328 -0.624399
-0.00488281 -0.0342891 -0.624397
-0.00402649 -0.0342891 -0.624398
-0.00317018 -0.0342891 -0.624398
-0.00488281 -0.0351454 -0.624397
-0.00402649 -0.0351454 -0.624397
-0.00317018 -0.0351454 -0.624398
-0.00488281 -0.0360017 -0.624396
-0.00402649 -0.0360017 -0.624396
-0.00317018 -0.0360017 -0.624397
-0.00488281 -0.036858 -0.624395
-0.00402649 -0.036858 -0.624396
-0.00317018 -0.036858 -0.624396
-0.00488281 -0.0377144 -0.624395
-0.00402649 -0.0377144 -0.624395
-0.00317018 -0.0377144 -0.624396
-0.00488281 -0.0385707 -0.624394
-0.00402649 -0.0385707 -0.624394
-0.00317018 -0.0385707 -0.624395
-0.00488281 -0.039427 -0.624393
-0.00402649 -0.039427 -0.624394
-0.00317018 -0.039427 -0.624394
-0.00488281 -0.0402833 -0.624393
-0.00402649 -0.0402833 -0.624393
-0.00317018 -0.0402833 -0.624394
-0.00488281 -0.0411396 -0.624392
-0.00402649 -0.0411396 -0.624393
-0.00317018 -0.0411396 -0.624393
-0.00488281 -0.0419959 -0.624391
-0.00402649 -0.0419959 -0.624392
-0.00317018 -0.0419959 -0.624393
-0.00488281 -0.0428523 -0.624391
-0.00402649 -0.0428523 -0.624391
-0.00317018 -0.0428523 -0.624392
-0.00488281 -0.0437086 -0.62439
-0.00402649 -0.0437086 -0.624391
-0.00317018 -0.0437086 -0.624391
-0.00488281 -0.0445649 -0.624389
-0.00402649 -0.0445649 -0.62439
-0.00317018 -0.0445649 -0.624391
-0.00488281 -0.0454212 -0.624389
-0.00402649 -0.0454212 -0.624389
-0.00317018 -0.0454212 -0.62439
-0.00488281 -0.0462775 -0.624388
-0.00402649 -0.0462775 -0.624389
-0.00317018 -0.0462775 -0.624389
-0.00488281 -0.0471339 -0.624388
-0.00402649 -0.0471339 -0.624388
-0.00317018 -0.0471339 -0.624389
-0.00488281 -0.0479902 -0.624387
-0.00402649 -0.0479902 -0.624387
-0.00317018 -0.0479902 -0.624388
-0.00488281 -0.0488465 -0.624386
-0.00402649 -0.0488465 -0.624387
-0.00317018 -0.0488465 -0.624387
-0.00488281 -0.0497028 -0.624386
-0.00402649 -0.0497028 -0.624386
-0.00317018 -0.0497028 -0.624387
-0.00488281 -0.0505591 -0.624385
-0.00402649 -0.0505591 -0.624386
-0.00317018 -0.0505591 -0.624386
-0.00488281 -0.0514155 -0.624384
-0.00402649 -0.0514155 -0.624385
-0.00317018 -0.0514155 -0.624385
-0.00488281 -0.0522718 -0.624384
-0.00402649 -0.0522718 -0.624384
-0.00317018 -0.0522718 -0.624385
-0.00488281 -0.0531281 -0.624383
-0.00402649 -0.0531281 -0.624384
-0.00317018 -0.0531281 -0.624384
-0.00488281 -0.0539844 -0.624382
-0.00402649 -0.0539844 -0.624383
-0.00317018 -0.0539844 -0.624384
-0.00488281 -0.0548407 -0.624382
-0.00402649 -0.0548407 -0.624382
-0.00317018 -0.0548407 -0.624383
-0.00488281 -0.055697 -0.624381
-0.00402649 -0.055697 -0.624382
-0.00317018 -0.055697 -0.624382
-0.00488281 -0.0565534 -0.62438
-0.00402649 -0.0565534 -0.624381
-0.00317018 -0.0565534 -0.624382
-0.00488281 -0.0574097 -0.62438
-0.00402649 -0.0574097 -0.62438
-0.00317018 -0.0574097 -0.624381
-0.00488281 -0.058266 -0.624379
-0.00402649 -0.058266 -0.62438
-0.00317018 -0.058266 -0.62438
-0.00488281 -0.0591223 -0.624379
-0.00402649 -0.0591223 -0.624379
-0.00317018 -0.0591223 -0.62438
-0.00488281 -0.0599786 -0.624378
-0.00402649 -0.0599786 -0.624378
-0.00317018 -0.0599786 -0.624379
-0.00488281 -0.060835 -0.624377
-0.00402649 -0.060835 -0.624378
-0.00317018 -0.060835 -0.624378
-0.00488281 -0.0616913 -0.624377
-0.00402649 -0.0616913 -0.624377
-0.00317018 -0.0616913 -0.624378
-0.00488281 -0.0625476 -0.624376
-0.00402649 -0.0625476 -0.624377
-0.00317018 -0.0625476 -0.624377
-0.00488281 -0.0634039 -0.624375
-0.00402649 -0.0634039 -0.624376
-0.00317018 -0.0634039 -0.624376
-0.00488281 -0.0642602 -0.624375
-0.00402649 -0.0642602 -0.624375
-0.00317018 -0.0642602 -0.624376
-0.00488281 -0.0651165 -0.624374
-0.00402649 -0.0651165 -0.624375
-0.00317018 -0.0651165 -0.624375
-0.00488281 -0.0659729 -0.624373
-0.00402649 -0.0659729 -0.624374
-0.00317018 -0.0659729 -0.624375
-0.00488281 -0.0668292 -0.624373
-0.00402649 -0.0668292 -0.624373
-0.00317018 -0.0668292 -0.624374
-0.00488281 -0.0676855 -0.624372
-0.00402649 -0.0676855 -0.624373
-0.00317018 -0.0676855 -0.624373
-0.00488281 -0.0685418 -0.624371
-0.00402649 -0.0685418 -0.624372
-0.00317018 -0.0685418 -0.624373
-0.00488281 -0.0693981 -0.624371
-0.00402649 -0.0693981 -0.624371
-0.00317018 -0.0693981 -0.624372
-0.00488281 -0.0702545 -0.62437
-0.00402649 -0.0702545 -0.624371
-0.00317018 -0.0702545 -0.624371
-0.00488281 -0.0711108 -0.62437
-0.00402649 -0.0711108 -0.62437
-0.00317018 -0.0711108 -0.624371
