-0.000450742 -0.0314675 -0.774092
-0.000794045 -0.0314675 -0.774093
-0.00113735 -0.0314675 -0.774094
-0.000450742 -0.0311242 -0.774093
-0.000794045 -0.0311242 -0.774094
-0.00113735 -0.0311242 -0.774095
-0.000450742 -0.0307809 -0.774093
-0.000794045 -0.0307809 -0.774094
-0.00113735 -0.0307809 -0.774095
-0.000450742 -0.0304376 -0.774094
-0.000794045 -0.0304376 -0.774095
-0.00113735 -0.0304376 -0.774096
-0.000450742 -0.0300943 -0.774094
-0.000794045 -0.0300943 -0.774095
-0.00113735 -0.0300943 -0.774096
-0.000450742 -0.029751 -0.774094
-0.000794045 -0.029751 -0.774095
-0.00113735 -0.029751 -0.774096
-0.000450742 -0.0294077 -0.774095
-0.000794045 -0.0294077 -0.774096
-0.00113735 -0.0294077 -0.774097
-0.000450742 -0.0290644 -0.774095
-0.000794045 -0.0290644 -0.774096
-0.00113735 -0.0290644 -0.774097
-0.000450742 -0.0287211 -0.774095
-0.000794045 -0.0287211 -0.774096
-0.00113735 -0.0287211 -0.774098
-0.000450742 -0.0283778 -0.774096
-0.000794045 -0.0283778 -0.774097
-0.00113735 -0.0283778 -0.774098
-0.000450742 -0.0280345 -0.774096
-0.000794045 -0.0280345 -0.774097
-0.00113735 -0.0280345 -0.774098
-0.000450742 -0.0276912 -0.774097
-0.000794045 -0.0276912 -0.774098
-0.00113735 -0.0276912 -0.774099
-0.000450742 -0.0273479 -0.774097
-0.000794045 -0.0273479 -0.774098
-0.00113735 -0.0273479 -0.774099
-0.000450742 -0.0270046 -0.774097
-0.000794045 -0.0270046 -0.774098
-0.00113735 -0.0270046 -0.774099
-0.000450742 -0.0266613 -0.774098
-0.000794045 -0.0266613 -0.774099
-0.00113735 -0.0266613 -0.7741
-0.000450742 -0.026318 -0.774098
-0.000794045 -0.026318 -0.774099
-0.00113735 -0.026318 -0.7741
-0.000450742 -0.0259747 -0.774099
-0.000794045 -0.0259747 -0.7741
-0.00113735 -0.0259747 -0.774101
-0.000450742 -0.0256314 -0.774099
-0.000794045 -0.0256314 -0.7741
-0.00113735 -0.0256314 -0.774101
-0.000450742 -0.0252881 -0.774099
-0.000794045 -0.0252881 -0.7741
-0.00113735 -0.0252881 -0.774101
-0.000450742 -0.0249448 -0.7741
-0.000794045 -0.0249448 -0.774101
-0.00113735 -0.0249448 -0.774102
-0.000450742 -0.0246015 -0.7741
-0.000794045 -0.0246015 -0.774101
-0.00113735 -0.0246015 -0.774102
-0.000450742 -0.0242582 -0.774101
-0.000794045 -0.0242582 -0.774102
-0.00113735 -0.0242582 -0.774103
-0.000450742 -0.0239149 -0.774101
-0.000794045 -0.0239149 -0.774102
-0.00113735 -0.0239149 -0.774103
-0.000450742 -0.0235716 -0.774101
-0.000794045 -0.0235716 -0.774102
-0.00113735 -0.0235716 -0.774103
-0.000450742 -0.0232283 -0.774102
-0.000794045 -0.0232283 -0.774103
-0.00113735 -0.0232283 -0.774104
-0.000450742 -0.022885 -0.774102
-0.000794045 -0.022885 -0.774103
-0.00113735 -0.022885 -0.774104
-0.000450742 -0.0225416 -0.774103
-0.000794045 -0.0225416 -0.774104
-0.00113735 -0.0225416 -0.774105
-0.000450742 -0.0221983 -0.774103
-0.000794045 -0.0221983 -0.774104
-0.00113735 -0.0221983 -0.774105
-0.000450742 -0.021855 -0.774103
-0.000794045 -0.021855 -0.774104
-0.00113735 -0.021855 -0.774105
-0.000450742 -0.0215117 -0.774104
-0.000794045 -0.0215117 -0.774105
-0.00113735 -0.0215117 -0.774106
-0.000450742 -0.0211684 -0.774104
-0.000794045 -0.0211684 -0.774105
-0.00113735 -0.0211684 -0.774106
-0.000450742 -0.0208251 -0.774104
-0.000794045 -0.0208251 -0.774106
-0.00113735 -0.0208251 -0.774107
-0.000450742 -0.0204818 -0.774105
-0.000794045 -0.0204818 -0.774106
-0.00113735 -0.0204818 -0.774107
-0.000450742 -0.0201385 -0.774105
-0.000794045 -0.0201385 -0.774106
-0.00113735 -0.0201385 -0.774107
-0.000450742 -0.0197952 -0.774106
-0.000794045 -0.0197952 -0.774107
-0.00113735 -0.0197952 -0.774108
-0.000450742 -0.0194519 -0.774106
-0.000794045 -0.0194519 -0.774107
-0.00113735 -0.0194519 -0.774108
-0.000450742 -0.0191086 -0.774106
-0.000794045 -0.0191086 -0.774108
-0.00113735 -0.0191086 -0.774109
-0.000450742 -0.0187653 -0.774107
-0.000794045 -0.0187653 -0.774108
-0.00113735 -0.0187653 -0.774109
-0.000450742 -0.018422 -0.774107
-0.000794045 -0.018422 -0.774108
-0.00113735 -0.018422 -0.774109
-0.000450742 -0.0180787 -0.774108
-0.000794045 -0.0180787 -0.774109
-0.00113735 -0.0180787 -0.77411
-0.000450742 -0.0177354 -0.774108
-0.000794045 -0.0177354 -0.774109
-0.00113735 -0.0177354 -0.77411
-0.000450742 -0.0173921 -0.774108
-0.000794045 -0.0173921 -0.774109
-0.00113735 -0.0173921 -0.77411
-0.000450742 -0.0170488 -0.774109
-0.000794045 -0.0170488 -0.77411
-0.00113735 -0.0170488 -0.774111
-0.000450742 -0.0167055 -0.774109
-0.000794045 -0.0167055 -0.77411
-0.00113735 -0.0167055 -0.774111
-0.000450742 -0.0163622 -0.77411
-0.000794045 -0.0163622 -0.774111
-0.00113735 -0.0163622 -0.774112
-0.000450742 -0.0160189 -0.77411
-0.000794045 -0.0160189 -0.774111
-0.00113735 -0.0160189 -0.774112
-0.000450742 -0.0156756 -0.77411
-0.000794045 -0.0156756 -0.774111
-0.00113735 -0.0156756 -0.774112
-0.000450742 -0.0153323 -0.774111
-0.000794045 -0.0153323 -0.774112
-0.00113735 -0.0153323 -0.774113
-0.000450742 -0.014989 -0.774111
-0.000794045 -0.014989 -0.774112
-0.00113735 -0.014989 -0.774113
-0.000450742 -0.0146457 -0.774112
-0.000794045 -0.0146457 -0.774113
-0.00113735 -0.0146457 -0.774114
-0.000450742 -0.0143024 -0.774112
-0.000794045 -0.0143024 -0.774113
-0.00113735 -0.0143024 -0.774114
-0.000450742 -0.0139591 -0.774112
-0.000794045 -0.0139591 -0.774113
-0.00113735 -0.0139591 -0.774114
-0.000450742 -0.0136158 -0.774113
-0.000794045 -0.0136158 -0.774114
-0.00113735 -0.0136158 -0.774115
-0.000450742 -0.0132725 -0.774113
-0.000794045 -0.0132725 -0.774114
-0.00113735 -0.0132725 -0.774115
-0.000450742 -0.0129292 -0.774114
-0.000794045 -0.0129292 -0.774115
-0.00113735 -0.0129292 -0.774116
-0.000450742 -0.0125859 -0.774114
-0.000794045 -0.0125859 -0.774115
-0.00113735 -0.0125859 -0.774116
-0.000450742 -0.0122425 -0.774114
-0.000794045 -0.0122425 -0.774115
-0.00113735 -0.0122425 -0.774116
-0.000450742 -0.0118992 -0.774115
-0.000794045 -0.0118992 -0.774116
-0.00113735 -0.0118992 -0.774117
-0.000450742 -0.0115559 -0.774115
-0.000794045 -0.0115559 -0.774116
-0.00113735 -0.0115559 -0.774117
-0.000450742 -0.0112126 -0.774116
-0.000794045 -0.0112126 -0.774117
-0.00113735 -0.0112126 -0.774118
-0.000450742 -0.0108693 -0.774116
-0.000794045 -0.0108693 -0.774117
-0.00113735 -0.0108693 -0.774118
-0.000450742 -0.010526 -0.774116
-0.000794045 -0.010526 -0.774117
-0.00113735 -0.010526 -0.774118
-0.000450742 -0.0101827 -0.774117
-0.000794045 -0.0101827 -0.774118
-0.00113735 -0.0101827 -0.774119
-0.000450742 -0.00983942 -0.774117
-0.000794045 -0.00983942 -0.774118
-0.00113735 -0.00983942 -0.774119
-0.000450742 -0.00949612 -0.774117
-0.000794045 -0.00949612 -0.774118
-0.00113735 -0.00949612 -0.774119
-0.000450742 -0.00915282 -0.774118
-0.000794045 -0.00915282 -0.774119
-0.00113735 -0.00915282 -0.77412
-0.000450742 -0.00880951 -0.774118
-0.000794045 -0.00880951 -0.774119
-0.00113735 -0.00880951 -0.77412
-0.000450742 -0.00846621 -0.774119
-0.000794045 -0.00846621 -0.77412
-0.00113735 -0.00846621 -0.774121
-0.000450742 -0.00812291 -0.774119
-0.000794045 -0.00812291 -0.77412
-0.00113735 -0.00812291 -0.774121
-0.000450742 -0.0077796 -0.774119
-0.000794045 -0.0077796 -0.77412
-0.00113735 -0.0077796 -0.774121
-0.000450742 -0.0074363 -0.77412
-0.000794045 -0.0074363 -0.774121
-0.00113735 -0.0074363 -0.774122
-0.000450742 -0.007093 -0.77412
-0.000794045 -0.007093 -0.774121
-0.00113735 -0.007093 -0.774122
-0.000450742 -0.00674969 -0.774121
-0.000794045 -0.00674969 -0.774122
-0.00113735 -0.00674969 -0.774123
-0.000450742 -0.00640639 -0.774121
-0.000794045 -0.00640639 -0.774122
-0.00113735 -0.00640639 -0.774123
-0.000450742 -0.00606309 -0.774121
-0.000794045 -0.00606309 -0.774122
-0.00113735 -0.00606309 -0.774123
-0.000450742 -0.00571978 -0.774122
-0.000794045 -0.00571978 -0.774123
-0.00113735 -0.00571978 -0.774124
-0.000450742 -0.00537648 -0.774122
-0.000794045 -0.00537648 -0.774123
-0.00113735 -0.00537648 -0.774124
-0.000450742 -0.00503318 -0.774123
-0.000794045 -0.00503318 -0.774124
-0.00113735 -0.00503318 -0.774125
-0.000450742 -0.00468987 -0.774123
-0.000794045 -0.00468987 -0.774124
-0.00113735 -0.00468987 -0.774125
-0.000450742 -0.00434657 -0.774123
-0.000794045 -0.00434657 -0.774124
-0.00113735 -0.00434657 -0.774125
-0.000450742 -0.00400327 -0.774124
-0.000794045 -0.00400327 -0.774125
-0.00113735 -0.00400327 -0.774126
-0.000450742 -0.00365996 -0.774124
-0.000794045 -0.00365996 -0.774125
-0.00113735 -0.00365996 -0.774126
-0.000450742 -0.00331666 -0.774125
-0.000794045 -0.00331666 -0.774126
-0.00113735 -0.00331666 -0.774127
-0.000450742 -0.00297336 -0.774125
-0.000794045 -0.00297336 -0.774126
-0.00113735 -0.00297336 -0.774127
-0.000450742 -0.00263005 -0.774125
-0.000794045 -0.00263005 -0.774126
-0.00113735 -0.00263005 -0.774127
-0.000450742 -0.00228675 -0.774126
-0.000794045 -0.00228675 -0.774127
-0.00113735 -0.00228675 -0.774128
-0.000450742 -0.00194345 -0.774126
-0.000794045 -0.00194345 -0.774127
-0.00113735 -0.00194345 -0.774128
-0.000450742 -0.00160014 -0.774126
-0.000794045 -0.00160014 -0.774128
-0.00113735 -0.00160014 -0.774129
-0.000450742 -0.00125684 -0.774127
-0.000794045 -0.00125684 -0.774128
-0.00113735 -0.00125684 -0.774129
-0.000450742 -0.000913535 -0.774127
-0.000794045 -0.000913535 -0.774128
-0.00113735 -0.000913535 -0.774129
-0.000450742 -0.000570232 -0.774128
-0.000794045 -0.000570232 -0.774129
-0.00113735 -0.000570232 -0.77413
-0.000450742 -0.000226928 -0.774128
-0.000794045 -0.000226928 -0.774129
-0.00113735 -0.000226928 -0.77413
-0.000450742 0.000116375 -0.774128
-0.000794045 0.000116375 -0.77413
-0.00113735 0.000116375 -0.774131
-0.000450742 0.000459678 -0.774129
-0.000794045 0.000459678 -0.77413
-0.00113735 0.000459678 -0.774131
-0.000450742 0.000802982 -0.774129
-0.000794045 0.000802982 -0.77413
-0.00113735 0.000802982 -0.774131
-0.000450742 0.00114629 -0.77413
-0.000794045 0.00114629 -0.774131
-0.00113735 0.00114629 -0.774132
-0.000450742 0.00148959 -0.77413
-0.000794045 0.00148959 -0.774131
-0.00113735 0.00148959 -0.774132
-0.000450742 0.00183289 -0.77413
-0.000794045 0.00183289 -0.774131
-0.00113735 0.00183289 -0.774132
-0.000450742 0.0021762 -0.774131
-0.000794045 0.0021762 -0.774132
-0.00113735 0.0021762 -0.774133
-0.000450742 0.0025195 -0.774131
-0.000794045 0.0025195 -0.774132
-0.00113735 0.0025195 -0.774133
-0.000450742 0.0028628 -0.774132
-0.000794045 0.0028628 -0.774133
-0.00113735 0.0028628 -0.774134
-0.000450742 0.00320611 -0.774132
-0.000794045 0.00320611 -0.774133
-0.00113735 0.00320611 -0.774134
-0.000450742 0.00354941 -0.774132
-0.000794045 0.00354941 -0.774133
-0.00113735 0.00354941 -0.774134
-0.000450742 0.00389271 -0.774133
-0.000794045 0.00389271 -0.774134
-0.00113735 0.00389271 -0.774135
-0.000450742 0.00423602 -0.774133
-0.000794045 0.00423602 -0.774134
-0.00113735 0.00423602 -0.774135
-0.000450742 0.00457932 -0.774134
-0.000794045 0.00457932 -0.774135
-0.00113735 0.00457932 -0.774136
-0.000450742 0.00492262 -0.774134
-0.000794045 0.00492262 -0.774135
-0.00113735 0.00492262 -0.774136
-0.000450742 0.00526593 -0.774134
-0.000794045 0.00526593 -0.774135
-0.00113735 0.00526593 -0.774136
-0.000450742 0.00560923 -0.774135
-0.000794045 0.00560923 -0.774136
-0.00113735 0.00560923 -0.774137
-0.000450742 0.00595253 -0.774135
-0.000794045 0.00595253 -0.774136
-0.00113735 0.00595253 -0.774137
-0.000450742 0.00629584 -0.774136
-0.000794045 0.00629584 -0.774137
-0.00113735 0.00629584 -0.774138
