-0.00099288 0.0326977 -0.563438
-0.00018157 0.0326977 -0.563438
0.00062974 0.0326977 -0.563437
-0.00099288 0.0318864 -0.563438
-0.00018157 0.0318864 -0.563438
0.00062974 0.0318864 -0.563437
-0.00099288 0.0310751 -0.563438
-0.00018157 0.0310751 -0.563438
0.00062974 0.0310751 -0.563437
-0.00099288 0.0302638 -0.563439
-0.00018157 0.0302638 -0.563438
0.00062974 0.0302638 -0.563437
-0.00099288 0.0294524 -0.563439
-0.00018157 0.0294524 -0.563438
0.00062974 0.0294524 -0.563438
-0.00099288 0.0286411 -0.563439
-0.00018157 0.0286411 -0.563438
0.00062974 0.0286411 -0.563438
-0.00099288 0.0278298 -0.563439
-0.00018157 0.0278298 -0.563438
0.00062974 0.0278298 -0.563438
-0.00099288 0.0270185 -0.563439
-0.00018157 0.0270185 -0.563438
0.00062974 0.0270185 -0.563438
-0.00099288 0.0262072 -0.563439
-0.00018157 0.0262072 -0.563438
0.00062974 0.0262072 -0.563438
-0.00099288 0.0253959 -0.563439
-0.00018157 0.0253959 -0.563438
0.00062974 0.0253959 -0.563438
-0.00099288 0.0245846 -0.563439
-0.00018157 0.0245846 -0.563439
0.00062974 0.0245846 -0.563438
-0.00099288 0.0237733 -0.563439
-0.00018157 0.0237733 -0.563439
0.00062974 0.0237733 -0.563438
-0.00099288 0.022962 -0.563439
-0.00018157 0.022962 -0.563439
0.00062974 0.022962 -0.563438
-0.00099288 0.0221507 -0.563439
-0.00018157 0.0221507 -0.563439
0.00062974 0.0221507 -0.563438
-0.00099288 0.0213393 -0.563439
-0.00018157 0.0213393 -0.563439
0.00062974 0.0213393 -0.563438
-0.00099288 0.020528 -0.563439
-0.00018157 0.020528 -0.563439
0.00062974 0.020528 -0.563438
-0.00099288 0.0197167 -0.56344
-0.00018157 0.0197167 -0.563439
0.00062974 0.0197167 -0.563439
-0.00099288 0.0189054 -0.56344
-0.00018157 0.0189054 -0.563439
0.00062974 0.0189054 -0.563439
-0.00099288 0.0180941 -0.56344
-0.00018157 0.0180941 -0.563439
0.00062974 0.0180941 -0.563439
-0.00099288 0.0172828 -0.56344
-0.00018157 0.0172828 -0.563439
0.00062974 0.0172828 -0.563439
-0.00099288 0.0164715 -0.56344
-0.00018157 0.0164715 -0.563439
0.00062974 0.0164715 -0.563439
-0.00099288 0.0156602 -0.56344
-0.00018157 0.0156602 -0.563439
0.00062974 0.0156602 -0.563439
-0.00099288 0.0148489 -0.56344
-0.00018157 0.0148489 -0.56344
0.00062974 0.0148489 -0.563439
-0.00099288 0.0140376 -0.56344
-0.00018157 0.0140376 -0.56344
0.00062974 0.0140376 -0.563439
-0.00099288 0.0132262 -0.56344
-0.00018157 0.0132262 -0.56344
0.00062974 0.0132262 -0.563439
-0.00099288 0.0124149 -0.56344
-0.00018157 0.0124149 -0.56344
0.00062974 0.0124149 -0.563439
-0.00099288 0.0116036 -0.56344
-0.00018157 0.0116036 -0.56344
0.00062974 0.0116036 -0.563439
-0.00099288 0.0107923 -0.563441
-0.00018157 0.0107923 -0.56344
0.00062974 0.0107923 -0.563439
-0.00099288 0.009981 -0.563441
-0.00018157 0.009981 -0.56344
0.00062974 0.009981 -0.563439
-0.00099288 0.00916969 -0.563441
-0.00018157 0.00916969 -0.56344
0.00062974 0.00916969 -0.56344
-0.00099288 0.00835838 -0.563441
-0.00018157 0.00835838 -0.56344
0.00062974 0.00835838 -0.56344
-0.00099288 0.00754707 -0.563441
-0.00018157 0.00754707 -0.56344
0.00062974 0.00754707 -0.56344
-0.00099288 0.00673576 -0.563441
-0.00018157 0.00673576 -0.56344
0.00062974 0.00673576 -0.56344
-0.00099288 0.00592445 -0.563441
-0.00018157 0.00592445 -0.56344
0.00062974 0.00592445 -0.56344
-0.00099288 0.00511314 -0.563441
-0.00018157 0.00511314 -0.563441
0.00062974 0.00511314 -0.56344
-0.00099288 0.00430183 -0.563441
-0.00018157 0.00430183 -0.563441
0.00062974 0.00430183 -0.56344
-0.00099288 0.00349052 -0.563441
-0.00018157 0.00349052 -0.563441
0.00062974 0.00349052 -0.56344
-0.00099288 0.00267921 -0.563441
-0.00018157 0.00267921 -0.563441
0.00062974 0.00267921 -0.56344
-0.00099288 0.0018679 -0.563441
-0.00018157 0.0018679 -0.563441
0.00062974 0.0018679 -0.56344
-0.00099288 0.00105659 -0.563442
-0.00018157 0.00105659 -0.563441
0.00062974 0.00105659 -0.56344
-0.00099288 0.000245283 -0.563442
-0.00018157 0.000245283 -0.563441
0.00062974 0.000245283 -0.563441
-0.00099288 -0.000566027 -0.563442
-0.00018157 -0.000566027 -0.563441
0.00062974 -0.000566027 -0.563441
-0.00099288 -0.00137734 -0.563442
-0.00018157 -0.00137734 -0.563441
0.00062974 -0.00137734 -0.563441
-0.00099288 -0.00218865 -0.563442
-0.00018157 -0.00218865 -0.563441
0.00062974 -0.00218865 -0.563441
-0.00099288 -0.00299996 -0.563442
-0.00018157 -0.00299996 -0.563441
0.00062974 -0.00299996 -0.563441
-0.00099288 -0.00381127 -0.563442
-0.00018157 -0.00381127 -0.563441
0.00062974 -0.00381127 -0.563441
-0.00099288 -0.00462258 -0.563442
-0.00018157 -0.00462258 -0.563442
0.00062974 -0.00462258 -0.563441
-0.00099288 -0.00543389 -0.563442
-0.00018157 -0.00543389 -0.563442
0.00062974 -0.00543389 -0.563441
-0.00099288 -0.0062452 -0.563442
-0.00018157 -0.0062452 -0.563442
0.00062974 -0.0062452 -0.563441
-0.00099288 -0.00705651 -0.563442
-0.00018157 -0.00705651 -0.563442
0.00062974 -0.00705651 -0.563441
-0.00099288 -0.00786782 -0.563442
-0.00018157 -0.00786782 -0.563442
0.00062974 -0.00786782 -0.563441
-0.00099288 -0.00867913 -0.563442
-0.00018157 -0.00867913 -0.563442
0.00062974 -0.00867913 -0.563441
-0.00099288 -0.00949044 -0.563443
-0.00018157 -0.00949044 -0.563442
0.00062974 -0.00949044 -0.563442
-0.00099288 -0.0103017 -0.563443
-0.00018157 -0.0103017 -0.563442
0.00062974 -0.0103017 -0.563442
-0.00099288 -0.0111131 -0.563443
-0.00018157 -0.0111131 -0.563442
0.00062974 -0.0111131 -0.563442
-0.00099288 -0.0119244 -0.563443
-0.00018157 -0.0119244 -0.563442
0.00062974 -0.0119244 -0.563442
-0.00099288 -0.0127357 -0.563443
-0.00018157 -0.0127357 -0.563442
0.00062974 -0.0127357 -0.563442
-0.00099288 -0.013547 -0.563443
-0.00018157 -0.013547 -0.563442
0.00062974 -0.013547 -0.563442
-0.00099288 -0.0143583 -0.563443
-0.00018157 -0.0143583 -0.563443
0.00062974 -0.0143583 -0.563442
-0.00099288 -0.0151696 -0.563443
-0.00018157 -0.0151696 -0.563443
0.00062974 -0.0151696 -0.563442
-0.00099288 -0.0159809 -0.563443
-0.00018157 -0.0159809 -0.563443
0.00062974 -0.0159809 -0.563442
-0.00099288 -0.0167922 -0.563443
-0.00018157 -0.0167922 -0.563443
0.00062974 -0.0167922 -0.563442
-0.00099288 -0.0176035 -0.563443
-0.00018157 -0.0176035 -0.563443
0.00062974 -0.0176035 -0.563442
-0.00099288 -0.0184148 -0.563443
-0.00018157 -0.0184148 -0.563443
0.00062974 -0.0184148 -0.563442
-0.00099288 -0.0192262 -0.563444
-0.00018157 -0.0192262 -0.563443
0.00062974 -0.0192262 -0.563442
-0.00099288 -0.0200375 -0.563444
-0.00018157 -0.0200375 -0.563443
0.00062974 -0.0200375 -0.563443
-0.00099288 -0.0208488 -0.563444
-0.00018157 -0.0208488 -0.563443
0.00062974 -0.0208488 -0.563443
-0.00099288 -0.0216601 -0.563444
-0.00018157 -0.0216601 -0.563443
0.00062974 -0.0216601 -0.563443
-0.00099288 -0.0224714 -0.563444
-0.00018157 -0.0224714 -0.563443
0.00062974 -0.0224714 -0.563443
-0.00099288 -0.0232827 -0.563444
-0.00018157 -0.0232827 -0.563443
0.00062974 -0.0232827 -0.563443
-0.00099288 -0.024094 -0.563444
-0.00018157 -0.024094 -0.563444
0.00062974 -0.024094 -0.563443
-0.00099288 -0.0249053 -0.563444
-0.00018157 -0.0249053 -0.563444
0.00062974 -0.0249053 -0.563443
-0.00099288 -0.0257166 -0.563444
-0.00018157 -0.0257166 -0.563444
0.00062974 -0.0257166 -0.563443
-0.00099288 -0.026528 -0.563444
-0.00018157 -0.026528 -0.563444
0.00062974 -0.026528 -0.563443
-0.00099288 -0.0273393 -0.563444
-0.00018157 -0.0273393 -0.563444
0.00062974 -0.0273393 -0.563443
-0.00099288 -0.0281506 -0.563444
-0.00018157 -0.0281506 -0.563444
0.00062974 -0.0281506 -0.563443
-0.00099288 -0.0289619 -0.563445
-0.00018157 -0.0289619 -0.563444
0.00062974 -0.0289619 -0.563443
-0.00099288 -0.0297732 -0.563445
-0.00018157 -0.0297732 -0.563444
0.00062974 -0.0297732 -0.563444
-0.00099288 -0.0305845 -0.563445
-0.00018157 -0.0305845 -0.563444
0.00062974 -0.0305845 -0.563444
-0.00099288 -0.0313958 -0.563445
-0.00018157 -0.0313958 -0.563444
0.00062974 -0.0313958 -0.563444
-0.00099288 -0.0322071 -0.563445
-0.00018157 -0.0322071 -0.563444
0.00062974 -0.0322071 -0.563444
-0.00099288 -0.0330184 -0.563445
-0.00018157 -0.0330184 -0.563444
0.00062974 -0.0330184 -0.563444
-0.00099288 -0.0338297 -0.563445
-0.00018157 -0.0338297 -0.563444
0.00062974 -0.0338297 -0.563444
-0.00099288 -0.034641 -0.563445
-0.00018157 -0.034641 -0.563445
0.00062974 -0.034641 -0.563444
-0.00099288 -0.0354524 -0.563445
-0.00018157 -0.0354524 -0.563445
0.00062974 -0.0354524 -0.563444
-0.00099288 -0.0362637 -0.563445
-0.00018157 -0.0362637 -0.563445
0.00062974 -0.0362637 -0.563444
-0.00099288 -0.037075 -0.563445
-0.00018157 -0.037075 -0.563445
0.00062974 -0.037075 -0.563444
-0.00099288 -0.0378863 -0.563445
-0.00018157 -0.0378863 -0.563445
0.00062974 -0.0378863 -0.563444
-0.00099288 -0.0386976 -0.563446
-0.00018157 -0.0386976 -0.563445
0.00062974 -0.0386976 -0.563444
-0.00099288 -0.0395089 -0.563446
-0.00018157 -0.0395089 -0.563445
0.00062974 -0.0395089 -0.563445
-0.00099288 -0.0403202 -0.563446
-0.00018157 -0.0403202 -0.563445
0.00062974 -0.0403202 -0.563445
-0.00099288 -0.0411315 -0.563446
-0.00018157 -0.0411315 -0.563445
0.00062974 -0.0411315 -0.563445
-0.00099288 -0.0419428 -0.563446
-0.00018157 -0.0419428 -0.563445
0.00062974 -0.0419428 -0.563445
-0.00099288 -0.0427542 -0.563446
-0.00018157 -0.0427542 -0.563445
0.00062974 -0.0427542 -0.563445
-0.00099288 -0.0435655 -0.563446
-0.00018157 -0.0435655 -0.563446
0.00062974 -0.0435655 -0.563445
-0.00099288 -0.0443768 -0.563446
-0.00018157 -0.0443768 -0.563446
0.00062974 -0.0443768 -0.563445
-0.00099288 -0.0451881 -0.563446
-0.00018157 -0.0451881 -0.563446
0.00062974 -0.0451881 -0.563445
-0.00099288 -0.0459994 -0.563446
-0.00018157 -0.0459994 -0.563446
0.00062974 -0.0459994 -0.563445
-0.00099288 -0.0468107 -0.563446
-0.00018157 -0.0468107 -0.563446
0.00062974 -0.0468107 -0.563445
-0.00099288 -0.047622 -0.563446
-0.00018157 -0.047622 -0.563446
0.00062974 -0.047622 -0.563445
-0.00099288 -0.0484333 -0.563447
-0.00018157 -0.0484333 -0.563446
0.00062974 -0.0484333 -0.563445
-0.00099288 -0.0492446 -0.563447
-0.00018157 -0.0492446 -0.563446
0.00062974 -0.0492446 -0.563446
-0.00099288 -0.0500559 -0.563447
-0.00018157 -0.0500559 -0.563446
0.00062974 -0.0500559 -0.563446
-0.00099288 -0.0508673 -0.563447
-0.00018157 -0.0508673 -0.563446
0.00062974 -0.0508673 -0.563446
-0.00099288 -0.0516786 -0.563447
-0.00018157 -0.0516786 -0.563446
0.00062974 -0.0516786 -0.563446
-0.00099288 -0.0524899 -0.563447
-0.00018157 -0.0524899 -0.563446
0.00062974 -0.0524899 -0.563446
-0.00099288 -0.0533012 -0.563447
-0.00018157 -0.0533012 -0.563447
0.00062974 -0.0533012 -0.563446
-0.00099288 -0.0541125 -0.563447
-0.00018157 -0.0541125 -0.563447
0.00062974 -0.0541125 -0.563446
-0.00099288 -0.0549238 -0.563447
-0.00018157 -0.0549238 -0.563447
0.00062974 -0.0549238 -0.563446
-0.00099288 -0.0557351 -0.563447
-0.00018157 -0.0557351 -0.563447
0.00062974 -0.0557351 -0.563446
-0.00099288 -0.0565464 -0.563447
-0.00018157 -0.0565464 -0.563447
0.00062974 -0.0565464 -0.563446
