-0.0243565 -0.0422843 -0.908412
-0.0249932 -0.0422843 -0.908412
-0.02563 -0.0422843 -0.908412
-0.0243565 -0.0416475 -0.908412
-0.0249932 -0.0416475 -0.908412
-0.02563 -0.0416475 -0.908412
-0.0243565 -0.0410108 -0.908412
-0.0249932 -0.0410108 -0.908412
-0.02563 -0.0410108 -0.908412
-0.0243565 -0.040374 -0.908412
-0.0249932 -0.040374 -0.908412
-0.02563 -0.040374 -0.908412
-0.0243565 -0.0397373 -0.908412
-0.0249932 -0.0397373 -0.908412
-0.02563 -0.0397373 -0.908412
-0.0243565 -0.0391005 -0.908412
-0.0249932 -0.0391005 -0.908412
-0.02563 -0.0391005 -0.908412
-0.0243565 -0.0384637 -0.908412
-0.0249932 -0.0384637 -0.908412
-0.02563 -0.0384637 -0.908412
-0.0243565 -0.037827 -0.908412
-0.0249932 -0.037827 -0.908412
-0.02563 -0.037827 -0.908412
-0.0243565 -0.0371902 -0.908412
-0.0249932 -0.0371902 -0.908412
-0.02563 -0.0371902 -0.908411
-0.0243565 -0.0365535 -0.908411
-0.0249932 -0.0365535 -0.908411
-0.02563 -0.0365535 -0.908411
-0.0243565 -0.0359167 -0.908411
-0.0249932 -0.0359167 -0.908411
-0.02563 -0.0359167 -0.908411
-0.0243565 -0.0352799 -0.908411
-0.0249932 -0.0352799 -0.908411
-0.02563 -0.0352799 -0.908411
-0.0243565 -0.0346432 -0.908411
-0.0249932 -0.0346432 -0.908411
-0.02563 -0.0346432 -0.908411
-0.0243565 -0.0340064 -0.908411
-0.0249932 -0.0340064 -0.908411
-0.02563 -0.0340064 -0.908411
-0.0243565 -0.0333697 -0.908411
-0.0249932 -0.0333697 -0.908411
-0.02563 -0.0333697 -0.908411
-0.0243565 -0.0327329 -0.908411
-0.0249932 -0.0327329 -0.908411
-0.02563 -0.0327329 -0.908411
-0.0243565 -0.0320961 -0.90841
-0.0249932 -0.0320961 -0.90841
-0.02563 -0.0320961 -0.90841
-0.0243565 -0.0314594 -0.90841
-0.0249932 -0.0314594 -0.90841
-0.02563 -0.0314594 -0.90841
-0.0243565 -0.0308226 -0.90841
-0.0249932 -0.0308226 -0.90841
-0.02563 -0.0308226 -0.90841
-0.0243565 -0.0301859 -0.90841
-0.0249932 -0.0301859 -0.90841
-0.02563 -0.0301859 -0.90841
-0.0243565 -0.0295491 -0.90841
-0.0249932 -0.0295491 -0.90841
-0.02563 -0.0295491 -0.90841
-0.0243565 -0.0289124 -0.90841
-0.0249932 -0.0289124 -0.90841
-0.02563 -0.0289124 -0.90841
-0.0243565 -0.0282756 -0.90841
-0.0249932 -0.0282756 -0.90841
-0.02563 -0.0282756 -0.90841
-0.0243565 -0.0276388 -0.90841
-0.0249932 -0.0276388 -0.90841
-0.02563 -0.0276388 -0.90841
-0.0243565 -0.0270021 -0.90841
-0.0249932 -0.0270021 -0.90841
-0.02563 -0.0270021 -0.908409
-0.0243565 -0.0263653 -0.908409
-0.0249932 -0.0263653 -0.908409
-0.02563 -0.0263653 -0.908409
-0.0243565 -0.0257286 -0.908409
-0.0249932 -0.0257286 -0.908409
-0.02563 -0.0257286 -0.908409
-0.0243565 -0.0250918 -0.908409
-0.0249932 -0.0250918 -0.908409
-0.02563 -0.0250918 -0.908409
-0.0243565 -0.024455 -0.908409
-0.0249932 -0.024455 -0.908409
-0.02563 -0.024455 -0.908409
-0.0243565 -0.0238183 -0.908409
-0.0249932 -0.0238183 -0.908409
-0.02563 -0.0238183 -0.908409
-0.0243565 -0.0231815 -0.908409
-0.0249932 -0.0231815 -0.908409
-0.02563 -0.0231815 -0.908409
-0.0243565 -0.0225448 -0.908409
-0.0249932 -0.0225448 -0.908409
-0.02563 -0.0225448 -0.908409
-0.0243565 -0.021908 -0.908409
-0.0249932 -0.021908 -0.908409
-0.02563 -0.021908 -0.908409
-0.0243565 -0.0212712 -0.908408
-0.0249932 -0.0212712 -0.908408
-0.02563 -0.0212712 -0.908408
-0.0243565 -0.0206345 -0.908408
-0.0249932 -0.0206345 -0.908408
-0.02563 -0.0206345 -0.908408
-0.0243565 -0.0199977 -0.908408
-0.0249932 -0.0199977 -0.908408
-0.02563 -0.0199977 -0.908408
-0.0243565 -0.019361 -0.908408
-0.0249932 -0.019361 -0.908408
-0.02563 -0.019361 -0.908408
-0.0243565 -0.0187242 -0.908408
-0.0249932 -0.0187242 -0.908408
-0.02563 -0.0187242 -0.908408
-0.0243565 -0.0180874 -0.908408
-0.0249932 -0.0180874 -0.908408
-0.02563 -0.0180874 -0.908408
-0.0243565 -0.0174507 -0.908408
-0.0249932 -0.0174507 -0.908408
-0.02563 -0.0174507 -0.908408
-0.0243565 -0.0168139 -0.908408
-0.0249932 -0.0168139 -0.908408
-0.02563 -0.0168139 -0.908408
-0.0243565 -0.0161772 -0.908407
-0.0249932 -0.0161772 -0.908407
-0.02563 -0.0161772 -0.908407
-0.0243565 -0.0155404 -0.908407
-0.0249932 -0.0155404 -0.908407
-0.02563 -0.0155404 -0.908407
-0.0243565 -0.0149036 -0.908407
-0.0249932 -0.0149036 -0.908407
-0.02563 -0.0149036 -0.908407
-0.0243565 -0.0142669 -0.908407
-0.0249932 -0.0142669 -0.908407
-0.02563 -0.0142669 -0.908407
-0.0243565 -0.0136301 -0.908407
-0.0249932 -0.0136301 -0.908407
-0.02563 -0.0136301 -0.908407
-0.0243565 -0.0129934 -0.908407
-0.0249932 -0.0129934 -0.908407
-0.02563 -0.0129934 -0.908407
-0.0243565 -0.0123566 -0.908407
-0.0249932 -0.0123566 -0.908407
-0.02563 -0.0123566 -0.908407
-0.0243565 -0.0117198 -0.908407
-0.0249932 -0.0117198 -0.908407
-0.02563 -0.0117198 -0.908407
-0.0243565 -0.0110831 -0.908406
-0.0249932 -0.0110831 -0.908406
-0.02563 -0.0110831 -0.908406
-0.0243565 -0.0104463 -0.908406
-0.0249932 -0.0104463 -0.908406
-0.02563 -0.0104463 -0.908406
-0.0243565 -0.00980957 -0.908406
-0.0249932 -0.00980957 -0.908406
-0.02563 -0.00980957 -0.908406
-0.0243565 -0.00917281 -0.908406
-0.0249932 -0.00917281 -0.908406
-0.02563 -0.00917281 -0.908406
-0.0243565 -0.00853605 -0.908406
-0.0249932 -0.00853605 -0.908406
-0.02563 -0.00853605 -0.908406
-0.0243565 -0.00789929 -0.908406
-0.0249932 -0.00789929 -0.908406
-0.02563 -0.00789929 -0.908406
-0.0243565 -0.00726253 -0.908406
-0.0249932 -0.00726253 -0.908406
-0.02563 -0.00726253 -0.908406
-0.0243565 -0.00662577 -0.908406
-0.0249932 -0.00662577 -0.908406
-0.02563 -0.00662577 -0.908406
-0.0243565 -0.00598901 -0.908405
-0.0249932 -0.00598901 -0.908405
-0.02563 -0.00598901 -0.908405
-0.0243565 -0.00535225 -0.908405
-0.0249932 -0.00535225 -0.908405
-0.02563 -0.00535225 -0.908405
-0.0243565 -0.00471549 -0.908405
-0.0249932 -0.00471549 -0.908405
-0.02563 -0.00471549 -0.908405
-0.0243565 -0.00407873 -0.908405
-0.0249932 -0.00407873 -0.908405
-0.02563 -0.00407873 -0.908405
-0.0243565 -0.00344197 -0.908405
-0.0249932 -0.00344197 -0.908405
-0.02563 -0.00344197 -0.908405
-0.0243565 -0.00280521 -0.908405
-0.0249932 -0.00280521 -0.908405
-0.02563 -0.00280521 -0.908405
-0.0243565 -0.00216846 -0.908405
-0.0249932 -0.00216846 -0.908405
-0.02563 -0.00216846 -0.908405
-0.0243565 -0.0015317 -0.908405
-0.0249932 -0.0015317 -0.908405
-0.02563 -0.0015317 -0.908405
-0.0243565 -0.000894937 -0.908404
-0.0249932 -0.000894937 -0.908404
-0.02563 -0.000894937 -0.908404
-0.0243565 -0.000258177 -0.908404
-0.0249932 -0.000258177 -0.908404
-0.02563 -0.000258177 -0.908404
-0.0243565 0.000378582 -0.908404
-0.0249932 0.000378582 -0.908404
-0.02563 0.000378582 -0.908404
-0.0243565 0.00101534 -0.908404
-0.0249932 0.00101534 -0.908404
-0.02563 0.00101534 -0.908404
-0.0243565 0.0016521 -0.908404
-0.0249932 0.0016521 -0.908404
-0.02563 0.0016521 -0.908404
-0.0243565 0.00228886 -0.908404
-0.0249932 0.00228886 -0.908404
-0.02563 0.00228886 -0.908404
-0.0243565 0.00292562 -0.908404
-0.0249932 0.00292562 -0.908404
-0.02563 0.00292562 -0.908404
-0.0243565 0.00356238 -0.908404
-0.0249932 0.00356238 -0.908404
-0.02563 0.00356238 -0.908404
-0.0243565 0.00419914 -0.908404
-0.0249932 0.00419914 -0.908403
-0.02563 0.00419914 -0.908403
-0.0243565 0.0048359 -0.908403
-0.0249932 0.0048359 -0.908403
-0.02563 0.0048359 -0.908403
-0.0243565 0.00547266 -0.908403
-0.0249932 0.00547266 -0.908403
-0.02563 0.00547266 -0.908403
-0.0243565 0.00610942 -0.908403
-0.0249932 0.00610942 -0.908403
-0.02563 0.00610942 -0.908403
-0.0243565 0.00674618 -0.908403
-0.0249932 0.00674618 -0.908403
-0.02563 0.00674618 -0.908403
-0.0243565 0.00738294 -0.908403
-0.0249932 0.00738294 -0.908403
-0.02563 0.00738294 -0.908403
-0.0243565 0.0080197 -0.908403
-0.0249932 0.0080197 -0.908403
-0.02563 0.0080197 -0.908403
-0.0243565 0.00865646 -0.908403
-0.0249932 0.00865646 -0.908403
-0.02563 0.00865646 -0.908403
-0.0243565 0.00929321 -0.908403
-0.0249932 0.00929321 -0.908403
-0.02563 0.00929321 -0.908403
-0.0243565 0.00992997 -0.908402
-0.0249932 0.00992997 -0.908402
-0.02563 0.00992997 -0.908402
-0.0243565 0.0105667 -0.908402
-0.0249932 0.0105667 -0.908402
-0.02563 0.0105667 -0.908402
-0.0243565 0.0112035 -0.908402
-0.0249932 0.0112035 -0.908402
-0.02563 0.0112035 -0.908402
-0.0243565 0.0118403 -0.908402
-0.0249932 0.0118403 -0.908402
-0.02563 0.0118403 -0.908402
-0.0243565 0.012477 -0.908402
-0.0249932 0.012477 -0.908402
-0.02563 0.012477 -0.908402
-0.0243565 0.0131138 -0.908402
-0.0249932 0.0131138 -0.908402
-0.02563 0.0131138 -0.908402
-0.0243565 0.0137505 -0.908402
-0.0249932 0.0137505 -0.908402
-0.02563 0.0137505 -0.908402
-0.0243565 0.0143873 -0.908402
-0.0249932 0.0143873 -0.908401
-0.02563 0.0143873 -0.908401
-0.0243565 0.015024 -0.908401
-0.0249932 0.015024 -0.908401
-0.02563 0.015024 -0.908401
-0.0243565 0.0156608 -0.908401
-0.0249932 0.0156608 -0.908401
-0.02563 0.0156608 -0.908401
-0.0243565 0.0162976 -0.908401
-0.0249932 0.0162976 -0.908401
-0.02563 0.0162976 -0.908401
-0.0243565 0.0169343 -0.908401
-0.0249932 0.0169343 -0.908401
-0.02563 0.0169343 -0.908401
-0.0243565 0.0175711 -0.908401
-0.0249932 0.0175711 -0.908401
-0.02563 0.0175711 -0.908401
-0.0243565 0.0182078 -0.908401
-0.0249932 0.0182078 -0.908401
-0.02563 0.0182078 -0.908401
-0.0243565 0.0188446 -0.908401
-0.0249932 0.0188446 -0.908401
-0.02563 0.0188446 -0.908401
-0.0243565 0.0194814 -0.908401
-0.0249932 0.0194814 -0.908401
-0.02563 0.0194814 -0.908401
-0.0243565 0.0201181 -0.9084
-0.0249932 0.0201181 -0.9084
-0.02563 0.0201181 -0.9084
-0.0243565 0.0207549 -0.9084
-0.0249932 0.0207549 -0.9084
-0.02563 0.0207549 -0.9084
-0.0243565 0.0213916 -0.9084
-0.0249932 0.0213916 -0.9084
-0.02563 0.0213916 -0.9084
-0.0243565 0.0220284 -0.9084
-0.0249932 0.0220284 -0.9084
-0.02563 0.0220284 -0.9084
-0.0243565 0.0226652 -0.9084
-0.0249932 0.0226652 -0.9084
-0.02563 0.0226652 -0.9084
-0.0243565 0.0233019 -0.9084
-0.0249932 0.0233019 -0.9084
-0.02563 0.0233019 -0.9084
-0.0243565 0.0239387 -0.9084
-0.0249932 0.0239387 -0.9084
-0.02563 0.0239387 -0.9084
-0.0243565 0.0245754 -0.9084
-0.0249932 0.0245754 -0.9084
-0.02563 0.0245754 -0.9084
-0.0243565 0.0252122 -0.908399
-0.0249932 0.0252122 -0.908399
-0.02563 0.0252122 -0.908399
-0.0243565 0.025849 -0.908399
-0.0249932 0.025849 -0.908399
-0.02563 0.025849 -0.908399
-0.0243565 0.0264857 -0.908399
-0.0249932 0.0264857 -0.908399
-0.02563 0.0264857 -0.908399
-0.0243565 0.0271225 -0.908399
-0.0249932 0.0271225 -0.908399
-0.02563 0.0271225 -0.908399
-0.0243565 0.0277592 -0.908399
-0.0249932 0.0277592 -0.908399
-0.02563 0.0277592 -0.908399
