-0.00505186 0.0424883 -0.795598
-0.00458741 0.0424883 -0.795601
-0.00412296 0.0424883 -0.795603
-0.00505186 0.0420239 -0.795599
-0.00458741 0.0420239 -0.795601
-0.00412296 0.0420239 -0.795603
-0.00505186 0.0415594 -0.795599
-0.00458741 0.0415594 -0.795601
-0.00412296 0.0415594 -0.795604
-0.00505186 0.041095 -0.795599
-0.00458741 0.041095 -0.795602
-0.00412296 0.041095 -0.795604
-0.00505186 0.0406305 -0.7956
-0.00458741 0.0406305 -0.795602
-0.00412296 0.0406305 -0.795604
-0.00505186 0.0401661 -0.7956
-0.00458741 0.0401661 -0.795603
-0.00412296 0.0401661 -0.795605
-0.00505186 0.0397016 -0.795601
-0.00458741 0.0397016 -0.795603
-0.00412296 0.0397016 -0.795605
-0.00505186 0.0392372 -0.795601
-0.00458741 0.0392372 -0.795603
-0.00412296 0.0392372 -0.795606
-0.00505186 0.0387727 -0.795601
-0.00458741 0.0387727 -0.795604
-0.00412296 0.0387727 -0.795606
-0.00505186 0.0383083 -0.795602
-0.00458741 0.0383083 -0.795604
-0.00412296 0.0383083 -0.795606
-0.00505186 0.0378438 -0.795602
-0.00458741 0.0378438 -0.795604
-0.00412296 0.0378438 -0.795607
-0.00505186 0.0373794 -0.795602
-0.00458741 0.0373794 -0.795605
-0.00412296 0.0373794 -0.795607
-0.00505186 0.0369149 -0.795603
-0.00458741 0.0369149 -0.795605
-0.00412296 0.0369149 -0.795607
-0.00505186 0.0364505 -0.795603
-0.00458741 0.0364505 -0.795606
-0.00412296 0.0364505 -0.795608
-0.00505186 0.035986 -0.795604
-0.00458741 0.035986 -0.795606
-0.00412296 0.035986 -0.795608
-0.00505186 0.0355216 -0.795604
-0.00458741 0.0355216 -0.795606
-0.00412296 0.0355216 -0.795609
-0.00505186 0.0350571 -0.795604
-0.00458741 0.0350571 -0.795607
-0.00412296 0.0350571 -0.795609
-0.00505186 0.0345927 -0.795605
-0.00458741 0.0345927 -0.795607
-0.00412296 0.0345927 -0.795609
-0.00505186 0.0341282 -0.795605
-0.00458741 0.0341282 -0.795607
-0.00412296 0.0341282 -0.79561
-0.00505186 0.0336638 -0.795605
-0.00458741 0.0336638 -0.795608
-0.00412296 0.0336638 -0.79561
-0.00505186 0.0331993 -0.795606
-0.00458741 0.0331993 -0.795608
-0.00412296 0.0331993 -0.79561
-0.00505186 0.0327349 -0.795606
-0.00458741 0.0327349 -0.795609
-0.00412296 0.0327349 -0.795611
-0.00505186 0.0322704 -0.795607
-0.00458741 0.0322704 -0.795609
-0.00412296 0.0322704 -0.795611
-0.00505186 0.031806 -0.795607
-0.00458741 0.031806 -0.795609
-0.00412296 0.031806 -0.795612
-0.00505186 0.0313415 -0.795607
-0.00458741 0.0313415 -0.79561
-0.00412296 0.0313415 -0.795612
-0.00505186 0.0308771 -0.795608
-0.00458741 0.0308771 -0.79561
-0.00412296 0.0308771 -0.795612
-0.00505186 0.0304126 -0.795608
-0.00458741 0.0304126 -0.79561
-0.00412296 0.0304126 -0.795613
-0.00505186 0.0299482 -0.795609
-0.00458741 0.0299482 -0.795611
-0.00412296 0.0299482 -0.795613
-0.00505186 0.0294838 -0.795609
-0.00458741 0.0294838 -0.795611
-0.00412296 0.0294838 -0.795614
-0.00505186 0.0290193 -0.795609
-0.00458741 0.0290193 -0.795612
-0.00412296 0.0290193 -0.795614
-0.00505186 0.0285549 -0.79561
-0.00458741 0.0285549 -0.795612
-0.00412296 0.0285549 -0.795614
-0.00505186 0.0280904 -0.79561
-0.00458741 0.0280904 -0.795612
-0.00412296 0.0280904 -0.795615
-0.00505186 0.027626 -0.79561
-0.00458741 0.027626 -0.795613
-0.00412296 0.027626 -0.795615
-0.00505186 0.0271615 -0.795611
-0.00458741 0.0271615 -0.795613
-0.00412296 0.0271615 -0.795615
-0.00505186 0.0266971 -0.795611
-0.00458741 0.0266971 -0.795614
-0.00412296 0.0266971 -0.795616
-0.00505186 0.0262326 -0.795612
-0.00458741 0.0262326 -0.795614
-0.00412296 0.0262326 -0.795616
-0.00505186 0.0257682 -0.795612
-0.00458741 0.0257682 -0.795614
-0.00412296 0.0257682 -0.795617
-0.00505186 0.0253037 -0.795612
-0.00458741 0.0253037 -0.795615
-0.00412296 0.0253037 -0.795617
-0.00505186 0.0248393 -0.795613
-0.00458741 0.0248393 -0.795615
-0.00412296 0.0248393 -0.795617
-0.00505186 0.0243748 -0.795613
-0.00458741 0.0243748 -0.795615
-0.00412296 0.0243748 -0.795618
-0.00505186 0.0239104 -0.795613
-0.00458741 0.0239104 -0.795616
-0.00412296 0.0239104 -0.795618
-0.00505186 0.0234459 -0.795614
-0.00458741 0.0234459 -0.795616
-0.00412296 0.0234459 -0.795618
-0.00505186 0.0229815 -0.795614
-0.00458741 0.0229815 -0.795617
-0.00412296 0.0229815 -0.795619
-0.00505186 0.022517 -0.795615
-0.00458741 0.022517 -0.795617
-0.00412296 0.022517 -0.795619
-0.00505186 0.0220526 -0.795615
-0.00458741 0.0220526 -0.795617
-0.00412296 0.0220526 -0.79562
-0.00505186 0.0215881 -0.795615
-0.00458741 0.0215881 -0.795618
-0.00412296 0.0215881 -0.79562
-0.00505186 0.0211237 -0.795616
-0.00458741 0.0211237 -0.795618
-0.00412296 0.0211237 -0.79562
-0.00505186 0.0206592 -0.795616
-0.00458741 0.0206592 -0.795618
-0.00412296 0.0206592 -0.795621
-0.00505186 0.0201948 -0.795617
-0.00458741 0.0201948 -0.795619
-0.00412296 0.0201948 -0.795621
-0.00505186 0.0197303 -0.795617
-0.00458741 0.0197303 -0.795619
-0.00412296 0.0197303 -0.795622
-0.00505186 0.0192659 -0.795617
-0.00458741 0.0192659 -0.79562
-0.00412296 0.0192659 -0.795622
-0.00505186 0.0188014 -0.795618
-0.00458741 0.0188014 -0.79562
-0.00412296 0.0188014 -0.795622
-0.00505186 0.018337 -0.795618
-0.00458741 0.018337 -0.79562
-0.00412296 0.018337 -0.795623
-0.00505186 0.0178725 -0.795618
-0.00458741 0.0178725 -0.795621
-0.00412296 0.0178725 -0.795623
-0.00505186 0.0174081 -0.795619
-0.00458741 0.0174081 -0.795621
-0.00412296 0.0174081 -0.795623
-0.00505186 0.0169436 -0.795619
-0.00458741 0.0169436 -0.795621
-0.00412296 0.0169436 -0.795624
-0.00505186 0.0164792 -0.79562
-0.00458741 0.0164792 -0.795622
-0.00412296 0.0164792 -0.795624
-0.00505186 0.0160147 -0.79562
-0.00458741 0.0160147 -0.795622
-0.00412296 0.0160147 -0.795625
-0.00505186 0.0155503 -0.79562
-0.00458741 0.0155503 -0.795623
-0.00412296 0.0155503 -0.795625
-0.00505186 0.0150858 -0.795621
-0.00458741 0.0150858 -0.795623
-0.00412296 0.0150858 -0.795625
-0.00505186 0.0146214 -0.795621
-0.00458741 0.0146214 -0.795623
-0.00412296 0.0146214 -0.795626
-0.00505186 0.0141569 -0.795621
-0.00458741 0.0141569 -0.795624
-0.00412296 0.0141569 -0.795626
-0.00505186 0.0136925 -0.795622
-0.00458741 0.0136925 -0.795624
-0.00412296 0.0136925 -0.795626
-0.00505186 0.013228 -0.795622
-0.00458741 0.013228 -0.795624
-0.00412296 0.013228 -0.795627
-0.00505186 0.0127636 -0.795623
-0.00458741 0.0127636 -0.795625
-0.00412296 0.0127636 -0.795627
-0.00505186 0.0122991 -0.795623
-0.00458741 0.0122991 -0.795625
-0.00412296 0.0122991 -0.795628
-0.00505186 0.0118347 -0.795623
-0.00458741 0.0118347 -0.795626
-0.00412296 0.0118347 -0.795628
-0.00505186 0.0113702 -0.795624
-0.00458741 0.0113702 -0.795626
-0.00412296 0.0113702 -0.795628
-0.00505186 0.0109058 -0.795624
-0.00458741 0.0109058 -0.795626
-0.00412296 0.0109058 -0.795629
-0.00505186 0.0104413 -0.795624
-0.00458741 0.0104413 -0.795627
-0.00412296 0.0104413 -0.795629
-0.00505186 0.00997687 -0.795625
-0.00458741 0.00997687 -0.795627
-0.00412296 0.00997687 -0.795629
-0.00505186 0.00951242 -0.795625
-0.00458741 0.00951242 -0.795628
-0.00412296 0.00951242 -0.79563
-0.00505186 0.00904797 -0.795626
-0.00458741 0.00904797 -0.795628
-0.00412296 0.00904797 -0.79563
-0.00505186 0.00858352 -0.795626
-0.00458741 0.00858352 -0.795628
-0.00412296 0.00858352 -0.795631
-0.00505186 0.00811907 -0.795626
-0.00458741 0.00811907 -0.795629
-0.00412296 0.00811907 -0.795631
-0.00505186 0.00765462 -0.795627
-0.00458741 0.00765462 -0.795629
-0.00412296 0.00765462 -0.795631
-0.00505186 0.00719017 -0.795627
-0.00458741 0.00719017 -0.795629
-0.00412296 0.00719017 -0.795632
-0.00505186 0.00672573 -0.795627
-0.00458741 0.00672573 -0.79563
-0.00412296 0.00672573 -0.795632
-0.00505186 0.00626128 -0.795628
-0.00458741 0.00626128 -0.79563
-0.00412296 0.00626128 -0.795632
-0.00505186 0.00579683 -0.795628
-0.00458741 0.00579683 -0.795631
-0.00412296 0.00579683 -0.795633
-0.00505186 0.00533238 -0.795629
-0.00458741 0.00533238 -0.795631
-0.00412296 0.00533238 -0.795633
-0.00505186 0.00486793 -0.795629
-0.00458741 0.00486793 -0.795631
-0.00412296 0.00486793 -0.795634
-0.00505186 0.00440348 -0.795629
-0.00458741 0.00440348 -0.795632
-0.00412296 0.00440348 -0.795634
-0.00505186 0.00393903 -0.79563
-0.00458741 0.00393903 -0.795632
-0.00412296 0.00393903 -0.795634
-0.00505186 0.00347458 -0.79563
-0.00458741 0.00347458 -0.795632
-0.00412296 0.00347458 -0.795635
-0.00505186 0.00301013 -0.795631
-0.00458741 0.00301013 -0.795633
-0.00412296 0.00301013 -0.795635
-0.00505186 0.00254568 -0.795631
-0.00458741 0.00254568 -0.795633
-0.00412296 0.00254568 -0.795636
-0.00505186 0.00208123 -0.795631
-0.00458741 0.00208123 -0.795634
-0.00412296 0.00208123 -0.795636
-0.00505186 0.00161678 -0.795632
-0.00458741 0.00161678 -0.795634
-0.00412296 0.00161678 -0.795636
-0.00505186 0.00115233 -0.795632
-0.00458741 0.00115233 -0.795634
-0.00412296 0.00115233 -0.795637
-0.00505186 0.000687882 -0.795632
-0.00458741 0.000687882 -0.795635
-0.00412296 0.000687882 -0.795637
-0.00505186 0.000223432 -0.795633
-0.00458741 0.000223432 -0.795635
-0.00412296 0.000223432 -0.795637
-0.00505186 -0.000241017 -0.795633
-0.00458741 -0.000241017 -0.795636
-0.00412296 -0.000241017 -0.795638
-0.00505186 -0.000705467 -0.795634
-0.00458741 -0.000705467 -0.795636
-0.00412296 -0.000705467 -0.795638
-0.00505186 -0.00116992 -0.795634
-0.00458741 -0.00116992 -0.795636
-0.00412296 -0.00116992 -0.795639
-0.00505186 -0.00163437 -0.795634
-0.00458741 -0.00163437 -0.795637
-0.00412296 -0.00163437 -0.795639
-0.00505186 -0.00209882 -0.795635
-0.00458741 -0.00209882 -0.795637
-0.00412296 -0.00209882 -0.795639
-0.00505186 -0.00256326 -0.795635
-0.00458741 -0.00256326 -0.795637
-0.00412296 -0.00256326 -0.79564
-0.00505186 -0.00302771 -0.795635
-0.00458741 -0.00302771 -0.795638
-0.00412296 -0.00302771 -0.79564
-0.00505186 -0.00349216 -0.795636
-0.00458741 -0.00349216 -0.795638
-0.00412296 -0.00349216 -0.79564
-0.00505186 -0.00395661 -0.795636
-0.00458741 -0.00395661 -0.795639
-0.00412296 -0.00395661 -0.795641
-0.00505186 -0.00442106 -0.795637
-0.00458741 -0.00442106 -0.795639
-0.00412296 -0.00442106 -0.795641
-0.00505186 -0.00488551 -0.795637
-0.00458741 -0.00488551 -0.795639
-0.00412296 -0.00488551 -0.795642
-0.00505186 -0.00534996 -0.795637
-0.00458741 -0.00534996 -0.79564
-0.00412296 -0.00534996 -0.795642
-0.00505186 -0.00581441 -0.795638
-0.00458741 -0.00581441 -0.79564
-0.00412296 -0.00581441 -0.795642
-0.00505186 -0.00627886 -0.795638
-0.00458741 -0.00627886 -0.79564
-0.00412296 -0.00627886 -0.795643
-0.00505186 -0.00674331 -0.795639
-0.00458741 -0.00674331 -0.795641
-0.00412296 -0.00674331 -0.795643
-0.00505186 -0.00720776 -0.795639
-0.00458741 -0.00720776 -0.795641
-0.00412296 -0.00720776 -0.795644
-0.00505186 -0.00767221 -0.795639
-0.00458741 -0.00767221 -0.795642
-0.00412296 -0.00767221 -0.795644
-0.00505186 -0.00813666 -0.79564
-0.00458741 -0.00813666 -0.795642
-0.00412296 -0.00813666 -0.795644
-0.00505186 -0.00860111 -0.79564
-0.00458741 -0.00860111 -0.795642
-0.00412296 -0.00860111 -0.795645
