-0.000136246 0.0762066 -1.21506
0.0010885 0.0762066 -1.21506
0.00231324 0.0762066 -1.21506
-0.000136246 0.0749819 -1.21506
0.0010885 0.0749819 -1.21506
0.00231324 0.0749819 -1.21506
-0.000136246 0.0737571 -1.21506
0.0010885 0.0737571 -1.21506
0.00231324 0.0737571 -1.21506
-0.000136246 0.0725324 -1.21506
0.0010885 0.0725324 -1.21506
0.00231324 0.0725324 -1.21506
-0.000136246 0.0713077 -1.21506
0.0010885 0.0713077 -1.21506
0.00231324 0.0713077 -1.21506
-0.000136246 0.0700829 -1.21506
0.0010885 0.0700829 -1.21506
0.00231324 0.0700829 -1.21506
-0.000136246 0.0688582 -1.21506
0.0010885 0.0688582 -1.21506
0.00231324 0.0688582 -1.21506
-0.000136246 0.0676334 -1.21506
0.0010885 0.0676334 -1.21506
0.00231324 0.0676334 -1.21506
-0.000136246 0.0664087 -1.21506
0.0010885 0.0664087 -1.21506
0.00231324 0.0664087 -1.21506
-0.000136246 0.0651839 -1.21507
0.0010885 0.0651839 -1.21506
0.00231324 0.0651839 -1.21506
-0.000136246 0.0639592 -1.21507
0.0010885 0.0639592 -1.21506
0.00231324 0.0639592 -1.21506
-0.000136246 0.0627345 -1.21507
0.0010885 0.0627345 -1.21506
0.00231324 0.0627345 -1.21506
-0.000136246 0.0615097 -1.21507
0.0010885 0.0615097 -1.21507
0.00231324 0.0615097 -1.21506
-0.000136246 0.060285 -1.21507
0.0010885 0.060285 -1.21507
0.00231324 0.060285 -1.21506
-0.000136246 0.0590602 -1.21507
0.0010885 0.0590602 -1.21507
0.00231324 0.0590602 -1.21506
-0.000136246 0.0578355 -1.21507
0.0010885 0.0578355 -1.21507
0.00231324 0.0578355 -1.21507
-0.000136246 0.0566107 -1.21507
0.0010885 0.0566107 -1.21507
0.00231324 0.0566107 -1.21507
-0.000136246 0.055386 -1.21507
0.0010885 0.055386 -1.21507
0.00231324 0.055386 -1.21507
-0.000136246 0.0541613 -1.21507
0.0010885 0.0541613 -1.21507
0.00231324 0.0541613 -1.21507
-0.000136246 0.0529365 -1.21507
0.0010885 0.0529365 -1.21507
0.00231324 0.0529365 -1.21507
-0.000136246 0.0517118 -1.21507
0.0010885 0.0517118 -1.21507
0.00231324 0.0517118 -1.21507
-0.000136246 0.050487 -1.21507
0.0010885 0.050487 -1.21507
0.00231324 0.050487 -1.21507
-0.000136246 0.0492623 -1.21507
0.0010885 0.0492623 -1.21507
0.00231324 0.0492623 -1.21507
-0.000136246 0.0480375 -1.21507
0.0010885 0.0480375 -1.21507
0.00231324 0.0480375 -1.21507
-0.000136246 0.0468128 -1.21507
0.0010885 0.0468128 -1.21507
0.00231324 0.0468128 -1.21507
-0.000136246 0.0455881 -1.21508
0.0010885 0.0455881 -1.21507
0.00231324 0.0455881 -1.21507
-0.000136246 0.0443633 -1.21508
0.0010885 0.0443633 -1.21507
0.00231324 0.0443633 -1.21507
-0.000136246 0.0431386 -1.21508
0.0010885 0.0431386 -1.21507
0.00231324 0.0431386 -1.21507
-0.000136246 0.0419138 -1.21508
0.0010885 0.0419138 -1.21508
0.00231324 0.0419138 -1.21507
-0.000136246 0.0406891 -1.21508
0.0010885 0.0406891 -1.21508
0.00231324 0.0406891 -1.21507
-0.000136246 0.0394643 -1.21508
0.0010885 0.0394643 -1.21508
0.00231324 0.0394643 -1.21507
-0.000136246 0.0382396 -1.21508
0.0010885 0.0382396 -1.21508
0.00231324 0.0382396 -1.21508
-0.000136246 0.0370148 -1.21508
0.0010885 0.0370148 -1.21508
0.00231324 0.0370148 -1.21508
-0.000136246 0.0357901 -1.21508
0.0010885 0.0357901 -1.21508
0.00231324 0.0357901 -1.21508
-0.000136246 0.0345654 -1.21508
0.0010885 0.0345654 -1.21508
0.00231324 0.0345654 -1.21508
-0.000136246 0.0333406 -1.21508
0.0010885 0.0333406 -1.21508
0.00231324 0.0333406 -1.21508
-0.000136246 0.0321159 -1.21508
0.0010885 0.0321159 -1.21508
0.00231324 0.0321159 -1.21508
-0.000136246 0.0308911 -1.21508
0.0010885 0.0308911 -1.21508
0.00231324 0.0308911 -1.21508
-0.000136246 0.0296664 -1.21508
0.0010885 0.0296664 -1.21508
0.00231324 0.0296664 -1.21508
-0.000136246 0.0284416 -1.21508
0.0010885 0.0284416 -1.21508
0.00231324 0.0284416 -1.21508
-0.000136246 0.0272169 -1.21509
0.0010885 0.0272169 -1.21508
0.00231324 0.0272169 -1.21508
-0.000136246 0.0259922 -1.21509
0.0010885 0.0259922 -1.21508
0.00231324 0.0259922 -1.21508
-0.000136246 0.0247674 -1.21509
0.0010885 0.0247674 -1.21508
0.00231324 0.0247674 -1.21508
-0.000136246 0.0235427 -1.21509
0.0010885 0.0235427 -1.21508
0.00231324 0.0235427 -1.21508
-0.000136246 0.0223179 -1.21509
0.0010885 0.0223179 -1.21509
0.00231324 0.0223179 -1.21508
-0.000136246 0.0210932 -1.21509
0.0010885 0.0210932 -1.21509
0.00231324 0.0210932 -1.21508
-0.000136246 0.0198684 -1.21509
0.0010885 0.0198684 -1.21509
0.00231324 0.0198684 -1.21508
-0.000136246 0.0186437 -1.21509
0.0010885 0.0186437 -1.21509
0.00231324 0.0186437 -1.21509
-0.000136246 0.017419 -1.21509
0.0010885 0.017419 -1.21509
0.00231324 0.017419 -1.21509
-0.000136246 0.0161942 -1.21509
0.0010885 0.0161942 -1.21509
0.00231324 0.0161942 -1.21509
-0.000136246 0.0149695 -1.21509
0.0010885 0.0149695 -1.21509
0.00231324 0.0149695 -1.21509
-0.000136246 0.0137447 -1.21509
0.0010885 0.0137447 -1.21509
0.00231324 0.0137447 -1.21509
-0.000136246 0.01252 -1.21509
0.0010885 0.01252 -1.21509
0.00231324 0.01252 -1.21509
-0.000136246 0.0112952 -1.21509
0.0010885 0.0112952 -1.21509
0.00231324 0.0112952 -1.21509
-0.000136246 0.0100705 -1.21509
0.0010885 0.0100705 -1.21509
0.00231324 0.0100705 -1.21509
-0.000136246 0.00884575 -1.21509
0.0010885 0.00884575 -1.21509
0.00231324 0.00884575 -1.21509
-0.000136246 0.007621 -1.2151
0.0010885 0.007621 -1.21509
0.00231324 0.007621 -1.21509
-0.000136246 0.00639626 -1.2151
0.0010885 0.00639626 -1.21509
0.00231324 0.00639626 -1.21509
-0.000136246 0.00517152 -1.2151
0.0010885 0.00517152 -1.21509
0.00231324 0.00517152 -1.21509
-0.000136246 0.00394677 -1.2151
0.0010885 0.00394677 -1.2151
0.00231324 0.00394677 -1.21509
-0.000136246 0.00272203 -1.2151
0.0010885 0.00272203 -1.2151
0.00231324 0.00272203 -1.21509
-0.000136246 0.00149729 -1.2151
0.0010885 0.00149729 -1.2151
0.00231324 0.00149729 -1.21509
-0.000136246 0.000272544 -1.2151
0.0010885 0.000272544 -1.2151
0.00231324 0.000272544 -1.2151
-0.000136246 -0.0009522 -1.2151
0.0010885 -0.0009522 -1.2151
0.00231324 -0.0009522 -1.2151
-0.000136246 -0.00217694 -1.2151
0.0010885 -0.00217694 -1.2151
0.00231324 -0.00217694 -1.2151
-0.000136246 -0.00340169 -1.2151
0.0010885 -0.00340169 -1.2151
0.00231324 -0.00340169 -1.2151
-0.000136246 -0.00462643 -1.2151
0.0010885 -0.00462643 -1.2151
0.00231324 -0.00462643 -1.2151
-0.000136246 -0.00585117 -1.2151
0.0010885 -0.00585117 -1.2151
0.00231324 -0.00585117 -1.2151
-0.000136246 -0.00707592 -1.2151
0.0010885 -0.00707592 -1.2151
0.00231324 -0.00707592 -1.2151
-0.000136246 -0.00830066 -1.2151
0.0010885 -0.00830066 -1.2151
0.00231324 -0.00830066 -1.2151
-0.000136246 -0.0095254 -1.2151
0.0010885 -0.0095254 -1.2151
0.00231324 -0.0095254 -1.2151
-0.000136246 -0.0107501 -1.2151
0.0010885 -0.0107501 -1.2151
0.00231324 -0.0107501 -1.2151
-0.000136246 -0.0119749 -1.21511
0.0010885 -0.0119749 -1.2151
0.00231324 -0.0119749 -1.2151
-0.000136246 -0.0131996 -1.21511
0.0010885 -0.0131996 -1.2151
0.00231324 -0.0131996 -1.2151
-0.000136246 -0.0144244 -1.21511
0.0010885 -0.0144244 -1.2151
0.00231324 -0.0144244 -1.2151
-0.000136246 -0.0156491 -1.21511
0.0010885 -0.0156491 -1.21511
0.00231324 -0.0156491 -1.2151
-0.000136246 -0.0168739 -1.21511
0.0010885 -0.0168739 -1.21511
0.00231324 -0.0168739 -1.2151
-0.000136246 -0.0180986 -1.21511
0.0010885 -0.0180986 -1.21511
0.00231324 -0.0180986 -1.2151
-0.000136246 -0.0193234 -1.21511
0.0010885 -0.0193234 -1.21511
0.00231324 -0.0193234 -1.21511
-0.000136246 -0.0205481 -1.21511
0.0010885 -0.0205481 -1.21511
0.00231324 -0.0205481 -1.21511
-0.000136246 -0.0217728 -1.21511
0.0010885 -0.0217728 -1.21511
0.00231324 -0.0217728 -1.21511
-0.000136246 -0.0229976 -1.21511
0.0010885 -0.0229976 -1.21511
0.00231324 -0.0229976 -1.21511
-0.000136246 -0.0242223 -1.21511
0.0010885 -0.0242223 -1.21511
0.00231324 -0.0242223 -1.21511
-0.000136246 -0.0254471 -1.21511
0.0010885 -0.0254471 -1.21511
0.00231324 -0.0254471 -1.21511
-0.000136246 -0.0266718 -1.21511
0.0010885 -0.0266718 -1.21511
0.00231324 -0.0266718 -1.21511
-0.000136246 -0.0278966 -1.21511
0.0010885 -0.0278966 -1.21511
0.00231324 -0.0278966 -1.21511
-0.000136246 -0.0291213 -1.21511
0.0010885 -0.0291213 -1.21511
0.00231324 -0.0291213 -1.21511
-0.000136246 -0.030346 -1.21511
0.0010885 -0.030346 -1.21511
0.00231324 -0.030346 -1.21511
-0.000136246 -0.0315708 -1.21512
0.0010885 -0.0315708 -1.21511
0.00231324 -0.0315708 -1.21511
-0.000136246 -0.0327955 -1.21512
0.0010885 -0.0327955 -1.21511
0.00231324 -0.0327955 -1.21511
-0.000136246 -0.0340203 -1.21512
0.0010885 -0.0340203 -1.21511
0.00231324 -0.0340203 -1.21511
-0.000136246 -0.035245 -1.21512
0.0010885 -0.035245 -1.21512
0.00231324 -0.035245 -1.21511
-0.000136246 -0.0364698 -1.21512
0.0010885 -0.0364698 -1.21512
0.00231324 -0.0364698 -1.21511
-0.000136246 -0.0376945 -1.21512
0.0010885 -0.0376945 -1.21512
0.00231324 -0.0376945 -1.21511
-0.000136246 -0.0389192 -1.21512
0.0010885 -0.0389192 -1.21512
0.00231324 -0.0389192 -1.21512
-0.000136246 -0.040144 -1.21512
0.0010885 -0.040144 -1.21512
0.00231324 -0.040144 -1.21512
-0.000136246 -0.0413687 -1.21512
0.0010885 -0.0413687 -1.21512
0.00231324 -0.0413687 -1.21512
-0.000136246 -0.0425935 -1.21512
0.0010885 -0.0425935 -1.21512
0.00231324 -0.0425935 -1.21512
-0.000136246 -0.0438182 -1.21512
0.0010885 -0.0438182 -1.21512
0.00231324 -0.0438182 -1.21512
-0.000136246 -0.045043 -1.21512
0.0010885 -0.045043 -1.21512
0.00231324 -0.045043 -1.21512
-0.000136246 -0.0462677 -1.21512
0.0010885 -0.0462677 -1.21512
0.00231324 -0.0462677 -1.21512
-0.000136246 -0.0474925 -1.21512
0.0010885 -0.0474925 -1.21512
0.00231324 -0.0474925 -1.21512
-0.000136246 -0.0487172 -1.21512
0.0010885 -0.0487172 -1.21512
0.00231324 -0.0487172 -1.21512
-0.000136246 -0.0499419 -1.21512
0.0010885 -0.0499419 -1.21512
0.00231324 -0.0499419 -1.21512
-0.000136246 -0.0511667 -1.21513
0.0010885 -0.0511667 -1.21512
0.00231324 -0.0511667 -1.21512
-0.000136246 -0.0523914 -1.21513
0.0010885 -0.0523914 -1.21512
0.00231324 -0.0523914 -1.21512
-0.000136246 -0.0536162 -1.21513
0.0010885 -0.0536162 -1.21512
0.00231324 -0.0536162 -1.21512
-0.000136246 -0.0548409 -1.21513
0.0010885 -0.0548409 -1.21513
0.00231324 -0.0548409 -1.21512
-0.000136246 -0.0560657 -1.21513
0.0010885 -0.0560657 -1.21513
0.00231324 -0.0560657 -1.21512
-0.000136246 -0.0572904 -1.21513
0.0010885 -0.0572904 -1.21513
0.00231324 -0.0572904 -1.21512
-0.000136246 -0.0585151 -1.21513
0.0010885 -0.0585151 -1.21513
0.00231324 -0.0585151 -1.21513
