-0.00456178 0.0161284 -1.2895
-0.00410733 0.0161284 -1.2895
-0.00365288 0.0161284 -1.28949
-0.00456178 0.015674 -1.2895
-0.00410733 0.015674 -1.2895
-0.00365288 0.015674 -1.28949
-0.00456178 0.0152195 -1.2895
-0.00410733 0.0152195 -1.2895
-0.00365288 0.0152195 -1.28949
-0.00456178 0.0147651 -1.2895
-0.00410733 0.0147651 -1.2895
-0.00365288 0.0147651 -1.28949
-0.00456178 0.0143107 -1.2895
-0.00410733 0.0143107 -1.2895
-0.00365288 0.0143107 -1.28949
-0.00456178 0.0138562 -1.2895
-0.00410733 0.0138562 -1.2895
-0.00365288 0.0138562 -1.28949
-0.00456178 0.0134018 -1.2895
-0.00410733 0.0134018 -1.2895
-0.00365288 0.0134018 -1.28949
-0.00456178 0.0129473 -1.2895
-0.00410733 0.0129473 -1.2895
-0.00365288 0.0129473 -1.28949
-0.00456178 0.0124929 -1.2895
-0.00410733 0.0124929 -1.2895
-0.00365288 0.0124929 -1.28949
-0.00456178 0.0120384 -1.2895
-0.00410733 0.0120384 -1.2895
-0.00365288 0.0120384 -1.28949
-0.00456178 0.011584 -1.2895
-0.00410733 0.011584 -1.2895
-0.00365288 0.011584 -1.28949
-0.00456178 0.0111295 -1.2895
-0.00410733 0.0111295 -1.28949
-0.00365288 0.0111295 -1.28949
-0.00456178 0.0106751 -1.2895
-0.00410733 0.0106751 -1.28949
-0.00365288 0.0106751 -1.28949
-0.00456178 0.0102206 -1.2895
-0.00410733 0.0102206 -1.28949
-0.00365288 0.0102206 -1.28949
-0.00456178 0.00976619 -1.2895
-0.00410733 0.00976619 -1.28949
-0.00365288 0.00976619 -1.28949
-0.00456178 0.00931174 -1.2895
-0.00410733 0.00931174 -1.28949
-0.00365288 0.00931174 -1.28949
-0.00456178 0.0088573 -1.2895
-0.00410733 0.0088573 -1.28949
-0.00365288 0.0088573 -1.28949
-0.00456178 0.00840285 -1.2895
-0.00410733 0.00840285 -1.28949
-0.00365288 0.00840285 -1.28949
-0.00456178 0.0079484 -1.2895
-0.00410733 0.0079484 -1.28949
-0.00365288 0.0079484 -1.28949
-0.00456178 0.00749396 -1.2895
-0.00410733 0.00749396 -1.28949
-0.00365288 0.00749396 -1.28949
-0.00456178 0.00703951 -1.2895
-0.00410733 0.00703951 -1.28949
-0.00365288 0.00703951 -1.28949
-0.00456178 0.00658506 -1.2895
-0.00410733 0.00658506 -1.28949
-0.00365288 0.00658506 -1.28949
-0.00456178 0.00613062 -1.2895
-0.00410733 0.00613062 -1.28949
-0.00365288 0.00613062 -1.28949
-0.00456178 0.00567617 -1.2895
-0.00410733 0.00567617 -1.28949
-0.00365288 0.00567617 -1.28949
-0.00456178 0.00522172 -1.28949
-0.00410733 0.00522172 -1.28949
-0.00365288 0.00522172 -1.28949
-0.00456178 0.00476728 -1.28949
-0.00410733 0.00476728 -1.28949
-0.00365288 0.00476728 -1.28949
-0.00456178 0.00431283 -1.28949
-0.00410733 0.00431283 -1.28949
-0.00365288 0.00431283 -1.28949
-0.00456178 0.00385838 -1.28949
-0.00410733 0.00385838 -1.28949
-0.00365288 0.00385838 -1.28949
-0.00456178 0.00340394 -1.28949
-0.00410733 0.00340394 -1.28949
-0.00365288 0.00340394 -1.28948
-0.00456178 0.00294949 -1.28949
-0.00410733 0.00294949 -1.28949
-0.00365288 0.00294949 -1.28948
-0.00456178 0.00249504 -1.28949
-0.00410733 0.00249504 -1.28949
-0.00365288 0.00249504 -1.28948
-0.00456178 0.0020406 -1.28949
-0.00410733 0.0020406 -1.28949
-0.00365288 0.0020406 -1.28948
-0.00456178 0.00158615 -1.28949
-0.00410733 0.00158615 -1.28949
-0.00365288 0.00158615 -1.28948
-0.00456178 0.0011317 -1.28949
-0.00410733 0.0011317 -1.28949
-0.00365288 0.0011317 -1.28948
-0.00456178 0.000677256 -1.28949
-0.00410733 0.000677256 -1.28949
-0.00365288 0.000677256 -1.28948
-0.00456178 0.000222809 -1.28949
-0.00410733 0.000222809 -1.28949
-0.00365288 0.000222809 -1.28948
-0.00456178 -0.000231637 -1.28949
-0.00410733 -0.000231637 -1.28949
-0.00365288 -0.000231637 -1.28948
-0.00456178 -0.000686084 -1.28949
-0.00410733 -0.000686084 -1.28949
-0.00365288 -0.000686084 -1.28948
-0.00456178 -0.00114053 -1.28949
-0.00410733 -0.00114053 -1.28949
-0.00365288 -0.00114053 -1.28948
-0.00456178 -0.00159498 -1.28949
-0.00410733 -0.00159498 -1.28949
-0.00365288 -0.00159498 -1.28948
-0.00456178 -0.00204942 -1.28949
-0.00410733 -0.00204942 -1.28949
-0.00365288 -0.00204942 -1.28948
-0.00456178 -0.00250387 -1.28949
-0.00410733 -0.00250387 -1.28948
-0.00365288 -0.00250387 -1.28948
-0.00456178 -0.00295832 -1.28949
-0.00410733 -0.00295832 -1.28948
-0.00365288 -0.00295832 -1.28948
-0.00456178 -0.00341276 -1.28949
-0.00410733 -0.00341276 -1.28948
-0.00365288 -0.00341276 -1.28948
-0.00456178 -0.00386721 -1.28949
-0.00410733 -0.00386721 -1.28948
-0.00365288 -0.00386721 -1.28948
-0.00456178 -0.00432166 -1.28949
-0.00410733 -0.00432166 -1.28948
-0.00365288 -0.00432166 -1.28948
-0.00456178 -0.0047761 -1.28949
-0.00410733 -0.0047761 -1.28948
-0.00365288 -0.0047761 -1.28948
-0.00456178 -0.00523055 -1.28949
-0.00410733 -0.00523055 -1.28948
-0.00365288 -0.00523055 -1.28948
-0.00456178 -0.005685 -1.28949
-0.00410733 -0.005685 -1.28948
-0.00365288 -0.005685 -1.28948
-0.00456178 -0.00613944 -1.28949
-0.00410733 -0.00613944 -1.28948
-0.00365288 -0.00613944 -1.28948
-0.00456178 -0.00659389 -1.28949
-0.00410733 -0.00659389 -1.28948
-0.00365288 -0.00659389 -1.28948
-0.00456178 -0.00704834 -1.28949
-0.00410733 -0.00704834 -1.28948
-0.00365288 -0.00704834 -1.28948
-0.00456178 -0.00750278 -1.28949
-0.00410733 -0.00750278 -1.28948
-0.00365288 -0.00750278 -1.28948
-0.00456178 -0.00795723 -1.28949
-0.00410733 -0.00795723 -1.28948
-0.00365288 -0.00795723 -1.28948
-0.00456178 -0.00841168 -1.28948
-0.00410733 -0.00841168 -1.28948
-0.00365288 -0.00841168 -1.28948
-0.00456178 -0.00886612 -1.28948
-0.00410733 -0.00886612 -1.28948
-0.00365288 -0.00886612 -1.28948
-0.00456178 -0.00932057 -1.28948
-0.00410733 -0.00932057 -1.28948
-0.00365288 -0.00932057 -1.28948
-0.00456178 -0.00977502 -1.28948
-0.00410733 -0.00977502 -1.28948
-0.00365288 -0.00977502 -1.28947
-0.00456178 -0.0102295 -1.28948
-0.00410733 -0.0102295 -1.28948
-0.00365288 -0.0102295 -1.28947
-0.00456178 -0.0106839 -1.28948
-0.00410733 -0.0106839 -1.28948
-0.00365288 -0.0106839 -1.28947
-0.00456178 -0.0111384 -1.28948
-0.00410733 -0.0111384 -1.28948
-0.00365288 -0.0111384 -1.28947
-0.00456178 -0.0115928 -1.28948
-0.00410733 -0.0115928 -1.28948
-0.00365288 -0.0115928 -1.28947
-0.00456178 -0.0120473 -1.28948
-0.00410733 -0.0120473 -1.28948
-0.00365288 -0.0120473 -1.28947
-0.00456178 -0.0125017 -1.28948
-0.00410733 -0.0125017 -1.28948
-0.00365288 -0.0125017 -1.28947
-0.00456178 -0.0129561 -1.28948
-0.00410733 -0.0129561 -1.28948
-0.00365288 -0.0129561 -1.28947
-0.00456178 -0.0134106 -1.28948
-0.00410733 -0.0134106 -1.28948
-0.00365288 -0.0134106 -1.28947
-0.00456178 -0.013865 -1.28948
-0.00410733 -0.013865 -1.28948
-0.00365288 -0.013865 -1.28947
-0.00456178 -0.0143195 -1.28948
-0.00410733 -0.0143195 -1.28948
-0.00365288 -0.0143195 -1.28947
-0.00456178 -0.0147739 -1.28948
-0.00410733 -0.0147739 -1.28948
-0.00365288 -0.0147739 -1.28947
-0.00456178 -0.0152284 -1.28948
-0.00410733 -0.0152284 -1.28948
-0.00365288 -0.0152284 -1.28947
-0.00456178 -0.0156828 -1.28948
-0.00410733 -0.0156828 -1.28948
-0.00365288 -0.0156828 -1.28947
-0.00456178 -0.0161373 -1.28948
-0.00410733 -0.0161373 -1.28947
-0.00365288 -0.0161373 -1.28947
-0.00456178 -0.0165917 -1.28948
-0.00410733 -0.0165917 -1.28947
-0.00365288 -0.0165917 -1.28947
-0.00456178 -0.0170462 -1.28948
-0.00410733 -0.0170462 -1.28947
-0.00365288 -0.0170462 -1.28947
-0.00456178 -0.0175006 -1.28948
-0.00410733 -0.0175006 -1.28947
-0.00365288 -0.0175006 -1.28947
-0.00456178 -0.0179551 -1.28948
-0.00410733 -0.0179551 -1.28947
-0.00365288 -0.0179551 -1.28947
-0.00456178 -0.0184095 -1.28948
-0.00410733 -0.0184095 -1.28947
-0.00365288 -0.0184095 -1.28947
-0.00456178 -0.018864 -1.28948
-0.00410733 -0.018864 -1.28947
-0.00365288 -0.018864 -1.28947
-0.00456178 -0.0193184 -1.28948
-0.00410733 -0.0193184 -1.28947
-0.00365288 -0.0193184 -1.28947
-0.00456178 -0.0197728 -1.28948
-0.00410733 -0.0197728 -1.28947
-0.00365288 -0.0197728 -1.28947
-0.00456178 -0.0202273 -1.28948
-0.00410733 -0.0202273 -1.28947
-0.00365288 -0.0202273 -1.28947
-0.00456178 -0.0206817 -1.28948
-0.00410733 -0.0206817 -1.28947
-0.00365288 -0.0206817 -1.28947
-0.00456178 -0.0211362 -1.28948
-0.00410733 -0.0211362 -1.28947
-0.00365288 -0.0211362 -1.28947
-0.00456178 -0.0215906 -1.28948
-0.00410733 -0.0215906 -1.28947
-0.00365288 -0.0215906 -1.28947
-0.00456178 -0.0220451 -1.28947
-0.00410733 -0.0220451 -1.28947
-0.00365288 -0.0220451 -1.28947
-0.00456178 -0.0224995 -1.28947
-0.00410733 -0.0224995 -1.28947
-0.00365288 -0.0224995 -1.28947
-0.00456178 -0.022954 -1.28947
-0.00410733 -0.022954 -1.28947
-0.00365288 -0.022954 -1.28947
-0.00456178 -0.0234084 -1.28947
-0.00410733 -0.0234084 -1.28947
-0.00365288 -0.0234084 -1.28946
-0.00456178 -0.0238629 -1.28947
-0.00410733 -0.0238629 -1.28947
-0.00365288 -0.0238629 -1.28946
-0.00456178 -0.0243173 -1.28947
-0.00410733 -0.0243173 -1.28947
-0.00365288 -0.0243173 -1.28946
-0.00456178 -0.0247718 -1.28947
-0.00410733 -0.0247718 -1.28947
-0.00365288 -0.0247718 -1.28946
-0.00456178 -0.0252262 -1.28947
-0.00410733 -0.0252262 -1.28947
-0.00365288 -0.0252262 -1.28946
-0.00456178 -0.0256807 -1.28947
-0.00410733 -0.0256807 -1.28947
-0.00365288 -0.0256807 -1.28946
-0.00456178 -0.0261351 -1.28947
-0.00410733 -0.0261351 -1.28947
-0.00365288 -0.0261351 -1.28946
-0.00456178 -0.0265895 -1.28947
-0.00410733 -0.0265895 -1.28947
-0.00365288 -0.0265895 -1.28946
-0.00456178 -0.027044 -1.28947
-0.00410733 -0.027044 -1.28947
-0.00365288 -0.027044 -1.28946
-0.00456178 -0.0274984 -1.28947
-0.00410733 -0.0274984 -1.28947
-0.00365288 -0.0274984 -1.28946
-0.00456178 -0.0279529 -1.28947
-0.00410733 -0.0279529 -1.28947
-0.00365288 -0.0279529 -1.28946
-0.00456178 -0.0284073 -1.28947
-0.00410733 -0.0284073 -1.28947
-0.00365288 -0.0284073 -1.28946
-0.00456178 -0.0288618 -1.28947
-0.00410733 -0.0288618 -1.28947
-0.00365288 -0.0288618 -1.28946
-0.00456178 -0.0293162 -1.28947
-0.00410733 -0.0293162 -1.28946
-0.00365288 -0.0293162 -1.28946
-0.00456178 -0.0297707 -1.28947
-0.00410733 -0.0297707 -1.28946
-0.00365288 -0.0297707 -1.28946
-0.00456178 -0.0302251 -1.28947
-0.00410733 -0.0302251 -1.28946
-0.00365288 -0.0302251 -1.28946
-0.00456178 -0.0306796 -1.28947
-0.00410733 -0.0306796 -1.28946
-0.00365288 -0.0306796 -1.28946
-0.00456178 -0.031134 -1.28947
-0.00410733 -0.031134 -1.28946
-0.00365288 -0.031134 -1.28946
-0.00456178 -0.0315885 -1.28947
-0.00410733 -0.0315885 -1.28946
-0.00365288 -0.0315885 -1.28946
-0.00456178 -0.0320429 -1.28947
-0.00410733 -0.0320429 -1.28946
-0.00365288 -0.0320429 -1.28946
-0.00456178 -0.0324974 -1.28947
-0.00410733 -0.0324974 -1.28946
-0.00365288 -0.0324974 -1.28946
-0.00456178 -0.0329518 -1.28947
-0.00410733 -0.0329518 -1.28946
-0.00365288 -0.0329518 -1.28946
-0.00456178 -0.0334062 -1.28947
-0.00410733 -0.0334062 -1.28946
-0.00365288 -0.0334062 -1.28946
-0.00456178 -0.0338607 -1.28947
-0.00410733 -0.0338607 -1.28946
-0.00365288 -0.0338607 -1.28946
