-0.00429294 0.060686 -0.765896
-0.00321463 0.060686 -0.765899
-0.00213632 0.060686 -0.765902
-0.00429294 0.0596077 -0.765897
-0.00321463 0.0596077 -0.765899
-0.00213632 0.0596077 -0.765902
-0.00429294 0.0585294 -0.765897
-0.00321463 0.0585294 -0.7659
-0.00213632 0.0585294 -0.765902
-0.00429294 0.0574511 -0.765897
-0.00321463 0.0574511 -0.7659
-0.00213632 0.0574511 -0.765903
-0.00429294 0.0563728 -0.765898
-0.00321463 0.0563728 -0.7659
-0.00213632 0.0563728 -0.765903
-0.00429294 0.0552945 -0.765898
-0.00321463 0.0552945 -0.765901
-0.00213632 0.0552945 -0.765903
-0.00429294 0.0542162 -0.765898
-0.00321463 0.0542162 -0.765901
-0.00213632 0.0542162 -0.765904
-0.00429294 0.0531379 -0.765899
-0.00321463 0.0531379 -0.765901
-0.00213632 0.0531379 -0.765904
-0.00429294 0.0520595 -0.765899
-0.00321463 0.0520595 -0.765902
-0.00213632 0.0520595 -0.765904
-0.00429294 0.0509812 -0.765899
-0.00321463 0.0509812 -0.765902
-0.00213632 0.0509812 -0.765905
-0.00429294 0.0499029 -0.7659
-0.00321463 0.0499029 -0.765902
-0.00213632 0.0499029 -0.765905
-0.00429294 0.0488246 -0.7659
-0.00321463 0.0488246 -0.765903
-0.00213632 0.0488246 -0.765905
-0.00429294 0.0477463 -0.7659
-0.00321463 0.0477463 -0.765903
-0.00213632 0.0477463 -0.765906
-0.00429294 0.046668 -0.765901
-0.00321463 0.046668 -0.765903
-0.00213632 0.046668 -0.765906
-0.00429294 0.0455897 -0.765901
-0.00321463 0.0455897 -0.765904
-0.00213632 0.0455897 -0.765907
-0.00429294 0.0445114 -0.765901
-0.00321463 0.0445114 -0.765904
-0.00213632 0.0445114 -0.765907
-0.00429294 0.043433 -0.765902
-0.00321463 0.043433 -0.765904
-0.00213632 0.043433 -0.765907
-0.00429294 0.0423547 -0.765902
-0.00321463 0.0423547 -0.765905
-0.00213632 0.0423547 -0.765908
-0.00429294 0.0412764 -0.765902
-0.00321463 0.0412764 -0.765905
-0.00213632 0.0412764 -0.765908
-0.00429294 0.0401981 -0.765903
-0.00321463 0.0401981 -0.765905
-0.00213632 0.0401981 -0.765908
-0.00429294 0.0391198 -0.765903
-0.00321463 0.0391198 -0.765906
-0.00213632 0.0391198 -0.765909
-0.00429294 0.0380415 -0.765903
-0.00321463 0.0380415 -0.765906
-0.00213632 0.0380415 -0.765909
-0.00429294 0.0369632 -0.765904
-0.00321463 0.0369632 -0.765906
-0.00213632 0.0369632 -0.765909
-0.00429294 0.0358848 -0.765904
-0.00321463 0.0358848 -0.765907
-0.00213632 0.0358848 -0.76591
-0.00429294 0.0348065 -0.765904
-0.00321463 0.0348065 -0.765907
-0.00213632 0.0348065 -0.76591
-0.00429294 0.0337282 -0.765905
-0.00321463 0.0337282 -0.765907
-0.00213632 0.0337282 -0.76591
-0.00429294 0.0326499 -0.765905
-0.00321463 0.0326499 -0.765908
-0.00213632 0.0326499 -0.765911
-0.00429294 0.0315716 -0.765905
-0.00321463 0.0315716 -0.765908
-0.00213632 0.0315716 -0.765911
-0.00429294 0.0304933 -0.765906
-0.00321463 0.0304933 -0.765908
-0.00213632 0.0304933 -0.765911
-0.00429294 0.029415 -0.765906
-0.00321463 0.029415 -0.765909
-0.00213632 0.029415 -0.765912
-0.00429294 0.0283367 -0.765906
-0.00321463 0.0283367 -0.765909
-0.00213632 0.0283367 -0.765912
-0.00429294 0.0272583 -0.765907
-0.00321463 0.0272583 -0.765909
-0.00213632 0.0272583 -0.765912
-0.00429294 0.02618 -0.765907
-0.00321463 0.02618 -0.76591
-0.00213632 0.02618 -0.765913
-0.00429294 0.0251017 -0.765907
-0.00321463 0.0251017 -0.76591
-0.00213632 0.0251017 -0.765913
-0.00429294 0.0240234 -0.765908
-0.00321463 0.0240234 -0.765911
-0.00213632 0.0240234 -0.765913
-0.00429294 0.0229451 -0.765908
-0.00321463 0.0229451 -0.765911
-0.00213632 0.0229451 -0.765914
-0.00429294 0.0218668 -0.765908
-0.00321463 0.0218668 -0.765911
-0.00213632 0.0218668 -0.765914
-0.00429294 0.0207885 -0.765909
-0.00321463 0.0207885 -0.765912
-0.00213632 0.0207885 -0.765914
-0.00429294 0.0197102 -0.765909
-0.00321463 0.0197102 -0.765912
-0.00213632 0.0197102 -0.765915
-0.00429294 0.0186318 -0.765909
-0.00321463 0.0186318 -0.765912
-0.00213632 0.0186318 -0.765915
-0.00429294 0.0175535 -0.76591
-0.00321463 0.0175535 -0.765913
-0.00213632 0.0175535 -0.765915
-0.00429294 0.0164752 -0.76591
-0.00321463 0.0164752 -0.765913
-0.00213632 0.0164752 -0.765916
-0.00429294 0.0153969 -0.765911
-0.00321463 0.0153969 -0.765913
-0.00213632 0.0153969 -0.765916
-0.00429294 0.0143186 -0.765911
-0.00321463 0.0143186 -0.765914
-0.00213632 0.0143186 -0.765916
-0.00429294 0.0132403 -0.765911
-0.00321463 0.0132403 -0.765914
-0.00213632 0.0132403 -0.765917
-0.00429294 0.012162 -0.765912
-0.00321463 0.012162 -0.765914
-0.00213632 0.012162 -0.765917
-0.00429294 0.0110837 -0.765912
-0.00321463 0.0110837 -0.765915
-0.00213632 0.0110837 -0.765917
-0.00429294 0.0100053 -0.765912
-0.00321463 0.0100053 -0.765915
-0.00213632 0.0100053 -0.765918
-0.00429294 0.00892703 -0.765913
-0.00321463 0.00892703 -0.765915
-0.00213632 0.00892703 -0.765918
-0.00429294 0.00784872 -0.765913
-0.00321463 0.00784872 -0.765916
-0.00213632 0.00784872 -0.765918
-0.00429294 0.0067704 -0.765913
-0.00321463 0.0067704 -0.765916
-0.00213632 0.0067704 -0.765919
-0.00429294 0.00569209 -0.765914
-0.00321463 0.00569209 -0.765916
-0.00213632 0.00569209 -0.765919
-0.00429294 0.00461378 -0.765914
-0.00321463 0.00461378 -0.765917
-0.00213632 0.00461378 -0.765919
-0.00429294 0.00353546 -0.765914
-0.00321463 0.00353546 -0.765917
-0.00213632 0.00353546 -0.76592
-0.00429294 0.00245715 -0.765915
-0.00321463 0.00245715 -0.765917
-0.00213632 0.00245715 -0.76592
-0.00429294 0.00137884 -0.765915
-0.00321463 0.00137884 -0.765918
-0.00213632 0.00137884 -0.76592
-0.00429294 0.000300526 -0.765915
-0.00321463 0.000300526 -0.765918
-0.00213632 0.000300526 -0.765921
-0.00429294 -0.000777787 -0.765916
-0.00321463 -0.000777787 -0.765918
-0.00213632 -0.000777787 -0.765921
-0.00429294 -0.0018561 -0.765916
-0.00321463 -0.0018561 -0.765919
-0.00213632 -0.0018561 -0.765921
-0.00429294 -0.00293441 -0.765916
-0.00321463 -0.00293441 -0.765919
-0.00213632 -0.00293441 -0.765922
-0.00429294 -0.00401273 -0.765917
-0.00321463 -0.00401273 -0.765919
-0.00213632 -0.00401273 -0.765922
-0.00429294 -0.00509104 -0.765917
-0.00321463 -0.00509104 -0.76592
-0.00213632 -0.00509104 -0.765922
-0.00429294 -0.00616935 -0.765917
-0.00321463 -0.00616935 -0.76592
-0.00213632 -0.00616935 -0.765923
-0.00429294 -0.00724766 -0.765918
-0.00321463 -0.00724766 -0.76592
-0.00213632 -0.00724766 -0.765923
-0.00429294 -0.00832598 -0.765918
-0.00321463 -0.00832598 -0.765921
-0.00213632 -0.00832598 -0.765924
-0.00429294 -0.00940429 -0.765918
-0.00321463 -0.00940429 -0.765921
-0.00213632 -0.00940429 -0.765924
-0.00429294 -0.0104826 -0.765919
-0.00321463 -0.0104826 -0.765921
-0.00213632 -0.0104826 -0.765924
-0.00429294 -0.0115609 -0.765919
-0.00321463 -0.0115609 -0.765922
-0.00213632 -0.0115609 -0.765925
-0.00429294 -0.0126392 -0.765919
-0.00321463 -0.0126392 -0.765922
-0.00213632 -0.0126392 -0.765925
-0.00429294 -0.0137175 -0.76592
-0.00321463 -0.0137175 -0.765922
-0.00213632 -0.0137175 -0.765925
-0.00429294 -0.0147959 -0.76592
-0.00321463 -0.0147959 -0.765923
-0.00213632 -0.0147959 -0.765926
-0.00429294 -0.0158742 -0.76592
-0.00321463 -0.0158742 -0.765923
-0.00213632 -0.0158742 -0.765926
-0.00429294 -0.0169525 -0.765921
-0.00321463 -0.0169525 -0.765923
-0.00213632 -0.0169525 -0.765926
-0.00429294 -0.0180308 -0.765921
-0.00321463 -0.0180308 -0.765924
-0.00213632 -0.0180308 -0.765927
-0.00429294 -0.0191091 -0.765921
-0.00321463 -0.0191091 -0.765924
-0.00213632 -0.0191091 -0.765927
-0.00429294 -0.0201874 -0.765922
-0.00321463 -0.0201874 -0.765924
-0.00213632 -0.0201874 -0.765927
-0.00429294 -0.0212657 -0.765922
-0.00321463 -0.0212657 -0.765925
-0.00213632 -0.0212657 -0.765928
-0.00429294 -0.022344 -0.765922
-0.00321463 -0.022344 -0.765925
-0.00213632 -0.022344 -0.765928
-0.00429294 -0.0234224 -0.765923
-0.00321463 -0.0234224 -0.765926
-0.00213632 -0.0234224 -0.765928
-0.00429294 -0.0245007 -0.765923
-0.00321463 -0.0245007 -0.765926
-0.00213632 -0.0245007 -0.765929
-0.00429294 -0.025579 -0.765923
-0.00321463 -0.025579 -0.765926
-0.00213632 -0.025579 -0.765929
-0.00429294 -0.0266573 -0.765924
-0.00321463 -0.0266573 -0.765927
-0.00213632 -0.0266573 -0.765929
-0.00429294 -0.0277356 -0.765924
-0.00321463 -0.0277356 -0.765927
-0.00213632 -0.0277356 -0.76593
-0.00429294 -0.0288139 -0.765924
-0.00321463 -0.0288139 -0.765927
-0.00213632 -0.0288139 -0.76593
-0.00429294 -0.0298922 -0.765925
-0.00321463 -0.0298922 -0.765928
-0.00213632 -0.0298922 -0.76593
-0.00429294 -0.0309705 -0.765925
-0.00321463 -0.0309705 -0.765928
-0.00213632 -0.0309705 -0.765931
-0.00429294 -0.0320489 -0.765925
-0.00321463 -0.0320489 -0.765928
-0.00213632 -0.0320489 -0.765931
-0.00429294 -0.0331272 -0.765926
-0.00321463 -0.0331272 -0.765929
-0.00213632 -0.0331272 -0.765931
-0.00429294 -0.0342055 -0.765926
-0.00321463 -0.0342055 -0.765929
-0.00213632 -0.0342055 -0.765932
-0.00429294 -0.0352838 -0.765926
-0.00321463 -0.0352838 -0.765929
-0.00213632 -0.0352838 -0.765932
-0.00429294 -0.0363621 -0.765927
-0.00321463 -0.0363621 -0.76593
-0.00213632 -0.0363621 -0.765932
-0.00429294 -0.0374404 -0.765927
-0.00321463 -0.0374404 -0.76593
-0.00213632 -0.0374404 -0.765933
-0.00429294 -0.0385187 -0.765927
-0.00321463 -0.0385187 -0.76593
-0.00213632 -0.0385187 -0.765933
-0.00429294 -0.039597 -0.765928
-0.00321463 -0.039597 -0.765931
-0.00213632 -0.039597 -0.765933
-0.00429294 -0.0406754 -0.765928
-0.00321463 -0.0406754 -0.765931
-0.00213632 -0.0406754 -0.765934
-0.00429294 -0.0417537 -0.765929
-0.00321463 -0.0417537 -0.765931
-0.00213632 -0.0417537 -0.765934
-0.00429294 -0.042832 -0.765929
-0.00321463 -0.042832 -0.765932
-0.00213632 -0.042832 -0.765934
-0.00429294 -0.0439103 -0.765929
-0.00321463 -0.0439103 -0.765932
-0.00213632 -0.0439103 -0.765935
-0.00429294 -0.0449886 -0.76593
-0.00321463 -0.0449886 -0.765932
-0.00213632 -0.0449886 -0.765935
-0.00429294 -0.0460669 -0.76593
-0.00321463 -0.0460669 -0.765933
-0.00213632 -0.0460669 -0.765935
-0.00429294 -0.0471452 -0.76593
-0.00321463 -0.0471452 -0.765933
-0.00213632 -0.0471452 -0.765936
-0.00429294 -0.0482236 -0.765931
-0.00321463 -0.0482236 -0.765933
-0.00213632 -0.0482236 -0.765936
-0.00429294 -0.0493019 -0.765931
-0.00321463 -0.0493019 -0.765934
-0.00213632 -0.0493019 -0.765936
-0.00429294 -0.0503802 -0.765931
-0.00321463 -0.0503802 -0.765934
-0.00213632 -0.0503802 -0.765937
-0.00429294 -0.0514585 -0.765932
-0.00321463 -0.0514585 -0.765934
-0.00213632 -0.0514585 -0.765937
-0.00429294 -0.0525368 -0.765932
-0.00321463 -0.0525368 -0.765935
-0.00213632 -0.0525368 -0.765937
-0.00429294 -0.0536151 -0.765932
-0.00321463 -0.0536151 -0.765935
-0.00213632 -0.0536151 -0.765938
-0.00429294 -0.0546934 -0.765933
-0.00321463 -0.0546934 -0.765935
-0.00213632 -0.0546934 -0.765938
-0.00429294 -0.0557717 -0.765933
-0.00321463 -0.0557717 -0.765936
-0.00213632 -0.0557717 -0.765938
-0.00429294 -0.0568501 -0.765933
-0.00321463 -0.0568501 -0.765936
-0.00213632 -0.0568501 -0.765939
-0.00429294 -0.0579284 -0.765934
-0.00321463 -0.0579284 -0.765936
-0.00213632 -0.0579284 -0.765939
