0.00564709 -0.0350956 -0.677345
0.005604 -0.0350956 -0.677342
0.00556091 -0.0350956 -0.67734
0.00564709 -0.0350525 -0.677345
0.005604 -0.0350525 -0.677343
0.00556091 -0.0350525 -0.677341
0.00564709 -0.0350094 -0.677346
0.005604 -0.0350094 -0.677344
0.00556091 -0.0350094 -0.677341
0.00564709 -0.0349663 -0.677347
0.005604 -0.0349663 -0.677344
0.00556091 -0.0349663 -0.677342
0.00564709 -0.0349232 -0.677347
0.005604 -0.0349232 -0.677345
0.00556091 -0.0349232 -0.677343
0.00564709 -0.0348801 -0.677348
0.005604 -0.0348801 -0.677345
0.00556091 -0.0348801 -0.677343
0.00564709 -0.034837 -0.677348
0.005604 -0.034837 -0.677346
0.00556091 -0.034837 -0.677344
0.00564709 -0.0347939 -0.677349
0.005604 -0.0347939 -0.677347
0.00556091 -0.0347939 -0.677344
0.00564709 -0.0347509 -0.67735
0.005604 -0.0347509 -0.677347
0.00556091 -0.0347509 -0.677345
0.00564709 -0.0347078 -0.67735
0.005604 -0.0347078 -0.677348
0.00556091 -0.0347078 -0.677346
0.00564709 -0.0346647 -0.677351
0.005604 -0.0346647 -0.677348
0.00556091 -0.0346647 -0.677346
0.00564709 -0.0346216 -0.677351
0.005604 -0.0346216 -0.677349
0.00556091 -0.0346216 -0.677347
0.00564709 -0.0345785 -0.677352
0.005604 -0.0345785 -0.67735
0.00556091 -0.0345785 -0.677347
0.00564709 -0.0345354 -0.677353
0.005604 -0.0345354 -0.67735
0.00556091 -0.0345354 -0.677348
0.00564709 -0.0344923 -0.677353
0.005604 -0.0344923 -0.677351
0.00556091 -0.0344923 -0.677349
0.00564709 -0.0344492 -0.677354
0.005604 -0.0344492 -0.677351
0.00556091 -0.0344492 -0.677349
0.00564709 -0.0344061 -0.677354
0.005604 -0.0344061 -0.677352
0.00556091 -0.0344061 -0.67735
0.00564709 -0.0343631 -0.677355
0.005604 -0.0343631 -0.677353
0.00556091 -0.0343631 -0.67735
0.00564709 -0.03432 -0.677356
0.005604 -0.03432 -0.677353
0.00556091 -0.03432 -0.677351
0.00564709 -0.0342769 -0.677356
0.005604 -0.0342769 -0.677354
0.00556091 -0.0342769 -0.677352
0.00564709 -0.0342338 -0.677357
0.005604 -0.0342338 -0.677355
0.00556091 -0.0342338 -0.677352
0.00564709 -0.0341907 -0.677357
0.005604 -0.0341907 -0.677355
0.00556091 -0.0341907 -0.677353
0.00564709 -0.0341476 -0.677358
0.005604 -0.0341476 -0.677356
0.00556091 -0.0341476 -0.677353
0.00564709 -0.0341045 -0.677359
0.005604 -0.0341045 -0.677356
0.00556091 -0.0341045 -0.677354
0.00564709 -0.0340614 -0.677359
0.005604 -0.0340614 -0.677357
0.00556091 -0.0340614 -0.677355
0.00564709 -0.0340183 -0.67736
0.005604 -0.0340183 -0.677358
0.00556091 -0.0340183 -0.677355
0.00564709 -0.0339753 -0.67736
0.005604 -0.0339753 -0.677358
0.00556091 -0.0339753 -0.677356
0.00564709 -0.0339322 -0.677361
0.005604 -0.0339322 -0.677359
0.00556091 -0.0339322 -0.677356
0.00564709 -0.0338891 -0.677362
0.005604 -0.0338891 -0.677359
0.00556091 -0.0338891 -0.677357
0.00564709 -0.033846 -0.677362
0.005604 -0.033846 -0.67736
0.00556091 -0.033846 -0.677358
0.00564709 -0.0338029 -0.677363
0.005604 -0.0338029 -0.677361
0.00556091 -0.0338029 -0.677358
0.00564709 -0.0337598 -0.677364
0.005604 -0.0337598 -0.677361
0.00556091 -0.0337598 -0.677359
0.00564709 -0.0337167 -0.677364
0.005604 -0.0337167 -0.677362
0.00556091 -0.0337167 -0.67736
0.00564709 -0.0336736 -0.677365
0.005604 -0.0336736 -0.677362
0.00556091 -0.0336736 -0.67736
0.00564709 -0.0336305 -0.677365
0.005604 -0.0336305 -0.677363
0.00556091 -0.0336305 -0.677361
0.00564709 -0.0335874 -0.677366
0.005604 -0.0335874 -0.677364
0.00556091 -0.0335874 -0.677361
0.00564709 -0.0335444 -0.677367
0.005604 -0.0335444 -0.677364
0.00556091 -0.0335444 -0.677362
0.00564709 -0.0335013 -0.677367
0.005604 -0.0335013 -0.677365
0.00556091 -0.0335013 -0.677363
0.00564709 -0.0334582 -0.677368
0.005604 -0.0334582 -0.677365
0.00556091 -0.0334582 -0.677363
0.00564709 -0.0334151 -0.677368
0.005604 -0.0334151 -0.677366
0.00556091 -0.0334151 -0.677364
0.00564709 -0.033372 -0.677369
0.005604 -0.033372 -0.677367
0.00556091 -0.033372 -0.677364
0.00564709 -0.0333289 -0.67737
0.005604 -0.0333289 -0.677367
0.00556091 -0.0333289 -0.677365
0.00564709 -0.0332858 -0.67737
0.005604 -0.0332858 -0.677368
0.00556091 -0.0332858 -0.677366
0.00564709 -0.0332427 -0.677371
0.005604 -0.0332427 -0.677368
0.00556091 -0.0332427 -0.677366
0.00564709 -0.0331996 -0.677371
0.005604 -0.0331996 -0.677369
0.00556091 -0.0331996 -0.677367
0.00564709 -0.0331566 -0.677372
0.005604 -0.0331566 -0.67737
0.00556091 -0.0331566 -0.677367
0.00564709 -0.0331135 -0.677373
0.005604 -0.0331135 -0.67737
0.00556091 -0.0331135 -0.677368
0.00564709 -0.0330704 -0.677373
0.005604 -0.0330704 -0.677371
0.00556091 -0.0330704 -0.677369
0.00564709 -0.0330273 -0.677374
0.005604 -0.0330273 -0.677372
0.00556091 -0.0330273 -0.677369
0.00564709 -0.0329842 -0.677374
0.005604 -0.0329842 -0.677372
0.00556091 -0.0329842 -0.67737
0.00564709 -0.0329411 -0.677375
0.005604 -0.0329411 -0.677373
0.00556091 -0.0329411 -0.67737
0.00564709 -0.032898 -0.677376
0.005604 -0.032898 -0.677373
0.00556091 -0.032898 -0.677371
0.00564709 -0.0328549 -0.677376
0.005604 -0.0328549 -0.677374
0.00556091 -0.0328549 -0.677372
0.00564709 -0.0328118 -0.677377
0.005604 -0.0328118 -0.677375
0.00556091 -0.0328118 -0.677372
0.00564709 -0.0327687 -0.677377
0.005604 -0.0327687 -0.677375
0.00556091 -0.0327687 -0.677373
0.00564709 -0.0327257 -0.677378
0.005604 -0.0327257 -0.677376
0.00556091 -0.0327257 -0.677373
0.00564709 -0.0326826 -0.677379
0.005604 -0.0326826 -0.677376
0.00556091 -0.0326826 -0.677374
0.00564709 -0.0326395 -0.677379
0.005604 -0.0326395 -0.677377
0.00556091 -0.0326395 -0.677375
0.00564709 -0.0325964 -0.67738
0.005604 -0.0325964 -0.677378
0.00556091 -0.0325964 -0.677375
0.00564709 -0.0325533 -0.677381
0.005604 -0.0325533 -0.677378
0.00556091 -0.0325533 -0.677376
0.00564709 -0.0325102 -0.677381
0.005604 -0.0325102 -0.677379
0.00556091 -0.0325102 -0.677376
0.00564709 -0.0324671 -0.677382
0.005604 -0.0324671 -0.677379
0.00556091 -0.0324671 -0.677377
0.00564709 -0.032424 -0.677382
0.005604 -0.032424 -0.67738
0.00556091 -0.032424 -0.677378
0.00564709 -0.0323809 -0.677383
0.005604 -0.0323809 -0.677381
0.00556091 -0.0323809 -0.677378
0.00564709 -0.0323379 -0.677384
0.005604 -0.0323379 -0.677381
0.00556091 -0.0323379 -0.677379
0.00564709 -0.0322948 -0.677384
0.005604 -0.0322948 -0.677382
0.00556091 -0.0322948 -0.677379
0.00564709 -0.0322517 -0.677385
0.005604 -0.0322517 -0.677382
0.00556091 -0.0322517 -0.67738
0.00564709 -0.0322086 -0.677385
0.005604 -0.0322086 -0.677383
0.00556091 -0.0322086 -0.677381
0.00564709 -0.0321655 -0.677386
0.005604 -0.0321655 -0.677384
0.00556091 -0.0321655 -0.677381
0.00564709 -0.0321224 -0.677387
0.005604 -0.0321224 -0.677384
0.00556091 -0.0321224 -0.677382
0.00564709 -0.0320793 -0.677387
0.005604 -0.0320793 -0.677385
0.00556091 -0.0320793 -0.677383
0.00564709 -0.0320362 -0.677388
0.005604 -0.0320362 -0.677385
0.00556091 -0.0320362 -0.677383
0.00564709 -0.0319931 -0.677388
0.005604 -0.0319931 -0.677386
0.00556091 -0.0319931 -0.677384
0.00564709 -0.03195 -0.677389
0.005604 -0.03195 -0.677387
0.00556091 -0.03195 -0.677384
0.00564709 -0.031907 -0.67739
0.005604 -0.031907 -0.677387
0.00556091 -0.031907 -0.677385
0.00564709 -0.0318639 -0.67739
0.005604 -0.0318639 -0.677388
0.00556091 -0.0318639 -0.677386
0.00564709 -0.0318208 -0.677391
0.005604 -0.0318208 -0.677388
0.00556091 -0.0318208 -0.677386
0.00564709 -0.0317777 -0.677391
0.005604 -0.0317777 -0.677389
0.00556091 -0.0317777 -0.677387
0.00564709 -0.0317346 -0.677392
0.005604 -0.0317346 -0.67739
0.00556091 -0.0317346 -0.677387
0.00564709 -0.0316915 -0.677393
0.005604 -0.0316915 -0.67739
0.00556091 -0.0316915 -0.677388
0.00564709 -0.0316484 -0.677393
0.005604 -0.0316484 -0.677391
0.00556091 -0.0316484 -0.677389
0.00564709 -0.0316053 -0.677394
0.005604 -0.0316053 -0.677392
0.00556091 -0.0316053 -0.677389
0.00564709 -0.0315622 -0.677394
0.005604 -0.0315622 -0.677392
0.00556091 -0.0315622 -0.67739
0.00564709 -0.0315192 -0.677395
0.005604 -0.0315192 -0.677393
0.00556091 -0.0315192 -0.67739
0.00564709 -0.0314761 -0.677396
0.005604 -0.0314761 -0.677393
0.00556091 -0.0314761 -0.677391
0.00564709 -0.031433 -0.677396
0.005604 -0.031433 -0.677394
0.00556091 -0.031433 -0.677392
0.00564709 -0.0313899 -0.677397
0.005604 -0.0313899 -0.677395
0.00556091 -0.0313899 -0.677392
0.00564709 -0.0313468 -0.677397
0.005604 -0.0313468 -0.677395
0.00556091 -0.0313468 -0.677393
0.00564709 -0.0313037 -0.677398
0.005604 -0.0313037 -0.677396
0.00556091 -0.0313037 -0.677393
0.00564709 -0.0312606 -0.677399
0.005604 -0.0312606 -0.677396
0.00556091 -0.0312606 -0.677394
0.00564709 -0.0312175 -0.677399
0.005604 -0.0312175 -0.677397
0.00556091 -0.0312175 -0.677395
0.00564709 -0.0311744 -0.6774
0.005604 -0.0311744 -0.677398
0.00556091 -0.0311744 -0.677395
0.00564709 -0.0311314 -0.6774
0.005604 -0.0311314 -0.677398
0.00556091 -0.0311314 -0.677396
0.00564709 -0.0310883 -0.677401
0.005604 -0.0310883 -0.677399
0.00556091 -0.0310883 -0.677396
0.00564709 -0.0310452 -0.677402
0.005604 -0.0310452 -0.677399
0.00556091 -0.0310452 -0.677397
0.00564709 -0.0310021 -0.677402
0.005604 -0.0310021 -0.6774
0.00556091 -0.0310021 -0.677398
0.00564709 -0.030959 -0.677403
0.005604 -0.030959 -0.677401
0.00556091 -0.030959 -0.677398
0.00564709 -0.0309159 -0.677404
0.005604 -0.0309159 -0.677401
0.00556091 -0.0309159 -0.677399
0.00564709 -0.0308728 -0.677404
0.005604 -0.0308728 -0.677402
0.00556091 -0.0308728 -0.6774
0.00564709 -0.0308297 -0.677405
0.005604 -0.0308297 -0.677402
0.00556091 -0.0308297 -0.6774
0.00564709 -0.0307866 -0.677405
0.005604 -0.0307866 -0.677403
0.00556091 -0.0307866 -0.677401
0.00564709 -0.0307435 -0.677406
0.005604 -0.0307435 -0.677404
0.00556091 -0.0307435 -0.677401
0.00564709 -0.0307005 -0.677407
0.005604 -0.0307005 -0.677404
0.00556091 -0.0307005 -0.677402
0.00564709 -0.0306574 -0.677407
0.005604 -0.0306574 -0.677405
0.00556091 -0.0306574 -0.677403
0.00564709 -0.0306143 -0.677408
0.005604 -0.0306143 -0.677405
0.00556091 -0.0306143 -0.677403
0.00564709 -0.0305712 -0.677408
0.005604 -0.0305712 -0.677406
0.00556091 -0.0305712 -0.677404
0.00564709 -0.0305281 -0.677409
0.005604 -0.0305281 -0.677407
0.00556091 -0.0305281 -0.677404
0.00564709 -0.030485 -0.67741
0.005604 -0.030485 -0.677407
0.00556091 -0.030485 -0.677405
0.00564709 -0.0304419 -0.67741
0.005604 -0.0304419 -0.677408
0.00556091 -0.0304419 -0.677406
0.00564709 -0.0303988 -0.677411
0.005604 -0.0303988 -0.677408
0.00556091 -0.0303988 -0.677406
0.00564709 -0.0303557 -0.677411
0.005604 -0.0303557 -0.677409
0.00556091 -0.0303557 -0.677407
