-0.00417674 0.0417825 -0.880564
-0.00368935 0.0417825 -0.880568
-0.00320196 0.0417825 -0.880572
-0.00417674 0.0412951 -0.880564
-0.00368935 0.0412951 -0.880569
-0.00320196 0.0412951 -0.880573
-0.00417674 0.0408077 -0.880565
-0.00368935 0.0408077 -0.880569
-0.00320196 0.0408077 -0.880573
-0.00417674 0.0403203 -0.880565
-0.00368935 0.0403203 -0.880569
-0.00320196 0.0403203 -0.880573
-0.00417674 0.0398329 -0.880565
-0.00368935 0.0398329 -0.88057
-0.00320196 0.0398329 -0.880574
-0.00417674 0.0393455 -0.880566
-0.00368935 0.0393455 -0.88057
-0.00320196 0.0393455 -0.880574
-0.00417674 0.0388581 -0.880566
-0.00368935 0.0388581 -0.88057
-0.00320196 0.0388581 -0.880575
-0.00417674 0.0383707 -0.880567
-0.00368935 0.0383707 -0.880571
-0.00320196 0.0383707 -0.880575
-0.00417674 0.0378833 -0.880567
-0.00368935 0.0378833 -0.880571
-0.00320196 0.0378833 -0.880575
-0.00417674 0.037396 -0.880567
-0.00368935 0.037396 -0.880572
-0.00320196 0.037396 -0.880576
-0.00417674 0.0369086 -0.880568
-0.00368935 0.0369086 -0.880572
-0.00320196 0.0369086 -0.880576
-0.00417674 0.0364212 -0.880568
-0.00368935 0.0364212 -0.880572
-0.00320196 0.0364212 -0.880576
-0.00417674 0.0359338 -0.880569
-0.00368935 0.0359338 -0.880573
-0.00320196 0.0359338 -0.880577
-0.00417674 0.0354464 -0.880569
-0.00368935 0.0354464 -0.880573
-0.00320196 0.0354464 -0.880577
-0.00417674 0.034959 -0.880569
-0.00368935 0.034959 -0.880573
-0.00320196 0.034959 -0.880578
-0.00417674 0.0344716 -0.88057
-0.00368935 0.0344716 -0.880574
-0.00320196 0.0344716 -0.880578
-0.00417674 0.0339842 -0.88057
-0.00368935 0.0339842 -0.880574
-0.00320196 0.0339842 -0.880578
-0.00417674 0.0334969 -0.88057
-0.00368935 0.0334969 -0.880575
-0.00320196 0.0334969 -0.880579
-0.00417674 0.0330095 -0.880571
-0.00368935 0.0330095 -0.880575
-0.00320196 0.0330095 -0.880579
-0.00417674 0.0325221 -0.880571
-0.00368935 0.0325221 -0.880575
-0.00320196 0.0325221 -0.88058
-0.00417674 0.0320347 -0.880571
-0.00368935 0.0320347 -0.880576
-0.00320196 0.0320347 -0.88058
-0.00417674 0.0315473 -0.880572
-0.00368935 0.0315473 -0.880576
-0.00320196 0.0315473 -0.88058
-0.00417674 0.0310599 -0.880572
-0.00368935 0.0310599 -0.880576
-0.00320196 0.0310599 -0.880581
-0.00417674 0.0305725 -0.880573
-0.00368935 0.0305725 -0.880577
-0.00320196 0.0305725 -0.880581
-0.00417674 0.0300851 -0.880573
-0.00368935 0.0300851 -0.880577
-0.00320196 0.0300851 -0.880581
-0.00417674 0.0295978 -0.880573
-0.00368935 0.0295978 -0.880578
-0.00320196 0.0295978 -0.880582
-0.00417674 0.0291104 -0.880574
-0.00368935 0.0291104 -0.880578
-0.00320196 0.0291104 -0.880582
-0.00417674 0.028623 -0.880574
-0.00368935 0.028623 -0.880578
-0.00320196 0.028623 -0.880583
-0.00417674 0.0281356 -0.880575
-0.00368935 0.0281356 -0.880579
-0.00320196 0.0281356 -0.880583
-0.00417674 0.0276482 -0.880575
-0.00368935 0.0276482 -0.880579
-0.00320196 0.0276482 -0.880583
-0.00417674 0.0271608 -0.880575
-0.00368935 0.0271608 -0.880579
-0.00320196 0.0271608 -0.880584
-0.00417674 0.0266734 -0.880576
-0.00368935 0.0266734 -0.88058
-0.00320196 0.0266734 -0.880584
-0.00417674 0.026186 -0.880576
-0.00368935 0.026186 -0.88058
-0.00320196 0.026186 -0.880584
-0.00417674 0.0256987 -0.880576
-0.00368935 0.0256987 -0.880581
-0.00320196 0.0256987 -0.880585
-0.00417674 0.0252113 -0.880577
-0.00368935 0.0252113 -0.880581
-0.00320196 0.0252113 -0.880585
-0.00417674 0.0247239 -0.880577
-0.00368935 0.0247239 -0.880581
-0.00320196 0.0247239 -0.880586
-0.00417674 0.0242365 -0.880578
-0.00368935 0.0242365 -0.880582
-0.00320196 0.0242365 -0.880586
-0.00417674 0.0237491 -0.880578
-0.00368935 0.0237491 -0.880582
-0.00320196 0.0237491 -0.880586
-0.00417674 0.0232617 -0.880578
-0.00368935 0.0232617 -0.880583
-0.00320196 0.0232617 -0.880587
-0.00417674 0.0227743 -0.880579
-0.00368935 0.0227743 -0.880583
-0.00320196 0.0227743 -0.880587
-0.00417674 0.0222869 -0.880579
-0.00368935 0.0222869 -0.880583
-0.00320196 0.0222869 -0.880587
-0.00417674 0.0217996 -0.880579
-0.00368935 0.0217996 -0.880584
-0.00320196 0.0217996 -0.880588
-0.00417674 0.0213122 -0.88058
-0.00368935 0.0213122 -0.880584
-0.00320196 0.0213122 -0.880588
-0.00417674 0.0208248 -0.88058
-0.00368935 0.0208248 -0.880584
-0.00320196 0.0208248 -0.880589
-0.00417674 0.0203374 -0.880581
-0.00368935 0.0203374 -0.880585
-0.00320196 0.0203374 -0.880589
-0.00417674 0.01985 -0.880581
-0.00368935 0.01985 -0.880585
-0.00320196 0.01985 -0.880589
-0.00417674 0.0193626 -0.880581
-0.00368935 0.0193626 -0.880585
-0.00320196 0.0193626 -0.88059
-0.00417674 0.0188752 -0.880582
-0.00368935 0.0188752 -0.880586
-0.00320196 0.0188752 -0.88059
-0.00417674 0.0183878 -0.880582
-0.00368935 0.0183878 -0.880586
-0.00320196 0.0183878 -0.88059
-0.00417674 0.0179005 -0.880582
-0.00368935 0.0179005 -0.880587
-0.00320196 0.0179005 -0.880591
-0.00417674 0.0174131 -0.880583
-0.00368935 0.0174131 -0.880587
-0.00320196 0.0174131 -0.880591
-0.00417674 0.0169257 -0.880583
-0.00368935 0.0169257 -0.880587
-0.00320196 0.0169257 -0.880592
-0.00417674 0.0164383 -0.880584
-0.00368935 0.0164383 -0.880588
-0.00320196 0.0164383 -0.880592
-0.00417674 0.0159509 -0.880584
-0.00368935 0.0159509 -0.880588
-0.00320196 0.0159509 -0.880592
-0.00417674 0.0154635 -0.880584
-0.00368935 0.0154635 -0.880589
-0.00320196 0.0154635 -0.880593
-0.00417674 0.0149761 -0.880585
-0.00368935 0.0149761 -0.880589
-0.00320196 0.0149761 -0.880593
-0.00417674 0.0144887 -0.880585
-0.00368935 0.0144887 -0.880589
-0.00320196 0.0144887 -0.880593
-0.00417674 0.0140013 -0.880585
-0.00368935 0.0140013 -0.88059
-0.00320196 0.0140013 -0.880594
-0.00417674 0.013514 -0.880586
-0.00368935 0.013514 -0.88059
-0.00320196 0.013514 -0.880594
-0.00417674 0.0130266 -0.880586
-0.00368935 0.0130266 -0.88059
-0.00320196 0.0130266 -0.880595
-0.00417674 0.0125392 -0.880587
-0.00368935 0.0125392 -0.880591
-0.00320196 0.0125392 -0.880595
-0.00417674 0.0120518 -0.880587
-0.00368935 0.0120518 -0.880591
-0.00320196 0.0120518 -0.880595
-0.00417674 0.0115644 -0.880587
-0.00368935 0.0115644 -0.880592
-0.00320196 0.0115644 -0.880596
-0.00417674 0.011077 -0.880588
-0.00368935 0.011077 -0.880592
-0.00320196 0.011077 -0.880596
-0.00417674 0.0105896 -0.880588
-0.00368935 0.0105896 -0.880592
-0.00320196 0.0105896 -0.880597
-0.00417674 0.0101022 -0.880588
-0.00368935 0.0101022 -0.880593
-0.00320196 0.0101022 -0.880597
-0.00417674 0.00961486 -0.880589
-0.00368935 0.00961486 -0.880593
-0.00320196 0.00961486 -0.880597
-0.00417674 0.00912747 -0.880589
-0.00368935 0.00912747 -0.880593
-0.00320196 0.00912747 -0.880598
-0.00417674 0.00864008 -0.88059
-0.00368935 0.00864008 -0.880594
-0.00320196 0.00864008 -0.880598
-0.00417674 0.00815269 -0.88059
-0.00368935 0.00815269 -0.880594
-0.00320196 0.00815269 -0.880598
-0.00417674 0.0076653 -0.88059
-0.00368935 0.0076653 -0.880595
-0.00320196 0.0076653 -0.880599
-0.00417674 0.00717792 -0.880591
-0.00368935 0.00717792 -0.880595
-0.00320196 0.00717792 -0.880599
-0.00417674 0.00669053 -0.880591
-0.00368935 0.00669053 -0.880595
-0.00320196 0.00669053 -0.880599
-0.00417674 0.00620314 -0.880592
-0.00368935 0.00620314 -0.880596
-0.00320196 0.00620314 -0.8806
-0.00417674 0.00571575 -0.880592
-0.00368935 0.00571575 -0.880596
-0.00320196 0.00571575 -0.8806
-0.00417674 0.00522837 -0.880592
-0.00368935 0.00522837 -0.880596
-0.00320196 0.00522837 -0.880601
-0.00417674 0.00474098 -0.880593
-0.00368935 0.00474098 -0.880597
-0.00320196 0.00474098 -0.880601
-0.00417674 0.00425359 -0.880593
-0.00368935 0.00425359 -0.880597
-0.00320196 0.00425359 -0.880601
-0.00417674 0.0037662 -0.880593
-0.00368935 0.0037662 -0.880598
-0.00320196 0.0037662 -0.880602
-0.00417674 0.00327881 -0.880594
-0.00368935 0.00327881 -0.880598
-0.00320196 0.00327881 -0.880602
-0.00417674 0.00279143 -0.880594
-0.00368935 0.00279143 -0.880598
-0.00320196 0.00279143 -0.880603
-0.00417674 0.00230404 -0.880595
-0.00368935 0.00230404 -0.880599
-0.00320196 0.00230404 -0.880603
-0.00417674 0.00181665 -0.880595
-0.00368935 0.00181665 -0.880599
-0.00320196 0.00181665 -0.880603
-0.00417674 0.00132926 -0.880595
-0.00368935 0.00132926 -0.880599
-0.00320196 0.00132926 -0.880604
-0.00417674 0.000841875 -0.880596
-0.00368935 0.000841875 -0.8806
-0.00320196 0.000841875 -0.880604
-0.00417674 0.000354487 -0.880596
-0.00368935 0.000354487 -0.8806
-0.00320196 0.000354487 -0.880604
-0.00417674 -0.0001329 -0.880596
-0.00368935 -0.0001329 -0.880601
-0.00320196 -0.0001329 -0.880605
-0.00417674 -0.000620288 -0.880597
-0.00368935 -0.000620288 -0.880601
-0.00320196 -0.000620288 -0.880605
-0.00417674 -0.00110768 -0.880597
-0.00368935 -0.00110768 -0.880601
-0.00320196 -0.00110768 -0.880606
-0.00417674 -0.00159506 -0.880598
-0.00368935 -0.00159506 -0.880602
-0.00320196 -0.00159506 -0.880606
-0.00417674 -0.00208245 -0.880598
-0.00368935 -0.00208245 -0.880602
-0.00320196 -0.00208245 -0.880606
-0.00417674 -0.00256984 -0.880598
-0.00368935 -0.00256984 -0.880602
-0.00320196 -0.00256984 -0.880607
-0.00417674 -0.00305723 -0.880599
-0.00368935 -0.00305723 -0.880603
-0.00320196 -0.00305723 -0.880607
-0.00417674 -0.00354462 -0.880599
-0.00368935 -0.00354462 -0.880603
-0.00320196 -0.00354462 -0.880607
-0.00417674 -0.004032 -0.880599
-0.00368935 -0.004032 -0.880604
-0.00320196 -0.004032 -0.880608
-0.00417674 -0.00451939 -0.8806
-0.00368935 -0.00451939 -0.880604
-0.00320196 -0.00451939 -0.880608
-0.00417674 -0.00500678 -0.8806
-0.00368935 -0.00500678 -0.880604
-0.00320196 -0.00500678 -0.880609
-0.00417674 -0.00549417 -0.880601
-0.00368935 -0.00549417 -0.880605
-0.00320196 -0.00549417 -0.880609
-0.00417674 -0.00598155 -0.880601
-0.00368935 -0.00598155 -0.880605
-0.00320196 -0.00598155 -0.880609
-0.00417674 -0.00646894 -0.880601
-0.00368935 -0.00646894 -0.880606
-0.00320196 -0.00646894 -0.88061
-0.00417674 -0.00695633 -0.880602
-0.00368935 -0.00695633 -0.880606
-0.00320196 -0.00695633 -0.88061
-0.00417674 -0.00744372 -0.880602
-0.00368935 -0.00744372 -0.880606
-0.00320196 -0.00744372 -0.88061
-0.00417674 -0.00793111 -0.880602
-0.00368935 -0.00793111 -0.880607
-0.00320196 -0.00793111 -0.880611
-0.00417674 -0.00841849 -0.880603
-0.00368935 -0.00841849 -0.880607
-0.00320196 -0.00841849 -0.880611
-0.00417674 -0.00890588 -0.880603
-0.00368935 -0.00890588 -0.880607
-0.00320196 -0.00890588 -0.880612
-0.00417674 -0.00939327 -0.880604
-0.00368935 -0.00939327 -0.880608
-0.00320196 -0.00939327 -0.880612
-0.00417674 -0.00988066 -0.880604
-0.00368935 -0.00988066 -0.880608
-0.00320196 -0.00988066 -0.880612
-0.00417674 -0.010368 -0.880604
-0.00368935 -0.010368 -0.880609
-0.00320196 -0.010368 -0.880613
-0.00417674 -0.0108554 -0.880605
-0.00368935 -0.0108554 -0.880609
-0.00320196 -0.0108554 -0.880613
-0.00417674 -0.0113428 -0.880605
-0.00368935 -0.0113428 -0.880609
-0.00320196 -0.0113428 -0.880614
-0.00417674 -0.0118302 -0.880605
-0.00368935 -0.0118302 -0.88061
-0.00320196 -0.0118302 -0.880614
