0.0117466 -0.0104187 -0.674128
0.0115481 -0.0104187 -0.674128
0.0113495 -0.0104187 -0.674128
0.0117466 -0.0102202 -0.674128
0.0115481 -0.0102202 -0.674127
0.0113495 -0.0102202 -0.674127
0.0117466 -0.0100217 -0.674127
0.0115481 -0.0100217 -0.674127
0.0113495 -0.0100217 -0.674126
0.0117466 -0.00982311 -0.674126
0.0115481 -0.00982311 -0.674126
0.0113495 -0.00982311 -0.674126
0.0117466 -0.00962457 -0.674126
0.0115481 -0.00962457 -0.674125
0.0113495 -0.00962457 -0.674125
0.0117466 -0.00942602 -0.674125
0.0115481 -0.00942602 -0.674125
0.0113495 -0.00942602 -0.674124
0.0117466 -0.00922748 -0.674124
0.0115481 -0.00922748 -0.674124
0.0113495 -0.00922748 -0.674124
0.0117466 -0.00902894 -0.674124
0.0115481 -0.00902894 -0.674123
0.0113495 -0.00902894 -0.674123
0.0117466 -0.0088304 -0.674123
0.0115481 -0.0088304 -0.674123
0.0113495 -0.0088304 -0.674122
0.0117466 -0.00863186 -0.674122
0.0115481 -0.00863186 -0.674122
0.0113495 -0.00863186 -0.674122
0.0117466 -0.00843331 -0.674122
0.0115481 -0.00843331 -0.674121
0.0113495 -0.00843331 -0.674121
0.0117466 -0.00823477 -0.674121
0.0115481 -0.00823477 -0.674121
0.0113495 -0.00823477 -0.67412
0.0117466 -0.00803623 -0.67412
0.0115481 -0.00803623 -0.67412
0.0113495 -0.00803623 -0.67412
0.0117466 -0.00783769 -0.67412
0.0115481 -0.00783769 -0.674119
0.0113495 -0.00783769 -0.674119
0.0117466 -0.00763915 -0.674119
0.0115481 -0.00763915 -0.674119
0.0113495 -0.00763915 -0.674118
0.0117466 -0.0074406 -0.674118
0.0115481 -0.0074406 -0.674118
0.0113495 -0.0074406 -0.674118
0.0117466 -0.00724206 -0.674118
0.0115481 -0.00724206 -0.674117
0.0113495 -0.00724206 -0.674117
0.0117466 -0.00704352 -0.674117
0.0115481 -0.00704352 -0.674117
0.0113495 -0.00704352 -0.674116
0.0117466 -0.00684498 -0.674116
0.0115481 -0.00684498 -0.674116
0.0113495 -0.00684498 -0.674115
0.0117466 -0.00664644 -0.674116
0.0115481 -0.00664644 -0.674115
0.0113495 -0.00664644 -0.674115
0.0117466 -0.00644789 -0.674115
0.0115481 -0.00644789 -0.674115
0.0113495 -0.00644789 -0.674114
0.0117466 -0.00624935 -0.674114
0.0115481 -0.00624935 -0.674114
0.0113495 -0.00624935 -0.674114
0.0117466 -0.00605081 -0.674114
0.0115481 -0.00605081 -0.674113
0.0113495 -0.00605081 -0.674113
0.0117466 -0.00585227 -0.674113
0.0115481 -0.00585227 -0.674113
0.0113495 -0.00585227 -0.674112
0.0117466 -0.00565373 -0.674112
0.0115481 -0.00565373 -0.674112
0.0113495 -0.00565373 -0.674111
0.0117466 -0.00545518 -0.674112
0.0115481 -0.00545518 -0.674111
0.0113495 -0.00545518 -0.674111
0.0117466 -0.00525664 -0.674111
0.0115481 -0.00525664 -0.674111
0.0113495 -0.00525664 -0.67411
0.0117466 -0.0050581 -0.67411
0.0115481 -0.0050581 -0.67411
0.0113495 -0.0050581 -0.674109
0.0117466 -0.00485956 -0.67411
0.0115481 -0.00485956 -0.674109
0.0113495 -0.00485956 -0.674109
0.0117466 -0.00466102 -0.674109
0.0115481 -0.00466102 -0.674109
0.0113495 -0.00466102 -0.674108
0.0117466 -0.00446247 -0.674108
0.0115481 -0.00446247 -0.674108
0.0113495 -0.00446247 -0.674107
0.0117466 -0.00426393 -0.674108
0.0115481 -0.00426393 -0.674107
0.0113495 -0.00426393 -0.674107
0.0117466 -0.00406539 -0.674107
0.0115481 -0.00406539 -0.674106
0.0113495 -0.00406539 -0.674106
0.0117466 -0.00386685 -0.674106
0.0115481 -0.00386685 -0.674106
0.0113495 -0.00386685 -0.674105
0.0117466 -0.0036683 -0.674106
0.0115481 -0.0036683 -0.674105
0.0113495 -0.0036683 -0.674105
0.0117466 -0.00346976 -0.674105
0.0115481 -0.00346976 -0.674104
0.0113495 -0.00346976 -0.674104
0.0117466 -0.00327122 -0.674104
0.0115481 -0.00327122 -0.674104
0.0113495 -0.00327122 -0.674103
0.0117466 -0.00307268 -0.674103
0.0115481 -0.00307268 -0.674103
0.0113495 -0.00307268 -0.674103
0.0117466 -0.00287414 -0.674103
0.0115481 -0.00287414 -0.674102
0.0113495 -0.00287414 -0.674102
0.0117466 -0.00267559 -0.674102
0.0115481 -0.00267559 -0.674102
0.0113495 -0.00267559 -0.674101
0.0117466 -0.00247705 -0.674102
0.0115481 -0.00247705 -0.674101
0.0113495 -0.00247705 -0.674101
0.0117466 -0.00227851 -0.674101
0.0115481 -0.00227851 -0.6741
0.0113495 -0.00227851 -0.6741
0.0117466 -0.00207997 -0.6741
0.0115481 -0.00207997 -0.6741
0.0113495 -0.00207997 -0.674099
0.0117466 -0.00188143 -0.6741
0.0115481 -0.00188143 -0.674099
0.0113495 -0.00188143 -0.674099
0.0117466 -0.00168288 -0.674099
0.0115481 -0.00168288 -0.674098
0.0113495 -0.00168288 -0.674098
0.0117466 -0.00148434 -0.674098
0.0115481 -0.00148434 -0.674098
0.0113495 -0.00148434 -0.674097
0.0117466 -0.0012858 -0.674097
0.0115481 -0.0012858 -0.674097
0.0113495 -0.0012858 -0.674097
0.0117466 -0.00108726 -0.674097
0.0115481 -0.00108726 -0.674096
0.0113495 -0.00108726 -0.674096
0.0117466 -0.000888716 -0.674096
0.0115481 -0.000888716 -0.674096
0.0113495 -0.000888716 -0.674095
0.0117466 -0.000690174 -0.674095
0.0115481 -0.000690174 -0.674095
0.0113495 -0.000690174 -0.674095
0.0117466 -0.000491632 -0.674095
0.0115481 -0.000491632 -0.674094
0.0113495 -0.000491632 -0.674094
0.0117466 -0.00029309 -0.674094
0.0115481 -0.00029309 -0.674094
0.0113495 -0.00029309 -0.674093
0.0117466 -9.45476e-05 -0.674093
0.0115481 -9.45476e-05 -0.674093
0.0113495 -9.45476e-05 -0.674093
0.0117466 0.000103994 -0.674093
0.0115481 0.000103994 -0.674092
0.0113495 0.000103994 -0.674092
0.0117466 0.000302537 -0.674092
0.0115481 0.000302537 -0.674092
0.0113495 0.000302537 -0.674091
0.0117466 0.000501079 -0.674091
0.0115481 0.000501079 -0.674091
0.0113495 0.000501079 -0.674091
0.0117466 0.000699621 -0.674091
0.0115481 0.000699621 -0.67409
0.0113495 0.000699621 -0.67409
0.0117466 0.000898163 -0.67409
0.0115481 0.000898163 -0.67409
0.0113495 0.000898163 -0.674089
0.0117466 0.0010967 -0.674089
0.0115481 0.0010967 -0.674089
0.0113495 0.0010967 -0.674089
0.0117466 0.00129525 -0.674089
0.0115481 0.00129525 -0.674088
0.0113495 0.00129525 -0.674088
0.0117466 0.00149379 -0.674088
0.0115481 0.00149379 -0.674088
0.0113495 0.00149379 -0.674087
0.0117466 0.00169233 -0.674087
0.0115481 0.00169233 -0.674087
0.0113495 0.00169233 -0.674087
0.0117466 0.00189087 -0.674087
0.0115481 0.00189087 -0.674086
0.0113495 0.00189087 -0.674086
0.0117466 0.00208942 -0.674086
0.0115481 0.00208942 -0.674086
0.0113495 0.00208942 -0.674085
0.0117466 0.00228796 -0.674085
0.0115481 0.00228796 -0.674085
0.0113495 0.00228796 -0.674085
0.0117466 0.0024865 -0.674085
0.0115481 0.0024865 -0.674084
0.0113495 0.0024865 -0.674084
0.0117466 0.00268504 -0.674084
0.0115481 0.00268504 -0.674084
0.0113495 0.00268504 -0.674083
0.0117466 0.00288358 -0.674083
0.0115481 0.00288358 -0.674083
0.0113495 0.00288358 -0.674083
0.0117466 0.00308213 -0.674083
0.0115481 0.00308213 -0.674082
0.0113495 0.00308213 -0.674082
0.0117466 0.00328067 -0.674082
0.0115481 0.00328067 -0.674082
0.0113495 0.00328067 -0.674081
0.0117466 0.00347921 -0.674081
0.0115481 0.00347921 -0.674081
0.0113495 0.00347921 -0.674081
0.0117466 0.00367775 -0.674081
0.0115481 0.00367775 -0.67408
0.0113495 0.00367775 -0.67408
0.0117466 0.00387629 -0.67408
0.0115481 0.00387629 -0.67408
0.0113495 0.00387629 -0.674079
0.0117466 0.00407484 -0.674079
0.0115481 0.00407484 -0.674079
0.0113495 0.00407484 -0.674079
0.0117466 0.00427338 -0.674079
0.0115481 0.00427338 -0.674078
0.0113495 0.00427338 -0.674078
0.0117466 0.00447192 -0.674078
0.0115481 0.00447192 -0.674078
0.0113495 0.00447192 -0.674077
0.0117466 0.00467046 -0.674077
0.0115481 0.00467046 -0.674077
0.0113495 0.00467046 -0.674077
0.0117466 0.004869 -0.674077
0.0115481 0.004869 -0.674076
0.0113495 0.004869 -0.674076
0.0117466 0.00506755 -0.674076
0.0115481 0.00506755 -0.674076
0.0113495 0.00506755 -0.674075
0.0117466 0.00526609 -0.674075
0.0115481 0.00526609 -0.674075
0.0113495 0.00526609 -0.674075
0.0117466 0.00546463 -0.674075
0.0115481 0.00546463 -0.674074
0.0113495 0.00546463 -0.674074
0.0117466 0.00566317 -0.674074
0.0115481 0.00566317 -0.674074
0.0113495 0.00566317 -0.674073
0.0117466 0.00586171 -0.674073
0.0115481 0.00586171 -0.674073
0.0113495 0.00586171 -0.674073
0.0117466 0.00606026 -0.674073
0.0115481 0.00606026 -0.674072
0.0113495 0.00606026 -0.674072
0.0117466 0.0062588 -0.674072
0.0115481 0.0062588 -0.674072
0.0113495 0.0062588 -0.674071
0.0117466 0.00645734 -0.674071
0.0115481 0.00645734 -0.674071
0.0113495 0.00645734 -0.67407
0.0117466 0.00665588 -0.674071
0.0115481 0.00665588 -0.67407
0.0113495 0.00665588 -0.67407
0.0117466 0.00685442 -0.67407
0.0115481 0.00685442 -0.67407
0.0113495 0.00685442 -0.674069
0.0117466 0.00705297 -0.674069
0.0115481 0.00705297 -0.674069
0.0113495 0.00705297 -0.674069
0.0117466 0.00725151 -0.674069
0.0115481 0.00725151 -0.674068
0.0113495 0.00725151 -0.674068
0.0117466 0.00745005 -0.674068
0.0115481 0.00745005 -0.674068
0.0113495 0.00745005 -0.674067
0.0117466 0.00764859 -0.674067
0.0115481 0.00764859 -0.674067
0.0113495 0.00764859 -0.674066
0.0117466 0.00784713 -0.674067
0.0115481 0.00784713 -0.674066
0.0113495 0.00784713 -0.674066
0.0117466 0.00804568 -0.674066
0.0115481 0.00804568 -0.674066
0.0113495 0.00804568 -0.674065
0.0117466 0.00824422 -0.674065
0.0115481 0.00824422 -0.674065
0.0113495 0.00824422 -0.674064
0.0117466 0.00844276 -0.674065
0.0115481 0.00844276 -0.674064
0.0113495 0.00844276 -0.674064
0.0117466 0.0086413 -0.674064
0.0115481 0.0086413 -0.674064
0.0113495 0.0086413 -0.674063
0.0117466 0.00883985 -0.674063
0.0115481 0.00883985 -0.674063
0.0113495 0.00883985 -0.674062
0.0117466 0.00903839 -0.674063
0.0115481 0.00903839 -0.674062
0.0113495 0.00903839 -0.674062
0.0117466 0.00923693 -0.674062
0.0115481 0.00923693 -0.674061
0.0113495 0.00923693 -0.674061
0.0117466 0.00943547 -0.674061
0.0115481 0.00943547 -0.674061
0.0113495 0.00943547 -0.67406
0.0117466 0.00963401 -0.674061
0.0115481 0.00963401 -0.67406
0.0113495 0.00963401 -0.67406
0.0117466 0.00983256 -0.67406
0.0115481 0.00983256 -0.674059
0.0113495 0.00983256 -0.674059
0.0117466 0.0100311 -0.674059
0.0115481 0.0100311 -0.674059
0.0113495 0.0100311 -0.674058
0.0117466 0.0102296 -0.674058
0.0115481 0.0102296 -0.674058
0.0113495 0.0102296 -0.674058
0.0117466 0.0104282 -0.674058
0.0115481 0.0104282 -0.674057
0.0113495 0.0104282 -0.674057
0.0117466 0.0106267 -0.674057
0.0115481 0.0106267 -0.674057
0.0113495 0.0106267 -0.674056
0.0117466 0.0108253 -0.674057
0.0115481 0.0108253 -0.674056
0.0113495 0.0108253 -0.674056
0.0117466 0.0110238 -0.674056
0.0115481 0.0110238 -0.674055
0.0113495 0.0110238 -0.674055
0.0117466 0.0112224 -0.674055
0.0115481 0.0112224 -0.674055
0.0113495 0.0112224 -0.674054
0.0117466 0.0114209 -0.674055
0.0115481 0.0114209 -0.674054
0.0113495 0.0114209 -0.674054
