0.0133346 -0.13101 -0.748988
0.0116041 -0.13101 -0.748983
0.00987366 -0.13101 -0.748979
0.0133346 -0.129279 -0.748988
0.0116041 -0.129279 -0.748984
0.00987366 -0.129279 -0.748979
0.0133346 -0.127549 -0.748989
0.0116041 -0.127549 -0.748984
0.00987366 -0.127549 -0.748979
0.0133346 -0.125818 -0.748989
0.0116041 -0.125818 -0.748984
0.00987366 -0.125818 -0.74898
0.0133346 -0.124088 -0.748989
0.0116041 -0.124088 -0.748985
0.00987366 -0.124088 -0.74898
0.0133346 -0.122358 -0.74899
0.0116041 -0.122358 -0.748985
0.00987366 -0.122358 -0.74898
0.0133346 -0.120627 -0.74899
0.0116041 -0.120627 -0.748985
0.00987366 -0.120627 -0.748981
0.0133346 -0.118897 -0.74899
0.0116041 -0.118897 -0.748986
0.00987366 -0.118897 -0.748981
0.0133346 -0.117166 -0.748991
0.0116041 -0.117166 -0.748986
0.00987366 -0.117166 -0.748981
0.0133346 -0.115436 -0.748991
0.0116041 -0.115436 -0.748986
0.00987366 -0.115436 -0.748982
0.0133346 -0.113705 -0.748991
0.0116041 -0.113705 -0.748987
0.00987366 -0.113705 -0.748982
0.0133346 -0.111975 -0.748992
0.0116041 -0.111975 -0.748987
0.00987366 -0.111975 -0.748982
0.0133346 -0.110244 -0.748992
0.0116041 -0.110244 -0.748987
0.00987366 -0.110244 -0.748983
0.0133346 -0.108514 -0.748992
0.0116041 -0.108514 -0.748988
0.00987366 -0.108514 -0.748983
0.0133346 -0.106783 -0.748993
0.0116041 -0.106783 -0.748988
0.00987366 -0.106783 -0.748983
0.0133346 -0.105053 -0.748993
0.0116041 -0.105053 -0.748988
0.00987366 -0.105053 -0.748984
0.0133346 -0.103323 -0.748993
0.0116041 -0.103323 -0.748989
0.00987366 -0.103323 -0.748984
0.0133346 -0.101592 -0.748994
0.0116041 -0.101592 -0.748989
0.00987366 -0.101592 -0.748984
0.0133346 -0.0998616 -0.748994
0.0116041 -0.0998616 -0.748989
0.00987366 -0.0998616 -0.748985
0.0133346 -0.0981312 -0.748994
0.0116041 -0.0981312 -0.74899
0.00987366 -0.0981312 -0.748985
0.0133346 -0.0964007 -0.748995
0.0116041 -0.0964007 -0.74899
0.00987366 -0.0964007 -0.748985
0.0133346 -0.0946703 -0.748995
0.0116041 -0.0946703 -0.74899
0.00987366 -0.0946703 -0.748986
0.0133346 -0.0929398 -0.748995
0.0116041 -0.0929398 -0.748991
0.00987366 -0.0929398 -0.748986
0.0133346 -0.0912094 -0.748996
0.0116041 -0.0912094 -0.748991
0.00987366 -0.0912094 -0.748986
0.0133346 -0.0894789 -0.748996
0.0116041 -0.0894789 -0.748991
0.00987366 -0.0894789 -0.748987
0.0133346 -0.0877485 -0.748996
0.0116041 -0.0877485 -0.748992
0.00987366 -0.0877485 -0.748987
0.0133346 -0.086018 -0.748997
0.0116041 -0.086018 -0.748992
0.00987366 -0.086018 -0.748987
0.0133346 -0.0842876 -0.748997
0.0116041 -0.0842876 -0.748992
0.00987366 -0.0842876 -0.748988
0.0133346 -0.0825571 -0.748997
0.0116041 -0.0825571 -0.748993
0.00987366 -0.0825571 -0.748988
0.0133346 -0.0808266 -0.748998
0.0116041 -0.0808266 -0.748993
0.00987366 -0.0808266 -0.748988
0.0133346 -0.0790962 -0.748998
0.0116041 -0.0790962 -0.748993
0.00987366 -0.0790962 -0.748989
0.0133346 -0.0773657 -0.748998
0.0116041 -0.0773657 -0.748994
0.00987366 -0.0773657 -0.748989
0.0133346 -0.0756353 -0.748999
0.0116041 -0.0756353 -0.748994
0.00987366 -0.0756353 -0.748989
0.0133346 -0.0739048 -0.748999
0.0116041 -0.0739048 -0.748994
0.00987366 -0.0739048 -0.74899
0.0133346 -0.0721744 -0.748999
0.0116041 -0.0721744 -0.748995
0.00987366 -0.0721744 -0.74899
0.0133346 -0.0704439 -0.749
0.0116041 -0.0704439 -0.748995
0.00987366 -0.0704439 -0.74899
0.0133346 -0.0687135 -0.749
0.0116041 -0.0687135 -0.748995
0.00987366 -0.0687135 -0.748991
0.0133346 -0.066983 -0.749
0.0116041 -0.066983 -0.748996
0.00987366 -0.066983 -0.748991
0.0133346 -0.0652526 -0.749001
0.0116041 -0.0652526 -0.748996
0.00987366 -0.0652526 -0.748991
0.0133346 -0.0635221 -0.749001
0.0116041 -0.0635221 -0.748996
0.00987366 -0.0635221 -0.748992
0.0133346 -0.0617917 -0.749001
0.0116041 -0.0617917 -0.748997
0.00987366 -0.0617917 -0.748992
0.0133346 -0.0600612 -0.749002
0.0116041 -0.0600612 -0.748997
0.00987366 -0.0600612 -0.748992
0.0133346 -0.0583308 -0.749002
0.0116041 -0.0583308 -0.748997
0.00987366 -0.0583308 -0.748993
0.0133346 -0.0566003 -0.749002
0.0116041 -0.0566003 -0.748998
0.00987366 -0.0566003 -0.748993
0.0133346 -0.0548699 -0.749003
0.0116041 -0.0548699 -0.748998
0.00987366 -0.0548699 -0.748993
0.0133346 -0.0531394 -0.749003
0.0116041 -0.0531394 -0.748998
0.00987366 -0.0531394 -0.748994
0.0133346 -0.051409 -0.749003
0.0116041 -0.051409 -0.748999
0.00987366 -0.051409 -0.748994
0.0133346 -0.0496785 -0.749004
0.0116041 -0.0496785 -0.748999
0.00987366 -0.0496785 -0.748994
0.0133346 -0.047948 -0.749004
0.0116041 -0.047948 -0.748999
0.00987366 -0.047948 -0.748995
0.0133346 -0.0462176 -0.749004
0.0116041 -0.0462176 -0.749
0.00987366 -0.0462176 -0.748995
0.0133346 -0.0444871 -0.749005
0.0116041 -0.0444871 -0.749
0.00987366 -0.0444871 -0.748995
0.0133346 -0.0427567 -0.749005
0.0116041 -0.0427567 -0.749
0.00987366 -0.0427567 -0.748996
0.0133346 -0.0410262 -0.749005
0.0116041 -0.0410262 -0.749001
0.00987366 -0.0410262 -0.748996
0.0133346 -0.0392958 -0.749006
0.0116041 -0.0392958 -0.749001
0.00987366 -0.0392958 -0.748996
0.0133346 -0.0375653 -0.749006
0.0116041 -0.0375653 -0.749001
0.00987366 -0.0375653 -0.748997
0.0133346 -0.0358349 -0.749006
0.0116041 -0.0358349 -0.749002
0.00987366 -0.0358349 -0.748997
0.0133346 -0.0341044 -0.749007
0.0116041 -0.0341044 -0.749002
0.00987366 -0.0341044 -0.748997
0.0133346 -0.032374 -0.749007
0.0116041 -0.032374 -0.749002
0.00987366 -0.032374 -0.748998
0.0133346 -0.0306435 -0.749007
0.0116041 -0.0306435 -0.749003
0.00987366 -0.0306435 -0.748998
0.0133346 -0.0289131 -0.749008
0.0116041 -0.0289131 -0.749003
0.00987366 -0.0289131 -0.748998
0.0133346 -0.0271826 -0.749008
0.0116041 -0.0271826 -0.749003
0.00987366 -0.0271826 -0.748999
0.0133346 -0.0254522 -0.749008
0.0116041 -0.0254522 -0.749004
0.00987366 -0.0254522 -0.748999
0.0133346 -0.0237217 -0.749009
0.0116041 -0.0237217 -0.749004
0.00987366 -0.0237217 -0.748999
0.0133346 -0.0219913 -0.749009
0.0116041 -0.0219913 -0.749004
0.00987366 -0.0219913 -0.749
0.0133346 -0.0202608 -0.749009
0.0116041 -0.0202608 -0.749005
0.00987366 -0.0202608 -0.749
0.0133346 -0.0185303 -0.74901
0.0116041 -0.0185303 -0.749005
0.00987366 -0.0185303 -0.749
0.0133346 -0.0167999 -0.74901
0.0116041 -0.0167999 -0.749005
0.00987366 -0.0167999 -0.749001
0.0133346 -0.0150694 -0.74901
0.0116041 -0.0150694 -0.749006
0.00987366 -0.0150694 -0.749001
0.0133346 -0.013339 -0.749011
0.0116041 -0.013339 -0.749006
0.00987366 -0.013339 -0.749001
0.0133346 -0.0116085 -0.749011
0.0116041 -0.0116085 -0.749006
0.00987366 -0.0116085 -0.749002
0.0133346 -0.00987808 -0.749011
0.0116041 -0.00987808 -0.749007
0.00987366 -0.00987808 -0.749002
0.0133346 -0.00814763 -0.749012
0.0116041 -0.00814763 -0.749007
0.00987366 -0.00814763 -0.749002
0.0133346 -0.00641718 -0.749012
0.0116041 -0.00641718 -0.749007
0.00987366 -0.00641718 -0.749003
0.0133346 -0.00468673 -0.749012
0.0116041 -0.00468673 -0.749008
0.00987366 -0.00468673 -0.749003
0.0133346 -0.00295627 -0.749013
0.0116041 -0.00295627 -0.749008
0.00987366 -0.00295627 -0.749003
0.0133346 -0.00122582 -0.749013
0.0116041 -0.00122582 -0.749008
0.00987366 -0.00122582 -0.749004
0.0133346 0.000504632 -0.749013
0.0116041 0.000504632 -0.749009
0.00987366 0.000504632 -0.749004
0.0133346 0.00223509 -0.749014
0.0116041 0.00223509 -0.749009
0.00987366 0.00223509 -0.749004
0.0133346 0.00396554 -0.749014
0.0116041 0.00396554 -0.749009
0.00987366 0.00396554 -0.749005
0.0133346 0.00569599 -0.749014
0.0116041 0.00569599 -0.74901
0.00987366 0.00569599 -0.749005
0.0133346 0.00742644 -0.749015
0.0116041 0.00742644 -0.74901
0.00987366 0.00742644 -0.749005
0.0133346 0.0091569 -0.749015
0.0116041 0.0091569 -0.74901
0.00987366 0.0091569 -0.749006
0.0133346 0.0108873 -0.749015
0.0116041 0.0108873 -0.749011
0.00987366 0.0108873 -0.749006
0.0133346 0.0126178 -0.749016
0.0116041 0.0126178 -0.749011
0.00987366 0.0126178 -0.749006
0.0133346 0.0143483 -0.749016
0.0116041 0.0143483 -0.749011
0.00987366 0.0143483 -0.749007
0.0133346 0.0160787 -0.749016
0.0116041 0.0160787 -0.749012
0.00987366 0.0160787 -0.749007
0.0133346 0.0178092 -0.749017
0.0116041 0.0178092 -0.749012
0.00987366 0.0178092 -0.749007
0.0133346 0.0195396 -0.749017
0.0116041 0.0195396 -0.749012
0.00987366 0.0195396 -0.749008
0.0133346 0.0212701 -0.749017
0.0116041 0.0212701 -0.749013
0.00987366 0.0212701 -0.749008
0.0133346 0.0230005 -0.749018
0.0116041 0.0230005 -0.749013
0.00987366 0.0230005 -0.749008
0.0133346 0.024731 -0.749018
0.0116041 0.024731 -0.749013
0.00987366 0.024731 -0.749009
0.0133346 0.0264614 -0.749018
0.0116041 0.0264614 -0.749014
0.00987366 0.0264614 -0.749009
0.0133346 0.0281919 -0.749019
0.0116041 0.0281919 -0.749014
0.00987366 0.0281919 -0.749009
0.0133346 0.0299223 -0.749019
0.0116041 0.0299223 -0.749014
0.00987366 0.0299223 -0.74901
0.0133346 0.0316528 -0.749019
0.0116041 0.0316528 -0.749015
0.00987366 0.0316528 -0.74901
0.0133346 0.0333832 -0.74902
0.0116041 0.0333832 -0.749015
0.00987366 0.0333832 -0.74901
0.0133346 0.0351137 -0.74902
0.0116041 0.0351137 -0.749015
0.00987366 0.0351137 -0.749011
0.0133346 0.0368441 -0.74902
0.0116041 0.0368441 -0.749016
0.00987366 0.0368441 -0.749011
0.0133346 0.0385746 -0.749021
0.0116041 0.0385746 -0.749016
0.00987366 0.0385746 -0.749011
0.0133346 0.040305 -0.749021
0.0116041 0.040305 -0.749016
0.00987366 0.040305 -0.749012
0.0133346 0.0420355 -0.749021
0.0116041 0.0420355 -0.749017
0.00987366 0.0420355 -0.749012
0.0133346 0.043766 -0.749022
0.0116041 0.043766 -0.749017
0.00987366 0.043766 -0.749012
0.0133346 0.0454964 -0.749022
0.0116041 0.0454964 -0.749017
0.00987366 0.0454964 -0.749013
0.0133346 0.0472269 -0.749022
0.0116041 0.0472269 -0.749018
0.00987366 0.0472269 -0.749013
0.0133346 0.0489573 -0.749023
0.0116041 0.0489573 -0.749018
0.00987366 0.0489573 -0.749013
0.0133346 0.0506878 -0.749023
0.0116041 0.0506878 -0.749018
0.00987366 0.0506878 -0.749014
0.0133346 0.0524182 -0.749023
0.0116041 0.0524182 -0.749019
0.00987366 0.0524182 -0.749014
0.0133346 0.0541487 -0.749024
0.0116041 0.0541487 -0.749019
0.00987366 0.0541487 -0.749014
0.0133346 0.0558791 -0.749024
0.0116041 0.0558791 -0.749019
0.00987366 0.0558791 -0.749015
0.0133346 0.0576096 -0.749024
0.0116041 0.0576096 -0.74902
0.00987366 0.0576096 -0.749015
0.0133346 0.05934 -0.749025
0.0116041 0.05934 -0.74902
0.00987366 0.05934 -0.749015
