0.00666759 -5.45889e-05 -0.67918
0.00658207 -5.45889e-05 -0.679179
0.00649656 -5.45889e-05 -0.679179
0.00666759 3.09291e-05 -0.67918
0.00658207 3.09291e-05 -0.679179
0.00649656 3.09291e-05 -0.679179
0.00666759 0.000116447 -0.67918
0.00658207 0.000116447 -0.679179
0.00649656 0.000116447 -0.679179
0.00666759 0.000201965 -0.67918
0.00658207 0.000201965 -0.679179
0.00649656 0.000201965 -0.679179
0.00666759 0.000287483 -0.67918
0.00658207 0.000287483 -0.679179
0.00649656 0.000287483 -0.679179
0.00666759 0.000373001 -0.67918
0.00658207 0.000373001 -0.679179
0.00649656 0.000373001 -0.679179
0.00666759 0.000458519 -0.67918
0.00658207 0.000458519 -0.679179
0.00649656 0.000458519 -0.679179
0.00666759 0.000544037 -0.67918
0.00658207 0.000544037 -0.679179
0.00649656 0.000544037 -0.679178
0.00666759 0.000629555 -0.67918
0.00658207 0.000629555 -0.679179
0.00649656 0.000629555 -0.679178
0.00666759 0.000715073 -0.67918
0.00658207 0.000715073 -0.679179
0.00649656 0.000715073 -0.679178
0.00666759 0.000800591 -0.67918
0.00658207 0.000800591 -0.679179
0.00649656 0.000800591 -0.679178
0.00666759 0.000886109 -0.67918
0.00658207 0.000886109 -0.679179
0.00649656 0.000886109 -0.679178
0.00666759 0.000971627 -0.67918
0.00658207 0.000971627 -0.679179
0.00649656 0.000971627 -0.679178
0.00666759 0.00105714 -0.67918
0.00658207 0.00105714 -0.679179
0.00649656 0.00105714 -0.679178
0.00666759 0.00114266 -0.67918
0.00658207 0.00114266 -0.679179
0.00649656 0.00114266 -0.679178
0.00666759 0.00122818 -0.67918
0.00658207 0.00122818 -0.679179
0.00649656 0.00122818 -0.679178
0.00666759 0.0013137 -0.67918
0.00658207 0.0013137 -0.679179
0.00649656 0.0013137 -0.679178
0.00666759 0.00139922 -0.67918
0.00658207 0.00139922 -0.679179
0.00649656 0.00139922 -0.679178
0.00666759 0.00148473 -0.67918
0.00658207 0.00148473 -0.679179
0.00649656 0.00148473 -0.679178
0.00666759 0.00157025 -0.67918
0.00658207 0.00157025 -0.679179
0.00649656 0.00157025 -0.679178
0.00666759 0.00165577 -0.67918
0.00658207 0.00165577 -0.679179
0.00649656 0.00165577 -0.679178
0.00666759 0.00174129 -0.67918
0.00658207 0.00174129 -0.679179
0.00649656 0.00174129 -0.679178
0.00666759 0.00182681 -0.67918
0.00658207 0.00182681 -0.679179
0.00649656 0.00182681 -0.679178
0.00666759 0.00191232 -0.67918
0.00658207 0.00191232 -0.679179
0.00649656 0.00191232 -0.679178
0.00666759 0.00199784 -0.67918
0.00658207 0.00199784 -0.679179
0.00649656 0.00199784 -0.679178
0.00666759 0.00208336 -0.67918
0.00658207 0.00208336 -0.679179
0.00649656 0.00208336 -0.679178
0.00666759 0.00216888 -0.67918
0.00658207 0.00216888 -0.679179
0.00649656 0.00216888 -0.679178
0.00666759 0.0022544 -0.67918
0.00658207 0.0022544 -0.679179
0.00649656 0.0022544 -0.679178
0.00666759 0.00233991 -0.67918
0.00658207 0.00233991 -0.679179
0.00649656 0.00233991 -0.679178
0.00666759 0.00242543 -0.67918
0.00658207 0.00242543 -0.679179
0.00649656 0.00242543 -0.679178
0.00666759 0.00251095 -0.67918
0.00658207 0.00251095 -0.679179
0.00649656 0.00251095 -0.679178
0.00666759 0.00259647 -0.67918
0.00658207 0.00259647 -0.679179
0.00649656 0.00259647 -0.679178
0.00666759 0.00268199 -0.67918
0.00658207 0.00268199 -0.679179
0.00649656 0.00268199 -0.679178
0.00666759 0.0027675 -0.67918
0.00658207 0.0027675 -0.679179
0.00649656 0.0027675 -0.679178
0.00666759 0.00285302 -0.67918
0.00658207 0.00285302 -0.679179
0.00649656 0.00285302 -0.679178
0.00666759 0.00293854 -0.67918
0.00658207 0.00293854 -0.679179
0.00649656 0.00293854 -0.679178
0.00666759 0.00302406 -0.67918
0.00658207 0.00302406 -0.679179
0.00649656 0.00302406 -0.679178
0.00666759 0.00310958 -0.67918
0.00658207 0.00310958 -0.679179
0.00649656 0.00310958 -0.679178
0.00666759 0.00319509 -0.67918
0.00658207 0.00319509 -0.679179
0.00649656 0.00319509 -0.679178
0.00666759 0.00328061 -0.67918
0.00658207 0.00328061 -0.679179
0.00649656 0.00328061 -0.679178
0.00666759 0.00336613 -0.67918
0.00658207 0.00336613 -0.679179
0.00649656 0.00336613 -0.679178
0.00666759 0.00345165 -0.67918
0.00658207 0.00345165 -0.679179
0.00649656 0.00345165 -0.679178
0.00666759 0.00353717 -0.67918
0.00658207 0.00353717 -0.679179
0.00649656 0.00353717 -0.679178
0.00666759 0.00362268 -0.67918
0.00658207 0.00362268 -0.679179
0.00649656 0.00362268 -0.679178
0.00666759 0.0037082 -0.67918
0.00658207 0.0037082 -0.679179
0.00649656 0.0037082 -0.679178
0.00666759 0.00379372 -0.67918
0.00658207 0.00379372 -0.679179
0.00649656 0.00379372 -0.679178
0.00666759 0.00387924 -0.67918
0.00658207 0.00387924 -0.679179
0.00649656 0.00387924 -0.679178
0.00666759 0.00396476 -0.679179
0.00658207 0.00396476 -0.679179
0.00649656 0.00396476 -0.679178
0.00666759 0.00405027 -0.679179
0.00658207 0.00405027 -0.679179
0.00649656 0.00405027 -0.679178
0.00666759 0.00413579 -0.679179
0.00658207 0.00413579 -0.679179
0.00649656 0.00413579 -0.679178
0.00666759 0.00422131 -0.679179
0.00658207 0.00422131 -0.679179
0.00649656 0.00422131 -0.679178
0.00666759 0.00430683 -0.679179
0.00658207 0.00430683 -0.679179
0.00649656 0.00430683 -0.679178
0.00666759 0.00439235 -0.679179
0.00658207 0.00439235 -0.679179
0.00649656 0.00439235 -0.679178
0.00666759 0.00447786 -0.679179
0.00658207 0.00447786 -0.679179
0.00649656 0.00447786 -0.679178
0.00666759 0.00456338 -0.679179
0.00658207 0.00456338 -0.679179
0.00649656 0.00456338 -0.679178
0.00666759 0.0046489 -0.679179
0.00658207 0.0046489 -0.679179
0.00649656 0.0046489 -0.679178
0.00666759 0.00473442 -0.679179
0.00658207 0.00473442 -0.679179
0.00649656 0.00473442 -0.679178
0.00666759 0.00481994 -0.679179
0.00658207 0.00481994 -0.679179
0.00649656 0.00481994 -0.679178
0.00666759 0.00490545 -0.679179
0.00658207 0.00490545 -0.679179
0.00649656 0.00490545 -0.679178
0.00666759 0.00499097 -0.679179
0.00658207 0.00499097 -0.679179
0.00649656 0.00499097 -0.679178
0.00666759 0.00507649 -0.679179
0.00658207 0.00507649 -0.679179
0.00649656 0.00507649 -0.679178
0.00666759 0.00516201 -0.679179
0.00658207 0.00516201 -0.679179
0.00649656 0.00516201 -0.679178
0.00666759 0.00524753 -0.679179
0.00658207 0.00524753 -0.679179
0.00649656 0.00524753 -0.679178
0.00666759 0.00533304 -0.679179
0.00658207 0.00533304 -0.679179
0.00649656 0.00533304 -0.679178
0.00666759 0.00541856 -0.679179
0.00658207 0.00541856 -0.679179
0.00649656 0.00541856 -0.679178
0.00666759 0.00550408 -0.679179
0.00658207 0.00550408 -0.679179
0.00649656 0.00550408 -0.679178
0.00666759 0.0055896 -0.679179
0.00658207 0.0055896 -0.679179
0.00649656 0.0055896 -0.679178
0.00666759 0.00567512 -0.679179
0.00658207 0.00567512 -0.679179
0.00649656 0.00567512 -0.679178
0.00666759 0.00576063 -0.679179
0.00658207 0.00576063 -0.679179
0.00649656 0.00576063 -0.679178
0.00666759 0.00584615 -0.679179
0.00658207 0.00584615 -0.679179
0.00649656 0.00584615 -0.679178
0.00666759 0.00593167 -0.679179
0.00658207 0.00593167 -0.679179
0.00649656 0.00593167 -0.679178
0.00666759 0.00601719 -0.679179
0.00658207 0.00601719 -0.679179
0.00649656 0.00601719 -0.679178
0.00666759 0.00610271 -0.679179
0.00658207 0.00610271 -0.679179
0.00649656 0.00610271 -0.679178
0.00666759 0.00618822 -0.679179
0.00658207 0.00618822 -0.679178
0.00649656 0.00618822 -0.679178
0.00666759 0.00627374 -0.679179
0.00658207 0.00627374 -0.679178
0.00649656 0.00627374 -0.679178
0.00666759 0.00635926 -0.679179
0.00658207 0.00635926 -0.679178
0.00649656 0.00635926 -0.679178
0.00666759 0.00644478 -0.679179
0.00658207 0.00644478 -0.679178
0.00649656 0.00644478 -0.679178
0.00666759 0.0065303 -0.679179
0.00658207 0.0065303 -0.679178
0.00649656 0.0065303 -0.679178
0.00666759 0.00661581 -0.679179
0.00658207 0.00661581 -0.679178
0.00649656 0.00661581 -0.679178
0.00666759 0.00670133 -0.679179
0.00658207 0.00670133 -0.679178
0.00649656 0.00670133 -0.679178
0.00666759 0.00678685 -0.679179
0.00658207 0.00678685 -0.679178
0.00649656 0.00678685 -0.679178
0.00666759 0.00687237 -0.679179
0.00658207 0.00687237 -0.679178
0.00649656 0.00687237 -0.679178
0.00666759 0.00695789 -0.679179
0.00658207 0.00695789 -0.679178
0.00649656 0.00695789 -0.679178
0.00666759 0.0070434 -0.679179
0.00658207 0.0070434 -0.679178
0.00649656 0.0070434 -0.679178
0.00666759 0.00712892 -0.679179
0.00658207 0.00712892 -0.679178
0.00649656 0.00712892 -0.679178
0.00666759 0.00721444 -0.679179
0.00658207 0.00721444 -0.679178
0.00649656 0.00721444 -0.679178
0.00666759 0.00729996 -0.679179
0.00658207 0.00729996 -0.679178
0.00649656 0.00729996 -0.679178
0.00666759 0.00738548 -0.679179
0.00658207 0.00738548 -0.679178
0.00649656 0.00738548 -0.679178
0.00666759 0.00747099 -0.679179
0.00658207 0.00747099 -0.679178
0.00649656 0.00747099 -0.679178
0.00666759 0.00755651 -0.679179
0.00658207 0.00755651 -0.679178
0.00649656 0.00755651 -0.679178
0.00666759 0.00764203 -0.679179
0.00658207 0.00764203 -0.679178
0.00649656 0.00764203 -0.679178
0.00666759 0.00772755 -0.679179
0.00658207 0.00772755 -0.679178
0.00649656 0.00772755 -0.679178
0.00666759 0.00781307 -0.679179
0.00658207 0.00781307 -0.679178
0.00649656 0.00781307 -0.679178
0.00666759 0.00789858 -0.679179
0.00658207 0.00789858 -0.679178
0.00649656 0.00789858 -0.679178
0.00666759 0.0079841 -0.679179
0.00658207 0.0079841 -0.679178
0.00649656 0.0079841 -0.679178
0.00666759 0.00806962 -0.679179
0.00658207 0.00806962 -0.679178
0.00649656 0.00806962 -0.679178
0.00666759 0.00815514 -0.679179
0.00658207 0.00815514 -0.679178
0.00649656 0.00815514 -0.679178
0.00666759 0.00824066 -0.679179
0.00658207 0.00824066 -0.679178
0.00649656 0.00824066 -0.679178
0.00666759 0.00832617 -0.679179
0.00658207 0.00832617 -0.679178
0.00649656 0.00832617 -0.679178
0.00666759 0.00841169 -0.679179
0.00658207 0.00841169 -0.679178
0.00649656 0.00841169 -0.679177
0.00666759 0.00849721 -0.679179
0.00658207 0.00849721 -0.679178
0.00649656 0.00849721 -0.679177
0.00666759 0.00858273 -0.679179
0.00658207 0.00858273 -0.679178
0.00649656 0.00858273 -0.679177
0.00666759 0.00866824 -0.679179
0.00658207 0.00866824 -0.679178
0.00649656 0.00866824 -0.679177
0.00666759 0.00875376 -0.679179
0.00658207 0.00875376 -0.679178
0.00649656 0.00875376 -0.679177
0.00666759 0.00883928 -0.679179
0.00658207 0.00883928 -0.679178
0.00649656 0.00883928 -0.679177
0.00666759 0.0089248 -0.679179
0.00658207 0.0089248 -0.679178
0.00649656 0.0089248 -0.679177
0.00666759 0.00901032 -0.679179
0.00658207 0.00901032 -0.679178
0.00649656 0.00901032 -0.679177
0.00666759 0.00909584 -0.679179
0.00658207 0.00909584 -0.679178
0.00649656 0.00909584 -0.679177
0.00666759 0.00918135 -0.679179
0.00658207 0.00918135 -0.679178
0.00649656 0.00918135 -0.679177
0.00666759 0.00926687 -0.679179
0.00658207 0.00926687 -0.679178
0.00649656 0.00926687 -0.679177
0.00666759 0.00935239 -0.679179
0.00658207 0.00935239 -0.679178
0.00649656 0.00935239 -0.679177
