-0.0043267 -0.00487674 -0.736406
-0.00458609 -0.00487674 -0.736402
-0.00484548 -0.00487674 -0.736397
-0.0043267 -0.00461735 -0.736406
-0.00458609 -0.00461735 -0.736402
-0.00484548 -0.00461735 -0.736397
-0.0043267 -0.00435796 -0.736407
-0.00458609 -0.00435796 -0.736402
-0.00484548 -0.00435796 -0.736398
-0.0043267 -0.00409857 -0.736407
-0.00458609 -0.00409857 -0.736402
-0.00484548 -0.00409857 -0.736398
-0.0043267 -0.00383918 -0.736407
-0.00458609 -0.00383918 -0.736403
-0.00484548 -0.00383918 -0.736398
-0.0043267 -0.00357979 -0.736407
-0.00458609 -0.00357979 -0.736403
-0.00484548 -0.00357979 -0.736398
-0.0043267 -0.0033204 -0.736408
-0.00458609 -0.0033204 -0.736403
-0.00484548 -0.0033204 -0.736399
-0.0043267 -0.00306101 -0.736408
-0.00458609 -0.00306101 -0.736403
-0.00484548 -0.00306101 -0.736399
-0.0043267 -0.00280162 -0.736408
-0.00458609 -0.00280162 -0.736404
-0.00484548 -0.00280162 -0.736399
-0.0043267 -0.00254223 -0.736408
-0.00458609 -0.00254223 -0.736404
-0.00484548 -0.00254223 -0.736399
-0.0043267 -0.00228285 -0.736408
-0.00458609 -0.00228285 -0.736404
-0.00484548 -0.00228285 -0.7364
-0.0043267 -0.00202346 -0.736409
-0.00458609 -0.00202346 -0.736404
-0.00484548 -0.00202346 -0.7364
-0.0043267 -0.00176407 -0.736409
-0.00458609 -0.00176407 -0.736404
-0.00484548 -0.00176407 -0.7364
-0.0043267 -0.00150468 -0.736409
-0.00458609 -0.00150468 -0.736405
-0.00484548 -0.00150468 -0.7364
-0.0043267 -0.00124529 -0.736409
-0.00458609 -0.00124529 -0.736405
-0.00484548 -0.00124529 -0.7364
-0.0043267 -0.000985899 -0.73641
-0.00458609 -0.000985899 -0.736405
-0.00484548 -0.000985899 -0.736401
-0.0043267 -0.00072651 -0.73641
-0.00458609 -0.00072651 -0.736405
-0.00484548 -0.00072651 -0.736401
-0.0043267 -0.00046712 -0.73641
-0.00458609 -0.00046712 -0.736406
-0.00484548 -0.00046712 -0.736401
-0.0043267 -0.000207731 -0.73641
-0.00458609 -0.000207731 -0.736406
-0.00484548 -0.000207731 -0.736401
-0.0043267 5.16585e-05 -0.736411
-0.00458609 5.16585e-05 -0.736406
-0.00484548 5.16585e-05 -0.736402
-0.0043267 0.000311048 -0.736411
-0.00458609 0.000311048 -0.736406
-0.00484548 0.000311048 -0.736402
-0.0043267 0.000570437 -0.736411
-0.00458609 0.000570437 -0.736407
-0.00484548 0.000570437 -0.736402
-0.0043267 0.000829827 -0.736411
-0.00458609 0.000829827 -0.736407
-0.00484548 0.000829827 -0.736402
-0.0043267 0.00108922 -0.736412
-0.00458609 0.00108922 -0.736407
-0.00484548 0.00108922 -0.736403
-0.0043267 0.00134861 -0.736412
-0.00458609 0.00134861 -0.736407
-0.00484548 0.00134861 -0.736403
-0.0043267 0.00160799 -0.736412
-0.00458609 0.00160799 -0.736408
-0.00484548 0.00160799 -0.736403
-0.0043267 0.00186738 -0.736412
-0.00458609 0.00186738 -0.736408
-0.00484548 0.00186738 -0.736403
-0.0043267 0.00212677 -0.736413
-0.00458609 0.00212677 -0.736408
-0.00484548 0.00212677 -0.736404
-0.0043267 0.00238616 -0.736413
-0.00458609 0.00238616 -0.736408
-0.00484548 0.00238616 -0.736404
-0.0043267 0.00264555 -0.736413
-0.00458609 0.00264555 -0.736409
-0.00484548 0.00264555 -0.736404
-0.0043267 0.00290494 -0.736413
-0.00458609 0.00290494 -0.736409
-0.00484548 0.00290494 -0.736404
-0.0043267 0.00316433 -0.736413
-0.00458609 0.00316433 -0.736409
-0.00484548 0.00316433 -0.736405
-0.0043267 0.00342372 -0.736414
-0.00458609 0.00342372 -0.736409
-0.00484548 0.00342372 -0.736405
-0.0043267 0.00368311 -0.736414
-0.00458609 0.00368311 -0.736409
-0.00484548 0.00368311 -0.736405
-0.0043267 0.0039425 -0.736414
-0.00458609 0.0039425 -0.73641
-0.00484548 0.0039425 -0.736405
-0.0043267 0.00420189 -0.736414
-0.00458609 0.00420189 -0.73641
-0.00484548 0.00420189 -0.736405
-0.0043267 0.00446128 -0.736415
-0.00458609 0.00446128 -0.73641
-0.00484548 0.00446128 -0.736406
-0.0043267 0.00472067 -0.736415
-0.00458609 0.00472067 -0.73641
-0.00484548 0.00472067 -0.736406
-0.0043267 0.00498006 -0.736415
-0.00458609 0.00498006 -0.736411
-0.00484548 0.00498006 -0.736406
-0.0043267 0.00523945 -0.736415
-0.00458609 0.00523945 -0.736411
-0.00484548 0.00523945 -0.736406
-0.0043267 0.00549883 -0.736416
-0.00458609 0.00549883 -0.736411
-0.00484548 0.00549883 -0.736407
-0.0043267 0.00575822 -0.736416
-0.00458609 0.00575822 -0.736411
-0.00484548 0.00575822 -0.736407
-0.0043267 0.00601761 -0.736416
-0.00458609 0.00601761 -0.736412
-0.00484548 0.00601761 -0.736407
-0.0043267 0.006277 -0.736416
-0.00458609 0.006277 -0.736412
-0.00484548 0.006277 -0.736407
-0.0043267 0.00653639 -0.736417
-0.00458609 0.00653639 -0.736412
-0.00484548 0.00653639 -0.736408
-0.0043267 0.00679578 -0.736417
-0.00458609 0.00679578 -0.736412
-0.00484548 0.00679578 -0.736408
-0.0043267 0.00705517 -0.736417
-0.00458609 0.00705517 -0.736413
-0.00484548 0.00705517 -0.736408
-0.0043267 0.00731456 -0.736417
-0.00458609 0.00731456 -0.736413
-0.00484548 0.00731456 -0.736408
-0.0043267 0.00757395 -0.736417
-0.00458609 0.00757395 -0.736413
-0.00484548 0.00757395 -0.736409
-0.0043267 0.00783334 -0.736418
-0.00458609 0.00783334 -0.736413
-0.00484548 0.00783334 -0.736409
-0.0043267 0.00809273 -0.736418
-0.00458609 0.00809273 -0.736413
-0.00484548 0.00809273 -0.736409
-0.0043267 0.00835212 -0.736418
-0.00458609 0.00835212 -0.736414
-0.00484548 0.00835212 -0.736409
-0.0043267 0.00861151 -0.736418
-0.00458609 0.00861151 -0.736414
-0.00484548 0.00861151 -0.736409
-0.0043267 0.0088709 -0.736419
-0.00458609 0.0088709 -0.736414
-0.00484548 0.0088709 -0.73641
-0.0043267 0.00913029 -0.736419
-0.00458609 0.00913029 -0.736414
-0.00484548 0.00913029 -0.73641
-0.0043267 0.00938968 -0.736419
-0.00458609 0.00938968 -0.736415
-0.00484548 0.00938968 -0.73641
-0.0043267 0.00964906 -0.736419
-0.00458609 0.00964906 -0.736415
-0.00484548 0.00964906 -0.73641
-0.0043267 0.00990845 -0.73642
-0.00458609 0.00990845 -0.736415
-0.00484548 0.00990845 -0.736411
-0.0043267 0.0101678 -0.73642
-0.00458609 0.0101678 -0.736415
-0.00484548 0.0101678 -0.736411
-0.0043267 0.0104272 -0.73642
-0.00458609 0.0104272 -0.736416
-0.00484548 0.0104272 -0.736411
-0.0043267 0.0106866 -0.73642
-0.00458609 0.0106866 -0.736416
-0.00484548 0.0106866 -0.736411
-0.0043267 0.010946 -0.736421
-0.00458609 0.010946 -0.736416
-0.00484548 0.010946 -0.736412
-0.0043267 0.0112054 -0.736421
-0.00458609 0.0112054 -0.736416
-0.00484548 0.0112054 -0.736412
-0.0043267 0.0114648 -0.736421
-0.00458609 0.0114648 -0.736417
-0.00484548 0.0114648 -0.736412
-0.0043267 0.0117242 -0.736421
-0.00458609 0.0117242 -0.736417
-0.00484548 0.0117242 -0.736412
-0.0043267 0.0119836 -0.736422
-0.00458609 0.0119836 -0.736417
-0.00484548 0.0119836 -0.736413
-0.0043267 0.012243 -0.736422
-0.00458609 0.012243 -0.736417
-0.00484548 0.012243 -0.736413
-0.0043267 0.0125023 -0.736422
-0.00458609 0.0125023 -0.736418
-0.00484548 0.0125023 -0.736413
-0.0043267 0.0127617 -0.736422
-0.00458609 0.0127617 -0.736418
-0.00484548 0.0127617 -0.736413
-0.0043267 0.0130211 -0.736422
-0.00458609 0.0130211 -0.736418
-0.00484548 0.0130211 -0.736414
-0.0043267 0.0132805 -0.736423
-0.00458609 0.0132805 -0.736418
-0.00484548 0.0132805 -0.736414
-0.0043267 0.0135399 -0.736423
-0.00458609 0.0135399 -0.736418
-0.00484548 0.0135399 -0.736414
-0.0043267 0.0137993 -0.736423
-0.00458609 0.0137993 -0.736419
-0.00484548 0.0137993 -0.736414
-0.0043267 0.0140587 -0.736423
-0.00458609 0.0140587 -0.736419
-0.00484548 0.0140587 -0.736414
-0.0043267 0.0143181 -0.736424
-0.00458609 0.0143181 -0.736419
-0.00484548 0.0143181 -0.736415
-0.0043267 0.0145775 -0.736424
-0.00458609 0.0145775 -0.736419
-0.00484548 0.0145775 -0.736415
-0.0043267 0.0148369 -0.736424
-0.00458609 0.0148369 -0.73642
-0.00484548 0.0148369 -0.736415
-0.0043267 0.0150962 -0.736424
-0.00458609 0.0150962 -0.73642
-0.00484548 0.0150962 -0.736415
-0.0043267 0.0153556 -0.736425
-0.00458609 0.0153556 -0.73642
-0.00484548 0.0153556 -0.736416
-0.0043267 0.015615 -0.736425
-0.00458609 0.015615 -0.73642
-0.00484548 0.015615 -0.736416
-0.0043267 0.0158744 -0.736425
-0.00458609 0.0158744 -0.736421
-0.00484548 0.0158744 -0.736416
-0.0043267 0.0161338 -0.736425
-0.00458609 0.0161338 -0.736421
-0.00484548 0.0161338 -0.736416
-0.0043267 0.0163932 -0.736426
-0.00458609 0.0163932 -0.736421
-0.00484548 0.0163932 -0.736417
-0.0043267 0.0166526 -0.736426
-0.00458609 0.0166526 -0.736421
-0.00484548 0.0166526 -0.736417
-0.0043267 0.016912 -0.736426
-0.00458609 0.016912 -0.736422
-0.00484548 0.016912 -0.736417
-0.0043267 0.0171714 -0.736426
-0.00458609 0.0171714 -0.736422
-0.00484548 0.0171714 -0.736417
-0.0043267 0.0174307 -0.736426
-0.00458609 0.0174307 -0.736422
-0.00484548 0.0174307 -0.736418
-0.0043267 0.0176901 -0.736427
-0.00458609 0.0176901 -0.736422
-0.00484548 0.0176901 -0.736418
-0.0043267 0.0179495 -0.736427
-0.00458609 0.0179495 -0.736422
-0.00484548 0.0179495 -0.736418
-0.0043267 0.0182089 -0.736427
-0.00458609 0.0182089 -0.736423
-0.00484548 0.0182089 -0.736418
-0.0043267 0.0184683 -0.736427
-0.00458609 0.0184683 -0.736423
-0.00484548 0.0184683 -0.736418
-0.0043267 0.0187277 -0.736428
-0.00458609 0.0187277 -0.736423
-0.00484548 0.0187277 -0.736419
-0.0043267 0.0189871 -0.736428
-0.00458609 0.0189871 -0.736423
-0.00484548 0.0189871 -0.736419
-0.0043267 0.0192465 -0.736428
-0.00458609 0.0192465 -0.736424
-0.00484548 0.0192465 -0.736419
-0.0043267 0.0195059 -0.736428
-0.00458609 0.0195059 -0.736424
-0.00484548 0.0195059 -0.736419
-0.0043267 0.0197652 -0.736429
-0.00458609 0.0197652 -0.736424
-0.00484548 0.0197652 -0.73642
-0.0043267 0.0200246 -0.736429
-0.00458609 0.0200246 -0.736424
-0.00484548 0.0200246 -0.73642
-0.0043267 0.020284 -0.736429
-0.00458609 0.020284 -0.736425
-0.00484548 0.020284 -0.73642
-0.0043267 0.0205434 -0.736429
-0.00458609 0.0205434 -0.736425
-0.00484548 0.0205434 -0.73642
-0.0043267 0.0208028 -0.73643
-0.00458609 0.0208028 -0.736425
-0.00484548 0.0208028 -0.736421
-0.0043267 0.0210622 -0.73643
-0.00458609 0.0210622 -0.736425
-0.00484548 0.0210622 -0.736421
-0.0043267 0.0213216 -0.73643
-0.00458609 0.0213216 -0.736426
-0.00484548 0.0213216 -0.736421
-0.0043267 0.021581 -0.73643
-0.00458609 0.021581 -0.736426
-0.00484548 0.021581 -0.736421
-0.0043267 0.0218404 -0.73643
-0.00458609 0.0218404 -0.736426
-0.00484548 0.0218404 -0.736422
-0.0043267 0.0220998 -0.736431
-0.00458609 0.0220998 -0.736426
-0.00484548 0.0220998 -0.736422
-0.0043267 0.0223591 -0.736431
-0.00458609 0.0223591 -0.736426
-0.00484548 0.0223591 -0.736422
-0.0043267 0.0226185 -0.736431
-0.00458609 0.0226185 -0.736427
-0.00484548 0.0226185 -0.736422
-0.0043267 0.0228779 -0.736431
-0.00458609 0.0228779 -0.736427
-0.00484548 0.0228779 -0.736422
-0.0043267 0.0231373 -0.736432
-0.00458609 0.0231373 -0.736427
-0.00484548 0.0231373 -0.736423
-0.0043267 0.0233967 -0.736432
-0.00458609 0.0233967 -0.736427
-0.00484548 0.0233967 -0.736423
-0.0043267 0.0236561 -0.736432
-0.00458609 0.0236561 -0.736428
-0.00484548 0.0236561 -0.736423
