-0.00421449 -0.0243473 -0.650825
-0.00476239 -0.0243473 -0.650829
-0.00531029 -0.0243473 -0.650834
-0.00421449 -0.0237994 -0.650824
-0.00476239 -0.0237994 -0.650828
-0.00531029 -0.0237994 -0.650832
-0.00421449 -0.0232515 -0.650823
-0.00476239 -0.0232515 -0.650827
-0.00531029 -0.0232515 -0.650831
-0.00421449 -0.0227036 -0.650821
-0.00476239 -0.0227036 -0.650826
-0.00531029 -0.0227036 -0.65083
-0.00421449 -0.0221557 -0.65082
-0.00476239 -0.0221557 -0.650825
-0.00531029 -0.0221557 -0.650829
-0.00421449 -0.0216078 -0.650819
-0.00476239 -0.0216078 -0.650823
-0.00531029 -0.0216078 -0.650828
-0.00421449 -0.0210599 -0.650818
-0.00476239 -0.0210599 -0.650822
-0.00531029 -0.0210599 -0.650826
-0.00421449 -0.020512 -0.650817
-0.00476239 -0.020512 -0.650821
-0.00531029 -0.020512 -0.650825
-0.00421449 -0.0199641 -0.650816
-0.00476239 -0.0199641 -0.65082
-0.00531029 -0.0199641 -0.650824
-0.00421449 -0.0194162 -0.650814
-0.00476239 -0.0194162 -0.650819
-0.00531029 -0.0194162 -0.650823
-0.00421449 -0.0188683 -0.650813
-0.00476239 -0.0188683 -0.650817
-0.00531029 -0.0188683 -0.650822
-0.00421449 -0.0183204 -0.650812
-0.00476239 -0.0183204 -0.650816
-0.00531029 -0.0183204 -0.650821
-0.00421449 -0.0177725 -0.650811
-0.00476239 -0.0177725 -0.650815
-0.00531029 -0.0177725 -0.650819
-0.00421449 -0.0172246 -0.65081
-0.00476239 -0.0172246 -0.650814
-0.00531029 -0.0172246 -0.650818
-0.00421449 -0.0166767 -0.650808
-0.00476239 -0.0166767 -0.650813
-0.00531029 -0.0166767 -0.650817
-0.00421449 -0.0161288 -0.650807
-0.00476239 -0.0161288 -0.650812
-0.00531029 -0.0161288 -0.650816
-0.00421449 -0.0155809 -0.650806
-0.00476239 -0.0155809 -0.65081
-0.00531029 -0.0155809 -0.650815
-0.00421449 -0.015033 -0.650805
-0.00476239 -0.015033 -0.650809
-0.00531029 -0.015033 -0.650813
-0.00421449 -0.0144851 -0.650804
-0.00476239 -0.0144851 -0.650808
-0.00531029 -0.0144851 -0.650812
-0.00421449 -0.0139372 -0.650803
-0.00476239 -0.0139372 -0.650807
-0.00531029 -0.0139372 -0.650811
-0.00421449 -0.0133893 -0.650801
-0.00476239 -0.0133893 -0.650806
-0.00531029 -0.0133893 -0.65081
-0.00421449 -0.0128414 -0.6508
-0.00476239 -0.0128414 -0.650804
-0.00531029 -0.0128414 -0.650809
-0.00421449 -0.0122935 -0.650799
-0.00476239 -0.0122935 -0.650803
-0.00531029 -0.0122935 -0.650808
-0.00421449 -0.0117456 -0.650798
-0.00476239 -0.0117456 -0.650802
-0.00531029 -0.0117456 -0.650806
-0.00421449 -0.0111977 -0.650797
-0.00476239 -0.0111977 -0.650801
-0.00531029 -0.0111977 -0.650805
-0.00421449 -0.0106498 -0.650795
-0.00476239 -0.0106498 -0.6508
-0.00531029 -0.0106498 -0.650804
-0.00421449 -0.0101019 -0.650794
-0.00476239 -0.0101019 -0.650799
-0.00531029 -0.0101019 -0.650803
-0.00421449 -0.00955402 -0.650793
-0.00476239 -0.00955402 -0.650797
-0.00531029 -0.00955402 -0.650802
-0.00421449 -0.00900612 -0.650792
-0.00476239 -0.00900612 -0.650796
-0.00531029 -0.00900612 -0.6508
-0.00421449 -0.00845823 -0.650791
-0.00476239 -0.00845823 -0.650795
-0.00531029 -0.00845823 -0.650799
-0.00421449 -0.00791033 -0.65079
-0.00476239 -0.00791033 -0.650794
-0.00531029 -0.00791033 -0.650798
-0.00421449 -0.00736243 -0.650788
-0.00476239 -0.00736243 -0.650793
-0.00531029 -0.00736243 -0.650797
-0.00421449 -0.00681453 -0.650787
-0.00476239 -0.00681453 -0.650791
-0.00531029 -0.00681453 -0.650796
-0.00421449 -0.00626663 -0.650786
-0.00476239 -0.00626663 -0.65079
-0.00531029 -0.00626663 -0.650795
-0.00421449 -0.00571873 -0.650785
-0.00476239 -0.00571873 -0.650789
-0.00531029 -0.00571873 -0.650793
-0.00421449 -0.00517083 -0.650784
-0.00476239 -0.00517083 -0.650788
-0.00531029 -0.00517083 -0.650792
-0.00421449 -0.00462293 -0.650782
-0.00476239 -0.00462293 -0.650787
-0.00531029 -0.00462293 -0.650791
-0.00421449 -0.00407503 -0.650781
-0.00476239 -0.00407503 -0.650786
-0.00531029 -0.00407503 -0.65079
-0.00421449 -0.00352713 -0.65078
-0.00476239 -0.00352713 -0.650784
-0.00531029 -0.00352713 -0.650789
-0.00421449 -0.00297924 -0.650779
-0.00476239 -0.00297924 -0.650783
-0.00531029 -0.00297924 -0.650787
-0.00421449 -0.00243134 -0.650778
-0.00476239 -0.00243134 -0.650782
-0.00531029 -0.00243134 -0.650786
-0.00421449 -0.00188344 -0.650777
-0.00476239 -0.00188344 -0.650781
-0.00531029 -0.00188344 -0.650785
-0.00421449 -0.00133554 -0.650775
-0.00476239 -0.00133554 -0.65078
-0.00531029 -0.00133554 -0.650784
-0.00421449 -0.00078764 -0.650774
-0.00476239 -0.00078764 -0.650778
-0.00531029 -0.00078764 -0.650783
-0.00421449 -0.000239741 -0.650773
-0.00476239 -0.000239741 -0.650777
-0.00531029 -0.000239741 -0.650782
-0.00421449 0.000308158 -0.650772
-0.00476239 0.000308158 -0.650776
-0.00531029 0.000308158 -0.65078
-0.00421449 0.000856057 -0.650771
-0.00476239 0.000856057 -0.650775
-0.00531029 0.000856057 -0.650779
-0.00421449 0.00140396 -0.650769
-0.00476239 0.00140396 -0.650774
-0.00531029 0.00140396 -0.650778
-0.00421449 0.00195186 -0.650768
-0.00476239 0.00195186 -0.650773
-0.00531029 0.00195186 -0.650777
-0.00421449 0.00249975 -0.650767
-0.00476239 0.00249975 -0.650771
-0.00531029 0.00249975 -0.650776
-0.00421449 0.00304765 -0.650766
-0.00476239 0.00304765 -0.65077
-0.00531029 0.00304765 -0.650774
-0.00421449 0.00359555 -0.650765
-0.00476239 0.00359555 -0.650769
-0.00531029 0.00359555 -0.650773
-0.00421449 0.00414345 -0.650764
-0.00476239 0.00414345 -0.650768
-0.00531029 0.00414345 -0.650772
-0.00421449 0.00469135 -0.650762
-0.00476239 0.00469135 -0.650767
-0.00531029 0.00469135 -0.650771
-0.00421449 0.00523925 -0.650761
-0.00476239 0.00523925 -0.650765
-0.00531029 0.00523925 -0.65077
-0.00421449 0.00578715 -0.65076
-0.00476239 0.00578715 -0.650764
-0.00531029 0.00578715 -0.650769
-0.00421449 0.00633505 -0.650759
-0.00476239 0.00633505 -0.650763
-0.00531029 0.00633505 -0.650767
-0.00421449 0.00688295 -0.650758
-0.00476239 0.00688295 -0.650762
-0.00531029 0.00688295 -0.650766
-0.00421449 0.00743085 -0.650756
-0.00476239 0.00743085 -0.650761
-0.00531029 0.00743085 -0.650765
-0.00421449 0.00797874 -0.650755
-0.00476239 0.00797874 -0.65076
-0.00531029 0.00797874 -0.650764
-0.00421449 0.00852664 -0.650754
-0.00476239 0.00852664 -0.650758
-0.00531029 0.00852664 -0.650763
-0.00421449 0.00907454 -0.650753
-0.00476239 0.00907454 -0.650757
-0.00531029 0.00907454 -0.650761
-0.00421449 0.00962244 -0.650752
-0.00476239 0.00962244 -0.650756
-0.00531029 0.00962244 -0.65076
-0.00421449 0.0101703 -0.650751
-0.00476239 0.0101703 -0.650755
-0.00531029 0.0101703 -0.650759
-0.00421449 0.0107182 -0.650749
-0.00476239 0.0107182 -0.650754
-0.00531029 0.0107182 -0.650758
-0.00421449 0.0112661 -0.650748
-0.00476239 0.0112661 -0.650752
-0.00531029 0.0112661 -0.650757
-0.00421449 0.011814 -0.650747
-0.00476239 0.011814 -0.650751
-0.00531029 0.011814 -0.650756
-0.00421449 0.0123619 -0.650746
-0.00476239 0.0123619 -0.65075
-0.00531029 0.0123619 -0.650754
-0.00421449 0.0129098 -0.650745
-0.00476239 0.0129098 -0.650749
-0.00531029 0.0129098 -0.650753
-0.00421449 0.0134577 -0.650743
-0.00476239 0.0134577 -0.650748
-0.00531029 0.0134577 -0.650752
-0.00421449 0.0140056 -0.650742
-0.00476239 0.0140056 -0.650747
-0.00531029 0.0140056 -0.650751
-0.00421449 0.0145535 -0.650741
-0.00476239 0.0145535 -0.650745
-0.00531029 0.0145535 -0.65075
-0.00421449 0.0151014 -0.65074
-0.00476239 0.0151014 -0.650744
-0.00531029 0.0151014 -0.650748
-0.00421449 0.0156493 -0.650739
-0.00476239 0.0156493 -0.650743
-0.00531029 0.0156493 -0.650747
-0.00421449 0.0161972 -0.650738
-0.00476239 0.0161972 -0.650742
-0.00531029 0.0161972 -0.650746
-0.00421449 0.0167451 -0.650736
-0.00476239 0.0167451 -0.650741
-0.00531029 0.0167451 -0.650745
-0.00421449 0.017293 -0.650735
-0.00476239 0.017293 -0.650739
-0.00531029 0.017293 -0.650744
-0.00421449 0.0178409 -0.650734
-0.00476239 0.0178409 -0.650738
-0.00531029 0.0178409 -0.650743
-0.00421449 0.0183888 -0.650733
-0.00476239 0.0183888 -0.650737
-0.00531029 0.0183888 -0.650741
-0.00421449 0.0189367 -0.650732
-0.00476239 0.0189367 -0.650736
-0.00531029 0.0189367 -0.65074
-0.00421449 0.0194846 -0.65073
-0.00476239 0.0194846 -0.650735
-0.00531029 0.0194846 -0.650739
-0.00421449 0.0200325 -0.650729
-0.00476239 0.0200325 -0.650734
-0.00531029 0.0200325 -0.650738
-0.00421449 0.0205804 -0.650728
-0.00476239 0.0205804 -0.650732
-0.00531029 0.0205804 -0.650737
-0.00421449 0.0211283 -0.650727
-0.00476239 0.0211283 -0.650731
-0.00531029 0.0211283 -0.650735
-0.00421449 0.0216762 -0.650726
-0.00476239 0.0216762 -0.65073
-0.00531029 0.0216762 -0.650734
-0.00421449 0.0222241 -0.650725
-0.00476239 0.0222241 -0.650729
-0.00531029 0.0222241 -0.650733
-0.00421449 0.022772 -0.650723
-0.00476239 0.022772 -0.650728
-0.00531029 0.022772 -0.650732
-0.00421449 0.0233199 -0.650722
-0.00476239 0.0233199 -0.650726
-0.00531029 0.0233199 -0.650731
-0.00421449 0.0238678 -0.650721
-0.00476239 0.0238678 -0.650725
-0.00531029 0.0238678 -0.65073
-0.00421449 0.0244157 -0.65072
-0.00476239 0.0244157 -0.650724
-0.00531029 0.0244157 -0.650728
-0.00421449 0.0249636 -0.650719
-0.00476239 0.0249636 -0.650723
-0.00531029 0.0249636 -0.650727
-0.00421449 0.0255115 -0.650717
-0.00476239 0.0255115 -0.650722
-0.00531029 0.0255115 -0.650726
-0.00421449 0.0260594 -0.650716
-0.00476239 0.0260594 -0.650721
-0.00531029 0.0260594 -0.650725
-0.00421449 0.0266073 -0.650715
-0.00476239 0.0266073 -0.650719
-0.00531029 0.0266073 -0.650724
-0.00421449 0.0271552 -0.650714
-0.00476239 0.0271552 -0.650718
-0.00531029 0.0271552 -0.650723
-0.00421449 0.0277031 -0.650713
-0.00476239 0.0277031 -0.650717
-0.00531029 0.0277031 -0.650721
-0.00421449 0.028251 -0.650712
-0.00476239 0.028251 -0.650716
-0.00531029 0.028251 -0.65072
-0.00421449 0.0287989 -0.65071
-0.00476239 0.0287989 -0.650715
-0.00531029 0.0287989 -0.650719
-0.00421449 0.0293468 -0.650709
-0.00476239 0.0293468 -0.650714
-0.00531029 0.0293468 -0.650718
-0.00421449 0.0298947 -0.650708
-0.00476239 0.0298947 -0.650712
-0.00531029 0.0298947 -0.650717
-0.00421449 0.0304426 -0.650707
-0.00476239 0.0304426 -0.650711
-0.00531029 0.0304426 -0.650715
-0.00421449 0.0309905 -0.650706
-0.00476239 0.0309905 -0.65071
-0.00531029 0.0309905 -0.650714
-0.00421449 0.0315384 -0.650705
-0.00476239 0.0315384 -0.650709
-0.00531029 0.0315384 -0.650713
-0.00421449 0.0320863 -0.650703
-0.00476239 0.0320863 -0.650708
-0.00531029 0.0320863 -0.650712
-0.00421449 0.0326342 -0.650702
-0.00476239 0.0326342 -0.650706
-0.00531029 0.0326342 -0.650711
-0.00421449 0.0331821 -0.650701
-0.00476239 0.0331821 -0.650705
-0.00531029 0.0331821 -0.65071
-0.00421449 0.03373 -0.6507
-0.00476239 0.03373 -0.650704
-0.00531029 0.03373 -0.650708
-0.00421449 0.0342779 -0.650699
-0.00476239 0.0342779 -0.650703
-0.00531029 0.0342779 -0.650707
-0.00421449 0.0348258 -0.650697
-0.00476239 0.0348258 -0.650702
-0.00531029 0.0348258 -0.650706
-0.00421449 0.0353737 -0.650696
-0.00476239 0.0353737 -0.650701
-0.00531029 0.0353737 -0.650705
-0.00421449 0.0359216 -0.650695
-0.00476239 0.0359216 -0.650699
-0.00531029 0.0359216 -0.650704
