-0.0054698 0.0269486 -0.759151
-0.00514556 0.0269486 -0.759148
-0.00482133 0.0269486 -0.759145
-0.0054698 0.0266244 -0.759152
-0.00514556 0.0266244 -0.759149
-0.00482133 0.0266244 -0.759145
-0.0054698 0.0263002 -0.759152
-0.00514556 0.0263002 -0.759149
-0.00482133 0.0263002 -0.759146
-0.0054698 0.0259759 -0.759153
-0.00514556 0.0259759 -0.759149
-0.00482133 0.0259759 -0.759146
-0.0054698 0.0256517 -0.759153
-0.00514556 0.0256517 -0.75915
-0.00482133 0.0256517 -0.759147
-0.0054698 0.0253275 -0.759154
-0.00514556 0.0253275 -0.75915
-0.00482133 0.0253275 -0.759147
-0.0054698 0.0250032 -0.759154
-0.00514556 0.0250032 -0.759151
-0.00482133 0.0250032 -0.759147
-0.0054698 0.024679 -0.759155
-0.00514556 0.024679 -0.759151
-0.00482133 0.024679 -0.759148
-0.0054698 0.0243548 -0.759155
-0.00514556 0.0243548 -0.759152
-0.00482133 0.0243548 -0.759148
-0.0054698 0.0240305 -0.759155
-0.00514556 0.0240305 -0.759152
-0.00482133 0.0240305 -0.759149
-0.0054698 0.0237063 -0.759156
-0.00514556 0.0237063 -0.759153
-0.00482133 0.0237063 -0.759149
-0.0054698 0.0233821 -0.759156
-0.00514556 0.0233821 -0.759153
-0.00482133 0.0233821 -0.75915
-0.0054698 0.0230579 -0.759157
-0.00514556 0.0230579 -0.759153
-0.00482133 0.0230579 -0.75915
-0.0054698 0.0227336 -0.759157
-0.00514556 0.0227336 -0.759154
-0.00482133 0.0227336 -0.75915
-0.0054698 0.0224094 -0.759158
-0.00514556 0.0224094 -0.759154
-0.00482133 0.0224094 -0.759151
-0.0054698 0.0220852 -0.759158
-0.00514556 0.0220852 -0.759155
-0.00482133 0.0220852 -0.759151
-0.0054698 0.0217609 -0.759158
-0.00514556 0.0217609 -0.759155
-0.00482133 0.0217609 -0.759152
-0.0054698 0.0214367 -0.759159
-0.00514556 0.0214367 -0.759156
-0.00482133 0.0214367 -0.759152
-0.0054698 0.0211125 -0.759159
-0.00514556 0.0211125 -0.759156
-0.00482133 0.0211125 -0.759153
-0.0054698 0.0207882 -0.75916
-0.00514556 0.0207882 -0.759156
-0.00482133 0.0207882 -0.759153
-0.0054698 0.020464 -0.75916
-0.00514556 0.020464 -0.759157
-0.00482133 0.020464 -0.759154
-0.0054698 0.0201398 -0.759161
-0.00514556 0.0201398 -0.759157
-0.00482133 0.0201398 -0.759154
-0.0054698 0.0198155 -0.759161
-0.00514556 0.0198155 -0.759158
-0.00482133 0.0198155 -0.759154
-0.0054698 0.0194913 -0.759162
-0.00514556 0.0194913 -0.759158
-0.00482133 0.0194913 -0.759155
-0.0054698 0.0191671 -0.759162
-0.00514556 0.0191671 -0.759159
-0.00482133 0.0191671 -0.759155
-0.0054698 0.0188429 -0.759162
-0.00514556 0.0188429 -0.759159
-0.00482133 0.0188429 -0.759156
-0.0054698 0.0185186 -0.759163
-0.00514556 0.0185186 -0.75916
-0.00482133 0.0185186 -0.759156
-0.0054698 0.0181944 -0.759163
-0.00514556 0.0181944 -0.75916
-0.00482133 0.0181944 -0.759157
-0.0054698 0.0178702 -0.759164
-0.00514556 0.0178702 -0.75916
-0.00482133 0.0178702 -0.759157
-0.0054698 0.0175459 -0.759164
-0.00514556 0.0175459 -0.759161
-0.00482133 0.0175459 -0.759157
-0.0054698 0.0172217 -0.759165
-0.00514556 0.0172217 -0.759161
-0.00482133 0.0172217 -0.759158
-0.0054698 0.0168975 -0.759165
-0.00514556 0.0168975 -0.759162
-0.00482133 0.0168975 -0.759158
-0.0054698 0.0165732 -0.759166
-0.00514556 0.0165732 -0.759162
-0.00482133 0.0165732 -0.759159
-0.0054698 0.016249 -0.759166
-0.00514556 0.016249 -0.759163
-0.00482133 0.016249 -0.759159
-0.0054698 0.0159248 -0.759166
-0.00514556 0.0159248 -0.759163
-0.00482133 0.0159248 -0.75916
-0.0054698 0.0156005 -0.759167
-0.00514556 0.0156005 -0.759163
-0.00482133 0.0156005 -0.75916
-0.0054698 0.0152763 -0.759167
-0.00514556 0.0152763 -0.759164
-0.00482133 0.0152763 -0.759161
-0.0054698 0.0149521 -0.759168
-0.00514556 0.0149521 -0.759164
-0.00482133 0.0149521 -0.759161
-0.0054698 0.0146279 -0.759168
-0.00514556 0.0146279 -0.759165
-0.00482133 0.0146279 -0.759161
-0.0054698 0.0143036 -0.759169
-0.00514556 0.0143036 -0.759165
-0.00482133 0.0143036 -0.759162
-0.0054698 0.0139794 -0.759169
-0.00514556 0.0139794 -0.759166
-0.00482133 0.0139794 -0.759162
-0.0054698 0.0136552 -0.759169
-0.00514556 0.0136552 -0.759166
-0.00482133 0.0136552 -0.759163
-0.0054698 0.0133309 -0.75917
-0.00514556 0.0133309 -0.759167
-0.00482133 0.0133309 -0.759163
-0.0054698 0.0130067 -0.75917
-0.00514556 0.0130067 -0.759167
-0.00482133 0.0130067 -0.759164
-0.0054698 0.0126825 -0.759171
-0.00514556 0.0126825 -0.759167
-0.00482133 0.0126825 -0.759164
-0.0054698 0.0123582 -0.759171
-0.00514556 0.0123582 -0.759168
-0.00482133 0.0123582 -0.759165
-0.0054698 0.012034 -0.759172
-0.00514556 0.012034 -0.759168
-0.00482133 0.012034 -0.759165
-0.0054698 0.0117098 -0.759172
-0.00514556 0.0117098 -0.759169
-0.00482133 0.0117098 -0.759165
-0.0054698 0.0113856 -0.759173
-0.00514556 0.0113856 -0.759169
-0.00482133 0.0113856 -0.759166
-0.0054698 0.0110613 -0.759173
-0.00514556 0.0110613 -0.75917
-0.00482133 0.0110613 -0.759166
-0.0054698 0.0107371 -0.759173
-0.00514556 0.0107371 -0.75917
-0.00482133 0.0107371 -0.759167
-0.0054698 0.0104129 -0.759174
-0.00514556 0.0104129 -0.759171
-0.00482133 0.0104129 -0.759167
-0.0054698 0.0100886 -0.759174
-0.00514556 0.0100886 -0.759171
-0.00482133 0.0100886 -0.759168
-0.0054698 0.0097644 -0.759175
-0.00514556 0.0097644 -0.759171
-0.00482133 0.0097644 -0.759168
-0.0054698 0.00944017 -0.759175
-0.00514556 0.00944017 -0.759172
-0.00482133 0.00944017 -0.759169
-0.0054698 0.00911594 -0.759176
-0.00514556 0.00911594 -0.759172
-0.00482133 0.00911594 -0.759169
-0.0054698 0.00879171 -0.759176
-0.00514556 0.00879171 -0.759173
-0.00482133 0.00879171 -0.759169
-0.0054698 0.00846748 -0.759176
-0.00514556 0.00846748 -0.759173
-0.00482133 0.00846748 -0.75917
-0.0054698 0.00814325 -0.759177
-0.00514556 0.00814325 -0.759174
-0.00482133 0.00814325 -0.75917
-0.0054698 0.00781901 -0.759177
-0.00514556 0.00781901 -0.759174
-0.00482133 0.00781901 -0.759171
-0.0054698 0.00749478 -0.759178
-0.00514556 0.00749478 -0.759174
-0.00482133 0.00749478 -0.759171
-0.0054698 0.00717055 -0.759178
-0.00514556 0.00717055 -0.759175
-0.00482133 0.00717055 -0.759172
-0.0054698 0.00684632 -0.759179
-0.00514556 0.00684632 -0.759175
-0.00482133 0.00684632 -0.759172
-0.0054698 0.00652209 -0.759179
-0.00514556 0.00652209 -0.759176
-0.00482133 0.00652209 -0.759172
-0.0054698 0.00619786 -0.75918
-0.00514556 0.00619786 -0.759176
-0.00482133 0.00619786 -0.759173
-0.0054698 0.00587363 -0.75918
-0.00514556 0.00587363 -0.759177
-0.00482133 0.00587363 -0.759173
-0.0054698 0.0055494 -0.75918
-0.00514556 0.0055494 -0.759177
-0.00482133 0.0055494 -0.759174
-0.0054698 0.00522517 -0.759181
-0.00514556 0.00522517 -0.759178
-0.00482133 0.00522517 -0.759174
-0.0054698 0.00490094 -0.759181
-0.00514556 0.00490094 -0.759178
-0.00482133 0.00490094 -0.759175
-0.0054698 0.00457671 -0.759182
-0.00514556 0.00457671 -0.759178
-0.00482133 0.00457671 -0.759175
-0.0054698 0.00425248 -0.759182
-0.00514556 0.00425248 -0.759179
-0.00482133 0.00425248 -0.759176
-0.0054698 0.00392825 -0.759183
-0.00514556 0.00392825 -0.759179
-0.00482133 0.00392825 -0.759176
-0.0054698 0.00360402 -0.759183
-0.00514556 0.00360402 -0.75918
-0.00482133 0.00360402 -0.759176
-0.0054698 0.00327979 -0.759184
-0.00514556 0.00327979 -0.75918
-0.00482133 0.00327979 -0.759177
-0.0054698 0.00295556 -0.759184
-0.00514556 0.00295556 -0.759181
-0.00482133 0.00295556 -0.759177
-0.0054698 0.00263133 -0.759184
-0.00514556 0.00263133 -0.759181
-0.00482133 0.00263133 -0.759178
-0.0054698 0.00230709 -0.759185
-0.00514556 0.00230709 -0.759181
-0.00482133 0.00230709 -0.759178
-0.0054698 0.00198286 -0.759185
-0.00514556 0.00198286 -0.759182
-0.00482133 0.00198286 -0.759179
-0.0054698 0.00165863 -0.759186
-0.00514556 0.00165863 -0.759182
-0.00482133 0.00165863 -0.759179
-0.0054698 0.0013344 -0.759186
-0.00514556 0.0013344 -0.759183
-0.00482133 0.0013344 -0.759179
-0.0054698 0.00101017 -0.759187
-0.00514556 0.00101017 -0.759183
-0.00482133 0.00101017 -0.75918
-0.0054698 0.000685941 -0.759187
-0.00514556 0.000685941 -0.759184
-0.00482133 0.000685941 -0.75918
-0.0054698 0.000361711 -0.759188
-0.00514556 0.000361711 -0.759184
-0.00482133 0.000361711 -0.759181
-0.0054698 3.74803e-05 -0.759188
-0.00514556 3.74803e-05 -0.759185
-0.00482133 3.74803e-05 -0.759181
-0.0054698 -0.00028675 -0.759188
-0.00514556 -0.00028675 -0.759185
-0.00482133 -0.00028675 -0.759182
-0.0054698 -0.000610981 -0.759189
-0.00514556 -0.000610981 -0.759185
-0.00482133 -0.000610981 -0.759182
-0.0054698 -0.000935211 -0.759189
-0.00514556 -0.000935211 -0.759186
-0.00482133 -0.000935211 -0.759183
-0.0054698 -0.00125944 -0.75919
-0.00514556 -0.00125944 -0.759186
-0.00482133 -0.00125944 -0.759183
-0.0054698 -0.00158367 -0.75919
-0.00514556 -0.00158367 -0.759187
-0.00482133 -0.00158367 -0.759183
-0.0054698 -0.0019079 -0.759191
-0.00514556 -0.0019079 -0.759187
-0.00482133 -0.0019079 -0.759184
-0.0054698 -0.00223213 -0.759191
-0.00514556 -0.00223213 -0.759188
-0.00482133 -0.00223213 -0.759184
-0.0054698 -0.00255636 -0.759191
-0.00514556 -0.00255636 -0.759188
-0.00482133 -0.00255636 -0.759185
-0.0054698 -0.00288059 -0.759192
-0.00514556 -0.00288059 -0.759189
-0.00482133 -0.00288059 -0.759185
-0.0054698 -0.00320483 -0.759192
-0.00514556 -0.00320483 -0.759189
-0.00482133 -0.00320483 -0.759186
-0.0054698 -0.00352906 -0.759193
-0.00514556 -0.00352906 -0.759189
-0.00482133 -0.00352906 -0.759186
-0.0054698 -0.00385329 -0.759193
-0.00514556 -0.00385329 -0.75919
-0.00482133 -0.00385329 -0.759187
-0.0054698 -0.00417752 -0.759194
-0.00514556 -0.00417752 -0.75919
-0.00482133 -0.00417752 -0.759187
-0.0054698 -0.00450175 -0.759194
-0.00514556 -0.00450175 -0.759191
-0.00482133 -0.00450175 -0.759187
-0.0054698 -0.00482598 -0.759195
-0.00514556 -0.00482598 -0.759191
-0.00482133 -0.00482598 -0.759188
-0.0054698 -0.00515021 -0.759195
-0.00514556 -0.00515021 -0.759192
-0.00482133 -0.00515021 -0.759188
-0.0054698 -0.00547444 -0.759195
-0.00514556 -0.00547444 -0.759192
-0.00482133 -0.00547444 -0.759189
-0.0054698 -0.00579867 -0.759196
-0.00514556 -0.00579867 -0.759192
-0.00482133 -0.00579867 -0.759189
-0.0054698 -0.0061229 -0.759196
-0.00514556 -0.0061229 -0.759193
-0.00482133 -0.0061229 -0.75919
-0.0054698 -0.00644713 -0.759197
-0.00514556 -0.00644713 -0.759193
-0.00482133 -0.00644713 -0.75919
-0.0054698 -0.00677136 -0.759197
-0.00514556 -0.00677136 -0.759194
-0.00482133 -0.00677136 -0.75919
-0.0054698 -0.00709559 -0.759198
-0.00514556 -0.00709559 -0.759194
-0.00482133 -0.00709559 -0.759191
-0.0054698 -0.00741982 -0.759198
-0.00514556 -0.00741982 -0.759195
-0.00482133 -0.00741982 -0.759191
-0.0054698 -0.00774405 -0.759198
-0.00514556 -0.00774405 -0.759195
-0.00482133 -0.00774405 -0.759192
-0.0054698 -0.00806828 -0.759199
-0.00514556 -0.00806828 -0.759196
-0.00482133 -0.00806828 -0.759192
-0.0054698 -0.00839251 -0.759199
-0.00514556 -0.00839251 -0.759196
-0.00482133 -0.00839251 -0.759193
-0.0054698 -0.00871675 -0.7592
-0.00514556 -0.00871675 -0.759196
-0.00482133 -0.00871675 -0.759193
