0.00296247 -0.0848891 -0.967155
0.00191807 -0.0848891 -0.967157
0.000873661 -0.0848891 -0.96716
0.00296247 -0.0838447 -0.967154
0.00191807 -0.0838447 -0.967157
0.000873661 -0.0838447 -0.967159
0.00296247 -0.0828003 -0.967154
0.00191807 -0.0828003 -0.967156
0.000873661 -0.0828003 -0.967159
0.00296247 -0.0817559 -0.967153
0.00191807 -0.0817559 -0.967156
0.000873661 -0.0817559 -0.967158
0.00296247 -0.0807115 -0.967153
0.00191807 -0.0807115 -0.967155
0.000873661 -0.0807115 -0.967158
0.00296247 -0.0796671 -0.967152
0.00191807 -0.0796671 -0.967155
0.000873661 -0.0796671 -0.967157
0.00296247 -0.0786227 -0.967152
0.00191807 -0.0786227 -0.967154
0.000873661 -0.0786227 -0.967157
0.00296247 -0.0775783 -0.967151
0.00191807 -0.0775783 -0.967154
0.000873661 -0.0775783 -0.967156
0.00296247 -0.0765339 -0.967151
0.00191807 -0.0765339 -0.967153
0.000873661 -0.0765339 -0.967155
0.00296247 -0.0754895 -0.96715
0.00191807 -0.0754895 -0.967152
0.000873661 -0.0754895 -0.967155
0.00296247 -0.0744451 -0.967149
0.00191807 -0.0744451 -0.967152
0.000873661 -0.0744451 -0.967154
0.00296247 -0.0734007 -0.967149
0.00191807 -0.0734007 -0.967151
0.000873661 -0.0734007 -0.967154
0.00296247 -0.0723563 -0.967148
0.00191807 -0.0723563 -0.967151
0.000873661 -0.0723563 -0.967153
0.00296247 -0.0713119 -0.967148
0.00191807 -0.0713119 -0.96715
0.000873661 -0.0713119 -0.967153
0.00296247 -0.0702675 -0.967147
0.00191807 -0.0702675 -0.96715
0.000873661 -0.0702675 -0.967152
0.00296247 -0.0692231 -0.967147
0.00191807 -0.0692231 -0.967149
0.000873661 -0.0692231 -0.967152
0.00296247 -0.0681787 -0.967146
0.00191807 -0.0681787 -0.967149
0.000873661 -0.0681787 -0.967151
0.00296247 -0.0671343 -0.967146
0.00191807 -0.0671343 -0.967148
0.000873661 -0.0671343 -0.967151
0.00296247 -0.0660899 -0.967145
0.00191807 -0.0660899 -0.967148
0.000873661 -0.0660899 -0.96715
0.00296247 -0.0650454 -0.967145
0.00191807 -0.0650454 -0.967147
0.000873661 -0.0650454 -0.96715
0.00296247 -0.064001 -0.967144
0.00191807 -0.064001 -0.967147
0.000873661 -0.064001 -0.967149
0.00296247 -0.0629566 -0.967144
0.00191807 -0.0629566 -0.967146
0.000873661 -0.0629566 -0.967148
0.00296247 -0.0619122 -0.967143
0.00191807 -0.0619122 -0.967146
0.000873661 -0.0619122 -0.967148
0.00296247 -0.0608678 -0.967143
0.00191807 -0.0608678 -0.967145
0.000873661 -0.0608678 -0.967147
0.00296247 -0.0598234 -0.967142
0.00191807 -0.0598234 -0.967144
0.000873661 -0.0598234 -0.967147
0.00296247 -0.058779 -0.967141
0.00191807 -0.058779 -0.967144
0.000873661 -0.058779 -0.967146
0.00296247 -0.0577346 -0.967141
0.00191807 -0.0577346 -0.967143
0.000873661 -0.0577346 -0.967146
0.00296247 -0.0566902 -0.96714
0.00191807 -0.0566902 -0.967143
0.000873661 -0.0566902 -0.967145
0.00296247 -0.0556458 -0.96714
0.00191807 -0.0556458 -0.967142
0.000873661 -0.0556458 -0.967145
0.00296247 -0.0546014 -0.967139
0.00191807 -0.0546014 -0.967142
0.000873661 -0.0546014 -0.967144
0.00296247 -0.053557 -0.967139
0.00191807 -0.053557 -0.967141
0.000873661 -0.053557 -0.967144
0.00296247 -0.0525126 -0.967138
0.00191807 -0.0525126 -0.967141
0.000873661 -0.0525126 -0.967143
0.00296247 -0.0514682 -0.967138
0.00191807 -0.0514682 -0.96714
0.000873661 -0.0514682 -0.967143
0.00296247 -0.0504238 -0.967137
0.00191807 -0.0504238 -0.96714
0.000873661 -0.0504238 -0.967142
0.00296247 -0.0493794 -0.967137
0.00191807 -0.0493794 -0.967139
0.000873661 -0.0493794 -0.967142
0.00296247 -0.048335 -0.967136
0.00191807 -0.048335 -0.967139
0.000873661 -0.048335 -0.967141
0.00296247 -0.0472906 -0.967136
0.00191807 -0.0472906 -0.967138
0.000873661 -0.0472906 -0.96714
0.00296247 -0.0462461 -0.967135
0.00191807 -0.0462461 -0.967137
0.000873661 -0.0462461 -0.96714
0.00296247 -0.0452017 -0.967134
0.00191807 -0.0452017 -0.967137
0.000873661 -0.0452017 -0.967139
0.00296247 -0.0441573 -0.967134
0.00191807 -0.0441573 -0.967136
0.000873661 -0.0441573 -0.967139
0.00296247 -0.0431129 -0.967133
0.00191807 -0.0431129 -0.967136
0.000873661 -0.0431129 -0.967138
0.00296247 -0.0420685 -0.967133
0.00191807 -0.0420685 -0.967135
0.000873661 -0.0420685 -0.967138
0.00296247 -0.0410241 -0.967132
0.00191807 -0.0410241 -0.967135
0.000873661 -0.0410241 -0.967137
0.00296247 -0.0399797 -0.967132
0.00191807 -0.0399797 -0.967134
0.000873661 -0.0399797 -0.967137
0.00296247 -0.0389353 -0.967131
0.00191807 -0.0389353 -0.967134
0.000873661 -0.0389353 -0.967136
0.00296247 -0.0378909 -0.967131
0.00191807 -0.0378909 -0.967133
0.000873661 -0.0378909 -0.967136
0.00296247 -0.0368465 -0.96713
0.00191807 -0.0368465 -0.967133
0.000873661 -0.0368465 -0.967135
0.00296247 -0.0358021 -0.96713
0.00191807 -0.0358021 -0.967132
0.000873661 -0.0358021 -0.967135
0.00296247 -0.0347577 -0.967129
0.00191807 -0.0347577 -0.967132
0.000873661 -0.0347577 -0.967134
0.00296247 -0.0337133 -0.967129
0.00191807 -0.0337133 -0.967131
0.000873661 -0.0337133 -0.967133
0.00296247 -0.0326689 -0.967128
0.00191807 -0.0326689 -0.96713
0.000873661 -0.0326689 -0.967133
0.00296247 -0.0316245 -0.967128
0.00191807 -0.0316245 -0.96713
0.000873661 -0.0316245 -0.967132
0.00296247 -0.0305801 -0.967127
0.00191807 -0.0305801 -0.967129
0.000873661 -0.0305801 -0.967132
0.00296247 -0.0295357 -0.967126
0.00191807 -0.0295357 -0.967129
0.000873661 -0.0295357 -0.967131
0.00296247 -0.0284913 -0.967126
0.00191807 -0.0284913 -0.967128
0.000873661 -0.0284913 -0.967131
0.00296247 -0.0274469 -0.967125
0.00191807 -0.0274469 -0.967128
0.000873661 -0.0274469 -0.96713
0.00296247 -0.0264024 -0.967125
0.00191807 -0.0264024 -0.967127
0.000873661 -0.0264024 -0.96713
0.00296247 -0.025358 -0.967124
0.00191807 -0.025358 -0.967127
0.000873661 -0.025358 -0.967129
0.00296247 -0.0243136 -0.967124
0.00191807 -0.0243136 -0.967126
0.000873661 -0.0243136 -0.967129
0.00296247 -0.0232692 -0.967123
0.00191807 -0.0232692 -0.967126
0.000873661 -0.0232692 -0.967128
0.00296247 -0.0222248 -0.967123
0.00191807 -0.0222248 -0.967125
0.000873661 -0.0222248 -0.967128
0.00296247 -0.0211804 -0.967122
0.00191807 -0.0211804 -0.967125
0.000873661 -0.0211804 -0.967127
0.00296247 -0.020136 -0.967122
0.00191807 -0.020136 -0.967124
0.000873661 -0.020136 -0.967126
0.00296247 -0.0190916 -0.967121
0.00191807 -0.0190916 -0.967124
0.000873661 -0.0190916 -0.967126
0.00296247 -0.0180472 -0.967121
0.00191807 -0.0180472 -0.967123
0.000873661 -0.0180472 -0.967125
0.00296247 -0.0170028 -0.96712
0.00191807 -0.0170028 -0.967122
0.000873661 -0.0170028 -0.967125
0.00296247 -0.0159584 -0.96712
0.00191807 -0.0159584 -0.967122
0.000873661 -0.0159584 -0.967124
0.00296247 -0.014914 -0.967119
0.00191807 -0.014914 -0.967121
0.000873661 -0.014914 -0.967124
0.00296247 -0.0138696 -0.967118
0.00191807 -0.0138696 -0.967121
0.000873661 -0.0138696 -0.967123
0.00296247 -0.0128252 -0.967118
0.00191807 -0.0128252 -0.96712
0.000873661 -0.0128252 -0.967123
0.00296247 -0.0117808 -0.967117
0.00191807 -0.0117808 -0.96712
0.000873661 -0.0117808 -0.967122
0.00296247 -0.0107364 -0.967117
0.00191807 -0.0107364 -0.967119
0.000873661 -0.0107364 -0.967122
0.00296247 -0.00969196 -0.967116
0.00191807 -0.00969196 -0.967119
0.000873661 -0.00969196 -0.967121
0.00296247 -0.00864755 -0.967116
0.00191807 -0.00864755 -0.967118
0.000873661 -0.00864755 -0.967121
0.00296247 -0.00760315 -0.967115
0.00191807 -0.00760315 -0.967118
0.000873661 -0.00760315 -0.96712
0.00296247 -0.00655874 -0.967115
0.00191807 -0.00655874 -0.967117
0.000873661 -0.00655874 -0.96712
0.00296247 -0.00551434 -0.967114
0.00191807 -0.00551434 -0.967117
0.000873661 -0.00551434 -0.967119
0.00296247 -0.00446993 -0.967114
0.00191807 -0.00446993 -0.967116
0.000873661 -0.00446993 -0.967118
0.00296247 -0.00342553 -0.967113
0.00191807 -0.00342553 -0.967115
0.000873661 -0.00342553 -0.967118
0.00296247 -0.00238112 -0.967113
0.00191807 -0.00238112 -0.967115
0.000873661 -0.00238112 -0.967117
0.00296247 -0.00133672 -0.967112
0.00191807 -0.00133672 -0.967114
0.000873661 -0.00133672 -0.967117
0.00296247 -0.000292311 -0.967111
0.00191807 -0.000292311 -0.967114
0.000873661 -0.000292311 -0.967116
0.00296247 0.000752095 -0.967111
0.00191807 0.000752095 -0.967113
0.000873661 0.000752095 -0.967116
0.00296247 0.0017965 -0.96711
0.00191807 0.0017965 -0.967113
0.000873661 0.0017965 -0.967115
0.00296247 0.00284091 -0.96711
0.00191807 0.00284091 -0.967112
0.000873661 0.00284091 -0.967115
0.00296247 0.00388531 -0.967109
0.00191807 0.00388531 -0.967112
0.000873661 0.00388531 -0.967114
0.00296247 0.00492972 -0.967109
0.00191807 0.00492972 -0.967111
0.000873661 0.00492972 -0.967114
0.00296247 0.00597412 -0.967108
0.00191807 0.00597412 -0.967111
0.000873661 0.00597412 -0.967113
0.00296247 0.00701853 -0.967108
0.00191807 0.00701853 -0.96711
0.000873661 0.00701853 -0.967113
0.00296247 0.00806293 -0.967107
0.00191807 0.00806293 -0.96711
0.000873661 0.00806293 -0.967112
0.00296247 0.00910734 -0.967107
0.00191807 0.00910734 -0.967109
0.000873661 0.00910734 -0.967111
0.00296247 0.0101517 -0.967106
0.00191807 0.0101517 -0.967109
0.000873661 0.0101517 -0.967111
0.00296247 0.0111961 -0.967106
0.00191807 0.0111961 -0.967108
0.000873661 0.0111961 -0.96711
0.00296247 0.0122406 -0.967105
0.00191807 0.0122406 -0.967107
0.000873661 0.0122406 -0.96711
0.00296247 0.013285 -0.967104
0.00191807 0.013285 -0.967107
0.000873661 0.013285 -0.967109
0.00296247 0.0143294 -0.967104
0.00191807 0.0143294 -0.967106
0.000873661 0.0143294 -0.967109
0.00296247 0.0153738 -0.967103
0.00191807 0.0153738 -0.967106
0.000873661 0.0153738 -0.967108
0.00296247 0.0164182 -0.967103
0.00191807 0.0164182 -0.967105
0.000873661 0.0164182 -0.967108
0.00296247 0.0174626 -0.967102
0.00191807 0.0174626 -0.967105
0.000873661 0.0174626 -0.967107
0.00296247 0.018507 -0.967102
0.00191807 0.018507 -0.967104
0.000873661 0.018507 -0.967107
0.00296247 0.0195514 -0.967101
0.00191807 0.0195514 -0.967104
0.000873661 0.0195514 -0.967106
0.00296247 0.0205958 -0.967101
0.00191807 0.0205958 -0.967103
0.000873661 0.0205958 -0.967106
0.00296247 0.0216402 -0.9671
0.00191807 0.0216402 -0.967103
0.000873661 0.0216402 -0.967105
0.00296247 0.0226846 -0.9671
0.00191807 0.0226846 -0.967102
0.000873661 0.0226846 -0.967104
0.00296247 0.023729 -0.967099
0.00191807 0.023729 -0.967102
0.000873661 0.023729 -0.967104
0.00296247 0.0247734 -0.967099
0.00191807 0.0247734 -0.967101
0.000873661 0.0247734 -0.967103
0.00296247 0.0258178 -0.967098
0.00191807 0.0258178 -0.967101
0.000873661 0.0258178 -0.967103
0.00296247 0.0268622 -0.967098
0.00191807 0.0268622 -0.9671
0.000873661 0.0268622 -0.967102
0.00296247 0.0279066 -0.967097
0.00191807 0.0279066 -0.967099
0.000873661 0.0279066 -0.967102
0.00296247 0.028951 -0.967096
0.00191807 0.028951 -0.967099
0.000873661 0.028951 -0.967101
0.00296247 0.0299954 -0.967096
0.00191807 0.0299954 -0.967098
0.000873661 0.0299954 -0.967101
