-0.00711648 -0.0236588 -0.832908
-0.00739238 -0.0236588 -0.832916
-0.00766829 -0.0236588 -0.832924
-0.00711648 -0.0233829 -0.832909
-0.00739238 -0.0233829 -0.832917
-0.00766829 -0.0233829 -0.832925
-0.00711648 -0.023107 -0.83291
-0.00739238 -0.023107 -0.832918
-0.00766829 -0.023107 -0.832926
-0.00711648 -0.0228311 -0.832911
-0.00739238 -0.0228311 -0.832919
-0.00766829 -0.0228311 -0.832927
-0.00711648 -0.0225552 -0.832912
-0.00739238 -0.0225552 -0.83292
-0.00766829 -0.0225552 -0.832928
-0.00711648 -0.0222793 -0.832913
-0.00739238 -0.0222793 -0.832921
-0.00766829 -0.0222793 -0.832929
-0.00711648 -0.0220034 -0.832914
-0.00739238 -0.0220034 -0.832922
-0.00766829 -0.0220034 -0.83293
-0.00711648 -0.0217275 -0.832915
-0.00739238 -0.0217275 -0.832923
-0.00766829 -0.0217275 -0.832931
-0.00711648 -0.0214516 -0.832916
-0.00739238 -0.0214516 -0.832924
-0.00766829 -0.0214516 -0.832932
-0.00711648 -0.0211757 -0.832917
-0.00739238 -0.0211757 -0.832925
-0.00766829 -0.0211757 -0.832933
-0.00711648 -0.0208998 -0.832918
-0.00739238 -0.0208998 -0.832926
-0.00766829 -0.0208998 -0.832934
-0.00711648 -0.0206239 -0.832919
-0.00739238 -0.0206239 -0.832927
-0.00766829 -0.0206239 -0.832935
-0.00711648 -0.020348 -0.83292
-0.00739238 -0.020348 -0.832928
-0.00766829 -0.020348 -0.832936
-0.00711648 -0.0200721 -0.832921
-0.00739238 -0.0200721 -0.832929
-0.00766829 -0.0200721 -0.832937
-0.00711648 -0.0197962 -0.832922
-0.00739238 -0.0197962 -0.83293
-0.00766829 -0.0197962 -0.832938
-0.00711648 -0.0195203 -0.832923
-0.00739238 -0.0195203 -0.832931
-0.00766829 -0.0195203 -0.832939
-0.00711648 -0.0192444 -0.832924
-0.00739238 -0.0192444 -0.832932
-0.00766829 -0.0192444 -0.83294
-0.00711648 -0.0189685 -0.832925
-0.00739238 -0.0189685 -0.832933
-0.00766829 -0.0189685 -0.832941
-0.00711648 -0.0186926 -0.832926
-0.00739238 -0.0186926 -0.832934
-0.00766829 -0.0186926 -0.832942
-0.00711648 -0.0184167 -0.832927
-0.00739238 -0.0184167 -0.832935
-0.00766829 -0.0184167 -0.832943
-0.00711648 -0.0181408 -0.832928
-0.00739238 -0.0181408 -0.832936
-0.00766829 -0.0181408 -0.832944
-0.00711648 -0.0178649 -0.832929
-0.00739238 -0.0178649 -0.832937
-0.00766829 -0.0178649 -0.832945
-0.00711648 -0.017589 -0.83293
-0.00739238 -0.017589 -0.832938
-0.00766829 -0.017589 -0.832946
-0.00711648 -0.0173131 -0.832931
-0.00739238 -0.0173131 -0.832939
-0.00766829 -0.0173131 -0.832947
-0.00711648 -0.0170372 -0.832932
-0.00739238 -0.0170372 -0.83294
-0.00766829 -0.0170372 -0.832948
-0.00711648 -0.0167613 -0.832933
-0.00739238 -0.0167613 -0.832941
-0.00766829 -0.0167613 -0.832949
-0.00711648 -0.0164854 -0.832934
-0.00739238 -0.0164854 -0.832942
-0.00766829 -0.0164854 -0.83295
-0.00711648 -0.0162095 -0.832935
-0.00739238 -0.0162095 -0.832943
-0.00766829 -0.0162095 -0.832951
-0.00711648 -0.0159335 -0.832936
-0.00739238 -0.0159335 -0.832944
-0.00766829 -0.0159335 -0.832952
-0.00711648 -0.0156576 -0.832937
-0.00739238 -0.0156576 -0.832945
-0.00766829 -0.0156576 -0.832953
-0.00711648 -0.0153817 -0.832938
-0.00739238 -0.0153817 -0.832946
-0.00766829 -0.0153817 -0.832954
-0.00711648 -0.0151058 -0.832939
-0.00739238 -0.0151058 -0.832947
-0.00766829 -0.0151058 -0.832956
-0.00711648 -0.0148299 -0.83294
-0.00739238 -0.0148299 -0.832949
-0.00766829 -0.0148299 -0.832957
-0.00711648 -0.014554 -0.832941
-0.00739238 -0.014554 -0.83295
-0.00766829 -0.014554 -0.832958
-0.00711648 -0.0142781 -0.832942
-0.00739238 -0.0142781 -0.832951
-0.00766829 -0.0142781 -0.832959
-0.00711648 -0.0140022 -0.832944
-0.00739238 -0.0140022 -0.832952
-0.00766829 -0.0140022 -0.83296
-0.00711648 -0.0137263 -0.832945
-0.00739238 -0.0137263 -0.832953
-0.00766829 -0.0137263 -0.832961
-0.00711648 -0.0134504 -0.832946
-0.00739238 -0.0134504 -0.832954
-0.00766829 -0.0134504 -0.832962
-0.00711648 -0.0131745 -0.832947
-0.00739238 -0.0131745 -0.832955
-0.00766829 -0.0131745 -0.832963
-0.00711648 -0.0128986 -0.832948
-0.00739238 -0.0128986 -0.832956
-0.00766829 -0.0128986 -0.832964
-0.00711648 -0.0126227 -0.832949
-0.00739238 -0.0126227 -0.832957
-0.00766829 -0.0126227 -0.832965
-0.00711648 -0.0123468 -0.83295
-0.00739238 -0.0123468 -0.832958
-0.00766829 -0.0123468 -0.832966
-0.00711648 -0.0120709 -0.832951
-0.00739238 -0.0120709 -0.832959
-0.00766829 -0.0120709 -0.832967
-0.00711648 -0.011795 -0.832952
-0.00739238 -0.011795 -0.83296
-0.00766829 -0.011795 -0.832968
-0.00711648 -0.0115191 -0.832953
-0.00739238 -0.0115191 -0.832961
-0.00766829 -0.0115191 -0.832969
-0.00711648 -0.0112432 -0.832954
-0.00739238 -0.0112432 -0.832962
-0.00766829 -0.0112432 -0.83297
-0.00711648 -0.0109673 -0.832955
-0.00739238 -0.0109673 -0.832963
-0.00766829 -0.0109673 -0.832971
-0.00711648 -0.0106914 -0.832956
-0.00739238 -0.0106914 -0.832964
-0.00766829 -0.0106914 -0.832972
-0.00711648 -0.0104155 -0.832957
-0.00739238 -0.0104155 -0.832965
-0.00766829 -0.0104155 -0.832973
-0.00711648 -0.0101396 -0.832958
-0.00739238 -0.0101396 -0.832966
-0.00766829 -0.0101396 -0.832974
-0.00711648 -0.00986367 -0.832959
-0.00739238 -0.00986367 -0.832967
-0.00766829 -0.00986367 -0.832975
-0.00711648 -0.00958777 -0.83296
-0.00739238 -0.00958777 -0.832968
-0.00766829 -0.00958777 -0.832976
-0.00711648 -0.00931187 -0.832961
-0.00739238 -0.00931187 -0.832969
-0.00766829 -0.00931187 -0.832977
-0.00711648 -0.00903596 -0.832962
-0.00739238 -0.00903596 -0.83297
-0.00766829 -0.00903596 -0.832978
-0.00711648 -0.00876006 -0.832963
-0.00739238 -0.00876006 -0.832971
-0.00766829 -0.00876006 -0.832979
-0.00711648 -0.00848416 -0.832964
-0.00739238 -0.00848416 -0.832972
-0.00766829 -0.00848416 -0.83298
-0.00711648 -0.00820825 -0.832965
-0.00739238 -0.00820825 -0.832973
-0.00766829 -0.00820825 -0.832981
-0.00711648 -0.00793235 -0.832966
-0.00739238 -0.00793235 -0.832974
-0.00766829 -0.00793235 -0.832982
-0.00711648 -0.00765645 -0.832967
-0.00739238 -0.00765645 -0.832975
-0.00766829 -0.00765645 -0.832983
-0.00711648 -0.00738054 -0.832968
-0.00739238 -0.00738054 -0.832976
-0.00766829 -0.00738054 -0.832984
-0.00711648 -0.00710464 -0.832969
-0.00739238 -0.00710464 -0.832977
-0.00766829 -0.00710464 -0.832985
-0.00711648 -0.00682874 -0.83297
-0.00739238 -0.00682874 -0.832978
-0.00766829 -0.00682874 -0.832986
-0.00711648 -0.00655283 -0.832971
-0.00739238 -0.00655283 -0.832979
-0.00766829 -0.00655283 -0.832987
-0.00711648 -0.00627693 -0.832972
-0.00739238 -0.00627693 -0.83298
-0.00766829 -0.00627693 -0.832988
-0.00711648 -0.00600103 -0.832973
-0.00739238 -0.00600103 -0.832981
-0.00766829 -0.00600103 -0.832989
-0.00711648 -0.00572512 -0.832974
-0.00739238 -0.00572512 -0.832982
-0.00766829 -0.00572512 -0.83299
-0.00711648 -0.00544922 -0.832975
-0.00739238 -0.00544922 -0.832983
-0.00766829 -0.00544922 -0.832991
-0.00711648 -0.00517332 -0.832976
-0.00739238 -0.00517332 -0.832984
-0.00766829 -0.00517332 -0.832992
-0.00711648 -0.00489741 -0.832977
-0.00739238 -0.00489741 -0.832985
-0.00766829 -0.00489741 -0.832993
-0.00711648 -0.00462151 -0.832978
-0.00739238 -0.00462151 -0.832986
-0.00766829 -0.00462151 -0.832994
-0.00711648 -0.00434561 -0.832979
-0.00739238 -0.00434561 -0.832987
-0.00766829 -0.00434561 -0.832995
-0.00711648 -0.0040697 -0.83298
-0.00739238 -0.0040697 -0.832988
-0.00766829 -0.0040697 -0.832996
-0.00711648 -0.0037938 -0.832981
-0.00739238 -0.0037938 -0.832989
-0.00766829 -0.0037938 -0.832998
-0.00711648 -0.0035179 -0.832982
-0.00739238 -0.0035179 -0.83299
-0.00766829 -0.0035179 -0.832999
-0.00711648 -0.00324199 -0.832983
-0.00739238 -0.00324199 -0.832991
-0.00766829 -0.00324199 -0.833
-0.00711648 -0.00296609 -0.832985
-0.00739238 -0.00296609 -0.832992
-0.00766829 -0.00296609 -0.833001
-0.00711648 -0.00269019 -0.832986
-0.00739238 -0.00269019 -0.832994
-0.00766829 -0.00269019 -0.833002
-0.00711648 -0.00241428 -0.832987
-0.00739238 -0.00241428 -0.832995
-0.00766829 -0.00241428 -0.833003
-0.00711648 -0.00213838 -0.832988
-0.00739238 -0.00213838 -0.832996
-0.00766829 -0.00213838 -0.833004
-0.00711648 -0.00186248 -0.832989
-0.00739238 -0.00186248 -0.832997
-0.00766829 -0.00186248 -0.833005
-0.00711648 -0.00158657 -0.83299
-0.00739238 -0.00158657 -0.832998
-0.00766829 -0.00158657 -0.833006
-0.00711648 -0.00131067 -0.832991
-0.00739238 -0.00131067 -0.832999
-0.00766829 -0.00131067 -0.833007
-0.00711648 -0.00103477 -0.832992
-0.00739238 -0.00103477 -0.833
-0.00766829 -0.00103477 -0.833008
-0.00711648 -0.000758862 -0.832993
-0.00739238 -0.000758862 -0.833001
-0.00766829 -0.000758862 -0.833009
-0.00711648 -0.000482958 -0.832994
-0.00739238 -0.000482958 -0.833002
-0.00766829 -0.000482958 -0.83301
-0.00711648 -0.000207055 -0.832995
-0.00739238 -0.000207055 -0.833003
-0.00766829 -0.000207055 -0.833011
-0.00711648 6.88485e-05 -0.832996
-0.00739238 6.88485e-05 -0.833004
-0.00766829 6.88485e-05 -0.833012
-0.00711648 0.000344752 -0.832997
-0.00739238 0.000344752 -0.833005
-0.00766829 0.000344752 -0.833013
-0.00711648 0.000620655 -0.832998
-0.00739238 0.000620655 -0.833006
-0.00766829 0.000620655 -0.833014
-0.00711648 0.000896559 -0.832999
-0.00739238 0.000896559 -0.833007
-0.00766829 0.000896559 -0.833015
-0.00711648 0.00117246 -0.833
-0.00739238 0.00117246 -0.833008
-0.00766829 0.00117246 -0.833016
-0.00711648 0.00144837 -0.833001
-0.00739238 0.00144837 -0.833009
-0.00766829 0.00144837 -0.833017
-0.00711648 0.00172427 -0.833002
-0.00739238 0.00172427 -0.83301
-0.00766829 0.00172427 -0.833018
-0.00711648 0.00200017 -0.833003
-0.00739238 0.00200017 -0.833011
-0.00766829 0.00200017 -0.833019
-0.00711648 0.00227608 -0.833004
-0.00739238 0.00227608 -0.833012
-0.00766829 0.00227608 -0.83302
-0.00711648 0.00255198 -0.833005
-0.00739238 0.00255198 -0.833013
-0.00766829 0.00255198 -0.833021
-0.00711648 0.00282788 -0.833006
-0.00739238 0.00282788 -0.833014
-0.00766829 0.00282788 -0.833022
-0.00711648 0.00310379 -0.833007
-0.00739238 0.00310379 -0.833015
-0.00766829 0.00310379 -0.833023
-0.00711648 0.00337969 -0.833008
-0.00739238 0.00337969 -0.833016
-0.00766829 0.00337969 -0.833024
-0.00711648 0.00365559 -0.833009
-0.00739238 0.00365559 -0.833017
-0.00766829 0.00365559 -0.833025
-0.00711648 0.0039315 -0.83301
-0.00739238 0.0039315 -0.833018
-0.00766829 0.0039315 -0.833026
-0.00711648 0.0042074 -0.833011
-0.00739238 0.0042074 -0.833019
-0.00766829 0.0042074 -0.833027
-0.00711648 0.0044833 -0.833012
-0.00739238 0.0044833 -0.83302
-0.00766829 0.0044833 -0.833028
-0.00711648 0.00475921 -0.833013
-0.00739238 0.00475921 -0.833021
-0.00766829 0.00475921 -0.833029
-0.00711648 0.00503511 -0.833014
-0.00739238 0.00503511 -0.833022
-0.00766829 0.00503511 -0.83303
-0.00711648 0.00531101 -0.833015
-0.00739238 0.00531101 -0.833023
-0.00766829 0.00531101 -0.833031
-0.00711648 0.00558692 -0.833016
-0.00739238 0.00558692 -0.833024
-0.00766829 0.00558692 -0.833032
-0.00711648 0.00586282 -0.833017
-0.00739238 0.00586282 -0.833025
-0.00766829 0.00586282 -0.833033
-0.00711648 0.00613872 -0.833018
-0.00739238 0.00613872 -0.833026
-0.00766829 0.00613872 -0.833034
-0.00711648 0.00641463 -0.833019
-0.00739238 0.00641463 -0.833027
-0.00766829 0.00641463 -0.833035
-0.00711648 0.00669053 -0.83302
-0.00739238 0.00669053 -0.833028
-0.00766829 0.00669053 -0.833036
