-0.00266758 -0.0515303 -0.980709
-0.0039439 -0.0515303 -0.980714
-0.00522022 -0.0515303 -0.980719
-0.00266758 -0.050254 -0.980709
-0.0039439 -0.050254 -0.980714
-0.00522022 -0.050254 -0.980718
-0.00266758 -0.0489777 -0.980709
-0.0039439 -0.0489777 -0.980713
-0.00522022 -0.0489777 -0.980718
-0.00266758 -0.0477014 -0.980709
-0.0039439 -0.0477014 -0.980713
-0.00522022 -0.0477014 -0.980718
-0.00266758 -0.0464251 -0.980708
-0.0039439 -0.0464251 -0.980713
-0.00522022 -0.0464251 -0.980718
-0.00266758 -0.0451487 -0.980708
-0.0039439 -0.0451487 -0.980713
-0.00522022 -0.0451487 -0.980717
-0.00266758 -0.0438724 -0.980708
-0.0039439 -0.0438724 -0.980713
-0.00522022 -0.0438724 -0.980717
-0.00266758 -0.0425961 -0.980708
-0.0039439 -0.0425961 -0.980712
-0.00522022 -0.0425961 -0.980717
-0.00266758 -0.0413198 -0.980707
-0.0039439 -0.0413198 -0.980712
-0.00522022 -0.0413198 -0.980717
-0.00266758 -0.0400435 -0.980707
-0.0039439 -0.0400435 -0.980712
-0.00522022 -0.0400435 -0.980716
-0.00266758 -0.0387671 -0.980707
-0.0039439 -0.0387671 -0.980712
-0.00522022 -0.0387671 -0.980716
-0.00266758 -0.0374908 -0.980707
-0.0039439 -0.0374908 -0.980711
-0.00522022 -0.0374908 -0.980716
-0.00266758 -0.0362145 -0.980706
-0.0039439 -0.0362145 -0.980711
-0.00522022 -0.0362145 -0.980716
-0.00266758 -0.0349382 -0.980706
-0.0039439 -0.0349382 -0.980711
-0.00522022 -0.0349382 -0.980715
-0.00266758 -0.0336618 -0.980706
-0.0039439 -0.0336618 -0.980711
-0.00522022 -0.0336618 -0.980715
-0.00266758 -0.0323855 -0.980706
-0.0039439 -0.0323855 -0.98071
-0.00522022 -0.0323855 -0.980715
-0.00266758 -0.0311092 -0.980705
-0.0039439 -0.0311092 -0.98071
-0.00522022 -0.0311092 -0.980715
-0.00266758 -0.0298329 -0.980705
-0.0039439 -0.0298329 -0.98071
-0.00522022 -0.0298329 -0.980714
-0.00266758 -0.0285566 -0.980705
-0.0039439 -0.0285566 -0.98071
-0.00522022 -0.0285566 -0.980714
-0.00266758 -0.0272802 -0.980705
-0.0039439 -0.0272802 -0.980709
-0.00522022 -0.0272802 -0.980714
-0.00266758 -0.0260039 -0.980704
-0.0039439 -0.0260039 -0.980709
-0.00522022 -0.0260039 -0.980714
-0.00266758 -0.0247276 -0.980704
-0.0039439 -0.0247276 -0.980709
-0.00522022 -0.0247276 -0.980714
-0.00266758 -0.0234513 -0.980704
-0.0039439 -0.0234513 -0.980709
-0.00522022 -0.0234513 -0.980713
-0.00266758 -0.022175 -0.980704
-0.0039439 -0.022175 -0.980708
-0.00522022 -0.022175 -0.980713
-0.00266758 -0.0208986 -0.980703
-0.0039439 -0.0208986 -0.980708
-0.00522022 -0.0208986 -0.980713
-0.00266758 -0.0196223 -0.980703
-0.0039439 -0.0196223 -0.980708
-0.00522022 -0.0196223 -0.980713
-0.00266758 -0.018346 -0.980703
-0.0039439 -0.018346 -0.980708
-0.00522022 -0.018346 -0.980712
-0.00266758 -0.0170697 -0.980703
-0.0039439 -0.0170697 -0.980707
-0.00522022 -0.0170697 -0.980712
-0.00266758 -0.0157933 -0.980702
-0.0039439 -0.0157933 -0.980707
-0.00522022 -0.0157933 -0.980712
-0.00266758 -0.014517 -0.980702
-0.0039439 -0.014517 -0.980707
-0.00522022 -0.014517 -0.980712
-0.00266758 -0.0132407 -0.980702
-0.0039439 -0.0132407 -0.980707
-0.00522022 -0.0132407 -0.980711
-0.00266758 -0.0119644 -0.980702
-0.0039439 -0.0119644 -0.980706
-0.00522022 -0.0119644 -0.980711
-0.00266758 -0.0106881 -0.980702
-0.0039439 -0.0106881 -0.980706
-0.00522022 -0.0106881 -0.980711
-0.00266758 -0.00941174 -0.980701
-0.0039439 -0.00941174 -0.980706
-0.00522022 -0.00941174 -0.980711
-0.00266758 -0.00813542 -0.980701
-0.0039439 -0.00813542 -0.980706
-0.00522022 -0.00813542 -0.98071
-0.00266758 -0.0068591 -0.980701
-0.0039439 -0.0068591 -0.980705
-0.00522022 -0.0068591 -0.98071
-0.00266758 -0.00558278 -0.980701
-0.0039439 -0.00558278 -0.980705
-0.00522022 -0.00558278 -0.98071
-0.00266758 -0.00430645 -0.9807
-0.0039439 -0.00430645 -0.980705
-0.00522022 -0.00430645 -0.98071
-0.00266758 -0.00303013 -0.9807
-0.0039439 -0.00303013 -0.980705
-0.00522022 -0.00303013 -0.980709
-0.00266758 -0.00175381 -0.9807
-0.0039439 -0.00175381 -0.980704
-0.00522022 -0.00175381 -0.980709
-0.00266758 -0.000477491 -0.9807
-0.0039439 -0.000477491 -0.980704
-0.00522022 -0.000477491 -0.980709
-0.00266758 0.00079883 -0.980699
-0.0039439 0.00079883 -0.980704
-0.00522022 0.00079883 -0.980709
-0.00266758 0.00207515 -0.980699
-0.0039439 0.00207515 -0.980704
-0.00522022 0.00207515 -0.980708
-0.00266758 0.00335147 -0.980699
-0.0039439 0.00335147 -0.980704
-0.00522022 0.00335147 -0.980708
-0.00266758 0.00462779 -0.980699
-0.0039439 0.00462779 -0.980703
-0.00522022 0.00462779 -0.980708
-0.00266758 0.00590411 -0.980698
-0.0039439 0.00590411 -0.980703
-0.00522022 0.00590411 -0.980708
-0.00266758 0.00718044 -0.980698
-0.0039439 0.00718044 -0.980703
-0.00522022 0.00718044 -0.980707
-0.00266758 0.00845676 -0.980698
-0.0039439 0.00845676 -0.980703
-0.00522022 0.00845676 -0.980707
-0.00266758 0.00973308 -0.980698
-0.0039439 0.00973308 -0.980702
-0.00522022 0.00973308 -0.980707
-0.00266758 0.0110094 -0.980697
-0.0039439 0.0110094 -0.980702
-0.00522022 0.0110094 -0.980707
-0.00266758 0.0122857 -0.980697
-0.0039439 0.0122857 -0.980702
-0.00522022 0.0122857 -0.980706
-0.00266758 0.013562 -0.980697
-0.0039439 0.013562 -0.980702
-0.00522022 0.013562 -0.980706
-0.00266758 0.0148384 -0.980697
-0.0039439 0.0148384 -0.980701
-0.00522022 0.0148384 -0.980706
-0.00266758 0.0161147 -0.980696
-0.0039439 0.0161147 -0.980701
-0.00522022 0.0161147 -0.980706
-0.00266758 0.017391 -0.980696
-0.0039439 0.017391 -0.980701
-0.00522022 0.017391 -0.980705
-0.00266758 0.0186673 -0.980696
-0.0039439 0.0186673 -0.980701
-0.00522022 0.0186673 -0.980705
-0.00266758 0.0199436 -0.980696
-0.0039439 0.0199436 -0.9807
-0.00522022 0.0199436 -0.980705
-0.00266758 0.02122 -0.980695
-0.0039439 0.02122 -0.9807
-0.00522022 0.02122 -0.980705
-0.00266758 0.0224963 -0.980695
-0.0039439 0.0224963 -0.9807
-0.00522022 0.0224963 -0.980705
-0.00266758 0.0237726 -0.980695
-0.0039439 0.0237726 -0.9807
-0.00522022 0.0237726 -0.980704
-0.00266758 0.0250489 -0.980695
-0.0039439 0.0250489 -0.980699
-0.00522022 0.0250489 -0.980704
-0.00266758 0.0263253 -0.980694
-0.0039439 0.0263253 -0.980699
-0.00522022 0.0263253 -0.980704
-0.00266758 0.0276016 -0.980694
-0.0039439 0.0276016 -0.980699
-0.00522022 0.0276016 -0.980704
-0.00266758 0.0288779 -0.980694
-0.0039439 0.0288779 -0.980699
-0.00522022 0.0288779 -0.980703
-0.00266758 0.0301542 -0.980694
-0.0039439 0.0301542 -0.980698
-0.00522022 0.0301542 -0.980703
-0.00266758 0.0314305 -0.980693
-0.0039439 0.0314305 -0.980698
-0.00522022 0.0314305 -0.980703
-0.00266758 0.0327069 -0.980693
-0.0039439 0.0327069 -0.980698
-0.00522022 0.0327069 -0.980703
-0.00266758 0.0339832 -0.980693
-0.0039439 0.0339832 -0.980698
-0.00522022 0.0339832 -0.980702
-0.00266758 0.0352595 -0.980693
-0.0039439 0.0352595 -0.980697
-0.00522022 0.0352595 -0.980702
-0.00266758 0.0365358 -0.980693
-0.0039439 0.0365358 -0.980697
-0.00522022 0.0365358 -0.980702
-0.00266758 0.0378121 -0.980692
-0.0039439 0.0378121 -0.980697
-0.00522022 0.0378121 -0.980702
-0.00266758 0.0390885 -0.980692
-0.0039439 0.0390885 -0.980697
-0.00522022 0.0390885 -0.980701
-0.00266758 0.0403648 -0.980692
-0.0039439 0.0403648 -0.980696
-0.00522022 0.0403648 -0.980701
-0.00266758 0.0416411 -0.980692
-0.0039439 0.0416411 -0.980696
-0.00522022 0.0416411 -0.980701
-0.00266758 0.0429174 -0.980691
-0.0039439 0.0429174 -0.980696
-0.00522022 0.0429174 -0.980701
-0.00266758 0.0441938 -0.980691
-0.0039439 0.0441938 -0.980696
-0.00522022 0.0441938 -0.9807
-0.00266758 0.0454701 -0.980691
-0.0039439 0.0454701 -0.980695
-0.00522022 0.0454701 -0.9807
-0.00266758 0.0467464 -0.980691
-0.0039439 0.0467464 -0.980695
-0.00522022 0.0467464 -0.9807
-0.00266758 0.0480227 -0.98069
-0.0039439 0.0480227 -0.980695
-0.00522022 0.0480227 -0.9807
-0.00266758 0.049299 -0.98069
-0.0039439 0.049299 -0.980695
-0.00522022 0.049299 -0.980699
-0.00266758 0.0505754 -0.98069
-0.0039439 0.0505754 -0.980695
-0.00522022 0.0505754 -0.980699
-0.00266758 0.0518517 -0.98069
-0.0039439 0.0518517 -0.980694
-0.00522022 0.0518517 -0.980699
-0.00266758 0.053128 -0.980689
-0.0039439 0.053128 -0.980694
-0.00522022 0.053128 -0.980699
-0.00266758 0.0544043 -0.980689
-0.0039439 0.0544043 -0.980694
-0.00522022 0.0544043 -0.980698
-0.00266758 0.0556806 -0.980689
-0.0039439 0.0556806 -0.980694
-0.00522022 0.0556806 -0.980698
-0.00266758 0.056957 -0.980689
-0.0039439 0.056957 -0.980693
-0.00522022 0.056957 -0.980698
-0.00266758 0.0582333 -0.980688
-0.0039439 0.0582333 -0.980693
-0.00522022 0.0582333 -0.980698
-0.00266758 0.0595096 -0.980688
-0.0039439 0.0595096 -0.980693
-0.00522022 0.0595096 -0.980697
-0.00266758 0.0607859 -0.980688
-0.0039439 0.0607859 -0.980693
-0.00522022 0.0607859 -0.980697
-0.00266758 0.0620622 -0.980688
-0.0039439 0.0620622 -0.980692
-0.00522022 0.0620622 -0.980697
-0.00266758 0.0633386 -0.980687
-0.0039439 0.0633386 -0.980692
-0.00522022 0.0633386 -0.980697
-0.00266758 0.0646149 -0.980687
-0.0039439 0.0646149 -0.980692
-0.00522022 0.0646149 -0.980696
-0.00266758 0.0658912 -0.980687
-0.0039439 0.0658912 -0.980692
-0.00522022 0.0658912 -0.980696
-0.00266758 0.0671675 -0.980687
-0.0039439 0.0671675 -0.980691
-0.00522022 0.0671675 -0.980696
-0.00266758 0.0684439 -0.980686
-0.0039439 0.0684439 -0.980691
-0.00522022 0.0684439 -0.980696
-0.00266758 0.0697202 -0.980686
-0.0039439 0.0697202 -0.980691
-0.00522022 0.0697202 -0.980696
-0.00266758 0.0709965 -0.980686
-0.0039439 0.0709965 -0.980691
-0.00522022 0.0709965 -0.980695
-0.00266758 0.0722728 -0.980686
-0.0039439 0.0722728 -0.98069
-0.00522022 0.0722728 -0.980695
-0.00266758 0.0735491 -0.980685
-0.0039439 0.0735491 -0.98069
-0.00522022 0.0735491 -0.980695
-0.00266758 0.0748255 -0.980685
-0.0039439 0.0748255 -0.98069
-0.00522022 0.0748255 -0.980695
-0.00266758 0.0761018 -0.980685
-0.0039439 0.0761018 -0.98069
-0.00522022 0.0761018 -0.980694
-0.00266758 0.0773781 -0.980685
-0.0039439 0.0773781 -0.980689
-0.00522022 0.0773781 -0.980694
-0.00266758 0.0786544 -0.980684
-0.0039439 0.0786544 -0.980689
-0.00522022 0.0786544 -0.980694
-0.00266758 0.0799307 -0.980684
-0.0039439 0.0799307 -0.980689
-0.00522022 0.0799307 -0.980694
-0.00266758 0.0812071 -0.980684
-0.0039439 0.0812071 -0.980689
-0.00522022 0.0812071 -0.980693
-0.00266758 0.0824834 -0.980684
-0.0039439 0.0824834 -0.980688
-0.00522022 0.0824834 -0.980693
-0.00266758 0.0837597 -0.980684
-0.0039439 0.0837597 -0.980688
-0.00522022 0.0837597 -0.980693
-0.00266758 0.085036 -0.980683
-0.0039439 0.085036 -0.980688
-0.00522022 0.085036 -0.980693
-0.00266758 0.0863124 -0.980683
-0.0039439 0.0863124 -0.980688
-0.00522022 0.0863124 -0.980692
-0.00266758 0.0875887 -0.980683
-0.0039439 0.0875887 -0.980687
-0.00522022 0.0875887 -0.980692
-0.00266758 0.088865 -0.980683
-0.0039439 0.088865 -0.980687
-0.00522022 0.088865 -0.980692
