0.0149771 -0.0398677 -0.678176
0.0146074 -0.0398677 -0.678176
0.0142376 -0.0398677 -0.678176
0.0149771 -0.039498 -0.678175
0.0146074 -0.039498 -0.678175
0.0142376 -0.039498 -0.678175
0.0149771 -0.0391282 -0.678175
0.0146074 -0.0391282 -0.678175
0.0142376 -0.0391282 -0.678175
0.0149771 -0.0387585 -0.678174
0.0146074 -0.0387585 -0.678174
0.0142376 -0.0387585 -0.678174
0.0149771 -0.0383887 -0.678174
0.0146074 -0.0383887 -0.678174
0.0142376 -0.0383887 -0.678174
0.0149771 -0.0380189 -0.678173
0.0146074 -0.0380189 -0.678173
0.0142376 -0.0380189 -0.678173
0.0149771 -0.0376492 -0.678173
0.0146074 -0.0376492 -0.678173
0.0142376 -0.0376492 -0.678173
0.0149771 -0.0372794 -0.678173
0.0146074 -0.0372794 -0.678173
0.0142376 -0.0372794 -0.678173
0.0149771 -0.0369097 -0.678172
0.0146074 -0.0369097 -0.678172
0.0142376 -0.0369097 -0.678172
0.0149771 -0.0365399 -0.678172
0.0146074 -0.0365399 -0.678172
0.0142376 -0.0365399 -0.678172
0.0149771 -0.0361702 -0.678171
0.0146074 -0.0361702 -0.678171
0.0142376 -0.0361702 -0.678171
0.0149771 -0.0358004 -0.678171
0.0146074 -0.0358004 -0.678171
0.0142376 -0.0358004 -0.678171
0.0149771 -0.0354306 -0.67817
0.0146074 -0.0354306 -0.67817
0.0142376 -0.0354306 -0.67817
0.0149771 -0.0350609 -0.67817
0.0146074 -0.0350609 -0.67817
0.0142376 -0.0350609 -0.67817
0.0149771 -0.0346911 -0.67817
0.0146074 -0.0346911 -0.67817
0.0142376 -0.0346911 -0.67817
0.0149771 -0.0343214 -0.678169
0.0146074 -0.0343214 -0.678169
0.0142376 -0.0343214 -0.678169
0.0149771 -0.0339516 -0.678169
0.0146074 -0.0339516 -0.678169
0.0142376 -0.0339516 -0.678169
0.0149771 -0.0335819 -0.678168
0.0146074 -0.0335819 -0.678168
0.0142376 -0.0335819 -0.678168
0.0149771 -0.0332121 -0.678168
0.0146074 -0.0332121 -0.678168
0.0142376 -0.0332121 -0.678168
0.0149771 -0.0328423 -0.678167
0.0146074 -0.0328423 -0.678167
0.0142376 -0.0328423 -0.678167
0.0149771 -0.0324726 -0.678167
0.0146074 -0.0324726 -0.678167
0.0142376 -0.0324726 -0.678167
0.0149771 -0.0321028 -0.678167
0.0146074 -0.0321028 -0.678167
0.0142376 -0.0321028 -0.678167
0.0149771 -0.0317331 -0.678166
0.0146074 -0.0317331 -0.678166
0.0142376 -0.0317331 -0.678166
0.0149771 -0.0313633 -0.678166
0.0146074 -0.0313633 -0.678166
0.0142376 -0.0313633 -0.678166
0.0149771 -0.0309936 -0.678165
0.0146074 -0.0309936 -0.678165
0.0142376 -0.0309936 -0.678165
0.0149771 -0.0306238 -0.678165
0.0146074 -0.0306238 -0.678165
0.0142376 -0.0306238 -0.678165
0.0149771 -0.030254 -0.678164
0.0146074 -0.030254 -0.678164
0.0142376 -0.030254 -0.678164
0.0149771 -0.0298843 -0.678164
0.0146074 -0.0298843 -0.678164
0.0142376 -0.0298843 -0.678164
0.0149771 -0.0295145 -0.678164
0.0146074 -0.0295145 -0.678164
0.0142376 -0.0295145 -0.678164
0.0149771 -0.0291448 -0.678163
0.0146074 -0.0291448 -0.678163
0.0142376 -0.0291448 -0.678163
0.0149771 -0.028775 -0.678163
0.0146074 -0.028775 -0.678163
0.0142376 -0.028775 -0.678163
0.0149771 -0.0284053 -0.678162
0.0146074 -0.0284053 -0.678162
0.0142376 -0.0284053 -0.678162
0.0149771 -0.0280355 -0.678162
0.0146074 -0.0280355 -0.678162
0.0142376 -0.0280355 -0.678162
0.0149771 -0.0276657 -0.678162
0.0146074 -0.0276657 -0.678161
0.0142376 -0.0276657 -0.678161
0.0149771 -0.027296 -0.678161
0.0146074 -0.027296 -0.678161
0.0142376 -0.027296 -0.678161
0.0149771 -0.0269262 -0.678161
0.0146074 -0.0269262 -0.678161
0.0142376 -0.0269262 -0.678161
0.0149771 -0.0265565 -0.67816
0.0146074 -0.0265565 -0.67816
0.0142376 -0.0265565 -0.67816
0.0149771 -0.0261867 -0.67816
0.0146074 -0.0261867 -0.67816
0.0142376 -0.0261867 -0.67816
0.0149771 -0.025817 -0.678159
0.0146074 -0.025817 -0.678159
0.0142376 -0.025817 -0.678159
0.0149771 -0.0254472 -0.678159
0.0146074 -0.0254472 -0.678159
0.0142376 -0.0254472 -0.678159
0.0149771 -0.0250774 -0.678159
0.0146074 -0.0250774 -0.678158
0.0142376 -0.0250774 -0.678158
0.0149771 -0.0247077 -0.678158
0.0146074 -0.0247077 -0.678158
0.0142376 -0.0247077 -0.678158
0.0149771 -0.0243379 -0.678158
0.0146074 -0.0243379 -0.678158
0.0142376 -0.0243379 -0.678158
0.0149771 -0.0239682 -0.678157
0.0146074 -0.0239682 -0.678157
0.0142376 -0.0239682 -0.678157
0.0149771 -0.0235984 -0.678157
0.0146074 -0.0235984 -0.678157
0.0142376 -0.0235984 -0.678157
0.0149771 -0.0232287 -0.678156
0.0146074 -0.0232287 -0.678156
0.0142376 -0.0232287 -0.678156
0.0149771 -0.0228589 -0.678156
0.0146074 -0.0228589 -0.678156
0.0142376 -0.0228589 -0.678156
0.0149771 -0.0224891 -0.678155
0.0146074 -0.0224891 -0.678155
0.0142376 -0.0224891 -0.678155
0.0149771 -0.0221194 -0.678155
0.0146074 -0.0221194 -0.678155
0.0142376 -0.0221194 -0.678155
0.0149771 -0.0217496 -0.678155
0.0146074 -0.0217496 -0.678155
0.0142376 -0.0217496 -0.678155
0.0149771 -0.0213799 -0.678154
0.0146074 -0.0213799 -0.678154
0.0142376 -0.0213799 -0.678154
0.0149771 -0.0210101 -0.678154
0.0146074 -0.0210101 -0.678154
0.0142376 -0.0210101 -0.678154
0.0149771 -0.0206404 -0.678153
0.0146074 -0.0206404 -0.678153
0.0142376 -0.0206404 -0.678153
0.0149771 -0.0202706 -0.678153
0.0146074 -0.0202706 -0.678153
0.0142376 -0.0202706 -0.678153
0.0149771 -0.0199008 -0.678153
0.0146074 -0.0199008 -0.678153
0.0142376 -0.0199008 -0.678152
0.0149771 -0.0195311 -0.678152
0.0146074 -0.0195311 -0.678152
0.0142376 -0.0195311 -0.678152
0.0149771 -0.0191613 -0.678152
0.0146074 -0.0191613 -0.678152
0.0142376 -0.0191613 -0.678152
0.0149771 -0.0187916 -0.678151
0.0146074 -0.0187916 -0.678151
0.0142376 -0.0187916 -0.678151
0.0149771 -0.0184218 -0.678151
0.0146074 -0.0184218 -0.678151
0.0142376 -0.0184218 -0.678151
0.0149771 -0.0180521 -0.67815
0.0146074 -0.0180521 -0.67815
0.0142376 -0.0180521 -0.67815
0.0149771 -0.0176823 -0.67815
0.0146074 -0.0176823 -0.67815
0.0142376 -0.0176823 -0.67815
0.0149771 -0.0173125 -0.67815
0.0146074 -0.0173125 -0.67815
0.0142376 -0.0173125 -0.678149
0.0149771 -0.0169428 -0.678149
0.0146074 -0.0169428 -0.678149
0.0142376 -0.0169428 -0.678149
0.0149771 -0.016573 -0.678149
0.0146074 -0.016573 -0.678149
0.0142376 -0.016573 -0.678149
0.0149771 -0.0162033 -0.678148
0.0146074 -0.0162033 -0.678148
0.0142376 -0.0162033 -0.678148
0.0149771 -0.0158335 -0.678148
0.0146074 -0.0158335 -0.678148
0.0142376 -0.0158335 -0.678148
0.0149771 -0.0154638 -0.678147
0.0146074 -0.0154638 -0.678147
0.0142376 -0.0154638 -0.678147
0.0149771 -0.015094 -0.678147
0.0146074 -0.015094 -0.678147
0.0142376 -0.015094 -0.678147
0.0149771 -0.0147242 -0.678147
0.0146074 -0.0147242 -0.678146
0.0142376 -0.0147242 -0.678146
0.0149771 -0.0143545 -0.678146
0.0146074 -0.0143545 -0.678146
0.0142376 -0.0143545 -0.678146
0.0149771 -0.0139847 -0.678146
0.0146074 -0.0139847 -0.678146
0.0142376 -0.0139847 -0.678146
0.0149771 -0.013615 -0.678145
0.0146074 -0.013615 -0.678145
0.0142376 -0.013615 -0.678145
0.0149771 -0.0132452 -0.678145
0.0146074 -0.0132452 -0.678145
0.0142376 -0.0132452 -0.678145
0.0149771 -0.0128755 -0.678144
0.0146074 -0.0128755 -0.678144
0.0142376 -0.0128755 -0.678144
0.0149771 -0.0125057 -0.678144
0.0146074 -0.0125057 -0.678144
0.0142376 -0.0125057 -0.678144
0.0149771 -0.0121359 -0.678144
0.0146074 -0.0121359 -0.678144
0.0142376 -0.0121359 -0.678144
0.0149771 -0.0117662 -0.678143
0.0146074 -0.0117662 -0.678143
0.0142376 -0.0117662 -0.678143
0.0149771 -0.0113964 -0.678143
0.0146074 -0.0113964 -0.678143
0.0142376 -0.0113964 -0.678143
0.0149771 -0.0110267 -0.678142
0.0146074 -0.0110267 -0.678142
0.0142376 -0.0110267 -0.678142
0.0149771 -0.0106569 -0.678142
0.0146074 -0.0106569 -0.678142
0.0142376 -0.0106569 -0.678142
0.0149771 -0.0102872 -0.678141
0.0146074 -0.0102872 -0.678141
0.0142376 -0.0102872 -0.678141
0.0149771 -0.0099174 -0.678141
0.0146074 -0.0099174 -0.678141
0.0142376 -0.0099174 -0.678141
0.0149771 -0.00954764 -0.678141
0.0146074 -0.00954764 -0.678141
0.0142376 -0.00954764 -0.678141
0.0149771 -0.00917788 -0.67814
0.0146074 -0.00917788 -0.67814
0.0142376 -0.00917788 -0.67814
0.0149771 -0.00880812 -0.67814
0.0146074 -0.00880812 -0.67814
0.0142376 -0.00880812 -0.67814
0.0149771 -0.00843837 -0.678139
0.0146074 -0.00843837 -0.678139
0.0142376 -0.00843837 -0.678139
0.0149771 -0.00806861 -0.678139
0.0146074 -0.00806861 -0.678139
0.0142376 -0.00806861 -0.678139
0.0149771 -0.00769885 -0.678138
0.0146074 -0.00769885 -0.678138
0.0142376 -0.00769885 -0.678138
0.0149771 -0.0073291 -0.678138
0.0146074 -0.0073291 -0.678138
0.0142376 -0.0073291 -0.678138
0.0149771 -0.00695934 -0.678138
0.0146074 -0.00695934 -0.678138
0.0142376 -0.00695934 -0.678137
0.0149771 -0.00658958 -0.678137
0.0146074 -0.00658958 -0.678137
0.0142376 -0.00658958 -0.678137
0.0149771 -0.00621982 -0.678137
0.0146074 -0.00621982 -0.678137
0.0142376 -0.00621982 -0.678137
0.0149771 -0.00585007 -0.678136
0.0146074 -0.00585007 -0.678136
0.0142376 -0.00585007 -0.678136
0.0149771 -0.00548031 -0.678136
0.0146074 -0.00548031 -0.678136
0.0142376 -0.00548031 -0.678136
0.0149771 -0.00511055 -0.678135
0.0146074 -0.00511055 -0.678135
0.0142376 -0.00511055 -0.678135
0.0149771 -0.0047408 -0.678135
0.0146074 -0.0047408 -0.678135
0.0142376 -0.0047408 -0.678135
0.0149771 -0.00437104 -0.678135
0.0146074 -0.00437104 -0.678135
0.0142376 -0.00437104 -0.678135
0.0149771 -0.00400128 -0.678134
0.0146074 -0.00400128 -0.678134
0.0142376 -0.00400128 -0.678134
0.0149771 -0.00363152 -0.678134
0.0146074 -0.00363152 -0.678134
0.0142376 -0.00363152 -0.678134
0.0149771 -0.00326177 -0.678133
0.0146074 -0.00326177 -0.678133
0.0142376 -0.00326177 -0.678133
0.0149771 -0.00289201 -0.678133
0.0146074 -0.00289201 -0.678133
0.0142376 -0.00289201 -0.678133
0.0149771 -0.00252225 -0.678132
0.0146074 -0.00252225 -0.678132
0.0142376 -0.00252225 -0.678132
0.0149771 -0.0021525 -0.678132
0.0146074 -0.0021525 -0.678132
0.0142376 -0.0021525 -0.678132
0.0149771 -0.00178274 -0.678132
0.0146074 -0.00178274 -0.678132
0.0142376 -0.00178274 -0.678132
0.0149771 -0.00141298 -0.678131
0.0146074 -0.00141298 -0.678131
0.0142376 -0.00141298 -0.678131
0.0149771 -0.00104322 -0.678131
0.0146074 -0.00104322 -0.678131
0.0142376 -0.00104322 -0.678131
0.0149771 -0.000673466 -0.67813
0.0146074 -0.000673466 -0.67813
0.0142376 -0.000673466 -0.67813
0.0149771 -0.000303709 -0.67813
0.0146074 -0.000303709 -0.67813
0.0142376 -0.000303709 -0.67813
0.0149771 6.6048e-05 -0.678129
0.0146074 6.6048e-05 -0.678129
0.0142376 6.6048e-05 -0.678129
0.0149771 0.000435805 -0.678129
0.0146074 0.000435805 -0.678129
0.0142376 0.000435805 -0.678129
0.0149771 0.000805562 -0.678129
0.0146074 0.000805562 -0.678129
0.0142376 0.000805562 -0.678129
