0.00928043 -0.0355453 -0.765538
0.00923282 -0.0355453 -0.765539
0.00918522 -0.0355453 -0.765539
0.00928043 -0.0354977 -0.765538
0.00923282 -0.0354977 -0.765539
0.00918522 -0.0354977 -0.765539
0.00928043 -0.0354501 -0.765539
0.00923282 -0.0354501 -0.765539
0.00918522 -0.0354501 -0.765539
0.00928043 -0.0354025 -0.765539
0.00923282 -0.0354025 -0.765539
0.00918522 -0.0354025 -0.76554
0.00928043 -0.0353548 -0.765539
0.00923282 -0.0353548 -0.765539
0.00918522 -0.0353548 -0.76554
0.00928043 -0.0353072 -0.765539
0.00923282 -0.0353072 -0.76554
0.00918522 -0.0353072 -0.76554
0.00928043 -0.0352596 -0.765539
0.00923282 -0.0352596 -0.76554
0.00918522 -0.0352596 -0.76554
0.00928043 -0.035212 -0.765539
0.00923282 -0.035212 -0.76554
0.00918522 -0.035212 -0.76554
0.00928043 -0.0351644 -0.76554
0.00923282 -0.0351644 -0.76554
0.00918522 -0.0351644 -0.765541
0.00928043 -0.0351168 -0.76554
0.00923282 -0.0351168 -0.76554
0.00918522 -0.0351168 -0.765541
0.00928043 -0.0350692 -0.76554
0.00923282 -0.0350692 -0.765541
0.00918522 -0.0350692 -0.765541
0.00928043 -0.0350216 -0.76554
0.00923282 -0.0350216 -0.765541
0.00918522 -0.0350216 -0.765541
0.00928043 -0.034974 -0.76554
0.00923282 -0.034974 -0.765541
0.00918522 -0.034974 -0.765541
0.00928043 -0.0349264 -0.765541
0.00923282 -0.0349264 -0.765541
0.00918522 -0.0349264 -0.765542
0.00928043 -0.0348788 -0.765541
0.00923282 -0.0348788 -0.765541
0.00918522 -0.0348788 -0.765542
0.00928043 -0.0348312 -0.765541
0.00923282 -0.0348312 -0.765542
0.00918522 -0.0348312 -0.765542
0.00928043 -0.0347836 -0.765541
0.00923282 -0.0347836 -0.765542
0.00918522 -0.0347836 -0.765542
0.00928043 -0.034736 -0.765541
0.00923282 -0.034736 -0.765542
0.00918522 -0.034736 -0.765542
0.00928043 -0.0346884 -0.765542
0.00923282 -0.0346884 -0.765542
0.00918522 -0.0346884 -0.765543
0.00928043 -0.0346408 -0.765542
0.00923282 -0.0346408 -0.765542
0.00918522 -0.0346408 -0.765543
0.00928043 -0.0345932 -0.765542
0.00923282 -0.0345932 -0.765543
0.00918522 -0.0345932 -0.765543
0.00928043 -0.0345456 -0.765542
0.00923282 -0.0345456 -0.765543
0.00918522 -0.0345456 -0.765543
0.00928043 -0.0344979 -0.765542
0.00923282 -0.0344979 -0.765543
0.00918522 -0.0344979 -0.765543
0.00928043 -0.0344503 -0.765543
0.00923282 -0.0344503 -0.765543
0.00918522 -0.0344503 -0.765544
0.00928043 -0.0344027 -0.765543
0.00923282 -0.0344027 -0.765543
0.00918522 -0.0344027 -0.765544
0.00928043 -0.0343551 -0.765543
0.00923282 -0.0343551 -0.765544
0.00918522 -0.0343551 -0.765544
0.00928043 -0.0343075 -0.765543
0.00923282 -0.0343075 -0.765544
0.00918522 -0.0343075 -0.765544
0.00928043 -0.0342599 -0.765543
0.00923282 -0.0342599 -0.765544
0.00918522 -0.0342599 -0.765544
0.00928043 -0.0342123 -0.765544
0.00923282 -0.0342123 -0.765544
0.00918522 -0.0342123 -0.765545
0.00928043 -0.0341647 -0.765544
0.00923282 -0.0341647 -0.765544
0.00918522 -0.0341647 -0.765545
0.00928043 -0.0341171 -0.765544
0.00923282 -0.0341171 -0.765544
0.00918522 -0.0341171 -0.765545
0.00928043 -0.0340695 -0.765544
0.00923282 -0.0340695 -0.765545
0.00918522 -0.0340695 -0.765545
0.00928043 -0.0340219 -0.765544
0.00923282 -0.0340219 -0.765545
0.00918522 -0.0340219 -0.765545
0.00928043 -0.0339743 -0.765545
0.00923282 -0.0339743 -0.765545
0.00918522 -0.0339743 -0.765546
0.00928043 -0.0339267 -0.765545
0.00923282 -0.0339267 -0.765545
0.00918522 -0.0339267 -0.765546
0.00928043 -0.0338791 -0.765545
0.00923282 -0.0338791 -0.765545
0.00918522 -0.0338791 -0.765546
0.00928043 -0.0338315 -0.765545
0.00923282 -0.0338315 -0.765546
0.00918522 -0.0338315 -0.765546
0.00928043 -0.0337839 -0.765545
0.00923282 -0.0337839 -0.765546
0.00918522 -0.0337839 -0.765546
0.00928043 -0.0337363 -0.765546
0.00923282 -0.0337363 -0.765546
0.00918522 -0.0337363 -0.765547
0.00928043 -0.0336887 -0.765546
0.00923282 -0.0336887 -0.765546
0.00918522 -0.0336887 -0.765547
0.00928043 -0.033641 -0.765546
0.00923282 -0.033641 -0.765546
0.00918522 -0.033641 -0.765547
0.00928043 -0.0335934 -0.765546
0.00923282 -0.0335934 -0.765547
0.00918522 -0.0335934 -0.765547
0.00928043 -0.0335458 -0.765546
0.00923282 -0.0335458 -0.765547
0.00918522 -0.0335458 -0.765547
0.00928043 -0.0334982 -0.765547
0.00923282 -0.0334982 -0.765547
0.00918522 -0.0334982 -0.765548
0.00928043 -0.0334506 -0.765547
0.00923282 -0.0334506 -0.765547
0.00918522 -0.0334506 -0.765548
0.00928043 -0.033403 -0.765547
0.00923282 -0.033403 -0.765547
0.00918522 -0.033403 -0.765548
0.00928043 -0.0333554 -0.765547
0.00923282 -0.0333554 -0.765548
0.00918522 -0.0333554 -0.765548
0.00928043 -0.0333078 -0.765547
0.00923282 -0.0333078 -0.765548
0.00918522 -0.0333078 -0.765548
0.00928043 -0.0332602 -0.765548
0.00923282 -0.0332602 -0.765548
0.00918522 -0.0332602 -0.765549
0.00928043 -0.0332126 -0.765548
0.00923282 -0.0332126 -0.765548
0.00918522 -0.0332126 -0.765549
0.00928043 -0.033165 -0.765548
0.00923282 -0.033165 -0.765548
0.00918522 -0.033165 -0.765549
0.00928043 -0.0331174 -0.765548
0.00923282 -0.0331174 -0.765549
0.00918522 -0.0331174 -0.765549
0.00928043 -0.0330698 -0.765548
0.00923282 -0.0330698 -0.765549
0.00918522 -0.0330698 -0.765549
0.00928043 -0.0330222 -0.765549
0.00923282 -0.0330222 -0.765549
0.00918522 -0.0330222 -0.76555
0.00928043 -0.0329746 -0.765549
0.00923282 -0.0329746 -0.765549
0.00918522 -0.0329746 -0.76555
0.00928043 -0.032927 -0.765549
0.00923282 -0.032927 -0.765549
0.00918522 -0.032927 -0.76555
0.00928043 -0.0328794 -0.765549
0.00923282 -0.0328794 -0.76555
0.00918522 -0.0328794 -0.76555
0.00928043 -0.0328318 -0.765549
0.00923282 -0.0328318 -0.76555
0.00918522 -0.0328318 -0.76555
0.00928043 -0.0327841 -0.76555
0.00923282 -0.0327841 -0.76555
0.00918522 -0.0327841 -0.76555
0.00928043 -0.0327365 -0.76555
0.00923282 -0.0327365 -0.76555
0.00918522 -0.0327365 -0.765551
0.00928043 -0.0326889 -0.76555
0.00923282 -0.0326889 -0.76555
0.00918522 -0.0326889 -0.765551
0.00928043 -0.0326413 -0.76555
0.00923282 -0.0326413 -0.765551
0.00918522 -0.0326413 -0.765551
0.00928043 -0.0325937 -0.76555
0.00923282 -0.0325937 -0.765551
0.00918522 -0.0325937 -0.765551
0.00928043 -0.0325461 -0.76555
0.00923282 -0.0325461 -0.765551
0.00918522 -0.0325461 -0.765552
0.00928043 -0.0324985 -0.765551
0.00923282 -0.0324985 -0.765551
0.00918522 -0.0324985 -0.765552
0.00928043 -0.0324509 -0.765551
0.00923282 -0.0324509 -0.765551
0.00918522 -0.0324509 -0.765552
0.00928043 -0.0324033 -0.765551
0.00923282 -0.0324033 -0.765552
0.00918522 -0.0324033 -0.765552
0.00928043 -0.0323557 -0.765551
0.00923282 -0.0323557 -0.765552
0.00918522 -0.0323557 -0.765552
0.00928043 -0.0323081 -0.765552
0.00923282 -0.0323081 -0.765552
0.00918522 -0.0323081 -0.765552
0.00928043 -0.0322605 -0.765552
0.00923282 -0.0322605 -0.765552
0.00918522 -0.0322605 -0.765553
0.00928043 -0.0322129 -0.765552
0.00923282 -0.0322129 -0.765552
0.00918522 -0.0322129 -0.765553
0.00928043 -0.0321653 -0.765552
0.00923282 -0.0321653 -0.765553
0.00918522 -0.0321653 -0.765553
0.00928043 -0.0321177 -0.765552
0.00923282 -0.0321177 -0.765553
0.00918522 -0.0321177 -0.765553
0.00928043 -0.0320701 -0.765552
0.00923282 -0.0320701 -0.765553
0.00918522 -0.0320701 -0.765553
0.00928043 -0.0320225 -0.765553
0.00923282 -0.0320225 -0.765553
0.00918522 -0.0320225 -0.765554
0.00928043 -0.0319749 -0.765553
0.00923282 -0.0319749 -0.765553
0.00918522 -0.0319749 -0.765554
0.00928043 -0.0319273 -0.765553
0.00923282 -0.0319273 -0.765554
0.00918522 -0.0319273 -0.765554
0.00928043 -0.0318796 -0.765553
0.00923282 -0.0318796 -0.765554
0.00918522 -0.0318796 -0.765554
0.00928043 -0.031832 -0.765553
0.00923282 -0.031832 -0.765554
0.00918522 -0.031832 -0.765554
0.00928043 -0.0317844 -0.765554
0.00923282 -0.0317844 -0.765554
0.00918522 -0.0317844 -0.765555
0.00928043 -0.0317368 -0.765554
0.00923282 -0.0317368 -0.765554
0.00918522 -0.0317368 -0.765555
0.00928043 -0.0316892 -0.765554
0.00923282 -0.0316892 -0.765555
0.00918522 -0.0316892 -0.765555
0.00928043 -0.0316416 -0.765554
0.00923282 -0.0316416 -0.765555
0.00918522 -0.0316416 -0.765555
0.00928043 -0.031594 -0.765554
0.00923282 -0.031594 -0.765555
0.00918522 -0.031594 -0.765555
0.00928043 -0.0315464 -0.765555
0.00923282 -0.0315464 -0.765555
0.00918522 -0.0315464 -0.765556
0.00928043 -0.0314988 -0.765555
0.00923282 -0.0314988 -0.765555
0.00918522 -0.0314988 -0.765556
0.00928043 -0.0314512 -0.765555
0.00923282 -0.0314512 -0.765556
0.00918522 -0.0314512 -0.765556
0.00928043 -0.0314036 -0.765555
0.00923282 -0.0314036 -0.765556
0.00918522 -0.0314036 -0.765556
0.00928043 -0.031356 -0.765555
0.00923282 -0.031356 -0.765556
0.00918522 -0.031356 -0.765556
0.00928043 -0.0313084 -0.765556
0.00923282 -0.0313084 -0.765556
0.00918522 -0.0313084 -0.765557
0.00928043 -0.0312608 -0.765556
0.00923282 -0.0312608 -0.765556
0.00918522 -0.0312608 -0.765557
0.00928043 -0.0312132 -0.765556
0.00923282 -0.0312132 -0.765557
0.00918522 -0.0312132 -0.765557
0.00928043 -0.0311656 -0.765556
0.00923282 -0.0311656 -0.765557
0.00918522 -0.0311656 -0.765557
0.00928043 -0.031118 -0.765556
0.00923282 -0.031118 -0.765557
0.00918522 -0.031118 -0.765557
0.00928043 -0.0310704 -0.765557
0.00923282 -0.0310704 -0.765557
0.00918522 -0.0310704 -0.765558
0.00928043 -0.0310227 -0.765557
0.00923282 -0.0310227 -0.765557
0.00918522 -0.0310227 -0.765558
0.00928043 -0.0309751 -0.765557
0.00923282 -0.0309751 -0.765558
0.00918522 -0.0309751 -0.765558
0.00928043 -0.0309275 -0.765557
0.00923282 -0.0309275 -0.765558
0.00918522 -0.0309275 -0.765558
0.00928043 -0.0308799 -0.765557
0.00923282 -0.0308799 -0.765558
0.00918522 -0.0308799 -0.765558
0.00928043 -0.0308323 -0.765558
0.00923282 -0.0308323 -0.765558
0.00918522 -0.0308323 -0.765559
0.00928043 -0.0307847 -0.765558
0.00923282 -0.0307847 -0.765558
0.00918522 -0.0307847 -0.765559
0.00928043 -0.0307371 -0.765558
0.00923282 -0.0307371 -0.765558
0.00918522 -0.0307371 -0.765559
0.00928043 -0.0306895 -0.765558
0.00923282 -0.0306895 -0.765559
0.00918522 -0.0306895 -0.765559
0.00928043 -0.0306419 -0.765558
0.00923282 -0.0306419 -0.765559
0.00918522 -0.0306419 -0.765559
0.00928043 -0.0305943 -0.765559
0.00923282 -0.0305943 -0.765559
0.00918522 -0.0305943 -0.76556
0.00928043 -0.0305467 -0.765559
0.00923282 -0.0305467 -0.765559
0.00918522 -0.0305467 -0.76556
0.00928043 -0.0304991 -0.765559
0.00923282 -0.0304991 -0.765559
0.00918522 -0.0304991 -0.76556
0.00928043 -0.0304515 -0.765559
0.00923282 -0.0304515 -0.76556
0.00918522 -0.0304515 -0.76556
0.00928043 -0.0304039 -0.765559
0.00923282 -0.0304039 -0.76556
0.00918522 -0.0304039 -0.76556
0.00928043 -0.0303563 -0.76556
0.00923282 -0.0303563 -0.76556
0.00918522 -0.0303563 -0.765561
0.00928043 -0.0303087 -0.76556
0.00923282 -0.0303087 -0.76556
0.00918522 -0.0303087 -0.765561
