-0.0159552 0.00960145 -1.0091
-0.0159869 0.00960145 -1.00911
-0.0160186 0.00960145 -1.00911
-0.0159552 0.0096331 -1.0091
-0.0159869 0.0096331 -1.00911
-0.0160186 0.0096331 -1.00911
-0.0159552 0.00966476 -1.00911
-0.0159869 0.00966476 -1.00911
-0.0160186 0.00966476 -1.00911
-0.0159552 0.00969642 -1.00911
-0.0159869 0.00969642 -1.00911
-0.0160186 0.00969642 -1.00911
-0.0159552 0.00972808 -1.00911
-0.0159869 0.00972808 -1.00911
-0.0160186 0.00972808 -1.00912
-0.0159552 0.00975973 -1.00911
-0.0159869 0.00975973 -1.00911
-0.0160186 0.00975973 -1.00912
-0.0159552 0.00979139 -1.00911
-0.0159869 0.00979139 -1.00911
-0.0160186 0.00979139 -1.00912
-0.0159552 0.00982305 -1.00911
-0.0159869 0.00982305 -1.00911
-0.0160186 0.00982305 -1.00912
-0.0159552 0.0098547 -1.00911
-0.0159869 0.0098547 -1.00911
-0.0160186 0.0098547 -1.00912
-0.0159552 0.00988636 -1.00911
-0.0159869 0.00988636 -1.00911
-0.0160186 0.00988636 -1.00912
-0.0159552 0.00991802 -1.00911
-0.0159869 0.00991802 -1.00911
-0.0160186 0.00991802 -1.00912
-0.0159552 0.00994968 -1.00911
-0.0159869 0.00994968 -1.00911
-0.0160186 0.00994968 -1.00912
-0.0159552 0.00998133 -1.00911
-0.0159869 0.00998133 -1.00911
-0.0160186 0.00998133 -1.00912
-0.0159552 0.010013 -1.00911
-0.0159869 0.010013 -1.00911
-0.0160186 0.010013 -1.00912
-0.0159552 0.0100446 -1.00911
-0.0159869 0.0100446 -1.00911
-0.0160186 0.0100446 -1.00912
-0.0159552 0.0100763 -1.00911
-0.0159869 0.0100763 -1.00911
-0.0160186 0.0100763 -1.00912
-0.0159552 0.010108 -1.00911
-0.0159869 0.010108 -1.00911
-0.0160186 0.010108 -1.00912
-0.0159552 0.0101396 -1.00911
-0.0159869 0.0101396 -1.00911
-0.0160186 0.0101396 -1.00912
-0.0159552 0.0101713 -1.00911
-0.0159869 0.0101713 -1.00912
-0.0160186 0.0101713 -1.00912
-0.0159552 0.0102029 -1.00911
-0.0159869 0.0102029 -1.00912
-0.0160186 0.0102029 -1.00912
-0.0159552 0.0102346 -1.00911
-0.0159869 0.0102346 -1.00912
-0.0160186 0.0102346 -1.00912
-0.0159552 0.0102663 -1.00911
-0.0159869 0.0102663 -1.00912
-0.0160186 0.0102663 -1.00912
-0.0159552 0.0102979 -1.00911
-0.0159869 0.0102979 -1.00912
-0.0160186 0.0102979 -1.00912
-0.0159552 0.0103296 -1.00911
-0.0159869 0.0103296 -1.00912
-0.0160186 0.0103296 -1.00912
-0.0159552 0.0103612 -1.00911
-0.0159869 0.0103612 -1.00912
-0.0160186 0.0103612 -1.00912
-0.0159552 0.0103929 -1.00911
-0.0159869 0.0103929 -1.00912
-0.0160186 0.0103929 -1.00912
-0.0159552 0.0104245 -1.00911
-0.0159869 0.0104245 -1.00912
-0.0160186 0.0104245 -1.00912
-0.0159552 0.0104562 -1.00911
-0.0159869 0.0104562 -1.00912
-0.0160186 0.0104562 -1.00912
-0.0159552 0.0104879 -1.00911
-0.0159869 0.0104879 -1.00912
-0.0160186 0.0104879 -1.00912
-0.0159552 0.0105195 -1.00911
-0.0159869 0.0105195 -1.00912
-0.0160186 0.0105195 -1.00912
-0.0159552 0.0105512 -1.00911
-0.0159869 0.0105512 -1.00912
-0.0160186 0.0105512 -1.00912
-0.0159552 0.0105828 -1.00912
-0.0159869 0.0105828 -1.00912
-0.0160186 0.0105828 -1.00912
-0.0159552 0.0106145 -1.00912
-0.0159869 0.0106145 -1.00912
-0.0160186 0.0106145 -1.00912
-0.0159552 0.0106461 -1.00912
-0.0159869 0.0106461 -1.00912
-0.0160186 0.0106461 -1.00913
-0.0159552 0.0106778 -1.00912
-0.0159869 0.0106778 -1.00912
-0.0160186 0.0106778 -1.00913
-0.0159552 0.0107095 -1.00912
-0.0159869 0.0107095 -1.00912
-0.0160186 0.0107095 -1.00913
-0.0159552 0.0107411 -1.00912
-0.0159869 0.0107411 -1.00912
-0.0160186 0.0107411 -1.00913
-0.0159552 0.0107728 -1.00912
-0.0159869 0.0107728 -1.00912
-0.0160186 0.0107728 -1.00913
-0.0159552 0.0108044 -1.00912
-0.0159869 0.0108044 -1.00912
-0.0160186 0.0108044 -1.00913
-0.0159552 0.0108361 -1.00912
-0.0159869 0.0108361 -1.00912
-0.0160186 0.0108361 -1.00913
-0.0159552 0.0108677 -1.00912
-0.0159869 0.0108677 -1.00912
-0.0160186 0.0108677 -1.00913
-0.0159552 0.0108994 -1.00912
-0.0159869 0.0108994 -1.00912
-0.0160186 0.0108994 -1.00913
-0.0159552 0.0109311 -1.00912
-0.0159869 0.0109311 -1.00912
-0.0160186 0.0109311 -1.00913
-0.0159552 0.0109627 -1.00912
-0.0159869 0.0109627 -1.00912
-0.0160186 0.0109627 -1.00913
-0.0159552 0.0109944 -1.00912
-0.0159869 0.0109944 -1.00912
-0.0160186 0.0109944 -1.00913
-0.0159552 0.011026 -1.00912
-0.0159869 0.011026 -1.00912
-0.0160186 0.011026 -1.00913
-0.0159552 0.0110577 -1.00912
-0.0159869 0.0110577 -1.00913
-0.0160186 0.0110577 -1.00913
-0.0159552 0.0110893 -1.00912
-0.0159869 0.0110893 -1.00913
-0.0160186 0.0110893 -1.00913
-0.0159552 0.011121 -1.00912
-0.0159869 0.011121 -1.00913
-0.0160186 0.011121 -1.00913
-0.0159552 0.0111527 -1.00912
-0.0159869 0.0111527 -1.00913
-0.0160186 0.0111527 -1.00913
-0.0159552 0.0111843 -1.00912
-0.0159869 0.0111843 -1.00913
-0.0160186 0.0111843 -1.00913
-0.0159552 0.011216 -1.00912
-0.0159869 0.011216 -1.00913
-0.0160186 0.011216 -1.00913
-0.0159552 0.0112476 -1.00912
-0.0159869 0.0112476 -1.00913
-0.0160186 0.0112476 -1.00913
-0.0159552 0.0112793 -1.00912
-0.0159869 0.0112793 -1.00913
-0.0160186 0.0112793 -1.00913
-0.0159552 0.0113109 -1.00912
-0.0159869 0.0113109 -1.00913
-0.0160186 0.0113109 -1.00913
-0.0159552 0.0113426 -1.00912
-0.0159869 0.0113426 -1.00913
-0.0160186 0.0113426 -1.00913
-0.0159552 0.0113743 -1.00912
-0.0159869 0.0113743 -1.00913
-0.0160186 0.0113743 -1.00913
-0.0159552 0.0114059 -1.00912
-0.0159869 0.0114059 -1.00913
-0.0160186 0.0114059 -1.00913
-0.0159552 0.0114376 -1.00912
-0.0159869 0.0114376 -1.00913
-0.0160186 0.0114376 -1.00913
-0.0159552 0.0114692 -1.00912
-0.0159869 0.0114692 -1.00913
-0.0160186 0.0114692 -1.00913
-0.0159552 0.0115009 -1.00913
-0.0159869 0.0115009 -1.00913
-0.0160186 0.0115009 -1.00913
-0.0159552 0.0115325 -1.00913
-0.0159869 0.0115325 -1.00913
-0.0160186 0.0115325 -1.00914
-0.0159552 0.0115642 -1.00913
-0.0159869 0.0115642 -1.00913
-0.0160186 0.0115642 -1.00914
-0.0159552 0.0115959 -1.00913
-0.0159869 0.0115959 -1.00913
-0.0160186 0.0115959 -1.00914
-0.0159552 0.0116275 -1.00913
-0.0159869 0.0116275 -1.00913
-0.0160186 0.0116275 -1.00914
-0.0159552 0.0116592 -1.00913
-0.0159869 0.0116592 -1.00913
-0.0160186 0.0116592 -1.00914
-0.0159552 0.0116908 -1.00913
-0.0159869 0.0116908 -1.00913
-0.0160186 0.0116908 -1.00914
-0.0159552 0.0117225 -1.00913
-0.0159869 0.0117225 -1.00913
-0.0160186 0.0117225 -1.00914
-0.0159552 0.0117541 -1.00913
-0.0159869 0.0117541 -1.00913
-0.0160186 0.0117541 -1.00914
-0.0159552 0.0117858 -1.00913
-0.0159869 0.0117858 -1.00913
-0.0160186 0.0117858 -1.00914
-0.0159552 0.0118175 -1.00913
-0.0159869 0.0118175 -1.00913
-0.0160186 0.0118175 -1.00914
-0.0159552 0.0118491 -1.00913
-0.0159869 0.0118491 -1.00913
-0.0160186 0.0118491 -1.00914
-0.0159552 0.0118808 -1.00913
-0.0159869 0.0118808 -1.00913
-0.0160186 0.0118808 -1.00914
-0.0159552 0.0119124 -1.00913
-0.0159869 0.0119124 -1.00913
-0.0160186 0.0119124 -1.00914
-0.0159552 0.0119441 -1.00913
-0.0159869 0.0119441 -1.00913
-0.0160186 0.0119441 -1.00914
-0.0159552 0.0119757 -1.00913
-0.0159869 0.0119757 -1.00914
-0.0160186 0.0119757 -1.00914
-0.0159552 0.0120074 -1.00913
-0.0159869 0.0120074 -1.00914
-0.0160186 0.0120074 -1.00914
-0.0159552 0.0120391 -1.00913
-0.0159869 0.0120391 -1.00914
-0.0160186 0.0120391 -1.00914
-0.0159552 0.0120707 -1.00913
-0.0159869 0.0120707 -1.00914
-0.0160186 0.0120707 -1.00914
-0.0159552 0.0121024 -1.00913
-0.0159869 0.0121024 -1.00914
-0.0160186 0.0121024 -1.00914
-0.0159552 0.012134 -1.00913
-0.0159869 0.012134 -1.00914
-0.0160186 0.012134 -1.00914
-0.0159552 0.0121657 -1.00913
-0.0159869 0.0121657 -1.00914
-0.0160186 0.0121657 -1.00914
-0.0159552 0.0121974 -1.00913
-0.0159869 0.0121974 -1.00914
-0.0160186 0.0121974 -1.00914
-0.0159552 0.012229 -1.00913
-0.0159869 0.012229 -1.00914
-0.0160186 0.012229 -1.00914
-0.0159552 0.0122607 -1.00913
-0.0159869 0.0122607 -1.00914
-0.0160186 0.0122607 -1.00914
-0.0159552 0.0122923 -1.00913
-0.0159869 0.0122923 -1.00914
-0.0160186 0.0122923 -1.00914
-0.0159552 0.012324 -1.00913
-0.0159869 0.012324 -1.00914
-0.0160186 0.012324 -1.00914
-0.0159552 0.0123556 -1.00913
-0.0159869 0.0123556 -1.00914
-0.0160186 0.0123556 -1.00914
-0.0159552 0.0123873 -1.00914
-0.0159869 0.0123873 -1.00914
-0.0160186 0.0123873 -1.00914
-0.0159552 0.012419 -1.00914
-0.0159869 0.012419 -1.00914
-0.0160186 0.012419 -1.00914
-0.0159552 0.0124506 -1.00914
-0.0159869 0.0124506 -1.00914
-0.0160186 0.0124506 -1.00915
-0.0159552 0.0124823 -1.00914
-0.0159869 0.0124823 -1.00914
-0.0160186 0.0124823 -1.00915
-0.0159552 0.0125139 -1.00914
-0.0159869 0.0125139 -1.00914
-0.0160186 0.0125139 -1.00915
-0.0159552 0.0125456 -1.00914
-0.0159869 0.0125456 -1.00914
-0.0160186 0.0125456 -1.00915
-0.0159552 0.0125772 -1.00914
-0.0159869 0.0125772 -1.00914
-0.0160186 0.0125772 -1.00915
-0.0159552 0.0126089 -1.00914
-0.0159869 0.0126089 -1.00914
-0.0160186 0.0126089 -1.00915
-0.0159552 0.0126406 -1.00914
-0.0159869 0.0126406 -1.00914
-0.0160186 0.0126406 -1.00915
-0.0159552 0.0126722 -1.00914
-0.0159869 0.0126722 -1.00914
-0.0160186 0.0126722 -1.00915
-0.0159552 0.0127039 -1.00914
-0.0159869 0.0127039 -1.00914
-0.0160186 0.0127039 -1.00915
-0.0159552 0.0127355 -1.00914
-0.0159869 0.0127355 -1.00914
-0.0160186 0.0127355 -1.00915
-0.0159552 0.0127672 -1.00914
-0.0159869 0.0127672 -1.00914
-0.0160186 0.0127672 -1.00915
-0.0159552 0.0127988 -1.00914
-0.0159869 0.0127988 -1.00914
-0.0160186 0.0127988 -1.00915
-0.0159552 0.0128305 -1.00914
-0.0159869 0.0128305 -1.00914
-0.0160186 0.0128305 -1.00915
-0.0159552 0.0128622 -1.00914
-0.0159869 0.0128622 -1.00914
-0.0160186 0.0128622 -1.00915
-0.0159552 0.0128938 -1.00914
-0.0159869 0.0128938 -1.00915
-0.0160186 0.0128938 -1.00915
-0.0159552 0.0129255 -1.00914
-0.0159869 0.0129255 -1.00915
-0.0160186 0.0129255 -1.00915
-0.0159552 0.0129571 -1.00914
-0.0159869 0.0129571 -1.00915
-0.0160186 0.0129571 -1.00915
-0.0159552 0.0129888 -1.00914
-0.0159869 0.0129888 -1.00915
-0.0160186 0.0129888 -1.00915
-0.0159552 0.0130204 -1.00914
-0.0159869 0.0130204 -1.00915
-0.0160186 0.0130204 -1.00915
-0.0159552 0.0130521 -1.00914
-0.0159869 0.0130521 -1.00915
-0.0160186 0.0130521 -1.00915
-0.0159552 0.0130838 -1.00914
-0.0159869 0.0130838 -1.00915
-0.0160186 0.0130838 -1.00915
