0.00514647 -0.0224059 -0.658746
0.00482904 -0.0224059 -0.658745
0.0045116 -0.0224059 -0.658744
0.00514647 -0.0220884 -0.658745
0.00482904 -0.0220884 -0.658744
0.0045116 -0.0220884 -0.658742
0.00514647 -0.021771 -0.658744
0.00482904 -0.021771 -0.658743
0.0045116 -0.021771 -0.658741
0.00514647 -0.0214536 -0.658743
0.00482904 -0.0214536 -0.658742
0.0045116 -0.0214536 -0.65874
0.00514647 -0.0211361 -0.658742
0.00482904 -0.0211361 -0.658741
0.0045116 -0.0211361 -0.658739
0.00514647 -0.0208187 -0.658741
0.00482904 -0.0208187 -0.65874
0.0045116 -0.0208187 -0.658738
0.00514647 -0.0205013 -0.65874
0.00482904 -0.0205013 -0.658738
0.0045116 -0.0205013 -0.658737
0.00514647 -0.0201838 -0.658739
0.00482904 -0.0201838 -0.658737
0.0045116 -0.0201838 -0.658736
0.00514647 -0.0198664 -0.658738
0.00482904 -0.0198664 -0.658736
0.0045116 -0.0198664 -0.658735
0.00514647 -0.019549 -0.658737
0.00482904 -0.019549 -0.658735
0.0045116 -0.019549 -0.658734
0.00514647 -0.0192315 -0.658736
0.00482904 -0.0192315 -0.658734
0.0045116 -0.0192315 -0.658733
0.00514647 -0.0189141 -0.658735
0.00482904 -0.0189141 -0.658733
0.0045116 -0.0189141 -0.658732
0.00514647 -0.0185966 -0.658734
0.00482904 -0.0185966 -0.658732
0.0045116 -0.0185966 -0.658731
0.00514647 -0.0182792 -0.658732
0.00482904 -0.0182792 -0.658731
0.0045116 -0.0182792 -0.65873
0.00514647 -0.0179618 -0.658731
0.00482904 -0.0179618 -0.65873
0.0045116 -0.0179618 -0.658729
0.00514647 -0.0176443 -0.65873
0.00482904 -0.0176443 -0.658729
0.0045116 -0.0176443 -0.658728
0.00514647 -0.0173269 -0.658729
0.00482904 -0.0173269 -0.658728
0.0045116 -0.0173269 -0.658727
0.00514647 -0.0170095 -0.658728
0.00482904 -0.0170095 -0.658727
0.0045116 -0.0170095 -0.658726
0.00514647 -0.016692 -0.658727
0.00482904 -0.016692 -0.658726
0.0045116 -0.016692 -0.658725
0.00514647 -0.0163746 -0.658726
0.00482904 -0.0163746 -0.658725
0.0045116 -0.0163746 -0.658723
0.00514647 -0.0160572 -0.658725
0.00482904 -0.0160572 -0.658724
0.0045116 -0.0160572 -0.658722
0.00514647 -0.0157397 -0.658724
0.00482904 -0.0157397 -0.658723
0.0045116 -0.0157397 -0.658721
0.00514647 -0.0154223 -0.658723
0.00482904 -0.0154223 -0.658722
0.0045116 -0.0154223 -0.65872
0.00514647 -0.0151049 -0.658722
0.00482904 -0.0151049 -0.658721
0.0045116 -0.0151049 -0.658719
0.00514647 -0.0147874 -0.658721
0.00482904 -0.0147874 -0.65872
0.0045116 -0.0147874 -0.658718
0.00514647 -0.01447 -0.65872
0.00482904 -0.01447 -0.658719
0.0045116 -0.01447 -0.658717
0.00514647 -0.0141526 -0.658719
0.00482904 -0.0141526 -0.658717
0.0045116 -0.0141526 -0.658716
0.00514647 -0.0138351 -0.658718
0.00482904 -0.0138351 -0.658716
0.0045116 -0.0138351 -0.658715
0.00514647 -0.0135177 -0.658717
0.00482904 -0.0135177 -0.658715
0.0045116 -0.0135177 -0.658714
0.00514647 -0.0132002 -0.658716
0.00482904 -0.0132002 -0.658714
0.0045116 -0.0132002 -0.658713
0.00514647 -0.0128828 -0.658715
0.00482904 -0.0128828 -0.658713
0.0045116 -0.0128828 -0.658712
0.00514647 -0.0125654 -0.658714
0.00482904 -0.0125654 -0.658712
0.0045116 -0.0125654 -0.658711
0.00514647 -0.0122479 -0.658712
0.00482904 -0.0122479 -0.658711
0.0045116 -0.0122479 -0.65871
0.00514647 -0.0119305 -0.658711
0.00482904 -0.0119305 -0.65871
0.0045116 -0.0119305 -0.658709
0.00514647 -0.0116131 -0.65871
0.00482904 -0.0116131 -0.658709
0.0045116 -0.0116131 -0.658708
0.00514647 -0.0112956 -0.658709
0.00482904 -0.0112956 -0.658708
0.0045116 -0.0112956 -0.658707
0.00514647 -0.0109782 -0.658708
0.00482904 -0.0109782 -0.658707
0.0045116 -0.0109782 -0.658706
0.00514647 -0.0106608 -0.658707
0.00482904 -0.0106608 -0.658706
0.0045116 -0.0106608 -0.658705
0.00514647 -0.0103433 -0.658706
0.00482904 -0.0103433 -0.658705
0.0045116 -0.0103433 -0.658704
0.00514647 -0.0100259 -0.658705
0.00482904 -0.0100259 -0.658704
0.0045116 -0.0100259 -0.658702
0.00514647 -0.00970845 -0.658704
0.00482904 -0.00970845 -0.658703
0.0045116 -0.00970845 -0.658701
0.00514647 -0.00939102 -0.658703
0.00482904 -0.00939102 -0.658702
0.0045116 -0.00939102 -0.6587
0.00514647 -0.00907358 -0.658702
0.00482904 -0.00907358 -0.658701
0.0045116 -0.00907358 -0.658699
0.00514647 -0.00875615 -0.658701
0.00482904 -0.00875615 -0.6587
0.0045116 -0.00875615 -0.658698
0.00514647 -0.00843871 -0.6587
0.00482904 -0.00843871 -0.658698
0.0045116 -0.00843871 -0.658697
0.00514647 -0.00812128 -0.658699
0.00482904 -0.00812128 -0.658697
0.0045116 -0.00812128 -0.658696
0.00514647 -0.00780384 -0.658698
0.00482904 -0.00780384 -0.658696
0.0045116 -0.00780384 -0.658695
0.00514647 -0.00748641 -0.658697
0.00482904 -0.00748641 -0.658695
0.0045116 -0.00748641 -0.658694
0.00514647 -0.00716897 -0.658696
0.00482904 -0.00716897 -0.658694
0.0045116 -0.00716897 -0.658693
0.00514647 -0.00685153 -0.658695
0.00482904 -0.00685153 -0.658693
0.0045116 -0.00685153 -0.658692
0.00514647 -0.0065341 -0.658693
0.00482904 -0.0065341 -0.658692
0.0045116 -0.0065341 -0.658691
0.00514647 -0.00621666 -0.658692
0.00482904 -0.00621666 -0.658691
0.0045116 -0.00621666 -0.65869
0.00514647 -0.00589923 -0.658691
0.00482904 -0.00589923 -0.65869
0.0045116 -0.00589923 -0.658689
0.00514647 -0.00558179 -0.65869
0.00482904 -0.00558179 -0.658689
0.0045116 -0.00558179 -0.658688
0.00514647 -0.00526436 -0.658689
0.00482904 -0.00526436 -0.658688
0.0045116 -0.00526436 -0.658687
0.00514647 -0.00494692 -0.658688
0.00482904 -0.00494692 -0.658687
0.0045116 -0.00494692 -0.658686
0.00514647 -0.00462949 -0.658687
0.00482904 -0.00462949 -0.658686
0.0045116 -0.00462949 -0.658685
0.00514647 -0.00431205 -0.658686
0.00482904 -0.00431205 -0.658685
0.0045116 -0.00431205 -0.658683
0.00514647 -0.00399462 -0.658685
0.00482904 -0.00399462 -0.658684
0.0045116 -0.00399462 -0.658682
0.00514647 -0.00367718 -0.658684
0.00482904 -0.00367718 -0.658683
0.0045116 -0.00367718 -0.658681
0.00514647 -0.00335974 -0.658683
0.00482904 -0.00335974 -0.658682
0.0045116 -0.00335974 -0.65868
0.00514647 -0.00304231 -0.658682
0.00482904 -0.00304231 -0.658681
0.0045116 -0.00304231 -0.658679
0.00514647 -0.00272487 -0.658681
0.00482904 -0.00272487 -0.65868
0.0045116 -0.00272487 -0.658678
0.00514647 -0.00240744 -0.65868
0.00482904 -0.00240744 -0.658678
0.0045116 -0.00240744 -0.658677
0.00514647 -0.00209 -0.658679
0.00482904 -0.00209 -0.658677
0.0045116 -0.00209 -0.658676
0.00514647 -0.00177257 -0.658678
0.00482904 -0.00177257 -0.658676
0.0045116 -0.00177257 -0.658675
0.00514647 -0.00145513 -0.658677
0.00482904 -0.00145513 -0.658675
0.0045116 -0.00145513 -0.658674
0.00514647 -0.0011377 -0.658676
0.00482904 -0.0011377 -0.658674
0.0045116 -0.0011377 -0.658673
0.00514647 -0.000820261 -0.658675
0.00482904 -0.000820261 -0.658673
0.0045116 -0.000820261 -0.658672
0.00514647 -0.000502825 -0.658674
0.00482904 -0.000502825 -0.658672
0.0045116 -0.000502825 -0.658671
0.00514647 -0.00018539 -0.658672
0.00482904 -0.00018539 -0.658671
0.0045116 -0.00018539 -0.65867
0.00514647 0.000132046 -0.658671
0.00482904 0.000132046 -0.65867
0.0045116 0.000132046 -0.658669
0.00514647 0.000449481 -0.65867
0.00482904 0.000449481 -0.658669
0.0045116 0.000449481 -0.658668
0.00514647 0.000766916 -0.658669
0.00482904 0.000766916 -0.658668
0.0045116 0.000766916 -0.658667
0.00514647 0.00108435 -0.658668
0.00482904 0.00108435 -0.658667
0.0045116 0.00108435 -0.658666
0.00514647 0.00140179 -0.658667
0.00482904 0.00140179 -0.658666
0.0045116 0.00140179 -0.658665
0.00514647 0.00171922 -0.658666
0.00482904 0.00171922 -0.658665
0.0045116 0.00171922 -0.658663
0.00514647 0.00203666 -0.658665
0.00482904 0.00203666 -0.658664
0.0045116 0.00203666 -0.658662
0.00514647 0.00235409 -0.658664
0.00482904 0.00235409 -0.658663
0.0045116 0.00235409 -0.658661
0.00514647 0.00267153 -0.658663
0.00482904 0.00267153 -0.658662
0.0045116 0.00267153 -0.65866
0.00514647 0.00298896 -0.658662
0.00482904 0.00298896 -0.658661
0.0045116 0.00298896 -0.658659
0.00514647 0.0033064 -0.658661
0.00482904 0.0033064 -0.65866
0.0045116 0.0033064 -0.658658
0.00514647 0.00362384 -0.65866
0.00482904 0.00362384 -0.658659
0.0045116 0.00362384 -0.658657
0.00514647 0.00394127 -0.658659
0.00482904 0.00394127 -0.658657
0.0045116 0.00394127 -0.658656
0.00514647 0.00425871 -0.658658
0.00482904 0.00425871 -0.658656
0.0045116 0.00425871 -0.658655
0.00514647 0.00457614 -0.658657
0.00482904 0.00457614 -0.658655
0.0045116 0.00457614 -0.658654
0.00514647 0.00489358 -0.658656
0.00482904 0.00489358 -0.658654
0.0045116 0.00489358 -0.658653
0.00514647 0.00521101 -0.658655
0.00482904 0.00521101 -0.658653
0.0045116 0.00521101 -0.658652
0.00514647 0.00552845 -0.658653
0.00482904 0.00552845 -0.658652
0.0045116 0.00552845 -0.658651
0.00514647 0.00584588 -0.658652
0.00482904 0.00584588 -0.658651
0.0045116 0.00584588 -0.65865
0.00514647 0.00616332 -0.658651
0.00482904 0.00616332 -0.65865
0.0045116 0.00616332 -0.658649
0.00514647 0.00648075 -0.65865
0.00482904 0.00648075 -0.658649
0.0045116 0.00648075 -0.658648
0.00514647 0.00679819 -0.658649
0.00482904 0.00679819 -0.658648
0.0045116 0.00679819 -0.658647
0.00514647 0.00711563 -0.658648
0.00482904 0.00711563 -0.658647
0.0045116 0.00711563 -0.658646
0.00514647 0.00743306 -0.658647
0.00482904 0.00743306 -0.658646
0.0045116 0.00743306 -0.658644
0.00514647 0.0077505 -0.658646
0.00482904 0.0077505 -0.658645
0.0045116 0.0077505 -0.658643
0.00514647 0.00806793 -0.658645
0.00482904 0.00806793 -0.658644
0.0045116 0.00806793 -0.658642
0.00514647 0.00838537 -0.658644
0.00482904 0.00838537 -0.658643
0.0045116 0.00838537 -0.658641
0.00514647 0.0087028 -0.658643
0.00482904 0.0087028 -0.658642
0.0045116 0.0087028 -0.65864
0.00514647 0.00902024 -0.658642
0.00482904 0.00902024 -0.658641
0.0045116 0.00902024 -0.658639
0.00514647 0.00933767 -0.658641
0.00482904 0.00933767 -0.65864
0.0045116 0.00933767 -0.658638
0.00514647 0.00965511 -0.65864
0.00482904 0.00965511 -0.658638
0.0045116 0.00965511 -0.658637
0.00514647 0.00997254 -0.658639
0.00482904 0.00997254 -0.658637
0.0045116 0.00997254 -0.658636
0.00514647 0.01029 -0.658638
0.00482904 0.01029 -0.658636
0.0045116 0.01029 -0.658635
0.00514647 0.0106074 -0.658637
0.00482904 0.0106074 -0.658635
0.0045116 0.0106074 -0.658634
0.00514647 0.0109249 -0.658636
0.00482904 0.0109249 -0.658634
0.0045116 0.0109249 -0.658633
0.00514647 0.0112423 -0.658635
0.00482904 0.0112423 -0.658633
0.0045116 0.0112423 -0.658632
0.00514647 0.0115597 -0.658633
0.00482904 0.0115597 -0.658632
0.0045116 0.0115597 -0.658631
0.00514647 0.0118772 -0.658632
0.00482904 0.0118772 -0.658631
0.0045116 0.0118772 -0.65863
0.00514647 0.0121946 -0.658631
0.00482904 0.0121946 -0.65863
0.0045116 0.0121946 -0.658629
0.00514647 0.012512 -0.65863
0.00482904 0.012512 -0.658629
0.0045116 0.012512 -0.658628
