-0.000429162 -0.091114 -0.866511
-0.00206412 -0.091114 -0.866515
-0.00369907 -0.091114 -0.866519
-0.000429162 -0.089479 -0.866511
-0.00206412 -0.089479 -0.866515
-0.00369907 -0.089479 -0.866519
-0.000429162 -0.0878441 -0.866512
-0.00206412 -0.0878441 -0.866516
-0.00369907 -0.0878441 -0.86652
-0.000429162 -0.0862091 -0.866512
-0.00206412 -0.0862091 -0.866516
-0.00369907 -0.0862091 -0.86652
-0.000429162 -0.0845742 -0.866513
-0.00206412 -0.0845742 -0.866517
-0.00369907 -0.0845742 -0.866521
-0.000429162 -0.0829392 -0.866513
-0.00206412 -0.0829392 -0.866517
-0.00369907 -0.0829392 -0.866521
-0.000429162 -0.0813043 -0.866514
-0.00206412 -0.0813043 -0.866518
-0.00369907 -0.0813043 -0.866521
-0.000429162 -0.0796693 -0.866514
-0.00206412 -0.0796693 -0.866518
-0.00369907 -0.0796693 -0.866522
-0.000429162 -0.0780343 -0.866515
-0.00206412 -0.0780343 -0.866518
-0.00369907 -0.0780343 -0.866522
-0.000429162 -0.0763994 -0.866515
-0.00206412 -0.0763994 -0.866519
-0.00369907 -0.0763994 -0.866523
-0.000429162 -0.0747644 -0.866515
-0.00206412 -0.0747644 -0.866519
-0.00369907 -0.0747644 -0.866523
-0.000429162 -0.0731295 -0.866516
-0.00206412 -0.0731295 -0.86652
-0.00369907 -0.0731295 -0.866524
-0.000429162 -0.0714945 -0.866516
-0.00206412 -0.0714945 -0.86652
-0.00369907 -0.0714945 -0.866524
-0.000429162 -0.0698596 -0.866517
-0.00206412 -0.0698596 -0.866521
-0.00369907 -0.0698596 -0.866525
-0.000429162 -0.0682246 -0.866517
-0.00206412 -0.0682246 -0.866521
-0.00369907 -0.0682246 -0.866525
-0.000429162 -0.0665897 -0.866518
-0.00206412 -0.0665897 -0.866522
-0.00369907 -0.0665897 -0.866525
-0.000429162 -0.0649547 -0.866518
-0.00206412 -0.0649547 -0.866522
-0.00369907 -0.0649547 -0.866526
-0.000429162 -0.0633198 -0.866519
-0.00206412 -0.0633198 -0.866522
-0.00369907 -0.0633198 -0.866526
-0.000429162 -0.0616848 -0.866519
-0.00206412 -0.0616848 -0.866523
-0.00369907 -0.0616848 -0.866527
-0.000429162 -0.0600498 -0.866519
-0.00206412 -0.0600498 -0.866523
-0.00369907 -0.0600498 -0.866527
-0.000429162 -0.0584149 -0.86652
-0.00206412 -0.0584149 -0.866524
-0.00369907 -0.0584149 -0.866528
-0.000429162 -0.0567799 -0.86652
-0.00206412 -0.0567799 -0.866524
-0.00369907 -0.0567799 -0.866528
-0.000429162 -0.055145 -0.866521
-0.00206412 -0.055145 -0.866525
-0.00369907 -0.055145 -0.866529
-0.000429162 -0.05351 -0.866521
-0.00206412 -0.05351 -0.866525
-0.00369907 -0.05351 -0.866529
-0.000429162 -0.0518751 -0.866522
-0.00206412 -0.0518751 -0.866526
-0.00369907 -0.0518751 -0.866529
-0.000429162 -0.0502401 -0.866522
-0.00206412 -0.0502401 -0.866526
-0.00369907 -0.0502401 -0.86653
-0.000429162 -0.0486052 -0.866522
-0.00206412 -0.0486052 -0.866526
-0.00369907 -0.0486052 -0.86653
-0.000429162 -0.0469702 -0.866523
-0.00206412 -0.0469702 -0.866527
-0.00369907 -0.0469702 -0.866531
-0.000429162 -0.0453353 -0.866523
-0.00206412 -0.0453353 -0.866527
-0.00369907 -0.0453353 -0.866531
-0.000429162 -0.0437003 -0.866524
-0.00206412 -0.0437003 -0.866528
-0.00369907 -0.0437003 -0.866532
-0.000429162 -0.0420653 -0.866524
-0.00206412 -0.0420653 -0.866528
-0.00369907 -0.0420653 -0.866532
-0.000429162 -0.0404304 -0.866525
-0.00206412 -0.0404304 -0.866529
-0.00369907 -0.0404304 -0.866533
-0.000429162 -0.0387954 -0.866525
-0.00206412 -0.0387954 -0.866529
-0.00369907 -0.0387954 -0.866533
-0.000429162 -0.0371605 -0.866526
-0.00206412 -0.0371605 -0.86653
-0.00369907 -0.0371605 -0.866533
-0.000429162 -0.0355255 -0.866526
-0.00206412 -0.0355255 -0.86653
-0.00369907 -0.0355255 -0.866534
-0.000429162 -0.0338906 -0.866526
-0.00206412 -0.0338906 -0.86653
-0.00369907 -0.0338906 -0.866534
-0.000429162 -0.0322556 -0.866527
-0.00206412 -0.0322556 -0.866531
-0.00369907 -0.0322556 -0.866535
-0.000429162 -0.0306207 -0.866527
-0.00206412 -0.0306207 -0.866531
-0.00369907 -0.0306207 -0.866535
-0.000429162 -0.0289857 -0.866528
-0.00206412 -0.0289857 -0.866532
-0.00369907 -0.0289857 -0.866536
-0.000429162 -0.0273507 -0.866528
-0.00206412 -0.0273507 -0.866532
-0.00369907 -0.0273507 -0.866536
-0.000429162 -0.0257158 -0.866529
-0.00206412 -0.0257158 -0.866533
-0.00369907 -0.0257158 -0.866536
-0.000429162 -0.0240808 -0.866529
-0.00206412 -0.0240808 -0.866533
-0.00369907 -0.0240808 -0.866537
-0.000429162 -0.0224459 -0.86653
-0.00206412 -0.0224459 -0.866534
-0.00369907 -0.0224459 -0.866537
-0.000429162 -0.0208109 -0.86653
-0.00206412 -0.0208109 -0.866534
-0.00369907 -0.0208109 -0.866538
-0.000429162 -0.019176 -0.86653
-0.00206412 -0.019176 -0.866534
-0.00369907 -0.019176 -0.866538
-0.000429162 -0.017541 -0.866531
-0.00206412 -0.017541 -0.866535
-0.00369907 -0.017541 -0.866539
-0.000429162 -0.0159061 -0.866531
-0.00206412 -0.0159061 -0.866535
-0.00369907 -0.0159061 -0.866539
-0.000429162 -0.0142711 -0.866532
-0.00206412 -0.0142711 -0.866536
-0.00369907 -0.0142711 -0.86654
-0.000429162 -0.0126362 -0.866532
-0.00206412 -0.0126362 -0.866536
-0.00369907 -0.0126362 -0.86654
-0.000429162 -0.0110012 -0.866533
-0.00206412 -0.0110012 -0.866537
-0.00369907 -0.0110012 -0.86654
-0.000429162 -0.00936625 -0.866533
-0.00206412 -0.00936625 -0.866537
-0.00369907 -0.00936625 -0.866541
-0.000429162 -0.00773129 -0.866534
-0.00206412 -0.00773129 -0.866537
-0.00369907 -0.00773129 -0.866541
-0.000429162 -0.00609634 -0.866534
-0.00206412 -0.00609634 -0.866538
-0.00369907 -0.00609634 -0.866542
-0.000429162 -0.00446138 -0.866534
-0.00206412 -0.00446138 -0.866538
-0.00369907 -0.00446138 -0.866542
-0.000429162 -0.00282643 -0.866535
-0.00206412 -0.00282643 -0.866539
-0.00369907 -0.00282643 -0.866543
-0.000429162 -0.00119147 -0.866535
-0.00206412 -0.00119147 -0.866539
-0.00369907 -0.00119147 -0.866543
-0.000429162 0.000443481 -0.866536
-0.00206412 0.000443481 -0.86654
-0.00369907 0.000443481 -0.866544
-0.000429162 0.00207844 -0.866536
-0.00206412 0.00207844 -0.86654
-0.00369907 0.00207844 -0.866544
-0.000429162 0.00371339 -0.866537
-0.00206412 0.00371339 -0.866541
-0.00369907 0.00371339 -0.866544
-0.000429162 0.00534834 -0.866537
-0.00206412 0.00534834 -0.866541
-0.00369907 0.00534834 -0.866545
-0.000429162 0.0069833 -0.866538
-0.00206412 0.0069833 -0.866541
-0.00369907 0.0069833 -0.866545
-0.000429162 0.00861825 -0.866538
-0.00206412 0.00861825 -0.866542
-0.00369907 0.00861825 -0.866546
-0.000429162 0.0102532 -0.866538
-0.00206412 0.0102532 -0.866542
-0.00369907 0.0102532 -0.866546
-0.000429162 0.0118882 -0.866539
-0.00206412 0.0118882 -0.866543
-0.00369907 0.0118882 -0.866547
-0.000429162 0.0135231 -0.866539
-0.00206412 0.0135231 -0.866543
-0.00369907 0.0135231 -0.866547
-0.000429162 0.0151581 -0.86654
-0.00206412 0.0151581 -0.866544
-0.00369907 0.0151581 -0.866548
-0.000429162 0.016793 -0.86654
-0.00206412 0.016793 -0.866544
-0.00369907 0.016793 -0.866548
-0.000429162 0.018428 -0.866541
-0.00206412 0.018428 -0.866545
-0.00369907 0.018428 -0.866548
-0.000429162 0.0200629 -0.866541
-0.00206412 0.0200629 -0.866545
-0.00369907 0.0200629 -0.866549
-0.000429162 0.0216979 -0.866542
-0.00206412 0.0216979 -0.866545
-0.00369907 0.0216979 -0.866549
-0.000429162 0.0233328 -0.866542
-0.00206412 0.0233328 -0.866546
-0.00369907 0.0233328 -0.86655
-0.000429162 0.0249678 -0.866542
-0.00206412 0.0249678 -0.866546
-0.00369907 0.0249678 -0.86655
-0.000429162 0.0266028 -0.866543
-0.00206412 0.0266028 -0.866547
-0.00369907 0.0266028 -0.866551
-0.000429162 0.0282377 -0.866543
-0.00206412 0.0282377 -0.866547
-0.00369907 0.0282377 -0.866551
-0.000429162 0.0298727 -0.866544
-0.00206412 0.0298727 -0.866548
-0.00369907 0.0298727 -0.866552
-0.000429162 0.0315076 -0.866544
-0.00206412 0.0315076 -0.866548
-0.00369907 0.0315076 -0.866552
-0.000429162 0.0331426 -0.866545
-0.00206412 0.0331426 -0.866549
-0.00369907 0.0331426 -0.866552
-0.000429162 0.0347775 -0.866545
-0.00206412 0.0347775 -0.866549
-0.00369907 0.0347775 -0.866553
-0.000429162 0.0364125 -0.866545
-0.00206412 0.0364125 -0.866549
-0.00369907 0.0364125 -0.866553
-0.000429162 0.0380474 -0.866546
-0.00206412 0.0380474 -0.86655
-0.00369907 0.0380474 -0.866554
-0.000429162 0.0396824 -0.866546
-0.00206412 0.0396824 -0.86655
-0.00369907 0.0396824 -0.866554
-0.000429162 0.0413173 -0.866547
-0.00206412 0.0413173 -0.866551
-0.00369907 0.0413173 -0.866555
-0.000429162 0.0429523 -0.866547
-0.00206412 0.0429523 -0.866551
-0.00369907 0.0429523 -0.866555
-0.000429162 0.0445873 -0.866548
-0.00206412 0.0445873 -0.866552
-0.00369907 0.0445873 -0.866556
-0.000429162 0.0462222 -0.866548
-0.00206412 0.0462222 -0.866552
-0.00369907 0.0462222 -0.866556
-0.000429162 0.0478572 -0.866549
-0.00206412 0.0478572 -0.866553
-0.00369907 0.0478572 -0.866556
-0.000429162 0.0494921 -0.866549
-0.00206412 0.0494921 -0.866553
-0.00369907 0.0494921 -0.866557
-0.000429162 0.0511271 -0.866549
-0.00206412 0.0511271 -0.866553
-0.00369907 0.0511271 -0.866557
-0.000429162 0.052762 -0.86655
-0.00206412 0.052762 -0.866554
-0.00369907 0.052762 -0.866558
-0.000429162 0.054397 -0.86655
-0.00206412 0.054397 -0.866554
-0.00369907 0.054397 -0.866558
-0.000429162 0.0560319 -0.866551
-0.00206412 0.0560319 -0.866555
-0.00369907 0.0560319 -0.866559
-0.000429162 0.0576669 -0.866551
-0.00206412 0.0576669 -0.866555
-0.00369907 0.0576669 -0.866559
-0.000429162 0.0593018 -0.866552
-0.00206412 0.0593018 -0.866556
-0.00369907 0.0593018 -0.86656
-0.000429162 0.0609368 -0.866552
-0.00206412 0.0609368 -0.866556
-0.00369907 0.0609368 -0.86656
-0.000429162 0.0625718 -0.866553
-0.00206412 0.0625718 -0.866556
-0.00369907 0.0625718 -0.86656
-0.000429162 0.0642067 -0.866553
-0.00206412 0.0642067 -0.866557
-0.00369907 0.0642067 -0.866561
-0.000429162 0.0658417 -0.866553
-0.00206412 0.0658417 -0.866557
-0.00369907 0.0658417 -0.866561
-0.000429162 0.0674766 -0.866554
-0.00206412 0.0674766 -0.866558
-0.00369907 0.0674766 -0.866562
-0.000429162 0.0691116 -0.866554
-0.00206412 0.0691116 -0.866558
-0.00369907 0.0691116 -0.866562
-0.000429162 0.0707465 -0.866555
-0.00206412 0.0707465 -0.866559
-0.00369907 0.0707465 -0.866563
-0.000429162 0.0723815 -0.866555
-0.00206412 0.0723815 -0.866559
-0.00369907 0.0723815 -0.866563
-0.000429162 0.0740164 -0.866556
-0.00206412 0.0740164 -0.86656
-0.00369907 0.0740164 -0.866563
-0.000429162 0.0756514 -0.866556
-0.00206412 0.0756514 -0.86656
-0.00369907 0.0756514 -0.866564
-0.000429162 0.0772864 -0.866557
-0.00206412 0.0772864 -0.86656
-0.00369907 0.0772864 -0.866564
-0.000429162 0.0789213 -0.866557
-0.00206412 0.0789213 -0.866561
-0.00369907 0.0789213 -0.866565
-0.000429162 0.0805563 -0.866557
-0.00206412 0.0805563 -0.866561
-0.00369907 0.0805563 -0.866565
-0.000429162 0.0821912 -0.866558
-0.00206412 0.0821912 -0.866562
-0.00369907 0.0821912 -0.866566
-0.000429162 0.0838262 -0.866558
-0.00206412 0.0838262 -0.866562
-0.00369907 0.0838262 -0.866566
-0.000429162 0.0854611 -0.866559
-0.00206412 0.0854611 -0.866563
-0.00369907 0.0854611 -0.866567
-0.000429162 0.0870961 -0.866559
-0.00206412 0.0870961 -0.866563
-0.00369907 0.0870961 -0.866567
-0.000429162 0.088731 -0.86656
-0.00206412 0.088731 -0.866564
-0.00369907 0.088731 -0.866567
