0.00537748 -0.0225496 -0.760357
0.00540625 -0.0225496 -0.760353
0.00543502 -0.0225496 -0.760349
0.00537748 -0.0225784 -0.760357
0.00540625 -0.0225784 -0.760353
0.00543502 -0.0225784 -0.76035
0.00537748 -0.0226071 -0.760358
0.00540625 -0.0226071 -0.760354
0.00543502 -0.0226071 -0.76035
0.00537748 -0.0226359 -0.760358
0.00540625 -0.0226359 -0.760355
0.00543502 -0.0226359 -0.760351
0.00537748 -0.0226647 -0.760359
0.00540625 -0.0226647 -0.760355
0.00543502 -0.0226647 -0.760351
0.00537748 -0.0226934 -0.76036
0.00540625 -0.0226934 -0.760356
0.00543502 -0.0226934 -0.760352
0.00537748 -0.0227222 -0.76036
0.00540625 -0.0227222 -0.760356
0.00543502 -0.0227222 -0.760353
0.00537748 -0.022751 -0.760361
0.00540625 -0.022751 -0.760357
0.00543502 -0.022751 -0.760353
0.00537748 -0.0227797 -0.760361
0.00540625 -0.0227797 -0.760358
0.00543502 -0.0227797 -0.760354
0.00537748 -0.0228085 -0.760362
0.00540625 -0.0228085 -0.760358
0.00543502 -0.0228085 -0.760354
0.00537748 -0.0228373 -0.760363
0.00540625 -0.0228373 -0.760359
0.00543502 -0.0228373 -0.760355
0.00537748 -0.022866 -0.760363
0.00540625 -0.022866 -0.760359
0.00543502 -0.022866 -0.760356
0.00537748 -0.0228948 -0.760364
0.00540625 -0.0228948 -0.76036
0.00543502 -0.0228948 -0.760356
0.00537748 -0.0229236 -0.760364
0.00540625 -0.0229236 -0.760361
0.00543502 -0.0229236 -0.760357
0.00537748 -0.0229523 -0.760365
0.00540625 -0.0229523 -0.760361
0.00543502 -0.0229523 -0.760357
0.00537748 -0.0229811 -0.760365
0.00540625 -0.0229811 -0.760362
0.00543502 -0.0229811 -0.760358
0.00537748 -0.0230099 -0.760366
0.00540625 -0.0230099 -0.760362
0.00543502 -0.0230099 -0.760359
0.00537748 -0.0230386 -0.760367
0.00540625 -0.0230386 -0.760363
0.00543502 -0.0230386 -0.760359
0.00537748 -0.0230674 -0.760367
0.00540625 -0.0230674 -0.760363
0.00543502 -0.0230674 -0.76036
0.00537748 -0.0230962 -0.760368
0.00540625 -0.0230962 -0.760364
0.00543502 -0.0230962 -0.76036
0.00537748 -0.0231249 -0.760368
0.00540625 -0.0231249 -0.760365
0.00543502 -0.0231249 -0.760361
0.00537748 -0.0231537 -0.760369
0.00540625 -0.0231537 -0.760365
0.00543502 -0.0231537 -0.760361
0.00537748 -0.0231825 -0.76037
0.00540625 -0.0231825 -0.760366
0.00543502 -0.0231825 -0.760362
0.00537748 -0.0232112 -0.76037
0.00540625 -0.0232112 -0.760366
0.00543502 -0.0232112 -0.760363
0.00537748 -0.02324 -0.760371
0.00540625 -0.02324 -0.760367
0.00543502 -0.02324 -0.760363
0.00537748 -0.0232688 -0.760371
0.00540625 -0.0232688 -0.760368
0.00543502 -0.0232688 -0.760364
0.00537748 -0.0232975 -0.760372
0.00540625 -0.0232975 -0.760368
0.00543502 -0.0232975 -0.760364
0.00537748 -0.0233263 -0.760373
0.00540625 -0.0233263 -0.760369
0.00543502 -0.0233263 -0.760365
0.00537748 -0.0233551 -0.760373
0.00540625 -0.0233551 -0.760369
0.00543502 -0.0233551 -0.760366
0.00537748 -0.0233838 -0.760374
0.00540625 -0.0233838 -0.76037
0.00543502 -0.0233838 -0.760366
0.00537748 -0.0234126 -0.760374
0.00540625 -0.0234126 -0.760371
0.00543502 -0.0234126 -0.760367
0.00537748 -0.0234414 -0.760375
0.00540625 -0.0234414 -0.760371
0.00543502 -0.0234414 -0.760367
0.00537748 -0.0234701 -0.760375
0.00540625 -0.0234701 -0.760372
0.00543502 -0.0234701 -0.760368
0.00537748 -0.0234989 -0.760376
0.00540625 -0.0234989 -0.760372
0.00543502 -0.0234989 -0.760369
0.00537748 -0.0235277 -0.760377
0.00540625 -0.0235277 -0.760373
0.00543502 -0.0235277 -0.760369
0.00537748 -0.0235564 -0.760377
0.00540625 -0.0235564 -0.760374
0.00543502 -0.0235564 -0.76037
0.00537748 -0.0235852 -0.760378
0.00540625 -0.0235852 -0.760374
0.00543502 -0.0235852 -0.76037
0.00537748 -0.023614 -0.760378
0.00540625 -0.023614 -0.760375
0.00543502 -0.023614 -0.760371
0.00537748 -0.0236427 -0.760379
0.00540625 -0.0236427 -0.760375
0.00543502 -0.0236427 -0.760372
0.00537748 -0.0236715 -0.76038
0.00540625 -0.0236715 -0.760376
0.00543502 -0.0236715 -0.760372
0.00537748 -0.0237003 -0.76038
0.00540625 -0.0237003 -0.760376
0.00543502 -0.0237003 -0.760373
0.00537748 -0.023729 -0.760381
0.00540625 -0.023729 -0.760377
0.00543502 -0.023729 -0.760373
0.00537748 -0.0237578 -0.760381
0.00540625 -0.0237578 -0.760378
0.00543502 -0.0237578 -0.760374
0.00537748 -0.0237866 -0.760382
0.00540625 -0.0237866 -0.760378
0.00543502 -0.0237866 -0.760374
0.00537748 -0.0238153 -0.760383
0.00540625 -0.0238153 -0.760379
0.00543502 -0.0238153 -0.760375
0.00537748 -0.0238441 -0.760383
0.00540625 -0.0238441 -0.760379
0.00543502 -0.0238441 -0.760376
0.00537748 -0.0238729 -0.760384
0.00540625 -0.0238729 -0.76038
0.00543502 -0.0238729 -0.760376
0.00537748 -0.0239016 -0.760384
0.00540625 -0.0239016 -0.760381
0.00543502 -0.0239016 -0.760377
0.00537748 -0.0239304 -0.760385
0.00540625 -0.0239304 -0.760381
0.00543502 -0.0239304 -0.760377
0.00537748 -0.0239592 -0.760386
0.00540625 -0.0239592 -0.760382
0.00543502 -0.0239592 -0.760378
0.00537748 -0.0239879 -0.760386
0.00540625 -0.0239879 -0.760382
0.00543502 -0.0239879 -0.760379
0.00537748 -0.0240167 -0.760387
0.00540625 -0.0240167 -0.760383
0.00543502 -0.0240167 -0.760379
0.00537748 -0.0240455 -0.760387
0.00540625 -0.0240455 -0.760384
0.00543502 -0.0240455 -0.76038
0.00537748 -0.0240742 -0.760388
0.00540625 -0.0240742 -0.760384
0.00543502 -0.0240742 -0.76038
0.00537748 -0.024103 -0.760388
0.00540625 -0.024103 -0.760385
0.00543502 -0.024103 -0.760381
0.00537748 -0.0241318 -0.760389
0.00540625 -0.0241318 -0.760385
0.00543502 -0.0241318 -0.760382
0.00537748 -0.0241605 -0.76039
0.00540625 -0.0241605 -0.760386
0.00543502 -0.0241605 -0.760382
0.00537748 -0.0241893 -0.76039
0.00540625 -0.0241893 -0.760387
0.00543502 -0.0241893 -0.760383
0.00537748 -0.0242181 -0.760391
0.00540625 -0.0242181 -0.760387
0.00543502 -0.0242181 -0.760383
0.00537748 -0.0242468 -0.760391
0.00540625 -0.0242468 -0.760388
0.00543502 -0.0242468 -0.760384
0.00537748 -0.0242756 -0.760392
0.00540625 -0.0242756 -0.760388
0.00543502 -0.0242756 -0.760385
0.00537748 -0.0243044 -0.760393
0.00540625 -0.0243044 -0.760389
0.00543502 -0.0243044 -0.760385
0.00537748 -0.0243331 -0.760393
0.00540625 -0.0243331 -0.76039
0.00543502 -0.0243331 -0.760386
0.00537748 -0.0243619 -0.760394
0.00540625 -0.0243619 -0.76039
0.00543502 -0.0243619 -0.760386
0.00537748 -0.0243907 -0.760394
0.00540625 -0.0243907 -0.760391
0.00543502 -0.0243907 -0.760387
0.00537748 -0.0244194 -0.760395
0.00540625 -0.0244194 -0.760391
0.00543502 -0.0244194 -0.760388
0.00537748 -0.0244482 -0.760396
0.00540625 -0.0244482 -0.760392
0.00543502 -0.0244482 -0.760388
0.00537748 -0.024477 -0.760396
0.00540625 -0.024477 -0.760392
0.00543502 -0.024477 -0.760389
0.00537748 -0.0245057 -0.760397
0.00540625 -0.0245057 -0.760393
0.00543502 -0.0245057 -0.760389
0.00537748 -0.0245345 -0.760397
0.00540625 -0.0245345 -0.760394
0.00543502 -0.0245345 -0.76039
0.00537748 -0.0245633 -0.760398
0.00540625 -0.0245633 -0.760394
0.00543502 -0.0245633 -0.76039
0.00537748 -0.024592 -0.760399
0.00540625 -0.024592 -0.760395
0.00543502 -0.024592 -0.760391
0.00537748 -0.0246208 -0.760399
0.00540625 -0.0246208 -0.760395
0.00543502 -0.0246208 -0.760392
0.00537748 -0.0246496 -0.7604
0.00540625 -0.0246496 -0.760396
0.00543502 -0.0246496 -0.760392
0.00537748 -0.0246783 -0.7604
0.00540625 -0.0246783 -0.760397
0.00543502 -0.0246783 -0.760393
0.00537748 -0.0247071 -0.760401
0.00540625 -0.0247071 -0.760397
0.00543502 -0.0247071 -0.760393
0.00537748 -0.0247359 -0.760401
0.00540625 -0.0247359 -0.760398
0.00543502 -0.0247359 -0.760394
0.00537748 -0.0247646 -0.760402
0.00540625 -0.0247646 -0.760398
0.00543502 -0.0247646 -0.760395
0.00537748 -0.0247934 -0.760403
0.00540625 -0.0247934 -0.760399
0.00543502 -0.0247934 -0.760395
0.00537748 -0.0248222 -0.760403
0.00540625 -0.0248222 -0.7604
0.00543502 -0.0248222 -0.760396
0.00537748 -0.0248509 -0.760404
0.00540625 -0.0248509 -0.7604
0.00543502 -0.0248509 -0.760396
0.00537748 -0.0248797 -0.760404
0.00540625 -0.0248797 -0.760401
0.00543502 -0.0248797 -0.760397
0.00537748 -0.0249085 -0.760405
0.00540625 -0.0249085 -0.760401
0.00543502 -0.0249085 -0.760398
0.00537748 -0.0249372 -0.760406
0.00540625 -0.0249372 -0.760402
0.00543502 -0.0249372 -0.760398
0.00537748 -0.024966 -0.760406
0.00540625 -0.024966 -0.760403
0.00543502 -0.024966 -0.760399
0.00537748 -0.0249948 -0.760407
0.00540625 -0.0249948 -0.760403
0.00543502 -0.0249948 -0.760399
0.00537748 -0.0250235 -0.760407
0.00540625 -0.0250235 -0.760404
0.00543502 -0.0250235 -0.7604
0.00537748 -0.0250523 -0.760408
0.00540625 -0.0250523 -0.760404
0.00543502 -0.0250523 -0.760401
0.00537748 -0.0250811 -0.760409
0.00540625 -0.0250811 -0.760405
0.00543502 -0.0250811 -0.760401
0.00537748 -0.0251098 -0.760409
0.00540625 -0.0251098 -0.760405
0.00543502 -0.0251098 -0.760402
0.00537748 -0.0251386 -0.76041
0.00540625 -0.0251386 -0.760406
0.00543502 -0.0251386 -0.760402
0.00537748 -0.0251674 -0.76041
0.00540625 -0.0251674 -0.760407
0.00543502 -0.0251674 -0.760403
0.00537748 -0.0251961 -0.760411
0.00540625 -0.0251961 -0.760407
0.00543502 -0.0251961 -0.760403
0.00537748 -0.0252249 -0.760412
0.00540625 -0.0252249 -0.760408
0.00543502 -0.0252249 -0.760404
0.00537748 -0.0252537 -0.760412
0.00540625 -0.0252537 -0.760408
0.00543502 -0.0252537 -0.760405
0.00537748 -0.0252825 -0.760413
0.00540625 -0.0252825 -0.760409
0.00543502 -0.0252825 -0.760405
0.00537748 -0.0253112 -0.760413
0.00540625 -0.0253112 -0.76041
0.00543502 -0.0253112 -0.760406
0.00537748 -0.02534 -0.760414
0.00540625 -0.02534 -0.76041
0.00543502 -0.02534 -0.760406
0.00537748 -0.0253688 -0.760414
0.00540625 -0.0253688 -0.760411
0.00543502 -0.0253688 -0.760407
0.00537748 -0.0253975 -0.760415
0.00540625 -0.0253975 -0.760411
0.00543502 -0.0253975 -0.760408
0.00537748 -0.0254263 -0.760416
0.00540625 -0.0254263 -0.760412
0.00543502 -0.0254263 -0.760408
0.00537748 -0.0254551 -0.760416
0.00540625 -0.0254551 -0.760413
0.00543502 -0.0254551 -0.760409
0.00537748 -0.0254838 -0.760417
0.00540625 -0.0254838 -0.760413
0.00543502 -0.0254838 -0.760409
0.00537748 -0.0255126 -0.760417
0.00540625 -0.0255126 -0.760414
0.00543502 -0.0255126 -0.76041
0.00537748 -0.0255414 -0.760418
0.00540625 -0.0255414 -0.760414
0.00543502 -0.0255414 -0.760411
0.00537748 -0.0255701 -0.760419
0.00540625 -0.0255701 -0.760415
0.00543502 -0.0255701 -0.760411
0.00537748 -0.0255989 -0.760419
0.00540625 -0.0255989 -0.760415
0.00543502 -0.0255989 -0.760412
0.00537748 -0.0256277 -0.76042
0.00540625 -0.0256277 -0.760416
0.00543502 -0.0256277 -0.760412
0.00537748 -0.0256564 -0.76042
0.00540625 -0.0256564 -0.760417
0.00543502 -0.0256564 -0.760413
0.00537748 -0.0256852 -0.760421
0.00540625 -0.0256852 -0.760417
0.00543502 -0.0256852 -0.760414
0.00537748 -0.025714 -0.760422
0.00540625 -0.025714 -0.760418
0.00543502 -0.025714 -0.760414
