-0.00953273 0.041665 -0.732236
-0.00924659 0.041665 -0.732233
-0.00896045 0.041665 -0.732231
-0.00953273 0.0413789 -0.732237
-0.00924659 0.0413789 -0.732235
-0.00896045 0.0413789 -0.732232
-0.00953273 0.0410927 -0.732239
-0.00924659 0.0410927 -0.732236
-0.00896045 0.0410927 -0.732233
-0.00953273 0.0408066 -0.73224
-0.00924659 0.0408066 -0.732237
-0.00896045 0.0408066 -0.732235
-0.00953273 0.0405204 -0.732241
-0.00924659 0.0405204 -0.732239
-0.00896045 0.0405204 -0.732236
-0.00953273 0.0402343 -0.732242
-0.00924659 0.0402343 -0.73224
-0.00896045 0.0402343 -0.732237
-0.00953273 0.0399482 -0.732244
-0.00924659 0.0399482 -0.732241
-0.00896045 0.0399482 -0.732238
-0.00953273 0.039662 -0.732245
-0.00924659 0.039662 -0.732242
-0.00896045 0.039662 -0.73224
-0.00953273 0.0393759 -0.732246
-0.00924659 0.0393759 -0.732244
-0.00896045 0.0393759 -0.732241
-0.00953273 0.0390897 -0.732248
-0.00924659 0.0390897 -0.732245
-0.00896045 0.0390897 -0.732242
-0.00953273 0.0388036 -0.732249
-0.00924659 0.0388036 -0.732246
-0.00896045 0.0388036 -0.732244
-0.00953273 0.0385174 -0.73225
-0.00924659 0.0385174 -0.732248
-0.00896045 0.0385174 -0.732245
-0.00953273 0.0382313 -0.732251
-0.00924659 0.0382313 -0.732249
-0.00896045 0.0382313 -0.732246
-0.00953273 0.0379452 -0.732253
-0.00924659 0.0379452 -0.73225
-0.00896045 0.0379452 -0.732247
-0.00953273 0.037659 -0.732254
-0.00924659 0.037659 -0.732251
-0.00896045 0.037659 -0.732249
-0.00953273 0.0373729 -0.732255
-0.00924659 0.0373729 -0.732253
-0.00896045 0.0373729 -0.73225
-0.00953273 0.0370867 -0.732257
-0.00924659 0.0370867 -0.732254
-0.00896045 0.0370867 -0.732251
-0.00953273 0.0368006 -0.732258
-0.00924659 0.0368006 -0.732255
-0.00896045 0.0368006 -0.732253
-0.00953273 0.0365144 -0.732259
-0.00924659 0.0365144 -0.732257
-0.00896045 0.0365144 -0.732254
-0.00953273 0.0362283 -0.73226
-0.00924659 0.0362283 -0.732258
-0.00896045 0.0362283 -0.732255
-0.00953273 0.0359422 -0.732262
-0.00924659 0.0359422 -0.732259
-0.00896045 0.0359422 -0.732256
-0.00953273 0.035656 -0.732263
-0.00924659 0.035656 -0.73226
-0.00896045 0.035656 -0.732258
-0.00953273 0.0353699 -0.732264
-0.00924659 0.0353699 -0.732262
-0.00896045 0.0353699 -0.732259
-0.00953273 0.0350837 -0.732266
-0.00924659 0.0350837 -0.732263
-0.00896045 0.0350837 -0.73226
-0.00953273 0.0347976 -0.732267
-0.00924659 0.0347976 -0.732264
-0.00896045 0.0347976 -0.732262
-0.00953273 0.0345114 -0.732268
-0.00924659 0.0345114 -0.732265
-0.00896045 0.0345114 -0.732263
-0.00953273 0.0342253 -0.732269
-0.00924659 0.0342253 -0.732267
-0.00896045 0.0342253 -0.732264
-0.00953273 0.0339392 -0.732271
-0.00924659 0.0339392 -0.732268
-0.00896045 0.0339392 -0.732265
-0.00953273 0.033653 -0.732272
-0.00924659 0.033653 -0.732269
-0.00896045 0.033653 -0.732267
-0.00953273 0.0333669 -0.732273
-0.00924659 0.0333669 -0.732271
-0.00896045 0.0333669 -0.732268
-0.00953273 0.0330807 -0.732275
-0.00924659 0.0330807 -0.732272
-0.00896045 0.0330807 -0.732269
-0.00953273 0.0327946 -0.732276
-0.00924659 0.0327946 -0.732273
-0.00896045 0.0327946 -0.732271
-0.00953273 0.0325084 -0.732277
-0.00924659 0.0325084 -0.732274
-0.00896045 0.0325084 -0.732272
-0.00953273 0.0322223 -0.732278
-0.00924659 0.0322223 -0.732276
-0.00896045 0.0322223 -0.732273
-0.00953273 0.0319362 -0.73228
-0.00924659 0.0319362 -0.732277
-0.00896045 0.0319362 -0.732274
-0.00953273 0.03165 -0.732281
-0.00924659 0.03165 -0.732278
-0.00896045 0.03165 -0.732276
-0.00953273 0.0313639 -0.732282
-0.00924659 0.0313639 -0.73228
-0.00896045 0.0313639 -0.732277
-0.00953273 0.0310777 -0.732284
-0.00924659 0.0310777 -0.732281
-0.00896045 0.0310777 -0.732278
-0.00953273 0.0307916 -0.732285
-0.00924659 0.0307916 -0.732282
-0.00896045 0.0307916 -0.73228
-0.00953273 0.0305054 -0.732286
-0.00924659 0.0305054 -0.732283
-0.00896045 0.0305054 -0.732281
-0.00953273 0.0302193 -0.732287
-0.00924659 0.0302193 -0.732285
-0.00896045 0.0302193 -0.732282
-0.00953273 0.0299332 -0.732289
-0.00924659 0.0299332 -0.732286
-0.00896045 0.0299332 -0.732283
-0.00953273 0.029647 -0.73229
-0.00924659 0.029647 -0.732287
-0.00896045 0.029647 -0.732285
-0.00953273 0.0293609 -0.732291
-0.00924659 0.0293609 -0.732289
-0.00896045 0.0293609 -0.732286
-0.00953273 0.0290747 -0.732293
-0.00924659 0.0290747 -0.73229
-0.00896045 0.0290747 -0.732287
-0.00953273 0.0287886 -0.732294
-0.00924659 0.0287886 -0.732291
-0.00896045 0.0287886 -0.732289
-0.00953273 0.0285024 -0.732295
-0.00924659 0.0285024 -0.732292
-0.00896045 0.0285024 -0.73229
-0.00953273 0.0282163 -0.732296
-0.00924659 0.0282163 -0.732294
-0.00896045 0.0282163 -0.732291
-0.00953273 0.0279302 -0.732298
-0.00924659 0.0279302 -0.732295
-0.00896045 0.0279302 -0.732292
-0.00953273 0.027644 -0.732299
-0.00924659 0.027644 -0.732296
-0.00896045 0.027644 -0.732294
-0.00953273 0.0273579 -0.7323
-0.00924659 0.0273579 -0.732298
-0.00896045 0.0273579 -0.732295
-0.00953273 0.0270717 -0.732302
-0.00924659 0.0270717 -0.732299
-0.00896045 0.0270717 -0.732296
-0.00953273 0.0267856 -0.732303
-0.00924659 0.0267856 -0.7323
-0.00896045 0.0267856 -0.732298
-0.00953273 0.0264994 -0.732304
-0.00924659 0.0264994 -0.732301
-0.00896045 0.0264994 -0.732299
-0.00953273 0.0262133 -0.732305
-0.00924659 0.0262133 -0.732303
-0.00896045 0.0262133 -0.7323
-0.00953273 0.0259272 -0.732307
-0.00924659 0.0259272 -0.732304
-0.00896045 0.0259272 -0.732301
-0.00953273 0.025641 -0.732308
-0.00924659 0.025641 -0.732305
-0.00896045 0.025641 -0.732303
-0.00953273 0.0253549 -0.732309
-0.00924659 0.0253549 -0.732307
-0.00896045 0.0253549 -0.732304
-0.00953273 0.0250687 -0.732311
-0.00924659 0.0250687 -0.732308
-0.00896045 0.0250687 -0.732305
-0.00953273 0.0247826 -0.732312
-0.00924659 0.0247826 -0.732309
-0.00896045 0.0247826 -0.732307
-0.00953273 0.0244964 -0.732313
-0.00924659 0.0244964 -0.73231
-0.00896045 0.0244964 -0.732308
-0.00953273 0.0242103 -0.732314
-0.00924659 0.0242103 -0.732312
-0.00896045 0.0242103 -0.732309
-0.00953273 0.0239242 -0.732316
-0.00924659 0.0239242 -0.732313
-0.00896045 0.0239242 -0.73231
-0.00953273 0.023638 -0.732317
-0.00924659 0.023638 -0.732314
-0.00896045 0.023638 -0.732312
-0.00953273 0.0233519 -0.732318
-0.00924659 0.0233519 -0.732316
-0.00896045 0.0233519 -0.732313
-0.00953273 0.0230657 -0.73232
-0.00924659 0.0230657 -0.732317
-0.00896045 0.0230657 -0.732314
-0.00953273 0.0227796 -0.732321
-0.00924659 0.0227796 -0.732318
-0.00896045 0.0227796 -0.732316
-0.00953273 0.0224934 -0.732322
-0.00924659 0.0224934 -0.732319
-0.00896045 0.0224934 -0.732317
-0.00953273 0.0222073 -0.732323
-0.00924659 0.0222073 -0.732321
-0.00896045 0.0222073 -0.732318
-0.00953273 0.0219212 -0.732325
-0.00924659 0.0219212 -0.732322
-0.00896045 0.0219212 -0.732319
-0.00953273 0.021635 -0.732326
-0.00924659 0.021635 -0.732323
-0.00896045 0.021635 -0.732321
-0.00953273 0.0213489 -0.732327
-0.00924659 0.0213489 -0.732325
-0.00896045 0.0213489 -0.732322
-0.00953273 0.0210627 -0.732328
-0.00924659 0.0210627 -0.732326
-0.00896045 0.0210627 -0.732323
-0.00953273 0.0207766 -0.73233
-0.00924659 0.0207766 -0.732327
-0.00896045 0.0207766 -0.732325
-0.00953273 0.0204904 -0.732331
-0.00924659 0.0204904 -0.732328
-0.00896045 0.0204904 -0.732326
-0.00953273 0.0202043 -0.732332
-0.00924659 0.0202043 -0.73233
-0.00896045 0.0202043 -0.732327
-0.00953273 0.0199181 -0.732334
-0.00924659 0.0199181 -0.732331
-0.00896045 0.0199181 -0.732328
-0.00953273 0.019632 -0.732335
-0.00924659 0.019632 -0.732332
-0.00896045 0.019632 -0.73233
-0.00953273 0.0193459 -0.732336
-0.00924659 0.0193459 -0.732334
-0.00896045 0.0193459 -0.732331
-0.00953273 0.0190597 -0.732337
-0.00924659 0.0190597 -0.732335
-0.00896045 0.0190597 -0.732332
-0.00953273 0.0187736 -0.732339
-0.00924659 0.0187736 -0.732336
-0.00896045 0.0187736 -0.732334
-0.00953273 0.0184874 -0.73234
-0.00924659 0.0184874 -0.732337
-0.00896045 0.0184874 -0.732335
-0.00953273 0.0182013 -0.732341
-0.00924659 0.0182013 -0.732339
-0.00896045 0.0182013 -0.732336
-0.00953273 0.0179151 -0.732343
-0.00924659 0.0179151 -0.73234
-0.00896045 0.0179151 -0.732337
-0.00953273 0.017629 -0.732344
-0.00924659 0.017629 -0.732341
-0.00896045 0.017629 -0.732339
-0.00953273 0.0173429 -0.732345
-0.00924659 0.0173429 -0.732343
-0.00896045 0.0173429 -0.73234
-0.00953273 0.0170567 -0.732346
-0.00924659 0.0170567 -0.732344
-0.00896045 0.0170567 -0.732341
-0.00953273 0.0167706 -0.732348
-0.00924659 0.0167706 -0.732345
-0.00896045 0.0167706 -0.732343
-0.00953273 0.0164844 -0.732349
-0.00924659 0.0164844 -0.732346
-0.00896045 0.0164844 -0.732344
-0.00953273 0.0161983 -0.73235
-0.00924659 0.0161983 -0.732348
-0.00896045 0.0161983 -0.732345
-0.00953273 0.0159121 -0.732352
-0.00924659 0.0159121 -0.732349
-0.00896045 0.0159121 -0.732346
-0.00953273 0.015626 -0.732353
-0.00924659 0.015626 -0.73235
-0.00896045 0.015626 -0.732348
-0.00953273 0.0153399 -0.732354
-0.00924659 0.0153399 -0.732352
-0.00896045 0.0153399 -0.732349
-0.00953273 0.0150537 -0.732355
-0.00924659 0.0150537 -0.732353
-0.00896045 0.0150537 -0.73235
-0.00953273 0.0147676 -0.732357
-0.00924659 0.0147676 -0.732354
-0.00896045 0.0147676 -0.732352
-0.00953273 0.0144814 -0.732358
-0.00924659 0.0144814 -0.732355
-0.00896045 0.0144814 -0.732353
-0.00953273 0.0141953 -0.732359
-0.00924659 0.0141953 -0.732357
-0.00896045 0.0141953 -0.732354
-0.00953273 0.0139091 -0.732361
-0.00924659 0.0139091 -0.732358
-0.00896045 0.0139091 -0.732355
-0.00953273 0.013623 -0.732362
-0.00924659 0.013623 -0.732359
-0.00896045 0.013623 -0.732357
-0.00953273 0.0133369 -0.732363
-0.00924659 0.0133369 -0.732361
-0.00896045 0.0133369 -0.732358
-0.00953273 0.0130507 -0.732364
-0.00924659 0.0130507 -0.732362
-0.00896045 0.0130507 -0.732359
-0.00953273 0.0127646 -0.732366
-0.00924659 0.0127646 -0.732363
-0.00896045 0.0127646 -0.732361
-0.00953273 0.0124784 -0.732367
-0.00924659 0.0124784 -0.732364
-0.00896045 0.0124784 -0.732362
-0.00953273 0.0121923 -0.732368
-0.00924659 0.0121923 -0.732366
-0.00896045 0.0121923 -0.732363
-0.00953273 0.0119061 -0.73237
-0.00924659 0.0119061 -0.732367
-0.00896045 0.0119061 -0.732364
-0.00953273 0.01162 -0.732371
-0.00924659 0.01162 -0.732368
-0.00896045 0.01162 -0.732366
-0.00953273 0.0113339 -0.732372
-0.00924659 0.0113339 -0.73237
-0.00896045 0.0113339 -0.732367
-0.00953273 0.0110477 -0.732373
-0.00924659 0.0110477 -0.732371
-0.00896045 0.0110477 -0.732368
-0.00953273 0.0107616 -0.732375
-0.00924659 0.0107616 -0.732372
-0.00896045 0.0107616 -0.73237
-0.00953273 0.0104754 -0.732376
-0.00924659 0.0104754 -0.732373
-0.00896045 0.0104754 -0.732371
-0.00953273 0.0101893 -0.732377
-0.00924659 0.0101893 -0.732375
-0.00896045 0.0101893 -0.732372
