-0.00272913 0.0986327 -0.860375
-0.000940125 0.0986327 -0.860379
0.000848877 0.0986327 -0.860383
-0.00272913 0.0968437 -0.860376
-0.000940125 0.0968437 -0.860381
0.000848877 0.0968437 -0.860385
-0.00272913 0.0950547 -0.860378
-0.000940125 0.0950547 -0.860382
0.000848877 0.0950547 -0.860386
-0.00272913 0.0932657 -0.860379
-0.000940125 0.0932657 -0.860384
0.000848877 0.0932657 -0.860388
-0.00272913 0.0914767 -0.860381
-0.000940125 0.0914767 -0.860385
0.000848877 0.0914767 -0.860389
-0.00272913 0.0896877 -0.860382
-0.000940125 0.0896877 -0.860387
0.000848877 0.0896877 -0.860391
-0.00272913 0.0878987 -0.860384
-0.000940125 0.0878987 -0.860388
0.000848877 0.0878987 -0.860392
-0.00272913 0.0861097 -0.860385
-0.000940125 0.0861097 -0.86039
0.000848877 0.0861097 -0.860394
-0.00272913 0.0843207 -0.860387
-0.000940125 0.0843207 -0.860391
0.000848877 0.0843207 -0.860395
-0.00272913 0.0825317 -0.860388
-0.000940125 0.0825317 -0.860393
0.000848877 0.0825317 -0.860397
-0.00272913 0.0807426 -0.86039
-0.000940125 0.0807426 -0.860394
0.000848877 0.0807426 -0.860398
-0.00272913 0.0789536 -0.860391
-0.000940125 0.0789536 -0.860396
0.000848877 0.0789536 -0.8604
-0.00272913 0.0771646 -0.860393
-0.000940125 0.0771646 -0.860397
0.000848877 0.0771646 -0.860402
-0.00272913 0.0753756 -0.860394
-0.000940125 0.0753756 -0.860399
0.000848877 0.0753756 -0.860403
-0.00272913 0.0735866 -0.860396
-0.000940125 0.0735866 -0.8604
0.000848877 0.0735866 -0.860404
-0.00272913 0.0717976 -0.860397
-0.000940125 0.0717976 -0.860402
0.000848877 0.0717976 -0.860406
-0.00272913 0.0700086 -0.860399
-0.000940125 0.0700086 -0.860403
0.000848877 0.0700086 -0.860407
-0.00272913 0.0682196 -0.8604
-0.000940125 0.0682196 -0.860405
0.000848877 0.0682196 -0.860409
-0.00272913 0.0664306 -0.860402
-0.000940125 0.0664306 -0.860406
0.000848877 0.0664306 -0.860411
-0.00272913 0.0646416 -0.860403
-0.000940125 0.0646416 -0.860408
0.000848877 0.0646416 -0.860412
-0.00272913 0.0628526 -0.860405
-0.000940125 0.0628526 -0.860409
0.000848877 0.0628526 -0.860413
-0.00272913 0.0610636 -0.860406
-0.000940125 0.0610636 -0.860411
0.000848877 0.0610636 -0.860415
-0.00272913 0.0592746 -0.860408
-0.000940125 0.0592746 -0.860412
0.000848877 0.0592746 -0.860417
-0.00272913 0.0574856 -0.860409
-0.000940125 0.0574856 -0.860414
0.000848877 0.0574856 -0.860418
-0.00272913 0.0556966 -0.860411
-0.000940125 0.0556966 -0.860415
0.000848877 0.0556966 -0.86042
-0.00272913 0.0539076 -0.860412
-0.000940125 0.0539076 -0.860417
0.000848877 0.0539076 -0.860421
-0.00272913 0.0521186 -0.860414
-0.000940125 0.0521186 -0.860418
0.000848877 0.0521186 -0.860423
-0.00272913 0.0503296 -0.860415
-0.000940125 0.0503296 -0.86042
0.000848877 0.0503296 -0.860424
-0.00272913 0.0485406 -0.860417
-0.000940125 0.0485406 -0.860421
0.000848877 0.0485406 -0.860426
-0.00272913 0.0467516 -0.860418
-0.000940125 0.0467516 -0.860423
0.000848877 0.0467516 -0.860427
-0.00272913 0.0449626 -0.86042
-0.000940125 0.0449626 -0.860424
0.000848877 0.0449626 -0.860429
-0.00272913 0.0431736 -0.860421
-0.000940125 0.0431736 -0.860426
0.000848877 0.0431736 -0.86043
-0.00272913 0.0413846 -0.860423
-0.000940125 0.0413846 -0.860427
0.000848877 0.0413846 -0.860432
-0.00272913 0.0395956 -0.860424
-0.000940125 0.0395956 -0.860429
0.000848877 0.0395956 -0.860433
-0.00272913 0.0378066 -0.860426
-0.000940125 0.0378066 -0.86043
0.000848877 0.0378066 -0.860435
-0.00272913 0.0360176 -0.860427
-0.000940125 0.0360176 -0.860432
0.000848877 0.0360176 -0.860436
-0.00272913 0.0342286 -0.860429
-0.000940125 0.0342286 -0.860433
0.000848877 0.0342286 -0.860438
-0.00272913 0.0324396 -0.86043
-0.000940125 0.0324396 -0.860435
0.000848877 0.0324396 -0.860439
-0.00272913 0.0306506 -0.860432
-0.000940125 0.0306506 -0.860436
0.000848877 0.0306506 -0.860441
-0.00272913 0.0288616 -0.860433
-0.000940125 0.0288616 -0.860438
0.000848877 0.0288616 -0.860442
-0.00272913 0.0270726 -0.860435
-0.000940125 0.0270726 -0.860439
0.000848877 0.0270726 -0.860444
-0.00272913 0.0252836 -0.860436
-0.000940125 0.0252836 -0.860441
0.000848877 0.0252836 -0.860445
-0.00272913 0.0234946 -0.860438
-0.000940125 0.0234946 -0.860442
0.000848877 0.0234946 -0.860447
-0.00272913 0.0217056 -0.860439
-0.000940125 0.0217056 -0.860444
0.000848877 0.0217056 -0.860448
-0.00272913 0.0199166 -0.860441
-0.000940125 0.0199166 -0.860445
0.000848877 0.0199166 -0.86045
-0.00272913 0.0181276 -0.860442
-0.000940125 0.0181276 -0.860447
0.000848877 0.0181276 -0.860451
-0.00272913 0.0163386 -0.860444
-0.000940125 0.0163386 -0.860448
0.000848877 0.0163386 -0.860453
-0.00272913 0.0145496 -0.860445
-0.000940125 0.0145496 -0.86045
0.000848877 0.0145496 -0.860454
-0.00272913 0.0127606 -0.860447
-0.000940125 0.0127606 -0.860451
0.000848877 0.0127606 -0.860456
-0.00272913 0.0109716 -0.860448
-0.000940125 0.0109716 -0.860453
0.000848877 0.0109716 -0.860457
-0.00272913 0.00918258 -0.86045
-0.000940125 0.00918258 -0.860454
0.000848877 0.00918258 -0.860459
-0.00272913 0.00739358 -0.860451
-0.000940125 0.00739358 -0.860456
0.000848877 0.00739358 -0.86046
-0.00272913 0.00560458 -0.860453
-0.000940125 0.00560458 -0.860457
0.000848877 0.00560458 -0.860462
-0.00272913 0.00381557 -0.860454
-0.000940125 0.00381557 -0.860459
0.000848877 0.00381557 -0.860463
-0.00272913 0.00202657 -0.860456
-0.000940125 0.00202657 -0.86046
0.000848877 0.00202657 -0.860465
-0.00272913 0.000237571 -0.860457
-0.000940125 0.000237571 -0.860462
0.000848877 0.000237571 -0.860466
-0.00272913 -0.00155143 -0.860459
-0.000940125 -0.00155143 -0.860463
0.000848877 -0.00155143 -0.860468
-0.00272913 -0.00334043 -0.86046
-0.000940125 -0.00334043 -0.860465
0.000848877 -0.00334043 -0.860469
-0.00272913 -0.00512943 -0.860462
-0.000940125 -0.00512943 -0.860466
0.000848877 -0.00512943 -0.860471
-0.00272913 -0.00691844 -0.860463
-0.000940125 -0.00691844 -0.860468
0.000848877 -0.00691844 -0.860472
-0.00272913 -0.00870744 -0.860465
-0.000940125 -0.00870744 -0.860469
0.000848877 -0.00870744 -0.860474
-0.00272913 -0.0104964 -0.860466
-0.000940125 -0.0104964 -0.860471
0.000848877 -0.0104964 -0.860475
-0.00272913 -0.0122854 -0.860468
-0.000940125 -0.0122854 -0.860472
0.000848877 -0.0122854 -0.860477
-0.00272913 -0.0140744 -0.860469
-0.000940125 -0.0140744 -0.860474
0.000848877 -0.0140744 -0.860478
-0.00272913 -0.0158634 -0.860471
-0.000940125 -0.0158634 -0.860475
0.000848877 -0.0158634 -0.86048
-0.00272913 -0.0176524 -0.860472
-0.000940125 -0.0176524 -0.860477
0.000848877 -0.0176524 -0.860481
-0.00272913 -0.0194414 -0.860474
-0.000940125 -0.0194414 -0.860478
0.000848877 -0.0194414 -0.860483
-0.00272913 -0.0212304 -0.860475
-0.000940125 -0.0212304 -0.86048
0.000848877 -0.0212304 -0.860484
-0.00272913 -0.0230195 -0.860477
-0.000940125 -0.0230195 -0.860481
0.000848877 -0.0230195 -0.860486
-0.00272913 -0.0248085 -0.860478
-0.000940125 -0.0248085 -0.860483
0.000848877 -0.0248085 -0.860487
-0.00272913 -0.0265975 -0.86048
-0.000940125 -0.0265975 -0.860484
0.000848877 -0.0265975 -0.860489
-0.00272913 -0.0283865 -0.860481
-0.000940125 -0.0283865 -0.860486
0.000848877 -0.0283865 -0.86049
-0.00272913 -0.0301755 -0.860483
-0.000940125 -0.0301755 -0.860487
0.000848877 -0.0301755 -0.860492
-0.00272913 -0.0319645 -0.860484
-0.000940125 -0.0319645 -0.860489
0.000848877 -0.0319645 -0.860493
-0.00272913 -0.0337535 -0.860486
-0.000940125 -0.0337535 -0.86049
0.000848877 -0.0337535 -0.860495
-0.00272913 -0.0355425 -0.860487
-0.000940125 -0.0355425 -0.860492
0.000848877 -0.0355425 -0.860496
-0.00272913 -0.0373315 -0.860489
-0.000940125 -0.0373315 -0.860493
0.000848877 -0.0373315 -0.860498
-0.00272913 -0.0391205 -0.86049
-0.000940125 -0.0391205 -0.860495
0.000848877 -0.0391205 -0.860499
-0.00272913 -0.0409095 -0.860492
-0.000940125 -0.0409095 -0.860496
0.000848877 -0.0409095 -0.860501
-0.00272913 -0.0426985 -0.860493
-0.000940125 -0.0426985 -0.860498
0.000848877 -0.0426985 -0.860502
-0.00272913 -0.0444875 -0.860495
-0.000940125 -0.0444875 -0.860499
0.000848877 -0.0444875 -0.860504
-0.00272913 -0.0462765 -0.860496
-0.000940125 -0.0462765 -0.860501
0.000848877 -0.0462765 -0.860505
-0.00272913 -0.0480655 -0.860498
-0.000940125 -0.0480655 -0.860502
0.000848877 -0.0480655 -0.860507
-0.00272913 -0.0498545 -0.8605
-0.000940125 -0.0498545 -0.860504
0.000848877 -0.0498545 -0.860508
-0.00272913 -0.0516435 -0.860501
-0.000940125 -0.0516435 -0.860505
0.000848877 -0.0516435 -0.86051
-0.00272913 -0.0534325 -0.860502
-0.000940125 -0.0534325 -0.860507
0.000848877 -0.0534325 -0.860511
-0.00272913 -0.0552215 -0.860504
-0.000940125 -0.0552215 -0.860508
0.000848877 -0.0552215 -0.860513
-0.00272913 -0.0570105 -0.860505
-0.000940125 -0.0570105 -0.86051
0.000848877 -0.0570105 -0.860514
-0.00272913 -0.0587995 -0.860507
-0.000940125 -0.0587995 -0.860511
0.000848877 -0.0587995 -0.860516
-0.00272913 -0.0605885 -0.860509
-0.000940125 -0.0605885 -0.860513
0.000848877 -0.0605885 -0.860517
-0.00272913 -0.0623775 -0.86051
-0.000940125 -0.0623775 -0.860514
0.000848877 -0.0623775 -0.860519
-0.00272913 -0.0641665 -0.860511
-0.000940125 -0.0641665 -0.860516
0.000848877 -0.0641665 -0.86052
-0.00272913 -0.0659555 -0.860513
-0.000940125 -0.0659555 -0.860517
0.000848877 -0.0659555 -0.860522
-0.00272913 -0.0677445 -0.860515
-0.000940125 -0.0677445 -0.860519
0.000848877 -0.0677445 -0.860523
-0.00272913 -0.0695335 -0.860516
-0.000940125 -0.0695335 -0.86052
0.000848877 -0.0695335 -0.860525
-0.00272913 -0.0713225 -0.860518
-0.000940125 -0.0713225 -0.860522
0.000848877 -0.0713225 -0.860526
-0.00272913 -0.0731115 -0.860519
-0.000940125 -0.0731115 -0.860523
0.000848877 -0.0731115 -0.860528
-0.00272913 -0.0749005 -0.860521
-0.000940125 -0.0749005 -0.860525
0.000848877 -0.0749005 -0.860529
-0.00272913 -0.0766895 -0.860522
-0.000940125 -0.0766895 -0.860526
0.000848877 -0.0766895 -0.860531
-0.00272913 -0.0784785 -0.860524
-0.000940125 -0.0784785 -0.860528
0.000848877 -0.0784785 -0.860532
-0.00272913 -0.0802675 -0.860525
-0.000940125 -0.0802675 -0.860529
0.000848877 -0.0802675 -0.860534
-0.00272913 -0.0820565 -0.860527
-0.000940125 -0.0820565 -0.860531
0.000848877 -0.0820565 -0.860535
-0.00272913 -0.0838455 -0.860528
-0.000940125 -0.0838455 -0.860532
0.000848877 -0.0838455 -0.860537
-0.00272913 -0.0856345 -0.86053
-0.000940125 -0.0856345 -0.860534
0.000848877 -0.0856345 -0.860538
-0.00272913 -0.0874235 -0.860531
-0.000940125 -0.0874235 -0.860535
0.000848877 -0.0874235 -0.86054
-0.00272913 -0.0892125 -0.860533
-0.000940125 -0.0892125 -0.860537
0.000848877 -0.0892125 -0.860541
-0.00272913 -0.0910015 -0.860534
-0.000940125 -0.0910015 -0.860538
0.000848877 -0.0910015 -0.860543
-0.00272913 -0.0927905 -0.860536
-0.000940125 -0.0927905 -0.86054
0.000848877 -0.0927905 -0.860544
-0.00272913 -0.0945795 -0.860537
-0.000940125 -0.0945795 -0.860541
0.000848877 -0.0945795 -0.860546
-0.00272913 -0.0963685 -0.860539
-0.000940125 -0.0963685 -0.860543
0.000848877 -0.0963685 -0.860547
-0.00272913 -0.0981575 -0.86054
-0.000940125 -0.0981575 -0.860544
0.000848877 -0.0981575 -0.860549
