0.00241538 0.0137606 -0.669647
0.0026381 0.0137606 -0.669648
0.00286082 0.0137606 -0.669649
0.00241538 0.0135379 -0.669646
0.0026381 0.0135379 -0.669647
0.00286082 0.0135379 -0.669648
0.00241538 0.0133152 -0.669645
0.0026381 0.0133152 -0.669646
0.00286082 0.0133152 -0.669647
0.00241538 0.0130924 -0.669644
0.0026381 0.0130924 -0.669644
0.00286082 0.0130924 -0.669645
0.00241538 0.0128697 -0.669642
0.0026381 0.0128697 -0.669643
0.00286082 0.0128697 -0.669644
0.00241538 0.012647 -0.669641
0.0026381 0.012647 -0.669642
0.00286082 0.012647 -0.669643
0.00241538 0.0124243 -0.66964
0.0026381 0.0124243 -0.669641
0.00286082 0.0124243 -0.669642
0.00241538 0.0122016 -0.669639
0.0026381 0.0122016 -0.66964
0.00286082 0.0122016 -0.669641
0.00241538 0.0119788 -0.669638
0.0026381 0.0119788 -0.669639
0.00286082 0.0119788 -0.66964
0.00241538 0.0117561 -0.669637
0.0026381 0.0117561 -0.669638
0.00286082 0.0117561 -0.669639
0.00241538 0.0115334 -0.669636
0.0026381 0.0115334 -0.669637
0.00286082 0.0115334 -0.669638
0.00241538 0.0113107 -0.669635
0.0026381 0.0113107 -0.669636
0.00286082 0.0113107 -0.669637
0.00241538 0.011088 -0.669634
0.0026381 0.011088 -0.669635
0.00286082 0.011088 -0.669636
0.00241538 0.0108652 -0.669633
0.0026381 0.0108652 -0.669634
0.00286082 0.0108652 -0.669635
0.00241538 0.0106425 -0.669632
0.0026381 0.0106425 -0.669633
0.00286082 0.0106425 -0.669634
0.00241538 0.0104198 -0.669631
0.0026381 0.0104198 -0.669632
0.00286082 0.0104198 -0.669632
0.00241538 0.0101971 -0.66963
0.0026381 0.0101971 -0.66963
0.00286082 0.0101971 -0.669631
0.00241538 0.00997435 -0.669628
0.0026381 0.00997435 -0.669629
0.00286082 0.00997435 -0.66963
0.00241538 0.00975163 -0.669627
0.0026381 0.00975163 -0.669628
0.00286082 0.00975163 -0.669629
0.00241538 0.00952891 -0.669626
0.0026381 0.00952891 -0.669627
0.00286082 0.00952891 -0.669628
0.00241538 0.00930619 -0.669625
0.0026381 0.00930619 -0.669626
0.00286082 0.00930619 -0.669627
0.00241538 0.00908347 -0.669624
0.0026381 0.00908347 -0.669625
0.00286082 0.00908347 -0.669626
0.00241538 0.00886075 -0.669623
0.0026381 0.00886075 -0.669624
0.00286082 0.00886075 -0.669625
0.00241538 0.00863803 -0.669622
0.0026381 0.00863803 -0.669623
0.00286082 0.00863803 -0.669624
0.00241538 0.00841531 -0.669621
0.0026381 0.00841531 -0.669622
0.00286082 0.00841531 -0.669623
0.00241538 0.00819258 -0.66962
0.0026381 0.00819258 -0.669621
0.00286082 0.00819258 -0.669622
0.00241538 0.00796986 -0.669619
0.0026381 0.00796986 -0.66962
0.00286082 0.00796986 -0.669621
0.00241538 0.00774714 -0.669618
0.0026381 0.00774714 -0.669619
0.00286082 0.00774714 -0.66962
0.00241538 0.00752442 -0.669617
0.0026381 0.00752442 -0.669617
0.00286082 0.00752442 -0.669618
0.00241538 0.0073017 -0.669615
0.0026381 0.0073017 -0.669616
0.00286082 0.0073017 -0.669617
0.00241538 0.00707898 -0.669614
0.0026381 0.00707898 -0.669615
0.00286082 0.00707898 -0.669616
0.00241538 0.00685626 -0.669613
0.0026381 0.00685626 -0.669614
0.00286082 0.00685626 -0.669615
0.00241538 0.00663354 -0.669612
0.0026381 0.00663354 -0.669613
0.00286082 0.00663354 -0.669614
0.00241538 0.00641082 -0.669611
0.0026381 0.00641082 -0.669612
0.00286082 0.00641082 -0.669613
0.00241538 0.0061881 -0.66961
0.0026381 0.0061881 -0.669611
0.00286082 0.0061881 -0.669612
0.00241538 0.00596538 -0.669609
0.0026381 0.00596538 -0.66961
0.00286082 0.00596538 -0.669611
0.00241538 0.00574266 -0.669608
0.0026381 0.00574266 -0.669609
0.00286082 0.00574266 -0.66961
0.00241538 0.00551994 -0.669607
0.0026381 0.00551994 -0.669608
0.00286082 0.00551994 -0.669609
0.00241538 0.00529722 -0.669606
0.0026381 0.00529722 -0.669607
0.00286082 0.00529722 -0.669608
0.00241538 0.00507449 -0.669605
0.0026381 0.00507449 -0.669606
0.00286082 0.00507449 -0.669607
0.00241538 0.00485177 -0.669604
0.0026381 0.00485177 -0.669605
0.00286082 0.00485177 -0.669605
0.00241538 0.00462905 -0.669602
0.0026381 0.00462905 -0.669603
0.00286082 0.00462905 -0.669604
0.00241538 0.00440633 -0.669601
0.0026381 0.00440633 -0.669602
0.00286082 0.00440633 -0.669603
0.00241538 0.00418361 -0.6696
0.0026381 0.00418361 -0.669601
0.00286082 0.00418361 -0.669602
0.00241538 0.00396089 -0.669599
0.0026381 0.00396089 -0.6696
0.00286082 0.00396089 -0.669601
0.00241538 0.00373817 -0.669598
0.0026381 0.00373817 -0.669599
0.00286082 0.00373817 -0.6696
0.00241538 0.00351545 -0.669597
0.0026381 0.00351545 -0.669598
0.00286082 0.00351545 -0.669599
0.00241538 0.00329273 -0.669596
0.0026381 0.00329273 -0.669597
0.00286082 0.00329273 -0.669598
0.00241538 0.00307001 -0.669595
0.0026381 0.00307001 -0.669596
0.00286082 0.00307001 -0.669597
0.00241538 0.00284729 -0.669594
0.0026381 0.00284729 -0.669595
0.00286082 0.00284729 -0.669596
0.00241538 0.00262457 -0.669593
0.0026381 0.00262457 -0.669594
0.00286082 0.00262457 -0.669595
0.00241538 0.00240185 -0.669592
0.0026381 0.00240185 -0.669593
0.00286082 0.00240185 -0.669594
0.00241538 0.00217913 -0.669591
0.0026381 0.00217913 -0.669592
0.00286082 0.00217913 -0.669592
0.00241538 0.00195641 -0.66959
0.0026381 0.00195641 -0.66959
0.00286082 0.00195641 -0.669591
0.00241538 0.00173369 -0.669588
0.0026381 0.00173369 -0.669589
0.00286082 0.00173369 -0.66959
0.00241538 0.00151096 -0.669587
0.0026381 0.00151096 -0.669588
0.00286082 0.00151096 -0.669589
0.00241538 0.00128824 -0.669586
0.0026381 0.00128824 -0.669587
0.00286082 0.00128824 -0.669588
0.00241538 0.00106552 -0.669585
0.0026381 0.00106552 -0.669586
0.00286082 0.00106552 -0.669587
0.00241538 0.000842802 -0.669584
0.0026381 0.000842802 -0.669585
0.00286082 0.000842802 -0.669586
0.00241538 0.000620082 -0.669583
0.0026381 0.000620082 -0.669584
0.00286082 0.000620082 -0.669585
0.00241538 0.000397361 -0.669582
0.0026381 0.000397361 -0.669583
0.00286082 0.000397361 -0.669584
0.00241538 0.000174641 -0.669581
0.0026381 0.000174641 -0.669582
0.00286082 0.000174641 -0.669583
0.00241538 -4.80801e-05 -0.66958
0.0026381 -4.80801e-05 -0.669581
0.00286082 -4.80801e-05 -0.669582
0.00241538 -0.000270801 -0.669579
0.0026381 -0.000270801 -0.66958
0.00286082 -0.000270801 -0.669581
0.00241538 -0.000493521 -0.669578
0.0026381 -0.000493521 -0.669579
0.00286082 -0.000493521 -0.66958
0.00241538 -0.000716242 -0.669577
0.0026381 -0.000716242 -0.669577
0.00286082 -0.000716242 -0.669578
0.00241538 -0.000938963 -0.669575
0.0026381 -0.000938963 -0.669576
0.00286082 -0.000938963 -0.669577
0.00241538 -0.00116168 -0.669574
0.0026381 -0.00116168 -0.669575
0.00286082 -0.00116168 -0.669576
0.00241538 -0.0013844 -0.669573
0.0026381 -0.0013844 -0.669574
0.00286082 -0.0013844 -0.669575
0.00241538 -0.00160712 -0.669572
0.0026381 -0.00160712 -0.669573
0.00286082 -0.00160712 -0.669574
0.00241538 -0.00182985 -0.669571
0.0026381 -0.00182985 -0.669572
0.00286082 -0.00182985 -0.669573
0.00241538 -0.00205257 -0.66957
0.0026381 -0.00205257 -0.669571
0.00286082 -0.00205257 -0.669572
0.00241538 -0.00227529 -0.669569
0.0026381 -0.00227529 -0.66957
0.00286082 -0.00227529 -0.669571
0.00241538 -0.00249801 -0.669568
0.0026381 -0.00249801 -0.669569
0.00286082 -0.00249801 -0.66957
0.00241538 -0.00272073 -0.669567
0.0026381 -0.00272073 -0.669568
0.00286082 -0.00272073 -0.669569
0.00241538 -0.00294345 -0.669566
0.0026381 -0.00294345 -0.669567
0.00286082 -0.00294345 -0.669568
0.00241538 -0.00316617 -0.669565
0.0026381 -0.00316617 -0.669566
0.00286082 -0.00316617 -0.669567
0.00241538 -0.00338889 -0.669564
0.0026381 -0.00338889 -0.669565
0.00286082 -0.00338889 -0.669565
0.00241538 -0.00361161 -0.669563
0.0026381 -0.00361161 -0.669563
0.00286082 -0.00361161 -0.669564
0.00241538 -0.00383433 -0.669561
0.0026381 -0.00383433 -0.669562
0.00286082 -0.00383433 -0.669563
0.00241538 -0.00405705 -0.66956
0.0026381 -0.00405705 -0.669561
0.00286082 -0.00405705 -0.669562
0.00241538 -0.00427977 -0.669559
0.0026381 -0.00427977 -0.66956
0.00286082 -0.00427977 -0.669561
0.00241538 -0.00450249 -0.669558
0.0026381 -0.00450249 -0.669559
0.00286082 -0.00450249 -0.66956
0.00241538 -0.00472521 -0.669557
0.0026381 -0.00472521 -0.669558
0.00286082 -0.00472521 -0.669559
0.00241538 -0.00494793 -0.669556
0.0026381 -0.00494793 -0.669557
0.00286082 -0.00494793 -0.669558
0.00241538 -0.00517065 -0.669555
0.0026381 -0.00517065 -0.669556
0.00286082 -0.00517065 -0.669557
0.00241538 -0.00539338 -0.669554
0.0026381 -0.00539338 -0.669555
0.00286082 -0.00539338 -0.669556
0.00241538 -0.0056161 -0.669553
0.0026381 -0.0056161 -0.669554
0.00286082 -0.0056161 -0.669555
0.00241538 -0.00583882 -0.669552
0.0026381 -0.00583882 -0.669553
0.00286082 -0.00583882 -0.669554
0.00241538 -0.00606154 -0.669551
0.0026381 -0.00606154 -0.669552
0.00286082 -0.00606154 -0.669553
0.00241538 -0.00628426 -0.66955
0.0026381 -0.00628426 -0.66955
0.00286082 -0.00628426 -0.669551
0.00241538 -0.00650698 -0.669548
0.0026381 -0.00650698 -0.669549
0.00286082 -0.00650698 -0.66955
0.00241538 -0.0067297 -0.669547
0.0026381 -0.0067297 -0.669548
0.00286082 -0.0067297 -0.669549
0.00241538 -0.00695242 -0.669546
0.0026381 -0.00695242 -0.669547
0.00286082 -0.00695242 -0.669548
0.00241538 -0.00717514 -0.669545
0.0026381 -0.00717514 -0.669546
0.00286082 -0.00717514 -0.669547
0.00241538 -0.00739786 -0.669544
0.0026381 -0.00739786 -0.669545
0.00286082 -0.00739786 -0.669546
0.00241538 -0.00762058 -0.669543
0.0026381 -0.00762058 -0.669544
0.00286082 -0.00762058 -0.669545
0.00241538 -0.0078433 -0.669542
0.0026381 -0.0078433 -0.669543
0.00286082 -0.0078433 -0.669544
0.00241538 -0.00806602 -0.669541
0.0026381 -0.00806602 -0.669542
0.00286082 -0.00806602 -0.669543
0.00241538 -0.00828874 -0.66954
0.0026381 -0.00828874 -0.669541
0.00286082 -0.00828874 -0.669542
0.00241538 -0.00851147 -0.669539
0.0026381 -0.00851147 -0.66954
0.00286082 -0.00851147 -0.669541
0.00241538 -0.00873419 -0.669538
0.0026381 -0.00873419 -0.669539
0.00286082 -0.00873419 -0.66954
0.00241538 -0.00895691 -0.669537
0.0026381 -0.00895691 -0.669538
0.00286082 -0.00895691 -0.669538
0.00241538 -0.00917963 -0.669535
0.0026381 -0.00917963 -0.669536
0.00286082 -0.00917963 -0.669537
0.00241538 -0.00940235 -0.669534
0.0026381 -0.00940235 -0.669535
0.00286082 -0.00940235 -0.669536
0.00241538 -0.00962507 -0.669533
0.0026381 -0.00962507 -0.669534
0.00286082 -0.00962507 -0.669535
0.00241538 -0.00984779 -0.669532
0.0026381 -0.00984779 -0.669533
0.00286082 -0.00984779 -0.669534
0.00241538 -0.0100705 -0.669531
0.0026381 -0.0100705 -0.669532
0.00286082 -0.0100705 -0.669533
0.00241538 -0.0102932 -0.66953
0.0026381 -0.0102932 -0.669531
0.00286082 -0.0102932 -0.669532
0.00241538 -0.010516 -0.669529
0.0026381 -0.010516 -0.66953
0.00286082 -0.010516 -0.669531
0.00241538 -0.0107387 -0.669528
0.0026381 -0.0107387 -0.669529
0.00286082 -0.0107387 -0.66953
