0.0239097 0.038472 -0.996175
0.0236979 0.038472 -0.99618
0.0234861 0.038472 -0.996186
0.0239097 0.0386838 -0.996174
0.0236979 0.0386838 -0.99618
0.0234861 0.0386838 -0.996185
0.0239097 0.0388956 -0.996173
0.0236979 0.0388956 -0.996179
0.0234861 0.0388956 -0.996184
0.0239097 0.0391074 -0.996172
0.0236979 0.0391074 -0.996178
0.0234861 0.0391074 -0.996184
0.0239097 0.0393192 -0.996171
0.0236979 0.0393192 -0.996177
0.0234861 0.0393192 -0.996183
0.0239097 0.039531 -0.99617
0.0236979 0.039531 -0.996176
0.0234861 0.039531 -0.996182
0.0239097 0.0397428 -0.99617
0.0236979 0.0397428 -0.996175
0.0234861 0.0397428 -0.996181
0.0239097 0.0399546 -0.996169
0.0236979 0.0399546 -0.996175
0.0234861 0.0399546 -0.99618
0.0239097 0.0401664 -0.996168
0.0236979 0.0401664 -0.996174
0.0234861 0.0401664 -0.996179
0.0239097 0.0403782 -0.996167
0.0236979 0.0403782 -0.996173
0.0234861 0.0403782 -0.996179
0.0239097 0.04059 -0.996166
0.0236979 0.04059 -0.996172
0.0234861 0.04059 -0.996178
0.0239097 0.0408018 -0.996165
0.0236979 0.0408018 -0.996171
0.0234861 0.0408018 -0.996177
0.0239097 0.0410137 -0.996165
0.0236979 0.0410137 -0.99617
0.0234861 0.0410137 -0.996176
0.0239097 0.0412255 -0.996164
0.0236979 0.0412255 -0.99617
0.0234861 0.0412255 -0.996175
0.0239097 0.0414373 -0.996163
0.0236979 0.0414373 -0.996169
0.0234861 0.0414373 -0.996174
0.0239097 0.0416491 -0.996162
0.0236979 0.0416491 -0.996168
0.0234861 0.0416491 -0.996174
0.0239097 0.0418609 -0.996161
0.0236979 0.0418609 -0.996167
0.0234861 0.0418609 -0.996173
0.0239097 0.0420727 -0.99616
0.0236979 0.0420727 -0.996166
0.0234861 0.0420727 -0.996172
0.0239097 0.0422845 -0.99616
0.0236979 0.0422845 -0.996165
0.0234861 0.0422845 -0.996171
0.0239097 0.0424963 -0.996159
0.0236979 0.0424963 -0.996165
0.0234861 0.0424963 -0.99617
0.0239097 0.0427081 -0.996158
0.0236979 0.0427081 -0.996164
0.0234861 0.0427081 -0.996169
0.0239097 0.0429199 -0.996157
0.0236979 0.0429199 -0.996163
0.0234861 0.0429199 -0.996169
0.0239097 0.0431317 -0.996156
0.0236979 0.0431317 -0.996162
0.0234861 0.0431317 -0.996168
0.0239097 0.0433435 -0.996155
0.0236979 0.0433435 -0.996161
0.0234861 0.0433435 -0.996167
0.0239097 0.0435553 -0.996155
0.0236979 0.0435553 -0.99616
0.0234861 0.0435553 -0.996166
0.0239097 0.0437672 -0.996154
0.0236979 0.0437672 -0.996159
0.0234861 0.0437672 -0.996165
0.0239097 0.043979 -0.996153
0.0236979 0.043979 -0.996159
0.0234861 0.043979 -0.996164
0.0239097 0.0441908 -0.996152
0.0236979 0.0441908 -0.996158
0.0234861 0.0441908 -0.996164
0.0239097 0.0444026 -0.996151
0.0236979 0.0444026 -0.996157
0.0234861 0.0444026 -0.996163
0.0239097 0.0446144 -0.99615
0.0236979 0.0446144 -0.996156
0.0234861 0.0446144 -0.996162
0.0239097 0.0448262 -0.99615
0.0236979 0.0448262 -0.996155
0.0234861 0.0448262 -0.996161
0.0239097 0.045038 -0.996149
0.0236979 0.045038 -0.996154
0.0234861 0.045038 -0.99616
0.0239097 0.0452498 -0.996148
0.0236979 0.0452498 -0.996154
0.0234861 0.0452498 -0.996159
0.0239097 0.0454616 -0.996147
0.0236979 0.0454616 -0.996153
0.0234861 0.0454616 -0.996159
0.0239097 0.0456734 -0.996146
0.0236979 0.0456734 -0.996152
0.0234861 0.0456734 -0.996158
0.0239097 0.0458852 -0.996145
0.0236979 0.0458852 -0.996151
0.0234861 0.0458852 -0.996157
0.0239097 0.046097 -0.996144
0.0236979 0.046097 -0.99615
0.0234861 0.046097 -0.996156
0.0239097 0.0463088 -0.996144
0.0236979 0.0463088 -0.996149
0.0234861 0.0463088 -0.996155
0.0239097 0.0465206 -0.996143
0.0236979 0.0465206 -0.996149
0.0234861 0.0465206 -0.996154
0.0239097 0.0467324 -0.996142
0.0236979 0.0467324 -0.996148
0.0234861 0.0467324 -0.996154
0.0239097 0.0469443 -0.996141
0.0236979 0.0469443 -0.996147
0.0234861 0.0469443 -0.996153
0.0239097 0.0471561 -0.99614
0.0236979 0.0471561 -0.996146
0.0234861 0.0471561 -0.996152
0.0239097 0.0473679 -0.996139
0.0236979 0.0473679 -0.996145
0.0234861 0.0473679 -0.996151
0.0239097 0.0475797 -0.996139
0.0236979 0.0475797 -0.996144
0.0234861 0.0475797 -0.99615
0.0239097 0.0477915 -0.996138
0.0236979 0.0477915 -0.996144
0.0234861 0.0477915 -0.996149
0.0239097 0.0480033 -0.996137
0.0236979 0.0480033 -0.996143
0.0234861 0.0480033 -0.996148
0.0239097 0.0482151 -0.996136
0.0236979 0.0482151 -0.996142
0.0234861 0.0482151 -0.996148
0.0239097 0.0484269 -0.996135
0.0236979 0.0484269 -0.996141
0.0234861 0.0484269 -0.996147
0.0239097 0.0486387 -0.996134
0.0236979 0.0486387 -0.99614
0.0234861 0.0486387 -0.996146
0.0239097 0.0488505 -0.996134
0.0236979 0.0488505 -0.996139
0.0234861 0.0488505 -0.996145
0.0239097 0.0490623 -0.996133
0.0236979 0.0490623 -0.996139
0.0234861 0.0490623 -0.996144
0.0239097 0.0492741 -0.996132
0.0236979 0.0492741 -0.996138
0.0234861 0.0492741 -0.996143
0.0239097 0.0494859 -0.996131
0.0236979 0.0494859 -0.996137
0.0234861 0.0494859 -0.996143
0.0239097 0.0496977 -0.99613
0.0236979 0.0496977 -0.996136
0.0234861 0.0496977 -0.996142
0.0239097 0.0499096 -0.996129
0.0236979 0.0499096 -0.996135
0.0234861 0.0499096 -0.996141
0.0239097 0.0501214 -0.996129
0.0236979 0.0501214 -0.996134
0.0234861 0.0501214 -0.99614
0.0239097 0.0503332 -0.996128
0.0236979 0.0503332 -0.996134
0.0234861 0.0503332 -0.996139
0.0239097 0.050545 -0.996127
0.0236979 0.050545 -0.996133
0.0234861 0.050545 -0.996138
0.0239097 0.0507568 -0.996126
0.0236979 0.0507568 -0.996132
0.0234861 0.0507568 -0.996138
0.0239097 0.0509686 -0.996125
0.0236979 0.0509686 -0.996131
0.0234861 0.0509686 -0.996137
0.0239097 0.0511804 -0.996124
0.0236979 0.0511804 -0.99613
0.0234861 0.0511804 -0.996136
0.0239097 0.0513922 -0.996124
0.0236979 0.0513922 -0.996129
0.0234861 0.0513922 -0.996135
0.0239097 0.051604 -0.996123
0.0236979 0.051604 -0.996128
0.0234861 0.051604 -0.996134
0.0239097 0.0518158 -0.996122
0.0236979 0.0518158 -0.996128
0.0234861 0.0518158 -0.996133
0.0239097 0.0520276 -0.996121
0.0236979 0.0520276 -0.996127
0.0234861 0.0520276 -0.996133
0.0239097 0.0522394 -0.99612
0.0236979 0.0522394 -0.996126
0.0234861 0.0522394 -0.996132
0.0239097 0.0524512 -0.996119
0.0236979 0.0524512 -0.996125
0.0234861 0.0524512 -0.996131
0.0239097 0.052663 -0.996119
0.0236979 0.052663 -0.996124
0.0234861 0.052663 -0.99613
0.0239097 0.0528749 -0.996118
0.0236979 0.0528749 -0.996123
0.0234861 0.0528749 -0.996129
0.0239097 0.0530867 -0.996117
0.0236979 0.0530867 -0.996123
0.0234861 0.0530867 -0.996128
0.0239097 0.0532985 -0.996116
0.0236979 0.0532985 -0.996122
0.0234861 0.0532985 -0.996128
0.0239097 0.0535103 -0.996115
0.0236979 0.0535103 -0.996121
0.0234861 0.0535103 -0.996127
0.0239097 0.0537221 -0.996114
0.0236979 0.0537221 -0.99612
0.0234861 0.0537221 -0.996126
0.0239097 0.0539339 -0.996114
0.0236979 0.0539339 -0.996119
0.0234861 0.0539339 -0.996125
0.0239097 0.0541457 -0.996113
0.0236979 0.0541457 -0.996118
0.0234861 0.0541457 -0.996124
0.0239097 0.0543575 -0.996112
0.0236979 0.0543575 -0.996118
0.0234861 0.0543575 -0.996123
0.0239097 0.0545693 -0.996111
0.0236979 0.0545693 -0.996117
0.0234861 0.0545693 -0.996123
0.0239097 0.0547811 -0.99611
0.0236979 0.0547811 -0.996116
0.0234861 0.0547811 -0.996122
0.0239097 0.0549929 -0.996109
0.0236979 0.0549929 -0.996115
0.0234861 0.0549929 -0.996121
0.0239097 0.0552047 -0.996109
0.0236979 0.0552047 -0.996114
0.0234861 0.0552047 -0.99612
0.0239097 0.0554165 -0.996108
0.0236979 0.0554165 -0.996113
0.0234861 0.0554165 -0.996119
0.0239097 0.0556283 -0.996107
0.0236979 0.0556283 -0.996113
0.0234861 0.0556283 -0.996118
0.0239097 0.0558401 -0.996106
0.0236979 0.0558401 -0.996112
0.0234861 0.0558401 -0.996118
0.0239097 0.056052 -0.996105
0.0236979 0.056052 -0.996111
0.0234861 0.056052 -0.996117
0.0239097 0.0562638 -0.996104
0.0236979 0.0562638 -0.99611
0.0234861 0.0562638 -0.996116
0.0239097 0.0564756 -0.996103
0.0236979 0.0564756 -0.996109
0.0234861 0.0564756 -0.996115
0.0239097 0.0566874 -0.996103
0.0236979 0.0566874 -0.996108
0.0234861 0.0566874 -0.996114
0.0239097 0.0568992 -0.996102
0.0236979 0.0568992 -0.996108
0.0234861 0.0568992 -0.996113
0.0239097 0.057111 -0.996101
0.0236979 0.057111 -0.996107
0.0234861 0.057111 -0.996113
0.0239097 0.0573228 -0.9961
0.0236979 0.0573228 -0.996106
0.0234861 0.0573228 -0.996112
0.0239097 0.0575346 -0.996099
0.0236979 0.0575346 -0.996105
0.0234861 0.0575346 -0.996111
0.0239097 0.0577464 -0.996098
0.0236979 0.0577464 -0.996104
0.0234861 0.0577464 -0.99611
0.0239097 0.0579582 -0.996098
0.0236979 0.0579582 -0.996103
0.0234861 0.0579582 -0.996109
0.0239097 0.05817 -0.996097
0.0236979 0.05817 -0.996103
0.0234861 0.05817 -0.996108
0.0239097 0.0583818 -0.996096
0.0236979 0.0583818 -0.996102
0.0234861 0.0583818 -0.996107
0.0239097 0.0585936 -0.996095
0.0236979 0.0585936 -0.996101
0.0234861 0.0585936 -0.996107
0.0239097 0.0588054 -0.996094
0.0236979 0.0588054 -0.9961
0.0234861 0.0588054 -0.996106
0.0239097 0.0590173 -0.996093
0.0236979 0.0590173 -0.996099
0.0234861 0.0590173 -0.996105
0.0239097 0.0592291 -0.996093
0.0236979 0.0592291 -0.996098
0.0234861 0.0592291 -0.996104
0.0239097 0.0594409 -0.996092
0.0236979 0.0594409 -0.996098
0.0234861 0.0594409 -0.996103
0.0239097 0.0596527 -0.996091
0.0236979 0.0596527 -0.996097
0.0234861 0.0596527 -0.996102
0.0239097 0.0598645 -0.99609
0.0236979 0.0598645 -0.996096
0.0234861 0.0598645 -0.996102
0.0239097 0.0600763 -0.996089
0.0236979 0.0600763 -0.996095
0.0234861 0.0600763 -0.996101
0.0239097 0.0602881 -0.996088
0.0236979 0.0602881 -0.996094
0.0234861 0.0602881 -0.9961
0.0239097 0.0604999 -0.996088
0.0236979 0.0604999 -0.996093
0.0234861 0.0604999 -0.996099
0.0239097 0.0607117 -0.996087
0.0236979 0.0607117 -0.996092
0.0234861 0.0607117 -0.996098
0.0239097 0.0609235 -0.996086
0.0236979 0.0609235 -0.996092
0.0234861 0.0609235 -0.996097
0.0239097 0.0611353 -0.996085
0.0236979 0.0611353 -0.996091
0.0234861 0.0611353 -0.996097
0.0239097 0.0613471 -0.996084
0.0236979 0.0613471 -0.99609
0.0234861 0.0613471 -0.996096
0.0239097 0.0615589 -0.996083
0.0236979 0.0615589 -0.996089
0.0234861 0.0615589 -0.996095
0.0239097 0.0617707 -0.996083
0.0236979 0.0617707 -0.996088
0.0234861 0.0617707 -0.996094
