-0.0178558 0.039053 -0.972627
-0.0180779 0.039053 -0.972629
-0.0183001 0.039053 -0.972631
-0.0178558 0.0392751 -0.972626
-0.0180779 0.0392751 -0.972628
-0.0183001 0.0392751 -0.972631
-0.0178558 0.0394972 -0.972626
-0.0180779 0.0394972 -0.972628
-0.0183001 0.0394972 -0.97263
-0.0178558 0.0397194 -0.972625
-0.0180779 0.0397194 -0.972628
-0.0183001 0.0397194 -0.97263
-0.0178558 0.0399415 -0.972625
-0.0180779 0.0399415 -0.972627
-0.0183001 0.0399415 -0.972629
-0.0178558 0.0401636 -0.972625
-0.0180779 0.0401636 -0.972627
-0.0183001 0.0401636 -0.972629
-0.0178558 0.0403858 -0.972624
-0.0180779 0.0403858 -0.972626
-0.0183001 0.0403858 -0.972628
-0.0178558 0.0406079 -0.972624
-0.0180779 0.0406079 -0.972626
-0.0183001 0.0406079 -0.972628
-0.0178558 0.04083 -0.972623
-0.0180779 0.04083 -0.972625
-0.0183001 0.04083 -0.972627
-0.0178558 0.0410522 -0.972623
-0.0180779 0.0410522 -0.972625
-0.0183001 0.0410522 -0.972627
-0.0178558 0.0412743 -0.972622
-0.0180779 0.0412743 -0.972624
-0.0183001 0.0412743 -0.972626
-0.0178558 0.0414964 -0.972622
-0.0180779 0.0414964 -0.972624
-0.0183001 0.0414964 -0.972626
-0.0178558 0.0417186 -0.972621
-0.0180779 0.0417186 -0.972623
-0.0183001 0.0417186 -0.972625
-0.0178558 0.0419407 -0.972621
-0.0180779 0.0419407 -0.972623
-0.0183001 0.0419407 -0.972625
-0.0178558 0.0421628 -0.97262
-0.0180779 0.0421628 -0.972623
-0.0183001 0.0421628 -0.972625
-0.0178558 0.0423849 -0.97262
-0.0180779 0.0423849 -0.972622
-0.0183001 0.0423849 -0.972624
-0.0178558 0.0426071 -0.972619
-0.0180779 0.0426071 -0.972622
-0.0183001 0.0426071 -0.972624
-0.0178558 0.0428292 -0.972619
-0.0180779 0.0428292 -0.972621
-0.0183001 0.0428292 -0.972623
-0.0178558 0.0430513 -0.972619
-0.0180779 0.0430513 -0.972621
-0.0183001 0.0430513 -0.972623
-0.0178558 0.0432735 -0.972618
-0.0180779 0.0432735 -0.97262
-0.0183001 0.0432735 -0.972622
-0.0178558 0.0434956 -0.972618
-0.0180779 0.0434956 -0.97262
-0.0183001 0.0434956 -0.972622
-0.0178558 0.0437177 -0.972617
-0.0180779 0.0437177 -0.972619
-0.0183001 0.0437177 -0.972621
-0.0178558 0.0439399 -0.972617
-0.0180779 0.0439399 -0.972619
-0.0183001 0.0439399 -0.972621
-0.0178558 0.044162 -0.972616
-0.0180779 0.044162 -0.972618
-0.0183001 0.044162 -0.97262
-0.0178558 0.0443841 -0.972616
-0.0180779 0.0443841 -0.972618
-0.0183001 0.0443841 -0.97262
-0.0178558 0.0446063 -0.972615
-0.0180779 0.0446063 -0.972617
-0.0183001 0.0446063 -0.97262
-0.0178558 0.0448284 -0.972615
-0.0180779 0.0448284 -0.972617
-0.0183001 0.0448284 -0.972619
-0.0178558 0.0450505 -0.972614
-0.0180779 0.0450505 -0.972617
-0.0183001 0.0450505 -0.972619
-0.0178558 0.0452726 -0.972614
-0.0180779 0.0452726 -0.972616
-0.0183001 0.0452726 -0.972618
-0.0178558 0.0454948 -0.972614
-0.0180779 0.0454948 -0.972616
-0.0183001 0.0454948 -0.972618
-0.0178558 0.0457169 -0.972613
-0.0180779 0.0457169 -0.972615
-0.0183001 0.0457169 -0.972617
-0.0178558 0.045939 -0.972613
-0.0180779 0.045939 -0.972615
-0.0183001 0.045939 -0.972617
-0.0178558 0.0461612 -0.972612
-0.0180779 0.0461612 -0.972614
-0.0183001 0.0461612 -0.972616
-0.0178558 0.0463833 -0.972612
-0.0180779 0.0463833 -0.972614
-0.0183001 0.0463833 -0.972616
-0.0178558 0.0466054 -0.972611
-0.0180779 0.0466054 -0.972613
-0.0183001 0.0466054 -0.972615
-0.0178558 0.0468276 -0.972611
-0.0180779 0.0468276 -0.972613
-0.0183001 0.0468276 -0.972615
-0.0178558 0.0470497 -0.97261
-0.0180779 0.0470497 -0.972612
-0.0183001 0.0470497 -0.972615
-0.0178558 0.0472718 -0.97261
-0.0180779 0.0472718 -0.972612
-0.0183001 0.0472718 -0.972614
-0.0178558 0.047494 -0.972609
-0.0180779 0.047494 -0.972612
-0.0183001 0.047494 -0.972614
-0.0178558 0.0477161 -0.972609
-0.0180779 0.0477161 -0.972611
-0.0183001 0.0477161 -0.972613
-0.0178558 0.0479382 -0.972609
-0.0180779 0.0479382 -0.972611
-0.0183001 0.0479382 -0.972613
-0.0178558 0.0481603 -0.972608
-0.0180779 0.0481603 -0.97261
-0.0183001 0.0481603 -0.972612
-0.0178558 0.0483825 -0.972608
-0.0180779 0.0483825 -0.97261
-0.0183001 0.0483825 -0.972612
-0.0178558 0.0486046 -0.972607
-0.0180779 0.0486046 -0.972609
-0.0183001 0.0486046 -0.972611
-0.0178558 0.0488267 -0.972607
-0.0180779 0.0488267 -0.972609
-0.0183001 0.0488267 -0.972611
-0.0178558 0.0490489 -0.972606
-0.0180779 0.0490489 -0.972608
-0.0183001 0.0490489 -0.97261
-0.0178558 0.049271 -0.972606
-0.0180779 0.049271 -0.972608
-0.0183001 0.049271 -0.97261
-0.0178558 0.0494931 -0.972605
-0.0180779 0.0494931 -0.972607
-0.0183001 0.0494931 -0.97261
-0.0178558 0.0497153 -0.972605
-0.0180779 0.0497153 -0.972607
-0.0183001 0.0497153 -0.972609
-0.0178558 0.0499374 -0.972604
-0.0180779 0.0499374 -0.972606
-0.0183001 0.0499374 -0.972609
-0.0178558 0.0501595 -0.972604
-0.0180779 0.0501595 -0.972606
-0.0183001 0.0501595 -0.972608
-0.0178558 0.0503817 -0.972603
-0.0180779 0.0503817 -0.972606
-0.0183001 0.0503817 -0.972608
-0.0178558 0.0506038 -0.972603
-0.0180779 0.0506038 -0.972605
-0.0183001 0.0506038 -0.972607
-0.0178558 0.0508259 -0.972603
-0.0180779 0.0508259 -0.972605
-0.0183001 0.0508259 -0.972607
-0.0178558 0.051048 -0.972602
-0.0180779 0.051048 -0.972604
-0.0183001 0.051048 -0.972606
-0.0178558 0.0512702 -0.972602
-0.0180779 0.0512702 -0.972604
-0.0183001 0.0512702 -0.972606
-0.0178558 0.0514923 -0.972601
-0.0180779 0.0514923 -0.972603
-0.0183001 0.0514923 -0.972605
-0.0178558 0.0517144 -0.972601
-0.0180779 0.0517144 -0.972603
-0.0183001 0.0517144 -0.972605
-0.0178558 0.0519366 -0.9726
-0.0180779 0.0519366 -0.972602
-0.0183001 0.0519366 -0.972604
-0.0178558 0.0521587 -0.9726
-0.0180779 0.0521587 -0.972602
-0.0183001 0.0521587 -0.972604
-0.0178558 0.0523808 -0.972599
-0.0180779 0.0523808 -0.972601
-0.0183001 0.0523808 -0.972604
-0.0178558 0.052603 -0.972599
-0.0180779 0.052603 -0.972601
-0.0183001 0.052603 -0.972603
-0.0178558 0.0528251 -0.972598
-0.0180779 0.0528251 -0.972601
-0.0183001 0.0528251 -0.972603
-0.0178558 0.0530472 -0.972598
-0.0180779 0.0530472 -0.9726
-0.0183001 0.0530472 -0.972602
-0.0178558 0.0532694 -0.972598
-0.0180779 0.0532694 -0.9726
-0.0183001 0.0532694 -0.972602
-0.0178558 0.0534915 -0.972597
-0.0180779 0.0534915 -0.972599
-0.0183001 0.0534915 -0.972601
-0.0178558 0.0537136 -0.972597
-0.0180779 0.0537136 -0.972599
-0.0183001 0.0537136 -0.972601
-0.0178558 0.0539357 -0.972596
-0.0180779 0.0539357 -0.972598
-0.0183001 0.0539357 -0.9726
-0.0178558 0.0541579 -0.972596
-0.0180779 0.0541579 -0.972598
-0.0183001 0.0541579 -0.9726
-0.0178558 0.05438 -0.972595
-0.0180779 0.05438 -0.972597
-0.0183001 0.05438 -0.972599
-0.0178558 0.0546021 -0.972595
-0.0180779 0.0546021 -0.972597
-0.0183001 0.0546021 -0.972599
-0.0178558 0.0548243 -0.972594
-0.0180779 0.0548243 -0.972596
-0.0183001 0.0548243 -0.972599
-0.0178558 0.0550464 -0.972594
-0.0180779 0.0550464 -0.972596
-0.0183001 0.0550464 -0.972598
-0.0178558 0.0552685 -0.972593
-0.0180779 0.0552685 -0.972596
-0.0183001 0.0552685 -0.972598
-0.0178558 0.0554907 -0.972593
-0.0180779 0.0554907 -0.972595
-0.0183001 0.0554907 -0.972597
-0.0178558 0.0557128 -0.972593
-0.0180779 0.0557128 -0.972595
-0.0183001 0.0557128 -0.972597
-0.0178558 0.0559349 -0.972592
-0.0180779 0.0559349 -0.972594
-0.0183001 0.0559349 -0.972596
-0.0178558 0.0561571 -0.972592
-0.0180779 0.0561571 -0.972594
-0.0183001 0.0561571 -0.972596
-0.0178558 0.0563792 -0.972591
-0.0180779 0.0563792 -0.972593
-0.0183001 0.0563792 -0.972595
-0.0178558 0.0566013 -0.972591
-0.0180779 0.0566013 -0.972593
-0.0183001 0.0566013 -0.972595
-0.0178558 0.0568234 -0.97259
-0.0180779 0.0568234 -0.972592
-0.0183001 0.0568234 -0.972594
-0.0178558 0.0570456 -0.97259
-0.0180779 0.0570456 -0.972592
-0.0183001 0.0570456 -0.972594
-0.0178558 0.0572677 -0.972589
-0.0180779 0.0572677 -0.972591
-0.0183001 0.0572677 -0.972593
-0.0178558 0.0574898 -0.972589
-0.0180779 0.0574898 -0.972591
-0.0183001 0.0574898 -0.972593
-0.0178558 0.057712 -0.972588
-0.0180779 0.057712 -0.972591
-0.0183001 0.057712 -0.972593
-0.0178558 0.0579341 -0.972588
-0.0180779 0.0579341 -0.97259
-0.0183001 0.0579341 -0.972592
-0.0178558 0.0581562 -0.972587
-0.0180779 0.0581562 -0.97259
-0.0183001 0.0581562 -0.972592
-0.0178558 0.0583784 -0.972587
-0.0180779 0.0583784 -0.972589
-0.0183001 0.0583784 -0.972591
-0.0178558 0.0586005 -0.972587
-0.0180779 0.0586005 -0.972589
-0.0183001 0.0586005 -0.972591
-0.0178558 0.0588226 -0.972586
-0.0180779 0.0588226 -0.972588
-0.0183001 0.0588226 -0.97259
-0.0178558 0.0590448 -0.972586
-0.0180779 0.0590448 -0.972588
-0.0183001 0.0590448 -0.97259
-0.0178558 0.0592669 -0.972585
-0.0180779 0.0592669 -0.972587
-0.0183001 0.0592669 -0.972589
-0.0178558 0.059489 -0.972585
-0.0180779 0.059489 -0.972587
-0.0183001 0.059489 -0.972589
-0.0178558 0.0597111 -0.972584
-0.0180779 0.0597111 -0.972586
-0.0183001 0.0597111 -0.972588
-0.0178558 0.0599333 -0.972584
-0.0180779 0.0599333 -0.972586
-0.0183001 0.0599333 -0.972588
-0.0178558 0.0601554 -0.972583
-0.0180779 0.0601554 -0.972585
-0.0183001 0.0601554 -0.972588
-0.0178558 0.0603775 -0.972583
-0.0180779 0.0603775 -0.972585
-0.0183001 0.0603775 -0.972587
-0.0178558 0.0605997 -0.972582
-0.0180779 0.0605997 -0.972585
-0.0183001 0.0605997 -0.972587
-0.0178558 0.0608218 -0.972582
-0.0180779 0.0608218 -0.972584
-0.0183001 0.0608218 -0.972586
-0.0178558 0.0610439 -0.972582
-0.0180779 0.0610439 -0.972584
-0.0183001 0.0610439 -0.972586
-0.0178558 0.0612661 -0.972581
-0.0180779 0.0612661 -0.972583
-0.0183001 0.0612661 -0.972585
-0.0178558 0.0614882 -0.972581
-0.0180779 0.0614882 -0.972583
-0.0183001 0.0614882 -0.972585
-0.0178558 0.0617103 -0.97258
-0.0180779 0.0617103 -0.972582
-0.0183001 0.0617103 -0.972584
-0.0178558 0.0619325 -0.97258
-0.0180779 0.0619325 -0.972582
-0.0183001 0.0619325 -0.972584
-0.0178558 0.0621546 -0.972579
-0.0180779 0.0621546 -0.972581
-0.0183001 0.0621546 -0.972583
-0.0178558 0.0623767 -0.972579
-0.0180779 0.0623767 -0.972581
-0.0183001 0.0623767 -0.972583
-0.0178558 0.0625988 -0.972578
-0.0180779 0.0625988 -0.97258
-0.0183001 0.0625988 -0.972583
-0.0178558 0.062821 -0.972578
-0.0180779 0.062821 -0.97258
-0.0183001 0.062821 -0.972582
-0.0178558 0.0630431 -0.972577
-0.0180779 0.0630431 -0.97258
-0.0183001 0.0630431 -0.972582
-0.0178558 0.0632652 -0.972577
-0.0180779 0.0632652 -0.972579
-0.0183001 0.0632652 -0.972581
-0.0178558 0.0634874 -0.972576
-0.0180779 0.0634874 -0.972579
-0.0183001 0.0634874 -0.972581
