-0.00418636 -0.0089426 -0.874334
-0.00436513 -0.0089426 -0.874335
-0.0045439 -0.0089426 -0.874336
-0.00418636 -0.00876383 -0.874334
-0.00436513 -0.00876383 -0.874335
-0.0045439 -0.00876383 -0.874336
-0.00418636 -0.00858506 -0.874334
-0.00436513 -0.00858506 -0.874335
-0.0045439 -0.00858506 -0.874336
-0.00418636 -0.00840629 -0.874334
-0.00436513 -0.00840629 -0.874335
-0.0045439 -0.00840629 -0.874337
-0.00418636 -0.00822752 -0.874335
-0.00436513 -0.00822752 -0.874336
-0.0045439 -0.00822752 -0.874337
-0.00418636 -0.00804875 -0.874335
-0.00436513 -0.00804875 -0.874336
-0.0045439 -0.00804875 -0.874337
-0.00418636 -0.00786998 -0.874335
-0.00436513 -0.00786998 -0.874336
-0.0045439 -0.00786998 -0.874337
-0.00418636 -0.00769121 -0.874336
-0.00436513 -0.00769121 -0.874337
-0.0045439 -0.00769121 -0.874338
-0.00418636 -0.00751244 -0.874336
-0.00436513 -0.00751244 -0.874337
-0.0045439 -0.00751244 -0.874338
-0.00418636 -0.00733367 -0.874336
-0.00436513 -0.00733367 -0.874337
-0.0045439 -0.00733367 -0.874338
-0.00418636 -0.0071549 -0.874337
-0.00436513 -0.0071549 -0.874338
-0.0045439 -0.0071549 -0.874339
-0.00418636 -0.00697613 -0.874337
-0.00436513 -0.00697613 -0.874338
-0.0045439 -0.00697613 -0.874339
-0.00418636 -0.00679736 -0.874337
-0.00436513 -0.00679736 -0.874338
-0.0045439 -0.00679736 -0.874339
-0.00418636 -0.00661859 -0.874337
-0.00436513 -0.00661859 -0.874339
-0.0045439 -0.00661859 -0.87434
-0.00418636 -0.00643982 -0.874338
-0.00436513 -0.00643982 -0.874339
-0.0045439 -0.00643982 -0.87434
-0.00418636 -0.00626105 -0.874338
-0.00436513 -0.00626105 -0.874339
-0.0045439 -0.00626105 -0.87434
-0.00418636 -0.00608228 -0.874338
-0.00436513 -0.00608228 -0.874339
-0.0045439 -0.00608228 -0.87434
-0.00418636 -0.00590351 -0.874339
-0.00436513 -0.00590351 -0.87434
-0.0045439 -0.00590351 -0.874341
-0.00418636 -0.00572474 -0.874339
-0.00436513 -0.00572474 -0.87434
-0.0045439 -0.00572474 -0.874341
-0.00418636 -0.00554597 -0.874339
-0.00436513 -0.00554597 -0.87434
-0.0045439 -0.00554597 -0.874341
-0.00418636 -0.0053672 -0.87434
-0.00436513 -0.0053672 -0.874341
-0.0045439 -0.0053672 -0.874342
-0.00418636 -0.00518843 -0.87434
-0.00436513 -0.00518843 -0.874341
-0.0045439 -0.00518843 -0.874342
-0.00418636 -0.00500966 -0.87434
-0.00436513 -0.00500966 -0.874341
-0.0045439 -0.00500966 -0.874342
-0.00418636 -0.00483089 -0.87434
-0.00436513 -0.00483089 -0.874341
-0.0045439 -0.00483089 -0.874343
-0.00418636 -0.00465212 -0.874341
-0.00436513 -0.00465212 -0.874342
-0.0045439 -0.00465212 -0.874343
-0.00418636 -0.00447335 -0.874341
-0.00436513 -0.00447335 -0.874342
-0.0045439 -0.00447335 -0.874343
-0.00418636 -0.00429458 -0.874341
-0.00436513 -0.00429458 -0.874342
-0.0045439 -0.00429458 -0.874343
-0.00418636 -0.00411581 -0.874342
-0.00436513 -0.00411581 -0.874343
-0.0045439 -0.00411581 -0.874344
-0.00418636 -0.00393704 -0.874342
-0.00436513 -0.00393704 -0.874343
-0.0045439 -0.00393704 -0.874344
-0.00418636 -0.00375827 -0.874342
-0.00436513 -0.00375827 -0.874343
-0.0045439 -0.00375827 -0.874344
-0.00418636 -0.0035795 -0.874343
-0.00436513 -0.0035795 -0.874344
-0.0045439 -0.0035795 -0.874345
-0.00418636 -0.00340073 -0.874343
-0.00436513 -0.00340073 -0.874344
-0.0045439 -0.00340073 -0.874345
-0.00418636 -0.00322196 -0.874343
-0.00436513 -0.00322196 -0.874344
-0.0045439 -0.00322196 -0.874345
-0.00418636 -0.00304319 -0.874343
-0.00436513 -0.00304319 -0.874344
-0.0045439 -0.00304319 -0.874345
-0.00418636 -0.00286442 -0.874344
-0.00436513 -0.00286442 -0.874345
-0.0045439 -0.00286442 -0.874346
-0.00418636 -0.00268565 -0.874344
-0.00436513 -0.00268565 -0.874345
-0.0045439 -0.00268565 -0.874346
-0.00418636 -0.00250688 -0.874344
-0.00436513 -0.00250688 -0.874345
-0.0045439 -0.00250688 -0.874346
-0.00418636 -0.00232811 -0.874345
-0.00436513 -0.00232811 -0.874346
-0.0045439 -0.00232811 -0.874347
-0.00418636 -0.00214934 -0.874345
-0.00436513 -0.00214934 -0.874346
-0.0045439 -0.00214934 -0.874347
-0.00418636 -0.00197057 -0.874345
-0.00436513 -0.00197057 -0.874346
-0.0045439 -0.00197057 -0.874347
-0.00418636 -0.0017918 -0.874345
-0.00436513 -0.0017918 -0.874347
-0.0045439 -0.0017918 -0.874348
-0.00418636 -0.00161303 -0.874346
-0.00436513 -0.00161303 -0.874347
-0.0045439 -0.00161303 -0.874348
-0.00418636 -0.00143426 -0.874346
-0.00436513 -0.00143426 -0.874347
-0.0045439 -0.00143426 -0.874348
-0.00418636 -0.00125549 -0.874346
-0.00436513 -0.00125549 -0.874347
-0.0045439 -0.00125549 -0.874348
-0.00418636 -0.00107672 -0.874347
-0.00436513 -0.00107672 -0.874348
-0.0045439 -0.00107672 -0.874349
-0.00418636 -0.000897954 -0.874347
-0.00436513 -0.000897954 -0.874348
-0.0045439 -0.000897954 -0.874349
-0.00418636 -0.000719184 -0.874347
-0.00436513 -0.000719184 -0.874348
-0.0045439 -0.000719184 -0.874349
-0.00418636 -0.000540414 -0.874348
-0.00436513 -0.000540414 -0.874349
-0.0045439 -0.000540414 -0.87435
-0.00418636 -0.000361644 -0.874348
-0.00436513 -0.000361644 -0.874349
-0.0045439 -0.000361644 -0.87435
-0.00418636 -0.000182875 -0.874348
-0.00436513 -0.000182875 -0.874349
-0.0045439 -0.000182875 -0.87435
-0.00418636 -4.1046e-06 -0.874348
-0.00436513 -4.1046e-06 -0.87435
-0.0045439 -4.1046e-06 -0.874351
-0.00418636 0.000174665 -0.874349
-0.00436513 0.000174665 -0.87435
-0.0045439 0.000174665 -0.874351
-0.00418636 0.000353435 -0.874349
-0.00436513 0.000353435 -0.87435
-0.0045439 0.000353435 -0.874351
-0.00418636 0.000532205 -0.874349
-0.00436513 0.000532205 -0.87435
-0.0045439 0.000532205 -0.874351
-0.00418636 0.000710975 -0.87435
-0.00436513 0.000710975 -0.874351
-0.0045439 0.000710975 -0.874352
-0.00418636 0.000889745 -0.87435
-0.00436513 0.000889745 -0.874351
-0.0045439 0.000889745 -0.874352
-0.00418636 0.00106852 -0.87435
-0.00436513 0.00106852 -0.874351
-0.0045439 0.00106852 -0.874352
-0.00418636 0.00124729 -0.874351
-0.00436513 0.00124729 -0.874352
-0.0045439 0.00124729 -0.874353
-0.00418636 0.00142605 -0.874351
-0.00436513 0.00142605 -0.874352
-0.0045439 0.00142605 -0.874353
-0.00418636 0.00160482 -0.874351
-0.00436513 0.00160482 -0.874352
-0.0045439 0.00160482 -0.874353
-0.00418636 0.00178359 -0.874351
-0.00436513 0.00178359 -0.874353
-0.0045439 0.00178359 -0.874354
-0.00418636 0.00196236 -0.874352
-0.00436513 0.00196236 -0.874353
-0.0045439 0.00196236 -0.874354
-0.00418636 0.00214113 -0.874352
-0.00436513 0.00214113 -0.874353
-0.0045439 0.00214113 -0.874354
-0.00418636 0.0023199 -0.874352
-0.00436513 0.0023199 -0.874353
-0.0045439 0.0023199 -0.874354
-0.00418636 0.00249867 -0.874353
-0.00436513 0.00249867 -0.874354
-0.0045439 0.00249867 -0.874355
-0.00418636 0.00267744 -0.874353
-0.00436513 0.00267744 -0.874354
-0.0045439 0.00267744 -0.874355
-0.00418636 0.00285621 -0.874353
-0.00436513 0.00285621 -0.874354
-0.0045439 0.00285621 -0.874355
-0.00418636 0.00303498 -0.874354
-0.00436513 0.00303498 -0.874355
-0.0045439 0.00303498 -0.874356
-0.00418636 0.00321375 -0.874354
-0.00436513 0.00321375 -0.874355
-0.0045439 0.00321375 -0.874356
-0.00418636 0.00339252 -0.874354
-0.00436513 0.00339252 -0.874355
-0.0045439 0.00339252 -0.874356
-0.00418636 0.00357129 -0.874354
-0.00436513 0.00357129 -0.874355
-0.0045439 0.00357129 -0.874357
-0.00418636 0.00375006 -0.874355
-0.00436513 0.00375006 -0.874356
-0.0045439 0.00375006 -0.874357
-0.00418636 0.00392883 -0.874355
-0.00436513 0.00392883 -0.874356
-0.0045439 0.00392883 -0.874357
-0.00418636 0.0041076 -0.874355
-0.00436513 0.0041076 -0.874356
-0.0045439 0.0041076 -0.874357
-0.00418636 0.00428637 -0.874356
-0.00436513 0.00428637 -0.874357
-0.0045439 0.00428637 -0.874358
-0.00418636 0.00446514 -0.874356
-0.00436513 0.00446514 -0.874357
-0.0045439 0.00446514 -0.874358
-0.00418636 0.00464391 -0.874356
-0.00436513 0.00464391 -0.874357
-0.0045439 0.00464391 -0.874358
-0.00418636 0.00482268 -0.874357
-0.00436513 0.00482268 -0.874358
-0.0045439 0.00482268 -0.874359
-0.00418636 0.00500145 -0.874357
-0.00436513 0.00500145 -0.874358
-0.0045439 0.00500145 -0.874359
-0.00418636 0.00518022 -0.874357
-0.00436513 0.00518022 -0.874358
-0.0045439 0.00518022 -0.874359
-0.00418636 0.00535899 -0.874357
-0.00436513 0.00535899 -0.874358
-0.0045439 0.00535899 -0.87436
-0.00418636 0.00553776 -0.874358
-0.00436513 0.00553776 -0.874359
-0.0045439 0.00553776 -0.87436
-0.00418636 0.00571653 -0.874358
-0.00436513 0.00571653 -0.874359
-0.0045439 0.00571653 -0.87436
-0.00418636 0.0058953 -0.874358
-0.00436513 0.0058953 -0.874359
-0.0045439 0.0058953 -0.87436
-0.00418636 0.00607407 -0.874359
-0.00436513 0.00607407 -0.87436
-0.0045439 0.00607407 -0.874361
-0.00418636 0.00625284 -0.874359
-0.00436513 0.00625284 -0.87436
-0.0045439 0.00625284 -0.874361
-0.00418636 0.00643161 -0.874359
-0.00436513 0.00643161 -0.87436
-0.0045439 0.00643161 -0.874361
-0.00418636 0.00661038 -0.87436
-0.00436513 0.00661038 -0.874361
-0.0045439 0.00661038 -0.874362
-0.00418636 0.00678915 -0.87436
-0.00436513 0.00678915 -0.874361
-0.0045439 0.00678915 -0.874362
-0.00418636 0.00696792 -0.87436
-0.00436513 0.00696792 -0.874361
-0.0045439 0.00696792 -0.874362
-0.00418636 0.00714669 -0.87436
-0.00436513 0.00714669 -0.874361
-0.0045439 0.00714669 -0.874363
-0.00418636 0.00732546 -0.874361
-0.00436513 0.00732546 -0.874362
-0.0045439 0.00732546 -0.874363
-0.00418636 0.00750423 -0.874361
-0.00436513 0.00750423 -0.874362
-0.0045439 0.00750423 -0.874363
-0.00418636 0.007683 -0.874361
-0.00436513 0.007683 -0.874362
-0.0045439 0.007683 -0.874363
-0.00418636 0.00786177 -0.874362
-0.00436513 0.00786177 -0.874363
-0.0045439 0.00786177 -0.874364
-0.00418636 0.00804054 -0.874362
-0.00436513 0.00804054 -0.874363
-0.0045439 0.00804054 -0.874364
-0.00418636 0.00821931 -0.874362
-0.00436513 0.00821931 -0.874363
-0.0045439 0.00821931 -0.874364
-0.00418636 0.00839808 -0.874363
-0.00436513 0.00839808 -0.874364
-0.0045439 0.00839808 -0.874365
-0.00418636 0.00857685 -0.874363
-0.00436513 0.00857685 -0.874364
-0.0045439 0.00857685 -0.874365
-0.00418636 0.00875562 -0.874363
-0.00436513 0.00875562 -0.874364
-0.0045439 0.00875562 -0.874365
-0.00418636 0.00893439 -0.874363
-0.00436513 0.00893439 -0.874364
-0.0045439 0.00893439 -0.874366
-0.00418636 0.00911316 -0.874364
-0.00436513 0.00911316 -0.874365
-0.0045439 0.00911316 -0.874366
-0.00418636 0.00929193 -0.874364
-0.00436513 0.00929193 -0.874365
-0.0045439 0.00929193 -0.874366
-0.00418636 0.0094707 -0.874364
-0.00436513 0.0094707 -0.874365
-0.0045439 0.0094707 -0.874366
-0.00418636 0.00964947 -0.874365
-0.00436513 0.00964947 -0.874366
-0.0045439 0.00964947 -0.874367
-0.00418636 0.00982824 -0.874365
-0.00436513 0.00982824 -0.874366
-0.0045439 0.00982824 -0.874367
-0.00418636 0.010007 -0.874365
-0.00436513 0.010007 -0.874366
-0.0045439 0.010007 -0.874367
-0.00418636 0.0101858 -0.874366
-0.00436513 0.0101858 -0.874367
-0.0045439 0.0101858 -0.874368
-0.00418636 0.0103646 -0.874366
-0.00436513 0.0103646 -0.874367
-0.0045439 0.0103646 -0.874368
-0.00418636 0.0105433 -0.874366
-0.00436513 0.0105433 -0.874367
-0.0045439 0.0105433 -0.874368
-0.00418636 0.0107221 -0.874366
-0.00436513 0.0107221 -0.874367
-0.0045439 0.0107221 -0.874368
