-0.000363743 0.0241848 -0.848133
-3.75056e-05 0.0241848 -0.84814
0.000288732 0.0241848 -0.848147
-0.000363743 0.0238586 -0.848133
-3.75056e-05 0.0238586 -0.84814
0.000288732 0.0238586 -0.848147
-0.000363743 0.0235324 -0.848134
-3.75056e-05 0.0235324 -0.848141
0.000288732 0.0235324 -0.848148
-0.000363743 0.0232061 -0.848134
-3.75056e-05 0.0232061 -0.848141
0.000288732 0.0232061 -0.848148
-0.000363743 0.0228799 -0.848135
-3.75056e-05 0.0228799 -0.848142
0.000288732 0.0228799 -0.848149
-0.000363743 0.0225537 -0.848135
-3.75056e-05 0.0225537 -0.848142
0.000288732 0.0225537 -0.848149
-0.000363743 0.0222274 -0.848135
-3.75056e-05 0.0222274 -0.848143
0.000288732 0.0222274 -0.84815
-0.000363743 0.0219012 -0.848136
-3.75056e-05 0.0219012 -0.848143
0.000288732 0.0219012 -0.84815
-0.000363743 0.0215749 -0.848136
-3.75056e-05 0.0215749 -0.848143
0.000288732 0.0215749 -0.848151
-0.000363743 0.0212487 -0.848137
-3.75056e-05 0.0212487 -0.848144
0.000288732 0.0212487 -0.848151
-0.000363743 0.0209225 -0.848137
-3.75056e-05 0.0209225 -0.848144
0.000288732 0.0209225 -0.848152
-0.000363743 0.0205962 -0.848138
-3.75056e-05 0.0205962 -0.848145
0.000288732 0.0205962 -0.848152
-0.000363743 0.02027 -0.848138
-3.75056e-05 0.02027 -0.848145
0.000288732 0.02027 -0.848152
-0.000363743 0.0199438 -0.848139
-3.75056e-05 0.0199438 -0.848146
0.000288732 0.0199438 -0.848153
-0.000363743 0.0196175 -0.848139
-3.75056e-05 0.0196175 -0.848146
0.000288732 0.0196175 -0.848153
-0.000363743 0.0192913 -0.84814
-3.75056e-05 0.0192913 -0.848147
0.000288732 0.0192913 -0.848154
-0.000363743 0.018965 -0.84814
-3.75056e-05 0.018965 -0.848147
0.000288732 0.018965 -0.848154
-0.000363743 0.0186388 -0.848141
-3.75056e-05 0.0186388 -0.848148
0.000288732 0.0186388 -0.848155
-0.000363743 0.0183126 -0.848141
-3.75056e-05 0.0183126 -0.848148
0.000288732 0.0183126 -0.848155
-0.000363743 0.0179863 -0.848141
-3.75056e-05 0.0179863 -0.848149
0.000288732 0.0179863 -0.848156
-0.000363743 0.0176601 -0.848142
-3.75056e-05 0.0176601 -0.848149
0.000288732 0.0176601 -0.848156
-0.000363743 0.0173339 -0.848142
-3.75056e-05 0.0173339 -0.84815
0.000288732 0.0173339 -0.848157
-0.000363743 0.0170076 -0.848143
-3.75056e-05 0.0170076 -0.84815
0.000288732 0.0170076 -0.848157
-0.000363743 0.0166814 -0.848143
-3.75056e-05 0.0166814 -0.84815
0.000288732 0.0166814 -0.848158
-0.000363743 0.0163551 -0.848144
-3.75056e-05 0.0163551 -0.848151
0.000288732 0.0163551 -0.848158
-0.000363743 0.0160289 -0.848144
-3.75056e-05 0.0160289 -0.848151
0.000288732 0.0160289 -0.848159
-0.000363743 0.0157027 -0.848145
-3.75056e-05 0.0157027 -0.848152
0.000288732 0.0157027 -0.848159
-0.000363743 0.0153764 -0.848145
-3.75056e-05 0.0153764 -0.848152
0.000288732 0.0153764 -0.848159
-0.000363743 0.0150502 -0.848146
-3.75056e-05 0.0150502 -0.848153
0.000288732 0.0150502 -0.84816
-0.000363743 0.014724 -0.848146
-3.75056e-05 0.014724 -0.848153
0.000288732 0.014724 -0.84816
-0.000363743 0.0143977 -0.848147
-3.75056e-05 0.0143977 -0.848154
0.000288732 0.0143977 -0.848161
-0.000363743 0.0140715 -0.848147
-3.75056e-05 0.0140715 -0.848154
0.000288732 0.0140715 -0.848161
-0.000363743 0.0137452 -0.848148
-3.75056e-05 0.0137452 -0.848155
0.000288732 0.0137452 -0.848162
-0.000363743 0.013419 -0.848148
-3.75056e-05 0.013419 -0.848155
0.000288732 0.013419 -0.848162
-0.000363743 0.0130928 -0.848149
-3.75056e-05 0.0130928 -0.848156
0.000288732 0.0130928 -0.848163
-0.000363743 0.0127665 -0.848149
-3.75056e-05 0.0127665 -0.848156
0.000288732 0.0127665 -0.848163
-0.000363743 0.0124403 -0.848149
-3.75056e-05 0.0124403 -0.848157
0.000288732 0.0124403 -0.848164
-0.000363743 0.0121141 -0.84815
-3.75056e-05 0.0121141 -0.848157
0.000288732 0.0121141 -0.848164
-0.000363743 0.0117878 -0.84815
-3.75056e-05 0.0117878 -0.848157
0.000288732 0.0117878 -0.848165
-0.000363743 0.0114616 -0.848151
-3.75056e-05 0.0114616 -0.848158
0.000288732 0.0114616 -0.848165
-0.000363743 0.0111353 -0.848151
-3.75056e-05 0.0111353 -0.848158
0.000288732 0.0111353 -0.848166
-0.000363743 0.0108091 -0.848152
-3.75056e-05 0.0108091 -0.848159
0.000288732 0.0108091 -0.848166
-0.000363743 0.0104829 -0.848152
-3.75056e-05 0.0104829 -0.848159
0.000288732 0.0104829 -0.848166
-0.000363743 0.0101566 -0.848153
-3.75056e-05 0.0101566 -0.84816
0.000288732 0.0101566 -0.848167
-0.000363743 0.0098304 -0.848153
-3.75056e-05 0.0098304 -0.84816
0.000288732 0.0098304 -0.848167
-0.000363743 0.00950416 -0.848154
-3.75056e-05 0.00950416 -0.848161
0.000288732 0.00950416 -0.848168
-0.000363743 0.00917792 -0.848154
-3.75056e-05 0.00917792 -0.848161
0.000288732 0.00917792 -0.848168
-0.000363743 0.00885168 -0.848155
-3.75056e-05 0.00885168 -0.848162
0.000288732 0.00885168 -0.848169
-0.000363743 0.00852545 -0.848155
-3.75056e-05 0.00852545 -0.848162
0.000288732 0.00852545 -0.848169
-0.000363743 0.00819921 -0.848155
-3.75056e-05 0.00819921 -0.848163
0.000288732 0.00819921 -0.84817
-0.000363743 0.00787297 -0.848156
-3.75056e-05 0.00787297 -0.848163
0.000288732 0.00787297 -0.84817
-0.000363743 0.00754673 -0.848156
-3.75056e-05 0.00754673 -0.848164
0.000288732 0.00754673 -0.848171
-0.000363743 0.0072205 -0.848157
-3.75056e-05 0.0072205 -0.848164
0.000288732 0.0072205 -0.848171
-0.000363743 0.00689426 -0.848157
-3.75056e-05 0.00689426 -0.848164
0.000288732 0.00689426 -0.848172
-0.000363743 0.00656802 -0.848158
-3.75056e-05 0.00656802 -0.848165
0.000288732 0.00656802 -0.848172
-0.000363743 0.00624178 -0.848158
-3.75056e-05 0.00624178 -0.848165
0.000288732 0.00624178 -0.848173
-0.000363743 0.00591555 -0.848159
-3.75056e-05 0.00591555 -0.848166
0.000288732 0.00591555 -0.848173
-0.000363743 0.00558931 -0.848159
-3.75056e-05 0.00558931 -0.848166
0.000288732 0.00558931 -0.848173
-0.000363743 0.00526307 -0.84816
-3.75056e-05 0.00526307 -0.848167
0.000288732 0.00526307 -0.848174
-0.000363743 0.00493683 -0.84816
-3.75056e-05 0.00493683 -0.848167
0.000288732 0.00493683 -0.848174
-0.000363743 0.0046106 -0.848161
-3.75056e-05 0.0046106 -0.848168
0.000288732 0.0046106 -0.848175
-0.000363743 0.00428436 -0.848161
-3.75056e-05 0.00428436 -0.848168
0.000288732 0.00428436 -0.848175
-0.000363743 0.00395812 -0.848162
-3.75056e-05 0.00395812 -0.848169
0.000288732 0.00395812 -0.848176
-0.000363743 0.00363188 -0.848162
-3.75056e-05 0.00363188 -0.848169
0.000288732 0.00363188 -0.848176
-0.000363743 0.00330565 -0.848163
-3.75056e-05 0.00330565 -0.84817
0.000288732 0.00330565 -0.848177
-0.000363743 0.00297941 -0.848163
-3.75056e-05 0.00297941 -0.84817
0.000288732 0.00297941 -0.848177
-0.000363743 0.00265317 -0.848163
-3.75056e-05 0.00265317 -0.848171
0.000288732 0.00265317 -0.848178
-0.000363743 0.00232693 -0.848164
-3.75056e-05 0.00232693 -0.848171
0.000288732 0.00232693 -0.848178
-0.000363743 0.0020007 -0.848164
-3.75056e-05 0.0020007 -0.848172
0.000288732 0.0020007 -0.848179
-0.000363743 0.00167446 -0.848165
-3.75056e-05 0.00167446 -0.848172
0.000288732 0.00167446 -0.848179
-0.000363743 0.00134822 -0.848165
-3.75056e-05 0.00134822 -0.848172
0.000288732 0.00134822 -0.84818
-0.000363743 0.00102198 -0.848166
-3.75056e-05 0.00102198 -0.848173
0.000288732 0.00102198 -0.84818
-0.000363743 0.000695747 -0.848166
-3.75056e-05 0.000695747 -0.848173
0.000288732 0.000695747 -0.84818
-0.000363743 0.00036951 -0.848167
-3.75056e-05 0.00036951 -0.848174
0.000288732 0.00036951 -0.848181
-0.000363743 4.32721e-05 -0.848167
-3.75056e-05 4.32721e-05 -0.848174
0.000288732 4.32721e-05 -0.848181
-0.000363743 -0.000282965 -0.848168
-3.75056e-05 -0.000282965 -0.848175
0.000288732 -0.000282965 -0.848182
-0.000363743 -0.000609203 -0.848168
-3.75056e-05 -0.000609203 -0.848175
0.000288732 -0.000609203 -0.848182
-0.000363743 -0.00093544 -0.848169
-3.75056e-05 -0.00093544 -0.848176
0.000288732 -0.00093544 -0.848183
-0.000363743 -0.00126168 -0.848169
-3.75056e-05 -0.00126168 -0.848176
0.000288732 -0.00126168 -0.848183
-0.000363743 -0.00158792 -0.84817
-3.75056e-05 -0.00158792 -0.848177
0.000288732 -0.00158792 -0.848184
-0.000363743 -0.00191415 -0.84817
-3.75056e-05 -0.00191415 -0.848177
0.000288732 -0.00191415 -0.848184
-0.000363743 -0.00224039 -0.84817
-3.75056e-05 -0.00224039 -0.848178
0.000288732 -0.00224039 -0.848185
-0.000363743 -0.00256663 -0.848171
-3.75056e-05 -0.00256663 -0.848178
0.000288732 -0.00256663 -0.848185
-0.000363743 -0.00289287 -0.848171
-3.75056e-05 -0.00289287 -0.848179
0.000288732 -0.00289287 -0.848186
-0.000363743 -0.0032191 -0.848172
-3.75056e-05 -0.0032191 -0.848179
0.000288732 -0.0032191 -0.848186
-0.000363743 -0.00354534 -0.848172
-3.75056e-05 -0.00354534 -0.848179
0.000288732 -0.00354534 -0.848187
-0.000363743 -0.00387158 -0.848173
-3.75056e-05 -0.00387158 -0.84818
0.000288732 -0.00387158 -0.848187
-0.000363743 -0.00419781 -0.848173
-3.75056e-05 -0.00419781 -0.84818
0.000288732 -0.00419781 -0.848188
-0.000363743 -0.00452405 -0.848174
-3.75056e-05 -0.00452405 -0.848181
0.000288732 -0.00452405 -0.848188
-0.000363743 -0.00485029 -0.848174
-3.75056e-05 -0.00485029 -0.848181
0.000288732 -0.00485029 -0.848188
-0.000363743 -0.00517653 -0.848175
-3.75056e-05 -0.00517653 -0.848182
0.000288732 -0.00517653 -0.848189
-0.000363743 -0.00550277 -0.848175
-3.75056e-05 -0.00550277 -0.848182
0.000288732 -0.00550277 -0.848189
-0.000363743 -0.005829 -0.848176
-3.75056e-05 -0.005829 -0.848183
0.000288732 -0.005829 -0.84819
-0.000363743 -0.00615524 -0.848176
-3.75056e-05 -0.00615524 -0.848183
0.000288732 -0.00615524 -0.84819
-0.000363743 -0.00648148 -0.848177
-3.75056e-05 -0.00648148 -0.848184
0.000288732 -0.00648148 -0.848191
-0.000363743 -0.00680772 -0.848177
-3.75056e-05 -0.00680772 -0.848184
0.000288732 -0.00680772 -0.848191
-0.000363743 -0.00713395 -0.848177
-3.75056e-05 -0.00713395 -0.848185
0.000288732 -0.00713395 -0.848192
-0.000363743 -0.00746019 -0.848178
-3.75056e-05 -0.00746019 -0.848185
0.000288732 -0.00746019 -0.848192
-0.000363743 -0.00778643 -0.848178
-3.75056e-05 -0.00778643 -0.848186
0.000288732 -0.00778643 -0.848193
-0.000363743 -0.00811267 -0.848179
-3.75056e-05 -0.00811267 -0.848186
0.000288732 -0.00811267 -0.848193
-0.000363743 -0.0084389 -0.848179
-3.75056e-05 -0.0084389 -0.848186
0.000288732 -0.0084389 -0.848194
-0.000363743 -0.00876514 -0.84818
-3.75056e-05 -0.00876514 -0.848187
0.000288732 -0.00876514 -0.848194
-0.000363743 -0.00909138 -0.84818
-3.75056e-05 -0.00909138 -0.848187
0.000288732 -0.00909138 -0.848194
-0.000363743 -0.00941761 -0.848181
-3.75056e-05 -0.00941761 -0.848188
0.000288732 -0.00941761 -0.848195
-0.000363743 -0.00974385 -0.848181
-3.75056e-05 -0.00974385 -0.848188
0.000288732 -0.00974385 -0.848195
-0.000363743 -0.0100701 -0.848182
-3.75056e-05 -0.0100701 -0.848189
0.000288732 -0.0100701 -0.848196
-0.000363743 -0.0103963 -0.848182
-3.75056e-05 -0.0103963 -0.848189
0.000288732 -0.0103963 -0.848196
-0.000363743 -0.0107226 -0.848183
-3.75056e-05 -0.0107226 -0.84819
0.000288732 -0.0107226 -0.848197
-0.000363743 -0.0110488 -0.848183
-3.75056e-05 -0.0110488 -0.84819
0.000288732 -0.0110488 -0.848197
-0.000363743 -0.011375 -0.848184
-3.75056e-05 -0.011375 -0.848191
0.000288732 -0.011375 -0.848198
-0.000363743 -0.0117013 -0.848184
-3.75056e-05 -0.0117013 -0.848191
0.000288732 -0.0117013 -0.848198
