0.00711384 -0.0982609 -0.999561
0.00597784 -0.0982609 -0.99957
0.00484184 -0.0982609 -0.999578
0.00711384 -0.0971249 -0.999561
0.00597784 -0.0971249 -0.99957
0.00484184 -0.0971249 -0.999578
0.00711384 -0.0959889 -0.999561
0.00597784 -0.0959889 -0.99957
0.00484184 -0.0959889 -0.999578
0.00711384 -0.0948529 -0.999561
0.00597784 -0.0948529 -0.99957
0.00484184 -0.0948529 -0.999578
0.00711384 -0.0937169 -0.999561
0.00597784 -0.0937169 -0.99957
0.00484184 -0.0937169 -0.999578
0.00711384 -0.0925809 -0.999561
0.00597784 -0.0925809 -0.99957
0.00484184 -0.0925809 -0.999579
0.00711384 -0.0914449 -0.999561
0.00597784 -0.0914449 -0.99957
0.00484184 -0.0914449 -0.999579
0.00711384 -0.0903089 -0.999561
0.00597784 -0.0903089 -0.99957
0.00484184 -0.0903089 -0.999579
0.00711384 -0.0891729 -0.999561
0.00597784 -0.0891729 -0.99957
0.00484184 -0.0891729 -0.999579
0.00711384 -0.0880369 -0.999562
0.00597784 -0.0880369 -0.99957
0.00484184 -0.0880369 -0.999579
0.00711384 -0.0869009 -0.999562
0.00597784 -0.0869009 -0.99957
0.00484184 -0.0869009 -0.999579
0.00711384 -0.0857648 -0.999562
0.00597784 -0.0857648 -0.99957
0.00484184 -0.0857648 -0.999579
0.00711384 -0.0846288 -0.999562
0.00597784 -0.0846288 -0.99957
0.00484184 -0.0846288 -0.999579
0.00711384 -0.0834928 -0.999562
0.00597784 -0.0834928 -0.99957
0.00484184 -0.0834928 -0.999579
0.00711384 -0.0823568 -0.999562
0.00597784 -0.0823568 -0.99957
0.00484184 -0.0823568 -0.999579
0.00711384 -0.0812208 -0.999562
0.00597784 -0.0812208 -0.99957
0.00484184 -0.0812208 -0.999579
0.00711384 -0.0800848 -0.999562
0.00597784 -0.0800848 -0.999571
0.00484184 -0.0800848 -0.999579
0.00711384 -0.0789488 -0.999562
0.00597784 -0.0789488 -0.999571
0.00484184 -0.0789488 -0.999579
0.00711384 -0.0778128 -0.999562
0.00597784 -0.0778128 -0.999571
0.00484184 -0.0778128 -0.999579
0.00711384 -0.0766768 -0.999562
0.00597784 -0.0766768 -0.999571
0.00484184 -0.0766768 -0.999579
0.00711384 -0.0755408 -0.999562
0.00597784 -0.0755408 -0.999571
0.00484184 -0.0755408 -0.999579
0.00711384 -0.0744048 -0.999562
0.00597784 -0.0744048 -0.999571
0.00484184 -0.0744048 -0.999579
0.00711384 -0.0732688 -0.999562
0.00597784 -0.0732688 -0.999571
0.00484184 -0.0732688 -0.999579
0.00711384 -0.0721328 -0.999562
0.00597784 -0.0721328 -0.999571
0.00484184 -0.0721328 -0.99958
0.00711384 -0.0709968 -0.999562
0.00597784 -0.0709968 -0.999571
0.00484184 -0.0709968 -0.99958
0.00711384 -0.0698608 -0.999563
0.00597784 -0.0698608 -0.999571
0.00484184 -0.0698608 -0.99958
0.00711384 -0.0687248 -0.999563
0.00597784 -0.0687248 -0.999571
0.00484184 -0.0687248 -0.99958
0.00711384 -0.0675888 -0.999563
0.00597784 -0.0675888 -0.999571
0.00484184 -0.0675888 -0.99958
0.00711384 -0.0664528 -0.999563
0.00597784 -0.0664528 -0.999571
0.00484184 -0.0664528 -0.99958
0.00711384 -0.0653168 -0.999563
0.00597784 -0.0653168 -0.999571
0.00484184 -0.0653168 -0.99958
0.00711384 -0.0641808 -0.999563
0.00597784 -0.0641808 -0.999571
0.00484184 -0.0641808 -0.99958
0.00711384 -0.0630448 -0.999563
0.00597784 -0.0630448 -0.999571
0.00484184 -0.0630448 -0.99958
0.00711384 -0.0619088 -0.999563
0.00597784 -0.0619088 -0.999572
0.00484184 -0.0619088 -0.99958
0.00711384 -0.0607728 -0.999563
0.00597784 -0.0607728 -0.999572
0.00484184 -0.0607728 -0.99958
0.00711384 -0.0596368 -0.999563
0.00597784 -0.0596368 -0.999572
0.00484184 -0.0596368 -0.99958
0.00711384 -0.0585008 -0.999563
0.00597784 -0.0585008 -0.999572
0.00484184 -0.0585008 -0.99958
0.00711384 -0.0573647 -0.999563
0.00597784 -0.0573647 -0.999572
0.00484184 -0.0573647 -0.99958
0.00711384 -0.0562287 -0.999563
0.00597784 -0.0562287 -0.999572
0.00484184 -0.0562287 -0.99958
0.00711384 -0.0550927 -0.999563
0.00597784 -0.0550927 -0.999572
0.00484184 -0.0550927 -0.99958
0.00711384 -0.0539567 -0.999563
0.00597784 -0.0539567 -0.999572
0.00484184 -0.0539567 -0.999581
0.00711384 -0.0528207 -0.999563
0.00597784 -0.0528207 -0.999572
0.00484184 -0.0528207 -0.999581
0.00711384 -0.0516847 -0.999563
0.00597784 -0.0516847 -0.999572
0.00484184 -0.0516847 -0.999581
0.00711384 -0.0505487 -0.999563
0.00597784 -0.0505487 -0.999572
0.00484184 -0.0505487 -0.999581
0.00711384 -0.0494127 -0.999564
0.00597784 -0.0494127 -0.999572
0.00484184 -0.0494127 -0.999581
0.00711384 -0.0482767 -0.999564
0.00597784 -0.0482767 -0.999572
0.00484184 -0.0482767 -0.999581
0.00711384 -0.0471407 -0.999564
0.00597784 -0.0471407 -0.999572
0.00484184 -0.0471407 -0.999581
0.00711384 -0.0460047 -0.999564
0.00597784 -0.0460047 -0.999572
0.00484184 -0.0460047 -0.999581
0.00711384 -0.0448687 -0.999564
0.00597784 -0.0448687 -0.999572
0.00484184 -0.0448687 -0.999581
0.00711384 -0.0437327 -0.999564
0.00597784 -0.0437327 -0.999572
0.00484184 -0.0437327 -0.999581
0.00711384 -0.0425967 -0.999564
0.00597784 -0.0425967 -0.999572
0.00484184 -0.0425967 -0.999581
0.00711384 -0.0414607 -0.999564
0.00597784 -0.0414607 -0.999573
0.00484184 -0.0414607 -0.999581
0.00711384 -0.0403247 -0.999564
0.00597784 -0.0403247 -0.999573
0.00484184 -0.0403247 -0.999581
0.00711384 -0.0391887 -0.999564
0.00597784 -0.0391887 -0.999573
0.00484184 -0.0391887 -0.999581
0.00711384 -0.0380527 -0.999564
0.00597784 -0.0380527 -0.999573
0.00484184 -0.0380527 -0.999581
0.00711384 -0.0369167 -0.999564
0.00597784 -0.0369167 -0.999573
0.00484184 -0.0369167 -0.999581
0.00711384 -0.0357807 -0.999564
0.00597784 -0.0357807 -0.999573
0.00484184 -0.0357807 -0.999581
0.00711384 -0.0346447 -0.999564
0.00597784 -0.0346447 -0.999573
0.00484184 -0.0346447 -0.999581
0.00711384 -0.0335087 -0.999564
0.00597784 -0.0335087 -0.999573
0.00484184 -0.0335087 -0.999582
0.00711384 -0.0323727 -0.999564
0.00597784 -0.0323727 -0.999573
0.00484184 -0.0323727 -0.999582
0.00711384 -0.0312367 -0.999564
0.00597784 -0.0312367 -0.999573
0.00484184 -0.0312367 -0.999582
0.00711384 -0.0301007 -0.999565
0.00597784 -0.0301007 -0.999573
0.00484184 -0.0301007 -0.999582
0.00711384 -0.0289646 -0.999565
0.00597784 -0.0289646 -0.999573
0.00484184 -0.0289646 -0.999582
0.00711384 -0.0278286 -0.999565
0.00597784 -0.0278286 -0.999573
0.00484184 -0.0278286 -0.999582
0.00711384 -0.0266926 -0.999565
0.00597784 -0.0266926 -0.999573
0.00484184 -0.0266926 -0.999582
0.00711384 -0.0255566 -0.999565
0.00597784 -0.0255566 -0.999573
0.00484184 -0.0255566 -0.999582
0.00711384 -0.0244206 -0.999565
0.00597784 -0.0244206 -0.999573
0.00484184 -0.0244206 -0.999582
0.00711384 -0.0232846 -0.999565
0.00597784 -0.0232846 -0.999573
0.00484184 -0.0232846 -0.999582
0.00711384 -0.0221486 -0.999565
0.00597784 -0.0221486 -0.999574
0.00484184 -0.0221486 -0.999582
0.00711384 -0.0210126 -0.999565
0.00597784 -0.0210126 -0.999574
0.00484184 -0.0210126 -0.999582
0.00711384 -0.0198766 -0.999565
0.00597784 -0.0198766 -0.999574
0.00484184 -0.0198766 -0.999582
0.00711384 -0.0187406 -0.999565
0.00597784 -0.0187406 -0.999574
0.00484184 -0.0187406 -0.999582
0.00711384 -0.0176046 -0.999565
0.00597784 -0.0176046 -0.999574
0.00484184 -0.0176046 -0.999582
0.00711384 -0.0164686 -0.999565
0.00597784 -0.0164686 -0.999574
0.00484184 -0.0164686 -0.999582
0.00711384 -0.0153326 -0.999565
0.00597784 -0.0153326 -0.999574
0.00484184 -0.0153326 -0.999582
0.00711384 -0.0141966 -0.999565
0.00597784 -0.0141966 -0.999574
0.00484184 -0.0141966 -0.999583
0.00711384 -0.0130606 -0.999565
0.00597784 -0.0130606 -0.999574
0.00484184 -0.0130606 -0.999583
0.00711384 -0.0119246 -0.999565
0.00597784 -0.0119246 -0.999574
0.00484184 -0.0119246 -0.999583
0.00711384 -0.0107886 -0.999565
0.00597784 -0.0107886 -0.999574
0.00484184 -0.0107886 -0.999583
0.00711384 -0.00965258 -0.999566
0.00597784 -0.00965258 -0.999574
0.00484184 -0.00965258 -0.999583
0.00711384 -0.00851658 -0.999566
0.00597784 -0.00851658 -0.999574
0.00484184 -0.00851658 -0.999583
0.00711384 -0.00738057 -0.999566
0.00597784 -0.00738057 -0.999574
0.00484184 -0.00738057 -0.999583
0.00711384 -0.00624457 -0.999566
0.00597784 -0.00624457 -0.999574
0.00484184 -0.00624457 -0.999583
0.00711384 -0.00510856 -0.999566
0.00597784 -0.00510856 -0.999574
0.00484184 -0.00510856 -0.999583
0.00711384 -0.00397256 -0.999566
0.00597784 -0.00397256 -0.999574
0.00484184 -0.00397256 -0.999583
0.00711384 -0.00283656 -0.999566
0.00597784 -0.00283656 -0.999575
0.00484184 -0.00283656 -0.999583
0.00711384 -0.00170055 -0.999566
0.00597784 -0.00170055 -0.999575
0.00484184 -0.00170055 -0.999583
0.00711384 -0.000564548 -0.999566
0.00597784 -0.000564548 -0.999575
0.00484184 -0.000564548 -0.999583
0.00711384 0.000571456 -0.999566
0.00597784 0.000571456 -0.999575
0.00484184 0.000571456 -0.999583
0.00711384 0.00170746 -0.999566
0.00597784 0.00170746 -0.999575
0.00484184 0.00170746 -0.999583
0.00711384 0.00284346 -0.999566
0.00597784 0.00284346 -0.999575
0.00484184 0.00284346 -0.999583
0.00711384 0.00397947 -0.999566
0.00597784 0.00397947 -0.999575
0.00484184 0.00397947 -0.999583
0.00711384 0.00511547 -0.999566
0.00597784 0.00511547 -0.999575
0.00484184 0.00511547 -0.999584
0.00711384 0.00625148 -0.999566
0.00597784 0.00625148 -0.999575
0.00484184 0.00625148 -0.999584
0.00711384 0.00738748 -0.999566
0.00597784 0.00738748 -0.999575
0.00484184 0.00738748 -0.999584
0.00711384 0.00852348 -0.999566
0.00597784 0.00852348 -0.999575
0.00484184 0.00852348 -0.999584
0.00711384 0.00965949 -0.999567
0.00597784 0.00965949 -0.999575
0.00484184 0.00965949 -0.999584
0.00711384 0.0107955 -0.999567
0.00597784 0.0107955 -0.999575
0.00484184 0.0107955 -0.999584
0.00711384 0.0119315 -0.999567
0.00597784 0.0119315 -0.999575
0.00484184 0.0119315 -0.999584
0.00711384 0.0130675 -0.999567
0.00597784 0.0130675 -0.999575
0.00484184 0.0130675 -0.999584
0.00711384 0.0142035 -0.999567
0.00597784 0.0142035 -0.999575
0.00484184 0.0142035 -0.999584
0.00711384 0.0153395 -0.999567
0.00597784 0.0153395 -0.999575
0.00484184 0.0153395 -0.999584
0.00711384 0.0164755 -0.999567
0.00597784 0.0164755 -0.999575
0.00484184 0.0164755 -0.999584
0.00711384 0.0176115 -0.999567
0.00597784 0.0176115 -0.999576
0.00484184 0.0176115 -0.999584
0.00711384 0.0187475 -0.999567
0.00597784 0.0187475 -0.999576
0.00484184 0.0187475 -0.999584
0.00711384 0.0198835 -0.999567
0.00597784 0.0198835 -0.999576
0.00484184 0.0198835 -0.999584
0.00711384 0.0210195 -0.999567
0.00597784 0.0210195 -0.999576
0.00484184 0.0210195 -0.999584
0.00711384 0.0221555 -0.999567
0.00597784 0.0221555 -0.999576
0.00484184 0.0221555 -0.999584
0.00711384 0.0232915 -0.999567
0.00597784 0.0232915 -0.999576
0.00484184 0.0232915 -0.999584
0.00711384 0.0244275 -0.999567
0.00597784 0.0244275 -0.999576
0.00484184 0.0244275 -0.999584
0.00711384 0.0255635 -0.999567
0.00597784 0.0255635 -0.999576
0.00484184 0.0255635 -0.999585
0.00711384 0.0266995 -0.999567
0.00597784 0.0266995 -0.999576
0.00484184 0.0266995 -0.999585
