0.00060275 -0.0188862 -1.01587
-9.68919e-05 -0.0188862 -1.01587
-0.000796534 -0.0188862 -1.01587
0.00060275 -0.0181866 -1.01587
-9.68919e-05 -0.0181866 -1.01587
-0.000796534 -0.0181866 -1.01587
0.00060275 -0.017487 -1.01587
-9.68919e-05 -0.017487 -1.01587
-0.000796534 -0.017487 -1.01588
0.00060275 -0.0167873 -1.01587
-9.68919e-05 -0.0167873 -1.01587
-0.000796534 -0.0167873 -1.01588
0.00060275 -0.0160877 -1.01587
-9.68919e-05 -0.0160877 -1.01587
-0.000796534 -0.0160877 -1.01588
0.00060275 -0.015388 -1.01587
-9.68919e-05 -0.015388 -1.01587
-0.000796534 -0.015388 -1.01588
0.00060275 -0.0146884 -1.01587
-9.68919e-05 -0.0146884 -1.01587
-0.000796534 -0.0146884 -1.01588
0.00060275 -0.0139887 -1.01587
-9.68919e-05 -0.0139887 -1.01587
-0.000796534 -0.0139887 -1.01588
0.00060275 -0.0132891 -1.01587
-9.68919e-05 -0.0132891 -1.01587
-0.000796534 -0.0132891 -1.01588
0.00060275 -0.0125895 -1.01587
-9.68919e-05 -0.0125895 -1.01587
-0.000796534 -0.0125895 -1.01588
0.00060275 -0.0118898 -1.01587
-9.68919e-05 -0.0118898 -1.01587
-0.000796534 -0.0118898 -1.01588
0.00060275 -0.0111902 -1.01587
-9.68919e-05 -0.0111902 -1.01587
-0.000796534 -0.0111902 -1.01588
0.00060275 -0.0104905 -1.01587
-9.68919e-05 -0.0104905 -1.01587
-0.000796534 -0.0104905 -1.01588
0.00060275 -0.00979089 -1.01587
-9.68919e-05 -0.00979089 -1.01587
-0.000796534 -0.00979089 -1.01588
0.00060275 -0.00909125 -1.01587
-9.68919e-05 -0.00909125 -1.01587
-0.000796534 -0.00909125 -1.01588
0.00060275 -0.00839161 -1.01587
-9.68919e-05 -0.00839161 -1.01588
-0.000796534 -0.00839161 -1.01588
0.00060275 -0.00769196 -1.01587
-9.68919e-05 -0.00769196 -1.01588
-0.000796534 -0.00769196 -1.01588
0.00060275 -0.00699232 -1.01587
-9.68919e-05 -0.00699232 -1.01588
-0.000796534 -0.00699232 -1.01588
0.00060275 -0.00629268 -1.01587
-9.68919e-05 -0.00629268 -1.01588
-0.000796534 -0.00629268 -1.01588
0.00060275 -0.00559304 -1.01587
-9.68919e-05 -0.00559304 -1.01588
-0.000796534 -0.00559304 -1.01588
0.00060275 -0.0048934 -1.01587
-9.68919e-05 -0.0048934 -1.01588
-0.000796534 -0.0048934 -1.01588
0.00060275 -0.00419375 -1.01587
-9.68919e-05 -0.00419375 -1.01588
-0.000796534 -0.00419375 -1.01588
0.00060275 -0.00349411 -1.01587
-9.68919e-05 -0.00349411 -1.01588
-0.000796534 -0.00349411 -1.01588
0.00060275 -0.00279447 -1.01587
-9.68919e-05 -0.00279447 -1.01588
-0.000796534 -0.00279447 -1.01588
0.00060275 -0.00209483 -1.01587
-9.68919e-05 -0.00209483 -1.01588
-0.000796534 -0.00209483 -1.01588
0.00060275 -0.00139519 -1.01587
-9.68919e-05 -0.00139519 -1.01588
-0.000796534 -0.00139519 -1.01588
0.00060275 -0.000695543 -1.01587
-9.68919e-05 -0.000695543 -1.01588
-0.000796534 -0.000695543 -1.01588
0.00060275 4.09924e-06 -1.01588
-9.68919e-05 4.09924e-06 -1.01588
-0.000796534 4.09924e-06 -1.01588
0.00060275 0.000703741 -1.01588
-9.68919e-05 0.000703741 -1.01588
-0.000796534 0.000703741 -1.01588
0.00060275 0.00140338 -1.01588
-9.68919e-05 0.00140338 -1.01588
-0.000796534 0.00140338 -1.01588
0.00060275 0.00210303 -1.01588
-9.68919e-05 0.00210303 -1.01588
-0.000796534 0.00210303 -1.01589
0.00060275 0.00280267 -1.01588
-9.68919e-05 0.00280267 -1.01588
-0.000796534 0.00280267 -1.01589
0.00060275 0.00350231 -1.01588
-9.68919e-05 0.00350231 -1.01588
-0.000796534 0.00350231 -1.01589
0.00060275 0.00420195 -1.01588
-9.68919e-05 0.00420195 -1.01588
-0.000796534 0.00420195 -1.01589
0.00060275 0.00490159 -1.01588
-9.68919e-05 0.00490159 -1.01588
-0.000796534 0.00490159 -1.01589
0.00060275 0.00560124 -1.01588
-9.68919e-05 0.00560124 -1.01588
-0.000796534 0.00560124 -1.01589
0.00060275 0.00630088 -1.01588
-9.68919e-05 0.00630088 -1.01588
-0.000796534 0.00630088 -1.01589
0.00060275 0.00700052 -1.01588
-9.68919e-05 0.00700052 -1.01588
-0.000796534 0.00700052 -1.01589
0.00060275 0.00770016 -1.01588
-9.68919e-05 0.00770016 -1.01588
-0.000796534 0.00770016 -1.01589
0.00060275 0.00839981 -1.01588
-9.68919e-05 0.00839981 -1.01588
-0.000796534 0.00839981 -1.01589
0.00060275 0.00909945 -1.01588
-9.68919e-05 0.00909945 -1.01588
-0.000796534 0.00909945 -1.01589
0.00060275 0.00979909 -1.01588
-9.68919e-05 0.00979909 -1.01588
-0.000796534 0.00979909 -1.01589
0.00060275 0.0104987 -1.01588
-9.68919e-05 0.0104987 -1.01589
-0.000796534 0.0104987 -1.01589
0.00060275 0.0111984 -1.01588
-9.68919e-05 0.0111984 -1.01589
-0.000796534 0.0111984 -1.01589
0.00060275 0.011898 -1.01588
-9.68919e-05 0.011898 -1.01589
-0.000796534 0.011898 -1.01589
0.00060275 0.0125977 -1.01588
-9.68919e-05 0.0125977 -1.01589
-0.000796534 0.0125977 -1.01589
0.00060275 0.0132973 -1.01588
-9.68919e-05 0.0132973 -1.01589
-0.000796534 0.0132973 -1.01589
0.00060275 0.0139969 -1.01588
-9.68919e-05 0.0139969 -1.01589
-0.000796534 0.0139969 -1.01589
0.00060275 0.0146966 -1.01588
-9.68919e-05 0.0146966 -1.01589
-0.000796534 0.0146966 -1.01589
0.00060275 0.0153962 -1.01588
-9.68919e-05 0.0153962 -1.01589
-0.000796534 0.0153962 -1.01589
0.00060275 0.0160959 -1.01588
-9.68919e-05 0.0160959 -1.01589
-0.000796534 0.0160959 -1.01589
0.00060275 0.0167955 -1.01588
-9.68919e-05 0.0167955 -1.01589
-0.000796534 0.0167955 -1.01589
0.00060275 0.0174952 -1.01588
-9.68919e-05 0.0174952 -1.01589
-0.000796534 0.0174952 -1.01589
0.00060275 0.0181948 -1.01588
-9.68919e-05 0.0181948 -1.01589
-0.000796534 0.0181948 -1.01589
0.00060275 0.0188944 -1.01588
-9.68919e-05 0.0188944 -1.01589
-0.000796534 0.0188944 -1.01589
0.00060275 0.0195941 -1.01589
-9.68919e-05 0.0195941 -1.01589
-0.000796534 0.0195941 -1.01589
0.00060275 0.0202937 -1.01589
-9.68919e-05 0.0202937 -1.01589
-0.000796534 0.0202937 -1.01589
0.00060275 0.0209934 -1.01589
-9.68919e-05 0.0209934 -1.01589
-0.000796534 0.0209934 -1.0159
0.00060275 0.021693 -1.01589
-9.68919e-05 0.021693 -1.01589
-0.000796534 0.021693 -1.0159
0.00060275 0.0223926 -1.01589
-9.68919e-05 0.0223926 -1.01589
-0.000796534 0.0223926 -1.0159
0.00060275 0.0230923 -1.01589
-9.68919e-05 0.0230923 -1.01589
-0.000796534 0.0230923 -1.0159
0.00060275 0.0237919 -1.01589
-9.68919e-05 0.0237919 -1.01589
-0.000796534 0.0237919 -1.0159
0.00060275 0.0244916 -1.01589
-9.68919e-05 0.0244916 -1.01589
-0.000796534 0.0244916 -1.0159
0.00060275 0.0251912 -1.01589
-9.68919e-05 0.0251912 -1.01589
-0.000796534 0.0251912 -1.0159
0.00060275 0.0258909 -1.01589
-9.68919e-05 0.0258909 -1.01589
-0.000796534 0.0258909 -1.0159
0.00060275 0.0265905 -1.01589
-9.68919e-05 0.0265905 -1.01589
-0.000796534 0.0265905 -1.0159
0.00060275 0.0272901 -1.01589
-9.68919e-05 0.0272901 -1.01589
-0.000796534 0.0272901 -1.0159
0.00060275 0.0279898 -1.01589
-9.68919e-05 0.0279898 -1.01589
-0.000796534 0.0279898 -1.0159
0.00060275 0.0286894 -1.01589
-9.68919e-05 0.0286894 -1.01589
-0.000796534 0.0286894 -1.0159
0.00060275 0.0293891 -1.01589
-9.68919e-05 0.0293891 -1.01589
-0.000796534 0.0293891 -1.0159
0.00060275 0.0300887 -1.01589
-9.68919e-05 0.0300887 -1.0159
-0.000796534 0.0300887 -1.0159
0.00060275 0.0307884 -1.01589
-9.68919e-05 0.0307884 -1.0159
-0.000796534 0.0307884 -1.0159
0.00060275 0.031488 -1.01589
-9.68919e-05 0.031488 -1.0159
-0.000796534 0.031488 -1.0159
0.00060275 0.0321876 -1.01589
-9.68919e-05 0.0321876 -1.0159
-0.000796534 0.0321876 -1.0159
0.00060275 0.0328873 -1.01589
-9.68919e-05 0.0328873 -1.0159
-0.000796534 0.0328873 -1.0159
0.00060275 0.0335869 -1.01589
-9.68919e-05 0.0335869 -1.0159
-0.000796534 0.0335869 -1.0159
0.00060275 0.0342866 -1.01589
-9.68919e-05 0.0342866 -1.0159
-0.000796534 0.0342866 -1.0159
0.00060275 0.0349862 -1.01589
-9.68919e-05 0.0349862 -1.0159
-0.000796534 0.0349862 -1.0159
0.00060275 0.0356858 -1.01589
-9.68919e-05 0.0356858 -1.0159
-0.000796534 0.0356858 -1.0159
0.00060275 0.0363855 -1.01589
-9.68919e-05 0.0363855 -1.0159
-0.000796534 0.0363855 -1.0159
0.00060275 0.0370851 -1.01589
-9.68919e-05 0.0370851 -1.0159
-0.000796534 0.0370851 -1.0159
0.00060275 0.0377848 -1.01589
-9.68919e-05 0.0377848 -1.0159
-0.000796534 0.0377848 -1.0159
0.00060275 0.0384844 -1.0159
-9.68919e-05 0.0384844 -1.0159
-0.000796534 0.0384844 -1.0159
0.00060275 0.0391841 -1.0159
-9.68919e-05 0.0391841 -1.0159
-0.000796534 0.0391841 -1.0159
0.00060275 0.0398837 -1.0159
-9.68919e-05 0.0398837 -1.0159
-0.000796534 0.0398837 -1.0159
0.00060275 0.0405833 -1.0159
-9.68919e-05 0.0405833 -1.0159
-0.000796534 0.0405833 -1.01591
0.00060275 0.041283 -1.0159
-9.68919e-05 0.041283 -1.0159
-0.000796534 0.041283 -1.01591
0.00060275 0.0419826 -1.0159
-9.68919e-05 0.0419826 -1.0159
-0.000796534 0.0419826 -1.01591
0.00060275 0.0426823 -1.0159
-9.68919e-05 0.0426823 -1.0159
-0.000796534 0.0426823 -1.01591
0.00060275 0.0433819 -1.0159
-9.68919e-05 0.0433819 -1.0159
-0.000796534 0.0433819 -1.01591
0.00060275 0.0440816 -1.0159
-9.68919e-05 0.0440816 -1.0159
-0.000796534 0.0440816 -1.01591
0.00060275 0.0447812 -1.0159
-9.68919e-05 0.0447812 -1.0159
-0.000796534 0.0447812 -1.01591
0.00060275 0.0454808 -1.0159
-9.68919e-05 0.0454808 -1.0159
-0.000796534 0.0454808 -1.01591
0.00060275 0.0461805 -1.0159
-9.68919e-05 0.0461805 -1.0159
-0.000796534 0.0461805 -1.01591
0.00060275 0.0468801 -1.0159
-9.68919e-05 0.0468801 -1.0159
-0.000796534 0.0468801 -1.01591
0.00060275 0.0475798 -1.0159
-9.68919e-05 0.0475798 -1.0159
-0.000796534 0.0475798 -1.01591
0.00060275 0.0482794 -1.0159
-9.68919e-05 0.0482794 -1.0159
-0.000796534 0.0482794 -1.01591
0.00060275 0.048979 -1.0159
-9.68919e-05 0.048979 -1.01591
-0.000796534 0.048979 -1.01591
0.00060275 0.0496787 -1.0159
-9.68919e-05 0.0496787 -1.01591
-0.000796534 0.0496787 -1.01591
0.00060275 0.0503783 -1.0159
-9.68919e-05 0.0503783 -1.01591
-0.000796534 0.0503783 -1.01591
0.00060275 0.051078 -1.0159
-9.68919e-05 0.051078 -1.01591
-0.000796534 0.051078 -1.01591
0.00060275 0.0517776 -1.0159
-9.68919e-05 0.0517776 -1.01591
-0.000796534 0.0517776 -1.01591
0.00060275 0.0524773 -1.0159
-9.68919e-05 0.0524773 -1.01591
-0.000796534 0.0524773 -1.01591
0.00060275 0.0531769 -1.0159
-9.68919e-05 0.0531769 -1.01591
-0.000796534 0.0531769 -1.01591
0.00060275 0.0538765 -1.0159
-9.68919e-05 0.0538765 -1.01591
-0.000796534 0.0538765 -1.01591
0.00060275 0.0545762 -1.0159
-9.68919e-05 0.0545762 -1.01591
-0.000796534 0.0545762 -1.01591
0.00060275 0.0552758 -1.0159
-9.68919e-05 0.0552758 -1.01591
-0.000796534 0.0552758 -1.01591
0.00060275 0.0559755 -1.0159
-9.68919e-05 0.0559755 -1.01591
-0.000796534 0.0559755 -1.01591
0.00060275 0.0566751 -1.0159
-9.68919e-05 0.0566751 -1.01591
-0.000796534 0.0566751 -1.01591
0.00060275 0.0573748 -1.0159
-9.68919e-05 0.0573748 -1.01591
-0.000796534 0.0573748 -1.01591
0.00060275 0.0580744 -1.01591
-9.68919e-05 0.0580744 -1.01591
-0.000796534 0.0580744 -1.01591
