0.00538409 -0.00860285 -0.666998
0.00477619 -0.00860285 -0.666997
0.00416829 -0.00860285 -0.666997
0.00538409 -0.00799495 -0.666998
0.00477619 -0.00799495 -0.666997
0.00416829 -0.00799495 -0.666996
0.00538409 -0.00738705 -0.666998
0.00477619 -0.00738705 -0.666997
0.00416829 -0.00738705 -0.666996
0.00538409 -0.00677916 -0.666997
0.00477619 -0.00677916 -0.666996
0.00416829 -0.00677916 -0.666996
0.00538409 -0.00617126 -0.666997
0.00477619 -0.00617126 -0.666996
0.00416829 -0.00617126 -0.666995
0.00538409 -0.00556336 -0.666996
0.00477619 -0.00556336 -0.666996
0.00416829 -0.00556336 -0.666995
0.00538409 -0.00495546 -0.666996
0.00477619 -0.00495546 -0.666995
0.00416829 -0.00495546 -0.666995
0.00538409 -0.00434756 -0.666996
0.00477619 -0.00434756 -0.666995
0.00416829 -0.00434756 -0.666994
0.00538409 -0.00373967 -0.666995
0.00477619 -0.00373967 -0.666995
0.00416829 -0.00373967 -0.666994
0.00538409 -0.00313177 -0.666995
0.00477619 -0.00313177 -0.666994
0.00416829 -0.00313177 -0.666993
0.00538409 -0.00252387 -0.666995
0.00477619 -0.00252387 -0.666994
0.00416829 -0.00252387 -0.666993
0.00538409 -0.00191597 -0.666994
0.00477619 -0.00191597 -0.666994
0.00416829 -0.00191597 -0.666993
0.00538409 -0.00130808 -0.666994
0.00477619 -0.00130808 -0.666993
0.00416829 -0.00130808 -0.666992
0.00538409 -0.000700177 -0.666994
0.00477619 -0.000700177 -0.666993
0.00416829 -0.000700177 -0.666992
0.00538409 -9.22796e-05 -0.666993
0.00477619 -9.22796e-05 -0.666993
0.00416829 -9.22796e-05 -0.666992
0.00538409 0.000515618 -0.666993
0.00477619 0.000515618 -0.666992
0.00416829 0.000515618 -0.666991
0.00538409 0.00112352 -0.666993
0.00477619 0.00112352 -0.666992
0.00416829 0.00112352 -0.666991
0.00538409 0.00173141 -0.666992
0.00477619 0.00173141 -0.666991
0.00416829 0.00173141 -0.666991
0.00538409 0.00233931 -0.666992
0.00477619 0.00233931 -0.666991
0.00416829 0.00233931 -0.66699
0.00538409 0.00294721 -0.666992
0.00477619 0.00294721 -0.666991
0.00416829 0.00294721 -0.66699
0.00538409 0.00355511 -0.666991
0.00477619 0.00355511 -0.66699
0.00416829 0.00355511 -0.66699
0.00538409 0.004163 -0.666991
0.00477619 0.004163 -0.66699
0.00416829 0.004163 -0.666989
0.00538409 0.0047709 -0.66699
0.00477619 0.0047709 -0.66699
0.00416829 0.0047709 -0.666989
0.00538409 0.0053788 -0.66699
0.00477619 0.0053788 -0.666989
0.00416829 0.0053788 -0.666989
0.00538409 0.0059867 -0.66699
0.00477619 0.0059867 -0.666989
0.00416829 0.0059867 -0.666988
0.00538409 0.0065946 -0.666989
0.00477619 0.0065946 -0.666989
0.00416829 0.0065946 -0.666988
0.00538409 0.00720249 -0.666989
0.00477619 0.00720249 -0.666988
0.00416829 0.00720249 -0.666987
0.00538409 0.00781039 -0.666989
0.00477619 0.00781039 -0.666988
0.00416829 0.00781039 -0.666987
0.00538409 0.00841829 -0.666988
0.00477619 0.00841829 -0.666988
0.00416829 0.00841829 -0.666987
0.00538409 0.00902619 -0.666988
0.00477619 0.00902619 -0.666987
0.00416829 0.00902619 -0.666986
0.00538409 0.00963408 -0.666988
0.00477619 0.00963408 -0.666987
0.00416829 0.00963408 -0.666986
0.00538409 0.010242 -0.666987
0.00477619 0.010242 -0.666986
0.00416829 0.010242 -0.666986
0.00538409 0.0108499 -0.666987
0.00477619 0.0108499 -0.666986
0.00416829 0.0108499 -0.666985
0.00538409 0.0114578 -0.666987
0.00477619 0.0114578 -0.666986
0.00416829 0.0114578 -0.666985
0.00538409 0.0120657 -0.666986
0.00477619 0.0120657 -0.666985
0.00416829 0.0120657 -0.666985
0.00538409 0.0126736 -0.666986
0.00477619 0.0126736 -0.666985
0.00416829 0.0126736 -0.666984
0.00538409 0.0132815 -0.666986
0.00477619 0.0132815 -0.666985
0.00416829 0.0132815 -0.666984
0.00538409 0.0138894 -0.666985
0.00477619 0.0138894 -0.666984
0.00416829 0.0138894 -0.666984
0.00538409 0.0144973 -0.666985
0.00477619 0.0144973 -0.666984
0.00416829 0.0144973 -0.666983
0.00538409 0.0151052 -0.666984
0.00477619 0.0151052 -0.666984
0.00416829 0.0151052 -0.666983
0.00538409 0.0157131 -0.666984
0.00477619 0.0157131 -0.666983
0.00416829 0.0157131 -0.666983
0.00538409 0.016321 -0.666984
0.00477619 0.016321 -0.666983
0.00416829 0.016321 -0.666982
0.00538409 0.0169289 -0.666983
0.00477619 0.0169289 -0.666983
0.00416829 0.0169289 -0.666982
0.00538409 0.0175368 -0.666983
0.00477619 0.0175368 -0.666982
0.00416829 0.0175368 -0.666981
0.00538409 0.0181447 -0.666983
0.00477619 0.0181447 -0.666982
0.00416829 0.0181447 -0.666981
0.00538409 0.0187526 -0.666982
0.00477619 0.0187526 -0.666982
0.00416829 0.0187526 -0.666981
0.00538409 0.0193605 -0.666982
0.00477619 0.0193605 -0.666981
0.00416829 0.0193605 -0.66698
0.00538409 0.0199683 -0.666982
0.00477619 0.0199683 -0.666981
0.00416829 0.0199683 -0.66698
0.00538409 0.0205762 -0.666981
0.00477619 0.0205762 -0.66698
0.00416829 0.0205762 -0.66698
0.00538409 0.0211841 -0.666981
0.00477619 0.0211841 -0.66698
0.00416829 0.0211841 -0.666979
0.00538409 0.021792 -0.666981
0.00477619 0.021792 -0.66698
0.00416829 0.021792 -0.666979
0.00538409 0.0223999 -0.66698
0.00477619 0.0223999 -0.666979
0.00416829 0.0223999 -0.666979
0.00538409 0.0230078 -0.66698
0.00477619 0.0230078 -0.666979
0.00416829 0.0230078 -0.666978
0.00538409 0.0236157 -0.666979
0.00477619 0.0236157 -0.666979
0.00416829 0.0236157 -0.666978
0.00538409 0.0242236 -0.666979
0.00477619 0.0242236 -0.666978
0.00416829 0.0242236 -0.666978
0.00538409 0.0248315 -0.666979
0.00477619 0.0248315 -0.666978
0.00416829 0.0248315 -0.666977
0.00538409 0.0254394 -0.666978
0.00477619 0.0254394 -0.666978
0.00416829 0.0254394 -0.666977
0.00538409 0.0260473 -0.666978
0.00477619 0.0260473 -0.666977
0.00416829 0.0260473 -0.666977
0.00538409 0.0266552 -0.666978
0.00477619 0.0266552 -0.666977
0.00416829 0.0266552 -0.666976
0.00538409 0.0272631 -0.666977
0.00477619 0.0272631 -0.666977
0.00416829 0.0272631 -0.666976
0.00538409 0.027871 -0.666977
0.00477619 0.027871 -0.666976
0.00416829 0.027871 -0.666975
0.00538409 0.0284789 -0.666977
0.00477619 0.0284789 -0.666976
0.00416829 0.0284789 -0.666975
0.00538409 0.0290868 -0.666976
0.00477619 0.0290868 -0.666975
0.00416829 0.0290868 -0.666975
0.00538409 0.0296947 -0.666976
0.00477619 0.0296947 -0.666975
0.00416829 0.0296947 -0.666974
0.00538409 0.0303026 -0.666976
0.00477619 0.0303026 -0.666975
0.00416829 0.0303026 -0.666974
0.00538409 0.0309105 -0.666975
0.00477619 0.0309105 -0.666974
0.00416829 0.0309105 -0.666974
0.00538409 0.0315184 -0.666975
0.00477619 0.0315184 -0.666974
0.00416829 0.0315184 -0.666973
0.00538409 0.0321263 -0.666974
0.00477619 0.0321263 -0.666974
0.00416829 0.0321263 -0.666973
0.00538409 0.0327342 -0.666974
0.00477619 0.0327342 -0.666973
0.00416829 0.0327342 -0.666973
0.00538409 0.0333421 -0.666974
0.00477619 0.0333421 -0.666973
0.00416829 0.0333421 -0.666972
0.00538409 0.03395 -0.666973
0.00477619 0.03395 -0.666973
0.00416829 0.03395 -0.666972
0.00538409 0.0345579 -0.666973
0.00477619 0.0345579 -0.666972
0.00416829 0.0345579 -0.666972
0.00538409 0.0351658 -0.666973
0.00477619 0.0351658 -0.666972
0.00416829 0.0351658 -0.666971
0.00538409 0.0357737 -0.666972
0.00477619 0.0357737 -0.666972
0.00416829 0.0357737 -0.666971
0.00538409 0.0363816 -0.666972
0.00477619 0.0363816 -0.666971
0.00416829 0.0363816 -0.66697
0.00538409 0.0369895 -0.666972
0.00477619 0.0369895 -0.666971
0.00416829 0.0369895 -0.66697
0.00538409 0.0375974 -0.666971
0.00477619 0.0375974 -0.666971
0.00416829 0.0375974 -0.66697
0.00538409 0.0382053 -0.666971
0.00477619 0.0382053 -0.66697
0.00416829 0.0382053 -0.666969
0.00538409 0.0388132 -0.666971
0.00477619 0.0388132 -0.66697
0.00416829 0.0388132 -0.666969
0.00538409 0.0394211 -0.66697
0.00477619 0.0394211 -0.666969
0.00416829 0.0394211 -0.666969
0.00538409 0.040029 -0.66697
0.00477619 0.040029 -0.666969
0.00416829 0.040029 -0.666968
0.00538409 0.0406369 -0.66697
0.00477619 0.0406369 -0.666969
0.00416829 0.0406369 -0.666968
0.00538409 0.0412448 -0.666969
0.00477619 0.0412448 -0.666968
0.00416829 0.0412448 -0.666968
0.00538409 0.0418527 -0.666969
0.00477619 0.0418527 -0.666968
0.00416829 0.0418527 -0.666967
0.00538409 0.0424606 -0.666968
0.00477619 0.0424606 -0.666968
0.00416829 0.0424606 -0.666967
0.00538409 0.0430685 -0.666968
0.00477619 0.0430685 -0.666967
0.00416829 0.0430685 -0.666967
0.00538409 0.0436764 -0.666968
0.00477619 0.0436764 -0.666967
0.00416829 0.0436764 -0.666966
0.00538409 0.0442843 -0.666967
0.00477619 0.0442843 -0.666967
0.00416829 0.0442843 -0.666966
0.00538409 0.0448922 -0.666967
0.00477619 0.0448922 -0.666966
0.00416829 0.0448922 -0.666965
0.00538409 0.0455001 -0.666967
0.00477619 0.0455001 -0.666966
0.00416829 0.0455001 -0.666965
0.00538409 0.046108 -0.666966
0.00477619 0.046108 -0.666966
0.00416829 0.046108 -0.666965
0.00538409 0.0467159 -0.666966
0.00477619 0.0467159 -0.666965
0.00416829 0.0467159 -0.666964
0.00538409 0.0473237 -0.666966
0.00477619 0.0473237 -0.666965
0.00416829 0.0473237 -0.666964
0.00538409 0.0479316 -0.666965
0.00477619 0.0479316 -0.666964
0.00416829 0.0479316 -0.666964
0.00538409 0.0485395 -0.666965
0.00477619 0.0485395 -0.666964
0.00416829 0.0485395 -0.666963
0.00538409 0.0491474 -0.666965
0.00477619 0.0491474 -0.666964
0.00416829 0.0491474 -0.666963
0.00538409 0.0497553 -0.666964
0.00477619 0.0497553 -0.666963
0.00416829 0.0497553 -0.666963
0.00538409 0.0503632 -0.666964
0.00477619 0.0503632 -0.666963
0.00416829 0.0503632 -0.666962
0.00538409 0.0509711 -0.666964
0.00477619 0.0509711 -0.666963
0.00416829 0.0509711 -0.666962
0.00538409 0.051579 -0.666963
0.00477619 0.051579 -0.666962
0.00416829 0.051579 -0.666962
0.00538409 0.0521869 -0.666963
0.00477619 0.0521869 -0.666962
0.00416829 0.0521869 -0.666961
0.00538409 0.0527948 -0.666962
0.00477619 0.0527948 -0.666962
0.00416829 0.0527948 -0.666961
0.00538409 0.0534027 -0.666962
0.00477619 0.0534027 -0.666961
0.00416829 0.0534027 -0.666961
0.00538409 0.0540106 -0.666962
0.00477619 0.0540106 -0.666961
0.00416829 0.0540106 -0.66696
0.00538409 0.0546185 -0.666961
0.00477619 0.0546185 -0.666961
0.00416829 0.0546185 -0.66696
0.00538409 0.0552264 -0.666961
0.00477619 0.0552264 -0.66696
0.00416829 0.0552264 -0.666959
0.00538409 0.0558343 -0.666961
0.00477619 0.0558343 -0.66696
0.00416829 0.0558343 -0.666959
0.00538409 0.0564422 -0.66696
0.00477619 0.0564422 -0.66696
0.00416829 0.0564422 -0.666959
0.00538409 0.0570501 -0.66696
0.00477619 0.0570501 -0.666959
0.00416829 0.0570501 -0.666958
0.00538409 0.057658 -0.66696
0.00477619 0.057658 -0.666959
0.00416829 0.057658 -0.666958
0.00538409 0.0582659 -0.666959
0.00477619 0.0582659 -0.666958
0.00416829 0.0582659 -0.666958
