-0.00844246 -0.0450414 -0.873058
-0.00861059 -0.0450414 -0.873062
-0.00877872 -0.0450414 -0.873067
-0.00844246 -0.0448732 -0.873058
-0.00861059 -0.0448732 -0.873063
-0.00877872 -0.0448732 -0.873067
-0.00844246 -0.0447051 -0.873059
-0.00861059 -0.0447051 -0.873063
-0.00877872 -0.0447051 -0.873067
-0.00844246 -0.044537 -0.873059
-0.00861059 -0.044537 -0.873063
-0.00877872 -0.044537 -0.873067
-0.00844246 -0.0443688 -0.873059
-0.00861059 -0.0443688 -0.873063
-0.00877872 -0.0443688 -0.873068
-0.00844246 -0.0442007 -0.873059
-0.00861059 -0.0442007 -0.873064
-0.00877872 -0.0442007 -0.873068
-0.00844246 -0.0440326 -0.87306
-0.00861059 -0.0440326 -0.873064
-0.00877872 -0.0440326 -0.873068
-0.00844246 -0.0438645 -0.87306
-0.00861059 -0.0438645 -0.873064
-0.00877872 -0.0438645 -0.873069
-0.00844246 -0.0436963 -0.87306
-0.00861059 -0.0436963 -0.873065
-0.00877872 -0.0436963 -0.873069
-0.00844246 -0.0435282 -0.873061
-0.00861059 -0.0435282 -0.873065
-0.00877872 -0.0435282 -0.873069
-0.00844246 -0.0433601 -0.873061
-0.00861059 -0.0433601 -0.873065
-0.00877872 -0.0433601 -0.873069
-0.00844246 -0.0431919 -0.873061
-0.00861059 -0.0431919 -0.873065
-0.00877872 -0.0431919 -0.87307
-0.00844246 -0.0430238 -0.873061
-0.00861059 -0.0430238 -0.873066
-0.00877872 -0.0430238 -0.87307
-0.00844246 -0.0428557 -0.873062
-0.00861059 -0.0428557 -0.873066
-0.00877872 -0.0428557 -0.87307
-0.00844246 -0.0426875 -0.873062
-0.00861059 -0.0426875 -0.873066
-0.00877872 -0.0426875 -0.873071
-0.00844246 -0.0425194 -0.873062
-0.00861059 -0.0425194 -0.873067
-0.00877872 -0.0425194 -0.873071
-0.00844246 -0.0423513 -0.873063
-0.00861059 -0.0423513 -0.873067
-0.00877872 -0.0423513 -0.873071
-0.00844246 -0.0421831 -0.873063
-0.00861059 -0.0421831 -0.873067
-0.00877872 -0.0421831 -0.873071
-0.00844246 -0.042015 -0.873063
-0.00861059 -0.042015 -0.873067
-0.00877872 -0.042015 -0.873072
-0.00844246 -0.0418469 -0.873063
-0.00861059 -0.0418469 -0.873068
-0.00877872 -0.0418469 -0.873072
-0.00844246 -0.0416788 -0.873064
-0.00861059 -0.0416788 -0.873068
-0.00877872 -0.0416788 -0.873072
-0.00844246 -0.0415106 -0.873064
-0.00861059 -0.0415106 -0.873068
-0.00877872 -0.0415106 -0.873073
-0.00844246 -0.0413425 -0.873064
-0.00861059 -0.0413425 -0.873069
-0.00877872 -0.0413425 -0.873073
-0.00844246 -0.0411744 -0.873065
-0.00861059 -0.0411744 -0.873069
-0.00877872 -0.0411744 -0.873073
-0.00844246 -0.0410062 -0.873065
-0.00861059 -0.0410062 -0.873069
-0.00877872 -0.0410062 -0.873073
-0.00844246 -0.0408381 -0.873065
-0.00861059 -0.0408381 -0.873069
-0.00877872 -0.0408381 -0.873074
-0.00844246 -0.04067 -0.873065
-0.00861059 -0.04067 -0.87307
-0.00877872 -0.04067 -0.873074
-0.00844246 -0.0405018 -0.873066
-0.00861059 -0.0405018 -0.87307
-0.00877872 -0.0405018 -0.873074
-0.00844246 -0.0403337 -0.873066
-0.00861059 -0.0403337 -0.87307
-0.00877872 -0.0403337 -0.873075
-0.00844246 -0.0401656 -0.873066
-0.00861059 -0.0401656 -0.873071
-0.00877872 -0.0401656 -0.873075
-0.00844246 -0.0399975 -0.873067
-0.00861059 -0.0399975 -0.873071
-0.00877872 -0.0399975 -0.873075
-0.00844246 -0.0398293 -0.873067
-0.00861059 -0.0398293 -0.873071
-0.00877872 -0.0398293 -0.873075
-0.00844246 -0.0396612 -0.873067
-0.00861059 -0.0396612 -0.873071
-0.00877872 -0.0396612 -0.873076
-0.00844246 -0.0394931 -0.873067
-0.00861059 -0.0394931 -0.873072
-0.00877872 -0.0394931 -0.873076
-0.00844246 -0.0393249 -0.873068
-0.00861059 -0.0393249 -0.873072
-0.00877872 -0.0393249 -0.873076
-0.00844246 -0.0391568 -0.873068
-0.00861059 -0.0391568 -0.873072
-0.00877872 -0.0391568 -0.873077
-0.00844246 -0.0389887 -0.873068
-0.00861059 -0.0389887 -0.873073
-0.00877872 -0.0389887 -0.873077
-0.00844246 -0.0388205 -0.873069
-0.00861059 -0.0388205 -0.873073
-0.00877872 -0.0388205 -0.873077
-0.00844246 -0.0386524 -0.873069
-0.00861059 -0.0386524 -0.873073
-0.00877872 -0.0386524 -0.873078
-0.00844246 -0.0384843 -0.873069
-0.00861059 -0.0384843 -0.873074
-0.00877872 -0.0384843 -0.873078
-0.00844246 -0.0383161 -0.87307
-0.00861059 -0.0383161 -0.873074
-0.00877872 -0.0383161 -0.873078
-0.00844246 -0.038148 -0.87307
-0.00861059 -0.038148 -0.873074
-0.00877872 -0.038148 -0.873078
-0.00844246 -0.0379799 -0.87307
-0.00861059 -0.0379799 -0.873074
-0.00877872 -0.0379799 -0.873079
-0.00844246 -0.0378118 -0.87307
-0.00861059 -0.0378118 -0.873075
-0.00877872 -0.0378118 -0.873079
-0.00844246 -0.0376436 -0.873071
-0.00861059 -0.0376436 -0.873075
-0.00877872 -0.0376436 -0.873079
-0.00844246 -0.0374755 -0.873071
-0.00861059 -0.0374755 -0.873075
-0.00877872 -0.0374755 -0.87308
-0.00844246 -0.0373074 -0.873071
-0.00861059 -0.0373074 -0.873076
-0.00877872 -0.0373074 -0.87308
-0.00844246 -0.0371392 -0.873072
-0.00861059 -0.0371392 -0.873076
-0.00877872 -0.0371392 -0.87308
-0.00844246 -0.0369711 -0.873072
-0.00861059 -0.0369711 -0.873076
-0.00877872 -0.0369711 -0.87308
-0.00844246 -0.036803 -0.873072
-0.00861059 -0.036803 -0.873076
-0.00877872 -0.036803 -0.873081
-0.00844246 -0.0366348 -0.873072
-0.00861059 -0.0366348 -0.873077
-0.00877872 -0.0366348 -0.873081
-0.00844246 -0.0364667 -0.873073
-0.00861059 -0.0364667 -0.873077
-0.00877872 -0.0364667 -0.873081
-0.00844246 -0.0362986 -0.873073
-0.00861059 -0.0362986 -0.873077
-0.00877872 -0.0362986 -0.873082
-0.00844246 -0.0361304 -0.873073
-0.00861059 -0.0361304 -0.873078
-0.00877872 -0.0361304 -0.873082
-0.00844246 -0.0359623 -0.873074
-0.00861059 -0.0359623 -0.873078
-0.00877872 -0.0359623 -0.873082
-0.00844246 -0.0357942 -0.873074
-0.00861059 -0.0357942 -0.873078
-0.00877872 -0.0357942 -0.873082
-0.00844246 -0.0356261 -0.873074
-0.00861059 -0.0356261 -0.873078
-0.00877872 -0.0356261 -0.873083
-0.00844246 -0.0354579 -0.873074
-0.00861059 -0.0354579 -0.873079
-0.00877872 -0.0354579 -0.873083
-0.00844246 -0.0352898 -0.873075
-0.00861059 -0.0352898 -0.873079
-0.00877872 -0.0352898 -0.873083
-0.00844246 -0.0351217 -0.873075
-0.00861059 -0.0351217 -0.873079
-0.00877872 -0.0351217 -0.873084
-0.00844246 -0.0349535 -0.873075
-0.00861059 -0.0349535 -0.87308
-0.00877872 -0.0349535 -0.873084
-0.00844246 -0.0347854 -0.873076
-0.00861059 -0.0347854 -0.87308
-0.00877872 -0.0347854 -0.873084
-0.00844246 -0.0346173 -0.873076
-0.00861059 -0.0346173 -0.87308
-0.00877872 -0.0346173 -0.873084
-0.00844246 -0.0344491 -0.873076
-0.00861059 -0.0344491 -0.87308
-0.00877872 -0.0344491 -0.873085
-0.00844246 -0.034281 -0.873076
-0.00861059 -0.034281 -0.873081
-0.00877872 -0.034281 -0.873085
-0.00844246 -0.0341129 -0.873077
-0.00861059 -0.0341129 -0.873081
-0.00877872 -0.0341129 -0.873085
-0.00844246 -0.0339447 -0.873077
-0.00861059 -0.0339447 -0.873081
-0.00877872 -0.0339447 -0.873086
-0.00844246 -0.0337766 -0.873077
-0.00861059 -0.0337766 -0.873082
-0.00877872 -0.0337766 -0.873086
-0.00844246 -0.0336085 -0.873078
-0.00861059 -0.0336085 -0.873082
-0.00877872 -0.0336085 -0.873086
-0.00844246 -0.0334404 -0.873078
-0.00861059 -0.0334404 -0.873082
-0.00877872 -0.0334404 -0.873086
-0.00844246 -0.0332722 -0.873078
-0.00861059 -0.0332722 -0.873082
-0.00877872 -0.0332722 -0.873087
-0.00844246 -0.0331041 -0.873078
-0.00861059 -0.0331041 -0.873083
-0.00877872 -0.0331041 -0.873087
-0.00844246 -0.032936 -0.873079
-0.00861059 -0.032936 -0.873083
-0.00877872 -0.032936 -0.873087
-0.00844246 -0.0327678 -0.873079
-0.00861059 -0.0327678 -0.873083
-0.00877872 -0.0327678 -0.873088
-0.00844246 -0.0325997 -0.873079
-0.00861059 -0.0325997 -0.873084
-0.00877872 -0.0325997 -0.873088
-0.00844246 -0.0324316 -0.87308
-0.00861059 -0.0324316 -0.873084
-0.00877872 -0.0324316 -0.873088
-0.00844246 -0.0322634 -0.87308
-0.00861059 -0.0322634 -0.873084
-0.00877872 -0.0322634 -0.873088
-0.00844246 -0.0320953 -0.87308
-0.00861059 -0.0320953 -0.873084
-0.00877872 -0.0320953 -0.873089
-0.00844246 -0.0319272 -0.87308
-0.00861059 -0.0319272 -0.873085
-0.00877872 -0.0319272 -0.873089
-0.00844246 -0.031759 -0.873081
-0.00861059 -0.031759 -0.873085
-0.00877872 -0.031759 -0.873089
-0.00844246 -0.0315909 -0.873081
-0.00861059 -0.0315909 -0.873085
-0.00877872 -0.0315909 -0.87309
-0.00844246 -0.0314228 -0.873081
-0.00861059 -0.0314228 -0.873086
-0.00877872 -0.0314228 -0.87309
-0.00844246 -0.0312547 -0.873082
-0.00861059 -0.0312547 -0.873086
-0.00877872 -0.0312547 -0.87309
-0.00844246 -0.0310865 -0.873082
-0.00861059 -0.0310865 -0.873086
-0.00877872 -0.0310865 -0.87309
-0.00844246 -0.0309184 -0.873082
-0.00861059 -0.0309184 -0.873086
-0.00877872 -0.0309184 -0.873091
-0.00844246 -0.0307503 -0.873082
-0.00861059 -0.0307503 -0.873087
-0.00877872 -0.0307503 -0.873091
-0.00844246 -0.0305821 -0.873083
-0.00861059 -0.0305821 -0.873087
-0.00877872 -0.0305821 -0.873091
-0.00844246 -0.030414 -0.873083
-0.00861059 -0.030414 -0.873087
-0.00877872 -0.030414 -0.873092
-0.00844246 -0.0302459 -0.873083
-0.00861059 -0.0302459 -0.873088
-0.00877872 -0.0302459 -0.873092
-0.00844246 -0.0300777 -0.873084
-0.00861059 -0.0300777 -0.873088
-0.00877872 -0.0300777 -0.873092
-0.00844246 -0.0299096 -0.873084
-0.00861059 -0.0299096 -0.873088
-0.00877872 -0.0299096 -0.873092
-0.00844246 -0.0297415 -0.873084
-0.00861059 -0.0297415 -0.873088
-0.00877872 -0.0297415 -0.873093
-0.00844246 -0.0295734 -0.873084
-0.00861059 -0.0295734 -0.873089
-0.00877872 -0.0295734 -0.873093
-0.00844246 -0.0294052 -0.873085
-0.00861059 -0.0294052 -0.873089
-0.00877872 -0.0294052 -0.873093
-0.00844246 -0.0292371 -0.873085
-0.00861059 -0.0292371 -0.873089
-0.00877872 -0.0292371 -0.873094
-0.00844246 -0.029069 -0.873085
-0.00861059 -0.029069 -0.87309
-0.00877872 -0.029069 -0.873094
-0.00844246 -0.0289008 -0.873086
-0.00861059 -0.0289008 -0.87309
-0.00877872 -0.0289008 -0.873094
-0.00844246 -0.0287327 -0.873086
-0.00861059 -0.0287327 -0.87309
-0.00877872 -0.0287327 -0.873094
-0.00844246 -0.0285646 -0.873086
-0.00861059 -0.0285646 -0.873091
-0.00877872 -0.0285646 -0.873095
-0.00844246 -0.0283964 -0.873087
-0.00861059 -0.0283964 -0.873091
-0.00877872 -0.0283964 -0.873095
-0.00844246 -0.0282283 -0.873087
-0.00861059 -0.0282283 -0.873091
-0.00877872 -0.0282283 -0.873095
-0.00844246 -0.0280602 -0.873087
-0.00861059 -0.0280602 -0.873091
-0.00877872 -0.0280602 -0.873096
-0.00844246 -0.027892 -0.873087
-0.00861059 -0.027892 -0.873092
-0.00877872 -0.027892 -0.873096
-0.00844246 -0.0277239 -0.873088
-0.00861059 -0.0277239 -0.873092
-0.00877872 -0.0277239 -0.873096
-0.00844246 -0.0275558 -0.873088
-0.00861059 -0.0275558 -0.873092
-0.00877872 -0.0275558 -0.873097
-0.00844246 -0.0273877 -0.873088
-0.00861059 -0.0273877 -0.873093
-0.00877872 -0.0273877 -0.873097
-0.00844246 -0.0272195 -0.873088
-0.00861059 -0.0272195 -0.873093
-0.00877872 -0.0272195 -0.873097
-0.00844246 -0.0270514 -0.873089
-0.00861059 -0.0270514 -0.873093
-0.00877872 -0.0270514 -0.873097
-0.00844246 -0.0268833 -0.873089
-0.00861059 -0.0268833 -0.873093
-0.00877872 -0.0268833 -0.873098
-0.00844246 -0.0267151 -0.873089
-0.00861059 -0.0267151 -0.873094
-0.00877872 -0.0267151 -0.873098
-0.00844246 -0.026547 -0.87309
-0.00861059 -0.026547 -0.873094
-0.00877872 -0.026547 -0.873098
