-0.00183415 -0.025031 -0.870324
-0.00223747 -0.025031 -0.870327
-0.00264079 -0.025031 -0.870331
-0.00183415 -0.0246277 -0.870324
-0.00223747 -0.0246277 -0.870328
-0.00264079 -0.0246277 -0.870331
-0.00183415 -0.0242244 -0.870324
-0.00223747 -0.0242244 -0.870328
-0.00264079 -0.0242244 -0.870331
-0.00183415 -0.0238211 -0.870324
-0.00223747 -0.0238211 -0.870328
-0.00264079 -0.0238211 -0.870332
-0.00183415 -0.0234177 -0.870324
-0.00223747 -0.0234177 -0.870328
-0.00264079 -0.0234177 -0.870332
-0.00183415 -0.0230144 -0.870324
-0.00223747 -0.0230144 -0.870328
-0.00264079 -0.0230144 -0.870332
-0.00183415 -0.0226111 -0.870324
-0.00223747 -0.0226111 -0.870328
-0.00264079 -0.0226111 -0.870332
-0.00183415 -0.0222078 -0.870324
-0.00223747 -0.0222078 -0.870328
-0.00264079 -0.0222078 -0.870332
-0.00183415 -0.0218045 -0.870324
-0.00223747 -0.0218045 -0.870328
-0.00264079 -0.0218045 -0.870332
-0.00183415 -0.0214012 -0.870324
-0.00223747 -0.0214012 -0.870328
-0.00264079 -0.0214012 -0.870332
-0.00183415 -0.0209978 -0.870325
-0.00223747 -0.0209978 -0.870328
-0.00264079 -0.0209978 -0.870332
-0.00183415 -0.0205945 -0.870325
-0.00223747 -0.0205945 -0.870328
-0.00264079 -0.0205945 -0.870332
-0.00183415 -0.0201912 -0.870325
-0.00223747 -0.0201912 -0.870329
-0.00264079 -0.0201912 -0.870332
-0.00183415 -0.0197879 -0.870325
-0.00223747 -0.0197879 -0.870329
-0.00264079 -0.0197879 -0.870332
-0.00183415 -0.0193846 -0.870325
-0.00223747 -0.0193846 -0.870329
-0.00264079 -0.0193846 -0.870333
-0.00183415 -0.0189813 -0.870325
-0.00223747 -0.0189813 -0.870329
-0.00264079 -0.0189813 -0.870333
-0.00183415 -0.0185779 -0.870325
-0.00223747 -0.0185779 -0.870329
-0.00264079 -0.0185779 -0.870333
-0.00183415 -0.0181746 -0.870325
-0.00223747 -0.0181746 -0.870329
-0.00264079 -0.0181746 -0.870333
-0.00183415 -0.0177713 -0.870325
-0.00223747 -0.0177713 -0.870329
-0.00264079 -0.0177713 -0.870333
-0.00183415 -0.017368 -0.870325
-0.00223747 -0.017368 -0.870329
-0.00264079 -0.017368 -0.870333
-0.00183415 -0.0169647 -0.870326
-0.00223747 -0.0169647 -0.870329
-0.00264079 -0.0169647 -0.870333
-0.00183415 -0.0165614 -0.870326
-0.00223747 -0.0165614 -0.870329
-0.00264079 -0.0165614 -0.870333
-0.00183415 -0.0161581 -0.870326
-0.00223747 -0.0161581 -0.870329
-0.00264079 -0.0161581 -0.870333
-0.00183415 -0.0157547 -0.870326
-0.00223747 -0.0157547 -0.87033
-0.00264079 -0.0157547 -0.870333
-0.00183415 -0.0153514 -0.870326
-0.00223747 -0.0153514 -0.87033
-0.00264079 -0.0153514 -0.870334
-0.00183415 -0.0149481 -0.870326
-0.00223747 -0.0149481 -0.87033
-0.00264079 -0.0149481 -0.870334
-0.00183415 -0.0145448 -0.870326
-0.00223747 -0.0145448 -0.87033
-0.00264079 -0.0145448 -0.870334
-0.00183415 -0.0141415 -0.870326
-0.00223747 -0.0141415 -0.87033
-0.00264079 -0.0141415 -0.870334
-0.00183415 -0.0137382 -0.870326
-0.00223747 -0.0137382 -0.87033
-0.00264079 -0.0137382 -0.870334
-0.00183415 -0.0133348 -0.870326
-0.00223747 -0.0133348 -0.87033
-0.00264079 -0.0133348 -0.870334
-0.00183415 -0.0129315 -0.870326
-0.00223747 -0.0129315 -0.87033
-0.00264079 -0.0129315 -0.870334
-0.00183415 -0.0125282 -0.870327
-0.00223747 -0.0125282 -0.87033
-0.00264079 -0.0125282 -0.870334
-0.00183415 -0.0121249 -0.870327
-0.00223747 -0.0121249 -0.87033
-0.00264079 -0.0121249 -0.870334
-0.00183415 -0.0117216 -0.870327
-0.00223747 -0.0117216 -0.870331
-0.00264079 -0.0117216 -0.870334
-0.00183415 -0.0113183 -0.870327
-0.00223747 -0.0113183 -0.870331
-0.00264079 -0.0113183 -0.870334
-0.00183415 -0.0109149 -0.870327
-0.00223747 -0.0109149 -0.870331
-0.00264079 -0.0109149 -0.870335
-0.00183415 -0.0105116 -0.870327
-0.00223747 -0.0105116 -0.870331
-0.00264079 -0.0105116 -0.870335
-0.00183415 -0.0101083 -0.870327
-0.00223747 -0.0101083 -0.870331
-0.00264079 -0.0101083 -0.870335
-0.00183415 -0.00970499 -0.870327
-0.00223747 -0.00970499 -0.870331
-0.00264079 -0.00970499 -0.870335
-0.00183415 -0.00930168 -0.870327
-0.00223747 -0.00930168 -0.870331
-0.00264079 -0.00930168 -0.870335
-0.00183415 -0.00889836 -0.870327
-0.00223747 -0.00889836 -0.870331
-0.00264079 -0.00889836 -0.870335
-0.00183415 -0.00849505 -0.870327
-0.00223747 -0.00849505 -0.870331
-0.00264079 -0.00849505 -0.870335
-0.00183415 -0.00809173 -0.870328
-0.00223747 -0.00809173 -0.870331
-0.00264079 -0.00809173 -0.870335
-0.00183415 -0.00768841 -0.870328
-0.00223747 -0.00768841 -0.870331
-0.00264079 -0.00768841 -0.870335
-0.00183415 -0.0072851 -0.870328
-0.00223747 -0.0072851 -0.870332
-0.00264079 -0.0072851 -0.870335
-0.00183415 -0.00688178 -0.870328
-0.00223747 -0.00688178 -0.870332
-0.00264079 -0.00688178 -0.870336
-0.00183415 -0.00647847 -0.870328
-0.00223747 -0.00647847 -0.870332
-0.00264079 -0.00647847 -0.870336
-0.00183415 -0.00607515 -0.870328
-0.00223747 -0.00607515 -0.870332
-0.00264079 -0.00607515 -0.870336
-0.00183415 -0.00567183 -0.870328
-0.00223747 -0.00567183 -0.870332
-0.00264079 -0.00567183 -0.870336
-0.00183415 -0.00526852 -0.870328
-0.00223747 -0.00526852 -0.870332
-0.00264079 -0.00526852 -0.870336
-0.00183415 -0.0048652 -0.870328
-0.00223747 -0.0048652 -0.870332
-0.00264079 -0.0048652 -0.870336
-0.00183415 -0.00446188 -0.870328
-0.00223747 -0.00446188 -0.870332
-0.00264079 -0.00446188 -0.870336
-0.00183415 -0.00405857 -0.870328
-0.00223747 -0.00405857 -0.870332
-0.00264079 -0.00405857 -0.870336
-0.00183415 -0.00365525 -0.870329
-0.00223747 -0.00365525 -0.870332
-0.00264079 -0.00365525 -0.870336
-0.00183415 -0.00325194 -0.870329
-0.00223747 -0.00325194 -0.870333
-0.00264079 -0.00325194 -0.870336
-0.00183415 -0.00284862 -0.870329
-0.00223747 -0.00284862 -0.870333
-0.00264079 -0.00284862 -0.870336
-0.00183415 -0.0024453 -0.870329
-0.00223747 -0.0024453 -0.870333
-0.00264079 -0.0024453 -0.870337
-0.00183415 -0.00204199 -0.870329
-0.00223747 -0.00204199 -0.870333
-0.00264079 -0.00204199 -0.870337
-0.00183415 -0.00163867 -0.870329
-0.00223747 -0.00163867 -0.870333
-0.00264079 -0.00163867 -0.870337
-0.00183415 -0.00123536 -0.870329
-0.00223747 -0.00123536 -0.870333
-0.00264079 -0.00123536 -0.870337
-0.00183415 -0.00083204 -0.870329
-0.00223747 -0.00083204 -0.870333
-0.00264079 -0.00083204 -0.870337
-0.00183415 -0.000428724 -0.870329
-0.00223747 -0.000428724 -0.870333
-0.00264079 -0.000428724 -0.870337
-0.00183415 -2.54075e-05 -0.870329
-0.00223747 -2.54075e-05 -0.870333
-0.00264079 -2.54075e-05 -0.870337
-0.00183415 0.000377909 -0.87033
-0.00223747 0.000377909 -0.870333
-0.00264079 0.000377909 -0.870337
-0.00183415 0.000781225 -0.87033
-0.00223747 0.000781225 -0.870333
-0.00264079 0.000781225 -0.870337
-0.00183415 0.00118454 -0.87033
-0.00223747 0.00118454 -0.870334
-0.00264079 0.00118454 -0.870337
-0.00183415 0.00158786 -0.87033
-0.00223747 0.00158786 -0.870334
-0.00264079 0.00158786 -0.870337
-0.00183415 0.00199117 -0.87033
-0.00223747 0.00199117 -0.870334
-0.00264079 0.00199117 -0.870338
-0.00183415 0.00239449 -0.87033
-0.00223747 0.00239449 -0.870334
-0.00264079 0.00239449 -0.870338
-0.00183415 0.00279781 -0.87033
-0.00223747 0.00279781 -0.870334
-0.00264079 0.00279781 -0.870338
-0.00183415 0.00320112 -0.87033
-0.00223747 0.00320112 -0.870334
-0.00264079 0.00320112 -0.870338
-0.00183415 0.00360444 -0.87033
-0.00223747 0.00360444 -0.870334
-0.00264079 0.00360444 -0.870338
-0.00183415 0.00400775 -0.87033
-0.00223747 0.00400775 -0.870334
-0.00264079 0.00400775 -0.870338
-0.00183415 0.00441107 -0.870331
-0.00223747 0.00441107 -0.870334
-0.00264079 0.00441107 -0.870338
-0.00183415 0.00481439 -0.870331
-0.00223747 0.00481439 -0.870334
-0.00264079 0.00481439 -0.870338
-0.00183415 0.0052177 -0.870331
-0.00223747 0.0052177 -0.870335
-0.00264079 0.0052177 -0.870338
-0.00183415 0.00562102 -0.870331
-0.00223747 0.00562102 -0.870335
-0.00264079 0.00562102 -0.870338
-0.00183415 0.00602433 -0.870331
-0.00223747 0.00602433 -0.870335
-0.00264079 0.00602433 -0.870338
-0.00183415 0.00642765 -0.870331
-0.00223747 0.00642765 -0.870335
-0.00264079 0.00642765 -0.870339
-0.00183415 0.00683097 -0.870331
-0.00223747 0.00683097 -0.870335
-0.00264079 0.00683097 -0.870339
-0.00183415 0.00723428 -0.870331
-0.00223747 0.00723428 -0.870335
-0.00264079 0.00723428 -0.870339
-0.00183415 0.0076376 -0.870331
-0.00223747 0.0076376 -0.870335
-0.00264079 0.0076376 -0.870339
-0.00183415 0.00804092 -0.870331
-0.00223747 0.00804092 -0.870335
-0.00264079 0.00804092 -0.870339
-0.00183415 0.00844423 -0.870331
-0.00223747 0.00844423 -0.870335
-0.00264079 0.00844423 -0.870339
-0.00183415 0.00884755 -0.870332
-0.00223747 0.00884755 -0.870335
-0.00264079 0.00884755 -0.870339
-0.00183415 0.00925086 -0.870332
-0.00223747 0.00925086 -0.870335
-0.00264079 0.00925086 -0.870339
-0.00183415 0.00965418 -0.870332
-0.00223747 0.00965418 -0.870336
-0.00264079 0.00965418 -0.870339
-0.00183415 0.0100575 -0.870332
-0.00223747 0.0100575 -0.870336
-0.00264079 0.0100575 -0.870339
-0.00183415 0.0104608 -0.870332
-0.00223747 0.0104608 -0.870336
-0.00264079 0.0104608 -0.87034
-0.00183415 0.0108641 -0.870332
-0.00223747 0.0108641 -0.870336
-0.00264079 0.0108641 -0.87034
-0.00183415 0.0112674 -0.870332
-0.00223747 0.0112674 -0.870336
-0.00264079 0.0112674 -0.87034
-0.00183415 0.0116708 -0.870332
-0.00223747 0.0116708 -0.870336
-0.00264079 0.0116708 -0.87034
-0.00183415 0.0120741 -0.870332
-0.00223747 0.0120741 -0.870336
-0.00264079 0.0120741 -0.87034
-0.00183415 0.0124774 -0.870332
-0.00223747 0.0124774 -0.870336
-0.00264079 0.0124774 -0.87034
-0.00183415 0.0128807 -0.870332
-0.00223747 0.0128807 -0.870336
-0.00264079 0.0128807 -0.87034
-0.00183415 0.013284 -0.870333
-0.00223747 0.013284 -0.870336
-0.00264079 0.013284 -0.87034
-0.00183415 0.0136873 -0.870333
-0.00223747 0.0136873 -0.870336
-0.00264079 0.0136873 -0.87034
-0.00183415 0.0140907 -0.870333
-0.00223747 0.0140907 -0.870337
-0.00264079 0.0140907 -0.87034
-0.00183415 0.014494 -0.870333
-0.00223747 0.014494 -0.870337
-0.00264079 0.014494 -0.870341
-0.00183415 0.0148973 -0.870333
-0.00223747 0.0148973 -0.870337
-0.00264079 0.0148973 -0.870341
-0.00183415 0.0153006 -0.870333
-0.00223747 0.0153006 -0.870337
-0.00264079 0.0153006 -0.870341
-0.00183415 0.0157039 -0.870333
-0.00223747 0.0157039 -0.870337
-0.00264079 0.0157039 -0.870341
-0.00183415 0.0161072 -0.870333
-0.00223747 0.0161072 -0.870337
-0.00264079 0.0161072 -0.870341
-0.00183415 0.0165106 -0.870333
-0.00223747 0.0165106 -0.870337
-0.00264079 0.0165106 -0.870341
-0.00183415 0.0169139 -0.870333
-0.00223747 0.0169139 -0.870337
-0.00264079 0.0169139 -0.870341
-0.00183415 0.0173172 -0.870333
-0.00223747 0.0173172 -0.870337
-0.00264079 0.0173172 -0.870341
-0.00183415 0.0177205 -0.870334
-0.00223747 0.0177205 -0.870337
-0.00264079 0.0177205 -0.870341
-0.00183415 0.0181238 -0.870334
-0.00223747 0.0181238 -0.870338
-0.00264079 0.0181238 -0.870341
-0.00183415 0.0185271 -0.870334
-0.00223747 0.0185271 -0.870338
-0.00264079 0.0185271 -0.870341
-0.00183415 0.0189305 -0.870334
-0.00223747 0.0189305 -0.870338
-0.00264079 0.0189305 -0.870342
-0.00183415 0.0193338 -0.870334
-0.00223747 0.0193338 -0.870338
-0.00264079 0.0193338 -0.870342
