0.0167882 0.0501522 -0.856499
0.0178502 0.0501522 -0.856502
0.0189123 0.0501522 -0.856506
0.0167882 0.0490901 -0.856498
0.0178502 0.0490901 -0.856502
0.0189123 0.0490901 -0.856506
0.0167882 0.048028 -0.856498
0.0178502 0.048028 -0.856501
0.0189123 0.048028 -0.856505
0.0167882 0.046966 -0.856497
0.0178502 0.046966 -0.856501
0.0189123 0.046966 -0.856504
0.0167882 0.0459039 -0.856497
0.0178502 0.0459039 -0.8565
0.0189123 0.0459039 -0.856504
0.0167882 0.0448418 -0.856496
0.0178502 0.0448418 -0.8565
0.0189123 0.0448418 -0.856503
0.0167882 0.0437797 -0.856495
0.0178502 0.0437797 -0.856499
0.0189123 0.0437797 -0.856503
0.0167882 0.0427177 -0.856495
0.0178502 0.0427177 -0.856499
0.0189123 0.0427177 -0.856502
0.0167882 0.0416556 -0.856494
0.0178502 0.0416556 -0.856498
0.0189123 0.0416556 -0.856502
0.0167882 0.0405935 -0.856494
0.0178502 0.0405935 -0.856497
0.0189123 0.0405935 -0.856501
0.0167882 0.0395314 -0.856493
0.0178502 0.0395314 -0.856497
0.0189123 0.0395314 -0.856501
0.0167882 0.0384694 -0.856493
0.0178502 0.0384694 -0.856496
0.0189123 0.0384694 -0.8565
0.0167882 0.0374073 -0.856492
0.0178502 0.0374073 -0.856496
0.0189123 0.0374073 -0.856499
0.0167882 0.0363452 -0.856492
0.0178502 0.0363452 -0.856495
0.0189123 0.0363452 -0.856499
0.0167882 0.0352831 -0.856491
0.0178502 0.0352831 -0.856495
0.0189123 0.0352831 -0.856498
0.0167882 0.0342211 -0.85649
0.0178502 0.0342211 -0.856494
0.0189123 0.0342211 -0.856498
0.0167882 0.033159 -0.85649
0.0178502 0.033159 -0.856494
0.0189123 0.033159 -0.856497
0.0167882 0.0320969 -0.856489
0.0178502 0.0320969 -0.856493
0.0189123 0.0320969 -0.856497
0.0167882 0.0310348 -0.856489
0.0178502 0.0310348 -0.856492
0.0189123 0.0310348 -0.856496
0.0167882 0.0299728 -0.856488
0.0178502 0.0299728 -0.856492
0.0189123 0.0299728 -0.856495
0.0167882 0.0289107 -0.856488
0.0178502 0.0289107 -0.856491
0.0189123 0.0289107 -0.856495
0.0167882 0.0278486 -0.856487
0.0178502 0.0278486 -0.856491
0.0189123 0.0278486 -0.856494
0.0167882 0.0267865 -0.856487
0.0178502 0.0267865 -0.85649
0.0189123 0.0267865 -0.856494
0.0167882 0.0257245 -0.856486
0.0178502 0.0257245 -0.85649
0.0189123 0.0257245 -0.856493
0.0167882 0.0246624 -0.856485
0.0178502 0.0246624 -0.856489
0.0189123 0.0246624 -0.856493
0.0167882 0.0236003 -0.856485
0.0178502 0.0236003 -0.856489
0.0189123 0.0236003 -0.856492
0.0167882 0.0225382 -0.856484
0.0178502 0.0225382 -0.856488
0.0189123 0.0225382 -0.856492
0.0167882 0.0214762 -0.856484
0.0178502 0.0214762 -0.856487
0.0189123 0.0214762 -0.856491
0.0167882 0.0204141 -0.856483
0.0178502 0.0204141 -0.856487
0.0189123 0.0204141 -0.85649
0.0167882 0.019352 -0.856483
0.0178502 0.019352 -0.856486
0.0189123 0.019352 -0.85649
0.0167882 0.0182899 -0.856482
0.0178502 0.0182899 -0.856486
0.0189123 0.0182899 -0.856489
0.0167882 0.0172279 -0.856481
0.0178502 0.0172279 -0.856485
0.0189123 0.0172279 -0.856489
0.0167882 0.0161658 -0.856481
0.0178502 0.0161658 -0.856485
0.0189123 0.0161658 -0.856488
0.0167882 0.0151037 -0.85648
0.0178502 0.0151037 -0.856484
0.0189123 0.0151037 -0.856488
0.0167882 0.0140416 -0.85648
0.0178502 0.0140416 -0.856484
0.0189123 0.0140416 -0.856487
0.0167882 0.0129796 -0.856479
0.0178502 0.0129796 -0.856483
0.0189123 0.0129796 -0.856487
0.0167882 0.0119175 -0.856479
0.0178502 0.0119175 -0.856482
0.0189123 0.0119175 -0.856486
0.0167882 0.0108554 -0.856478
0.0178502 0.0108554 -0.856482
0.0189123 0.0108554 -0.856485
0.0167882 0.00979333 -0.856478
0.0178502 0.00979333 -0.856481
0.0189123 0.00979333 -0.856485
0.0167882 0.00873125 -0.856477
0.0178502 0.00873125 -0.856481
0.0189123 0.00873125 -0.856484
0.0167882 0.00766918 -0.856476
0.0178502 0.00766918 -0.85648
0.0189123 0.00766918 -0.856484
0.0167882 0.0066071 -0.856476
0.0178502 0.0066071 -0.85648
0.0189123 0.0066071 -0.856483
0.0167882 0.00554503 -0.856475
0.0178502 0.00554503 -0.856479
0.0189123 0.00554503 -0.856483
0.0167882 0.00448295 -0.856475
0.0178502 0.00448295 -0.856478
0.0189123 0.00448295 -0.856482
0.0167882 0.00342088 -0.856474
0.0178502 0.00342088 -0.856478
0.0189123 0.00342088 -0.856482
0.0167882 0.0023588 -0.856474
0.0178502 0.0023588 -0.856477
0.0189123 0.0023588 -0.856481
0.0167882 0.00129673 -0.856473
0.0178502 0.00129673 -0.856477
0.0189123 0.00129673 -0.85648
0.0167882 0.000234652 -0.856473
0.0178502 0.000234652 -0.856476
0.0189123 0.000234652 -0.85648
0.0167882 -0.000827423 -0.856472
0.0178502 -0.000827423 -0.856476
0.0189123 -0.000827423 -0.856479
0.0167882 -0.0018895 -0.856471
0.0178502 -0.0018895 -0.856475
0.0189123 -0.0018895 -0.856479
0.0167882 -0.00295157 -0.856471
0.0178502 -0.00295157 -0.856475
0.0189123 -0.00295157 -0.856478
0.0167882 -0.00401365 -0.85647
0.0178502 -0.00401365 -0.856474
0.0189123 -0.00401365 -0.856478
0.0167882 -0.00507572 -0.85647
0.0178502 -0.00507572 -0.856473
0.0189123 -0.00507572 -0.856477
0.0167882 -0.0061378 -0.856469
0.0178502 -0.0061378 -0.856473
0.0189123 -0.0061378 -0.856477
0.0167882 -0.00719987 -0.856469
0.0178502 -0.00719987 -0.856472
0.0189123 -0.00719987 -0.856476
0.0167882 -0.00826195 -0.856468
0.0178502 -0.00826195 -0.856472
0.0189123 -0.00826195 -0.856475
0.0167882 -0.00932402 -0.856468
0.0178502 -0.00932402 -0.856471
0.0189123 -0.00932402 -0.856475
0.0167882 -0.0103861 -0.856467
0.0178502 -0.0103861 -0.856471
0.0189123 -0.0103861 -0.856474
0.0167882 -0.0114482 -0.856466
0.0178502 -0.0114482 -0.85647
0.0189123 -0.0114482 -0.856474
0.0167882 -0.0125102 -0.856466
0.0178502 -0.0125102 -0.85647
0.0189123 -0.0125102 -0.856473
0.0167882 -0.0135723 -0.856465
0.0178502 -0.0135723 -0.856469
0.0189123 -0.0135723 -0.856473
0.0167882 -0.0146344 -0.856465
0.0178502 -0.0146344 -0.856468
0.0189123 -0.0146344 -0.856472
0.0167882 -0.0156965 -0.856464
0.0178502 -0.0156965 -0.856468
0.0189123 -0.0156965 -0.856472
0.0167882 -0.0167585 -0.856464
0.0178502 -0.0167585 -0.856467
0.0189123 -0.0167585 -0.856471
0.0167882 -0.0178206 -0.856463
0.0178502 -0.0178206 -0.856467
0.0189123 -0.0178206 -0.85647
0.0167882 -0.0188827 -0.856463
0.0178502 -0.0188827 -0.856466
0.0189123 -0.0188827 -0.85647
0.0167882 -0.0199448 -0.856462
0.0178502 -0.0199448 -0.856466
0.0189123 -0.0199448 -0.856469
0.0167882 -0.0210069 -0.856461
0.0178502 -0.0210069 -0.856465
0.0189123 -0.0210069 -0.856469
0.0167882 -0.0220689 -0.856461
0.0178502 -0.0220689 -0.856465
0.0189123 -0.0220689 -0.856468
0.0167882 -0.023131 -0.85646
0.0178502 -0.023131 -0.856464
0.0189123 -0.023131 -0.856468
0.0167882 -0.0241931 -0.85646
0.0178502 -0.0241931 -0.856463
0.0189123 -0.0241931 -0.856467
0.0167882 -0.0252552 -0.856459
0.0178502 -0.0252552 -0.856463
0.0189123 -0.0252552 -0.856466
0.0167882 -0.0263172 -0.856459
0.0178502 -0.0263172 -0.856462
0.0189123 -0.0263172 -0.856466
0.0167882 -0.0273793 -0.856458
0.0178502 -0.0273793 -0.856462
0.0189123 -0.0273793 -0.856465
0.0167882 -0.0284414 -0.856458
0.0178502 -0.0284414 -0.856461
0.0189123 -0.0284414 -0.856465
0.0167882 -0.0295035 -0.856457
0.0178502 -0.0295035 -0.856461
0.0189123 -0.0295035 -0.856464
0.0167882 -0.0305655 -0.856456
0.0178502 -0.0305655 -0.85646
0.0189123 -0.0305655 -0.856464
0.0167882 -0.0316276 -0.856456
0.0178502 -0.0316276 -0.856459
0.0189123 -0.0316276 -0.856463
0.0167882 -0.0326897 -0.856455
0.0178502 -0.0326897 -0.856459
0.0189123 -0.0326897 -0.856463
0.0167882 -0.0337518 -0.856455
0.0178502 -0.0337518 -0.856458
0.0189123 -0.0337518 -0.856462
0.0167882 -0.0348138 -0.856454
0.0178502 -0.0348138 -0.856458
0.0189123 -0.0348138 -0.856461
0.0167882 -0.0358759 -0.856454
0.0178502 -0.0358759 -0.856457
0.0189123 -0.0358759 -0.856461
0.0167882 -0.036938 -0.856453
0.0178502 -0.036938 -0.856457
0.0189123 -0.036938 -0.85646
0.0167882 -0.0380001 -0.856452
0.0178502 -0.0380001 -0.856456
0.0189123 -0.0380001 -0.85646
0.0167882 -0.0390621 -0.856452
0.0178502 -0.0390621 -0.856456
0.0189123 -0.0390621 -0.856459
0.0167882 -0.0401242 -0.856451
0.0178502 -0.0401242 -0.856455
0.0189123 -0.0401242 -0.856459
0.0167882 -0.0411863 -0.856451
0.0178502 -0.0411863 -0.856454
0.0189123 -0.0411863 -0.856458
0.0167882 -0.0422484 -0.85645
0.0178502 -0.0422484 -0.856454
0.0189123 -0.0422484 -0.856458
0.0167882 -0.0433104 -0.85645
0.0178502 -0.0433104 -0.856453
0.0189123 -0.0433104 -0.856457
0.0167882 -0.0443725 -0.856449
0.0178502 -0.0443725 -0.856453
0.0189123 -0.0443725 -0.856456
0.0167882 -0.0454346 -0.856449
0.0178502 -0.0454346 -0.856452
0.0189123 -0.0454346 -0.856456
0.0167882 -0.0464967 -0.856448
0.0178502 -0.0464967 -0.856452
0.0189123 -0.0464967 -0.856455
0.0167882 -0.0475587 -0.856447
0.0178502 -0.0475587 -0.856451
0.0189123 -0.0475587 -0.856455
0.0167882 -0.0486208 -0.856447
0.0178502 -0.0486208 -0.856451
0.0189123 -0.0486208 -0.856454
0.0167882 -0.0496829 -0.856446
0.0178502 -0.0496829 -0.85645
0.0189123 -0.0496829 -0.856454
0.0167882 -0.050745 -0.856446
0.0178502 -0.050745 -0.856449
0.0189123 -0.050745 -0.856453
0.0167882 -0.051807 -0.856445
0.0178502 -0.051807 -0.856449
0.0189123 -0.051807 -0.856453
0.0167882 -0.0528691 -0.856445
0.0178502 -0.0528691 -0.856448
0.0189123 -0.0528691 -0.856452
0.0167882 -0.0539312 -0.856444
0.0178502 -0.0539312 -0.856448
0.0189123 -0.0539312 -0.856451
0.0167882 -0.0549933 -0.856444
0.0178502 -0.0549933 -0.856447
0.0189123 -0.0549933 -0.856451
0.0167882 -0.0560553 -0.856443
0.0178502 -0.0560553 -0.856447
0.0189123 -0.0560553 -0.85645
0.0167882 -0.0571174 -0.856442
0.0178502 -0.0571174 -0.856446
0.0189123 -0.0571174 -0.85645
0.0167882 -0.0581795 -0.856442
0.0178502 -0.0581795 -0.856446
0.0189123 -0.0581795 -0.856449
0.0167882 -0.0592416 -0.856441
0.0178502 -0.0592416 -0.856445
0.0189123 -0.0592416 -0.856449
0.0167882 -0.0603036 -0.856441
0.0178502 -0.0603036 -0.856444
0.0189123 -0.0603036 -0.856448
0.0167882 -0.0613657 -0.85644
0.0178502 -0.0613657 -0.856444
0.0189123 -0.0613657 -0.856448
0.0167882 -0.0624278 -0.85644
0.0178502 -0.0624278 -0.856443
0.0189123 -0.0624278 -0.856447
0.0167882 -0.0634899 -0.856439
0.0178502 -0.0634899 -0.856443
0.0189123 -0.0634899 -0.856446
0.0167882 -0.0645519 -0.856439
0.0178502 -0.0645519 -0.856442
0.0189123 -0.0645519 -0.856446
0.0167882 -0.065614 -0.856438
0.0178502 -0.065614 -0.856442
0.0189123 -0.065614 -0.856445
0.0167882 -0.0666761 -0.856437
0.0178502 -0.0666761 -0.856441
0.0189123 -0.0666761 -0.856445
