0.00479348 -0.0445282 -0.662296
0.00413617 -0.0445282 -0.662295
0.00347887 -0.0445282 -0.662293
0.00479348 -0.0438709 -0.662296
0.00413617 -0.0438709 -0.662294
0.00347887 -0.0438709 -0.662293
0.00479348 -0.0432136 -0.662295
0.00413617 -0.0432136 -0.662294
0.00347887 -0.0432136 -0.662293
0.00479348 -0.0425563 -0.662295
0.00413617 -0.0425563 -0.662293
0.00347887 -0.0425563 -0.662292
0.00479348 -0.041899 -0.662294
0.00413617 -0.041899 -0.662293
0.00347887 -0.041899 -0.662292
0.00479348 -0.0412417 -0.662294
0.00413617 -0.0412417 -0.662293
0.00347887 -0.0412417 -0.662291
0.00479348 -0.0405844 -0.662294
0.00413617 -0.0405844 -0.662292
0.00347887 -0.0405844 -0.662291
0.00479348 -0.0399271 -0.662293
0.00413617 -0.0399271 -0.662292
0.00347887 -0.0399271 -0.66229
0.00479348 -0.0392698 -0.662293
0.00413617 -0.0392698 -0.662291
0.00347887 -0.0392698 -0.66229
0.00479348 -0.0386125 -0.662292
0.00413617 -0.0386125 -0.662291
0.00347887 -0.0386125 -0.66229
0.00479348 -0.0379552 -0.662292
0.00413617 -0.0379552 -0.66229
0.00347887 -0.0379552 -0.662289
0.00479348 -0.0372979 -0.662291
0.00413617 -0.0372979 -0.66229
0.00347887 -0.0372979 -0.662289
0.00479348 -0.0366406 -0.662291
0.00413617 -0.0366406 -0.66229
0.00347887 -0.0366406 -0.662288
0.00479348 -0.0359833 -0.662291
0.00413617 -0.0359833 -0.662289
0.00347887 -0.0359833 -0.662288
0.00479348 -0.0353259 -0.66229
0.00413617 -0.0353259 -0.662289
0.00347887 -0.0353259 -0.662287
0.00479348 -0.0346686 -0.66229
0.00413617 -0.0346686 -0.662288
0.00347887 -0.0346686 -0.662287
0.00479348 -0.0340113 -0.662289
0.00413617 -0.0340113 -0.662288
0.00347887 -0.0340113 -0.662287
0.00479348 -0.033354 -0.662289
0.00413617 -0.033354 -0.662287
0.00347887 -0.033354 -0.662286
0.00479348 -0.0326967 -0.662288
0.00413617 -0.0326967 -0.662287
0.00347887 -0.0326967 -0.662286
0.00479348 -0.0320394 -0.662288
0.00413617 -0.0320394 -0.662287
0.00347887 -0.0320394 -0.662285
0.00479348 -0.0313821 -0.662288
0.00413617 -0.0313821 -0.662286
0.00347887 -0.0313821 -0.662285
0.00479348 -0.0307248 -0.662287
0.00413617 -0.0307248 -0.662286
0.00347887 -0.0307248 -0.662284
0.00479348 -0.0300675 -0.662287
0.00413617 -0.0300675 -0.662285
0.00347887 -0.0300675 -0.662284
0.00479348 -0.0294102 -0.662286
0.00413617 -0.0294102 -0.662285
0.00347887 -0.0294102 -0.662283
0.00479348 -0.0287529 -0.662286
0.00413617 -0.0287529 -0.662284
0.00347887 -0.0287529 -0.662283
0.00479348 -0.0280956 -0.662285
0.00413617 -0.0280956 -0.662284
0.00347887 -0.0280956 -0.662283
0.00479348 -0.0274383 -0.662285
0.00413617 -0.0274383 -0.662284
0.00347887 -0.0274383 -0.662282
0.00479348 -0.026781 -0.662285
0.00413617 -0.026781 -0.662283
0.00347887 -0.026781 -0.662282
0.00479348 -0.0261237 -0.662284
0.00413617 -0.0261237 -0.662283
0.00347887 -0.0261237 -0.662281
0.00479348 -0.0254664 -0.662284
0.00413617 -0.0254664 -0.662282
0.00347887 -0.0254664 -0.662281
0.00479348 -0.0248091 -0.662283
0.00413617 -0.0248091 -0.662282
0.00347887 -0.0248091 -0.66228
0.00479348 -0.0241518 -0.662283
0.00413617 -0.0241518 -0.662281
0.00347887 -0.0241518 -0.66228
0.00479348 -0.0234945 -0.662282
0.00413617 -0.0234945 -0.662281
0.00347887 -0.0234945 -0.66228
0.00479348 -0.0228371 -0.662282
0.00413617 -0.0228371 -0.662281
0.00347887 -0.0228371 -0.662279
0.00479348 -0.0221798 -0.662282
0.00413617 -0.0221798 -0.66228
0.00347887 -0.0221798 -0.662279
0.00479348 -0.0215225 -0.662281
0.00413617 -0.0215225 -0.66228
0.00347887 -0.0215225 -0.662278
0.00479348 -0.0208652 -0.662281
0.00413617 -0.0208652 -0.662279
0.00347887 -0.0208652 -0.662278
0.00479348 -0.0202079 -0.66228
0.00413617 -0.0202079 -0.662279
0.00347887 -0.0202079 -0.662277
0.00479348 -0.0195506 -0.66228
0.00413617 -0.0195506 -0.662278
0.00347887 -0.0195506 -0.662277
0.00479348 -0.0188933 -0.662279
0.00413617 -0.0188933 -0.662278
0.00347887 -0.0188933 -0.662277
0.00479348 -0.018236 -0.662279
0.00413617 -0.018236 -0.662278
0.00347887 -0.018236 -0.662276
0.00479348 -0.0175787 -0.662279
0.00413617 -0.0175787 -0.662277
0.00347887 -0.0175787 -0.662276
0.00479348 -0.0169214 -0.662278
0.00413617 -0.0169214 -0.662277
0.00347887 -0.0169214 -0.662275
0.00479348 -0.0162641 -0.662278
0.00413617 -0.0162641 -0.662276
0.00347887 -0.0162641 -0.662275
0.00479348 -0.0156068 -0.662277
0.00413617 -0.0156068 -0.662276
0.00347887 -0.0156068 -0.662274
0.00479348 -0.0149495 -0.662277
0.00413617 -0.0149495 -0.662275
0.00347887 -0.0149495 -0.662274
0.00479348 -0.0142922 -0.662276
0.00413617 -0.0142922 -0.662275
0.00347887 -0.0142922 -0.662274
0.00479348 -0.0136349 -0.662276
0.00413617 -0.0136349 -0.662275
0.00347887 -0.0136349 -0.662273
0.00479348 -0.0129776 -0.662276
0.00413617 -0.0129776 -0.662274
0.00347887 -0.0129776 -0.662273
0.00479348 -0.0123203 -0.662275
0.00413617 -0.0123203 -0.662274
0.00347887 -0.0123203 -0.662272
0.00479348 -0.011663 -0.662275
0.00413617 -0.011663 -0.662273
0.00347887 -0.011663 -0.662272
0.00479348 -0.0110057 -0.662274
0.00413617 -0.0110057 -0.662273
0.00347887 -0.0110057 -0.662271
0.00479348 -0.0103483 -0.662274
0.00413617 -0.0103483 -0.662272
0.00347887 -0.0103483 -0.662271
0.00479348 -0.00969104 -0.662273
0.00413617 -0.00969104 -0.662272
0.00347887 -0.00969104 -0.662271
0.00479348 -0.00903374 -0.662273
0.00413617 -0.00903374 -0.662272
0.00347887 -0.00903374 -0.66227
0.00479348 -0.00837643 -0.662273
0.00413617 -0.00837643 -0.662271
0.00347887 -0.00837643 -0.66227
0.00479348 -0.00771913 -0.662272
0.00413617 -0.00771913 -0.662271
0.00347887 -0.00771913 -0.662269
0.00479348 -0.00706182 -0.662272
0.00413617 -0.00706182 -0.66227
0.00347887 -0.00706182 -0.662269
0.00479348 -0.00640451 -0.662271
0.00413617 -0.00640451 -0.66227
0.00347887 -0.00640451 -0.662268
0.00479348 -0.00574721 -0.662271
0.00413617 -0.00574721 -0.662269
0.00347887 -0.00574721 -0.662268
0.00479348 -0.0050899 -0.66227
0.00413617 -0.0050899 -0.662269
0.00347887 -0.0050899 -0.662268
0.00479348 -0.0044326 -0.66227
0.00413617 -0.0044326 -0.662269
0.00347887 -0.0044326 -0.662267
0.00479348 -0.00377529 -0.66227
0.00413617 -0.00377529 -0.662268
0.00347887 -0.00377529 -0.662267
0.00479348 -0.00311799 -0.662269
0.00413617 -0.00311799 -0.662268
0.00347887 -0.00311799 -0.662266
0.00479348 -0.00246068 -0.662269
0.00413617 -0.00246068 -0.662267
0.00347887 -0.00246068 -0.662266
0.00479348 -0.00180338 -0.662268
0.00413617 -0.00180338 -0.662267
0.00347887 -0.00180338 -0.662265
0.00479348 -0.00114607 -0.662268
0.00413617 -0.00114607 -0.662266
0.00347887 -0.00114607 -0.662265
0.00479348 -0.000488767 -0.662267
0.00413617 -0.000488767 -0.662266
0.00347887 -0.000488767 -0.662265
0.00479348 0.000168539 -0.662267
0.00413617 0.000168539 -0.662266
0.00347887 0.000168539 -0.662264
0.00479348 0.000825844 -0.662266
0.00413617 0.000825844 -0.662265
0.00347887 0.000825844 -0.662264
0.00479348 0.00148315 -0.662266
0.00413617 0.00148315 -0.662265
0.00347887 0.00148315 -0.662263
0.00479348 0.00214045 -0.662266
0.00413617 0.00214045 -0.662264
0.00347887 0.00214045 -0.662263
0.00479348 0.00279776 -0.662265
0.00413617 0.00279776 -0.662264
0.00347887 0.00279776 -0.662262
0.00479348 0.00345507 -0.662265
0.00413617 0.00345507 -0.662263
0.00347887 0.00345507 -0.662262
0.00479348 0.00411237 -0.662264
0.00413617 0.00411237 -0.662263
0.00347887 0.00411237 -0.662262
0.00479348 0.00476968 -0.662264
0.00413617 0.00476968 -0.662262
0.00347887 0.00476968 -0.662261
0.00479348 0.00542698 -0.662264
0.00413617 0.00542698 -0.662262
0.00347887 0.00542698 -0.662261
0.00479348 0.00608429 -0.662263
0.00413617 0.00608429 -0.662262
0.00347887 0.00608429 -0.66226
0.00479348 0.00674159 -0.662263
0.00413617 0.00674159 -0.662261
0.00347887 0.00674159 -0.66226
0.00479348 0.0073989 -0.662262
0.00413617 0.0073989 -0.662261
0.00347887 0.0073989 -0.662259
0.00479348 0.0080562 -0.662262
0.00413617 0.0080562 -0.66226
0.00347887 0.0080562 -0.662259
0.00479348 0.00871351 -0.662261
0.00413617 0.00871351 -0.66226
0.00347887 0.00871351 -0.662259
0.00479348 0.00937081 -0.662261
0.00413617 0.00937081 -0.66226
0.00347887 0.00937081 -0.662258
0.00479348 0.0100281 -0.66226
0.00413617 0.0100281 -0.662259
0.00347887 0.0100281 -0.662258
0.00479348 0.0106854 -0.66226
0.00413617 0.0106854 -0.662259
0.00347887 0.0106854 -0.662257
0.00479348 0.0113427 -0.66226
0.00413617 0.0113427 -0.662258
0.00347887 0.0113427 -0.662257
0.00479348 0.012 -0.662259
0.00413617 0.012 -0.662258
0.00347887 0.012 -0.662256
0.00479348 0.0126573 -0.662259
0.00413617 0.0126573 -0.662257
0.00347887 0.0126573 -0.662256
0.00479348 0.0133146 -0.662258
0.00413617 0.0133146 -0.662257
0.00347887 0.0133146 -0.662256
0.00479348 0.013972 -0.662258
0.00413617 0.013972 -0.662256
0.00347887 0.013972 -0.662255
0.00479348 0.0146293 -0.662257
0.00413617 0.0146293 -0.662256
0.00347887 0.0146293 -0.662255
0.00479348 0.0152866 -0.662257
0.00413617 0.0152866 -0.662256
0.00347887 0.0152866 -0.662254
0.00479348 0.0159439 -0.662257
0.00413617 0.0159439 -0.662255
0.00347887 0.0159439 -0.662254
0.00479348 0.0166012 -0.662256
0.00413617 0.0166012 -0.662255
0.00347887 0.0166012 -0.662253
0.00479348 0.0172585 -0.662256
0.00413617 0.0172585 -0.662254
0.00347887 0.0172585 -0.662253
0.00479348 0.0179158 -0.662255
0.00413617 0.0179158 -0.662254
0.00347887 0.0179158 -0.662253
0.00479348 0.0185731 -0.662255
0.00413617 0.0185731 -0.662253
0.00347887 0.0185731 -0.662252
0.00479348 0.0192304 -0.662254
0.00413617 0.0192304 -0.662253
0.00347887 0.0192304 -0.662252
0.00479348 0.0198877 -0.662254
0.00413617 0.0198877 -0.662253
0.00347887 0.0198877 -0.662251
0.00479348 0.020545 -0.662254
0.00413617 0.020545 -0.662252
0.00347887 0.020545 -0.662251
0.00479348 0.0212023 -0.662253
0.00413617 0.0212023 -0.662252
0.00347887 0.0212023 -0.66225
0.00479348 0.0218596 -0.662253
0.00413617 0.0218596 -0.662251
0.00347887 0.0218596 -0.66225
0.00479348 0.0225169 -0.662252
0.00413617 0.0225169 -0.662251
0.00347887 0.0225169 -0.66225
0.00479348 0.0231742 -0.662252
0.00413617 0.0231742 -0.66225
0.00347887 0.0231742 -0.662249
0.00479348 0.0238315 -0.662251
0.00413617 0.0238315 -0.66225
0.00347887 0.0238315 -0.662249
0.00479348 0.0244888 -0.662251
0.00413617 0.0244888 -0.66225
0.00347887 0.0244888 -0.662248
0.00479348 0.0251461 -0.662251
0.00413617 0.0251461 -0.662249
0.00347887 0.0251461 -0.662248
0.00479348 0.0258034 -0.66225
0.00413617 0.0258034 -0.662249
0.00347887 0.0258034 -0.662247
0.00479348 0.0264608 -0.66225
0.00413617 0.0264608 -0.662248
0.00347887 0.0264608 -0.662247
0.00479348 0.0271181 -0.662249
0.00413617 0.0271181 -0.662248
0.00347887 0.0271181 -0.662247
0.00479348 0.0277754 -0.662249
0.00413617 0.0277754 -0.662247
0.00347887 0.0277754 -0.662246
