-0.00386661 -0.0549412 -0.608879
-0.00390068 -0.0549412 -0.608878
-0.00393474 -0.0549412 -0.608877
-0.00386661 -0.0549071 -0.608879
-0.00390068 -0.0549071 -0.608878
-0.00393474 -0.0549071 -0.608877
-0.00386661 -0.0548731 -0.608879
-0.00390068 -0.0548731 -0.608878
-0.00393474 -0.0548731 -0.608877
-0.00386661 -0.054839 -0.60888
-0.00390068 -0.054839 -0.608878
-0.00393474 -0.054839 -0.608877
-0.00386661 -0.0548049 -0.60888
-0.00390068 -0.0548049 -0.608878
-0.00393474 -0.0548049 -0.608877
-0.00386661 -0.0547709 -0.60888
-0.00390068 -0.0547709 -0.608878
-0.00393474 -0.0547709 -0.608877
-0.00386661 -0.0547368 -0.60888
-0.00390068 -0.0547368 -0.608878
-0.00393474 -0.0547368 -0.608877
-0.00386661 -0.0547027 -0.60888
-0.00390068 -0.0547027 -0.608879
-0.00393474 -0.0547027 -0.608877
-0.00386661 -0.0546687 -0.60888
-0.00390068 -0.0546687 -0.608879
-0.00393474 -0.0546687 -0.608877
-0.00386661 -0.0546346 -0.60888
-0.00390068 -0.0546346 -0.608879
-0.00393474 -0.0546346 -0.608877
-0.00386661 -0.0546005 -0.60888
-0.00390068 -0.0546005 -0.608879
-0.00393474 -0.0546005 -0.608878
-0.00386661 -0.0545665 -0.60888
-0.00390068 -0.0545665 -0.608879
-0.00393474 -0.0545665 -0.608878
-0.00386661 -0.0545324 -0.60888
-0.00390068 -0.0545324 -0.608879
-0.00393474 -0.0545324 -0.608878
-0.00386661 -0.0544983 -0.608881
-0.00390068 -0.0544983 -0.608879
-0.00393474 -0.0544983 -0.608878
-0.00386661 -0.0544643 -0.608881
-0.00390068 -0.0544643 -0.608879
-0.00393474 -0.0544643 -0.608878
-0.00386661 -0.0544302 -0.608881
-0.00390068 -0.0544302 -0.608879
-0.00393474 -0.0544302 -0.608878
-0.00386661 -0.0543961 -0.608881
-0.00390068 -0.0543961 -0.60888
-0.00393474 -0.0543961 -0.608878
-0.00386661 -0.0543621 -0.608881
-0.00390068 -0.0543621 -0.60888
-0.00393474 -0.0543621 -0.608878
-0.00386661 -0.054328 -0.608881
-0.00390068 -0.054328 -0.60888
-0.00393474 -0.054328 -0.608878
-0.00386661 -0.054294 -0.608881
-0.00390068 -0.054294 -0.60888
-0.00393474 -0.054294 -0.608878
-0.00386661 -0.0542599 -0.608881
-0.00390068 -0.0542599 -0.60888
-0.00393474 -0.0542599 -0.608878
-0.00386661 -0.0542258 -0.608881
-0.00390068 -0.0542258 -0.60888
-0.00393474 -0.0542258 -0.608879
-0.00386661 -0.0541918 -0.608881
-0.00390068 -0.0541918 -0.60888
-0.00393474 -0.0541918 -0.608879
-0.00386661 -0.0541577 -0.608882
-0.00390068 -0.0541577 -0.60888
-0.00393474 -0.0541577 -0.608879
-0.00386661 -0.0541236 -0.608882
-0.00390068 -0.0541236 -0.60888
-0.00393474 -0.0541236 -0.608879
-0.00386661 -0.0540896 -0.608882
-0.00390068 -0.0540896 -0.60888
-0.00393474 -0.0540896 -0.608879
-0.00386661 -0.0540555 -0.608882
-0.00390068 -0.0540555 -0.60888
-0.00393474 -0.0540555 -0.608879
-0.00386661 -0.0540214 -0.608882
-0.00390068 -0.0540214 -0.608881
-0.00393474 -0.0540214 -0.608879
-0.00386661 -0.0539874 -0.608882
-0.00390068 -0.0539874 -0.608881
-0.00393474 -0.0539874 -0.608879
-0.00386661 -0.0539533 -0.608882
-0.00390068 -0.0539533 -0.608881
-0.00393474 -0.0539533 -0.608879
-0.00386661 -0.0539192 -0.608882
-0.00390068 -0.0539192 -0.608881
-0.00393474 -0.0539192 -0.60888
-0.00386661 -0.0538852 -0.608882
-0.00390068 -0.0538852 -0.608881
-0.00393474 -0.0538852 -0.60888
-0.00386661 -0.0538511 -0.608882
-0.00390068 -0.0538511 -0.608881
-0.00393474 -0.0538511 -0.60888
-0.00386661 -0.053817 -0.608883
-0.00390068 -0.053817 -0.608881
-0.00393474 -0.053817 -0.60888
-0.00386661 -0.053783 -0.608883
-0.00390068 -0.053783 -0.608881
-0.00393474 -0.053783 -0.60888
-0.00386661 -0.0537489 -0.608883
-0.00390068 -0.0537489 -0.608881
-0.00393474 -0.0537489 -0.60888
-0.00386661 -0.0537148 -0.608883
-0.00390068 -0.0537148 -0.608881
-0.00393474 -0.0537148 -0.60888
-0.00386661 -0.0536808 -0.608883
-0.00390068 -0.0536808 -0.608882
-0.00393474 -0.0536808 -0.60888
-0.00386661 -0.0536467 -0.608883
-0.00390068 -0.0536467 -0.608882
-0.00393474 -0.0536467 -0.60888
-0.00386661 -0.0536126 -0.608883
-0.00390068 -0.0536126 -0.608882
-0.00393474 -0.0536126 -0.60888
-0.00386661 -0.0535786 -0.608883
-0.00390068 -0.0535786 -0.608882
-0.00393474 -0.0535786 -0.608881
-0.00386661 -0.0535445 -0.608883
-0.00390068 -0.0535445 -0.608882
-0.00393474 -0.0535445 -0.608881
-0.00386661 -0.0535104 -0.608883
-0.00390068 -0.0535104 -0.608882
-0.00393474 -0.0535104 -0.608881
-0.00386661 -0.0534764 -0.608884
-0.00390068 -0.0534764 -0.608882
-0.00393474 -0.0534764 -0.608881
-0.00386661 -0.0534423 -0.608884
-0.00390068 -0.0534423 -0.608882
-0.00393474 -0.0534423 -0.608881
-0.00386661 -0.0534083 -0.608884
-0.00390068 -0.0534083 -0.608882
-0.00393474 -0.0534083 -0.608881
-0.00386661 -0.0533742 -0.608884
-0.00390068 -0.0533742 -0.608882
-0.00393474 -0.0533742 -0.608881
-0.00386661 -0.0533401 -0.608884
-0.00390068 -0.0533401 -0.608883
-0.00393474 -0.0533401 -0.608881
-0.00386661 -0.0533061 -0.608884
-0.00390068 -0.0533061 -0.608883
-0.00393474 -0.0533061 -0.608881
-0.00386661 -0.053272 -0.608884
-0.00390068 -0.053272 -0.608883
-0.00393474 -0.053272 -0.608881
-0.00386661 -0.0532379 -0.608884
-0.00390068 -0.0532379 -0.608883
-0.00393474 -0.0532379 -0.608882
-0.00386661 -0.0532039 -0.608884
-0.00390068 -0.0532039 -0.608883
-0.00393474 -0.0532039 -0.608882
-0.00386661 -0.0531698 -0.608884
-0.00390068 -0.0531698 -0.608883
-0.00393474 -0.0531698 -0.608882
-0.00386661 -0.0531357 -0.608885
-0.00390068 -0.0531357 -0.608883
-0.00393474 -0.0531357 -0.608882
-0.00386661 -0.0531017 -0.608885
-0.00390068 -0.0531017 -0.608883
-0.00393474 -0.0531017 -0.608882
-0.00386661 -0.0530676 -0.608885
-0.00390068 -0.0530676 -0.608883
-0.00393474 -0.0530676 -0.608882
-0.00386661 -0.0530335 -0.608885
-0.00390068 -0.0530335 -0.608884
-0.00393474 -0.0530335 -0.608882
-0.00386661 -0.0529995 -0.608885
-0.00390068 -0.0529995 -0.608884
-0.00393474 -0.0529995 -0.608882
-0.00386661 -0.0529654 -0.608885
-0.00390068 -0.0529654 -0.608884
-0.00393474 -0.0529654 -0.608882
-0.00386661 -0.0529313 -0.608885
-0.00390068 -0.0529313 -0.608884
-0.00393474 -0.0529313 -0.608882
-0.00386661 -0.0528973 -0.608885
-0.00390068 -0.0528973 -0.608884
-0.00393474 -0.0528973 -0.608883
-0.00386661 -0.0528632 -0.608885
-0.00390068 -0.0528632 -0.608884
-0.00393474 -0.0528632 -0.608883
-0.00386661 -0.0528291 -0.608885
-0.00390068 -0.0528291 -0.608884
-0.00393474 -0.0528291 -0.608883
-0.00386661 -0.0527951 -0.608886
-0.00390068 -0.0527951 -0.608884
-0.00393474 -0.0527951 -0.608883
-0.00386661 -0.052761 -0.608886
-0.00390068 -0.052761 -0.608884
-0.00393474 -0.052761 -0.608883
-0.00386661 -0.0527269 -0.608886
-0.00390068 -0.0527269 -0.608884
-0.00393474 -0.0527269 -0.608883
-0.00386661 -0.0526929 -0.608886
-0.00390068 -0.0526929 -0.608885
-0.00393474 -0.0526929 -0.608883
-0.00386661 -0.0526588 -0.608886
-0.00390068 -0.0526588 -0.608885
-0.00393474 -0.0526588 -0.608883
-0.00386661 -0.0526247 -0.608886
-0.00390068 -0.0526247 -0.608885
-0.00393474 -0.0526247 -0.608883
-0.00386661 -0.0525907 -0.608886
-0.00390068 -0.0525907 -0.608885
-0.00393474 -0.0525907 -0.608883
-0.00386661 -0.0525566 -0.608886
-0.00390068 -0.0525566 -0.608885
-0.00393474 -0.0525566 -0.608884
-0.00386661 -0.0525225 -0.608886
-0.00390068 -0.0525225 -0.608885
-0.00393474 -0.0525225 -0.608884
-0.00386661 -0.0524885 -0.608886
-0.00390068 -0.0524885 -0.608885
-0.00393474 -0.0524885 -0.608884
-0.00386661 -0.0524544 -0.608887
-0.00390068 -0.0524544 -0.608885
-0.00393474 -0.0524544 -0.608884
-0.00386661 -0.0524204 -0.608887
-0.00390068 -0.0524204 -0.608885
-0.00393474 -0.0524204 -0.608884
-0.00386661 -0.0523863 -0.608887
-0.00390068 -0.0523863 -0.608885
-0.00393474 -0.0523863 -0.608884
-0.00386661 -0.0523522 -0.608887
-0.00390068 -0.0523522 -0.608886
-0.00393474 -0.0523522 -0.608884
-0.00386661 -0.0523182 -0.608887
-0.00390068 -0.0523182 -0.608886
-0.00393474 -0.0523182 -0.608884
-0.00386661 -0.0522841 -0.608887
-0.00390068 -0.0522841 -0.608886
-0.00393474 -0.0522841 -0.608884
-0.00386661 -0.05225 -0.608887
-0.00390068 -0.05225 -0.608886
-0.00393474 -0.05225 -0.608884
-0.00386661 -0.052216 -0.608887
-0.00390068 -0.052216 -0.608886
-0.00393474 -0.052216 -0.608885
-0.00386661 -0.0521819 -0.608887
-0.00390068 -0.0521819 -0.608886
-0.00393474 -0.0521819 -0.608885
-0.00386661 -0.0521478 -0.608887
-0.00390068 -0.0521478 -0.608886
-0.00393474 -0.0521478 -0.608885
-0.00386661 -0.0521138 -0.608888
-0.00390068 -0.0521138 -0.608886
-0.00393474 -0.0521138 -0.608885
-0.00386661 -0.0520797 -0.608888
-0.00390068 -0.0520797 -0.608886
-0.00393474 -0.0520797 -0.608885
-0.00386661 -0.0520456 -0.608888
-0.00390068 -0.0520456 -0.608886
-0.00393474 -0.0520456 -0.608885
-0.00386661 -0.0520116 -0.608888
-0.00390068 -0.0520116 -0.608887
-0.00393474 -0.0520116 -0.608885
-0.00386661 -0.0519775 -0.608888
-0.00390068 -0.0519775 -0.608887
-0.00393474 -0.0519775 -0.608885
-0.00386661 -0.0519434 -0.608888
-0.00390068 -0.0519434 -0.608887
-0.00393474 -0.0519434 -0.608885
-0.00386661 -0.0519094 -0.608888
-0.00390068 -0.0519094 -0.608887
-0.00393474 -0.0519094 -0.608885
-0.00386661 -0.0518753 -0.608888
-0.00390068 -0.0518753 -0.608887
-0.00393474 -0.0518753 -0.608886
-0.00386661 -0.0518412 -0.608888
-0.00390068 -0.0518412 -0.608887
-0.00393474 -0.0518412 -0.608886
-0.00386661 -0.0518072 -0.608889
-0.00390068 -0.0518072 -0.608887
-0.00393474 -0.0518072 -0.608886
-0.00386661 -0.0517731 -0.608889
-0.00390068 -0.0517731 -0.608887
-0.00393474 -0.0517731 -0.608886
-0.00386661 -0.051739 -0.608889
-0.00390068 -0.051739 -0.608887
-0.00393474 -0.051739 -0.608886
-0.00386661 -0.051705 -0.608889
-0.00390068 -0.051705 -0.608887
-0.00393474 -0.051705 -0.608886
-0.00386661 -0.0516709 -0.608889
-0.00390068 -0.0516709 -0.608888
-0.00393474 -0.0516709 -0.608886
-0.00386661 -0.0516368 -0.608889
-0.00390068 -0.0516368 -0.608888
-0.00393474 -0.0516368 -0.608886
-0.00386661 -0.0516028 -0.608889
-0.00390068 -0.0516028 -0.608888
-0.00393474 -0.0516028 -0.608886
-0.00386661 -0.0515687 -0.608889
-0.00390068 -0.0515687 -0.608888
-0.00393474 -0.0515687 -0.608886
-0.00386661 -0.0515347 -0.608889
-0.00390068 -0.0515347 -0.608888
-0.00393474 -0.0515347 -0.608887
-0.00386661 -0.0515006 -0.608889
-0.00390068 -0.0515006 -0.608888
-0.00393474 -0.0515006 -0.608887
-0.00386661 -0.0514665 -0.60889
-0.00390068 -0.0514665 -0.608888
-0.00393474 -0.0514665 -0.608887
-0.00386661 -0.0514325 -0.60889
-0.00390068 -0.0514325 -0.608888
-0.00393474 -0.0514325 -0.608887
-0.00386661 -0.0513984 -0.60889
-0.00390068 -0.0513984 -0.608888
-0.00393474 -0.0513984 -0.608887
-0.00386661 -0.0513643 -0.60889
-0.00390068 -0.0513643 -0.608888
-0.00393474 -0.0513643 -0.608887
-0.00386661 -0.0513303 -0.60889
-0.00390068 -0.0513303 -0.608889
-0.00393474 -0.0513303 -0.608887
-0.00386661 -0.0512962 -0.60889
-0.00390068 -0.0512962 -0.608889
-0.00393474 -0.0512962 -0.608887
-0.00386661 -0.0512621 -0.60889
-0.00390068 -0.0512621 -0.608889
-0.00393474 -0.0512621 -0.608887
-0.00386661 -0.0512281 -0.60889
-0.00390068 -0.0512281 -0.608889
-0.00393474 -0.0512281 -0.608887
-0.00386661 -0.051194 -0.60889
-0.00390068 -0.051194 -0.608889
-0.00393474 -0.051194 -0.608888
