-0.00616134 0.00329577 -0.587015
-0.00616639 0.00329577 -0.587011
-0.00617143 0.00329577 -0.587007
-0.00616134 0.00330082 -0.587016
-0.00616639 0.00330082 -0.587011
-0.00617143 0.00330082 -0.587007
-0.00616134 0.00330587 -0.587016
-0.00616639 0.00330587 -0.587012
-0.00617143 0.00330587 -0.587007
-0.00616134 0.00331091 -0.587016
-0.00616639 0.00331091 -0.587012
-0.00617143 0.00331091 -0.587008
-0.00616134 0.00331596 -0.587016
-0.00616639 0.00331596 -0.587012
-0.00617143 0.00331596 -0.587008
-0.00616134 0.00332101 -0.587016
-0.00616639 0.00332101 -0.587012
-0.00617143 0.00332101 -0.587008
-0.00616134 0.00332605 -0.587016
-0.00616639 0.00332605 -0.587012
-0.00617143 0.00332605 -0.587008
-0.00616134 0.0033311 -0.587017
-0.00616639 0.0033311 -0.587012
-0.00617143 0.0033311 -0.587008
-0.00616134 0.00333615 -0.587017
-0.00616639 0.00333615 -0.587013
-0.00617143 0.00333615 -0.587008
-0.00616134 0.0033412 -0.587017
-0.00616639 0.0033412 -0.587013
-0.00617143 0.0033412 -0.587009
-0.00616134 0.00334624 -0.587017
-0.00616639 0.00334624 -0.587013
-0.00617143 0.00334624 -0.587009
-0.00616134 0.00335129 -0.587017
-0.00616639 0.00335129 -0.587013
-0.00617143 0.00335129 -0.587009
-0.00616134 0.00335634 -0.587017
-0.00616639 0.00335634 -0.587013
-0.00617143 0.00335634 -0.587009
-0.00616134 0.00336138 -0.587018
-0.00616639 0.00336138 -0.587013
-0.00617143 0.00336138 -0.587009
-0.00616134 0.00336643 -0.587018
-0.00616639 0.00336643 -0.587014
-0.00617143 0.00336643 -0.587009
-0.00616134 0.00337148 -0.587018
-0.00616639 0.00337148 -0.587014
-0.00617143 0.00337148 -0.58701
-0.00616134 0.00337652 -0.587018
-0.00616639 0.00337652 -0.587014
-0.00617143 0.00337652 -0.58701
-0.00616134 0.00338157 -0.587018
-0.00616639 0.00338157 -0.587014
-0.00617143 0.00338157 -0.58701
-0.00616134 0.00338662 -0.587018
-0.00616639 0.00338662 -0.587014
-0.00617143 0.00338662 -0.58701
-0.00616134 0.00339166 -0.587019
-0.00616639 0.00339166 -0.587014
-0.00617143 0.00339166 -0.58701
-0.00616134 0.00339671 -0.587019
-0.00616639 0.00339671 -0.587015
-0.00617143 0.00339671 -0.587011
-0.00616134 0.00340176 -0.587019
-0.00616639 0.00340176 -0.587015
-0.00617143 0.00340176 -0.587011
-0.00616134 0.0034068 -0.587019
-0.00616639 0.0034068 -0.587015
-0.00617143 0.0034068 -0.587011
-0.00616134 0.00341185 -0.587019
-0.00616639 0.00341185 -0.587015
-0.00617143 0.00341185 -0.587011
-0.00616134 0.0034169 -0.58702
-0.00616639 0.0034169 -0.587015
-0.00617143 0.0034169 -0.587011
-0.00616134 0.00342195 -0.58702
-0.00616639 0.00342195 -0.587016
-0.00617143 0.00342195 -0.587011
-0.00616134 0.00342699 -0.58702
-0.00616639 0.00342699 -0.587016
-0.00617143 0.00342699 -0.587012
-0.00616134 0.00343204 -0.58702
-0.00616639 0.00343204 -0.587016
-0.00617143 0.00343204 -0.587012
-0.00616134 0.00343709 -0.58702
-0.00616639 0.00343709 -0.587016
-0.00617143 0.00343709 -0.587012
-0.00616134 0.00344213 -0.58702
-0.00616639 0.00344213 -0.587016
-0.00617143 0.00344213 -0.587012
-0.00616134 0.00344718 -0.587021
-0.00616639 0.00344718 -0.587016
-0.00617143 0.00344718 -0.587012
-0.00616134 0.00345223 -0.587021
-0.00616639 0.00345223 -0.587017
-0.00617143 0.00345223 -0.587012
-0.00616134 0.00345727 -0.587021
-0.00616639 0.00345727 -0.587017
-0.00617143 0.00345727 -0.587013
-0.00616134 0.00346232 -0.587021
-0.00616639 0.00346232 -0.587017
-0.00617143 0.00346232 -0.587013
-0.00616134 0.00346737 -0.587021
-0.00616639 0.00346737 -0.587017
-0.00617143 0.00346737 -0.587013
-0.00616134 0.00347241 -0.587021
-0.00616639 0.00347241 -0.587017
-0.00617143 0.00347241 -0.587013
-0.00616134 0.00347746 -0.587022
-0.00616639 0.00347746 -0.587017
-0.00617143 0.00347746 -0.587013
-0.00616134 0.00348251 -0.587022
-0.00616639 0.00348251 -0.587018
-0.00617143 0.00348251 -0.587013
-0.00616134 0.00348756 -0.587022
-0.00616639 0.00348756 -0.587018
-0.00617143 0.00348756 -0.587014
-0.00616134 0.0034926 -0.587022
-0.00616639 0.0034926 -0.587018
-0.00617143 0.0034926 -0.587014
-0.00616134 0.00349765 -0.587022
-0.00616639 0.00349765 -0.587018
-0.00617143 0.00349765 -0.587014
-0.00616134 0.0035027 -0.587022
-0.00616639 0.0035027 -0.587018
-0.00617143 0.0035027 -0.587014
-0.00616134 0.00350774 -0.587023
-0.00616639 0.00350774 -0.587018
-0.00617143 0.00350774 -0.587014
-0.00616134 0.00351279 -0.587023
-0.00616639 0.00351279 -0.587019
-0.00617143 0.00351279 -0.587014
-0.00616134 0.00351784 -0.587023
-0.00616639 0.00351784 -0.587019
-0.00617143 0.00351784 -0.587015
-0.00616134 0.00352288 -0.587023
-0.00616639 0.00352288 -0.587019
-0.00617143 0.00352288 -0.587015
-0.00616134 0.00352793 -0.587023
-0.00616639 0.00352793 -0.587019
-0.00617143 0.00352793 -0.587015
-0.00616134 0.00353298 -0.587023
-0.00616639 0.00353298 -0.587019
-0.00617143 0.00353298 -0.587015
-0.00616134 0.00353802 -0.587024
-0.00616639 0.00353802 -0.58702
-0.00617143 0.00353802 -0.587015
-0.00616134 0.00354307 -0.587024
-0.00616639 0.00354307 -0.58702
-0.00617143 0.00354307 -0.587016
-0.00616134 0.00354812 -0.587024
-0.00616639 0.00354812 -0.58702
-0.00617143 0.00354812 -0.587016
-0.00616134 0.00355317 -0.587024
-0.00616639 0.00355317 -0.58702
-0.00617143 0.00355317 -0.587016
-0.00616134 0.00355821 -0.587024
-0.00616639 0.00355821 -0.58702
-0.00617143 0.00355821 -0.587016
-0.00616134 0.00356326 -0.587025
-0.00616639 0.00356326 -0.58702
-0.00617143 0.00356326 -0.587016
-0.00616134 0.00356831 -0.587025
-0.00616639 0.00356831 -0.587021
-0.00617143 0.00356831 -0.587016
-0.00616134 0.00357335 -0.587025
-0.00616639 0.00357335 -0.587021
-0.00617143 0.00357335 -0.587017
-0.00616134 0.0035784 -0.587025
-0.00616639 0.0035784 -0.587021
-0.00617143 0.0035784 -0.587017
-0.00616134 0.00358345 -0.587025
-0.00616639 0.00358345 -0.587021
-0.00617143 0.00358345 -0.587017
-0.00616134 0.00358849 -0.587025
-0.00616639 0.00358849 -0.587021
-0.00617143 0.00358849 -0.587017
-0.00616134 0.00359354 -0.587026
-0.00616639 0.00359354 -0.587021
-0.00617143 0.00359354 -0.587017
-0.00616134 0.00359859 -0.587026
-0.00616639 0.00359859 -0.587022
-0.00617143 0.00359859 -0.587017
-0.00616134 0.00360363 -0.587026
-0.00616639 0.00360363 -0.587022
-0.00617143 0.00360363 -0.587018
-0.00616134 0.00360868 -0.587026
-0.00616639 0.00360868 -0.587022
-0.00617143 0.00360868 -0.587018
-0.00616134 0.00361373 -0.587026
-0.00616639 0.00361373 -0.587022
-0.00617143 0.00361373 -0.587018
-0.00616134 0.00361877 -0.587026
-0.00616639 0.00361877 -0.587022
-0.00617143 0.00361877 -0.587018
-0.00616134 0.00362382 -0.587027
-0.00616639 0.00362382 -0.587022
-0.00617143 0.00362382 -0.587018
-0.00616134 0.00362887 -0.587027
-0.00616639 0.00362887 -0.587023
-0.00617143 0.00362887 -0.587018
-0.00616134 0.00363392 -0.587027
-0.00616639 0.00363392 -0.587023
-0.00617143 0.00363392 -0.587019
-0.00616134 0.00363896 -0.587027
-0.00616639 0.00363896 -0.587023
-0.00617143 0.00363896 -0.587019
-0.00616134 0.00364401 -0.587027
-0.00616639 0.00364401 -0.587023
-0.00617143 0.00364401 -0.587019
-0.00616134 0.00364906 -0.587027
-0.00616639 0.00364906 -0.587023
-0.00617143 0.00364906 -0.587019
-0.00616134 0.0036541 -0.587028
-0.00616639 0.0036541 -0.587023
-0.00617143 0.0036541 -0.587019
-0.00616134 0.00365915 -0.587028
-0.00616639 0.00365915 -0.587024
-0.00617143 0.00365915 -0.58702
-0.00616134 0.0036642 -0.587028
-0.00616639 0.0036642 -0.587024
-0.00617143 0.0036642 -0.58702
-0.00616134 0.00366924 -0.587028
-0.00616639 0.00366924 -0.587024
-0.00617143 0.00366924 -0.58702
-0.00616134 0.00367429 -0.587028
-0.00616639 0.00367429 -0.587024
-0.00617143 0.00367429 -0.58702
-0.00616134 0.00367934 -0.587029
-0.00616639 0.00367934 -0.587024
-0.00617143 0.00367934 -0.58702
-0.00616134 0.00368438 -0.587029
-0.00616639 0.00368438 -0.587025
-0.00617143 0.00368438 -0.58702
-0.00616134 0.00368943 -0.587029
-0.00616639 0.00368943 -0.587025
-0.00617143 0.00368943 -0.587021
-0.00616134 0.00369448 -0.587029
-0.00616639 0.00369448 -0.587025
-0.00617143 0.00369448 -0.587021
-0.00616134 0.00369953 -0.587029
-0.00616639 0.00369953 -0.587025
-0.00617143 0.00369953 -0.587021
-0.00616134 0.00370457 -0.587029
-0.00616639 0.00370457 -0.587025
-0.00617143 0.00370457 -0.587021
-0.00616134 0.00370962 -0.58703
-0.00616639 0.00370962 -0.587025
-0.00617143 0.00370962 -0.587021
-0.00616134 0.00371467 -0.58703
-0.00616639 0.00371467 -0.587026
-0.00617143 0.00371467 -0.587021
-0.00616134 0.00371971 -0.58703
-0.00616639 0.00371971 -0.587026
-0.00617143 0.00371971 -0.587022
-0.00616134 0.00372476 -0.58703
-0.00616639 0.00372476 -0.587026
-0.00617143 0.00372476 -0.587022
-0.00616134 0.00372981 -0.58703
-0.00616639 0.00372981 -0.587026
-0.00617143 0.00372981 -0.587022
-0.00616134 0.00373485 -0.58703
-0.00616639 0.00373485 -0.587026
-0.00617143 0.00373485 -0.587022
-0.00616134 0.0037399 -0.587031
-0.00616639 0.0037399 -0.587026
-0.00617143 0.0037399 -0.587022
-0.00616134 0.00374495 -0.587031
-0.00616639 0.00374495 -0.587027
-0.00617143 0.00374495 -0.587022
-0.00616134 0.00374999 -0.587031
-0.00616639 0.00374999 -0.587027
-0.00617143 0.00374999 -0.587023
-0.00616134 0.00375504 -0.587031
-0.00616639 0.00375504 -0.587027
-0.00617143 0.00375504 -0.587023
-0.00616134 0.00376009 -0.587031
-0.00616639 0.00376009 -0.587027
-0.00617143 0.00376009 -0.587023
-0.00616134 0.00376513 -0.587032
-0.00616639 0.00376513 -0.587027
-0.00617143 0.00376513 -0.587023
-0.00616134 0.00377018 -0.587032
-0.00616639 0.00377018 -0.587028
-0.00617143 0.00377018 -0.587023
-0.00616134 0.00377523 -0.587032
-0.00616639 0.00377523 -0.587028
-0.00617143 0.00377523 -0.587024
-0.00616134 0.00378028 -0.587032
-0.00616639 0.00378028 -0.587028
-0.00617143 0.00378028 -0.587024
-0.00616134 0.00378532 -0.587032
-0.00616639 0.00378532 -0.587028
-0.00617143 0.00378532 -0.587024
-0.00616134 0.00379037 -0.587032
-0.00616639 0.00379037 -0.587028
-0.00617143 0.00379037 -0.587024
-0.00616134 0.00379542 -0.587033
-0.00616639 0.00379542 -0.587028
-0.00617143 0.00379542 -0.587024
-0.00616134 0.00380046 -0.587033
-0.00616639 0.00380046 -0.587029
-0.00617143 0.00380046 -0.587024
-0.00616134 0.00380551 -0.587033
-0.00616639 0.00380551 -0.587029
-0.00617143 0.00380551 -0.587025
-0.00616134 0.00381056 -0.587033
-0.00616639 0.00381056 -0.587029
-0.00617143 0.00381056 -0.587025
-0.00616134 0.0038156 -0.587033
-0.00616639 0.0038156 -0.587029
-0.00617143 0.0038156 -0.587025
-0.00616134 0.00382065 -0.587033
-0.00616639 0.00382065 -0.587029
-0.00617143 0.00382065 -0.587025
-0.00616134 0.0038257 -0.587034
-0.00616639 0.0038257 -0.587029
-0.00617143 0.0038257 -0.587025
-0.00616134 0.00383074 -0.587034
-0.00616639 0.00383074 -0.58703
-0.00617143 0.00383074 -0.587025
-0.00616134 0.00383579 -0.587034
-0.00616639 0.00383579 -0.58703
-0.00617143 0.00383579 -0.587026
-0.00616134 0.00384084 -0.587034
-0.00616639 0.00384084 -0.58703
-0.00617143 0.00384084 -0.587026
-0.00616134 0.00384589 -0.587034
-0.00616639 0.00384589 -0.58703
-0.00617143 0.00384589 -0.587026
-0.00616134 0.00385093 -0.587034
-0.00616639 0.00385093 -0.58703
-0.00617143 0.00385093 -0.587026
