0.000718869 -0.0351338 -0.609266
-7.114e-05 -0.0351338 -0.609266
-0.000861149 -0.0351338 -0.609265
0.000718869 -0.0343438 -0.609267
-7.114e-05 -0.0343438 -0.609266
-0.000861149 -0.0343438 -0.609265
0.000718869 -0.0335538 -0.609267
-7.114e-05 -0.0335538 -0.609266
-0.000861149 -0.0335538 -0.609265
0.000718869 -0.0327637 -0.609267
-7.114e-05 -0.0327637 -0.609266
-0.000861149 -0.0327637 -0.609265
0.000718869 -0.0319737 -0.609267
-7.114e-05 -0.0319737 -0.609266
-0.000861149 -0.0319737 -0.609265
0.000718869 -0.0311837 -0.609267
-7.114e-05 -0.0311837 -0.609266
-0.000861149 -0.0311837 -0.609265
0.000718869 -0.0303937 -0.609267
-7.114e-05 -0.0303937 -0.609266
-0.000861149 -0.0303937 -0.609265
0.000718869 -0.0296037 -0.609267
-7.114e-05 -0.0296037 -0.609266
-0.000861149 -0.0296037 -0.609265
0.000718869 -0.0288137 -0.609267
-7.114e-05 -0.0288137 -0.609266
-0.000861149 -0.0288137 -0.609266
0.000718869 -0.0280237 -0.609267
-7.114e-05 -0.0280237 -0.609267
-0.000861149 -0.0280237 -0.609266
0.000718869 -0.0272337 -0.609267
-7.114e-05 -0.0272337 -0.609267
-0.000861149 -0.0272337 -0.609266
0.000718869 -0.0264437 -0.609268
-7.114e-05 -0.0264437 -0.609267
-0.000861149 -0.0264437 -0.609266
0.000718869 -0.0256537 -0.609268
-7.114e-05 -0.0256537 -0.609267
-0.000861149 -0.0256537 -0.609266
0.000718869 -0.0248637 -0.609268
-7.114e-05 -0.0248637 -0.609267
-0.000861149 -0.0248637 -0.609266
0.000718869 -0.0240736 -0.609268
-7.114e-05 -0.0240736 -0.609267
-0.000861149 -0.0240736 -0.609266
0.000718869 -0.0232836 -0.609268
-7.114e-05 -0.0232836 -0.609267
-0.000861149 -0.0232836 -0.609266
0.000718869 -0.0224936 -0.609268
-7.114e-05 -0.0224936 -0.609267
-0.000861149 -0.0224936 -0.609266
0.000718869 -0.0217036 -0.609268
-7.114e-05 -0.0217036 -0.609267
-0.000861149 -0.0217036 -0.609266
0.000718869 -0.0209136 -0.609268
-7.114e-05 -0.0209136 -0.609267
-0.000861149 -0.0209136 -0.609267
0.000718869 -0.0201236 -0.609268
-7.114e-05 -0.0201236 -0.609268
-0.000861149 -0.0201236 -0.609267
0.000718869 -0.0193336 -0.609269
-7.114e-05 -0.0193336 -0.609268
-0.000861149 -0.0193336 -0.609267
0.000718869 -0.0185436 -0.609269
-7.114e-05 -0.0185436 -0.609268
-0.000861149 -0.0185436 -0.609267
0.000718869 -0.0177536 -0.609269
-7.114e-05 -0.0177536 -0.609268
-0.000861149 -0.0177536 -0.609267
0.000718869 -0.0169636 -0.609269
-7.114e-05 -0.0169636 -0.609268
-0.000861149 -0.0169636 -0.609267
0.000718869 -0.0161736 -0.609269
-7.114e-05 -0.0161736 -0.609268
-0.000861149 -0.0161736 -0.609267
0.000718869 -0.0153835 -0.609269
-7.114e-05 -0.0153835 -0.609268
-0.000861149 -0.0153835 -0.609267
0.000718869 -0.0145935 -0.609269
-7.114e-05 -0.0145935 -0.609268
-0.000861149 -0.0145935 -0.609267
0.000718869 -0.0138035 -0.609269
-7.114e-05 -0.0138035 -0.609268
-0.000861149 -0.0138035 -0.609267
0.000718869 -0.0130135 -0.609269
-7.114e-05 -0.0130135 -0.609268
-0.000861149 -0.0130135 -0.609268
0.000718869 -0.0122235 -0.609269
-7.114e-05 -0.0122235 -0.609269
-0.000861149 -0.0122235 -0.609268
0.000718869 -0.0114335 -0.60927
-7.114e-05 -0.0114335 -0.609269
-0.000861149 -0.0114335 -0.609268
0.000718869 -0.0106435 -0.60927
-7.114e-05 -0.0106435 -0.609269
-0.000861149 -0.0106435 -0.609268
0.000718869 -0.00985348 -0.60927
-7.114e-05 -0.00985348 -0.609269
-0.000861149 -0.00985348 -0.609268
0.000718869 -0.00906347 -0.60927
-7.114e-05 -0.00906347 -0.609269
-0.000861149 -0.00906347 -0.609268
0.000718869 -0.00827347 -0.60927
-7.114e-05 -0.00827347 -0.609269
-0.000861149 -0.00827347 -0.609268
0.000718869 -0.00748346 -0.60927
-7.114e-05 -0.00748346 -0.609269
-0.000861149 -0.00748346 -0.609268
0.000718869 -0.00669345 -0.60927
-7.114e-05 -0.00669345 -0.609269
-0.000861149 -0.00669345 -0.609268
0.000718869 -0.00590344 -0.60927
-7.114e-05 -0.00590344 -0.609269
-0.000861149 -0.00590344 -0.609269
0.000718869 -0.00511343 -0.60927
-7.114e-05 -0.00511343 -0.609269
-0.000861149 -0.00511343 -0.609269
0.000718869 -0.00432342 -0.609271
-7.114e-05 -0.00432342 -0.60927
-0.000861149 -0.00432342 -0.609269
0.000718869 -0.00353341 -0.609271
-7.114e-05 -0.00353341 -0.60927
-0.000861149 -0.00353341 -0.609269
0.000718869 -0.0027434 -0.609271
-7.114e-05 -0.0027434 -0.60927
-0.000861149 -0.0027434 -0.609269
0.000718869 -0.00195339 -0.609271
-7.114e-05 -0.00195339 -0.60927
-0.000861149 -0.00195339 -0.609269
0.000718869 -0.00116339 -0.609271
-7.114e-05 -0.00116339 -0.60927
-0.000861149 -0.00116339 -0.609269
0.000718869 -0.000373377 -0.609271
-7.114e-05 -0.000373377 -0.60927
-0.000861149 -0.000373377 -0.609269
0.000718869 0.000416632 -0.609271
-7.114e-05 0.000416632 -0.60927
-0.000861149 0.000416632 -0.609269
0.000718869 0.00120664 -0.609271
-7.114e-05 0.00120664 -0.60927
-0.000861149 0.00120664 -0.609269
0.000718869 0.00199665 -0.609271
-7.114e-05 0.00199665 -0.60927
-0.000861149 0.00199665 -0.60927
0.000718869 0.00278666 -0.609271
-7.114e-05 0.00278666 -0.609271
-0.000861149 0.00278666 -0.60927
0.000718869 0.00357667 -0.609272
-7.114e-05 0.00357667 -0.609271
-0.000861149 0.00357667 -0.60927
0.000718869 0.00436668 -0.609272
-7.114e-05 0.00436668 -0.609271
-0.000861149 0.00436668 -0.60927
0.000718869 0.00515669 -0.609272
-7.114e-05 0.00515669 -0.609271
-0.000861149 0.00515669 -0.60927
0.000718869 0.00594669 -0.609272
-7.114e-05 0.00594669 -0.609271
-0.000861149 0.00594669 -0.60927
0.000718869 0.0067367 -0.609272
-7.114e-05 0.0067367 -0.609271
-0.000861149 0.0067367 -0.60927
0.000718869 0.00752671 -0.609272
-7.114e-05 0.00752671 -0.609271
-0.000861149 0.00752671 -0.60927
0.000718869 0.00831672 -0.609272
-7.114e-05 0.00831672 -0.609271
-0.000861149 0.00831672 -0.60927
0.000718869 0.00910673 -0.609272
-7.114e-05 0.00910673 -0.609271
-0.000861149 0.00910673 -0.609271
0.000718869 0.00989674 -0.609272
-7.114e-05 0.00989674 -0.609272
-0.000861149 0.00989674 -0.609271
0.000718869 0.0106867 -0.609272
-7.114e-05 0.0106867 -0.609272
-0.000861149 0.0106867 -0.609271
0.000718869 0.0114768 -0.609273
-7.114e-05 0.0114768 -0.609272
-0.000861149 0.0114768 -0.609271
0.000718869 0.0122668 -0.609273
-7.114e-05 0.0122668 -0.609272
-0.000861149 0.0122668 -0.609271
0.000718869 0.0130568 -0.609273
-7.114e-05 0.0130568 -0.609272
-0.000861149 0.0130568 -0.609271
0.000718869 0.0138468 -0.609273
-7.114e-05 0.0138468 -0.609272
-0.000861149 0.0138468 -0.609271
0.000718869 0.0146368 -0.609273
-7.114e-05 0.0146368 -0.609272
-0.000861149 0.0146368 -0.609271
0.000718869 0.0154268 -0.609273
-7.114e-05 0.0154268 -0.609272
-0.000861149 0.0154268 -0.609271
0.000718869 0.0162168 -0.609273
-7.114e-05 0.0162168 -0.609272
-0.000861149 0.0162168 -0.609271
0.000718869 0.0170068 -0.609273
-7.114e-05 0.0170068 -0.609272
-0.000861149 0.0170068 -0.609272
0.000718869 0.0177968 -0.609273
-7.114e-05 0.0177968 -0.609273
-0.000861149 0.0177968 -0.609272
0.000718869 0.0185868 -0.609274
-7.114e-05 0.0185868 -0.609273
-0.000861149 0.0185868 -0.609272
0.000718869 0.0193768 -0.609274
-7.114e-05 0.0193768 -0.609273
-0.000861149 0.0193768 -0.609272
0.000718869 0.0201669 -0.609274
-7.114e-05 0.0201669 -0.609273
-0.000861149 0.0201669 -0.609272
0.000718869 0.0209569 -0.609274
-7.114e-05 0.0209569 -0.609273
-0.000861149 0.0209569 -0.609272
0.000718869 0.0217469 -0.609274
-7.114e-05 0.0217469 -0.609273
-0.000861149 0.0217469 -0.609272
0.000718869 0.0225369 -0.609274
-7.114e-05 0.0225369 -0.609273
-0.000861149 0.0225369 -0.609272
0.000718869 0.0233269 -0.609274
-7.114e-05 0.0233269 -0.609273
-0.000861149 0.0233269 -0.609272
0.000718869 0.0241169 -0.609274
-7.114e-05 0.0241169 -0.609273
-0.000861149 0.0241169 -0.609272
0.000718869 0.0249069 -0.609274
-7.114e-05 0.0249069 -0.609273
-0.000861149 0.0249069 -0.609273
0.000718869 0.0256969 -0.609275
-7.114e-05 0.0256969 -0.609274
-0.000861149 0.0256969 -0.609273
0.000718869 0.0264869 -0.609275
-7.114e-05 0.0264869 -0.609274
-0.000861149 0.0264869 -0.609273
0.000718869 0.0272769 -0.609275
-7.114e-05 0.0272769 -0.609274
-0.000861149 0.0272769 -0.609273
0.000718869 0.0280669 -0.609275
-7.114e-05 0.0280669 -0.609274
-0.000861149 0.0280669 -0.609273
0.000718869 0.028857 -0.609275
-7.114e-05 0.028857 -0.609274
-0.000861149 0.028857 -0.609273
0.000718869 0.029647 -0.609275
-7.114e-05 0.029647 -0.609274
-0.000861149 0.029647 -0.609273
0.000718869 0.030437 -0.609275
-7.114e-05 0.030437 -0.609274
-0.000861149 0.030437 -0.609273
0.000718869 0.031227 -0.609275
-7.114e-05 0.031227 -0.609274
-0.000861149 0.031227 -0.609273
0.000718869 0.032017 -0.609275
-7.114e-05 0.032017 -0.609274
-0.000861149 0.032017 -0.609274
0.000718869 0.032807 -0.609275
-7.114e-05 0.032807 -0.609275
-0.000861149 0.032807 -0.609274
0.000718869 0.033597 -0.609276
-7.114e-05 0.033597 -0.609275
-0.000861149 0.033597 -0.609274
0.000718869 0.034387 -0.609276
-7.114e-05 0.034387 -0.609275
-0.000861149 0.034387 -0.609274
0.000718869 0.035177 -0.609276
-7.114e-05 0.035177 -0.609275
-0.000861149 0.035177 -0.609274
0.000718869 0.035967 -0.609276
-7.114e-05 0.035967 -0.609275
-0.000861149 0.035967 -0.609274
0.000718869 0.036757 -0.609276
-7.114e-05 0.036757 -0.609275
-0.000861149 0.036757 -0.609274
0.000718869 0.0375471 -0.609276
-7.114e-05 0.0375471 -0.609275
-0.000861149 0.0375471 -0.609274
0.000718869 0.0383371 -0.609276
-7.114e-05 0.0383371 -0.609275
-0.000861149 0.0383371 -0.609274
0.000718869 0.0391271 -0.609276
-7.114e-05 0.0391271 -0.609275
-0.000861149 0.0391271 -0.609274
0.000718869 0.0399171 -0.609276
-7.114e-05 0.0399171 -0.609275
-0.000861149 0.0399171 -0.609275
0.000718869 0.0407071 -0.609276
-7.114e-05 0.0407071 -0.609276
-0.000861149 0.0407071 -0.609275
0.000718869 0.0414971 -0.609277
-7.114e-05 0.0414971 -0.609276
-0.000861149 0.0414971 -0.609275
0.000718869 0.0422871 -0.609277
-7.114e-05 0.0422871 -0.609276
-0.000861149 0.0422871 -0.609275
0.000718869 0.0430771 -0.609277
-7.114e-05 0.0430771 -0.609276
-0.000861149 0.0430771 -0.609275
0.000718869 0.0438671 -0.609277
-7.114e-05 0.0438671 -0.609276
-0.000861149 0.0438671 -0.609275
0.000718869 0.0446571 -0.609277
-7.114e-05 0.0446571 -0.609276
-0.000861149 0.0446571 -0.609275
0.000718869 0.0454471 -0.609277
-7.114e-05 0.0454471 -0.609276
-0.000861149 0.0454471 -0.609275
0.000718869 0.0462372 -0.609277
-7.114e-05 0.0462372 -0.609276
-0.000861149 0.0462372 -0.609275
0.000718869 0.0470272 -0.609277
-7.114e-05 0.0470272 -0.609276
-0.000861149 0.0470272 -0.609276
0.000718869 0.0478172 -0.609277
-7.114e-05 0.0478172 -0.609277
-0.000861149 0.0478172 -0.609276
0.000718869 0.0486072 -0.609277
-7.114e-05 0.0486072 -0.609277
-0.000861149 0.0486072 -0.609276
0.000718869 0.0493972 -0.609278
-7.114e-05 0.0493972 -0.609277
-0.000861149 0.0493972 -0.609276
0.000718869 0.0501872 -0.609278
-7.114e-05 0.0501872 -0.609277
-0.000861149 0.0501872 -0.609276
0.000718869 0.0509772 -0.609278
-7.114e-05 0.0509772 -0.609277
-0.000861149 0.0509772 -0.609276
0.000718869 0.0517672 -0.609278
-7.114e-05 0.0517672 -0.609277
-0.000861149 0.0517672 -0.609276
