-0.00468075 0.0207329 -0.589286
-0.00448633 0.0207329 -0.589284
-0.00429191 0.0207329 -0.589282
-0.00468075 0.0205385 -0.589286
-0.00448633 0.0205385 -0.589284
-0.00429191 0.0205385 -0.589282
-0.00468075 0.0203441 -0.589285
-0.00448633 0.0203441 -0.589284
-0.00429191 0.0203441 -0.589282
-0.00468075 0.0201496 -0.589285
-0.00448633 0.0201496 -0.589283
-0.00429191 0.0201496 -0.589281
-0.00468075 0.0199552 -0.589285
-0.00448633 0.0199552 -0.589283
-0.00429191 0.0199552 -0.589281
-0.00468075 0.0197608 -0.589285
-0.00448633 0.0197608 -0.589283
-0.00429191 0.0197608 -0.589281
-0.00468075 0.0195664 -0.589285
-0.00448633 0.0195664 -0.589283
-0.00429191 0.0195664 -0.589281
-0.00468075 0.019372 -0.589285
-0.00448633 0.019372 -0.589283
-0.00429191 0.019372 -0.589281
-0.00468075 0.0191775 -0.589285
-0.00448633 0.0191775 -0.589283
-0.00429191 0.0191775 -0.589281
-0.00468075 0.0189831 -0.589285
-0.00448633 0.0189831 -0.589283
-0.00429191 0.0189831 -0.589281
-0.00468075 0.0187887 -0.589285
-0.00448633 0.0187887 -0.589283
-0.00429191 0.0187887 -0.589281
-0.00468075 0.0185943 -0.589285
-0.00448633 0.0185943 -0.589283
-0.00429191 0.0185943 -0.589281
-0.00468075 0.0183998 -0.589285
-0.00448633 0.0183998 -0.589283
-0.00429191 0.0183998 -0.589281
-0.00468075 0.0182054 -0.589285
-0.00448633 0.0182054 -0.589283
-0.00429191 0.0182054 -0.589281
-0.00468075 0.018011 -0.589285
-0.00448633 0.018011 -0.589283
-0.00429191 0.018011 -0.589281
-0.00468075 0.0178166 -0.589285
-0.00448633 0.0178166 -0.589283
-0.00429191 0.0178166 -0.589281
-0.00468075 0.0176221 -0.589285
-0.00448633 0.0176221 -0.589283
-0.00429191 0.0176221 -0.589281
-0.00468075 0.0174277 -0.589285
-0.00448633 0.0174277 -0.589283
-0.00429191 0.0174277 -0.589281
-0.00468075 0.0172333 -0.589285
-0.00448633 0.0172333 -0.589283
-0.00429191 0.0172333 -0.589281
-0.00468075 0.0170389 -0.589284
-0.00448633 0.0170389 -0.589283
-0.00429191 0.0170389 -0.589281
-0.00468075 0.0168445 -0.589284
-0.00448633 0.0168445 -0.589282
-0.00429191 0.0168445 -0.589281
-0.00468075 0.01665 -0.589284
-0.00448633 0.01665 -0.589282
-0.00429191 0.01665 -0.58928
-0.00468075 0.0164556 -0.589284
-0.00448633 0.0164556 -0.589282
-0.00429191 0.0164556 -0.58928
-0.00468075 0.0162612 -0.589284
-0.00448633 0.0162612 -0.589282
-0.00429191 0.0162612 -0.58928
-0.00468075 0.0160668 -0.589284
-0.00448633 0.0160668 -0.589282
-0.00429191 0.0160668 -0.58928
-0.00468075 0.0158723 -0.589284
-0.00448633 0.0158723 -0.589282
-0.00429191 0.0158723 -0.58928
-0.00468075 0.0156779 -0.589284
-0.00448633 0.0156779 -0.589282
-0.00429191 0.0156779 -0.58928
-0.00468075 0.0154835 -0.589284
-0.00448633 0.0154835 -0.589282
-0.00429191 0.0154835 -0.58928
-0.00468075 0.0152891 -0.589284
-0.00448633 0.0152891 -0.589282
-0.00429191 0.0152891 -0.58928
-0.00468075 0.0150946 -0.589284
-0.00448633 0.0150946 -0.589282
-0.00429191 0.0150946 -0.58928
-0.00468075 0.0149002 -0.589284
-0.00448633 0.0149002 -0.589282
-0.00429191 0.0149002 -0.58928
-0.00468075 0.0147058 -0.589284
-0.00448633 0.0147058 -0.589282
-0.00429191 0.0147058 -0.58928
-0.00468075 0.0145114 -0.589284
-0.00448633 0.0145114 -0.589282
-0.00429191 0.0145114 -0.58928
-0.00468075 0.014317 -0.589284
-0.00448633 0.014317 -0.589282
-0.00429191 0.014317 -0.58928
-0.00468075 0.0141225 -0.589284
-0.00448633 0.0141225 -0.589282
-0.00429191 0.0141225 -0.58928
-0.00468075 0.0139281 -0.589284
-0.00448633 0.0139281 -0.589282
-0.00429191 0.0139281 -0.58928
-0.00468075 0.0137337 -0.589284
-0.00448633 0.0137337 -0.589282
-0.00429191 0.0137337 -0.58928
-0.00468075 0.0135393 -0.589283
-0.00448633 0.0135393 -0.589281
-0.00429191 0.0135393 -0.58928
-0.00468075 0.0133448 -0.589283
-0.00448633 0.0133448 -0.589281
-0.00429191 0.0133448 -0.589279
-0.00468075 0.0131504 -0.589283
-0.00448633 0.0131504 -0.589281
-0.00429191 0.0131504 -0.589279
-0.00468075 0.012956 -0.589283
-0.00448633 0.012956 -0.589281
-0.00429191 0.012956 -0.589279
-0.00468075 0.0127616 -0.589283
-0.00448633 0.0127616 -0.589281
-0.00429191 0.0127616 -0.589279
-0.00468075 0.0125671 -0.589283
-0.00448633 0.0125671 -0.589281
-0.00429191 0.0125671 -0.589279
-0.00468075 0.0123727 -0.589283
-0.00448633 0.0123727 -0.589281
-0.00429191 0.0123727 -0.589279
-0.00468075 0.0121783 -0.589283
-0.00448633 0.0121783 -0.589281
-0.00429191 0.0121783 -0.589279
-0.00468075 0.0119839 -0.589283
-0.00448633 0.0119839 -0.589281
-0.00429191 0.0119839 -0.589279
-0.00468075 0.0117895 -0.589283
-0.00448633 0.0117895 -0.589281
-0.00429191 0.0117895 -0.589279
-0.00468075 0.011595 -0.589283
-0.00448633 0.011595 -0.589281
-0.00429191 0.011595 -0.589279
-0.00468075 0.0114006 -0.589283
-0.00448633 0.0114006 -0.589281
-0.00429191 0.0114006 -0.589279
-0.00468075 0.0112062 -0.589283
-0.00448633 0.0112062 -0.589281
-0.00429191 0.0112062 -0.589279
-0.00468075 0.0110118 -0.589283
-0.00448633 0.0110118 -0.589281
-0.00429191 0.0110118 -0.589279
-0.00468075 0.0108173 -0.589283
-0.00448633 0.0108173 -0.589281
-0.00429191 0.0108173 -0.589279
-0.00468075 0.0106229 -0.589283
-0.00448633 0.0106229 -0.589281
-0.00429191 0.0106229 -0.589279
-0.00468075 0.0104285 -0.589283
-0.00448633 0.0104285 -0.589281
-0.00429191 0.0104285 -0.589279
-0.00468075 0.0102341 -0.589283
-0.00448633 0.0102341 -0.589281
-0.00429191 0.0102341 -0.589279
-0.00468075 0.0100396 -0.589282
-0.00448633 0.0100396 -0.58928
-0.00429191 0.0100396 -0.589279
-0.00468075 0.00984522 -0.589282
-0.00448633 0.00984522 -0.58928
-0.00429191 0.00984522 -0.589278
-0.00468075 0.00965079 -0.589282
-0.00448633 0.00965079 -0.58928
-0.00429191 0.00965079 -0.589278
-0.00468075 0.00945637 -0.589282
-0.00448633 0.00945637 -0.58928
-0.00429191 0.00945637 -0.589278
-0.00468075 0.00926195 -0.589282
-0.00448633 0.00926195 -0.58928
-0.00429191 0.00926195 -0.589278
-0.00468075 0.00906753 -0.589282
-0.00448633 0.00906753 -0.58928
-0.00429191 0.00906753 -0.589278
-0.00468075 0.0088731 -0.589282
-0.00448633 0.0088731 -0.58928
-0.00429191 0.0088731 -0.589278
-0.00468075 0.00867868 -0.589282
-0.00448633 0.00867868 -0.58928
-0.00429191 0.00867868 -0.589278
-0.00468075 0.00848426 -0.589282
-0.00448633 0.00848426 -0.58928
-0.00429191 0.00848426 -0.589278
-0.00468075 0.00828983 -0.589282
-0.00448633 0.00828983 -0.58928
-0.00429191 0.00828983 -0.589278
-0.00468075 0.00809541 -0.589282
-0.00448633 0.00809541 -0.58928
-0.00429191 0.00809541 -0.589278
-0.00468075 0.00790099 -0.589282
-0.00448633 0.00790099 -0.58928
-0.00429191 0.00790099 -0.589278
-0.00468075 0.00770656 -0.589282
-0.00448633 0.00770656 -0.58928
-0.00429191 0.00770656 -0.589278
-0.00468075 0.00751214 -0.589282
-0.00448633 0.00751214 -0.58928
-0.00429191 0.00751214 -0.589278
-0.00468075 0.00731772 -0.589282
-0.00448633 0.00731772 -0.58928
-0.00429191 0.00731772 -0.589278
-0.00468075 0.00712329 -0.589282
-0.00448633 0.00712329 -0.58928
-0.00429191 0.00712329 -0.589278
-0.00468075 0.00692887 -0.589281
-0.00448633 0.00692887 -0.58928
-0.00429191 0.00692887 -0.589278
-0.00468075 0.00673445 -0.589281
-0.00448633 0.00673445 -0.589279
-0.00429191 0.00673445 -0.589278
-0.00468075 0.00654002 -0.589281
-0.00448633 0.00654002 -0.589279
-0.00429191 0.00654002 -0.589277
-0.00468075 0.0063456 -0.589281
-0.00448633 0.0063456 -0.589279
-0.00429191 0.0063456 -0.589277
-0.00468075 0.00615118 -0.589281
-0.00448633 0.00615118 -0.589279
-0.00429191 0.00615118 -0.589277
-0.00468075 0.00595675 -0.589281
-0.00448633 0.00595675 -0.589279
-0.00429191 0.00595675 -0.589277
-0.00468075 0.00576233 -0.589281
-0.00448633 0.00576233 -0.589279
-0.00429191 0.00576233 -0.589277
-0.00468075 0.00556791 -0.589281
-0.00448633 0.00556791 -0.589279
-0.00429191 0.00556791 -0.589277
-0.00468075 0.00537348 -0.589281
-0.00448633 0.00537348 -0.589279
-0.00429191 0.00537348 -0.589277
-0.00468075 0.00517906 -0.589281
-0.00448633 0.00517906 -0.589279
-0.00429191 0.00517906 -0.589277
-0.00468075 0.00498464 -0.589281
-0.00448633 0.00498464 -0.589279
-0.00429191 0.00498464 -0.589277
-0.00468075 0.00479022 -0.589281
-0.00448633 0.00479022 -0.589279
-0.00429191 0.00479022 -0.589277
-0.00468075 0.00459579 -0.589281
-0.00448633 0.00459579 -0.589279
-0.00429191 0.00459579 -0.589277
-0.00468075 0.00440137 -0.589281
-0.00448633 0.00440137 -0.589279
-0.00429191 0.00440137 -0.589277
-0.00468075 0.00420695 -0.589281
-0.00448633 0.00420695 -0.589279
-0.00429191 0.00420695 -0.589277
-0.00468075 0.00401252 -0.589281
-0.00448633 0.00401252 -0.589279
-0.00429191 0.00401252 -0.589277
-0.00468075 0.0038181 -0.589281
-0.00448633 0.0038181 -0.589279
-0.00429191 0.0038181 -0.589277
-0.00468075 0.00362368 -0.589281
-0.00448633 0.00362368 -0.589279
-0.00429191 0.00362368 -0.589277
-0.00468075 0.00342925 -0.58928
-0.00448633 0.00342925 -0.589279
-0.00429191 0.00342925 -0.589277
-0.00468075 0.00323483 -0.58928
-0.00448633 0.00323483 -0.589278
-0.00429191 0.00323483 -0.589276
-0.00468075 0.00304041 -0.58928
-0.00448633 0.00304041 -0.589278
-0.00429191 0.00304041 -0.589276
-0.00468075 0.00284598 -0.58928
-0.00448633 0.00284598 -0.589278
-0.00429191 0.00284598 -0.589276
-0.00468075 0.00265156 -0.58928
-0.00448633 0.00265156 -0.589278
-0.00429191 0.00265156 -0.589276
-0.00468075 0.00245714 -0.58928
-0.00448633 0.00245714 -0.589278
-0.00429191 0.00245714 -0.589276
-0.00468075 0.00226271 -0.58928
-0.00448633 0.00226271 -0.589278
-0.00429191 0.00226271 -0.589276
-0.00468075 0.00206829 -0.58928
-0.00448633 0.00206829 -0.589278
-0.00429191 0.00206829 -0.589276
-0.00468075 0.00187387 -0.58928
-0.00448633 0.00187387 -0.589278
-0.00429191 0.00187387 -0.589276
-0.00468075 0.00167944 -0.58928
-0.00448633 0.00167944 -0.589278
-0.00429191 0.00167944 -0.589276
-0.00468075 0.00148502 -0.58928
-0.00448633 0.00148502 -0.589278
-0.00429191 0.00148502 -0.589276
-0.00468075 0.0012906 -0.58928
-0.00448633 0.0012906 -0.589278
-0.00429191 0.0012906 -0.589276
-0.00468075 0.00109618 -0.58928
-0.00448633 0.00109618 -0.589278
-0.00429191 0.00109618 -0.589276
-0.00468075 0.000901752 -0.58928
-0.00448633 0.000901752 -0.589278
-0.00429191 0.000901752 -0.589276
-0.00468075 0.000707329 -0.58928
-0.00448633 0.000707329 -0.589278
-0.00429191 0.000707329 -0.589276
-0.00468075 0.000512905 -0.58928
-0.00448633 0.000512905 -0.589278
-0.00429191 0.000512905 -0.589276
-0.00468075 0.000318482 -0.58928
-0.00448633 0.000318482 -0.589278
-0.00429191 0.000318482 -0.589276
-0.00468075 0.000124059 -0.589279
-0.00448633 0.000124059 -0.589278
-0.00429191 0.000124059 -0.589276
-0.00468075 -7.03641e-05 -0.589279
-0.00448633 -7.03641e-05 -0.589277
-0.00429191 -7.03641e-05 -0.589276
-0.00468075 -0.000264787 -0.589279
-0.00448633 -0.000264787 -0.589277
-0.00429191 -0.000264787 -0.589275
-0.00468075 -0.00045921 -0.589279
-0.00448633 -0.00045921 -0.589277
-0.00429191 -0.00045921 -0.589275
-0.00468075 -0.000653634 -0.589279
-0.00448633 -0.000653634 -0.589277
-0.00429191 -0.000653634 -0.589275
