-0.000580682 -0.0540781 -0.599994
-0.00110395 -0.0540781 -0.599992
-0.00162722 -0.0540781 -0.599991
-0.000580682 -0.0535549 -0.599994
-0.00110395 -0.0535549 -0.599992
-0.00162722 -0.0535549 -0.599991
-0.000580682 -0.0530316 -0.599994
-0.00110395 -0.0530316 -0.599993
-0.00162722 -0.0530316 -0.599991
-0.000580682 -0.0525083 -0.599994
-0.00110395 -0.0525083 -0.599993
-0.00162722 -0.0525083 -0.599991
-0.000580682 -0.0519851 -0.599994
-0.00110395 -0.0519851 -0.599993
-0.00162722 -0.0519851 -0.599991
-0.000580682 -0.0514618 -0.599994
-0.00110395 -0.0514618 -0.599993
-0.00162722 -0.0514618 -0.599991
-0.000580682 -0.0509385 -0.599994
-0.00110395 -0.0509385 -0.599993
-0.00162722 -0.0509385 -0.599991
-0.000580682 -0.0504153 -0.599994
-0.00110395 -0.0504153 -0.599993
-0.00162722 -0.0504153 -0.599991
-0.000580682 -0.049892 -0.599994
-0.00110395 -0.049892 -0.599993
-0.00162722 -0.049892 -0.599991
-0.000580682 -0.0493687 -0.599994
-0.00110395 -0.0493687 -0.599993
-0.00162722 -0.0493687 -0.599991
-0.000580682 -0.0488455 -0.599994
-0.00110395 -0.0488455 -0.599993
-0.00162722 -0.0488455 -0.599992
-0.000580682 -0.0483222 -0.599994
-0.00110395 -0.0483222 -0.599993
-0.00162722 -0.0483222 -0.599992
-0.000580682 -0.0477989 -0.599994
-0.00110395 -0.0477989 -0.599993
-0.00162722 -0.0477989 -0.599992
-0.000580682 -0.0472757 -0.599995
-0.00110395 -0.0472757 -0.599993
-0.00162722 -0.0472757 -0.599992
-0.000580682 -0.0467524 -0.599995
-0.00110395 -0.0467524 -0.599993
-0.00162722 -0.0467524 -0.599992
-0.000580682 -0.0462291 -0.599995
-0.00110395 -0.0462291 -0.599993
-0.00162722 -0.0462291 -0.599992
-0.000580682 -0.0457059 -0.599995
-0.00110395 -0.0457059 -0.599993
-0.00162722 -0.0457059 -0.599992
-0.000580682 -0.0451826 -0.599995
-0.00110395 -0.0451826 -0.599993
-0.00162722 -0.0451826 -0.599992
-0.000580682 -0.0446593 -0.599995
-0.00110395 -0.0446593 -0.599993
-0.00162722 -0.0446593 -0.599992
-0.000580682 -0.0441361 -0.599995
-0.00110395 -0.0441361 -0.599993
-0.00162722 -0.0441361 -0.599992
-0.000580682 -0.0436128 -0.599995
-0.00110395 -0.0436128 -0.599993
-0.00162722 -0.0436128 -0.599992
-0.000580682 -0.0430895 -0.599995
-0.00110395 -0.0430895 -0.599994
-0.00162722 -0.0430895 -0.599992
-0.000580682 -0.0425663 -0.599995
-0.00110395 -0.0425663 -0.599994
-0.00162722 -0.0425663 -0.599992
-0.000580682 -0.042043 -0.599995
-0.00110395 -0.042043 -0.599994
-0.00162722 -0.042043 -0.599992
-0.000580682 -0.0415197 -0.599995
-0.00110395 -0.0415197 -0.599994
-0.00162722 -0.0415197 -0.599992
-0.000580682 -0.0409965 -0.599995
-0.00110395 -0.0409965 -0.599994
-0.00162722 -0.0409965 -0.599992
-0.000580682 -0.0404732 -0.599995
-0.00110395 -0.0404732 -0.599994
-0.00162722 -0.0404732 -0.599992
-0.000580682 -0.0399499 -0.599995
-0.00110395 -0.0399499 -0.599994
-0.00162722 -0.0399499 -0.599992
-0.000580682 -0.0394267 -0.599995
-0.00110395 -0.0394267 -0.599994
-0.00162722 -0.0394267 -0.599993
-0.000580682 -0.0389034 -0.599995
-0.00110395 -0.0389034 -0.599994
-0.00162722 -0.0389034 -0.599993
-0.000580682 -0.0383801 -0.599995
-0.00110395 -0.0383801 -0.599994
-0.00162722 -0.0383801 -0.599993
-0.000580682 -0.0378569 -0.599996
-0.00110395 -0.0378569 -0.599994
-0.00162722 -0.0378569 -0.599993
-0.000580682 -0.0373336 -0.599996
-0.00110395 -0.0373336 -0.599994
-0.00162722 -0.0373336 -0.599993
-0.000580682 -0.0368103 -0.599996
-0.00110395 -0.0368103 -0.599994
-0.00162722 -0.0368103 -0.599993
-0.000580682 -0.0362871 -0.599996
-0.00110395 -0.0362871 -0.599994
-0.00162722 -0.0362871 -0.599993
-0.000580682 -0.0357638 -0.599996
-0.00110395 -0.0357638 -0.599994
-0.00162722 -0.0357638 -0.599993
-0.000580682 -0.0352405 -0.599996
-0.00110395 -0.0352405 -0.599994
-0.00162722 -0.0352405 -0.599993
-0.000580682 -0.0347173 -0.599996
-0.00110395 -0.0347173 -0.599994
-0.00162722 -0.0347173 -0.599993
-0.000580682 -0.034194 -0.599996
-0.00110395 -0.034194 -0.599994
-0.00162722 -0.034194 -0.599993
-0.000580682 -0.0336707 -0.599996
-0.00110395 -0.0336707 -0.599995
-0.00162722 -0.0336707 -0.599993
-0.000580682 -0.0331475 -0.599996
-0.00110395 -0.0331475 -0.599995
-0.00162722 -0.0331475 -0.599993
-0.000580682 -0.0326242 -0.599996
-0.00110395 -0.0326242 -0.599995
-0.00162722 -0.0326242 -0.599993
-0.000580682 -0.0321009 -0.599996
-0.00110395 -0.0321009 -0.599995
-0.00162722 -0.0321009 -0.599993
-0.000580682 -0.0315777 -0.599996
-0.00110395 -0.0315777 -0.599995
-0.00162722 -0.0315777 -0.599993
-0.000580682 -0.0310544 -0.599996
-0.00110395 -0.0310544 -0.599995
-0.00162722 -0.0310544 -0.599993
-0.000580682 -0.0305311 -0.599996
-0.00110395 -0.0305311 -0.599995
-0.00162722 -0.0305311 -0.599993
-0.000580682 -0.0300079 -0.599996
-0.00110395 -0.0300079 -0.599995
-0.00162722 -0.0300079 -0.599994
-0.000580682 -0.0294846 -0.599996
-0.00110395 -0.0294846 -0.599995
-0.00162722 -0.0294846 -0.599994
-0.000580682 -0.0289613 -0.599996
-0.00110395 -0.0289613 -0.599995
-0.00162722 -0.0289613 -0.599994
-0.000580682 -0.0284381 -0.599997
-0.00110395 -0.0284381 -0.599995
-0.00162722 -0.0284381 -0.599994
-0.000580682 -0.0279148 -0.599997
-0.00110395 -0.0279148 -0.599995
-0.00162722 -0.0279148 -0.599994
-0.000580682 -0.0273915 -0.599997
-0.00110395 -0.0273915 -0.599995
-0.00162722 -0.0273915 -0.599994
-0.000580682 -0.0268683 -0.599997
-0.00110395 -0.0268683 -0.599995
-0.00162722 -0.0268683 -0.599994
-0.000580682 -0.026345 -0.599997
-0.00110395 -0.026345 -0.599995
-0.00162722 -0.026345 -0.599994
-0.000580682 -0.0258217 -0.599997
-0.00110395 -0.0258217 -0.599995
-0.00162722 -0.0258217 -0.599994
-0.000580682 -0.0252985 -0.599997
-0.00110395 -0.0252985 -0.599995
-0.00162722 -0.0252985 -0.599994
-0.000580682 -0.0247752 -0.599997
-0.00110395 -0.0247752 -0.599995
-0.00162722 -0.0247752 -0.599994
-0.000580682 -0.0242519 -0.599997
-0.00110395 -0.0242519 -0.599996
-0.00162722 -0.0242519 -0.599994
-0.000580682 -0.0237287 -0.599997
-0.00110395 -0.0237287 -0.599996
-0.00162722 -0.0237287 -0.599994
-0.000580682 -0.0232054 -0.599997
-0.00110395 -0.0232054 -0.599996
-0.00162722 -0.0232054 -0.599994
-0.000580682 -0.0226821 -0.599997
-0.00110395 -0.0226821 -0.599996
-0.00162722 -0.0226821 -0.599994
-0.000580682 -0.0221589 -0.599997
-0.00110395 -0.0221589 -0.599996
-0.00162722 -0.0221589 -0.599994
-0.000580682 -0.0216356 -0.599997
-0.00110395 -0.0216356 -0.599996
-0.00162722 -0.0216356 -0.599994
-0.000580682 -0.0211123 -0.599997
-0.00110395 -0.0211123 -0.599996
-0.00162722 -0.0211123 -0.599994
-0.000580682 -0.0205891 -0.599997
-0.00110395 -0.0205891 -0.599996
-0.00162722 -0.0205891 -0.599995
-0.000580682 -0.0200658 -0.599997
-0.00110395 -0.0200658 -0.599996
-0.00162722 -0.0200658 -0.599995
-0.000580682 -0.0195425 -0.599997
-0.00110395 -0.0195425 -0.599996
-0.00162722 -0.0195425 -0.599995
-0.000580682 -0.0190193 -0.599998
-0.00110395 -0.0190193 -0.599996
-0.00162722 -0.0190193 -0.599995
-0.000580682 -0.018496 -0.599998
-0.00110395 -0.018496 -0.599996
-0.00162722 -0.018496 -0.599995
-0.000580682 -0.0179727 -0.599998
-0.00110395 -0.0179727 -0.599996
-0.00162722 -0.0179727 -0.599995
-0.000580682 -0.0174495 -0.599998
-0.00110395 -0.0174495 -0.599996
-0.00162722 -0.0174495 -0.599995
-0.000580682 -0.0169262 -0.599998
-0.00110395 -0.0169262 -0.599996
-0.00162722 -0.0169262 -0.599995
-0.000580682 -0.0164029 -0.599998
-0.00110395 -0.0164029 -0.599996
-0.00162722 -0.0164029 -0.599995
-0.000580682 -0.0158797 -0.599998
-0.00110395 -0.0158797 -0.599996
-0.00162722 -0.0158797 -0.599995
-0.000580682 -0.0153564 -0.599998
-0.00110395 -0.0153564 -0.599997
-0.00162722 -0.0153564 -0.599995
-0.000580682 -0.0148331 -0.599998
-0.00110395 -0.0148331 -0.599997
-0.00162722 -0.0148331 -0.599995
-0.000580682 -0.0143099 -0.599998
-0.00110395 -0.0143099 -0.599997
-0.00162722 -0.0143099 -0.599995
-0.000580682 -0.0137866 -0.599998
-0.00110395 -0.0137866 -0.599997
-0.00162722 -0.0137866 -0.599995
-0.000580682 -0.0132633 -0.599998
-0.00110395 -0.0132633 -0.599997
-0.00162722 -0.0132633 -0.599995
-0.000580682 -0.0127401 -0.599998
-0.00110395 -0.0127401 -0.599997
-0.00162722 -0.0127401 -0.599995
-0.000580682 -0.0122168 -0.599998
-0.00110395 -0.0122168 -0.599997
-0.00162722 -0.0122168 -0.599995
-0.000580682 -0.0116935 -0.599998
-0.00110395 -0.0116935 -0.599997
-0.00162722 -0.0116935 -0.599995
-0.000580682 -0.0111703 -0.599998
-0.00110395 -0.0111703 -0.599997
-0.00162722 -0.0111703 -0.599995
-0.000580682 -0.010647 -0.599998
-0.00110395 -0.010647 -0.599997
-0.00162722 -0.010647 -0.599996
-0.000580682 -0.0101237 -0.599998
-0.00110395 -0.0101237 -0.599997
-0.00162722 -0.0101237 -0.599996
-0.000580682 -0.00960047 -0.599999
-0.00110395 -0.00960047 -0.599997
-0.00162722 -0.00960047 -0.599996
-0.000580682 -0.0090772 -0.599999
-0.00110395 -0.0090772 -0.599997
-0.00162722 -0.0090772 -0.599996
-0.000580682 -0.00855393 -0.599999
-0.00110395 -0.00855393 -0.599997
-0.00162722 -0.00855393 -0.599996
-0.000580682 -0.00803067 -0.599999
-0.00110395 -0.00803067 -0.599997
-0.00162722 -0.00803067 -0.599996
-0.000580682 -0.0075074 -0.599999
-0.00110395 -0.0075074 -0.599997
-0.00162722 -0.0075074 -0.599996
-0.000580682 -0.00698413 -0.599999
-0.00110395 -0.00698413 -0.599997
-0.00162722 -0.00698413 -0.599996
-0.000580682 -0.00646087 -0.599999
-0.00110395 -0.00646087 -0.599997
-0.00162722 -0.00646087 -0.599996
-0.000580682 -0.0059376 -0.599999
-0.00110395 -0.0059376 -0.599997
-0.00162722 -0.0059376 -0.599996
-0.000580682 -0.00541433 -0.599999
-0.00110395 -0.00541433 -0.599998
-0.00162722 -0.00541433 -0.599996
-0.000580682 -0.00489106 -0.599999
-0.00110395 -0.00489106 -0.599998
-0.00162722 -0.00489106 -0.599996
-0.000580682 -0.0043678 -0.599999
-0.00110395 -0.0043678 -0.599998
-0.00162722 -0.0043678 -0.599996
-0.000580682 -0.00384453 -0.599999
-0.00110395 -0.00384453 -0.599998
-0.00162722 -0.00384453 -0.599996
-0.000580682 -0.00332126 -0.599999
-0.00110395 -0.00332126 -0.599998
-0.00162722 -0.00332126 -0.599996
-0.000580682 -0.002798 -0.599999
-0.00110395 -0.002798 -0.599998
-0.00162722 -0.002798 -0.599996
-0.000580682 -0.00227473 -0.599999
-0.00110395 -0.00227473 -0.599998
-0.00162722 -0.00227473 -0.599996
-0.000580682 -0.00175146 -0.599999
-0.00110395 -0.00175146 -0.599998
-0.00162722 -0.00175146 -0.599997
-0.000580682 -0.0012282 -0.599999
-0.00110395 -0.0012282 -0.599998
-0.00162722 -0.0012282 -0.599997
-0.000580682 -0.00070493 -0.599999
-0.00110395 -0.00070493 -0.599998
-0.00162722 -0.00070493 -0.599997
-0.000580682 -0.000181663 -0.6
-0.00110395 -0.000181663 -0.599998
-0.00162722 -0.000181663 -0.599997
-0.000580682 0.000341603 -0.6
-0.00110395 0.000341603 -0.599998
-0.00162722 0.000341603 -0.599997
-0.000580682 0.00086487 -0.6
-0.00110395 0.00086487 -0.599998
-0.00162722 0.00086487 -0.599997
-0.000580682 0.00138814 -0.6
-0.00110395 0.00138814 -0.599998
-0.00162722 0.00138814 -0.599997
-0.000580682 0.0019114 -0.6
-0.00110395 0.0019114 -0.599998
-0.00162722 0.0019114 -0.599997
-0.000580682 0.00243467 -0.6
-0.00110395 0.00243467 -0.599998
-0.00162722 0.00243467 -0.599997
-0.000580682 0.00295794 -0.6
-0.00110395 0.00295794 -0.599998
-0.00162722 0.00295794 -0.599997
-0.000580682 0.0034812 -0.6
-0.00110395 0.0034812 -0.599998
-0.00162722 0.0034812 -0.599997
