-0.00214385 -0.0163791 -0.605116
-0.00224126 -0.0163791 -0.605114
-0.00233866 -0.0163791 -0.605112
-0.00214385 -0.0162817 -0.605117
-0.00224126 -0.0162817 -0.605114
-0.00233866 -0.0162817 -0.605112
-0.00214385 -0.0161843 -0.605117
-0.00224126 -0.0161843 -0.605114
-0.00233866 -0.0161843 -0.605112
-0.00214385 -0.0160869 -0.605117
-0.00224126 -0.0160869 -0.605114
-0.00233866 -0.0160869 -0.605112
-0.00214385 -0.0159894 -0.605117
-0.00224126 -0.0159894 -0.605114
-0.00233866 -0.0159894 -0.605112
-0.00214385 -0.015892 -0.605117
-0.00224126 -0.015892 -0.605115
-0.00233866 -0.015892 -0.605112
-0.00214385 -0.0157946 -0.605117
-0.00224126 -0.0157946 -0.605115
-0.00233866 -0.0157946 -0.605112
-0.00214385 -0.0156972 -0.605117
-0.00224126 -0.0156972 -0.605115
-0.00233866 -0.0156972 -0.605112
-0.00214385 -0.0155998 -0.605117
-0.00224126 -0.0155998 -0.605115
-0.00233866 -0.0155998 -0.605112
-0.00214385 -0.0155024 -0.605117
-0.00224126 -0.0155024 -0.605115
-0.00233866 -0.0155024 -0.605112
-0.00214385 -0.015405 -0.605117
-0.00224126 -0.015405 -0.605115
-0.00233866 -0.015405 -0.605112
-0.00214385 -0.0153076 -0.605117
-0.00224126 -0.0153076 -0.605115
-0.00233866 -0.0153076 -0.605113
-0.00214385 -0.0152102 -0.605118
-0.00224126 -0.0152102 -0.605115
-0.00233866 -0.0152102 -0.605113
-0.00214385 -0.0151128 -0.605118
-0.00224126 -0.0151128 -0.605115
-0.00233866 -0.0151128 -0.605113
-0.00214385 -0.0150154 -0.605118
-0.00224126 -0.0150154 -0.605115
-0.00233866 -0.0150154 -0.605113
-0.00214385 -0.014918 -0.605118
-0.00224126 -0.014918 -0.605115
-0.00233866 -0.014918 -0.605113
-0.00214385 -0.0148206 -0.605118
-0.00224126 -0.0148206 -0.605115
-0.00233866 -0.0148206 -0.605113
-0.00214385 -0.0147232 -0.605118
-0.00224126 -0.0147232 -0.605116
-0.00233866 -0.0147232 -0.605113
-0.00214385 -0.0146258 -0.605118
-0.00224126 -0.0146258 -0.605116
-0.00233866 -0.0146258 -0.605113
-0.00214385 -0.0145283 -0.605118
-0.00224126 -0.0145283 -0.605116
-0.00233866 -0.0145283 -0.605113
-0.00214385 -0.0144309 -0.605118
-0.00224126 -0.0144309 -0.605116
-0.00233866 -0.0144309 -0.605113
-0.00214385 -0.0143335 -0.605118
-0.00224126 -0.0143335 -0.605116
-0.00233866 -0.0143335 -0.605113
-0.00214385 -0.0142361 -0.605118
-0.00224126 -0.0142361 -0.605116
-0.00233866 -0.0142361 -0.605114
-0.00214385 -0.0141387 -0.605119
-0.00224126 -0.0141387 -0.605116
-0.00233866 -0.0141387 -0.605114
-0.00214385 -0.0140413 -0.605119
-0.00224126 -0.0140413 -0.605116
-0.00233866 -0.0140413 -0.605114
-0.00214385 -0.0139439 -0.605119
-0.00224126 -0.0139439 -0.605116
-0.00233866 -0.0139439 -0.605114
-0.00214385 -0.0138465 -0.605119
-0.00224126 -0.0138465 -0.605116
-0.00233866 -0.0138465 -0.605114
-0.00214385 -0.0137491 -0.605119
-0.00224126 -0.0137491 -0.605116
-0.00233866 -0.0137491 -0.605114
-0.00214385 -0.0136517 -0.605119
-0.00224126 -0.0136517 -0.605117
-0.00233866 -0.0136517 -0.605114
-0.00214385 -0.0135543 -0.605119
-0.00224126 -0.0135543 -0.605117
-0.00233866 -0.0135543 -0.605114
-0.00214385 -0.0134569 -0.605119
-0.00224126 -0.0134569 -0.605117
-0.00233866 -0.0134569 -0.605114
-0.00214385 -0.0133595 -0.605119
-0.00224126 -0.0133595 -0.605117
-0.00233866 -0.0133595 -0.605114
-0.00214385 -0.0132621 -0.605119
-0.00224126 -0.0132621 -0.605117
-0.00233866 -0.0132621 -0.605114
-0.00214385 -0.0131647 -0.605119
-0.00224126 -0.0131647 -0.605117
-0.00233866 -0.0131647 -0.605115
-0.00214385 -0.0130672 -0.605119
-0.00224126 -0.0130672 -0.605117
-0.00233866 -0.0130672 -0.605115
-0.00214385 -0.0129698 -0.60512
-0.00224126 -0.0129698 -0.605117
-0.00233866 -0.0129698 -0.605115
-0.00214385 -0.0128724 -0.60512
-0.00224126 -0.0128724 -0.605117
-0.00233866 -0.0128724 -0.605115
-0.00214385 -0.012775 -0.60512
-0.00224126 -0.012775 -0.605117
-0.00233866 -0.012775 -0.605115
-0.00214385 -0.0126776 -0.60512
-0.00224126 -0.0126776 -0.605117
-0.00233866 -0.0126776 -0.605115
-0.00214385 -0.0125802 -0.60512
-0.00224126 -0.0125802 -0.605117
-0.00233866 -0.0125802 -0.605115
-0.00214385 -0.0124828 -0.60512
-0.00224126 -0.0124828 -0.605118
-0.00233866 -0.0124828 -0.605115
-0.00214385 -0.0123854 -0.60512
-0.00224126 -0.0123854 -0.605118
-0.00233866 -0.0123854 -0.605115
-0.00214385 -0.012288 -0.60512
-0.00224126 -0.012288 -0.605118
-0.00233866 -0.012288 -0.605115
-0.00214385 -0.0121906 -0.60512
-0.00224126 -0.0121906 -0.605118
-0.00233866 -0.0121906 -0.605115
-0.00214385 -0.0120932 -0.60512
-0.00224126 -0.0120932 -0.605118
-0.00233866 -0.0120932 -0.605115
-0.00214385 -0.0119958 -0.60512
-0.00224126 -0.0119958 -0.605118
-0.00233866 -0.0119958 -0.605116
-0.00214385 -0.0118984 -0.605121
-0.00224126 -0.0118984 -0.605118
-0.00233866 -0.0118984 -0.605116
-0.00214385 -0.011801 -0.605121
-0.00224126 -0.011801 -0.605118
-0.00233866 -0.011801 -0.605116
-0.00214385 -0.0117036 -0.605121
-0.00224126 -0.0117036 -0.605118
-0.00233866 -0.0117036 -0.605116
-0.00214385 -0.0116061 -0.605121
-0.00224126 -0.0116061 -0.605118
-0.00233866 -0.0116061 -0.605116
-0.00214385 -0.0115087 -0.605121
-0.00224126 -0.0115087 -0.605118
-0.00233866 -0.0115087 -0.605116
-0.00214385 -0.0114113 -0.605121
-0.00224126 -0.0114113 -0.605119
-0.00233866 -0.0114113 -0.605116
-0.00214385 -0.0113139 -0.605121
-0.00224126 -0.0113139 -0.605119
-0.00233866 -0.0113139 -0.605116
-0.00214385 -0.0112165 -0.605121
-0.00224126 -0.0112165 -0.605119
-0.00233866 -0.0112165 -0.605116
-0.00214385 -0.0111191 -0.605121
-0.00224126 -0.0111191 -0.605119
-0.00233866 -0.0111191 -0.605116
-0.00214385 -0.0110217 -0.605121
-0.00224126 -0.0110217 -0.605119
-0.00233866 -0.0110217 -0.605116
-0.00214385 -0.0109243 -0.605121
-0.00224126 -0.0109243 -0.605119
-0.00233866 -0.0109243 -0.605117
-0.00214385 -0.0108269 -0.605121
-0.00224126 -0.0108269 -0.605119
-0.00233866 -0.0108269 -0.605117
-0.00214385 -0.0107295 -0.605122
-0.00224126 -0.0107295 -0.605119
-0.00233866 -0.0107295 -0.605117
-0.00214385 -0.0106321 -0.605122
-0.00224126 -0.0106321 -0.605119
-0.00233866 -0.0106321 -0.605117
-0.00214385 -0.0105347 -0.605122
-0.00224126 -0.0105347 -0.605119
-0.00233866 -0.0105347 -0.605117
-0.00214385 -0.0104373 -0.605122
-0.00224126 -0.0104373 -0.605119
-0.00233866 -0.0104373 -0.605117
-0.00214385 -0.0103399 -0.605122
-0.00224126 -0.0103399 -0.605119
-0.00233866 -0.0103399 -0.605117
-0.00214385 -0.0102425 -0.605122
-0.00224126 -0.0102425 -0.60512
-0.00233866 -0.0102425 -0.605117
-0.00214385 -0.010145 -0.605122
-0.00224126 -0.010145 -0.60512
-0.00233866 -0.010145 -0.605117
-0.00214385 -0.0100476 -0.605122
-0.00224126 -0.0100476 -0.60512
-0.00233866 -0.0100476 -0.605117
-0.00214385 -0.00995023 -0.605122
-0.00224126 -0.00995023 -0.60512
-0.00233866 -0.00995023 -0.605117
-0.00214385 -0.00985283 -0.605122
-0.00224126 -0.00985283 -0.60512
-0.00233866 -0.00985283 -0.605117
-0.00214385 -0.00975542 -0.605122
-0.00224126 -0.00975542 -0.60512
-0.00233866 -0.00975542 -0.605118
-0.00214385 -0.00965801 -0.605123
-0.00224126 -0.00965801 -0.60512
-0.00233866 -0.00965801 -0.605118
-0.00214385 -0.00956061 -0.605123
-0.00224126 -0.00956061 -0.60512
-0.00233866 -0.00956061 -0.605118
-0.00214385 -0.0094632 -0.605123
-0.00224126 -0.0094632 -0.60512
-0.00233866 -0.0094632 -0.605118
-0.00214385 -0.00936579 -0.605123
-0.00224126 -0.00936579 -0.60512
-0.00233866 -0.00936579 -0.605118
-0.00214385 -0.00926839 -0.605123
-0.00224126 -0.00926839 -0.60512
-0.00233866 -0.00926839 -0.605118
-0.00214385 -0.00917098 -0.605123
-0.00224126 -0.00917098 -0.605121
-0.00233866 -0.00917098 -0.605118
-0.00214385 -0.00907357 -0.605123
-0.00224126 -0.00907357 -0.605121
-0.00233866 -0.00907357 -0.605118
-0.00214385 -0.00897617 -0.605123
-0.00224126 -0.00897617 -0.605121
-0.00233866 -0.00897617 -0.605118
-0.00214385 -0.00887876 -0.605123
-0.00224126 -0.00887876 -0.605121
-0.00233866 -0.00887876 -0.605118
-0.00214385 -0.00878135 -0.605123
-0.00224126 -0.00878135 -0.605121
-0.00233866 -0.00878135 -0.605118
-0.00214385 -0.00868395 -0.605123
-0.00224126 -0.00868395 -0.605121
-0.00233866 -0.00868395 -0.605119
-0.00214385 -0.00858654 -0.605124
-0.00224126 -0.00858654 -0.605121
-0.00233866 -0.00858654 -0.605119
-0.00214385 -0.00848913 -0.605124
-0.00224126 -0.00848913 -0.605121
-0.00233866 -0.00848913 -0.605119
-0.00214385 -0.00839173 -0.605124
-0.00224126 -0.00839173 -0.605121
-0.00233866 -0.00839173 -0.605119
-0.00214385 -0.00829432 -0.605124
-0.00224126 -0.00829432 -0.605121
-0.00233866 -0.00829432 -0.605119
-0.00214385 -0.00819691 -0.605124
-0.00224126 -0.00819691 -0.605121
-0.00233866 -0.00819691 -0.605119
-0.00214385 -0.00809951 -0.605124
-0.00224126 -0.00809951 -0.605121
-0.00233866 -0.00809951 -0.605119
-0.00214385 -0.0080021 -0.605124
-0.00224126 -0.0080021 -0.605122
-0.00233866 -0.0080021 -0.605119
-0.00214385 -0.00790469 -0.605124
-0.00224126 -0.00790469 -0.605122
-0.00233866 -0.00790469 -0.605119
-0.00214385 -0.00780729 -0.605124
-0.00224126 -0.00780729 -0.605122
-0.00233866 -0.00780729 -0.605119
-0.00214385 -0.00770988 -0.605124
-0.00224126 -0.00770988 -0.605122
-0.00233866 -0.00770988 -0.605119
-0.00214385 -0.00761247 -0.605124
-0.00224126 -0.00761247 -0.605122
-0.00233866 -0.00761247 -0.605119
-0.00214385 -0.00751507 -0.605124
-0.00224126 -0.00751507 -0.605122
-0.00233866 -0.00751507 -0.60512
-0.00214385 -0.00741766 -0.605125
-0.00224126 -0.00741766 -0.605122
-0.00233866 -0.00741766 -0.60512
-0.00214385 -0.00732026 -0.605125
-0.00224126 -0.00732026 -0.605122
-0.00233866 -0.00732026 -0.60512
-0.00214385 -0.00722285 -0.605125
-0.00224126 -0.00722285 -0.605122
-0.00233866 -0.00722285 -0.60512
-0.00214385 -0.00712544 -0.605125
-0.00224126 -0.00712544 -0.605122
-0.00233866 -0.00712544 -0.60512
-0.00214385 -0.00702803 -0.605125
-0.00224126 -0.00702803 -0.605122
-0.00233866 -0.00702803 -0.60512
-0.00214385 -0.00693063 -0.605125
-0.00224126 -0.00693063 -0.605123
-0.00233866 -0.00693063 -0.60512
-0.00214385 -0.00683322 -0.605125
-0.00224126 -0.00683322 -0.605123
-0.00233866 -0.00683322 -0.60512
-0.00214385 -0.00673582 -0.605125
-0.00224126 -0.00673582 -0.605123
-0.00233866 -0.00673582 -0.60512
-0.00214385 -0.00663841 -0.605125
-0.00224126 -0.00663841 -0.605123
-0.00233866 -0.00663841 -0.60512
-0.00214385 -0.006541 -0.605125
-0.00224126 -0.006541 -0.605123
-0.00233866 -0.006541 -0.60512
-0.00214385 -0.0064436 -0.605125
-0.00224126 -0.0064436 -0.605123
-0.00233866 -0.0064436 -0.605121
-0.00214385 -0.00634619 -0.605125
-0.00224126 -0.00634619 -0.605123
-0.00233866 -0.00634619 -0.605121
-0.00214385 -0.00624878 -0.605126
-0.00224126 -0.00624878 -0.605123
-0.00233866 -0.00624878 -0.605121
-0.00214385 -0.00615138 -0.605126
-0.00224126 -0.00615138 -0.605123
-0.00233866 -0.00615138 -0.605121
-0.00214385 -0.00605397 -0.605126
-0.00224126 -0.00605397 -0.605123
-0.00233866 -0.00605397 -0.605121
-0.00214385 -0.00595656 -0.605126
-0.00224126 -0.00595656 -0.605123
-0.00233866 -0.00595656 -0.605121
-0.00214385 -0.00585916 -0.605126
-0.00224126 -0.00585916 -0.605124
-0.00233866 -0.00585916 -0.605121
-0.00214385 -0.00576175 -0.605126
-0.00224126 -0.00576175 -0.605124
-0.00233866 -0.00576175 -0.605121
-0.00214385 -0.00566434 -0.605126
-0.00224126 -0.00566434 -0.605124
-0.00233866 -0.00566434 -0.605121
