-0.0016324 -0.0471373 -1.47499
-0.00229312 -0.0471373 -1.47498
-0.00295384 -0.0471373 -1.47497
-0.0016324 -0.0464766 -1.47499
-0.00229312 -0.0464766 -1.47498
-0.00295384 -0.0464766 -1.47497
-0.0016324 -0.0458159 -1.47499
-0.00229312 -0.0458159 -1.47498
-0.00295384 -0.0458159 -1.47497
-0.0016324 -0.0451552 -1.47499
-0.00229312 -0.0451552 -1.47498
-0.00295384 -0.0451552 -1.47497
-0.0016324 -0.0444945 -1.47499
-0.00229312 -0.0444945 -1.47498
-0.00295384 -0.0444945 -1.47497
-0.0016324 -0.0438338 -1.47499
-0.00229312 -0.0438338 -1.47498
-0.00295384 -0.0438338 -1.47497
-0.0016324 -0.043173 -1.475
-0.00229312 -0.043173 -1.47498
-0.00295384 -0.043173 -1.47497
-0.0016324 -0.0425123 -1.475
-0.00229312 -0.0425123 -1.47499
-0.00295384 -0.0425123 -1.47497
-0.0016324 -0.0418516 -1.475
-0.00229312 -0.0418516 -1.47499
-0.00295384 -0.0418516 -1.47497
-0.0016324 -0.0411909 -1.475
-0.00229312 -0.0411909 -1.47499
-0.00295384 -0.0411909 -1.47498
-0.0016324 -0.0405302 -1.475
-0.00229312 -0.0405302 -1.47499
-0.00295384 -0.0405302 -1.47498
-0.0016324 -0.0398694 -1.475
-0.00229312 -0.0398694 -1.47499
-0.00295384 -0.0398694 -1.47498
-0.0016324 -0.0392087 -1.475
-0.00229312 -0.0392087 -1.47499
-0.00295384 -0.0392087 -1.47498
-0.0016324 -0.038548 -1.475
-0.00229312 -0.038548 -1.47499
-0.00295384 -0.038548 -1.47498
-0.0016324 -0.0378873 -1.475
-0.00229312 -0.0378873 -1.47499
-0.00295384 -0.0378873 -1.47498
-0.0016324 -0.0372266 -1.475
-0.00229312 -0.0372266 -1.47499
-0.00295384 -0.0372266 -1.47498
-0.0016324 -0.0365659 -1.475
-0.00229312 -0.0365659 -1.47499
-0.00295384 -0.0365659 -1.47498
-0.0016324 -0.0359051 -1.475
-0.00229312 -0.0359051 -1.47499
-0.00295384 -0.0359051 -1.47498
-0.0016324 -0.0352444 -1.475
-0.00229312 -0.0352444 -1.47499
-0.00295384 -0.0352444 -1.47498
-0.0016324 -0.0345837 -1.475
-0.00229312 -0.0345837 -1.47499
-0.00295384 -0.0345837 -1.47498
-0.0016324 -0.033923 -1.475
-0.00229312 -0.033923 -1.47499
-0.00295384 -0.033923 -1.47498
-0.0016324 -0.0332623 -1.475
-0.00229312 -0.0332623 -1.47499
-0.00295384 -0.0332623 -1.47498
-0.0016324 -0.0326015 -1.47501
-0.00229312 -0.0326015 -1.47499
-0.00295384 -0.0326015 -1.47498
-0.0016324 -0.0319408 -1.47501
-0.00229312 -0.0319408 -1.475
-0.00295384 -0.0319408 -1.47498
-0.0016324 -0.0312801 -1.47501
-0.00229312 -0.0312801 -1.475
-0.00295384 -0.0312801 -1.47498
-0.0016324 -0.0306194 -1.47501
-0.00229312 -0.0306194 -1.475
-0.00295384 -0.0306194 -1.47499
-0.0016324 -0.0299587 -1.47501
-0.00229312 -0.0299587 -1.475
-0.00295384 -0.0299587 -1.47499
-0.0016324 -0.0292979 -1.47501
-0.00229312 -0.0292979 -1.475
-0.00295384 -0.0292979 -1.47499
-0.0016324 -0.0286372 -1.47501
-0.00229312 -0.0286372 -1.475
-0.00295384 -0.0286372 -1.47499
-0.0016324 -0.0279765 -1.47501
-0.00229312 -0.0279765 -1.475
-0.00295384 -0.0279765 -1.47499
-0.0016324 -0.0273158 -1.47501
-0.00229312 -0.0273158 -1.475
-0.00295384 -0.0273158 -1.47499
-0.0016324 -0.0266551 -1.47501
-0.00229312 -0.0266551 -1.475
-0.00295384 -0.0266551 -1.47499
-0.0016324 -0.0259944 -1.47501
-0.00229312 -0.0259944 -1.475
-0.00295384 -0.0259944 -1.47499
-0.0016324 -0.0253336 -1.47501
-0.00229312 -0.0253336 -1.475
-0.00295384 -0.0253336 -1.47499
-0.0016324 -0.0246729 -1.47501
-0.00229312 -0.0246729 -1.475
-0.00295384 -0.0246729 -1.47499
-0.0016324 -0.0240122 -1.47501
-0.00229312 -0.0240122 -1.475
-0.00295384 -0.0240122 -1.47499
-0.0016324 -0.0233515 -1.47501
-0.00229312 -0.0233515 -1.475
-0.00295384 -0.0233515 -1.47499
-0.0016324 -0.0226908 -1.47501
-0.00229312 -0.0226908 -1.475
-0.00295384 -0.0226908 -1.47499
-0.0016324 -0.02203 -1.47502
-0.00229312 -0.02203 -1.475
-0.00295384 -0.02203 -1.47499
-0.0016324 -0.0213693 -1.47502
-0.00229312 -0.0213693 -1.47501
-0.00295384 -0.0213693 -1.47499
-0.0016324 -0.0207086 -1.47502
-0.00229312 -0.0207086 -1.47501
-0.00295384 -0.0207086 -1.47499
-0.0016324 -0.0200479 -1.47502
-0.00229312 -0.0200479 -1.47501
-0.00295384 -0.0200479 -1.475
-0.0016324 -0.0193872 -1.47502
-0.00229312 -0.0193872 -1.47501
-0.00295384 -0.0193872 -1.475
-0.0016324 -0.0187265 -1.47502
-0.00229312 -0.0187265 -1.47501
-0.00295384 -0.0187265 -1.475
-0.0016324 -0.0180657 -1.47502
-0.00229312 -0.0180657 -1.47501
-0.00295384 -0.0180657 -1.475
-0.0016324 -0.017405 -1.47502
-0.00229312 -0.017405 -1.47501
-0.00295384 -0.017405 -1.475
-0.0016324 -0.0167443 -1.47502
-0.00229312 -0.0167443 -1.47501
-0.00295384 -0.0167443 -1.475
-0.0016324 -0.0160836 -1.47502
-0.00229312 -0.0160836 -1.47501
-0.00295384 -0.0160836 -1.475
-0.0016324 -0.0154229 -1.47502
-0.00229312 -0.0154229 -1.47501
-0.00295384 -0.0154229 -1.475
-0.0016324 -0.0147621 -1.47502
-0.00229312 -0.0147621 -1.47501
-0.00295384 -0.0147621 -1.475
-0.0016324 -0.0141014 -1.47502
-0.00229312 -0.0141014 -1.47501
-0.00295384 -0.0141014 -1.475
-0.0016324 -0.0134407 -1.47502
-0.00229312 -0.0134407 -1.47501
-0.00295384 -0.0134407 -1.475
-0.0016324 -0.01278 -1.47502
-0.00229312 -0.01278 -1.47501
-0.00295384 -0.01278 -1.475
-0.0016324 -0.0121193 -1.47502
-0.00229312 -0.0121193 -1.47501
-0.00295384 -0.0121193 -1.475
-0.0016324 -0.0114585 -1.47503
-0.00229312 -0.0114585 -1.47501
-0.00295384 -0.0114585 -1.475
-0.0016324 -0.0107978 -1.47503
-0.00229312 -0.0107978 -1.47502
-0.00295384 -0.0107978 -1.475
-0.0016324 -0.0101371 -1.47503
-0.00229312 -0.0101371 -1.47502
-0.00295384 -0.0101371 -1.475
-0.0016324 -0.00947639 -1.47503
-0.00229312 -0.00947639 -1.47502
-0.00295384 -0.00947639 -1.47501
-0.0016324 -0.00881568 -1.47503
-0.00229312 -0.00881568 -1.47502
-0.00295384 -0.00881568 -1.47501
-0.0016324 -0.00815496 -1.47503
-0.00229312 -0.00815496 -1.47502
-0.00295384 -0.00815496 -1.47501
-0.0016324 -0.00749424 -1.47503
-0.00229312 -0.00749424 -1.47502
-0.00295384 -0.00749424 -1.47501
-0.0016324 -0.00683352 -1.47503
-0.00229312 -0.00683352 -1.47502
-0.00295384 -0.00683352 -1.47501
-0.0016324 -0.0061728 -1.47503
-0.00229312 -0.0061728 -1.47502
-0.00295384 -0.0061728 -1.47501
-0.0016324 -0.00551208 -1.47503
-0.00229312 -0.00551208 -1.47502
-0.00295384 -0.00551208 -1.47501
-0.0016324 -0.00485136 -1.47503
-0.00229312 -0.00485136 -1.47502
-0.00295384 -0.00485136 -1.47501
-0.0016324 -0.00419064 -1.47503
-0.00229312 -0.00419064 -1.47502
-0.00295384 -0.00419064 -1.47501
-0.0016324 -0.00352993 -1.47503
-0.00229312 -0.00352993 -1.47502
-0.00295384 -0.00352993 -1.47501
-0.0016324 -0.00286921 -1.47503
-0.00229312 -0.00286921 -1.47502
-0.00295384 -0.00286921 -1.47501
-0.0016324 -0.00220849 -1.47503
-0.00229312 -0.00220849 -1.47502
-0.00295384 -0.00220849 -1.47501
-0.0016324 -0.00154777 -1.47503
-0.00229312 -0.00154777 -1.47502
-0.00295384 -0.00154777 -1.47501
-0.0016324 -0.000887052 -1.47504
-0.00229312 -0.000887052 -1.47502
-0.00295384 -0.000887052 -1.47501
-0.0016324 -0.000226333 -1.47504
-0.00229312 -0.000226333 -1.47502
-0.00295384 -0.000226333 -1.47501
-0.0016324 0.000434385 -1.47504
-0.00229312 0.000434385 -1.47503
-0.00295384 0.000434385 -1.47501
-0.0016324 0.0010951 -1.47504
-0.00229312 0.0010951 -1.47503
-0.00295384 0.0010951 -1.47502
-0.0016324 0.00175582 -1.47504
-0.00229312 0.00175582 -1.47503
-0.00295384 0.00175582 -1.47502
-0.0016324 0.00241654 -1.47504
-0.00229312 0.00241654 -1.47503
-0.00295384 0.00241654 -1.47502
-0.0016324 0.00307726 -1.47504
-0.00229312 0.00307726 -1.47503
-0.00295384 0.00307726 -1.47502
-0.0016324 0.00373798 -1.47504
-0.00229312 0.00373798 -1.47503
-0.00295384 0.00373798 -1.47502
-0.0016324 0.0043987 -1.47504
-0.00229312 0.0043987 -1.47503
-0.00295384 0.0043987 -1.47502
-0.0016324 0.00505942 -1.47504
-0.00229312 0.00505942 -1.47503
-0.00295384 0.00505942 -1.47502
-0.0016324 0.00572013 -1.47504
-0.00229312 0.00572013 -1.47503
-0.00295384 0.00572013 -1.47502
-0.0016324 0.00638085 -1.47504
-0.00229312 0.00638085 -1.47503
-0.00295384 0.00638085 -1.47502
-0.0016324 0.00704157 -1.47504
-0.00229312 0.00704157 -1.47503
-0.00295384 0.00704157 -1.47502
-0.0016324 0.00770229 -1.47504
-0.00229312 0.00770229 -1.47503
-0.00295384 0.00770229 -1.47502
-0.0016324 0.00836301 -1.47504
-0.00229312 0.00836301 -1.47503
-0.00295384 0.00836301 -1.47502
-0.0016324 0.00902373 -1.47504
-0.00229312 0.00902373 -1.47503
-0.00295384 0.00902373 -1.47502
-0.0016324 0.00968445 -1.47505
-0.00229312 0.00968445 -1.47503
-0.00295384 0.00968445 -1.47502
-0.0016324 0.0103452 -1.47505
-0.00229312 0.0103452 -1.47503
-0.00295384 0.0103452 -1.47502
-0.0016324 0.0110059 -1.47505
-0.00229312 0.0110059 -1.47504
-0.00295384 0.0110059 -1.47502
-0.0016324 0.0116666 -1.47505
-0.00229312 0.0116666 -1.47504
-0.00295384 0.0116666 -1.47503
-0.0016324 0.0123273 -1.47505
-0.00229312 0.0123273 -1.47504
-0.00295384 0.0123273 -1.47503
-0.0016324 0.012988 -1.47505
-0.00229312 0.012988 -1.47504
-0.00295384 0.012988 -1.47503
-0.0016324 0.0136488 -1.47505
-0.00229312 0.0136488 -1.47504
-0.00295384 0.0136488 -1.47503
-0.0016324 0.0143095 -1.47505
-0.00229312 0.0143095 -1.47504
-0.00295384 0.0143095 -1.47503
-0.0016324 0.0149702 -1.47505
-0.00229312 0.0149702 -1.47504
-0.00295384 0.0149702 -1.47503
-0.0016324 0.0156309 -1.47505
-0.00229312 0.0156309 -1.47504
-0.00295384 0.0156309 -1.47503
-0.0016324 0.0162916 -1.47505
-0.00229312 0.0162916 -1.47504
-0.00295384 0.0162916 -1.47503
-0.0016324 0.0169523 -1.47505
-0.00229312 0.0169523 -1.47504
-0.00295384 0.0169523 -1.47503
-0.0016324 0.0176131 -1.47505
-0.00229312 0.0176131 -1.47504
-0.00295384 0.0176131 -1.47503
-0.0016324 0.0182738 -1.47505
-0.00229312 0.0182738 -1.47504
-0.00295384 0.0182738 -1.47503
-0.0016324 0.0189345 -1.47505
-0.00229312 0.0189345 -1.47504
-0.00295384 0.0189345 -1.47503
-0.0016324 0.0195952 -1.47505
-0.00229312 0.0195952 -1.47504
-0.00295384 0.0195952 -1.47503
-0.0016324 0.0202559 -1.47506
-0.00229312 0.0202559 -1.47504
-0.00295384 0.0202559 -1.47503
-0.0016324 0.0209167 -1.47506
-0.00229312 0.0209167 -1.47504
-0.00295384 0.0209167 -1.47503
-0.0016324 0.0215774 -1.47506
-0.00229312 0.0215774 -1.47505
-0.00295384 0.0215774 -1.47503
-0.0016324 0.0222381 -1.47506
-0.00229312 0.0222381 -1.47505
-0.00295384 0.0222381 -1.47504
-0.0016324 0.0228988 -1.47506
-0.00229312 0.0228988 -1.47505
-0.00295384 0.0228988 -1.47504
-0.0016324 0.0235595 -1.47506
-0.00229312 0.0235595 -1.47505
-0.00295384 0.0235595 -1.47504
-0.0016324 0.0242203 -1.47506
-0.00229312 0.0242203 -1.47505
-0.00295384 0.0242203 -1.47504
-0.0016324 0.024881 -1.47506
-0.00229312 0.024881 -1.47505
-0.00295384 0.024881 -1.47504
-0.0016324 0.0255417 -1.47506
-0.00229312 0.0255417 -1.47505
-0.00295384 0.0255417 -1.47504
