0.0203854 0.0680574 -1.49898
0.0209036 0.0680574 -1.49898
0.0214218 0.0680574 -1.49897
0.0203854 0.0675392 -1.49898
0.0209036 0.0675392 -1.49898
0.0214218 0.0675392 -1.49897
0.0203854 0.0670209 -1.49898
0.0209036 0.0670209 -1.49898
0.0214218 0.0670209 -1.49897
0.0203854 0.0665027 -1.49899
0.0209036 0.0665027 -1.49898
0.0214218 0.0665027 -1.49897
0.0203854 0.0659845 -1.49899
0.0209036 0.0659845 -1.49898
0.0214218 0.0659845 -1.49897
0.0203854 0.0654663 -1.49899
0.0209036 0.0654663 -1.49898
0.0214218 0.0654663 -1.49897
0.0203854 0.0649481 -1.49899
0.0209036 0.0649481 -1.49898
0.0214218 0.0649481 -1.49897
0.0203854 0.0644298 -1.49899
0.0209036 0.0644298 -1.49898
0.0214218 0.0644298 -1.49897
0.0203854 0.0639116 -1.49899
0.0209036 0.0639116 -1.49898
0.0214218 0.0639116 -1.49897
0.0203854 0.0633934 -1.49899
0.0209036 0.0633934 -1.49898
0.0214218 0.0633934 -1.49897
0.0203854 0.0628752 -1.49899
0.0209036 0.0628752 -1.49898
0.0214218 0.0628752 -1.49897
0.0203854 0.0623569 -1.49899
0.0209036 0.0623569 -1.49898
0.0214218 0.0623569 -1.49897
0.0203854 0.0618387 -1.49899
0.0209036 0.0618387 -1.49898
0.0214218 0.0618387 -1.49897
0.0203854 0.0613205 -1.49899
0.0209036 0.0613205 -1.49898
0.0214218 0.0613205 -1.49898
0.0203854 0.0608023 -1.49899
0.0209036 0.0608023 -1.49898
0.0214218 0.0608023 -1.49898
0.0203854 0.060284 -1.49899
0.0209036 0.060284 -1.49898
0.0214218 0.060284 -1.49898
0.0203854 0.0597658 -1.49899
0.0209036 0.0597658 -1.49899
0.0214218 0.0597658 -1.49898
0.0203854 0.0592476 -1.49899
0.0209036 0.0592476 -1.49899
0.0214218 0.0592476 -1.49898
0.0203854 0.0587294 -1.49899
0.0209036 0.0587294 -1.49899
0.0214218 0.0587294 -1.49898
0.0203854 0.0582111 -1.499
0.0209036 0.0582111 -1.49899
0.0214218 0.0582111 -1.49898
0.0203854 0.0576929 -1.499
0.0209036 0.0576929 -1.49899
0.0214218 0.0576929 -1.49898
0.0203854 0.0571747 -1.499
0.0209036 0.0571747 -1.49899
0.0214218 0.0571747 -1.49898
0.0203854 0.0566565 -1.499
0.0209036 0.0566565 -1.49899
0.0214218 0.0566565 -1.49898
0.0203854 0.0561382 -1.499
0.0209036 0.0561382 -1.49899
0.0214218 0.0561382 -1.49898
0.0203854 0.05562 -1.499
0.0209036 0.05562 -1.49899
0.0214218 0.05562 -1.49898
0.0203854 0.0551018 -1.499
0.0209036 0.0551018 -1.49899
0.0214218 0.0551018 -1.49898
0.0203854 0.0545836 -1.499
0.0209036 0.0545836 -1.49899
0.0214218 0.0545836 -1.49898
0.0203854 0.0540653 -1.499
0.0209036 0.0540653 -1.49899
0.0214218 0.0540653 -1.49898
0.0203854 0.0535471 -1.499
0.0209036 0.0535471 -1.49899
0.0214218 0.0535471 -1.49898
0.0203854 0.0530289 -1.499
0.0209036 0.0530289 -1.49899
0.0214218 0.0530289 -1.49899
0.0203854 0.0525107 -1.499
0.0209036 0.0525107 -1.49899
0.0214218 0.0525107 -1.49899
0.0203854 0.0519924 -1.499
0.0209036 0.0519924 -1.49899
0.0214218 0.0519924 -1.49899
0.0203854 0.0514742 -1.499
0.0209036 0.0514742 -1.499
0.0214218 0.0514742 -1.49899
0.0203854 0.050956 -1.499
0.0209036 0.050956 -1.499
0.0214218 0.050956 -1.49899
0.0203854 0.0504378 -1.499
0.0209036 0.0504378 -1.499
0.0214218 0.0504378 -1.49899
0.0203854 0.0499195 -1.49901
0.0209036 0.0499195 -1.499
0.0214218 0.0499195 -1.49899
0.0203854 0.0494013 -1.49901
0.0209036 0.0494013 -1.499
0.0214218 0.0494013 -1.49899
0.0203854 0.0488831 -1.49901
0.0209036 0.0488831 -1.499
0.0214218 0.0488831 -1.49899
0.0203854 0.0483649 -1.49901
0.0209036 0.0483649 -1.499
0.0214218 0.0483649 -1.49899
0.0203854 0.0478467 -1.49901
0.0209036 0.0478467 -1.499
0.0214218 0.0478467 -1.49899
0.0203854 0.0473284 -1.49901
0.0209036 0.0473284 -1.499
0.0214218 0.0473284 -1.49899
0.0203854 0.0468102 -1.49901
0.0209036 0.0468102 -1.499
0.0214218 0.0468102 -1.49899
0.0203854 0.046292 -1.49901
0.0209036 0.046292 -1.499
0.0214218 0.046292 -1.49899
0.0203854 0.0457738 -1.49901
0.0209036 0.0457738 -1.499
0.0214218 0.0457738 -1.49899
0.0203854 0.0452555 -1.49901
0.0209036 0.0452555 -1.499
0.0214218 0.0452555 -1.49899
0.0203854 0.0447373 -1.49901
0.0209036 0.0447373 -1.499
0.0214218 0.0447373 -1.499
0.0203854 0.0442191 -1.49901
0.0209036 0.0442191 -1.499
0.0214218 0.0442191 -1.499
0.0203854 0.0437009 -1.49901
0.0209036 0.0437009 -1.499
0.0214218 0.0437009 -1.499
0.0203854 0.0431826 -1.49901
0.0209036 0.0431826 -1.49901
0.0214218 0.0431826 -1.499
0.0203854 0.0426644 -1.49901
0.0209036 0.0426644 -1.49901
0.0214218 0.0426644 -1.499
0.0203854 0.0421462 -1.49901
0.0209036 0.0421462 -1.49901
0.0214218 0.0421462 -1.499
0.0203854 0.041628 -1.49902
0.0209036 0.041628 -1.49901
0.0214218 0.041628 -1.499
0.0203854 0.0411097 -1.49902
0.0209036 0.0411097 -1.49901
0.0214218 0.0411097 -1.499
0.0203854 0.0405915 -1.49902
0.0209036 0.0405915 -1.49901
0.0214218 0.0405915 -1.499
0.0203854 0.0400733 -1.49902
0.0209036 0.0400733 -1.49901
0.0214218 0.0400733 -1.499
0.0203854 0.0395551 -1.49902
0.0209036 0.0395551 -1.49901
0.0214218 0.0395551 -1.499
0.0203854 0.0390368 -1.49902
0.0209036 0.0390368 -1.49901
0.0214218 0.0390368 -1.499
0.0203854 0.0385186 -1.49902
0.0209036 0.0385186 -1.49901
0.0214218 0.0385186 -1.499
0.0203854 0.0380004 -1.49902
0.0209036 0.0380004 -1.49901
0.0214218 0.0380004 -1.499
0.0203854 0.0374822 -1.49902
0.0209036 0.0374822 -1.49901
0.0214218 0.0374822 -1.499
0.0203854 0.0369639 -1.49902
0.0209036 0.0369639 -1.49901
0.0214218 0.0369639 -1.499
0.0203854 0.0364457 -1.49902
0.0209036 0.0364457 -1.49901
0.0214218 0.0364457 -1.49901
0.0203854 0.0359275 -1.49902
0.0209036 0.0359275 -1.49901
0.0214218 0.0359275 -1.49901
0.0203854 0.0354093 -1.49902
0.0209036 0.0354093 -1.49901
0.0214218 0.0354093 -1.49901
0.0203854 0.034891 -1.49902
0.0209036 0.034891 -1.49902
0.0214218 0.034891 -1.49901
0.0203854 0.0343728 -1.49902
0.0209036 0.0343728 -1.49902
0.0214218 0.0343728 -1.49901
0.0203854 0.0338546 -1.49902
0.0209036 0.0338546 -1.49902
0.0214218 0.0338546 -1.49901
0.0203854 0.0333364 -1.49903
0.0209036 0.0333364 -1.49902
0.0214218 0.0333364 -1.49901
0.0203854 0.0328181 -1.49903
0.0209036 0.0328181 -1.49902
0.0214218 0.0328181 -1.49901
0.0203854 0.0322999 -1.49903
0.0209036 0.0322999 -1.49902
0.0214218 0.0322999 -1.49901
0.0203854 0.0317817 -1.49903
0.0209036 0.0317817 -1.49902
0.0214218 0.0317817 -1.49901
0.0203854 0.0312635 -1.49903
0.0209036 0.0312635 -1.49902
0.0214218 0.0312635 -1.49901
0.0203854 0.0307453 -1.49903
0.0209036 0.0307453 -1.49902
0.0214218 0.0307453 -1.49901
0.0203854 0.030227 -1.49903
0.0209036 0.030227 -1.49902
0.0214218 0.030227 -1.49901
0.0203854 0.0297088 -1.49903
0.0209036 0.0297088 -1.49902
0.0214218 0.0297088 -1.49901
0.0203854 0.0291906 -1.49903
0.0209036 0.0291906 -1.49902
0.0214218 0.0291906 -1.49901
0.0203854 0.0286724 -1.49903
0.0209036 0.0286724 -1.49902
0.0214218 0.0286724 -1.49901
0.0203854 0.0281541 -1.49903
0.0209036 0.0281541 -1.49902
0.0214218 0.0281541 -1.49902
0.0203854 0.0276359 -1.49903
0.0209036 0.0276359 -1.49902
0.0214218 0.0276359 -1.49902
0.0203854 0.0271177 -1.49903
0.0209036 0.0271177 -1.49902
0.0214218 0.0271177 -1.49902
0.0203854 0.0265995 -1.49903
0.0209036 0.0265995 -1.49903
0.0214218 0.0265995 -1.49902
0.0203854 0.0260812 -1.49903
0.0209036 0.0260812 -1.49903
0.0214218 0.0260812 -1.49902
0.0203854 0.025563 -1.49903
0.0209036 0.025563 -1.49903
0.0214218 0.025563 -1.49902
0.0203854 0.0250448 -1.49904
0.0209036 0.0250448 -1.49903
0.0214218 0.0250448 -1.49902
0.0203854 0.0245266 -1.49904
0.0209036 0.0245266 -1.49903
0.0214218 0.0245266 -1.49902
0.0203854 0.0240083 -1.49904
0.0209036 0.0240083 -1.49903
0.0214218 0.0240083 -1.49902
0.0203854 0.0234901 -1.49904
0.0209036 0.0234901 -1.49903
0.0214218 0.0234901 -1.49902
0.0203854 0.0229719 -1.49904
0.0209036 0.0229719 -1.49903
0.0214218 0.0229719 -1.49902
0.0203854 0.0224537 -1.49904
0.0209036 0.0224537 -1.49903
0.0214218 0.0224537 -1.49902
0.0203854 0.0219354 -1.49904
0.0209036 0.0219354 -1.49903
0.0214218 0.0219354 -1.49902
0.0203854 0.0214172 -1.49904
0.0209036 0.0214172 -1.49903
0.0214218 0.0214172 -1.49902
0.0203854 0.020899 -1.49904
0.0209036 0.020899 -1.49903
0.0214218 0.020899 -1.49902
0.0203854 0.0203808 -1.49904
0.0209036 0.0203808 -1.49903
0.0214218 0.0203808 -1.49903
0.0203854 0.0198625 -1.49904
0.0209036 0.0198625 -1.49903
0.0214218 0.0198625 -1.49903
0.0203854 0.0193443 -1.49904
0.0209036 0.0193443 -1.49903
0.0214218 0.0193443 -1.49903
0.0203854 0.0188261 -1.49904
0.0209036 0.0188261 -1.49903
0.0214218 0.0188261 -1.49903
0.0203854 0.0183079 -1.49904
0.0209036 0.0183079 -1.49904
0.0214218 0.0183079 -1.49903
0.0203854 0.0177896 -1.49904
0.0209036 0.0177896 -1.49904
0.0214218 0.0177896 -1.49903
0.0203854 0.0172714 -1.49904
0.0209036 0.0172714 -1.49904
0.0214218 0.0172714 -1.49903
0.0203854 0.0167532 -1.49905
0.0209036 0.0167532 -1.49904
0.0214218 0.0167532 -1.49903
0.0203854 0.016235 -1.49905
0.0209036 0.016235 -1.49904
0.0214218 0.016235 -1.49903
0.0203854 0.0157168 -1.49905
0.0209036 0.0157168 -1.49904
0.0214218 0.0157168 -1.49903
0.0203854 0.0151985 -1.49905
0.0209036 0.0151985 -1.49904
0.0214218 0.0151985 -1.49903
0.0203854 0.0146803 -1.49905
0.0209036 0.0146803 -1.49904
0.0214218 0.0146803 -1.49903
0.0203854 0.0141621 -1.49905
0.0209036 0.0141621 -1.49904
0.0214218 0.0141621 -1.49903
0.0203854 0.0136439 -1.49905
0.0209036 0.0136439 -1.49904
0.0214218 0.0136439 -1.49903
0.0203854 0.0131256 -1.49905
0.0209036 0.0131256 -1.49904
0.0214218 0.0131256 -1.49903
0.0203854 0.0126074 -1.49905
0.0209036 0.0126074 -1.49904
0.0214218 0.0126074 -1.49903
0.0203854 0.0120892 -1.49905
0.0209036 0.0120892 -1.49904
0.0214218 0.0120892 -1.49904
0.0203854 0.011571 -1.49905
0.0209036 0.011571 -1.49904
0.0214218 0.011571 -1.49904
0.0203854 0.0110527 -1.49905
0.0209036 0.0110527 -1.49904
0.0214218 0.0110527 -1.49904
