-0.00134055 0.0557361 -1.52247
0.000164069 0.0557361 -1.52246
0.00166869 0.0557361 -1.52246
-0.00134055 0.0542315 -1.52247
0.000164069 0.0542315 -1.52246
0.00166869 0.0542315 -1.52245
-0.00134055 0.0527269 -1.52247
0.000164069 0.0527269 -1.52246
0.00166869 0.0527269 -1.52245
-0.00134055 0.0512222 -1.52247
0.000164069 0.0512222 -1.52246
0.00166869 0.0512222 -1.52245
-0.00134055 0.0497176 -1.52247
0.000164069 0.0497176 -1.52246
0.00166869 0.0497176 -1.52245
-0.00134055 0.048213 -1.52247
0.000164069 0.048213 -1.52246
0.00166869 0.048213 -1.52245
-0.00134055 0.0467084 -1.52246
0.000164069 0.0467084 -1.52246
0.00166869 0.0467084 -1.52245
-0.00134055 0.0452037 -1.52246
0.000164069 0.0452037 -1.52246
0.00166869 0.0452037 -1.52245
-0.00134055 0.0436991 -1.52246
0.000164069 0.0436991 -1.52246
0.00166869 0.0436991 -1.52245
-0.00134055 0.0421945 -1.52246
0.000164069 0.0421945 -1.52246
0.00166869 0.0421945 -1.52245
-0.00134055 0.0406899 -1.52246
0.000164069 0.0406899 -1.52246
0.00166869 0.0406899 -1.52245
-0.00134055 0.0391853 -1.52246
0.000164069 0.0391853 -1.52245
0.00166869 0.0391853 -1.52245
-0.00134055 0.0376806 -1.52246
0.000164069 0.0376806 -1.52245
0.00166869 0.0376806 -1.52245
-0.00134055 0.036176 -1.52246
0.000164069 0.036176 -1.52245
0.00166869 0.036176 -1.52245
-0.00134055 0.0346714 -1.52246
0.000164069 0.0346714 -1.52245
0.00166869 0.0346714 -1.52245
-0.00134055 0.0331668 -1.52246
0.000164069 0.0331668 -1.52245
0.00166869 0.0331668 -1.52245
-0.00134055 0.0316622 -1.52246
0.000164069 0.0316622 -1.52245
0.00166869 0.0316622 -1.52244
-0.00134055 0.0301575 -1.52246
0.000164069 0.0301575 -1.52245
0.00166869 0.0301575 -1.52244
-0.00134055 0.0286529 -1.52246
0.000164069 0.0286529 -1.52245
0.00166869 0.0286529 -1.52244
-0.00134055 0.0271483 -1.52246
0.000164069 0.0271483 -1.52245
0.00166869 0.0271483 -1.52244
-0.00134055 0.0256437 -1.52246
0.000164069 0.0256437 -1.52245
0.00166869 0.0256437 -1.52244
-0.00134055 0.0241391 -1.52246
0.000164069 0.0241391 -1.52245
0.00166869 0.0241391 -1.52244
-0.00134055 0.0226344 -1.52245
0.000164069 0.0226344 -1.52245
0.00166869 0.0226344 -1.52244
-0.00134055 0.0211298 -1.52245
0.000164069 0.0211298 -1.52245
0.00166869 0.0211298 -1.52244
-0.00134055 0.0196252 -1.52245
0.000164069 0.0196252 -1.52245
0.00166869 0.0196252 -1.52244
-0.00134055 0.0181206 -1.52245
0.000164069 0.0181206 -1.52245
0.00166869 0.0181206 -1.52244
-0.00134055 0.016616 -1.52245
0.000164069 0.016616 -1.52245
0.00166869 0.016616 -1.52244
-0.00134055 0.0151113 -1.52245
0.000164069 0.0151113 -1.52244
0.00166869 0.0151113 -1.52244
-0.00134055 0.0136067 -1.52245
0.000164069 0.0136067 -1.52244
0.00166869 0.0136067 -1.52244
-0.00134055 0.0121021 -1.52245
0.000164069 0.0121021 -1.52244
0.00166869 0.0121021 -1.52244
-0.00134055 0.0105975 -1.52245
0.000164069 0.0105975 -1.52244
0.00166869 0.0105975 -1.52244
-0.00134055 0.00909285 -1.52245
0.000164069 0.00909285 -1.52244
0.00166869 0.00909285 -1.52244
-0.00134055 0.00758823 -1.52245
0.000164069 0.00758823 -1.52244
0.00166869 0.00758823 -1.52243
-0.00134055 0.00608361 -1.52245
0.000164069 0.00608361 -1.52244
0.00166869 0.00608361 -1.52243
-0.00134055 0.00457899 -1.52245
0.000164069 0.00457899 -1.52244
0.00166869 0.00457899 -1.52243
-0.00134055 0.00307437 -1.52245
0.000164069 0.00307437 -1.52244
0.00166869 0.00307437 -1.52243
-0.00134055 0.00156975 -1.52245
0.000164069 0.00156975 -1.52244
0.00166869 0.00156975 -1.52243
-0.00134055 6.51249e-05 -1.52245
0.000164069 6.51249e-05 -1.52244
0.00166869 6.51249e-05 -1.52243
-0.00134055 -0.0014395 -1.52244
0.000164069 -0.0014395 -1.52244
0.00166869 -0.0014395 -1.52243
-0.00134055 -0.00294412 -1.52244
0.000164069 -0.00294412 -1.52244
0.00166869 -0.00294412 -1.52243
-0.00134055 -0.00444874 -1.52244
0.000164069 -0.00444874 -1.52244
0.00166869 -0.00444874 -1.52243
-0.00134055 -0.00595336 -1.52244
0.000164069 -0.00595336 -1.52244
0.00166869 -0.00595336 -1.52243
-0.00134055 -0.00745798 -1.52244
0.000164069 -0.00745798 -1.52244
0.00166869 -0.00745798 -1.52243
-0.00134055 -0.0089626 -1.52244
0.000164069 -0.0089626 -1.52243
0.00166869 -0.0089626 -1.52243
-0.00134055 -0.0104672 -1.52244
0.000164069 -0.0104672 -1.52243
0.00166869 -0.0104672 -1.52243
-0.00134055 -0.0119718 -1.52244
0.000164069 -0.0119718 -1.52243
0.00166869 -0.0119718 -1.52243
-0.00134055 -0.0134765 -1.52244
0.000164069 -0.0134765 -1.52243
0.00166869 -0.0134765 -1.52243
-0.00134055 -0.0149811 -1.52244
0.000164069 -0.0149811 -1.52243
0.00166869 -0.0149811 -1.52243
-0.00134055 -0.0164857 -1.52244
0.000164069 -0.0164857 -1.52243
0.00166869 -0.0164857 -1.52242
-0.00134055 -0.0179903 -1.52244
0.000164069 -0.0179903 -1.52243
0.00166869 -0.0179903 -1.52242
-0.00134055 -0.0194949 -1.52244
0.000164069 -0.0194949 -1.52243
0.00166869 -0.0194949 -1.52242
-0.00134055 -0.0209996 -1.52244
0.000164069 -0.0209996 -1.52243
0.00166869 -0.0209996 -1.52242
-0.00134055 -0.0225042 -1.52244
0.000164069 -0.0225042 -1.52243
0.00166869 -0.0225042 -1.52242
-0.00134055 -0.0240088 -1.52243
0.000164069 -0.0240088 -1.52243
0.00166869 -0.0240088 -1.52242
-0.00134055 -0.0255134 -1.52243
0.000164069 -0.0255134 -1.52243
0.00166869 -0.0255134 -1.52242
-0.00134055 -0.027018 -1.52243
0.000164069 -0.027018 -1.52243
0.00166869 -0.027018 -1.52242
-0.00134055 -0.0285227 -1.52243
0.000164069 -0.0285227 -1.52243
0.00166869 -0.0285227 -1.52242
-0.00134055 -0.0300273 -1.52243
0.000164069 -0.0300273 -1.52243
0.00166869 -0.0300273 -1.52242
-0.00134055 -0.0315319 -1.52243
0.000164069 -0.0315319 -1.52243
0.00166869 -0.0315319 -1.52242
-0.00134055 -0.0330365 -1.52243
0.000164069 -0.0330365 -1.52242
0.00166869 -0.0330365 -1.52242
-0.00134055 -0.0345412 -1.52243
0.000164069 -0.0345412 -1.52242
0.00166869 -0.0345412 -1.52242
-0.00134055 -0.0360458 -1.52243
0.000164069 -0.0360458 -1.52242
0.00166869 -0.0360458 -1.52242
-0.00134055 -0.0375504 -1.52243
0.000164069 -0.0375504 -1.52242
0.00166869 -0.0375504 -1.52242
-0.00134055 -0.039055 -1.52243
0.000164069 -0.039055 -1.52242
0.00166869 -0.039055 -1.52242
-0.00134055 -0.0405596 -1.52243
0.000164069 -0.0405596 -1.52242
0.00166869 -0.0405596 -1.52241
-0.00134055 -0.0420643 -1.52243
0.000164069 -0.0420643 -1.52242
0.00166869 -0.0420643 -1.52241
-0.00134055 -0.0435689 -1.52243
0.000164069 -0.0435689 -1.52242
0.00166869 -0.0435689 -1.52241
-0.00134055 -0.0450735 -1.52243
0.000164069 -0.0450735 -1.52242
0.00166869 -0.0450735 -1.52241
-0.00134055 -0.0465781 -1.52243
0.000164069 -0.0465781 -1.52242
0.00166869 -0.0465781 -1.52241
-0.00134055 -0.0480827 -1.52242
0.000164069 -0.0480827 -1.52242
0.00166869 -0.0480827 -1.52241
-0.00134055 -0.0495874 -1.52242
0.000164069 -0.0495874 -1.52242
0.00166869 -0.0495874 -1.52241
-0.00134055 -0.051092 -1.52242
0.000164069 -0.051092 -1.52242
0.00166869 -0.051092 -1.52241
-0.00134055 -0.0525966 -1.52242
0.000164069 -0.0525966 -1.52242
0.00166869 -0.0525966 -1.52241
-0.00134055 -0.0541012 -1.52242
0.000164069 -0.0541012 -1.52242
0.00166869 -0.0541012 -1.52241
-0.00134055 -0.0556058 -1.52242
0.000164069 -0.0556058 -1.52241
0.00166869 -0.0556058 -1.52241
-0.00134055 -0.0571105 -1.52242
0.000164069 -0.0571105 -1.52241
0.00166869 -0.0571105 -1.52241
-0.00134055 -0.0586151 -1.52242
0.000164069 -0.0586151 -1.52241
0.00166869 -0.0586151 -1.52241
-0.00134055 -0.0601197 -1.52242
0.000164069 -0.0601197 -1.52241
0.00166869 -0.0601197 -1.52241
-0.00134055 -0.0616243 -1.52242
0.000164069 -0.0616243 -1.52241
0.00166869 -0.0616243 -1.52241
-0.00134055 -0.0631289 -1.52242
0.000164069 -0.0631289 -1.52241
0.00166869 -0.0631289 -1.52241
-0.00134055 -0.0646336 -1.52242
0.000164069 -0.0646336 -1.52241
0.00166869 -0.0646336 -1.5224
-0.00134055 -0.0661382 -1.52242
0.000164069 -0.0661382 -1.52241
0.00166869 -0.0661382 -1.5224
-0.00134055 -0.0676428 -1.52242
0.000164069 -0.0676428 -1.52241
0.00166869 -0.0676428 -1.5224
-0.00134055 -0.0691474 -1.52242
0.000164069 -0.0691474 -1.52241
0.00166869 -0.0691474 -1.5224
-0.00134055 -0.0706521 -1.52242
0.000164069 -0.0706521 -1.52241
0.00166869 -0.0706521 -1.5224
-0.00134055 -0.0721567 -1.52241
0.000164069 -0.0721567 -1.52241
0.00166869 -0.0721567 -1.5224
-0.00134055 -0.0736613 -1.52241
0.000164069 -0.0736613 -1.52241
0.00166869 -0.0736613 -1.5224
-0.00134055 -0.0751659 -1.52241
0.000164069 -0.0751659 -1.52241
0.00166869 -0.0751659 -1.5224
-0.00134055 -0.0766705 -1.52241
0.000164069 -0.0766705 -1.52241
0.00166869 -0.0766705 -1.5224
-0.00134055 -0.0781752 -1.52241
0.000164069 -0.0781752 -1.52241
0.00166869 -0.0781752 -1.5224
-0.00134055 -0.0796798 -1.52241
0.000164069 -0.0796798 -1.5224
0.00166869 -0.0796798 -1.5224
-0.00134055 -0.0811844 -1.52241
0.000164069 -0.0811844 -1.5224
0.00166869 -0.0811844 -1.5224
-0.00134055 -0.082689 -1.52241
0.000164069 -0.082689 -1.5224
0.00166869 -0.082689 -1.5224
-0.00134055 -0.0841936 -1.52241
0.000164069 -0.0841936 -1.5224
0.00166869 -0.0841936 -1.5224
-0.00134055 -0.0856983 -1.52241
0.000164069 -0.0856983 -1.5224
0.00166869 -0.0856983 -1.5224
-0.00134055 -0.0872029 -1.52241
0.000164069 -0.0872029 -1.5224
0.00166869 -0.0872029 -1.52239
-0.00134055 -0.0887075 -1.52241
0.000164069 -0.0887075 -1.5224
0.00166869 -0.0887075 -1.52239
-0.00134055 -0.0902121 -1.52241
0.000164069 -0.0902121 -1.5224
0.00166869 -0.0902121 -1.52239
-0.00134055 -0.0917167 -1.52241
0.000164069 -0.0917167 -1.5224
0.00166869 -0.0917167 -1.52239
-0.00134055 -0.0932214 -1.52241
0.000164069 -0.0932214 -1.5224
0.00166869 -0.0932214 -1.52239
-0.00134055 -0.094726 -1.52241
0.000164069 -0.094726 -1.5224
0.00166869 -0.094726 -1.52239
-0.00134055 -0.0962306 -1.5224
0.000164069 -0.0962306 -1.5224
0.00166869 -0.0962306 -1.52239
-0.00134055 -0.0977352 -1.5224
0.000164069 -0.0977352 -1.5224
0.00166869 -0.0977352 -1.52239
-0.00134055 -0.0992398 -1.5224
0.000164069 -0.0992398 -1.5224
0.00166869 -0.0992398 -1.52239
-0.00134055 -0.100744 -1.5224
0.000164069 -0.100744 -1.5224
0.00166869 -0.100744 -1.52239
-0.00134055 -0.102249 -1.5224
0.000164069 -0.102249 -1.5224
0.00166869 -0.102249 -1.52239
-0.00134055 -0.103754 -1.5224
0.000164069 -0.103754 -1.52239
0.00166869 -0.103754 -1.52239
-0.00134055 -0.105258 -1.5224
0.000164069 -0.105258 -1.52239
0.00166869 -0.105258 -1.52239
-0.00134055 -0.106763 -1.5224
0.000164069 -0.106763 -1.52239
0.00166869 -0.106763 -1.52239
-0.00134055 -0.108268 -1.5224
0.000164069 -0.108268 -1.52239
0.00166869 -0.108268 -1.52239
-0.00134055 -0.109772 -1.5224
0.000164069 -0.109772 -1.52239
0.00166869 -0.109772 -1.52239
