-0.0273209 -0.0224008 -1.50438
-0.0269276 -0.0224008 -1.50437
-0.0265343 -0.0224008 -1.50437
-0.0273209 -0.0227941 -1.50438
-0.0269276 -0.0227941 -1.50437
-0.0265343 -0.0227941 -1.50436
-0.0273209 -0.0231874 -1.50438
-0.0269276 -0.0231874 -1.50437
-0.0265343 -0.0231874 -1.50436
-0.0273209 -0.0235806 -1.50438
-0.0269276 -0.0235806 -1.50437
-0.0265343 -0.0235806 -1.50436
-0.0273209 -0.0239739 -1.50437
-0.0269276 -0.0239739 -1.50437
-0.0265343 -0.0239739 -1.50436
-0.0273209 -0.0243672 -1.50437
-0.0269276 -0.0243672 -1.50437
-0.0265343 -0.0243672 -1.50436
-0.0273209 -0.0247605 -1.50437
-0.0269276 -0.0247605 -1.50436
-0.0265343 -0.0247605 -1.50436
-0.0273209 -0.0251537 -1.50437
-0.0269276 -0.0251537 -1.50436
-0.0265343 -0.0251537 -1.50435
-0.0273209 -0.025547 -1.50437
-0.0269276 -0.025547 -1.50436
-0.0265343 -0.025547 -1.50435
-0.0273209 -0.0259403 -1.50437
-0.0269276 -0.0259403 -1.50436
-0.0265343 -0.0259403 -1.50435
-0.0273209 -0.0263336 -1.50436
-0.0269276 -0.0263336 -1.50436
-0.0265343 -0.0263336 -1.50435
-0.0273209 -0.0267268 -1.50436
-0.0269276 -0.0267268 -1.50436
-0.0265343 -0.0267268 -1.50435
-0.0273209 -0.0271201 -1.50436
-0.0269276 -0.0271201 -1.50435
-0.0265343 -0.0271201 -1.50435
-0.0273209 -0.0275134 -1.50436
-0.0269276 -0.0275134 -1.50435
-0.0265343 -0.0275134 -1.50434
-0.0273209 -0.0279067 -1.50436
-0.0269276 -0.0279067 -1.50435
-0.0265343 -0.0279067 -1.50434
-0.0273209 -0.0282999 -1.50436
-0.0269276 -0.0282999 -1.50435
-0.0265343 -0.0282999 -1.50434
-0.0273209 -0.0286932 -1.50435
-0.0269276 -0.0286932 -1.50435
-0.0265343 -0.0286932 -1.50434
-0.0273209 -0.0290865 -1.50435
-0.0269276 -0.0290865 -1.50435
-0.0265343 -0.0290865 -1.50434
-0.0273209 -0.0294798 -1.50435
-0.0269276 -0.0294798 -1.50434
-0.0265343 -0.0294798 -1.50434
-0.0273209 -0.029873 -1.50435
-0.0269276 -0.029873 -1.50434
-0.0265343 -0.029873 -1.50433
-0.0273209 -0.0302663 -1.50435
-0.0269276 -0.0302663 -1.50434
-0.0265343 -0.0302663 -1.50433
-0.0273209 -0.0306596 -1.50435
-0.0269276 -0.0306596 -1.50434
-0.0265343 -0.0306596 -1.50433
-0.0273209 -0.0310529 -1.50434
-0.0269276 -0.0310529 -1.50434
-0.0265343 -0.0310529 -1.50433
-0.0273209 -0.0314462 -1.50434
-0.0269276 -0.0314462 -1.50434
-0.0265343 -0.0314462 -1.50433
-0.0273209 -0.0318394 -1.50434
-0.0269276 -0.0318394 -1.50433
-0.0265343 -0.0318394 -1.50433
-0.0273209 -0.0322327 -1.50434
-0.0269276 -0.0322327 -1.50433
-0.0265343 -0.0322327 -1.50432
-0.0273209 -0.032626 -1.50434
-0.0269276 -0.032626 -1.50433
-0.0265343 -0.032626 -1.50432
-0.0273209 -0.0330193 -1.50434
-0.0269276 -0.0330193 -1.50433
-0.0265343 -0.0330193 -1.50432
-0.0273209 -0.0334125 -1.50433
-0.0269276 -0.0334125 -1.50433
-0.0265343 -0.0334125 -1.50432
-0.0273209 -0.0338058 -1.50433
-0.0269276 -0.0338058 -1.50433
-0.0265343 -0.0338058 -1.50432
-0.0273209 -0.0341991 -1.50433
-0.0269276 -0.0341991 -1.50432
-0.0265343 -0.0341991 -1.50432
-0.0273209 -0.0345924 -1.50433
-0.0269276 -0.0345924 -1.50432
-0.0265343 -0.0345924 -1.50431
-0.0273209 -0.0349856 -1.50433
-0.0269276 -0.0349856 -1.50432
-0.0265343 -0.0349856 -1.50431
-0.0273209 -0.0353789 -1.50433
-0.0269276 -0.0353789 -1.50432
-0.0265343 -0.0353789 -1.50431
-0.0273209 -0.0357722 -1.50432
-0.0269276 -0.0357722 -1.50432
-0.0265343 -0.0357722 -1.50431
-0.0273209 -0.0361655 -1.50432
-0.0269276 -0.0361655 -1.50432
-0.0265343 -0.0361655 -1.50431
-0.0273209 -0.0365587 -1.50432
-0.0269276 -0.0365587 -1.50431
-0.0265343 -0.0365587 -1.50431
-0.0273209 -0.036952 -1.50432
-0.0269276 -0.036952 -1.50431
-0.0265343 -0.036952 -1.5043
-0.0273209 -0.0373453 -1.50432
-0.0269276 -0.0373453 -1.50431
-0.0265343 -0.0373453 -1.5043
-0.0273209 -0.0377386 -1.50432
-0.0269276 -0.0377386 -1.50431
-0.0265343 -0.0377386 -1.5043
-0.0273209 -0.0381318 -1.50431
-0.0269276 -0.0381318 -1.50431
-0.0265343 -0.0381318 -1.5043
-0.0273209 -0.0385251 -1.50431
-0.0269276 -0.0385251 -1.50431
-0.0265343 -0.0385251 -1.5043
-0.0273209 -0.0389184 -1.50431
-0.0269276 -0.0389184 -1.5043
-0.0265343 -0.0389184 -1.5043
-0.0273209 -0.0393117 -1.50431
-0.0269276 -0.0393117 -1.5043
-0.0265343 -0.0393117 -1.50429
-0.0273209 -0.0397049 -1.50431
-0.0269276 -0.0397049 -1.5043
-0.0265343 -0.0397049 -1.50429
-0.0273209 -0.0400982 -1.50431
-0.0269276 -0.0400982 -1.5043
-0.0265343 -0.0400982 -1.50429
-0.0273209 -0.0404915 -1.5043
-0.0269276 -0.0404915 -1.5043
-0.0265343 -0.0404915 -1.50429
-0.0273209 -0.0408848 -1.5043
-0.0269276 -0.0408848 -1.5043
-0.0265343 -0.0408848 -1.50429
-0.0273209 -0.0412781 -1.5043
-0.0269276 -0.0412781 -1.50429
-0.0265343 -0.0412781 -1.50429
-0.0273209 -0.0416713 -1.5043
-0.0269276 -0.0416713 -1.50429
-0.0265343 -0.0416713 -1.50428
-0.0273209 -0.0420646 -1.5043
-0.0269276 -0.0420646 -1.50429
-0.0265343 -0.0420646 -1.50428
-0.0273209 -0.0424579 -1.5043
-0.0269276 -0.0424579 -1.50429
-0.0265343 -0.0424579 -1.50428
-0.0273209 -0.0428512 -1.50429
-0.0269276 -0.0428512 -1.50429
-0.0265343 -0.0428512 -1.50428
-0.0273209 -0.0432444 -1.50429
-0.0269276 -0.0432444 -1.50429
-0.0265343 -0.0432444 -1.50428
-0.0273209 -0.0436377 -1.50429
-0.0269276 -0.0436377 -1.50428
-0.0265343 -0.0436377 -1.50428
-0.0273209 -0.044031 -1.50429
-0.0269276 -0.044031 -1.50428
-0.0265343 -0.044031 -1.50427
-0.0273209 -0.0444243 -1.50429
-0.0269276 -0.0444243 -1.50428
-0.0265343 -0.0444243 -1.50427
-0.0273209 -0.0448175 -1.50429
-0.0269276 -0.0448175 -1.50428
-0.0265343 -0.0448175 -1.50427
-0.0273209 -0.0452108 -1.50428
-0.0269276 -0.0452108 -1.50428
-0.0265343 -0.0452108 -1.50427
-0.0273209 -0.0456041 -1.50428
-0.0269276 -0.0456041 -1.50428
-0.0265343 -0.0456041 -1.50427
-0.0273209 -0.0459974 -1.50428
-0.0269276 -0.0459974 -1.50427
-0.0265343 -0.0459974 -1.50427
-0.0273209 -0.0463906 -1.50428
-0.0269276 -0.0463906 -1.50427
-0.0265343 -0.0463906 -1.50426
-0.0273209 -0.0467839 -1.50428
-0.0269276 -0.0467839 -1.50427
-0.0265343 -0.0467839 -1.50426
-0.0273209 -0.0471772 -1.50428
-0.0269276 -0.0471772 -1.50427
-0.0265343 -0.0471772 -1.50426
-0.0273209 -0.0475705 -1.50427
-0.0269276 -0.0475705 -1.50427
-0.0265343 -0.0475705 -1.50426
-0.0273209 -0.0479637 -1.50427
-0.0269276 -0.0479637 -1.50427
-0.0265343 -0.0479637 -1.50426
-0.0273209 -0.048357 -1.50427
-0.0269276 -0.048357 -1.50426
-0.0265343 -0.048357 -1.50426
-0.0273209 -0.0487503 -1.50427
-0.0269276 -0.0487503 -1.50426
-0.0265343 -0.0487503 -1.50425
-0.0273209 -0.0491436 -1.50427
-0.0269276 -0.0491436 -1.50426
-0.0265343 -0.0491436 -1.50425
-0.0273209 -0.0495369 -1.50427
-0.0269276 -0.0495369 -1.50426
-0.0265343 -0.0495369 -1.50425
-0.0273209 -0.0499301 -1.50426
-0.0269276 -0.0499301 -1.50426
-0.0265343 -0.0499301 -1.50425
-0.0273209 -0.0503234 -1.50426
-0.0269276 -0.0503234 -1.50426
-0.0265343 -0.0503234 -1.50425
-0.0273209 -0.0507167 -1.50426
-0.0269276 -0.0507167 -1.50425
-0.0265343 -0.0507167 -1.50425
-0.0273209 -0.05111 -1.50426
-0.0269276 -0.05111 -1.50425
-0.0265343 -0.05111 -1.50424
-0.0273209 -0.0515032 -1.50426
-0.0269276 -0.0515032 -1.50425
-0.0265343 -0.0515032 -1.50424
-0.0273209 -0.0518965 -1.50426
-0.0269276 -0.0518965 -1.50425
-0.0265343 -0.0518965 -1.50424
-0.0273209 -0.0522898 -1.50425
-0.0269276 -0.0522898 -1.50425
-0.0265343 -0.0522898 -1.50424
-0.0273209 -0.0526831 -1.50425
-0.0269276 -0.0526831 -1.50425
-0.0265343 -0.0526831 -1.50424
-0.0273209 -0.0530763 -1.50425
-0.0269276 -0.0530763 -1.50424
-0.0265343 -0.0530763 -1.50424
-0.0273209 -0.0534696 -1.50425
-0.0269276 -0.0534696 -1.50424
-0.0265343 -0.0534696 -1.50423
-0.0273209 -0.0538629 -1.50425
-0.0269276 -0.0538629 -1.50424
-0.0265343 -0.0538629 -1.50423
-0.0273209 -0.0542562 -1.50425
-0.0269276 -0.0542562 -1.50424
-0.0265343 -0.0542562 -1.50423
-0.0273209 -0.0546494 -1.50424
-0.0269276 -0.0546494 -1.50424
-0.0265343 -0.0546494 -1.50423
-0.0273209 -0.0550427 -1.50424
-0.0269276 -0.0550427 -1.50424
-0.0265343 -0.0550427 -1.50423
-0.0273209 -0.055436 -1.50424
-0.0269276 -0.055436 -1.50423
-0.0265343 -0.055436 -1.50423
-0.0273209 -0.0558293 -1.50424
-0.0269276 -0.0558293 -1.50423
-0.0265343 -0.0558293 -1.50422
-0.0273209 -0.0562226 -1.50424
-0.0269276 -0.0562226 -1.50423
-0.0265343 -0.0562226 -1.50422
-0.0273209 -0.0566158 -1.50424
-0.0269276 -0.0566158 -1.50423
-0.0265343 -0.0566158 -1.50422
-0.0273209 -0.0570091 -1.50423
-0.0269276 -0.0570091 -1.50423
-0.0265343 -0.0570091 -1.50422
-0.0273209 -0.0574024 -1.50423
-0.0269276 -0.0574024 -1.50423
-0.0265343 -0.0574024 -1.50422
-0.0273209 -0.0577957 -1.50423
-0.0269276 -0.0577957 -1.50422
-0.0265343 -0.0577957 -1.50422
-0.0273209 -0.0581889 -1.50423
-0.0269276 -0.0581889 -1.50422
-0.0265343 -0.0581889 -1.50422
-0.0273209 -0.0585822 -1.50423
-0.0269276 -0.0585822 -1.50422
-0.0265343 -0.0585822 -1.50421
-0.0273209 -0.0589755 -1.50423
-0.0269276 -0.0589755 -1.50422
-0.0265343 -0.0589755 -1.50421
-0.0273209 -0.0593688 -1.50422
-0.0269276 -0.0593688 -1.50422
-0.0265343 -0.0593688 -1.50421
-0.0273209 -0.059762 -1.50422
-0.0269276 -0.059762 -1.50422
-0.0265343 -0.059762 -1.50421
-0.0273209 -0.0601553 -1.50422
-0.0269276 -0.0601553 -1.50421
-0.0265343 -0.0601553 -1.50421
-0.0273209 -0.0605486 -1.50422
-0.0269276 -0.0605486 -1.50421
-0.0265343 -0.0605486 -1.5042
-0.0273209 -0.0609419 -1.50422
-0.0269276 -0.0609419 -1.50421
-0.0265343 -0.0609419 -1.5042
-0.0273209 -0.0613351 -1.50422
-0.0269276 -0.0613351 -1.50421
-0.0265343 -0.0613351 -1.5042
-0.0273209 -0.0617284 -1.50421
-0.0269276 -0.0617284 -1.50421
-0.0265343 -0.0617284 -1.5042
-0.0273209 -0.0621217 -1.50421
-0.0269276 -0.0621217 -1.50421
-0.0265343 -0.0621217 -1.5042
-0.0273209 -0.062515 -1.50421
-0.0269276 -0.062515 -1.5042
-0.0265343 -0.062515 -1.5042
-0.0273209 -0.0629082 -1.50421
-0.0269276 -0.0629082 -1.5042
-0.0265343 -0.0629082 -1.50419
-0.0273209 -0.0633015 -1.50421
-0.0269276 -0.0633015 -1.5042
-0.0265343 -0.0633015 -1.50419
-0.0273209 -0.0636948 -1.50421
-0.0269276 -0.0636948 -1.5042
-0.0265343 -0.0636948 -1.50419
-0.0273209 -0.0640881 -1.5042
-0.0269276 -0.0640881 -1.5042
-0.0265343 -0.0640881 -1.50419
-0.0273209 -0.0644813 -1.5042
-0.0269276 -0.0644813 -1.5042
-0.0265343 -0.0644813 -1.50419
-0.0273209 -0.0648746 -1.5042
-0.0269276 -0.0648746 -1.50419
-0.0265343 -0.0648746 -1.50419
-0.0273209 -0.0652679 -1.5042
-0.0269276 -0.0652679 -1.50419
-0.0265343 -0.0652679 -1.50418
-0.0273209 -0.0656612 -1.5042
-0.0269276 -0.0656612 -1.50419
-0.0265343 -0.0656612 -1.50418
