-0.010576 0.0595536 -1.20353
-0.00923724 0.0595536 -1.20354
-0.00789848 0.0595536 -1.20354
-0.010576 0.0582148 -1.20353
-0.00923724 0.0582148 -1.20354
-0.00789848 0.0582148 -1.20354
-0.010576 0.056876 -1.20354
-0.00923724 0.056876 -1.20354
-0.00789848 0.056876 -1.20354
-0.010576 0.0555373 -1.20354
-0.00923724 0.0555373 -1.20354
-0.00789848 0.0555373 -1.20354
-0.010576 0.0541985 -1.20354
-0.00923724 0.0541985 -1.20354
-0.00789848 0.0541985 -1.20354
-0.010576 0.0528598 -1.20354
-0.00923724 0.0528598 -1.20354
-0.00789848 0.0528598 -1.20354
-0.010576 0.051521 -1.20354
-0.00923724 0.051521 -1.20354
-0.00789848 0.051521 -1.20354
-0.010576 0.0501823 -1.20354
-0.00923724 0.0501823 -1.20354
-0.00789848 0.0501823 -1.20354
-0.010576 0.0488435 -1.20354
-0.00923724 0.0488435 -1.20354
-0.00789848 0.0488435 -1.20354
-0.010576 0.0475047 -1.20354
-0.00923724 0.0475047 -1.20354
-0.00789848 0.0475047 -1.20354
-0.010576 0.046166 -1.20354
-0.00923724 0.046166 -1.20354
-0.00789848 0.046166 -1.20354
-0.010576 0.0448272 -1.20354
-0.00923724 0.0448272 -1.20354
-0.00789848 0.0448272 -1.20354
-0.010576 0.0434885 -1.20354
-0.00923724 0.0434885 -1.20354
-0.00789848 0.0434885 -1.20354
-0.010576 0.0421497 -1.20354
-0.00923724 0.0421497 -1.20354
-0.00789848 0.0421497 -1.20354
-0.010576 0.0408109 -1.20354
-0.00923724 0.0408109 -1.20354
-0.00789848 0.0408109 -1.20354
-0.010576 0.0394722 -1.20354
-0.00923724 0.0394722 -1.20354
-0.00789848 0.0394722 -1.20354
-0.010576 0.0381334 -1.20354
-0.00923724 0.0381334 -1.20354
-0.00789848 0.0381334 -1.20354
-0.010576 0.0367947 -1.20354
-0.00923724 0.0367947 -1.20354
-0.00789848 0.0367947 -1.20354
-0.010576 0.0354559 -1.20354
-0.00923724 0.0354559 -1.20354
-0.00789848 0.0354559 -1.20354
-0.010576 0.0341172 -1.20354
-0.00923724 0.0341172 -1.20354
-0.00789848 0.0341172 -1.20354
-0.010576 0.0327784 -1.20354
-0.00923724 0.0327784 -1.20354
-0.00789848 0.0327784 -1.20354
-0.010576 0.0314396 -1.20354
-0.00923724 0.0314396 -1.20354
-0.00789848 0.0314396 -1.20354
-0.010576 0.0301009 -1.20354
-0.00923724 0.0301009 -1.20354
-0.00789848 0.0301009 -1.20354
-0.010576 0.0287621 -1.20354
-0.00923724 0.0287621 -1.20354
-0.00789848 0.0287621 -1.20354
-0.010576 0.0274234 -1.20354
-0.00923724 0.0274234 -1.20354
-0.00789848 0.0274234 -1.20354
-0.010576 0.0260846 -1.20354
-0.00923724 0.0260846 -1.20354
-0.00789848 0.0260846 -1.20354
-0.010576 0.0247458 -1.20354
-0.00923724 0.0247458 -1.20354
-0.00789848 0.0247458 -1.20355
-0.010576 0.0234071 -1.20354
-0.00923724 0.0234071 -1.20354
-0.00789848 0.0234071 -1.20355
-0.010576 0.0220683 -1.20354
-0.00923724 0.0220683 -1.20355
-0.00789848 0.0220683 -1.20355
-0.010576 0.0207296 -1.20354
-0.00923724 0.0207296 -1.20355
-0.00789848 0.0207296 -1.20355
-0.010576 0.0193908 -1.20355
-0.00923724 0.0193908 -1.20355
-0.00789848 0.0193908 -1.20355
-0.010576 0.0180521 -1.20355
-0.00923724 0.0180521 -1.20355
-0.00789848 0.0180521 -1.20355
-0.010576 0.0167133 -1.20355
-0.00923724 0.0167133 -1.20355
-0.00789848 0.0167133 -1.20355
-0.010576 0.0153745 -1.20355
-0.00923724 0.0153745 -1.20355
-0.00789848 0.0153745 -1.20355
-0.010576 0.0140358 -1.20355
-0.00923724 0.0140358 -1.20355
-0.00789848 0.0140358 -1.20355
-0.010576 0.012697 -1.20355
-0.00923724 0.012697 -1.20355
-0.00789848 0.012697 -1.20355
-0.010576 0.0113583 -1.20355
-0.00923724 0.0113583 -1.20355
-0.00789848 0.0113583 -1.20355
-0.010576 0.0100195 -1.20355
-0.00923724 0.0100195 -1.20355
-0.00789848 0.0100195 -1.20355
-0.010576 0.00868075 -1.20355
-0.00923724 0.00868075 -1.20355
-0.00789848 0.00868075 -1.20355
-0.010576 0.007342 -1.20355
-0.00923724 0.007342 -1.20355
-0.00789848 0.007342 -1.20355
-0.010576 0.00600324 -1.20355
-0.00923724 0.00600324 -1.20355
-0.00789848 0.00600324 -1.20355
-0.010576 0.00466448 -1.20355
-0.00923724 0.00466448 -1.20355
-0.00789848 0.00466448 -1.20355
-0.010576 0.00332572 -1.20355
-0.00923724 0.00332572 -1.20355
-0.00789848 0.00332572 -1.20355
-0.010576 0.00198696 -1.20355
-0.00923724 0.00198696 -1.20355
-0.00789848 0.00198696 -1.20355
-0.010576 0.000648207 -1.20355
-0.00923724 0.000648207 -1.20355
-0.00789848 0.000648207 -1.20355
-0.010576 -0.000690551 -1.20355
-0.00923724 -0.000690551 -1.20355
-0.00789848 -0.000690551 -1.20355
-0.010576 -0.00202931 -1.20355
-0.00923724 -0.00202931 -1.20355
-0.00789848 -0.00202931 -1.20355
-0.010576 -0.00336807 -1.20355
-0.00923724 -0.00336807 -1.20355
-0.00789848 -0.00336807 -1.20355
-0.010576 -0.00470683 -1.20355
-0.00923724 -0.00470683 -1.20355
-0.00789848 -0.00470683 -1.20355
-0.010576 -0.00604558 -1.20355
-0.00923724 -0.00604558 -1.20355
-0.00789848 -0.00604558 -1.20355
-0.010576 -0.00738434 -1.20355
-0.00923724 -0.00738434 -1.20355
-0.00789848 -0.00738434 -1.20355
-0.010576 -0.0087231 -1.20355
-0.00923724 -0.0087231 -1.20355
-0.00789848 -0.0087231 -1.20355
-0.010576 -0.0100619 -1.20355
-0.00923724 -0.0100619 -1.20355
-0.00789848 -0.0100619 -1.20355
-0.010576 -0.0114006 -1.20355
-0.00923724 -0.0114006 -1.20355
-0.00789848 -0.0114006 -1.20355
-0.010576 -0.0127394 -1.20355
-0.00923724 -0.0127394 -1.20355
-0.00789848 -0.0127394 -1.20356
-0.010576 -0.0140781 -1.20355
-0.00923724 -0.0140781 -1.20355
-0.00789848 -0.0140781 -1.20356
-0.010576 -0.0154169 -1.20355
-0.00923724 -0.0154169 -1.20356
-0.00789848 -0.0154169 -1.20356
-0.010576 -0.0167556 -1.20355
-0.00923724 -0.0167556 -1.20356
-0.00789848 -0.0167556 -1.20356
-0.010576 -0.0180944 -1.20355
-0.00923724 -0.0180944 -1.20356
-0.00789848 -0.0180944 -1.20356
-0.010576 -0.0194332 -1.20356
-0.00923724 -0.0194332 -1.20356
-0.00789848 -0.0194332 -1.20356
-0.010576 -0.0207719 -1.20356
-0.00923724 -0.0207719 -1.20356
-0.00789848 -0.0207719 -1.20356
-0.010576 -0.0221107 -1.20356
-0.00923724 -0.0221107 -1.20356
-0.00789848 -0.0221107 -1.20356
-0.010576 -0.0234494 -1.20356
-0.00923724 -0.0234494 -1.20356
-0.00789848 -0.0234494 -1.20356
-0.010576 -0.0247882 -1.20356
-0.00923724 -0.0247882 -1.20356
-0.00789848 -0.0247882 -1.20356
-0.010576 -0.026127 -1.20356
-0.00923724 -0.026127 -1.20356
-0.00789848 -0.026127 -1.20356
-0.010576 -0.0274657 -1.20356
-0.00923724 -0.0274657 -1.20356
-0.00789848 -0.0274657 -1.20356
-0.010576 -0.0288045 -1.20356
-0.00923724 -0.0288045 -1.20356
-0.00789848 -0.0288045 -1.20356
-0.010576 -0.0301432 -1.20356
-0.00923724 -0.0301432 -1.20356
-0.00789848 -0.0301432 -1.20356
-0.010576 -0.031482 -1.20356
-0.00923724 -0.031482 -1.20356
-0.00789848 -0.031482 -1.20356
-0.010576 -0.0328207 -1.20356
-0.00923724 -0.0328207 -1.20356
-0.00789848 -0.0328207 -1.20356
-0.010576 -0.0341595 -1.20356
-0.00923724 -0.0341595 -1.20356
-0.00789848 -0.0341595 -1.20356
-0.010576 -0.0354983 -1.20356
-0.00923724 -0.0354983 -1.20356
-0.00789848 -0.0354983 -1.20356
-0.010576 -0.036837 -1.20356
-0.00923724 -0.036837 -1.20356
-0.00789848 -0.036837 -1.20356
-0.010576 -0.0381758 -1.20356
-0.00923724 -0.0381758 -1.20356
-0.00789848 -0.0381758 -1.20356
-0.010576 -0.0395145 -1.20356
-0.00923724 -0.0395145 -1.20356
-0.00789848 -0.0395145 -1.20356
-0.010576 -0.0408533 -1.20356
-0.00923724 -0.0408533 -1.20356
-0.00789848 -0.0408533 -1.20356
-0.010576 -0.042192 -1.20356
-0.00923724 -0.042192 -1.20356
-0.00789848 -0.042192 -1.20356
-0.010576 -0.0435308 -1.20356
-0.00923724 -0.0435308 -1.20356
-0.00789848 -0.0435308 -1.20356
-0.010576 -0.0448696 -1.20356
-0.00923724 -0.0448696 -1.20356
-0.00789848 -0.0448696 -1.20356
-0.010576 -0.0462083 -1.20356
-0.00923724 -0.0462083 -1.20356
-0.00789848 -0.0462083 -1.20356
-0.010576 -0.0475471 -1.20356
-0.00923724 -0.0475471 -1.20356
-0.00789848 -0.0475471 -1.20356
-0.010576 -0.0488858 -1.20356
-0.00923724 -0.0488858 -1.20356
-0.00789848 -0.0488858 -1.20356
-0.010576 -0.0502246 -1.20356
-0.00923724 -0.0502246 -1.20356
-0.00789848 -0.0502246 -1.20357
-0.010576 -0.0515634 -1.20356
-0.00923724 -0.0515634 -1.20356
-0.00789848 -0.0515634 -1.20357
-0.010576 -0.0529021 -1.20356
-0.00923724 -0.0529021 -1.20357
-0.00789848 -0.0529021 -1.20357
-0.010576 -0.0542409 -1.20356
-0.00923724 -0.0542409 -1.20357
-0.00789848 -0.0542409 -1.20357
-0.010576 -0.0555796 -1.20357
-0.00923724 -0.0555796 -1.20357
-0.00789848 -0.0555796 -1.20357
-0.010576 -0.0569184 -1.20357
-0.00923724 -0.0569184 -1.20357
-0.00789848 -0.0569184 -1.20357
-0.010576 -0.0582571 -1.20357
-0.00923724 -0.0582571 -1.20357
-0.00789848 -0.0582571 -1.20357
-0.010576 -0.0595959 -1.20357
-0.00923724 -0.0595959 -1.20357
-0.00789848 -0.0595959 -1.20357
-0.010576 -0.0609347 -1.20357
-0.00923724 -0.0609347 -1.20357
-0.00789848 -0.0609347 -1.20357
-0.010576 -0.0622734 -1.20357
-0.00923724 -0.0622734 -1.20357
-0.00789848 -0.0622734 -1.20357
-0.010576 -0.0636122 -1.20357
-0.00923724 -0.0636122 -1.20357
-0.00789848 -0.0636122 -1.20357
-0.010576 -0.0649509 -1.20357
-0.00923724 -0.0649509 -1.20357
-0.00789848 -0.0649509 -1.20357
-0.010576 -0.0662897 -1.20357
-0.00923724 -0.0662897 -1.20357
-0.00789848 -0.0662897 -1.20357
-0.010576 -0.0676285 -1.20357
-0.00923724 -0.0676285 -1.20357
-0.00789848 -0.0676285 -1.20357
-0.010576 -0.0689672 -1.20357
-0.00923724 -0.0689672 -1.20357
-0.00789848 -0.0689672 -1.20357
-0.010576 -0.070306 -1.20357
-0.00923724 -0.070306 -1.20357
-0.00789848 -0.070306 -1.20357
-0.010576 -0.0716447 -1.20357
-0.00923724 -0.0716447 -1.20357
-0.00789848 -0.0716447 -1.20357
-0.010576 -0.0729835 -1.20357
-0.00923724 -0.0729835 -1.20357
-0.00789848 -0.0729835 -1.20357
-0.010576 -0.0743222 -1.20357
-0.00923724 -0.0743222 -1.20357
-0.00789848 -0.0743222 -1.20357
-0.010576 -0.075661 -1.20357
-0.00923724 -0.075661 -1.20357
-0.00789848 -0.075661 -1.20357
-0.010576 -0.0769998 -1.20357
-0.00923724 -0.0769998 -1.20357
-0.00789848 -0.0769998 -1.20357
-0.010576 -0.0783385 -1.20357
-0.00923724 -0.0783385 -1.20357
-0.00789848 -0.0783385 -1.20357
-0.010576 -0.0796773 -1.20357
-0.00923724 -0.0796773 -1.20357
-0.00789848 -0.0796773 -1.20357
-0.010576 -0.081016 -1.20357
-0.00923724 -0.081016 -1.20357
-0.00789848 -0.081016 -1.20357
-0.010576 -0.0823548 -1.20357
-0.00923724 -0.0823548 -1.20357
-0.00789848 -0.0823548 -1.20357
-0.010576 -0.0836935 -1.20357
-0.00923724 -0.0836935 -1.20357
-0.00789848 -0.0836935 -1.20357
-0.010576 -0.0850323 -1.20357
-0.00923724 -0.0850323 -1.20357
-0.00789848 -0.0850323 -1.20357
-0.010576 -0.0863711 -1.20357
-0.00923724 -0.0863711 -1.20357
-0.00789848 -0.0863711 -1.20357
-0.010576 -0.0877098 -1.20357
-0.00923724 -0.0877098 -1.20357
-0.00789848 -0.0877098 -1.20358
