-0.00404475 0.0103563 -1.21639
-0.00423344 0.0103563 -1.21639
-0.00442214 0.0103563 -1.21639
-0.00404475 0.010545 -1.21639
-0.00423344 0.010545 -1.21639
-0.00442214 0.010545 -1.21639
-0.00404475 0.0107337 -1.21639
-0.00423344 0.0107337 -1.21639
-0.00442214 0.0107337 -1.21639
-0.00404475 0.0109224 -1.21639
-0.00423344 0.0109224 -1.21639
-0.00442214 0.0109224 -1.21639
-0.00404475 0.0111111 -1.21639
-0.00423344 0.0111111 -1.21639
-0.00442214 0.0111111 -1.21639
-0.00404475 0.0112998 -1.21639
-0.00423344 0.0112998 -1.21639
-0.00442214 0.0112998 -1.21639
-0.00404475 0.0114885 -1.21639
-0.00423344 0.0114885 -1.21639
-0.00442214 0.0114885 -1.21639
-0.00404475 0.0116772 -1.21639
-0.00423344 0.0116772 -1.21639
-0.00442214 0.0116772 -1.21639
-0.00404475 0.0118659 -1.21639
-0.00423344 0.0118659 -1.21639
-0.00442214 0.0118659 -1.21639
-0.00404475 0.0120546 -1.21639
-0.00423344 0.0120546 -1.21639
-0.00442214 0.0120546 -1.21639
-0.00404475 0.0122433 -1.21639
-0.00423344 0.0122433 -1.21639
-0.00442214 0.0122433 -1.21639
-0.00404475 0.0124319 -1.21639
-0.00423344 0.0124319 -1.21639
-0.00442214 0.0124319 -1.21639
-0.00404475 0.0126206 -1.21639
-0.00423344 0.0126206 -1.21639
-0.00442214 0.0126206 -1.21639
-0.00404475 0.0128093 -1.21639
-0.00423344 0.0128093 -1.21639
-0.00442214 0.0128093 -1.21639
-0.00404475 0.012998 -1.21639
-0.00423344 0.012998 -1.21639
-0.00442214 0.012998 -1.21639
-0.00404475 0.0131867 -1.21639
-0.00423344 0.0131867 -1.21639
-0.00442214 0.0131867 -1.21639
-0.00404475 0.0133754 -1.21639
-0.00423344 0.0133754 -1.21639
-0.00442214 0.0133754 -1.21639
-0.00404475 0.0135641 -1.21639
-0.00423344 0.0135641 -1.21639
-0.00442214 0.0135641 -1.21639
-0.00404475 0.0137528 -1.21639
-0.00423344 0.0137528 -1.21639
-0.00442214 0.0137528 -1.21639
-0.00404475 0.0139415 -1.2164
-0.00423344 0.0139415 -1.21639
-0.00442214 0.0139415 -1.21639
-0.00404475 0.0141302 -1.2164
-0.00423344 0.0141302 -1.21639
-0.00442214 0.0141302 -1.21639
-0.00404475 0.0143189 -1.2164
-0.00423344 0.0143189 -1.2164
-0.00442214 0.0143189 -1.21639
-0.00404475 0.0145076 -1.2164
-0.00423344 0.0145076 -1.2164
-0.00442214 0.0145076 -1.2164
-0.00404475 0.0146963 -1.2164
-0.00423344 0.0146963 -1.2164
-0.00442214 0.0146963 -1.2164
-0.00404475 0.014885 -1.2164
-0.00423344 0.014885 -1.2164
-0.00442214 0.014885 -1.2164
-0.00404475 0.0150737 -1.2164
-0.00423344 0.0150737 -1.2164
-0.00442214 0.0150737 -1.2164
-0.00404475 0.0152624 -1.2164
-0.00423344 0.0152624 -1.2164
-0.00442214 0.0152624 -1.2164
-0.00404475 0.0154511 -1.2164
-0.00423344 0.0154511 -1.2164
-0.00442214 0.0154511 -1.2164
-0.00404475 0.0156398 -1.2164
-0.00423344 0.0156398 -1.2164
-0.00442214 0.0156398 -1.2164
-0.00404475 0.0158285 -1.2164
-0.00423344 0.0158285 -1.2164
-0.00442214 0.0158285 -1.2164
-0.00404475 0.0160172 -1.2164
-0.00423344 0.0160172 -1.2164
-0.00442214 0.0160172 -1.2164
-0.00404475 0.0162059 -1.2164
-0.00423344 0.0162059 -1.2164
-0.00442214 0.0162059 -1.2164
-0.00404475 0.0163946 -1.2164
-0.00423344 0.0163946 -1.2164
-0.00442214 0.0163946 -1.2164
-0.00404475 0.0165833 -1.2164
-0.00423344 0.0165833 -1.2164
-0.00442214 0.0165833 -1.2164
-0.00404475 0.016772 -1.2164
-0.00423344 0.016772 -1.2164
-0.00442214 0.016772 -1.2164
-0.00404475 0.0169607 -1.2164
-0.00423344 0.0169607 -1.2164
-0.00442214 0.0169607 -1.2164
-0.00404475 0.0171494 -1.2164
-0.00423344 0.0171494 -1.2164
-0.00442214 0.0171494 -1.2164
-0.00404475 0.0173381 -1.2164
-0.00423344 0.0173381 -1.2164
-0.00442214 0.0173381 -1.2164
-0.00404475 0.0175268 -1.2164
-0.00423344 0.0175268 -1.2164
-0.00442214 0.0175268 -1.2164
-0.00404475 0.0177155 -1.2164
-0.00423344 0.0177155 -1.2164
-0.00442214 0.0177155 -1.2164
-0.00404475 0.0179041 -1.2164
-0.00423344 0.0179041 -1.2164
-0.00442214 0.0179041 -1.2164
-0.00404475 0.0180928 -1.2164
-0.00423344 0.0180928 -1.2164
-0.00442214 0.0180928 -1.2164
-0.00404475 0.0182815 -1.2164
-0.00423344 0.0182815 -1.2164
-0.00442214 0.0182815 -1.2164
-0.00404475 0.0184702 -1.2164
-0.00423344 0.0184702 -1.2164
-0.00442214 0.0184702 -1.2164
-0.00404475 0.0186589 -1.21641
-0.00423344 0.0186589 -1.2164
-0.00442214 0.0186589 -1.2164
-0.00404475 0.0188476 -1.21641
-0.00423344 0.0188476 -1.21641
-0.00442214 0.0188476 -1.2164
-0.00404475 0.0190363 -1.21641
-0.00423344 0.0190363 -1.21641
-0.00442214 0.0190363 -1.21641
-0.00404475 0.019225 -1.21641
-0.00423344 0.019225 -1.21641
-0.00442214 0.019225 -1.21641
-0.00404475 0.0194137 -1.21641
-0.00423344 0.0194137 -1.21641
-0.00442214 0.0194137 -1.21641
-0.00404475 0.0196024 -1.21641
-0.00423344 0.0196024 -1.21641
-0.00442214 0.0196024 -1.21641
-0.00404475 0.0197911 -1.21641
-0.00423344 0.0197911 -1.21641
-0.00442214 0.0197911 -1.21641
-0.00404475 0.0199798 -1.21641
-0.00423344 0.0199798 -1.21641
-0.00442214 0.0199798 -1.21641
-0.00404475 0.0201685 -1.21641
-0.00423344 0.0201685 -1.21641
-0.00442214 0.0201685 -1.21641
-0.00404475 0.0203572 -1.21641
-0.00423344 0.0203572 -1.21641
-0.00442214 0.0203572 -1.21641
-0.00404475 0.0205459 -1.21641
-0.00423344 0.0205459 -1.21641
-0.00442214 0.0205459 -1.21641
-0.00404475 0.0207346 -1.21641
-0.00423344 0.0207346 -1.21641
-0.00442214 0.0207346 -1.21641
-0.00404475 0.0209233 -1.21641
-0.00423344 0.0209233 -1.21641
-0.00442214 0.0209233 -1.21641
-0.00404475 0.021112 -1.21641
-0.00423344 0.021112 -1.21641
-0.00442214 0.021112 -1.21641
-0.00404475 0.0213007 -1.21641
-0.00423344 0.0213007 -1.21641
-0.00442214 0.0213007 -1.21641
-0.00404475 0.0214894 -1.21641
-0.00423344 0.0214894 -1.21641
-0.00442214 0.0214894 -1.21641
-0.00404475 0.0216781 -1.21641
-0.00423344 0.0216781 -1.21641
-0.00442214 0.0216781 -1.21641
-0.00404475 0.0218668 -1.21641
-0.00423344 0.0218668 -1.21641
-0.00442214 0.0218668 -1.21641
-0.00404475 0.0220555 -1.21641
-0.00423344 0.0220555 -1.21641
-0.00442214 0.0220555 -1.21641
-0.00404475 0.0222442 -1.21641
-0.00423344 0.0222442 -1.21641
-0.00442214 0.0222442 -1.21641
-0.00404475 0.0224329 -1.21641
-0.00423344 0.0224329 -1.21641
-0.00442214 0.0224329 -1.21641
-0.00404475 0.0226216 -1.21641
-0.00423344 0.0226216 -1.21641
-0.00442214 0.0226216 -1.21641
-0.00404475 0.0228103 -1.21641
-0.00423344 0.0228103 -1.21641
-0.00442214 0.0228103 -1.21641
-0.00404475 0.022999 -1.21641
-0.00423344 0.022999 -1.21641
-0.00442214 0.022999 -1.21641
-0.00404475 0.0231877 -1.21642
-0.00423344 0.0231877 -1.21641
-0.00442214 0.0231877 -1.21641
-0.00404475 0.0233763 -1.21642
-0.00423344 0.0233763 -1.21642
-0.00442214 0.0233763 -1.21641
-0.00404475 0.023565 -1.21642
-0.00423344 0.023565 -1.21642
-0.00442214 0.023565 -1.21641
-0.00404475 0.0237537 -1.21642
-0.00423344 0.0237537 -1.21642
-0.00442214 0.0237537 -1.21642
-0.00404475 0.0239424 -1.21642
-0.00423344 0.0239424 -1.21642
-0.00442214 0.0239424 -1.21642
-0.00404475 0.0241311 -1.21642
-0.00423344 0.0241311 -1.21642
-0.00442214 0.0241311 -1.21642
-0.00404475 0.0243198 -1.21642
-0.00423344 0.0243198 -1.21642
-0.00442214 0.0243198 -1.21642
-0.00404475 0.0245085 -1.21642
-0.00423344 0.0245085 -1.21642
-0.00442214 0.0245085 -1.21642
-0.00404475 0.0246972 -1.21642
-0.00423344 0.0246972 -1.21642
-0.00442214 0.0246972 -1.21642
-0.00404475 0.0248859 -1.21642
-0.00423344 0.0248859 -1.21642
-0.00442214 0.0248859 -1.21642
-0.00404475 0.0250746 -1.21642
-0.00423344 0.0250746 -1.21642
-0.00442214 0.0250746 -1.21642
-0.00404475 0.0252633 -1.21642
-0.00423344 0.0252633 -1.21642
-0.00442214 0.0252633 -1.21642
-0.00404475 0.025452 -1.21642
-0.00423344 0.025452 -1.21642
-0.00442214 0.025452 -1.21642
-0.00404475 0.0256407 -1.21642
-0.00423344 0.0256407 -1.21642
-0.00442214 0.0256407 -1.21642
-0.00404475 0.0258294 -1.21642
-0.00423344 0.0258294 -1.21642
-0.00442214 0.0258294 -1.21642
-0.00404475 0.0260181 -1.21642
-0.00423344 0.0260181 -1.21642
-0.00442214 0.0260181 -1.21642
-0.00404475 0.0262068 -1.21642
-0.00423344 0.0262068 -1.21642
-0.00442214 0.0262068 -1.21642
-0.00404475 0.0263955 -1.21642
-0.00423344 0.0263955 -1.21642
-0.00442214 0.0263955 -1.21642
-0.00404475 0.0265842 -1.21642
-0.00423344 0.0265842 -1.21642
-0.00442214 0.0265842 -1.21642
-0.00404475 0.0267729 -1.21642
-0.00423344 0.0267729 -1.21642
-0.00442214 0.0267729 -1.21642
-0.00404475 0.0269616 -1.21642
-0.00423344 0.0269616 -1.21642
-0.00442214 0.0269616 -1.21642
-0.00404475 0.0271503 -1.21642
-0.00423344 0.0271503 -1.21642
-0.00442214 0.0271503 -1.21642
-0.00404475 0.027339 -1.21642
-0.00423344 0.027339 -1.21642
-0.00442214 0.027339 -1.21642
-0.00404475 0.0275277 -1.21642
-0.00423344 0.0275277 -1.21642
-0.00442214 0.0275277 -1.21642
-0.00404475 0.0277164 -1.21642
-0.00423344 0.0277164 -1.21642
-0.00442214 0.0277164 -1.21642
-0.00404475 0.0279051 -1.21643
-0.00423344 0.0279051 -1.21642
-0.00442214 0.0279051 -1.21642
-0.00404475 0.0280938 -1.21643
-0.00423344 0.0280938 -1.21643
-0.00442214 0.0280938 -1.21642
-0.00404475 0.0282825 -1.21643
-0.00423344 0.0282825 -1.21643
-0.00442214 0.0282825 -1.21643
-0.00404475 0.0284712 -1.21643
-0.00423344 0.0284712 -1.21643
-0.00442214 0.0284712 -1.21643
-0.00404475 0.0286599 -1.21643
-0.00423344 0.0286599 -1.21643
-0.00442214 0.0286599 -1.21643
-0.00404475 0.0288485 -1.21643
-0.00423344 0.0288485 -1.21643
-0.00442214 0.0288485 -1.21643
-0.00404475 0.0290372 -1.21643
-0.00423344 0.0290372 -1.21643
-0.00442214 0.0290372 -1.21643
-0.00404475 0.0292259 -1.21643
-0.00423344 0.0292259 -1.21643
-0.00442214 0.0292259 -1.21643
-0.00404475 0.0294146 -1.21643
-0.00423344 0.0294146 -1.21643
-0.00442214 0.0294146 -1.21643
-0.00404475 0.0296033 -1.21643
-0.00423344 0.0296033 -1.21643
-0.00442214 0.0296033 -1.21643
-0.00404475 0.029792 -1.21643
-0.00423344 0.029792 -1.21643
-0.00442214 0.029792 -1.21643
-0.00404475 0.0299807 -1.21643
-0.00423344 0.0299807 -1.21643
-0.00442214 0.0299807 -1.21643
-0.00404475 0.0301694 -1.21643
-0.00423344 0.0301694 -1.21643
-0.00442214 0.0301694 -1.21643
-0.00404475 0.0303581 -1.21643
-0.00423344 0.0303581 -1.21643
-0.00442214 0.0303581 -1.21643
-0.00404475 0.0305468 -1.21643
-0.00423344 0.0305468 -1.21643
-0.00442214 0.0305468 -1.21643
-0.00404475 0.0307355 -1.21643
-0.00423344 0.0307355 -1.21643
-0.00442214 0.0307355 -1.21643
-0.00404475 0.0309242 -1.21643
-0.00423344 0.0309242 -1.21643
-0.00442214 0.0309242 -1.21643
-0.00404475 0.0311129 -1.21643
-0.00423344 0.0311129 -1.21643
-0.00442214 0.0311129 -1.21643
