-0.00836017 -0.0125137 -1.14744
-0.0078272 -0.0125137 -1.14744
-0.00729423 -0.0125137 -1.14745
-0.00836017 -0.0130467 -1.14744
-0.0078272 -0.0130467 -1.14744
-0.00729423 -0.0130467 -1.14745
-0.00836017 -0.0135796 -1.14744
-0.0078272 -0.0135796 -1.14745
-0.00729423 -0.0135796 -1.14745
-0.00836017 -0.0141126 -1.14744
-0.0078272 -0.0141126 -1.14745
-0.00729423 -0.0141126 -1.14745
-0.00836017 -0.0146456 -1.14745
-0.0078272 -0.0146456 -1.14745
-0.00729423 -0.0146456 -1.14745
-0.00836017 -0.0151786 -1.14745
-0.0078272 -0.0151786 -1.14745
-0.00729423 -0.0151786 -1.14745
-0.00836017 -0.0157115 -1.14745
-0.0078272 -0.0157115 -1.14745
-0.00729423 -0.0157115 -1.14745
-0.00836017 -0.0162445 -1.14745
-0.0078272 -0.0162445 -1.14745
-0.00729423 -0.0162445 -1.14746
-0.00836017 -0.0167775 -1.14745
-0.0078272 -0.0167775 -1.14745
-0.00729423 -0.0167775 -1.14746
-0.00836017 -0.0173105 -1.14745
-0.0078272 -0.0173105 -1.14745
-0.00729423 -0.0173105 -1.14746
-0.00836017 -0.0178434 -1.14745
-0.0078272 -0.0178434 -1.14746
-0.00729423 -0.0178434 -1.14746
-0.00836017 -0.0183764 -1.14745
-0.0078272 -0.0183764 -1.14746
-0.00729423 -0.0183764 -1.14746
-0.00836017 -0.0189094 -1.14746
-0.0078272 -0.0189094 -1.14746
-0.00729423 -0.0189094 -1.14746
-0.00836017 -0.0194423 -1.14746
-0.0078272 -0.0194423 -1.14746
-0.00729423 -0.0194423 -1.14746
-0.00836017 -0.0199753 -1.14746
-0.0078272 -0.0199753 -1.14746
-0.00729423 -0.0199753 -1.14746
-0.00836017 -0.0205083 -1.14746
-0.0078272 -0.0205083 -1.14746
-0.00729423 -0.0205083 -1.14747
-0.00836017 -0.0210413 -1.14746
-0.0078272 -0.0210413 -1.14746
-0.00729423 -0.0210413 -1.14747
-0.00836017 -0.0215742 -1.14746
-0.0078272 -0.0215742 -1.14746
-0.00729423 -0.0215742 -1.14747
-0.00836017 -0.0221072 -1.14746
-0.0078272 -0.0221072 -1.14747
-0.00729423 -0.0221072 -1.14747
-0.00836017 -0.0226402 -1.14746
-0.0078272 -0.0226402 -1.14747
-0.00729423 -0.0226402 -1.14747
-0.00836017 -0.0231731 -1.14747
-0.0078272 -0.0231731 -1.14747
-0.00729423 -0.0231731 -1.14747
-0.00836017 -0.0237061 -1.14747
-0.0078272 -0.0237061 -1.14747
-0.00729423 -0.0237061 -1.14747
-0.00836017 -0.0242391 -1.14747
-0.0078272 -0.0242391 -1.14747
-0.00729423 -0.0242391 -1.14747
-0.00836017 -0.0247721 -1.14747
-0.0078272 -0.0247721 -1.14747
-0.00729423 -0.0247721 -1.14748
-0.00836017 -0.025305 -1.14747
-0.0078272 -0.025305 -1.14747
-0.00729423 -0.025305 -1.14748
-0.00836017 -0.025838 -1.14747
-0.0078272 -0.025838 -1.14748
-0.00729423 -0.025838 -1.14748
-0.00836017 -0.026371 -1.14747
-0.0078272 -0.026371 -1.14748
-0.00729423 -0.026371 -1.14748
-0.00836017 -0.0269039 -1.14747
-0.0078272 -0.0269039 -1.14748
-0.00729423 -0.0269039 -1.14748
-0.00836017 -0.0274369 -1.14748
-0.0078272 -0.0274369 -1.14748
-0.00729423 -0.0274369 -1.14748
-0.00836017 -0.0279699 -1.14748
-0.0078272 -0.0279699 -1.14748
-0.00729423 -0.0279699 -1.14748
-0.00836017 -0.0285029 -1.14748
-0.0078272 -0.0285029 -1.14748
-0.00729423 -0.0285029 -1.14748
-0.00836017 -0.0290358 -1.14748
-0.0078272 -0.0290358 -1.14748
-0.00729423 -0.0290358 -1.14749
-0.00836017 -0.0295688 -1.14748
-0.0078272 -0.0295688 -1.14748
-0.00729423 -0.0295688 -1.14749
-0.00836017 -0.0301018 -1.14748
-0.0078272 -0.0301018 -1.14749
-0.00729423 -0.0301018 -1.14749
-0.00836017 -0.0306348 -1.14748
-0.0078272 -0.0306348 -1.14749
-0.00729423 -0.0306348 -1.14749
-0.00836017 -0.0311677 -1.14749
-0.0078272 -0.0311677 -1.14749
-0.00729423 -0.0311677 -1.14749
-0.00836017 -0.0317007 -1.14749
-0.0078272 -0.0317007 -1.14749
-0.00729423 -0.0317007 -1.14749
-0.00836017 -0.0322337 -1.14749
-0.0078272 -0.0322337 -1.14749
-0.00729423 -0.0322337 -1.14749
-0.00836017 -0.0327666 -1.14749
-0.0078272 -0.0327666 -1.14749
-0.00729423 -0.0327666 -1.1475
-0.00836017 -0.0332996 -1.14749
-0.0078272 -0.0332996 -1.14749
-0.00729423 -0.0332996 -1.1475
-0.00836017 -0.0338326 -1.14749
-0.0078272 -0.0338326 -1.14749
-0.00729423 -0.0338326 -1.1475
-0.00836017 -0.0343656 -1.14749
-0.0078272 -0.0343656 -1.1475
-0.00729423 -0.0343656 -1.1475
-0.00836017 -0.0348985 -1.14749
-0.0078272 -0.0348985 -1.1475
-0.00729423 -0.0348985 -1.1475
-0.00836017 -0.0354315 -1.1475
-0.0078272 -0.0354315 -1.1475
-0.00729423 -0.0354315 -1.1475
-0.00836017 -0.0359645 -1.1475
-0.0078272 -0.0359645 -1.1475
-0.00729423 -0.0359645 -1.1475
-0.00836017 -0.0364974 -1.1475
-0.0078272 -0.0364974 -1.1475
-0.00729423 -0.0364974 -1.1475
-0.00836017 -0.0370304 -1.1475
-0.0078272 -0.0370304 -1.1475
-0.00729423 -0.0370304 -1.14751
-0.00836017 -0.0375634 -1.1475
-0.0078272 -0.0375634 -1.1475
-0.00729423 -0.0375634 -1.14751
-0.00836017 -0.0380964 -1.1475
-0.0078272 -0.0380964 -1.1475
-0.00729423 -0.0380964 -1.14751
-0.00836017 -0.0386293 -1.1475
-0.0078272 -0.0386293 -1.14751
-0.00729423 -0.0386293 -1.14751
-0.00836017 -0.0391623 -1.1475
-0.0078272 -0.0391623 -1.14751
-0.00729423 -0.0391623 -1.14751
-0.00836017 -0.0396953 -1.14751
-0.0078272 -0.0396953 -1.14751
-0.00729423 -0.0396953 -1.14751
-0.00836017 -0.0402282 -1.14751
-0.0078272 -0.0402282 -1.14751
-0.00729423 -0.0402282 -1.14751
-0.00836017 -0.0407612 -1.14751
-0.0078272 -0.0407612 -1.14751
-0.00729423 -0.0407612 -1.14751
-0.00836017 -0.0412942 -1.14751
-0.0078272 -0.0412942 -1.14751
-0.00729423 -0.0412942 -1.14752
-0.00836017 -0.0418272 -1.14751
-0.0078272 -0.0418272 -1.14751
-0.00729423 -0.0418272 -1.14752
-0.00836017 -0.0423601 -1.14751
-0.0078272 -0.0423601 -1.14752
-0.00729423 -0.0423601 -1.14752
-0.00836017 -0.0428931 -1.14751
-0.0078272 -0.0428931 -1.14752
-0.00729423 -0.0428931 -1.14752
-0.00836017 -0.0434261 -1.14751
-0.0078272 -0.0434261 -1.14752
-0.00729423 -0.0434261 -1.14752
-0.00836017 -0.0439591 -1.14752
-0.0078272 -0.0439591 -1.14752
-0.00729423 -0.0439591 -1.14752
-0.00836017 -0.044492 -1.14752
-0.0078272 -0.044492 -1.14752
-0.00729423 -0.044492 -1.14752
-0.00836017 -0.045025 -1.14752
-0.0078272 -0.045025 -1.14752
-0.00729423 -0.045025 -1.14752
-0.00836017 -0.045558 -1.14752
-0.0078272 -0.045558 -1.14752
-0.00729423 -0.045558 -1.14753
-0.00836017 -0.0460909 -1.14752
-0.0078272 -0.0460909 -1.14752
-0.00729423 -0.0460909 -1.14753
-0.00836017 -0.0466239 -1.14752
-0.0078272 -0.0466239 -1.14753
-0.00729423 -0.0466239 -1.14753
-0.00836017 -0.0471569 -1.14752
-0.0078272 -0.0471569 -1.14753
-0.00729423 -0.0471569 -1.14753
-0.00836017 -0.0476899 -1.14752
-0.0078272 -0.0476899 -1.14753
-0.00729423 -0.0476899 -1.14753
-0.00836017 -0.0482228 -1.14753
-0.0078272 -0.0482228 -1.14753
-0.00729423 -0.0482228 -1.14753
-0.00836017 -0.0487558 -1.14753
-0.0078272 -0.0487558 -1.14753
-0.00729423 -0.0487558 -1.14753
-0.00836017 -0.0492888 -1.14753
-0.0078272 -0.0492888 -1.14753
-0.00729423 -0.0492888 -1.14753
-0.00836017 -0.0498217 -1.14753
-0.0078272 -0.0498217 -1.14753
-0.00729423 -0.0498217 -1.14754
-0.00836017 -0.0503547 -1.14753
-0.0078272 -0.0503547 -1.14753
-0.00729423 -0.0503547 -1.14754
-0.00836017 -0.0508877 -1.14753
-0.0078272 -0.0508877 -1.14754
-0.00729423 -0.0508877 -1.14754
-0.00836017 -0.0514207 -1.14753
-0.0078272 -0.0514207 -1.14754
-0.00729423 -0.0514207 -1.14754
-0.00836017 -0.0519536 -1.14754
-0.0078272 -0.0519536 -1.14754
-0.00729423 -0.0519536 -1.14754
-0.00836017 -0.0524866 -1.14754
-0.0078272 -0.0524866 -1.14754
-0.00729423 -0.0524866 -1.14754
-0.00836017 -0.0530196 -1.14754
-0.0078272 -0.0530196 -1.14754
-0.00729423 -0.0530196 -1.14754
-0.00836017 -0.0535525 -1.14754
-0.0078272 -0.0535525 -1.14754
-0.00729423 -0.0535525 -1.14755
-0.00836017 -0.0540855 -1.14754
-0.0078272 -0.0540855 -1.14754
-0.00729423 -0.0540855 -1.14755
-0.00836017 -0.0546185 -1.14754
-0.0078272 -0.0546185 -1.14754
-0.00729423 -0.0546185 -1.14755
-0.00836017 -0.0551515 -1.14754
-0.0078272 -0.0551515 -1.14755
-0.00729423 -0.0551515 -1.14755
-0.00836017 -0.0556844 -1.14754
-0.0078272 -0.0556844 -1.14755
-0.00729423 -0.0556844 -1.14755
-0.00836017 -0.0562174 -1.14755
-0.0078272 -0.0562174 -1.14755
-0.00729423 -0.0562174 -1.14755
-0.00836017 -0.0567504 -1.14755
-0.0078272 -0.0567504 -1.14755
-0.00729423 -0.0567504 -1.14755
-0.00836017 -0.0572834 -1.14755
-0.0078272 -0.0572834 -1.14755
-0.00729423 -0.0572834 -1.14755
-0.00836017 -0.0578163 -1.14755
-0.0078272 -0.0578163 -1.14755
-0.00729423 -0.0578163 -1.14756
-0.00836017 -0.0583493 -1.14755
-0.0078272 -0.0583493 -1.14755
-0.00729423 -0.0583493 -1.14756
-0.00836017 -0.0588823 -1.14755
-0.0078272 -0.0588823 -1.14756
-0.00729423 -0.0588823 -1.14756
-0.00836017 -0.0594152 -1.14755
-0.0078272 -0.0594152 -1.14756
-0.00729423 -0.0594152 -1.14756
-0.00836017 -0.0599482 -1.14755
-0.0078272 -0.0599482 -1.14756
-0.00729423 -0.0599482 -1.14756
-0.00836017 -0.0604812 -1.14756
-0.0078272 -0.0604812 -1.14756
-0.00729423 -0.0604812 -1.14756
-0.00836017 -0.0610142 -1.14756
-0.0078272 -0.0610142 -1.14756
-0.00729423 -0.0610142 -1.14756
-0.00836017 -0.0615471 -1.14756
-0.0078272 -0.0615471 -1.14756
-0.00729423 -0.0615471 -1.14756
-0.00836017 -0.0620801 -1.14756
-0.0078272 -0.0620801 -1.14756
-0.00729423 -0.0620801 -1.14757
-0.00836017 -0.0626131 -1.14756
-0.0078272 -0.0626131 -1.14756
-0.00729423 -0.0626131 -1.14757
-0.00836017 -0.063146 -1.14756
-0.0078272 -0.063146 -1.14757
-0.00729423 -0.063146 -1.14757
-0.00836017 -0.063679 -1.14756
-0.0078272 -0.063679 -1.14757
-0.00729423 -0.063679 -1.14757
-0.00836017 -0.064212 -1.14756
-0.0078272 -0.064212 -1.14757
-0.00729423 -0.064212 -1.14757
-0.00836017 -0.064745 -1.14757
-0.0078272 -0.064745 -1.14757
-0.00729423 -0.064745 -1.14757
-0.00836017 -0.0652779 -1.14757
-0.0078272 -0.0652779 -1.14757
-0.00729423 -0.0652779 -1.14757
-0.00836017 -0.0658109 -1.14757
-0.0078272 -0.0658109 -1.14757
-0.00729423 -0.0658109 -1.14757
-0.00836017 -0.0663439 -1.14757
-0.0078272 -0.0663439 -1.14757
-0.00729423 -0.0663439 -1.14758
-0.00836017 -0.0668768 -1.14757
-0.0078272 -0.0668768 -1.14757
-0.00729423 -0.0668768 -1.14758
-0.00836017 -0.0674098 -1.14757
-0.0078272 -0.0674098 -1.14758
-0.00729423 -0.0674098 -1.14758
-0.00836017 -0.0679428 -1.14757
-0.0078272 -0.0679428 -1.14758
-0.00729423 -0.0679428 -1.14758
-0.00836017 -0.0684758 -1.14758
-0.0078272 -0.0684758 -1.14758
-0.00729423 -0.0684758 -1.14758
-0.00836017 -0.0690087 -1.14758
-0.0078272 -0.0690087 -1.14758
-0.00729423 -0.0690087 -1.14758
-0.00836017 -0.0695417 -1.14758
-0.0078272 -0.0695417 -1.14758
-0.00729423 -0.0695417 -1.14758
-0.00836017 -0.0700747 -1.14758
-0.0078272 -0.0700747 -1.14758
-0.00729423 -0.0700747 -1.14759
-0.00836017 -0.0706077 -1.14758
-0.0078272 -0.0706077 -1.14758
-0.00729423 -0.0706077 -1.14759
-0.00836017 -0.0711406 -1.14758
-0.0078272 -0.0711406 -1.14758
-0.00729423 -0.0711406 -1.14759
