0.00474201 -0.0236525 -1.17293
0.00429963 -0.0236525 -1.17292
0.00385725 -0.0236525 -1.17291
0.00474201 -0.0232101 -1.17293
0.00429963 -0.0232101 -1.17292
0.00385725 -0.0232101 -1.17291
0.00474201 -0.0227678 -1.17293
0.00429963 -0.0227678 -1.17292
0.00385725 -0.0227678 -1.17291
0.00474201 -0.0223254 -1.17293
0.00429963 -0.0223254 -1.17292
0.00385725 -0.0223254 -1.17291
0.00474201 -0.021883 -1.17293
0.00429963 -0.021883 -1.17292
0.00385725 -0.021883 -1.17291
0.00474201 -0.0214406 -1.17293
0.00429963 -0.0214406 -1.17292
0.00385725 -0.0214406 -1.17291
0.00474201 -0.0209982 -1.17293
0.00429963 -0.0209982 -1.17292
0.00385725 -0.0209982 -1.17291
0.00474201 -0.0205558 -1.17293
0.00429963 -0.0205558 -1.17292
0.00385725 -0.0205558 -1.17291
0.00474201 -0.0201135 -1.17293
0.00429963 -0.0201135 -1.17292
0.00385725 -0.0201135 -1.17291
0.00474201 -0.0196711 -1.17293
0.00429963 -0.0196711 -1.17292
0.00385725 -0.0196711 -1.17291
0.00474201 -0.0192287 -1.17293
0.00429963 -0.0192287 -1.17292
0.00385725 -0.0192287 -1.17291
0.00474201 -0.0187863 -1.17293
0.00429963 -0.0187863 -1.17292
0.00385725 -0.0187863 -1.17291
0.00474201 -0.0183439 -1.17293
0.00429963 -0.0183439 -1.17292
0.00385725 -0.0183439 -1.17291
0.00474201 -0.0179016 -1.17293
0.00429963 -0.0179016 -1.17292
0.00385725 -0.0179016 -1.17291
0.00474201 -0.0174592 -1.17293
0.00429963 -0.0174592 -1.17292
0.00385725 -0.0174592 -1.17291
0.00474201 -0.0170168 -1.17293
0.00429963 -0.0170168 -1.17292
0.00385725 -0.0170168 -1.17291
0.00474201 -0.0165744 -1.17293
0.00429963 -0.0165744 -1.17292
0.00385725 -0.0165744 -1.17291
0.00474201 -0.016132 -1.17293
0.00429963 -0.016132 -1.17292
0.00385725 -0.016132 -1.17291
0.00474201 -0.0156896 -1.17293
0.00429963 -0.0156896 -1.17292
0.00385725 -0.0156896 -1.17291
0.00474201 -0.0152473 -1.17293
0.00429963 -0.0152473 -1.17292
0.00385725 -0.0152473 -1.17291
0.00474201 -0.0148049 -1.17293
0.00429963 -0.0148049 -1.17292
0.00385725 -0.0148049 -1.17291
0.00474201 -0.0143625 -1.17294
0.00429963 -0.0143625 -1.17292
0.00385725 -0.0143625 -1.17291
0.00474201 -0.0139201 -1.17294
0.00429963 -0.0139201 -1.17292
0.00385725 -0.0139201 -1.17291
0.00474201 -0.0134777 -1.17294
0.00429963 -0.0134777 -1.17292
0.00385725 -0.0134777 -1.17291
0.00474201 -0.0130354 -1.17294
0.00429963 -0.0130354 -1.17293
0.00385725 -0.0130354 -1.17291
0.00474201 -0.012593 -1.17294
0.00429963 -0.012593 -1.17293
0.00385725 -0.012593 -1.17291
0.00474201 -0.0121506 -1.17294
0.00429963 -0.0121506 -1.17293
0.00385725 -0.0121506 -1.17292
0.00474201 -0.0117082 -1.17294
0.00429963 -0.0117082 -1.17293
0.00385725 -0.0117082 -1.17292
0.00474201 -0.0112658 -1.17294
0.00429963 -0.0112658 -1.17293
0.00385725 -0.0112658 -1.17292
0.00474201 -0.0108234 -1.17294
0.00429963 -0.0108234 -1.17293
0.00385725 -0.0108234 -1.17292
0.00474201 -0.0103811 -1.17294
0.00429963 -0.0103811 -1.17293
0.00385725 -0.0103811 -1.17292
0.00474201 -0.00993868 -1.17294
0.00429963 -0.00993868 -1.17293
0.00385725 -0.00993868 -1.17292
0.00474201 -0.0094963 -1.17294
0.00429963 -0.0094963 -1.17293
0.00385725 -0.0094963 -1.17292
0.00474201 -0.00905392 -1.17294
0.00429963 -0.00905392 -1.17293
0.00385725 -0.00905392 -1.17292
0.00474201 -0.00861154 -1.17294
0.00429963 -0.00861154 -1.17293
0.00385725 -0.00861154 -1.17292
0.00474201 -0.00816916 -1.17294
0.00429963 -0.00816916 -1.17293
0.00385725 -0.00816916 -1.17292
0.00474201 -0.00772678 -1.17294
0.00429963 -0.00772678 -1.17293
0.00385725 -0.00772678 -1.17292
0.00474201 -0.00728439 -1.17294
0.00429963 -0.00728439 -1.17293
0.00385725 -0.00728439 -1.17292
0.00474201 -0.00684201 -1.17294
0.00429963 -0.00684201 -1.17293
0.00385725 -0.00684201 -1.17292
0.00474201 -0.00639963 -1.17294
0.00429963 -0.00639963 -1.17293
0.00385725 -0.00639963 -1.17292
0.00474201 -0.00595725 -1.17294
0.00429963 -0.00595725 -1.17293
0.00385725 -0.00595725 -1.17292
0.00474201 -0.00551487 -1.17294
0.00429963 -0.00551487 -1.17293
0.00385725 -0.00551487 -1.17292
0.00474201 -0.00507249 -1.17294
0.00429963 -0.00507249 -1.17293
0.00385725 -0.00507249 -1.17292
0.00474201 -0.0046301 -1.17294
0.00429963 -0.0046301 -1.17293
0.00385725 -0.0046301 -1.17292
0.00474201 -0.00418772 -1.17294
0.00429963 -0.00418772 -1.17293
0.00385725 -0.00418772 -1.17292
0.00474201 -0.00374534 -1.17294
0.00429963 -0.00374534 -1.17293
0.00385725 -0.00374534 -1.17292
0.00474201 -0.00330296 -1.17294
0.00429963 -0.00330296 -1.17293
0.00385725 -0.00330296 -1.17292
0.00474201 -0.00286058 -1.17294
0.00429963 -0.00286058 -1.17293
0.00385725 -0.00286058 -1.17292
0.00474201 -0.0024182 -1.17294
0.00429963 -0.0024182 -1.17293
0.00385725 -0.0024182 -1.17292
0.00474201 -0.00197581 -1.17294
0.00429963 -0.00197581 -1.17293
0.00385725 -0.00197581 -1.17292
0.00474201 -0.00153343 -1.17294
0.00429963 -0.00153343 -1.17293
0.00385725 -0.00153343 -1.17292
0.00474201 -0.00109105 -1.17294
0.00429963 -0.00109105 -1.17293
0.00385725 -0.00109105 -1.17292
0.00474201 -0.000648669 -1.17294
0.00429963 -0.000648669 -1.17293
0.00385725 -0.000648669 -1.17292
0.00474201 -0.000206287 -1.17294
0.00429963 -0.000206287 -1.17293
0.00385725 -0.000206287 -1.17292
0.00474201 0.000236094 -1.17294
0.00429963 0.000236094 -1.17293
0.00385725 0.000236094 -1.17292
0.00474201 0.000678476 -1.17294
0.00429963 0.000678476 -1.17293
0.00385725 0.000678476 -1.17292
0.00474201 0.00112086 -1.17294
0.00429963 0.00112086 -1.17293
0.00385725 0.00112086 -1.17292
0.00474201 0.00156324 -1.17294
0.00429963 0.00156324 -1.17293
0.00385725 0.00156324 -1.17292
0.00474201 0.00200562 -1.17294
0.00429963 0.00200562 -1.17293
0.00385725 0.00200562 -1.17292
0.00474201 0.002448 -1.17294
0.00429963 0.002448 -1.17293
0.00385725 0.002448 -1.17292
0.00474201 0.00289038 -1.17294
0.00429963 0.00289038 -1.17293
0.00385725 0.00289038 -1.17292
0.00474201 0.00333277 -1.17294
0.00429963 0.00333277 -1.17293
0.00385725 0.00333277 -1.17292
0.00474201 0.00377515 -1.17294
0.00429963 0.00377515 -1.17293
0.00385725 0.00377515 -1.17292
0.00474201 0.00421753 -1.17294
0.00429963 0.00421753 -1.17293
0.00385725 0.00421753 -1.17292
0.00474201 0.00465991 -1.17294
0.00429963 0.00465991 -1.17293
0.00385725 0.00465991 -1.17292
0.00474201 0.00510229 -1.17294
0.00429963 0.00510229 -1.17293
0.00385725 0.00510229 -1.17292
0.00474201 0.00554467 -1.17294
0.00429963 0.00554467 -1.17293
0.00385725 0.00554467 -1.17292
0.00474201 0.00598706 -1.17294
0.00429963 0.00598706 -1.17293
0.00385725 0.00598706 -1.17292
0.00474201 0.00642944 -1.17294
0.00429963 0.00642944 -1.17293
0.00385725 0.00642944 -1.17292
0.00474201 0.00687182 -1.17294
0.00429963 0.00687182 -1.17293
0.00385725 0.00687182 -1.17292
0.00474201 0.0073142 -1.17294
0.00429963 0.0073142 -1.17293
0.00385725 0.0073142 -1.17292
0.00474201 0.00775658 -1.17294
0.00429963 0.00775658 -1.17293
0.00385725 0.00775658 -1.17292
0.00474201 0.00819896 -1.17294
0.00429963 0.00819896 -1.17293
0.00385725 0.00819896 -1.17292
0.00474201 0.00864135 -1.17294
0.00429963 0.00864135 -1.17293
0.00385725 0.00864135 -1.17292
0.00474201 0.00908373 -1.17294
0.00429963 0.00908373 -1.17293
0.00385725 0.00908373 -1.17292
0.00474201 0.00952611 -1.17294
0.00429963 0.00952611 -1.17293
0.00385725 0.00952611 -1.17292
0.00474201 0.00996849 -1.17294
0.00429963 0.00996849 -1.17293
0.00385725 0.00996849 -1.17292
0.00474201 0.0104109 -1.17294
0.00429963 0.0104109 -1.17293
0.00385725 0.0104109 -1.17292
0.00474201 0.0108533 -1.17294
0.00429963 0.0108533 -1.17293
0.00385725 0.0108533 -1.17292
0.00474201 0.0112956 -1.17294
0.00429963 0.0112956 -1.17293
0.00385725 0.0112956 -1.17292
0.00474201 0.011738 -1.17294
0.00429963 0.011738 -1.17293
0.00385725 0.011738 -1.17292
0.00474201 0.0121804 -1.17294
0.00429963 0.0121804 -1.17293
0.00385725 0.0121804 -1.17292
0.00474201 0.0126228 -1.17295
0.00429963 0.0126228 -1.17293
0.00385725 0.0126228 -1.17292
0.00474201 0.0130652 -1.17295
0.00429963 0.0130652 -1.17293
0.00385725 0.0130652 -1.17292
0.00474201 0.0135075 -1.17295
0.00429963 0.0135075 -1.17294
0.00385725 0.0135075 -1.17292
0.00474201 0.0139499 -1.17295
0.00429963 0.0139499 -1.17294
0.00385725 0.0139499 -1.17292
0.00474201 0.0143923 -1.17295
0.00429963 0.0143923 -1.17294
0.00385725 0.0143923 -1.17293
0.00474201 0.0148347 -1.17295
0.00429963 0.0148347 -1.17294
0.00385725 0.0148347 -1.17293
0.00474201 0.0152771 -1.17295
0.00429963 0.0152771 -1.17294
0.00385725 0.0152771 -1.17293
0.00474201 0.0157195 -1.17295
0.00429963 0.0157195 -1.17294
0.00385725 0.0157195 -1.17293
0.00474201 0.0161618 -1.17295
0.00429963 0.0161618 -1.17294
0.00385725 0.0161618 -1.17293
0.00474201 0.0166042 -1.17295
0.00429963 0.0166042 -1.17294
0.00385725 0.0166042 -1.17293
0.00474201 0.0170466 -1.17295
0.00429963 0.0170466 -1.17294
0.00385725 0.0170466 -1.17293
0.00474201 0.017489 -1.17295
0.00429963 0.017489 -1.17294
0.00385725 0.017489 -1.17293
0.00474201 0.0179314 -1.17295
0.00429963 0.0179314 -1.17294
0.00385725 0.0179314 -1.17293
0.00474201 0.0183737 -1.17295
0.00429963 0.0183737 -1.17294
0.00385725 0.0183737 -1.17293
0.00474201 0.0188161 -1.17295
0.00429963 0.0188161 -1.17294
0.00385725 0.0188161 -1.17293
0.00474201 0.0192585 -1.17295
0.00429963 0.0192585 -1.17294
0.00385725 0.0192585 -1.17293
0.00474201 0.0197009 -1.17295
0.00429963 0.0197009 -1.17294
0.00385725 0.0197009 -1.17293
0.00474201 0.0201433 -1.17295
0.00429963 0.0201433 -1.17294
0.00385725 0.0201433 -1.17293
0.00474201 0.0205856 -1.17295
0.00429963 0.0205856 -1.17294
0.00385725 0.0205856 -1.17293
0.00474201 0.021028 -1.17295
0.00429963 0.021028 -1.17294
0.00385725 0.021028 -1.17293
0.00474201 0.0214704 -1.17295
0.00429963 0.0214704 -1.17294
0.00385725 0.0214704 -1.17293
0.00474201 0.0219128 -1.17295
0.00429963 0.0219128 -1.17294
0.00385725 0.0219128 -1.17293
0.00474201 0.0223552 -1.17295
0.00429963 0.0223552 -1.17294
0.00385725 0.0223552 -1.17293
0.00474201 0.0227976 -1.17295
0.00429963 0.0227976 -1.17294
0.00385725 0.0227976 -1.17293
0.00474201 0.0232399 -1.17295
0.00429963 0.0232399 -1.17294
0.00385725 0.0232399 -1.17293
0.00474201 0.0236823 -1.17295
0.00429963 0.0236823 -1.17294
0.00385725 0.0236823 -1.17293
0.00474201 0.0241247 -1.17295
0.00429963 0.0241247 -1.17294
0.00385725 0.0241247 -1.17293
0.00474201 0.0245671 -1.17295
0.00429963 0.0245671 -1.17294
0.00385725 0.0245671 -1.17293
0.00474201 0.0250095 -1.17295
0.00429963 0.0250095 -1.17294
0.00385725 0.0250095 -1.17293
