-0.0100419 -0.104421 -1.18716
-0.0120282 -0.104421 -1.18716
-0.0140146 -0.104421 -1.18716
-0.0100419 -0.102435 -1.18716
-0.0120282 -0.102435 -1.18716
-0.0140146 -0.102435 -1.18716
-0.0100419 -0.100448 -1.18716
-0.0120282 -0.100448 -1.18716
-0.0140146 -0.100448 -1.18716
-0.0100419 -0.098462 -1.18716
-0.0120282 -0.098462 -1.18716
-0.0140146 -0.098462 -1.18716
-0.0100419 -0.0964756 -1.18716
-0.0120282 -0.0964756 -1.18716
-0.0140146 -0.0964756 -1.18716
-0.0100419 -0.0944893 -1.18716
-0.0120282 -0.0944893 -1.18716
-0.0140146 -0.0944893 -1.18716
-0.0100419 -0.092503 -1.18716
-0.0120282 -0.092503 -1.18716
-0.0140146 -0.092503 -1.18716
-0.0100419 -0.0905167 -1.18716
-0.0120282 -0.0905167 -1.18716
-0.0140146 -0.0905167 -1.18716
-0.0100419 -0.0885303 -1.18716
-0.0120282 -0.0885303 -1.18716
-0.0140146 -0.0885303 -1.18716
-0.0100419 -0.086544 -1.18716
-0.0120282 -0.086544 -1.18716
-0.0140146 -0.086544 -1.18716
-0.0100419 -0.0845577 -1.18716
-0.0120282 -0.0845577 -1.18716
-0.0140146 -0.0845577 -1.18716
-0.0100419 -0.0825714 -1.18716
-0.0120282 -0.0825714 -1.18716
-0.0140146 -0.0825714 -1.18716
-0.0100419 -0.0805851 -1.18716
-0.0120282 -0.0805851 -1.18716
-0.0140146 -0.0805851 -1.18716
-0.0100419 -0.0785987 -1.18716
-0.0120282 -0.0785987 -1.18716
-0.0140146 -0.0785987 -1.18716
-0.0100419 -0.0766124 -1.18716
-0.0120282 -0.0766124 -1.18716
-0.0140146 -0.0766124 -1.18716
-0.0100419 -0.0746261 -1.18716
-0.0120282 -0.0746261 -1.18716
-0.0140146 -0.0746261 -1.18716
-0.0100419 -0.0726398 -1.18716
-0.0120282 -0.0726398 -1.18716
-0.0140146 -0.0726398 -1.18716
-0.0100419 -0.0706534 -1.18716
-0.0120282 -0.0706534 -1.18716
-0.0140146 -0.0706534 -1.18716
-0.0100419 -0.0686671 -1.18716
-0.0120282 -0.0686671 -1.18716
-0.0140146 -0.0686671 -1.18716
-0.0100419 -0.0666808 -1.18716
-0.0120282 -0.0666808 -1.18716
-0.0140146 -0.0666808 -1.18716
-0.0100419 -0.0646945 -1.18716
-0.0120282 -0.0646945 -1.18716
-0.0140146 -0.0646945 -1.18716
-0.0100419 -0.0627081 -1.18716
-0.0120282 -0.0627081 -1.18716
-0.0140146 -0.0627081 -1.18716
-0.0100419 -0.0607218 -1.18716
-0.0120282 -0.0607218 -1.18716
-0.0140146 -0.0607218 -1.18716
-0.0100419 -0.0587355 -1.18715
-0.0120282 -0.0587355 -1.18715
-0.0140146 -0.0587355 -1.18716
-0.0100419 -0.0567492 -1.18715
-0.0120282 -0.0567492 -1.18715
-0.0140146 -0.0567492 -1.18715
-0.0100419 -0.0547629 -1.18715
-0.0120282 -0.0547629 -1.18715
-0.0140146 -0.0547629 -1.18715
-0.0100419 -0.0527765 -1.18715
-0.0120282 -0.0527765 -1.18715
-0.0140146 -0.0527765 -1.18715
-0.0100419 -0.0507902 -1.18715
-0.0120282 -0.0507902 -1.18715
-0.0140146 -0.0507902 -1.18715
-0.0100419 -0.0488039 -1.18715
-0.0120282 -0.0488039 -1.18715
-0.0140146 -0.0488039 -1.18715
-0.0100419 -0.0468176 -1.18715
-0.0120282 -0.0468176 -1.18715
-0.0140146 -0.0468176 -1.18715
-0.0100419 -0.0448312 -1.18715
-0.0120282 -0.0448312 -1.18715
-0.0140146 -0.0448312 -1.18715
-0.0100419 -0.0428449 -1.18715
-0.0120282 -0.0428449 -1.18715
-0.0140146 -0.0428449 -1.18715
-0.0100419 -0.0408586 -1.18715
-0.0120282 -0.0408586 -1.18715
-0.0140146 -0.0408586 -1.18715
-0.0100419 -0.0388723 -1.18715
-0.0120282 -0.0388723 -1.18715
-0.0140146 -0.0388723 -1.18715
-0.0100419 -0.036886 -1.18715
-0.0120282 -0.036886 -1.18715
-0.0140146 -0.036886 -1.18715
-0.0100419 -0.0348996 -1.18715
-0.0120282 -0.0348996 -1.18715
-0.0140146 -0.0348996 -1.18715
-0.0100419 -0.0329133 -1.18715
-0.0120282 -0.0329133 -1.18715
-0.0140146 -0.0329133 -1.18715
-0.0100419 -0.030927 -1.18715
-0.0120282 -0.030927 -1.18715
-0.0140146 -0.030927 -1.18715
-0.0100419 -0.0289407 -1.18715
-0.0120282 -0.0289407 -1.18715
-0.0140146 -0.0289407 -1.18715
-0.0100419 -0.0269543 -1.18715
-0.0120282 -0.0269543 -1.18715
-0.0140146 -0.0269543 -1.18715
-0.0100419 -0.024968 -1.18715
-0.0120282 -0.024968 -1.18715
-0.0140146 -0.024968 -1.18715
-0.0100419 -0.0229817 -1.18715
-0.0120282 -0.0229817 -1.18715
-0.0140146 -0.0229817 -1.18715
-0.0100419 -0.0209954 -1.18715
-0.0120282 -0.0209954 -1.18715
-0.0140146 -0.0209954 -1.18715
-0.0100419 -0.019009 -1.18715
-0.0120282 -0.019009 -1.18715
-0.0140146 -0.019009 -1.18715
-0.0100419 -0.0170227 -1.18715
-0.0120282 -0.0170227 -1.18715
-0.0140146 -0.0170227 -1.18715
-0.0100419 -0.0150364 -1.18715
-0.0120282 -0.0150364 -1.18715
-0.0140146 -0.0150364 -1.18715
-0.0100419 -0.0130501 -1.18715
-0.0120282 -0.0130501 -1.18715
-0.0140146 -0.0130501 -1.18715
-0.0100419 -0.0110638 -1.18715
-0.0120282 -0.0110638 -1.18715
-0.0140146 -0.0110638 -1.18715
-0.0100419 -0.00907743 -1.18714
-0.0120282 -0.00907743 -1.18715
-0.0140146 -0.00907743 -1.18715
-0.0100419 -0.00709111 -1.18714
-0.0120282 -0.00709111 -1.18714
-0.0140146 -0.00709111 -1.18714
-0.0100419 -0.00510479 -1.18714
-0.0120282 -0.00510479 -1.18714
-0.0140146 -0.00510479 -1.18714
-0.0100419 -0.00311847 -1.18714
-0.0120282 -0.00311847 -1.18714
-0.0140146 -0.00311847 -1.18714
-0.0100419 -0.00113214 -1.18714
-0.0120282 -0.00113214 -1.18714
-0.0140146 -0.00113214 -1.18714
-0.0100419 0.000854179 -1.18714
-0.0120282 0.000854179 -1.18714
-0.0140146 0.000854179 -1.18714
-0.0100419 0.0028405 -1.18714
-0.0120282 0.0028405 -1.18714
-0.0140146 0.0028405 -1.18714
-0.0100419 0.00482683 -1.18714
-0.0120282 0.00482683 -1.18714
-0.0140146 0.00482683 -1.18714
-0.0100419 0.00681315 -1.18714
-0.0120282 0.00681315 -1.18714
-0.0140146 0.00681315 -1.18714
-0.0100419 0.00879947 -1.18714
-0.0120282 0.00879947 -1.18714
-0.0140146 0.00879947 -1.18714
-0.0100419 0.0107858 -1.18714
-0.0120282 0.0107858 -1.18714
-0.0140146 0.0107858 -1.18714
-0.0100419 0.0127721 -1.18714
-0.0120282 0.0127721 -1.18714
-0.0140146 0.0127721 -1.18714
-0.0100419 0.0147584 -1.18714
-0.0120282 0.0147584 -1.18714
-0.0140146 0.0147584 -1.18714
-0.0100419 0.0167448 -1.18714
-0.0120282 0.0167448 -1.18714
-0.0140146 0.0167448 -1.18714
-0.0100419 0.0187311 -1.18714
-0.0120282 0.0187311 -1.18714
-0.0140146 0.0187311 -1.18714
-0.0100419 0.0207174 -1.18714
-0.0120282 0.0207174 -1.18714
-0.0140146 0.0207174 -1.18714
-0.0100419 0.0227037 -1.18714
-0.0120282 0.0227037 -1.18714
-0.0140146 0.0227037 -1.18714
-0.0100419 0.0246901 -1.18714
-0.0120282 0.0246901 -1.18714
-0.0140146 0.0246901 -1.18714
-0.0100419 0.0266764 -1.18714
-0.0120282 0.0266764 -1.18714
-0.0140146 0.0266764 -1.18714
-0.0100419 0.0286627 -1.18714
-0.0120282 0.0286627 -1.18714
-0.0140146 0.0286627 -1.18714
-0.0100419 0.030649 -1.18714
-0.0120282 0.030649 -1.18714
-0.0140146 0.030649 -1.18714
-0.0100419 0.0326353 -1.18714
-0.0120282 0.0326353 -1.18714
-0.0140146 0.0326353 -1.18714
-0.0100419 0.0346217 -1.18714
-0.0120282 0.0346217 -1.18714
-0.0140146 0.0346217 -1.18714
-0.0100419 0.036608 -1.18714
-0.0120282 0.036608 -1.18714
-0.0140146 0.036608 -1.18714
-0.0100419 0.0385943 -1.18714
-0.0120282 0.0385943 -1.18714
-0.0140146 0.0385943 -1.18714
-0.0100419 0.0405806 -1.18714
-0.0120282 0.0405806 -1.18714
-0.0140146 0.0405806 -1.18714
-0.0100419 0.042567 -1.18713
-0.0120282 0.042567 -1.18714
-0.0140146 0.042567 -1.18714
-0.0100419 0.0445533 -1.18713
-0.0120282 0.0445533 -1.18713
-0.0140146 0.0445533 -1.18713
-0.0100419 0.0465396 -1.18713
-0.0120282 0.0465396 -1.18713
-0.0140146 0.0465396 -1.18713
-0.0100419 0.0485259 -1.18713
-0.0120282 0.0485259 -1.18713
-0.0140146 0.0485259 -1.18713
-0.0100419 0.0505123 -1.18713
-0.0120282 0.0505123 -1.18713
-0.0140146 0.0505123 -1.18713
-0.0100419 0.0524986 -1.18713
-0.0120282 0.0524986 -1.18713
-0.0140146 0.0524986 -1.18713
-0.0100419 0.0544849 -1.18713
-0.0120282 0.0544849 -1.18713
-0.0140146 0.0544849 -1.18713
-0.0100419 0.0564712 -1.18713
-0.0120282 0.0564712 -1.18713
-0.0140146 0.0564712 -1.18713
-0.0100419 0.0584575 -1.18713
-0.0120282 0.0584575 -1.18713
-0.0140146 0.0584575 -1.18713
-0.0100419 0.0604439 -1.18713
-0.0120282 0.0604439 -1.18713
-0.0140146 0.0604439 -1.18713
-0.0100419 0.0624302 -1.18713
-0.0120282 0.0624302 -1.18713
-0.0140146 0.0624302 -1.18713
-0.0100419 0.0644165 -1.18713
-0.0120282 0.0644165 -1.18713
-0.0140146 0.0644165 -1.18713
-0.0100419 0.0664028 -1.18713
-0.0120282 0.0664028 -1.18713
-0.0140146 0.0664028 -1.18713
-0.0100419 0.0683892 -1.18713
-0.0120282 0.0683892 -1.18713
-0.0140146 0.0683892 -1.18713
-0.0100419 0.0703755 -1.18713
-0.0120282 0.0703755 -1.18713
-0.0140146 0.0703755 -1.18713
-0.0100419 0.0723618 -1.18713
-0.0120282 0.0723618 -1.18713
-0.0140146 0.0723618 -1.18713
-0.0100419 0.0743481 -1.18713
-0.0120282 0.0743481 -1.18713
-0.0140146 0.0743481 -1.18713
-0.0100419 0.0763344 -1.18713
-0.0120282 0.0763344 -1.18713
-0.0140146 0.0763344 -1.18713
-0.0100419 0.0783208 -1.18713
-0.0120282 0.0783208 -1.18713
-0.0140146 0.0783208 -1.18713
-0.0100419 0.0803071 -1.18713
-0.0120282 0.0803071 -1.18713
-0.0140146 0.0803071 -1.18713
-0.0100419 0.0822934 -1.18713
-0.0120282 0.0822934 -1.18713
-0.0140146 0.0822934 -1.18713
-0.0100419 0.0842797 -1.18713
-0.0120282 0.0842797 -1.18713
-0.0140146 0.0842797 -1.18713
-0.0100419 0.0862661 -1.18713
-0.0120282 0.0862661 -1.18713
-0.0140146 0.0862661 -1.18713
-0.0100419 0.0882524 -1.18713
-0.0120282 0.0882524 -1.18713
-0.0140146 0.0882524 -1.18713
-0.0100419 0.0902387 -1.18713
-0.0120282 0.0902387 -1.18713
-0.0140146 0.0902387 -1.18713
-0.0100419 0.092225 -1.18713
-0.0120282 0.092225 -1.18713
-0.0140146 0.092225 -1.18713
-0.0100419 0.0942113 -1.18712
-0.0120282 0.0942113 -1.18713
-0.0140146 0.0942113 -1.18713
-0.0100419 0.0961977 -1.18712
-0.0120282 0.0961977 -1.18712
-0.0140146 0.0961977 -1.18712
-0.0100419 0.098184 -1.18712
-0.0120282 0.098184 -1.18712
-0.0140146 0.098184 -1.18712
-0.0100419 0.10017 -1.18712
-0.0120282 0.10017 -1.18712
-0.0140146 0.10017 -1.18712
-0.0100419 0.102157 -1.18712
-0.0120282 0.102157 -1.18712
-0.0140146 0.102157 -1.18712
-0.0100419 0.104143 -1.18712
-0.0120282 0.104143 -1.18712
-0.0140146 0.104143 -1.18712
-0.0100419 0.106129 -1.18712
-0.0120282 0.106129 -1.18712
-0.0140146 0.106129 -1.18712
-0.0100419 0.108116 -1.18712
-0.0120282 0.108116 -1.18712
-0.0140146 0.108116 -1.18712
-0.0100419 0.110102 -1.18712
-0.0120282 0.110102 -1.18712
-0.0140146 0.110102 -1.18712
-0.0100419 0.112088 -1.18712
-0.0120282 0.112088 -1.18712
-0.0140146 0.112088 -1.18712
-0.0100419 0.114075 -1.18712
-0.0120282 0.114075 -1.18712
-0.0140146 0.114075 -1.18712
