-0.00232637 -0.0905431 -1.16708
-0.00335041 -0.0905431 -1.16708
-0.00437445 -0.0905431 -1.16708
-0.00232637 -0.0895191 -1.16708
-0.00335041 -0.0895191 -1.16708
-0.00437445 -0.0895191 -1.16708
-0.00232637 -0.088495 -1.16708
-0.00335041 -0.088495 -1.16708
-0.00437445 -0.088495 -1.16708
-0.00232637 -0.087471 -1.16708
-0.00335041 -0.087471 -1.16708
-0.00437445 -0.087471 -1.16708
-0.00232637 -0.0864469 -1.16708
-0.00335041 -0.0864469 -1.16708
-0.00437445 -0.0864469 -1.16708
-0.00232637 -0.0854229 -1.16708
-0.00335041 -0.0854229 -1.16708
-0.00437445 -0.0854229 -1.16708
-0.00232637 -0.0843989 -1.16708
-0.00335041 -0.0843989 -1.16708
-0.00437445 -0.0843989 -1.16708
-0.00232637 -0.0833748 -1.16708
-0.00335041 -0.0833748 -1.16707
-0.00437445 -0.0833748 -1.16707
-0.00232637 -0.0823508 -1.16707
-0.00335041 -0.0823508 -1.16707
-0.00437445 -0.0823508 -1.16707
-0.00232637 -0.0813268 -1.16707
-0.00335041 -0.0813268 -1.16707
-0.00437445 -0.0813268 -1.16707
-0.00232637 -0.0803027 -1.16707
-0.00335041 -0.0803027 -1.16707
-0.00437445 -0.0803027 -1.16707
-0.00232637 -0.0792787 -1.16707
-0.00335041 -0.0792787 -1.16707
-0.00437445 -0.0792787 -1.16707
-0.00232637 -0.0782546 -1.16707
-0.00335041 -0.0782546 -1.16707
-0.00437445 -0.0782546 -1.16707
-0.00232637 -0.0772306 -1.16707
-0.00335041 -0.0772306 -1.16707
-0.00437445 -0.0772306 -1.16707
-0.00232637 -0.0762066 -1.16707
-0.00335041 -0.0762066 -1.16707
-0.00437445 -0.0762066 -1.16707
-0.00232637 -0.0751825 -1.16707
-0.00335041 -0.0751825 -1.16707
-0.00437445 -0.0751825 -1.16707
-0.00232637 -0.0741585 -1.16707
-0.00335041 -0.0741585 -1.16707
-0.00437445 -0.0741585 -1.16707
-0.00232637 -0.0731345 -1.16707
-0.00335041 -0.0731345 -1.16706
-0.00437445 -0.0731345 -1.16706
-0.00232637 -0.0721104 -1.16706
-0.00335041 -0.0721104 -1.16706
-0.00437445 -0.0721104 -1.16706
-0.00232637 -0.0710864 -1.16706
-0.00335041 -0.0710864 -1.16706
-0.00437445 -0.0710864 -1.16706
-0.00232637 -0.0700624 -1.16706
-0.00335041 -0.0700624 -1.16706
-0.00437445 -0.0700624 -1.16706
-0.00232637 -0.0690383 -1.16706
-0.00335041 -0.0690383 -1.16706
-0.00437445 -0.0690383 -1.16706
-0.00232637 -0.0680143 -1.16706
-0.00335041 -0.0680143 -1.16706
-0.00437445 -0.0680143 -1.16706
-0.00232637 -0.0669902 -1.16706
-0.00335041 -0.0669902 -1.16706
-0.00437445 -0.0669902 -1.16706
-0.00232637 -0.0659662 -1.16706
-0.00335041 -0.0659662 -1.16706
-0.00437445 -0.0659662 -1.16706
-0.00232637 -0.0649422 -1.16706
-0.00335041 -0.0649422 -1.16706
-0.00437445 -0.0649422 -1.16706
-0.00232637 -0.0639181 -1.16706
-0.00335041 -0.0639181 -1.16706
-0.00437445 -0.0639181 -1.16706
-0.00232637 -0.0628941 -1.16706
-0.00335041 -0.0628941 -1.16705
-0.00437445 -0.0628941 -1.16705
-0.00232637 -0.0618701 -1.16705
-0.00335041 -0.0618701 -1.16705
-0.00437445 -0.0618701 -1.16705
-0.00232637 -0.060846 -1.16705
-0.00335041 -0.060846 -1.16705
-0.00437445 -0.060846 -1.16705
-0.00232637 -0.059822 -1.16705
-0.00335041 -0.059822 -1.16705
-0.00437445 -0.059822 -1.16705
-0.00232637 -0.0587979 -1.16705
-0.00335041 -0.0587979 -1.16705
-0.00437445 -0.0587979 -1.16705
-0.00232637 -0.0577739 -1.16705
-0.00335041 -0.0577739 -1.16705
-0.00437445 -0.0577739 -1.16705
-0.00232637 -0.0567499 -1.16705
-0.00335041 -0.0567499 -1.16705
-0.00437445 -0.0567499 -1.16705
-0.00232637 -0.0557258 -1.16705
-0.00335041 -0.0557258 -1.16705
-0.00437445 -0.0557258 -1.16705
-0.00232637 -0.0547018 -1.16705
-0.00335041 -0.0547018 -1.16705
-0.00437445 -0.0547018 -1.16705
-0.00232637 -0.0536778 -1.16705
-0.00335041 -0.0536778 -1.16705
-0.00437445 -0.0536778 -1.16705
-0.00232637 -0.0526537 -1.16704
-0.00335041 -0.0526537 -1.16704
-0.00437445 -0.0526537 -1.16704
-0.00232637 -0.0516297 -1.16704
-0.00335041 -0.0516297 -1.16704
-0.00437445 -0.0516297 -1.16704
-0.00232637 -0.0506057 -1.16704
-0.00335041 -0.0506057 -1.16704
-0.00437445 -0.0506057 -1.16704
-0.00232637 -0.0495816 -1.16704
-0.00335041 -0.0495816 -1.16704
-0.00437445 -0.0495816 -1.16704
-0.00232637 -0.0485576 -1.16704
-0.00335041 -0.0485576 -1.16704
-0.00437445 -0.0485576 -1.16704
-0.00232637 -0.0475335 -1.16704
-0.00335041 -0.0475335 -1.16704
-0.00437445 -0.0475335 -1.16704
-0.00232637 -0.0465095 -1.16704
-0.00335041 -0.0465095 -1.16704
-0.00437445 -0.0465095 -1.16704
-0.00232637 -0.0454855 -1.16704
-0.00335041 -0.0454855 -1.16704
-0.00437445 -0.0454855 -1.16704
-0.00232637 -0.0444614 -1.16704
-0.00335041 -0.0444614 -1.16704
-0.00437445 -0.0444614 -1.16704
-0.00232637 -0.0434374 -1.16704
-0.00335041 -0.0434374 -1.16704
-0.00437445 -0.0434374 -1.16704
-0.00232637 -0.0424134 -1.16703
-0.00335041 -0.0424134 -1.16703
-0.00437445 -0.0424134 -1.16703
-0.00232637 -0.0413893 -1.16703
-0.00335041 -0.0413893 -1.16703
-0.00437445 -0.0413893 -1.16703
-0.00232637 -0.0403653 -1.16703
-0.00335041 -0.0403653 -1.16703
-0.00437445 -0.0403653 -1.16703
-0.00232637 -0.0393412 -1.16703
-0.00335041 -0.0393412 -1.16703
-0.00437445 -0.0393412 -1.16703
-0.00232637 -0.0383172 -1.16703
-0.00335041 -0.0383172 -1.16703
-0.00437445 -0.0383172 -1.16703
-0.00232637 -0.0372932 -1.16703
-0.00335041 -0.0372932 -1.16703
-0.00437445 -0.0372932 -1.16703
-0.00232637 -0.0362691 -1.16703
-0.00335041 -0.0362691 -1.16703
-0.00437445 -0.0362691 -1.16703
-0.00232637 -0.0352451 -1.16703
-0.00335041 -0.0352451 -1.16703
-0.00437445 -0.0352451 -1.16703
-0.00232637 -0.0342211 -1.16703
-0.00335041 -0.0342211 -1.16703
-0.00437445 -0.0342211 -1.16703
-0.00232637 -0.033197 -1.16703
-0.00335041 -0.033197 -1.16703
-0.00437445 -0.033197 -1.16703
-0.00232637 -0.032173 -1.16702
-0.00335041 -0.032173 -1.16702
-0.00437445 -0.032173 -1.16702
-0.00232637 -0.031149 -1.16702
-0.00335041 -0.031149 -1.16702
-0.00437445 -0.031149 -1.16702
-0.00232637 -0.0301249 -1.16702
-0.00335041 -0.0301249 -1.16702
-0.00437445 -0.0301249 -1.16702
-0.00232637 -0.0291009 -1.16702
-0.00335041 -0.0291009 -1.16702
-0.00437445 -0.0291009 -1.16702
-0.00232637 -0.0280768 -1.16702
-0.00335041 -0.0280768 -1.16702
-0.00437445 -0.0280768 -1.16702
-0.00232637 -0.0270528 -1.16702
-0.00335041 -0.0270528 -1.16702
-0.00437445 -0.0270528 -1.16702
-0.00232637 -0.0260288 -1.16702
-0.00335041 -0.0260288 -1.16702
-0.00437445 -0.0260288 -1.16702
-0.00232637 -0.0250047 -1.16702
-0.00335041 -0.0250047 -1.16702
-0.00437445 -0.0250047 -1.16702
-0.00232637 -0.0239807 -1.16702
-0.00335041 -0.0239807 -1.16702
-0.00437445 -0.0239807 -1.16702
-0.00232637 -0.0229567 -1.16702
-0.00335041 -0.0229567 -1.16702
-0.00437445 -0.0229567 -1.16702
-0.00232637 -0.0219326 -1.16701
-0.00335041 -0.0219326 -1.16701
-0.00437445 -0.0219326 -1.16701
-0.00232637 -0.0209086 -1.16701
-0.00335041 -0.0209086 -1.16701
-0.00437445 -0.0209086 -1.16701
-0.00232637 -0.0198845 -1.16701
-0.00335041 -0.0198845 -1.16701
-0.00437445 -0.0198845 -1.16701
-0.00232637 -0.0188605 -1.16701
-0.00335041 -0.0188605 -1.16701
-0.00437445 -0.0188605 -1.16701
-0.00232637 -0.0178365 -1.16701
-0.00335041 -0.0178365 -1.16701
-0.00437445 -0.0178365 -1.16701
-0.00232637 -0.0168124 -1.16701
-0.00335041 -0.0168124 -1.16701
-0.00437445 -0.0168124 -1.16701
-0.00232637 -0.0157884 -1.16701
-0.00335041 -0.0157884 -1.16701
-0.00437445 -0.0157884 -1.16701
-0.00232637 -0.0147644 -1.16701
-0.00335041 -0.0147644 -1.16701
-0.00437445 -0.0147644 -1.16701
-0.00232637 -0.0137403 -1.16701
-0.00335041 -0.0137403 -1.16701
-0.00437445 -0.0137403 -1.16701
-0.00232637 -0.0127163 -1.16701
-0.00335041 -0.0127163 -1.16701
-0.00437445 -0.0127163 -1.16701
-0.00232637 -0.0116923 -1.167
-0.00335041 -0.0116923 -1.167
-0.00437445 -0.0116923 -1.167
-0.00232637 -0.0106682 -1.167
-0.00335041 -0.0106682 -1.167
-0.00437445 -0.0106682 -1.167
-0.00232637 -0.00964418 -1.167
-0.00335041 -0.00964418 -1.167
-0.00437445 -0.00964418 -1.167
-0.00232637 -0.00862014 -1.167
-0.00335041 -0.00862014 -1.167
-0.00437445 -0.00862014 -1.167
-0.00232637 -0.00759611 -1.167
-0.00335041 -0.00759611 -1.167
-0.00437445 -0.00759611 -1.167
-0.00232637 -0.00657207 -1.167
-0.00335041 -0.00657207 -1.167
-0.00437445 -0.00657207 -1.167
-0.00232637 -0.00554803 -1.167
-0.00335041 -0.00554803 -1.167
-0.00437445 -0.00554803 -1.167
-0.00232637 -0.00452399 -1.167
-0.00335041 -0.00452399 -1.167
-0.00437445 -0.00452399 -1.167
-0.00232637 -0.00349996 -1.167
-0.00335041 -0.00349996 -1.167
-0.00437445 -0.00349996 -1.167
-0.00232637 -0.00247592 -1.167
-0.00335041 -0.00247592 -1.167
-0.00437445 -0.00247592 -1.167
-0.00232637 -0.00145188 -1.16699
-0.00335041 -0.00145188 -1.16699
-0.00437445 -0.00145188 -1.16699
-0.00232637 -0.000427847 -1.16699
-0.00335041 -0.000427847 -1.16699
-0.00437445 -0.000427847 -1.16699
-0.00232637 0.00059619 -1.16699
-0.00335041 0.00059619 -1.16699
-0.00437445 0.00059619 -1.16699
-0.00232637 0.00162023 -1.16699
-0.00335041 0.00162023 -1.16699
-0.00437445 0.00162023 -1.16699
-0.00232637 0.00264426 -1.16699
-0.00335041 0.00264426 -1.16699
-0.00437445 0.00264426 -1.16699
-0.00232637 0.0036683 -1.16699
-0.00335041 0.0036683 -1.16699
-0.00437445 0.0036683 -1.16699
-0.00232637 0.00469234 -1.16699
-0.00335041 0.00469234 -1.16699
-0.00437445 0.00469234 -1.16699
-0.00232637 0.00571637 -1.16699
-0.00335041 0.00571637 -1.16699
-0.00437445 0.00571637 -1.16699
-0.00232637 0.00674041 -1.16699
-0.00335041 0.00674041 -1.16699
-0.00437445 0.00674041 -1.16699
-0.00232637 0.00776445 -1.16699
-0.00335041 0.00776445 -1.16699
-0.00437445 0.00776445 -1.16699
-0.00232637 0.00878849 -1.16698
-0.00335041 0.00878849 -1.16698
-0.00437445 0.00878849 -1.16698
-0.00232637 0.00981252 -1.16698
-0.00335041 0.00981252 -1.16698
-0.00437445 0.00981252 -1.16698
-0.00232637 0.0108366 -1.16698
-0.00335041 0.0108366 -1.16698
-0.00437445 0.0108366 -1.16698
-0.00232637 0.0118606 -1.16698
-0.00335041 0.0118606 -1.16698
-0.00437445 0.0118606 -1.16698
-0.00232637 0.0128846 -1.16698
-0.00335041 0.0128846 -1.16698
-0.00437445 0.0128846 -1.16698
-0.00232637 0.0139087 -1.16698
-0.00335041 0.0139087 -1.16698
-0.00437445 0.0139087 -1.16698
-0.00232637 0.0149327 -1.16698
-0.00335041 0.0149327 -1.16698
-0.00437445 0.0149327 -1.16698
-0.00232637 0.0159567 -1.16698
-0.00335041 0.0159567 -1.16698
-0.00437445 0.0159567 -1.16698
-0.00232637 0.0169808 -1.16698
-0.00335041 0.0169808 -1.16698
-0.00437445 0.0169808 -1.16698
-0.00232637 0.0180048 -1.16698
-0.00335041 0.0180048 -1.16698
-0.00437445 0.0180048 -1.16698
-0.00232637 0.0190289 -1.16697
-0.00335041 0.0190289 -1.16697
-0.00437445 0.0190289 -1.16697
-0.00232637 0.0200529 -1.16697
-0.00335041 0.0200529 -1.16697
-0.00437445 0.0200529 -1.16697
-0.00232637 0.0210769 -1.16697
-0.00335041 0.0210769 -1.16697
-0.00437445 0.0210769 -1.16697
-0.00232637 0.022101 -1.16697
-0.00335041 0.022101 -1.16697
-0.00437445 0.022101 -1.16697
