0.00101056 0.0749408 -1.21436
0.00262771 0.0749408 -1.21436
0.00424486 0.0749408 -1.21436
0.00101056 0.0733236 -1.21436
0.00262771 0.0733236 -1.21436
0.00424486 0.0733236 -1.21436
0.00101056 0.0717065 -1.21436
0.00262771 0.0717065 -1.21436
0.00424486 0.0717065 -1.21436
0.00101056 0.0700893 -1.21436
0.00262771 0.0700893 -1.21436
0.00424486 0.0700893 -1.21436
0.00101056 0.0684722 -1.21436
0.00262771 0.0684722 -1.21436
0.00424486 0.0684722 -1.21436
0.00101056 0.066855 -1.21436
0.00262771 0.066855 -1.21436
0.00424486 0.066855 -1.21436
0.00101056 0.0652379 -1.21436
0.00262771 0.0652379 -1.21436
0.00424486 0.0652379 -1.21436
0.00101056 0.0636207 -1.21436
0.00262771 0.0636207 -1.21436
0.00424486 0.0636207 -1.21436
0.00101056 0.0620036 -1.21436
0.00262771 0.0620036 -1.21436
0.00424486 0.0620036 -1.21436
0.00101056 0.0603864 -1.21436
0.00262771 0.0603864 -1.21436
0.00424486 0.0603864 -1.21436
0.00101056 0.0587693 -1.21436
0.00262771 0.0587693 -1.21436
0.00424486 0.0587693 -1.21436
0.00101056 0.0571521 -1.21436
0.00262771 0.0571521 -1.21436
0.00424486 0.0571521 -1.21436
0.00101056 0.055535 -1.21436
0.00262771 0.055535 -1.21436
0.00424486 0.055535 -1.21436
0.00101056 0.0539179 -1.21436
0.00262771 0.0539179 -1.21436
0.00424486 0.0539179 -1.21436
0.00101056 0.0523007 -1.21436
0.00262771 0.0523007 -1.21436
0.00424486 0.0523007 -1.21436
0.00101056 0.0506836 -1.21436
0.00262771 0.0506836 -1.21436
0.00424486 0.0506836 -1.21436
0.00101056 0.0490664 -1.21436
0.00262771 0.0490664 -1.21436
0.00424486 0.0490664 -1.21437
0.00101056 0.0474493 -1.21436
0.00262771 0.0474493 -1.21436
0.00424486 0.0474493 -1.21437
0.00101056 0.0458321 -1.21436
0.00262771 0.0458321 -1.21436
0.00424486 0.0458321 -1.21437
0.00101056 0.044215 -1.21436
0.00262771 0.044215 -1.21436
0.00424486 0.044215 -1.21437
0.00101056 0.0425978 -1.21436
0.00262771 0.0425978 -1.21436
0.00424486 0.0425978 -1.21437
0.00101056 0.0409807 -1.21436
0.00262771 0.0409807 -1.21436
0.00424486 0.0409807 -1.21437
0.00101056 0.0393635 -1.21436
0.00262771 0.0393635 -1.21436
0.00424486 0.0393635 -1.21437
0.00101056 0.0377464 -1.21436
0.00262771 0.0377464 -1.21436
0.00424486 0.0377464 -1.21437
0.00101056 0.0361292 -1.21436
0.00262771 0.0361292 -1.21437
0.00424486 0.0361292 -1.21437
0.00101056 0.0345121 -1.21436
0.00262771 0.0345121 -1.21437
0.00424486 0.0345121 -1.21437
0.00101056 0.0328949 -1.21436
0.00262771 0.0328949 -1.21437
0.00424486 0.0328949 -1.21437
0.00101056 0.0312778 -1.21436
0.00262771 0.0312778 -1.21437
0.00424486 0.0312778 -1.21437
0.00101056 0.0296606 -1.21436
0.00262771 0.0296606 -1.21437
0.00424486 0.0296606 -1.21437
0.00101056 0.0280435 -1.21436
0.00262771 0.0280435 -1.21437
0.00424486 0.0280435 -1.21437
0.00101056 0.0264263 -1.21436
0.00262771 0.0264263 -1.21437
0.00424486 0.0264263 -1.21437
0.00101056 0.0248092 -1.21436
0.00262771 0.0248092 -1.21437
0.00424486 0.0248092 -1.21437
0.00101056 0.023192 -1.21436
0.00262771 0.023192 -1.21437
0.00424486 0.023192 -1.21437
0.00101056 0.0215749 -1.21437
0.00262771 0.0215749 -1.21437
0.00424486 0.0215749 -1.21437
0.00101056 0.0199577 -1.21437
0.00262771 0.0199577 -1.21437
0.00424486 0.0199577 -1.21437
0.00101056 0.0183406 -1.21437
0.00262771 0.0183406 -1.21437
0.00424486 0.0183406 -1.21437
0.00101056 0.0167234 -1.21437
0.00262771 0.0167234 -1.21437
0.00424486 0.0167234 -1.21437
0.00101056 0.0151063 -1.21437
0.00262771 0.0151063 -1.21437
0.00424486 0.0151063 -1.21437
0.00101056 0.0134891 -1.21437
0.00262771 0.0134891 -1.21437
0.00424486 0.0134891 -1.21437
0.00101056 0.011872 -1.21437
0.00262771 0.011872 -1.21437
0.00424486 0.011872 -1.21437
0.00101056 0.0102548 -1.21437
0.00262771 0.0102548 -1.21437
0.00424486 0.0102548 -1.21437
0.00101056 0.00863767 -1.21437
0.00262771 0.00863767 -1.21437
0.00424486 0.00863767 -1.21437
0.00101056 0.00702052 -1.21437
0.00262771 0.00702052 -1.21437
0.00424486 0.00702052 -1.21437
0.00101056 0.00540337 -1.21437
0.00262771 0.00540337 -1.21437
0.00424486 0.00540337 -1.21437
0.00101056 0.00378622 -1.21437
0.00262771 0.00378622 -1.21437
0.00424486 0.00378622 -1.21437
0.00101056 0.00216907 -1.21437
0.00262771 0.00216907 -1.21437
0.00424486 0.00216907 -1.21437
0.00101056 0.000551923 -1.21437
0.00262771 0.000551923 -1.21437
0.00424486 0.000551923 -1.21437
0.00101056 -0.00106523 -1.21437
0.00262771 -0.00106523 -1.21437
0.00424486 -0.00106523 -1.21437
0.00101056 -0.00268238 -1.21437
0.00262771 -0.00268238 -1.21437
0.00424486 -0.00268238 -1.21437
0.00101056 -0.00429952 -1.21437
0.00262771 -0.00429952 -1.21437
0.00424486 -0.00429952 -1.21437
0.00101056 -0.00591667 -1.21437
0.00262771 -0.00591667 -1.21437
0.00424486 -0.00591667 -1.21437
0.00101056 -0.00753382 -1.21437
0.00262771 -0.00753382 -1.21437
0.00424486 -0.00753382 -1.21438
0.00101056 -0.00915097 -1.21437
0.00262771 -0.00915097 -1.21437
0.00424486 -0.00915097 -1.21438
0.00101056 -0.0107681 -1.21437
0.00262771 -0.0107681 -1.21437
0.00424486 -0.0107681 -1.21438
0.00101056 -0.0123853 -1.21437
0.00262771 -0.0123853 -1.21437
0.00424486 -0.0123853 -1.21438
0.00101056 -0.0140024 -1.21437
0.00262771 -0.0140024 -1.21437
0.00424486 -0.0140024 -1.21438
0.00101056 -0.0156196 -1.21437
0.00262771 -0.0156196 -1.21437
0.00424486 -0.0156196 -1.21438
0.00101056 -0.0172367 -1.21437
0.00262771 -0.0172367 -1.21437
0.00424486 -0.0172367 -1.21438
0.00101056 -0.0188539 -1.21437
0.00262771 -0.0188539 -1.21437
0.00424486 -0.0188539 -1.21438
0.00101056 -0.020471 -1.21437
0.00262771 -0.020471 -1.21437
0.00424486 -0.020471 -1.21438
0.00101056 -0.0220882 -1.21437
0.00262771 -0.0220882 -1.21438
0.00424486 -0.0220882 -1.21438
0.00101056 -0.0237053 -1.21437
0.00262771 -0.0237053 -1.21438
0.00424486 -0.0237053 -1.21438
0.00101056 -0.0253225 -1.21437
0.00262771 -0.0253225 -1.21438
0.00424486 -0.0253225 -1.21438
0.00101056 -0.0269396 -1.21437
0.00262771 -0.0269396 -1.21438
0.00424486 -0.0269396 -1.21438
0.00101056 -0.0285568 -1.21437
0.00262771 -0.0285568 -1.21438
0.00424486 -0.0285568 -1.21438
0.00101056 -0.0301739 -1.21437
0.00262771 -0.0301739 -1.21438
0.00424486 -0.0301739 -1.21438
0.00101056 -0.0317911 -1.21437
0.00262771 -0.0317911 -1.21438
0.00424486 -0.0317911 -1.21438
0.00101056 -0.0334082 -1.21437
0.00262771 -0.0334082 -1.21438
0.00424486 -0.0334082 -1.21438
0.00101056 -0.0350254 -1.21438
0.00262771 -0.0350254 -1.21438
0.00424486 -0.0350254 -1.21438
0.00101056 -0.0366425 -1.21438
0.00262771 -0.0366425 -1.21438
0.00424486 -0.0366425 -1.21438
0.00101056 -0.0382597 -1.21438
0.00262771 -0.0382597 -1.21438
0.00424486 -0.0382597 -1.21438
0.00101056 -0.0398768 -1.21438
0.00262771 -0.0398768 -1.21438
0.00424486 -0.0398768 -1.21438
0.00101056 -0.041494 -1.21438
0.00262771 -0.041494 -1.21438
0.00424486 -0.041494 -1.21438
0.00101056 -0.0431111 -1.21438
0.00262771 -0.0431111 -1.21438
0.00424486 -0.0431111 -1.21438
0.00101056 -0.0447283 -1.21438
0.00262771 -0.0447283 -1.21438
0.00424486 -0.0447283 -1.21438
0.00101056 -0.0463454 -1.21438
0.00262771 -0.0463454 -1.21438
0.00424486 -0.0463454 -1.21438
0.00101056 -0.0479626 -1.21438
0.00262771 -0.0479626 -1.21438
0.00424486 -0.0479626 -1.21438
0.00101056 -0.0495797 -1.21438
0.00262771 -0.0495797 -1.21438
0.00424486 -0.0495797 -1.21438
0.00101056 -0.0511969 -1.21438
0.00262771 -0.0511969 -1.21438
0.00424486 -0.0511969 -1.21438
0.00101056 -0.052814 -1.21438
0.00262771 -0.052814 -1.21438
0.00424486 -0.052814 -1.21438
0.00101056 -0.0544312 -1.21438
0.00262771 -0.0544312 -1.21438
0.00424486 -0.0544312 -1.21438
0.00101056 -0.0560483 -1.21438
0.00262771 -0.0560483 -1.21438
0.00424486 -0.0560483 -1.21438
0.00101056 -0.0576654 -1.21438
0.00262771 -0.0576654 -1.21438
0.00424486 -0.0576654 -1.21438
0.00101056 -0.0592826 -1.21438
0.00262771 -0.0592826 -1.21438
0.00424486 -0.0592826 -1.21438
0.00101056 -0.0608997 -1.21438
0.00262771 -0.0608997 -1.21438
0.00424486 -0.0608997 -1.21438
0.00101056 -0.0625169 -1.21438
0.00262771 -0.0625169 -1.21438
0.00424486 -0.0625169 -1.21438
0.00101056 -0.064134 -1.21438
0.00262771 -0.064134 -1.21438
0.00424486 -0.064134 -1.21439
0.00101056 -0.0657512 -1.21438
0.00262771 -0.0657512 -1.21438
0.00424486 -0.0657512 -1.21439
0.00101056 -0.0673683 -1.21438
0.00262771 -0.0673683 -1.21438
0.00424486 -0.0673683 -1.21439
0.00101056 -0.0689855 -1.21438
0.00262771 -0.0689855 -1.21438
0.00424486 -0.0689855 -1.21439
0.00101056 -0.0706026 -1.21438
0.00262771 -0.0706026 -1.21438
0.00424486 -0.0706026 -1.21439
0.00101056 -0.0722198 -1.21438
0.00262771 -0.0722198 -1.21438
0.00424486 -0.0722198 -1.21439
0.00101056 -0.0738369 -1.21438
0.00262771 -0.0738369 -1.21438
0.00424486 -0.0738369 -1.21439
0.00101056 -0.0754541 -1.21438
0.00262771 -0.0754541 -1.21438
0.00424486 -0.0754541 -1.21439
0.00101056 -0.0770712 -1.21438
0.00262771 -0.0770712 -1.21438
0.00424486 -0.0770712 -1.21439
0.00101056 -0.0786884 -1.21438
0.00262771 -0.0786884 -1.21439
0.00424486 -0.0786884 -1.21439
0.00101056 -0.0803055 -1.21438
0.00262771 -0.0803055 -1.21439
0.00424486 -0.0803055 -1.21439
0.00101056 -0.0819227 -1.21438
0.00262771 -0.0819227 -1.21439
0.00424486 -0.0819227 -1.21439
0.00101056 -0.0835398 -1.21438
0.00262771 -0.0835398 -1.21439
0.00424486 -0.0835398 -1.21439
0.00101056 -0.085157 -1.21438
0.00262771 -0.085157 -1.21439
0.00424486 -0.085157 -1.21439
0.00101056 -0.0867741 -1.21438
0.00262771 -0.0867741 -1.21439
0.00424486 -0.0867741 -1.21439
0.00101056 -0.0883913 -1.21438
0.00262771 -0.0883913 -1.21439
0.00424486 -0.0883913 -1.21439
0.00101056 -0.0900084 -1.21438
0.00262771 -0.0900084 -1.21439
0.00424486 -0.0900084 -1.21439
0.00101056 -0.0916256 -1.21438
0.00262771 -0.0916256 -1.21439
0.00424486 -0.0916256 -1.21439
0.00101056 -0.0932427 -1.21439
0.00262771 -0.0932427 -1.21439
0.00424486 -0.0932427 -1.21439
0.00101056 -0.0948599 -1.21439
0.00262771 -0.0948599 -1.21439
0.00424486 -0.0948599 -1.21439
0.00101056 -0.096477 -1.21439
0.00262771 -0.096477 -1.21439
0.00424486 -0.096477 -1.21439
0.00101056 -0.0980942 -1.21439
0.00262771 -0.0980942 -1.21439
0.00424486 -0.0980942 -1.21439
0.00101056 -0.0997113 -1.21439
0.00262771 -0.0997113 -1.21439
0.00424486 -0.0997113 -1.21439
0.00101056 -0.101328 -1.21439
0.00262771 -0.101328 -1.21439
0.00424486 -0.101328 -1.21439
0.00101056 -0.102946 -1.21439
0.00262771 -0.102946 -1.21439
0.00424486 -0.102946 -1.21439
