0.00865701 -0.0338036 -1.19279
0.00760343 -0.0338036 -1.19279
0.00654986 -0.0338036 -1.19279
0.00865701 -0.03275 -1.19279
0.00760343 -0.03275 -1.19279
0.00654986 -0.03275 -1.19279
0.00865701 -0.0316964 -1.19279
0.00760343 -0.0316964 -1.19279
0.00654986 -0.0316964 -1.19279
0.00865701 -0.0306429 -1.19279
0.00760343 -0.0306429 -1.19279
0.00654986 -0.0306429 -1.19279
0.00865701 -0.0295893 -1.19279
0.00760343 -0.0295893 -1.19279
0.00654986 -0.0295893 -1.19279
0.00865701 -0.0285357 -1.19279
0.00760343 -0.0285357 -1.19279
0.00654986 -0.0285357 -1.19279
0.00865701 -0.0274821 -1.19279
0.00760343 -0.0274821 -1.19279
0.00654986 -0.0274821 -1.19279
0.00865701 -0.0264286 -1.19279
0.00760343 -0.0264286 -1.19279
0.00654986 -0.0264286 -1.19279
0.00865701 -0.025375 -1.19279
0.00760343 -0.025375 -1.19279
0.00654986 -0.025375 -1.19279
0.00865701 -0.0243214 -1.19279
0.00760343 -0.0243214 -1.19279
0.00654986 -0.0243214 -1.19279
0.00865701 -0.0232678 -1.19279
0.00760343 -0.0232678 -1.19279
0.00654986 -0.0232678 -1.19279
0.00865701 -0.0222142 -1.19279
0.00760343 -0.0222142 -1.19279
0.00654986 -0.0222142 -1.19279
0.00865701 -0.0211607 -1.19279
0.00760343 -0.0211607 -1.19279
0.00654986 -0.0211607 -1.19279
0.00865701 -0.0201071 -1.19279
0.00760343 -0.0201071 -1.19279
0.00654986 -0.0201071 -1.19279
0.00865701 -0.0190535 -1.19279
0.00760343 -0.0190535 -1.19279
0.00654986 -0.0190535 -1.19279
0.00865701 -0.0179999 -1.19279
0.00760343 -0.0179999 -1.19279
0.00654986 -0.0179999 -1.19279
0.00865701 -0.0169464 -1.19279
0.00760343 -0.0169464 -1.19279
0.00654986 -0.0169464 -1.19279
0.00865701 -0.0158928 -1.19279
0.00760343 -0.0158928 -1.19279
0.00654986 -0.0158928 -1.19279
0.00865701 -0.0148392 -1.19279
0.00760343 -0.0148392 -1.19279
0.00654986 -0.0148392 -1.19279
0.00865701 -0.0137856 -1.19279
0.00760343 -0.0137856 -1.19279
0.00654986 -0.0137856 -1.19279
0.00865701 -0.012732 -1.19279
0.00760343 -0.012732 -1.19279
0.00654986 -0.012732 -1.19279
0.00865701 -0.0116785 -1.19279
0.00760343 -0.0116785 -1.19279
0.00654986 -0.0116785 -1.19279
0.00865701 -0.0106249 -1.19279
0.00760343 -0.0106249 -1.19279
0.00654986 -0.0106249 -1.19279
0.00865701 -0.00957131 -1.19279
0.00760343 -0.00957131 -1.19279
0.00654986 -0.00957131 -1.19279
0.00865701 -0.00851774 -1.19279
0.00760343 -0.00851774 -1.19279
0.00654986 -0.00851774 -1.19279
0.00865701 -0.00746416 -1.19279
0.00760343 -0.00746416 -1.19279
0.00654986 -0.00746416 -1.19279
0.00865701 -0.00641058 -1.19279
0.00760343 -0.00641058 -1.19279
0.00654986 -0.00641058 -1.19279
0.00865701 -0.00535701 -1.19279
0.00760343 -0.00535701 -1.19279
0.00654986 -0.00535701 -1.19279
0.00865701 -0.00430343 -1.19279
0.00760343 -0.00430343 -1.19279
0.00654986 -0.00430343 -1.19279
0.00865701 -0.00324985 -1.19279
0.00760343 -0.00324985 -1.19279
0.00654986 -0.00324985 -1.19279
0.00865701 -0.00219627 -1.19279
0.00760343 -0.00219627 -1.19279
0.00654986 -0.00219627 -1.19279
0.00865701 -0.0011427 -1.19279
0.00760343 -0.0011427 -1.19279
0.00654986 -0.0011427 -1.19279
0.00865701 -8.91201e-05 -1.19279
0.00760343 -8.91201e-05 -1.19279
0.00654986 -8.91201e-05 -1.19279
0.00865701 0.000964457 -1.19279
0.00760343 0.000964457 -1.19279
0.00654986 0.000964457 -1.19279
0.00865701 0.00201803 -1.19279
0.00760343 0.00201803 -1.19279
0.00654986 0.00201803 -1.1928
0.00865701 0.00307161 -1.19279
0.00760343 0.00307161 -1.19279
0.00654986 0.00307161 -1.1928
0.00865701 0.00412519 -1.19279
0.00760343 0.00412519 -1.19279
0.00654986 0.00412519 -1.1928
0.00865701 0.00517877 -1.19279
0.00760343 0.00517877 -1.19279
0.00654986 0.00517877 -1.1928
0.00865701 0.00623234 -1.19279
0.00760343 0.00623234 -1.19279
0.00654986 0.00623234 -1.1928
0.00865701 0.00728592 -1.19279
0.00760343 0.00728592 -1.19279
0.00654986 0.00728592 -1.1928
0.00865701 0.0083395 -1.19279
0.00760343 0.0083395 -1.19279
0.00654986 0.0083395 -1.1928
0.00865701 0.00939307 -1.19279
0.00760343 0.00939307 -1.19279
0.00654986 0.00939307 -1.1928
0.00865701 0.0104467 -1.19279
0.00760343 0.0104467 -1.19279
0.00654986 0.0104467 -1.1928
0.00865701 0.0115002 -1.19279
0.00760343 0.0115002 -1.19279
0.00654986 0.0115002 -1.1928
0.00865701 0.0125538 -1.19279
0.00760343 0.0125538 -1.19279
0.00654986 0.0125538 -1.1928
0.00865701 0.0136074 -1.19279
0.00760343 0.0136074 -1.19279
0.00654986 0.0136074 -1.1928
0.00865701 0.014661 -1.19279
0.00760343 0.014661 -1.19279
0.00654986 0.014661 -1.1928
0.00865701 0.0157145 -1.19279
0.00760343 0.0157145 -1.19279
0.00654986 0.0157145 -1.1928
0.00865701 0.0167681 -1.19279
0.00760343 0.0167681 -1.19279
0.00654986 0.0167681 -1.1928
0.00865701 0.0178217 -1.19279
0.00760343 0.0178217 -1.19279
0.00654986 0.0178217 -1.1928
0.00865701 0.0188753 -1.19279
0.00760343 0.0188753 -1.19279
0.00654986 0.0188753 -1.1928
0.00865701 0.0199288 -1.19279
0.00760343 0.0199288 -1.19279
0.00654986 0.0199288 -1.1928
0.00865701 0.0209824 -1.19279
0.00760343 0.0209824 -1.19279
0.00654986 0.0209824 -1.1928
0.00865701 0.022036 -1.19279
0.00760343 0.022036 -1.19279
0.00654986 0.022036 -1.1928
0.00865701 0.0230896 -1.19279
0.00760343 0.0230896 -1.19279
0.00654986 0.0230896 -1.1928
0.00865701 0.0241432 -1.19279
0.00760343 0.0241432 -1.19279
0.00654986 0.0241432 -1.1928
0.00865701 0.0251967 -1.19279
0.00760343 0.0251967 -1.19279
0.00654986 0.0251967 -1.1928
0.00865701 0.0262503 -1.19279
0.00760343 0.0262503 -1.19279
0.00654986 0.0262503 -1.1928
0.00865701 0.0273039 -1.19279
0.00760343 0.0273039 -1.19279
0.00654986 0.0273039 -1.1928
0.00865701 0.0283575 -1.19279
0.00760343 0.0283575 -1.19279
0.00654986 0.0283575 -1.1928
0.00865701 0.029411 -1.19279
0.00760343 0.029411 -1.19279
0.00654986 0.029411 -1.1928
0.00865701 0.0304646 -1.19279
0.00760343 0.0304646 -1.19279
0.00654986 0.0304646 -1.1928
0.00865701 0.0315182 -1.19279
0.00760343 0.0315182 -1.19279
0.00654986 0.0315182 -1.1928
0.00865701 0.0325718 -1.19279
0.00760343 0.0325718 -1.19279
0.00654986 0.0325718 -1.1928
0.00865701 0.0336253 -1.19279
0.00760343 0.0336253 -1.19279
0.00654986 0.0336253 -1.1928
0.00865701 0.0346789 -1.19279
0.00760343 0.0346789 -1.19279
0.00654986 0.0346789 -1.1928
0.00865701 0.0357325 -1.19279
0.00760343 0.0357325 -1.19279
0.00654986 0.0357325 -1.1928
0.00865701 0.0367861 -1.19279
0.00760343 0.0367861 -1.19279
0.00654986 0.0367861 -1.1928
0.00865701 0.0378397 -1.19279
0.00760343 0.0378397 -1.19279
0.00654986 0.0378397 -1.1928
0.00865701 0.0388932 -1.19279
0.00760343 0.0388932 -1.19279
0.00654986 0.0388932 -1.1928
0.00865701 0.0399468 -1.19279
0.00760343 0.0399468 -1.19279
0.00654986 0.0399468 -1.1928
0.00865701 0.0410004 -1.19279
0.00760343 0.0410004 -1.19279
0.00654986 0.0410004 -1.1928
0.00865701 0.042054 -1.19279
0.00760343 0.042054 -1.19279
0.00654986 0.042054 -1.1928
0.00865701 0.0431075 -1.19279
0.00760343 0.0431075 -1.19279
0.00654986 0.0431075 -1.1928
0.00865701 0.0441611 -1.19279
0.00760343 0.0441611 -1.19279
0.00654986 0.0441611 -1.1928
0.00865701 0.0452147 -1.19279
0.00760343 0.0452147 -1.19279
0.00654986 0.0452147 -1.1928
0.00865701 0.0462683 -1.19279
0.00760343 0.0462683 -1.19279
0.00654986 0.0462683 -1.1928
0.00865701 0.0473219 -1.19279
0.00760343 0.0473219 -1.19279
0.00654986 0.0473219 -1.1928
0.00865701 0.0483754 -1.19279
0.00760343 0.0483754 -1.19279
0.00654986 0.0483754 -1.1928
0.00865701 0.049429 -1.19279
0.00760343 0.049429 -1.19279
0.00654986 0.049429 -1.1928
0.00865701 0.0504826 -1.19279
0.00760343 0.0504826 -1.19279
0.00654986 0.0504826 -1.1928
0.00865701 0.0515362 -1.19279
0.00760343 0.0515362 -1.19279
0.00654986 0.0515362 -1.1928
0.00865701 0.0525897 -1.19279
0.00760343 0.0525897 -1.19279
0.00654986 0.0525897 -1.1928
0.00865701 0.0536433 -1.19279
0.00760343 0.0536433 -1.19279
0.00654986 0.0536433 -1.1928
0.00865701 0.0546969 -1.19279
0.00760343 0.0546969 -1.19279
0.00654986 0.0546969 -1.1928
0.00865701 0.0557505 -1.19279
0.00760343 0.0557505 -1.19279
0.00654986 0.0557505 -1.1928
0.00865701 0.056804 -1.19279
0.00760343 0.056804 -1.19279
0.00654986 0.056804 -1.1928
0.00865701 0.0578576 -1.19279
0.00760343 0.0578576 -1.19279
0.00654986 0.0578576 -1.1928
0.00865701 0.0589112 -1.19279
0.00760343 0.0589112 -1.19279
0.00654986 0.0589112 -1.1928
0.00865701 0.0599648 -1.19279
0.00760343 0.0599648 -1.19279
0.00654986 0.0599648 -1.1928
0.00865701 0.0610184 -1.19279
0.00760343 0.0610184 -1.19279
0.00654986 0.0610184 -1.1928
0.00865701 0.0620719 -1.19279
0.00760343 0.0620719 -1.19279
0.00654986 0.0620719 -1.1928
0.00865701 0.0631255 -1.19279
0.00760343 0.0631255 -1.19279
0.00654986 0.0631255 -1.1928
0.00865701 0.0641791 -1.19279
0.00760343 0.0641791 -1.19279
0.00654986 0.0641791 -1.1928
0.00865701 0.0652327 -1.19279
0.00760343 0.0652327 -1.19279
0.00654986 0.0652327 -1.1928
0.00865701 0.0662862 -1.19279
0.00760343 0.0662862 -1.19279
0.00654986 0.0662862 -1.1928
0.00865701 0.0673398 -1.19279
0.00760343 0.0673398 -1.19279
0.00654986 0.0673398 -1.1928
0.00865701 0.0683934 -1.19279
0.00760343 0.0683934 -1.19279
0.00654986 0.0683934 -1.1928
0.00865701 0.069447 -1.19279
0.00760343 0.069447 -1.19279
0.00654986 0.069447 -1.1928
0.00865701 0.0705006 -1.19279
0.00760343 0.0705006 -1.19279
0.00654986 0.0705006 -1.1928
0.00865701 0.0715541 -1.19279
0.00760343 0.0715541 -1.19279
0.00654986 0.0715541 -1.1928
0.00865701 0.0726077 -1.19279
0.00760343 0.0726077 -1.19279
0.00654986 0.0726077 -1.1928
0.00865701 0.0736613 -1.19279
0.00760343 0.0736613 -1.19279
0.00654986 0.0736613 -1.1928
0.00865701 0.0747149 -1.19279
0.00760343 0.0747149 -1.19279
0.00654986 0.0747149 -1.1928
0.00865701 0.0757684 -1.19279
0.00760343 0.0757684 -1.19279
0.00654986 0.0757684 -1.1928
0.00865701 0.076822 -1.19279
0.00760343 0.076822 -1.19279
0.00654986 0.076822 -1.1928
0.00865701 0.0778756 -1.19279
0.00760343 0.0778756 -1.19279
0.00654986 0.0778756 -1.1928
0.00865701 0.0789292 -1.19279
0.00760343 0.0789292 -1.19279
0.00654986 0.0789292 -1.1928
0.00865701 0.0799828 -1.19279
0.00760343 0.0799828 -1.19279
0.00654986 0.0799828 -1.1928
0.00865701 0.0810363 -1.19279
0.00760343 0.0810363 -1.19279
0.00654986 0.0810363 -1.1928
0.00865701 0.0820899 -1.19279
0.00760343 0.0820899 -1.19279
0.00654986 0.0820899 -1.1928
