-0.0060904 0.0743138 -0.977117
-0.0047902 0.0743138 -0.977116
-0.00349 0.0743138 -0.977114
-0.0060904 0.0730136 -0.977116
-0.0047902 0.0730136 -0.977115
-0.00349 0.0730136 -0.977113
-0.0060904 0.0717134 -0.977116
-0.0047902 0.0717134 -0.977114
-0.00349 0.0717134 -0.977113
-0.0060904 0.0704132 -0.977115
-0.0047902 0.0704132 -0.977114
-0.00349 0.0704132 -0.977112
-0.0060904 0.069113 -0.977114
-0.0047902 0.069113 -0.977113
-0.00349 0.069113 -0.977111
-0.0060904 0.0678128 -0.977114
-0.0047902 0.0678128 -0.977112
-0.00349 0.0678128 -0.977111
-0.0060904 0.0665126 -0.977113
-0.0047902 0.0665126 -0.977112
-0.00349 0.0665126 -0.97711
-0.0060904 0.0652124 -0.977112
-0.0047902 0.0652124 -0.977111
-0.00349 0.0652124 -0.977109
-0.0060904 0.0639122 -0.977112
-0.0047902 0.0639122 -0.97711
-0.00349 0.0639122 -0.977109
-0.0060904 0.062612 -0.977111
-0.0047902 0.062612 -0.977109
-0.00349 0.062612 -0.977108
-0.0060904 0.0613118 -0.97711
-0.0047902 0.0613118 -0.977109
-0.00349 0.0613118 -0.977107
-0.0060904 0.0600116 -0.97711
-0.0047902 0.0600116 -0.977108
-0.00349 0.0600116 -0.977107
-0.0060904 0.0587114 -0.977109
-0.0047902 0.0587114 -0.977107
-0.00349 0.0587114 -0.977106
-0.0060904 0.0574112 -0.977108
-0.0047902 0.0574112 -0.977107
-0.00349 0.0574112 -0.977105
-0.0060904 0.056111 -0.977108
-0.0047902 0.056111 -0.977106
-0.00349 0.056111 -0.977105
-0.0060904 0.0548108 -0.977107
-0.0047902 0.0548108 -0.977105
-0.00349 0.0548108 -0.977104
-0.0060904 0.0535106 -0.977106
-0.0047902 0.0535106 -0.977105
-0.00349 0.0535106 -0.977103
-0.0060904 0.0522104 -0.977106
-0.0047902 0.0522104 -0.977104
-0.00349 0.0522104 -0.977102
-0.0060904 0.0509102 -0.977105
-0.0047902 0.0509102 -0.977103
-0.00349 0.0509102 -0.977102
-0.0060904 0.04961 -0.977104
-0.0047902 0.04961 -0.977103
-0.00349 0.04961 -0.977101
-0.0060904 0.0483098 -0.977103
-0.0047902 0.0483098 -0.977102
-0.00349 0.0483098 -0.9771
-0.0060904 0.0470096 -0.977103
-0.0047902 0.0470096 -0.977101
-0.00349 0.0470096 -0.9771
-0.0060904 0.0457094 -0.977102
-0.0047902 0.0457094 -0.977101
-0.00349 0.0457094 -0.977099
-0.0060904 0.0444092 -0.977101
-0.0047902 0.0444092 -0.9771
-0.00349 0.0444092 -0.977098
-0.0060904 0.043109 -0.977101
-0.0047902 0.043109 -0.977099
-0.00349 0.043109 -0.977098
-0.0060904 0.0418088 -0.9771
-0.0047902 0.0418088 -0.977099
-0.00349 0.0418088 -0.977097
-0.0060904 0.0405086 -0.977099
-0.0047902 0.0405086 -0.977098
-0.00349 0.0405086 -0.977096
-0.0060904 0.0392084 -0.977099
-0.0047902 0.0392084 -0.977097
-0.00349 0.0392084 -0.977096
-0.0060904 0.0379082 -0.977098
-0.0047902 0.0379082 -0.977096
-0.00349 0.0379082 -0.977095
-0.0060904 0.036608 -0.977097
-0.0047902 0.036608 -0.977096
-0.00349 0.036608 -0.977094
-0.0060904 0.0353078 -0.977097
-0.0047902 0.0353078 -0.977095
-0.00349 0.0353078 -0.977094
-0.0060904 0.0340076 -0.977096
-0.0047902 0.0340076 -0.977094
-0.00349 0.0340076 -0.977093
-0.0060904 0.0327074 -0.977095
-0.0047902 0.0327074 -0.977094
-0.00349 0.0327074 -0.977092
-0.0060904 0.0314072 -0.977095
-0.0047902 0.0314072 -0.977093
-0.00349 0.0314072 -0.977092
-0.0060904 0.030107 -0.977094
-0.0047902 0.030107 -0.977092
-0.00349 0.030107 -0.977091
-0.0060904 0.0288068 -0.977093
-0.0047902 0.0288068 -0.977092
-0.00349 0.0288068 -0.97709
-0.0060904 0.0275066 -0.977093
-0.0047902 0.0275066 -0.977091
-0.00349 0.0275066 -0.97709
-0.0060904 0.0262064 -0.977092
-0.0047902 0.0262064 -0.97709
-0.00349 0.0262064 -0.977089
-0.0060904 0.0249062 -0.977091
-0.0047902 0.0249062 -0.97709
-0.00349 0.0249062 -0.977088
-0.0060904 0.023606 -0.977091
-0.0047902 0.023606 -0.977089
-0.00349 0.023606 -0.977087
-0.0060904 0.0223058 -0.97709
-0.0047902 0.0223058 -0.977088
-0.00349 0.0223058 -0.977087
-0.0060904 0.0210056 -0.977089
-0.0047902 0.0210056 -0.977088
-0.00349 0.0210056 -0.977086
-0.0060904 0.0197054 -0.977088
-0.0047902 0.0197054 -0.977087
-0.00349 0.0197054 -0.977085
-0.0060904 0.0184052 -0.977088
-0.0047902 0.0184052 -0.977086
-0.00349 0.0184052 -0.977085
-0.0060904 0.017105 -0.977087
-0.0047902 0.017105 -0.977086
-0.00349 0.017105 -0.977084
-0.0060904 0.0158048 -0.977086
-0.0047902 0.0158048 -0.977085
-0.00349 0.0158048 -0.977083
-0.0060904 0.0145046 -0.977086
-0.0047902 0.0145046 -0.977084
-0.00349 0.0145046 -0.977083
-0.0060904 0.0132044 -0.977085
-0.0047902 0.0132044 -0.977084
-0.00349 0.0132044 -0.977082
-0.0060904 0.0119042 -0.977084
-0.0047902 0.0119042 -0.977083
-0.00349 0.0119042 -0.977081
-0.0060904 0.010604 -0.977084
-0.0047902 0.010604 -0.977082
-0.00349 0.010604 -0.977081
-0.0060904 0.00930382 -0.977083
-0.0047902 0.00930382 -0.977081
-0.00349 0.00930382 -0.97708
-0.0060904 0.00800362 -0.977082
-0.0047902 0.00800362 -0.977081
-0.00349 0.00800362 -0.977079
-0.0060904 0.00670342 -0.977082
-0.0047902 0.00670342 -0.97708
-0.00349 0.00670342 -0.977079
-0.0060904 0.00540322 -0.977081
-0.0047902 0.00540322 -0.977079
-0.00349 0.00540322 -0.977078
-0.0060904 0.00410302 -0.97708
-0.0047902 0.00410302 -0.977079
-0.00349 0.00410302 -0.977077
-0.0060904 0.00280282 -0.97708
-0.0047902 0.00280282 -0.977078
-0.00349 0.00280282 -0.977077
-0.0060904 0.00150262 -0.977079
-0.0047902 0.00150262 -0.977077
-0.00349 0.00150262 -0.977076
-0.0060904 0.000202419 -0.977078
-0.0047902 0.000202419 -0.977077
-0.00349 0.000202419 -0.977075
-0.0060904 -0.00109778 -0.977078
-0.0047902 -0.00109778 -0.977076
-0.00349 -0.00109778 -0.977075
-0.0060904 -0.00239798 -0.977077
-0.0047902 -0.00239798 -0.977075
-0.00349 -0.00239798 -0.977074
-0.0060904 -0.00369818 -0.977076
-0.0047902 -0.00369818 -0.977075
-0.00349 -0.00369818 -0.977073
-0.0060904 -0.00499838 -0.977076
-0.0047902 -0.00499838 -0.977074
-0.00349 -0.00499838 -0.977072
-0.0060904 -0.00629858 -0.977075
-0.0047902 -0.00629858 -0.977073
-0.00349 -0.00629858 -0.977072
-0.0060904 -0.00759878 -0.977074
-0.0047902 -0.00759878 -0.977073
-0.00349 -0.00759878 -0.977071
-0.0060904 -0.00889898 -0.977073
-0.0047902 -0.00889898 -0.977072
-0.00349 -0.00889898 -0.97707
-0.0060904 -0.0101992 -0.977073
-0.0047902 -0.0101992 -0.977071
-0.00349 -0.0101992 -0.97707
-0.0060904 -0.0114994 -0.977072
-0.0047902 -0.0114994 -0.977071
-0.00349 -0.0114994 -0.977069
-0.0060904 -0.0127996 -0.977071
-0.0047902 -0.0127996 -0.97707
-0.00349 -0.0127996 -0.977068
-0.0060904 -0.0140998 -0.977071
-0.0047902 -0.0140998 -0.977069
-0.00349 -0.0140998 -0.977068
-0.0060904 -0.0154 -0.97707
-0.0047902 -0.0154 -0.977068
-0.00349 -0.0154 -0.977067
-0.0060904 -0.0167002 -0.977069
-0.0047902 -0.0167002 -0.977068
-0.00349 -0.0167002 -0.977066
-0.0060904 -0.0180004 -0.977069
-0.0047902 -0.0180004 -0.977067
-0.00349 -0.0180004 -0.977066
-0.0060904 -0.0193006 -0.977068
-0.0047902 -0.0193006 -0.977066
-0.00349 -0.0193006 -0.977065
-0.0060904 -0.0206008 -0.977067
-0.0047902 -0.0206008 -0.977066
-0.00349 -0.0206008 -0.977064
-0.0060904 -0.021901 -0.977067
-0.0047902 -0.021901 -0.977065
-0.00349 -0.021901 -0.977064
-0.0060904 -0.0232012 -0.977066
-0.0047902 -0.0232012 -0.977064
-0.00349 -0.0232012 -0.977063
-0.0060904 -0.0245014 -0.977065
-0.0047902 -0.0245014 -0.977064
-0.00349 -0.0245014 -0.977062
-0.0060904 -0.0258016 -0.977065
-0.0047902 -0.0258016 -0.977063
-0.00349 -0.0258016 -0.977062
-0.0060904 -0.0271018 -0.977064
-0.0047902 -0.0271018 -0.977062
-0.00349 -0.0271018 -0.977061
-0.0060904 -0.028402 -0.977063
-0.0047902 -0.028402 -0.977062
-0.00349 -0.028402 -0.97706
-0.0060904 -0.0297022 -0.977063
-0.0047902 -0.0297022 -0.977061
-0.00349 -0.0297022 -0.977059
-0.0060904 -0.0310024 -0.977062
-0.0047902 -0.0310024 -0.97706
-0.00349 -0.0310024 -0.977059
-0.0060904 -0.0323026 -0.977061
-0.0047902 -0.0323026 -0.97706
-0.00349 -0.0323026 -0.977058
-0.0060904 -0.0336028 -0.97706
-0.0047902 -0.0336028 -0.977059
-0.00349 -0.0336028 -0.977057
-0.0060904 -0.034903 -0.97706
-0.0047902 -0.034903 -0.977058
-0.00349 -0.034903 -0.977057
-0.0060904 -0.0362032 -0.977059
-0.0047902 -0.0362032 -0.977058
-0.00349 -0.0362032 -0.977056
-0.0060904 -0.0375034 -0.977058
-0.0047902 -0.0375034 -0.977057
-0.00349 -0.0375034 -0.977055
-0.0060904 -0.0388036 -0.977058
-0.0047902 -0.0388036 -0.977056
-0.00349 -0.0388036 -0.977055
-0.0060904 -0.0401038 -0.977057
-0.0047902 -0.0401038 -0.977056
-0.00349 -0.0401038 -0.977054
-0.0060904 -0.041404 -0.977056
-0.0047902 -0.041404 -0.977055
-0.00349 -0.041404 -0.977053
-0.0060904 -0.0427042 -0.977056
-0.0047902 -0.0427042 -0.977054
-0.00349 -0.0427042 -0.977053
-0.0060904 -0.0440044 -0.977055
-0.0047902 -0.0440044 -0.977053
-0.00349 -0.0440044 -0.977052
-0.0060904 -0.0453046 -0.977054
-0.0047902 -0.0453046 -0.977053
-0.00349 -0.0453046 -0.977051
-0.0060904 -0.0466048 -0.977054
-0.0047902 -0.0466048 -0.977052
-0.00349 -0.0466048 -0.977051
-0.0060904 -0.047905 -0.977053
-0.0047902 -0.047905 -0.977051
-0.00349 -0.047905 -0.97705
-0.0060904 -0.0492052 -0.977052
-0.0047902 -0.0492052 -0.977051
-0.00349 -0.0492052 -0.977049
-0.0060904 -0.0505054 -0.977052
-0.0047902 -0.0505054 -0.97705
-0.00349 -0.0505054 -0.977049
-0.0060904 -0.0518056 -0.977051
-0.0047902 -0.0518056 -0.977049
-0.00349 -0.0518056 -0.977048
-0.0060904 -0.0531058 -0.97705
-0.0047902 -0.0531058 -0.977049
-0.00349 -0.0531058 -0.977047
-0.0060904 -0.054406 -0.97705
-0.0047902 -0.054406 -0.977048
-0.00349 -0.054406 -0.977046
-0.0060904 -0.0557062 -0.977049
-0.0047902 -0.0557062 -0.977047
-0.00349 -0.0557062 -0.977046
-0.0060904 -0.0570064 -0.977048
-0.0047902 -0.0570064 -0.977047
-0.00349 -0.0570064 -0.977045
-0.0060904 -0.0583066 -0.977048
-0.0047902 -0.0583066 -0.977046
-0.00349 -0.0583066 -0.977044
-0.0060904 -0.0596068 -0.977047
-0.0047902 -0.0596068 -0.977045
-0.00349 -0.0596068 -0.977044
-0.0060904 -0.060907 -0.977046
-0.0047902 -0.060907 -0.977045
-0.00349 -0.060907 -0.977043
-0.0060904 -0.0622072 -0.977045
-0.0047902 -0.0622072 -0.977044
-0.00349 -0.0622072 -0.977042
-0.0060904 -0.0635074 -0.977045
-0.0047902 -0.0635074 -0.977043
-0.00349 -0.0635074 -0.977042
-0.0060904 -0.0648076 -0.977044
-0.0047902 -0.0648076 -0.977043
-0.00349 -0.0648076 -0.977041
-0.0060904 -0.0661078 -0.977043
-0.0047902 -0.0661078 -0.977042
-0.00349 -0.0661078 -0.97704
-0.0060904 -0.067408 -0.977043
-0.0047902 -0.067408 -0.977041
-0.00349 -0.067408 -0.97704
-0.0060904 -0.0687082 -0.977042
-0.0047902 -0.0687082 -0.977041
-0.00349 -0.0687082 -0.977039
