-7.411e-05 0.0295634 -0.99657
-0.000345286 0.0295634 -0.996581
-0.000616462 0.0295634 -0.996593
-7.411e-05 0.0298346 -0.996571
-0.000345286 0.0298346 -0.996582
-0.000616462 0.0298346 -0.996594
-7.411e-05 0.0301058 -0.996572
-0.000345286 0.0301058 -0.996583
-0.000616462 0.0301058 -0.996595
-7.411e-05 0.0303769 -0.996573
-0.000345286 0.0303769 -0.996584
-0.000616462 0.0303769 -0.996596
-7.411e-05 0.0306481 -0.996574
-0.000345286 0.0306481 -0.996585
-0.000616462 0.0306481 -0.996597
-7.411e-05 0.0309193 -0.996574
-0.000345286 0.0309193 -0.996586
-0.000616462 0.0309193 -0.996598
-7.411e-05 0.0311905 -0.996575
-0.000345286 0.0311905 -0.996587
-0.000616462 0.0311905 -0.996599
-7.411e-05 0.0314616 -0.996576
-0.000345286 0.0314616 -0.996588
-0.000616462 0.0314616 -0.996599
-7.411e-05 0.0317328 -0.996577
-0.000345286 0.0317328 -0.996589
-0.000616462 0.0317328 -0.9966
-7.411e-05 0.032004 -0.996578
-0.000345286 0.032004 -0.99659
-0.000616462 0.032004 -0.996601
-7.411e-05 0.0322752 -0.996579
-0.000345286 0.0322752 -0.996591
-0.000616462 0.0322752 -0.996602
-7.411e-05 0.0325463 -0.99658
-0.000345286 0.0325463 -0.996592
-0.000616462 0.0325463 -0.996603
-7.411e-05 0.0328175 -0.996581
-0.000345286 0.0328175 -0.996592
-0.000616462 0.0328175 -0.996604
-7.411e-05 0.0330887 -0.996582
-0.000345286 0.0330887 -0.996593
-0.000616462 0.0330887 -0.996605
-7.411e-05 0.0333599 -0.996583
-0.000345286 0.0333599 -0.996594
-0.000616462 0.0333599 -0.996606
-7.411e-05 0.033631 -0.996584
-0.000345286 0.033631 -0.996595
-0.000616462 0.033631 -0.996607
-7.411e-05 0.0339022 -0.996584
-0.000345286 0.0339022 -0.996596
-0.000616462 0.0339022 -0.996608
-7.411e-05 0.0341734 -0.996585
-0.000345286 0.0341734 -0.996597
-0.000616462 0.0341734 -0.996609
-7.411e-05 0.0344446 -0.996586
-0.000345286 0.0344446 -0.996598
-0.000616462 0.0344446 -0.99661
-7.411e-05 0.0347157 -0.996587
-0.000345286 0.0347157 -0.996599
-0.000616462 0.0347157 -0.99661
-7.411e-05 0.0349869 -0.996588
-0.000345286 0.0349869 -0.9966
-0.000616462 0.0349869 -0.996611
-7.411e-05 0.0352581 -0.996589
-0.000345286 0.0352581 -0.996601
-0.000616462 0.0352581 -0.996612
-7.411e-05 0.0355293 -0.99659
-0.000345286 0.0355293 -0.996602
-0.000616462 0.0355293 -0.996613
-7.411e-05 0.0358005 -0.996591
-0.000345286 0.0358005 -0.996602
-0.000616462 0.0358005 -0.996614
-7.411e-05 0.0360716 -0.996592
-0.000345286 0.0360716 -0.996603
-0.000616462 0.0360716 -0.996615
-7.411e-05 0.0363428 -0.996593
-0.000345286 0.0363428 -0.996604
-0.000616462 0.0363428 -0.996616
-7.411e-05 0.036614 -0.996594
-0.000345286 0.036614 -0.996605
-0.000616462 0.036614 -0.996617
-7.411e-05 0.0368852 -0.996594
-0.000345286 0.0368852 -0.996606
-0.000616462 0.0368852 -0.996618
-7.411e-05 0.0371563 -0.996595
-0.000345286 0.0371563 -0.996607
-0.000616462 0.0371563 -0.996619
-7.411e-05 0.0374275 -0.996596
-0.000345286 0.0374275 -0.996608
-0.000616462 0.0374275 -0.99662
-7.411e-05 0.0376987 -0.996597
-0.000345286 0.0376987 -0.996609
-0.000616462 0.0376987 -0.99662
-7.411e-05 0.0379699 -0.996598
-0.000345286 0.0379699 -0.99661
-0.000616462 0.0379699 -0.996621
-7.411e-05 0.038241 -0.996599
-0.000345286 0.038241 -0.996611
-0.000616462 0.038241 -0.996622
-7.411e-05 0.0385122 -0.9966
-0.000345286 0.0385122 -0.996612
-0.000616462 0.0385122 -0.996623
-7.411e-05 0.0387834 -0.996601
-0.000345286 0.0387834 -0.996612
-0.000616462 0.0387834 -0.996624
-7.411e-05 0.0390546 -0.996602
-0.000345286 0.0390546 -0.996613
-0.000616462 0.0390546 -0.996625
-7.411e-05 0.0393257 -0.996603
-0.000345286 0.0393257 -0.996614
-0.000616462 0.0393257 -0.996626
-7.411e-05 0.0395969 -0.996604
-0.000345286 0.0395969 -0.996615
-0.000616462 0.0395969 -0.996627
-7.411e-05 0.0398681 -0.996605
-0.000345286 0.0398681 -0.996616
-0.000616462 0.0398681 -0.996628
-7.411e-05 0.0401393 -0.996605
-0.000345286 0.0401393 -0.996617
-0.000616462 0.0401393 -0.996629
-7.411e-05 0.0404104 -0.996606
-0.000345286 0.0404104 -0.996618
-0.000616462 0.0404104 -0.99663
-7.411e-05 0.0406816 -0.996607
-0.000345286 0.0406816 -0.996619
-0.000616462 0.0406816 -0.99663
-7.411e-05 0.0409528 -0.996608
-0.000345286 0.0409528 -0.99662
-0.000616462 0.0409528 -0.996631
-7.411e-05 0.041224 -0.996609
-0.000345286 0.041224 -0.996621
-0.000616462 0.041224 -0.996632
-7.411e-05 0.0414952 -0.99661
-0.000345286 0.0414952 -0.996622
-0.000616462 0.0414952 -0.996633
-7.411e-05 0.0417663 -0.996611
-0.000345286 0.0417663 -0.996622
-0.000616462 0.0417663 -0.996634
-7.411e-05 0.0420375 -0.996612
-0.000345286 0.0420375 -0.996623
-0.000616462 0.0420375 -0.996635
-7.411e-05 0.0423087 -0.996613
-0.000345286 0.0423087 -0.996624
-0.000616462 0.0423087 -0.996636
-7.411e-05 0.0425799 -0.996614
-0.000345286 0.0425799 -0.996625
-0.000616462 0.0425799 -0.996637
-7.411e-05 0.042851 -0.996615
-0.000345286 0.042851 -0.996626
-0.000616462 0.042851 -0.996638
-7.411e-05 0.0431222 -0.996615
-0.000345286 0.0431222 -0.996627
-0.000616462 0.0431222 -0.996639
-7.411e-05 0.0433934 -0.996616
-0.000345286 0.0433934 -0.996628
-0.000616462 0.0433934 -0.996639
-7.411e-05 0.0436646 -0.996617
-0.000345286 0.0436646 -0.996629
-0.000616462 0.0436646 -0.99664
-7.411e-05 0.0439357 -0.996618
-0.000345286 0.0439357 -0.99663
-0.000616462 0.0439357 -0.996641
-7.411e-05 0.0442069 -0.996619
-0.000345286 0.0442069 -0.996631
-0.000616462 0.0442069 -0.996642
-7.411e-05 0.0444781 -0.99662
-0.000345286 0.0444781 -0.996632
-0.000616462 0.0444781 -0.996643
-7.411e-05 0.0447493 -0.996621
-0.000345286 0.0447493 -0.996632
-0.000616462 0.0447493 -0.996644
-7.411e-05 0.0450204 -0.996622
-0.000345286 0.0450204 -0.996633
-0.000616462 0.0450204 -0.996645
-7.411e-05 0.0452916 -0.996623
-0.000345286 0.0452916 -0.996634
-0.000616462 0.0452916 -0.996646
-7.411e-05 0.0455628 -0.996624
-0.000345286 0.0455628 -0.996635
-0.000616462 0.0455628 -0.996647
-7.411e-05 0.045834 -0.996624
-0.000345286 0.045834 -0.996636
-0.000616462 0.045834 -0.996648
-7.411e-05 0.0461051 -0.996625
-0.000345286 0.0461051 -0.996637
-0.000616462 0.0461051 -0.996649
-7.411e-05 0.0463763 -0.996626
-0.000345286 0.0463763 -0.996638
-0.000616462 0.0463763 -0.99665
-7.411e-05 0.0466475 -0.996627
-0.000345286 0.0466475 -0.996639
-0.000616462 0.0466475 -0.99665
-7.411e-05 0.0469187 -0.996628
-0.000345286 0.0469187 -0.99664
-0.000616462 0.0469187 -0.996651
-7.411e-05 0.0471899 -0.996629
-0.000345286 0.0471899 -0.996641
-0.000616462 0.0471899 -0.996652
-7.411e-05 0.047461 -0.99663
-0.000345286 0.047461 -0.996642
-0.000616462 0.047461 -0.996653
-7.411e-05 0.0477322 -0.996631
-0.000345286 0.0477322 -0.996642
-0.000616462 0.0477322 -0.996654
-7.411e-05 0.0480034 -0.996632
-0.000345286 0.0480034 -0.996643
-0.000616462 0.0480034 -0.996655
-7.411e-05 0.0482746 -0.996633
-0.000345286 0.0482746 -0.996644
-0.000616462 0.0482746 -0.996656
-7.411e-05 0.0485457 -0.996634
-0.000345286 0.0485457 -0.996645
-0.000616462 0.0485457 -0.996657
-7.411e-05 0.0488169 -0.996634
-0.000345286 0.0488169 -0.996646
-0.000616462 0.0488169 -0.996658
-7.411e-05 0.0490881 -0.996635
-0.000345286 0.0490881 -0.996647
-0.000616462 0.0490881 -0.996659
-7.411e-05 0.0493593 -0.996636
-0.000345286 0.0493593 -0.996648
-0.000616462 0.0493593 -0.99666
-7.411e-05 0.0496304 -0.996637
-0.000345286 0.0496304 -0.996649
-0.000616462 0.0496304 -0.99666
-7.411e-05 0.0499016 -0.996638
-0.000345286 0.0499016 -0.99665
-0.000616462 0.0499016 -0.996661
-7.411e-05 0.0501728 -0.996639
-0.000345286 0.0501728 -0.996651
-0.000616462 0.0501728 -0.996662
-7.411e-05 0.050444 -0.99664
-0.000345286 0.050444 -0.996652
-0.000616462 0.050444 -0.996663
-7.411e-05 0.0507151 -0.996641
-0.000345286 0.0507151 -0.996652
-0.000616462 0.0507151 -0.996664
-7.411e-05 0.0509863 -0.996642
-0.000345286 0.0509863 -0.996653
-0.000616462 0.0509863 -0.996665
-7.411e-05 0.0512575 -0.996643
-0.000345286 0.0512575 -0.996654
-0.000616462 0.0512575 -0.996666
-7.411e-05 0.0515287 -0.996644
-0.000345286 0.0515287 -0.996655
-0.000616462 0.0515287 -0.996667
-7.411e-05 0.0517998 -0.996644
-0.000345286 0.0517998 -0.996656
-0.000616462 0.0517998 -0.996668
-7.411e-05 0.052071 -0.996645
-0.000345286 0.052071 -0.996657
-0.000616462 0.052071 -0.996669
-7.411e-05 0.0523422 -0.996646
-0.000345286 0.0523422 -0.996658
-0.000616462 0.0523422 -0.99667
-7.411e-05 0.0526134 -0.996647
-0.000345286 0.0526134 -0.996659
-0.000616462 0.0526134 -0.99667
-7.411e-05 0.0528846 -0.996648
-0.000345286 0.0528846 -0.99666
-0.000616462 0.0528846 -0.996671
-7.411e-05 0.0531557 -0.996649
-0.000345286 0.0531557 -0.996661
-0.000616462 0.0531557 -0.996672
-7.411e-05 0.0534269 -0.99665
-0.000345286 0.0534269 -0.996662
-0.000616462 0.0534269 -0.996673
-7.411e-05 0.0536981 -0.996651
-0.000345286 0.0536981 -0.996662
-0.000616462 0.0536981 -0.996674
-7.411e-05 0.0539693 -0.996652
-0.000345286 0.0539693 -0.996663
-0.000616462 0.0539693 -0.996675
-7.411e-05 0.0542404 -0.996653
-0.000345286 0.0542404 -0.996664
-0.000616462 0.0542404 -0.996676
-7.411e-05 0.0545116 -0.996654
-0.000345286 0.0545116 -0.996665
-0.000616462 0.0545116 -0.996677
-7.411e-05 0.0547828 -0.996655
-0.000345286 0.0547828 -0.996666
-0.000616462 0.0547828 -0.996678
-7.411e-05 0.055054 -0.996655
-0.000345286 0.055054 -0.996667
-0.000616462 0.055054 -0.996679
-7.411e-05 0.0553251 -0.996656
-0.000345286 0.0553251 -0.996668
-0.000616462 0.0553251 -0.99668
-7.411e-05 0.0555963 -0.996657
-0.000345286 0.0555963 -0.996669
-0.000616462 0.0555963 -0.99668
-7.411e-05 0.0558675 -0.996658
-0.000345286 0.0558675 -0.99667
-0.000616462 0.0558675 -0.996681
-7.411e-05 0.0561387 -0.996659
-0.000345286 0.0561387 -0.996671
-0.000616462 0.0561387 -0.996682
-7.411e-05 0.0564098 -0.99666
-0.000345286 0.0564098 -0.996672
-0.000616462 0.0564098 -0.996683
-7.411e-05 0.056681 -0.996661
-0.000345286 0.056681 -0.996673
-0.000616462 0.056681 -0.996684
-7.411e-05 0.0569522 -0.996662
-0.000345286 0.0569522 -0.996673
-0.000616462 0.0569522 -0.996685
-7.411e-05 0.0572234 -0.996663
-0.000345286 0.0572234 -0.996674
-0.000616462 0.0572234 -0.996686
-7.411e-05 0.0574945 -0.996664
-0.000345286 0.0574945 -0.996675
-0.000616462 0.0574945 -0.996687
-7.411e-05 0.0577657 -0.996665
-0.000345286 0.0577657 -0.996676
-0.000616462 0.0577657 -0.996688
-7.411e-05 0.0580369 -0.996665
-0.000345286 0.0580369 -0.996677
-0.000616462 0.0580369 -0.996689
-7.411e-05 0.0583081 -0.996666
-0.000345286 0.0583081 -0.996678
-0.000616462 0.0583081 -0.99669
-7.411e-05 0.0585793 -0.996667
-0.000345286 0.0585793 -0.996679
-0.000616462 0.0585793 -0.99669
-7.411e-05 0.0588504 -0.996668
-0.000345286 0.0588504 -0.99668
-0.000616462 0.0588504 -0.996691
-7.411e-05 0.0591216 -0.996669
-0.000345286 0.0591216 -0.996681
-0.000616462 0.0591216 -0.996692
-7.411e-05 0.0593928 -0.99667
-0.000345286 0.0593928 -0.996682
-0.000616462 0.0593928 -0.996693
