-0.00321758 -0.015177 -0.991709
-0.00322582 -0.015177 -0.991719
-0.00323405 -0.015177 -0.991729
-0.00321758 -0.0151687 -0.991709
-0.00322582 -0.0151687 -0.991719
-0.00323405 -0.0151687 -0.991729
-0.00321758 -0.0151605 -0.991708
-0.00322582 -0.0151605 -0.991718
-0.00323405 -0.0151605 -0.991729
-0.00321758 -0.0151523 -0.991708
-0.00322582 -0.0151523 -0.991718
-0.00323405 -0.0151523 -0.991728
-0.00321758 -0.015144 -0.991707
-0.00322582 -0.015144 -0.991718
-0.00323405 -0.015144 -0.991728
-0.00321758 -0.0151358 -0.991707
-0.00322582 -0.0151358 -0.991717
-0.00323405 -0.0151358 -0.991728
-0.00321758 -0.0151275 -0.991707
-0.00322582 -0.0151275 -0.991717
-0.00323405 -0.0151275 -0.991727
-0.00321758 -0.0151193 -0.991706
-0.00322582 -0.0151193 -0.991716
-0.00323405 -0.0151193 -0.991727
-0.00321758 -0.0151111 -0.991706
-0.00322582 -0.0151111 -0.991716
-0.00323405 -0.0151111 -0.991726
-0.00321758 -0.0151028 -0.991705
-0.00322582 -0.0151028 -0.991716
-0.00323405 -0.0151028 -0.991726
-0.00321758 -0.0150946 -0.991705
-0.00322582 -0.0150946 -0.991715
-0.00323405 -0.0150946 -0.991726
-0.00321758 -0.0150864 -0.991705
-0.00322582 -0.0150864 -0.991715
-0.00323405 -0.0150864 -0.991725
-0.00321758 -0.0150781 -0.991704
-0.00322582 -0.0150781 -0.991715
-0.00323405 -0.0150781 -0.991725
-0.00321758 -0.0150699 -0.991704
-0.00322582 -0.0150699 -0.991714
-0.00323405 -0.0150699 -0.991724
-0.00321758 -0.0150616 -0.991703
-0.00322582 -0.0150616 -0.991714
-0.00323405 -0.0150616 -0.991724
-0.00321758 -0.0150534 -0.991703
-0.00322582 -0.0150534 -0.991713
-0.00323405 -0.0150534 -0.991724
-0.00321758 -0.0150452 -0.991703
-0.00322582 -0.0150452 -0.991713
-0.00323405 -0.0150452 -0.991723
-0.00321758 -0.0150369 -0.991702
-0.00322582 -0.0150369 -0.991713
-0.00323405 -0.0150369 -0.991723
-0.00321758 -0.0150287 -0.991702
-0.00322582 -0.0150287 -0.991712
-0.00323405 -0.0150287 -0.991722
-0.00321758 -0.0150205 -0.991701
-0.00322582 -0.0150205 -0.991712
-0.00323405 -0.0150205 -0.991722
-0.00321758 -0.0150122 -0.991701
-0.00322582 -0.0150122 -0.991711
-0.00323405 -0.0150122 -0.991722
-0.00321758 -0.015004 -0.991701
-0.00322582 -0.015004 -0.991711
-0.00323405 -0.015004 -0.991721
-0.00321758 -0.0149957 -0.9917
-0.00322582 -0.0149957 -0.991711
-0.00323405 -0.0149957 -0.991721
-0.00321758 -0.0149875 -0.9917
-0.00322582 -0.0149875 -0.99171
-0.00323405 -0.0149875 -0.991721
-0.00321758 -0.0149793 -0.9917
-0.00322582 -0.0149793 -0.99171
-0.00323405 -0.0149793 -0.99172
-0.00321758 -0.014971 -0.991699
-0.00322582 -0.014971 -0.991709
-0.00323405 -0.014971 -0.99172
-0.00321758 -0.0149628 -0.991699
-0.00322582 -0.0149628 -0.991709
-0.00323405 -0.0149628 -0.991719
-0.00321758 -0.0149546 -0.991698
-0.00322582 -0.0149546 -0.991709
-0.00323405 -0.0149546 -0.991719
-0.00321758 -0.0149463 -0.991698
-0.00322582 -0.0149463 -0.991708
-0.00323405 -0.0149463 -0.991719
-0.00321758 -0.0149381 -0.991698
-0.00322582 -0.0149381 -0.991708
-0.00323405 -0.0149381 -0.991718
-0.00321758 -0.0149298 -0.991697
-0.00322582 -0.0149298 -0.991708
-0.00323405 -0.0149298 -0.991718
-0.00321758 -0.0149216 -0.991697
-0.00322582 -0.0149216 -0.991707
-0.00323405 -0.0149216 -0.991717
-0.00321758 -0.0149134 -0.991696
-0.00322582 -0.0149134 -0.991707
-0.00323405 -0.0149134 -0.991717
-0.00321758 -0.0149051 -0.991696
-0.00322582 -0.0149051 -0.991706
-0.00323405 -0.0149051 -0.991717
-0.00321758 -0.0148969 -0.991696
-0.00322582 -0.0148969 -0.991706
-0.00323405 -0.0148969 -0.991716
-0.00321758 -0.0148887 -0.991695
-0.00322582 -0.0148887 -0.991706
-0.00323405 -0.0148887 -0.991716
-0.00321758 -0.0148804 -0.991695
-0.00322582 -0.0148804 -0.991705
-0.00323405 -0.0148804 -0.991715
-0.00321758 -0.0148722 -0.991695
-0.00322582 -0.0148722 -0.991705
-0.00323405 -0.0148722 -0.991715
-0.00321758 -0.014864 -0.991694
-0.00322582 -0.014864 -0.991704
-0.00323405 -0.014864 -0.991715
-0.00321758 -0.0148557 -0.991694
-0.00322582 -0.0148557 -0.991704
-0.00323405 -0.0148557 -0.991714
-0.00321758 -0.0148475 -0.991693
-0.00322582 -0.0148475 -0.991704
-0.00323405 -0.0148475 -0.991714
-0.00321758 -0.0148392 -0.991693
-0.00322582 -0.0148392 -0.991703
-0.00323405 -0.0148392 -0.991714
-0.00321758 -0.014831 -0.991693
-0.00322582 -0.014831 -0.991703
-0.00323405 -0.014831 -0.991713
-0.00321758 -0.0148228 -0.991692
-0.00322582 -0.0148228 -0.991702
-0.00323405 -0.0148228 -0.991713
-0.00321758 -0.0148145 -0.991692
-0.00322582 -0.0148145 -0.991702
-0.00323405 -0.0148145 -0.991712
-0.00321758 -0.0148063 -0.991691
-0.00322582 -0.0148063 -0.991702
-0.00323405 -0.0148063 -0.991712
-0.00321758 -0.0147981 -0.991691
-0.00322582 -0.0147981 -0.991701
-0.00323405 -0.0147981 -0.991712
-0.00321758 -0.0147898 -0.991691
-0.00322582 -0.0147898 -0.991701
-0.00323405 -0.0147898 -0.991711
-0.00321758 -0.0147816 -0.99169
-0.00322582 -0.0147816 -0.991701
-0.00323405 -0.0147816 -0.991711
-0.00321758 -0.0147733 -0.99169
-0.00322582 -0.0147733 -0.9917
-0.00323405 -0.0147733 -0.99171
-0.00321758 -0.0147651 -0.99169
-0.00322582 -0.0147651 -0.9917
-0.00323405 -0.0147651 -0.99171
-0.00321758 -0.0147569 -0.991689
-0.00322582 -0.0147569 -0.991699
-0.00323405 -0.0147569 -0.99171
-0.00321758 -0.0147486 -0.991689
-0.00322582 -0.0147486 -0.991699
-0.00323405 -0.0147486 -0.991709
-0.00321758 -0.0147404 -0.991688
-0.00322582 -0.0147404 -0.991699
-0.00323405 -0.0147404 -0.991709
-0.00321758 -0.0147322 -0.991688
-0.00322582 -0.0147322 -0.991698
-0.00323405 -0.0147322 -0.991709
-0.00321758 -0.0147239 -0.991688
-0.00322582 -0.0147239 -0.991698
-0.00323405 -0.0147239 -0.991708
-0.00321758 -0.0147157 -0.991687
-0.00322582 -0.0147157 -0.991697
-0.00323405 -0.0147157 -0.991708
-0.00321758 -0.0147074 -0.991687
-0.00322582 -0.0147074 -0.991697
-0.00323405 -0.0147074 -0.991707
-0.00321758 -0.0146992 -0.991686
-0.00322582 -0.0146992 -0.991697
-0.00323405 -0.0146992 -0.991707
-0.00321758 -0.014691 -0.991686
-0.00322582 -0.014691 -0.991696
-0.00323405 -0.014691 -0.991707
-0.00321758 -0.0146827 -0.991686
-0.00322582 -0.0146827 -0.991696
-0.00323405 -0.0146827 -0.991706
-0.00321758 -0.0146745 -0.991685
-0.00322582 -0.0146745 -0.991696
-0.00323405 -0.0146745 -0.991706
-0.00321758 -0.0146663 -0.991685
-0.00322582 -0.0146663 -0.991695
-0.00323405 -0.0146663 -0.991705
-0.00321758 -0.014658 -0.991684
-0.00322582 -0.014658 -0.991695
-0.00323405 -0.014658 -0.991705
-0.00321758 -0.0146498 -0.991684
-0.00322582 -0.0146498 -0.991694
-0.00323405 -0.0146498 -0.991705
-0.00321758 -0.0146415 -0.991684
-0.00322582 -0.0146415 -0.991694
-0.00323405 -0.0146415 -0.991704
-0.00321758 -0.0146333 -0.991683
-0.00322582 -0.0146333 -0.991694
-0.00323405 -0.0146333 -0.991704
-0.00321758 -0.0146251 -0.991683
-0.00322582 -0.0146251 -0.991693
-0.00323405 -0.0146251 -0.991703
-0.00321758 -0.0146168 -0.991682
-0.00322582 -0.0146168 -0.991693
-0.00323405 -0.0146168 -0.991703
-0.00321758 -0.0146086 -0.991682
-0.00322582 -0.0146086 -0.991692
-0.00323405 -0.0146086 -0.991703
-0.00321758 -0.0146004 -0.991682
-0.00322582 -0.0146004 -0.991692
-0.00323405 -0.0146004 -0.991702
-0.00321758 -0.0145921 -0.991681
-0.00322582 -0.0145921 -0.991692
-0.00323405 -0.0145921 -0.991702
-0.00321758 -0.0145839 -0.991681
-0.00322582 -0.0145839 -0.991691
-0.00323405 -0.0145839 -0.991702
-0.00321758 -0.0145756 -0.991681
-0.00322582 -0.0145756 -0.991691
-0.00323405 -0.0145756 -0.991701
-0.00321758 -0.0145674 -0.99168
-0.00322582 -0.0145674 -0.99169
-0.00323405 -0.0145674 -0.991701
-0.00321758 -0.0145592 -0.99168
-0.00322582 -0.0145592 -0.99169
-0.00323405 -0.0145592 -0.9917
-0.00321758 -0.0145509 -0.991679
-0.00322582 -0.0145509 -0.99169
-0.00323405 -0.0145509 -0.9917
-0.00321758 -0.0145427 -0.991679
-0.00322582 -0.0145427 -0.991689
-0.00323405 -0.0145427 -0.9917
-0.00321758 -0.0145345 -0.991679
-0.00322582 -0.0145345 -0.991689
-0.00323405 -0.0145345 -0.991699
-0.00321758 -0.0145262 -0.991678
-0.00322582 -0.0145262 -0.991689
-0.00323405 -0.0145262 -0.991699
-0.00321758 -0.014518 -0.991678
-0.00322582 -0.014518 -0.991688
-0.00323405 -0.014518 -0.991698
-0.00321758 -0.0145097 -0.991677
-0.00322582 -0.0145097 -0.991688
-0.00323405 -0.0145097 -0.991698
-0.00321758 -0.0145015 -0.991677
-0.00322582 -0.0145015 -0.991687
-0.00323405 -0.0145015 -0.991698
-0.00321758 -0.0144933 -0.991677
-0.00322582 -0.0144933 -0.991687
-0.00323405 -0.0144933 -0.991697
-0.00321758 -0.014485 -0.991676
-0.00322582 -0.014485 -0.991687
-0.00323405 -0.014485 -0.991697
-0.00321758 -0.0144768 -0.991676
-0.00322582 -0.0144768 -0.991686
-0.00323405 -0.0144768 -0.991696
-0.00321758 -0.0144686 -0.991675
-0.00322582 -0.0144686 -0.991686
-0.00323405 -0.0144686 -0.991696
-0.00321758 -0.0144603 -0.991675
-0.00322582 -0.0144603 -0.991685
-0.00323405 -0.0144603 -0.991696
-0.00321758 -0.0144521 -0.991675
-0.00322582 -0.0144521 -0.991685
-0.00323405 -0.0144521 -0.991695
-0.00321758 -0.0144438 -0.991674
-0.00322582 -0.0144438 -0.991685
-0.00323405 -0.0144438 -0.991695
-0.00321758 -0.0144356 -0.991674
-0.00322582 -0.0144356 -0.991684
-0.00323405 -0.0144356 -0.991695
-0.00321758 -0.0144274 -0.991674
-0.00322582 -0.0144274 -0.991684
-0.00323405 -0.0144274 -0.991694
-0.00321758 -0.0144191 -0.991673
-0.00322582 -0.0144191 -0.991683
-0.00323405 -0.0144191 -0.991694
-0.00321758 -0.0144109 -0.991673
-0.00322582 -0.0144109 -0.991683
-0.00323405 -0.0144109 -0.991693
-0.00321758 -0.0144027 -0.991672
-0.00322582 -0.0144027 -0.991683
-0.00323405 -0.0144027 -0.991693
-0.00321758 -0.0143944 -0.991672
-0.00322582 -0.0143944 -0.991682
-0.00323405 -0.0143944 -0.991693
-0.00321758 -0.0143862 -0.991672
-0.00322582 -0.0143862 -0.991682
-0.00323405 -0.0143862 -0.991692
-0.00321758 -0.0143779 -0.991671
-0.00322582 -0.0143779 -0.991682
-0.00323405 -0.0143779 -0.991692
-0.00321758 -0.0143697 -0.991671
-0.00322582 -0.0143697 -0.991681
-0.00323405 -0.0143697 -0.991691
-0.00321758 -0.0143615 -0.99167
-0.00322582 -0.0143615 -0.991681
-0.00323405 -0.0143615 -0.991691
-0.00321758 -0.0143532 -0.99167
-0.00322582 -0.0143532 -0.99168
-0.00323405 -0.0143532 -0.991691
-0.00321758 -0.014345 -0.99167
-0.00322582 -0.014345 -0.99168
-0.00323405 -0.014345 -0.99169
-0.00321758 -0.0143368 -0.991669
-0.00322582 -0.0143368 -0.99168
-0.00323405 -0.0143368 -0.99169
-0.00321758 -0.0143285 -0.991669
-0.00322582 -0.0143285 -0.991679
-0.00323405 -0.0143285 -0.99169
-0.00321758 -0.0143203 -0.991669
-0.00322582 -0.0143203 -0.991679
-0.00323405 -0.0143203 -0.991689
-0.00321758 -0.014312 -0.991668
-0.00322582 -0.014312 -0.991678
-0.00323405 -0.014312 -0.991689
-0.00321758 -0.0143038 -0.991668
-0.00322582 -0.0143038 -0.991678
-0.00323405 -0.0143038 -0.991688
-0.00321758 -0.0142956 -0.991667
-0.00322582 -0.0142956 -0.991678
-0.00323405 -0.0142956 -0.991688
-0.00321758 -0.0142873 -0.991667
-0.00322582 -0.0142873 -0.991677
-0.00323405 -0.0142873 -0.991688
-0.00321758 -0.0142791 -0.991667
-0.00322582 -0.0142791 -0.991677
-0.00323405 -0.0142791 -0.991687
-0.00321758 -0.0142709 -0.991666
-0.00322582 -0.0142709 -0.991677
-0.00323405 -0.0142709 -0.991687
