-0.00141462 -0.00290534 -0.984761
-0.0016357 -0.00290534 -0.984751
-0.00185677 -0.00290534 -0.984741
-0.00141462 -0.00268426 -0.984761
-0.0016357 -0.00268426 -0.984751
-0.00185677 -0.00268426 -0.984742
-0.00141462 -0.00246318 -0.984761
-0.0016357 -0.00246318 -0.984752
-0.00185677 -0.00246318 -0.984742
-0.00141462 -0.00224211 -0.984762
-0.0016357 -0.00224211 -0.984752
-0.00185677 -0.00224211 -0.984742
-0.00141462 -0.00202103 -0.984762
-0.0016357 -0.00202103 -0.984752
-0.00185677 -0.00202103 -0.984742
-0.00141462 -0.00179995 -0.984762
-0.0016357 -0.00179995 -0.984752
-0.00185677 -0.00179995 -0.984742
-0.00141462 -0.00157887 -0.984762
-0.0016357 -0.00157887 -0.984752
-0.00185677 -0.00157887 -0.984743
-0.00141462 -0.0013578 -0.984762
-0.0016357 -0.0013578 -0.984753
-0.00185677 -0.0013578 -0.984743
-0.00141462 -0.00113672 -0.984763
-0.0016357 -0.00113672 -0.984753
-0.00185677 -0.00113672 -0.984743
-0.00141462 -0.000915643 -0.984763
-0.0016357 -0.000915643 -0.984753
-0.00185677 -0.000915643 -0.984743
-0.00141462 -0.000694566 -0.984763
-0.0016357 -0.000694566 -0.984753
-0.00185677 -0.000694566 -0.984743
-0.00141462 -0.000473489 -0.984763
-0.0016357 -0.000473489 -0.984753
-0.00185677 -0.000473489 -0.984744
-0.00141462 -0.000252412 -0.984763
-0.0016357 -0.000252412 -0.984754
-0.00185677 -0.000252412 -0.984744
-0.00141462 -3.13348e-05 -0.984764
-0.0016357 -3.13348e-05 -0.984754
-0.00185677 -3.13348e-05 -0.984744
-0.00141462 0.000189742 -0.984764
-0.0016357 0.000189742 -0.984754
-0.00185677 0.000189742 -0.984744
-0.00141462 0.000410819 -0.984764
-0.0016357 0.000410819 -0.984754
-0.00185677 0.000410819 -0.984744
-0.00141462 0.000631896 -0.984764
-0.0016357 0.000631896 -0.984755
-0.00185677 0.000631896 -0.984745
-0.00141462 0.000852973 -0.984764
-0.0016357 0.000852973 -0.984755
-0.00185677 0.000852973 -0.984745
-0.00141462 0.00107405 -0.984765
-0.0016357 0.00107405 -0.984755
-0.00185677 0.00107405 -0.984745
-0.00141462 0.00129513 -0.984765
-0.0016357 0.00129513 -0.984755
-0.00185677 0.00129513 -0.984745
-0.00141462 0.0015162 -0.984765
-0.0016357 0.0015162 -0.984755
-0.00185677 0.0015162 -0.984746
-0.00141462 0.00173728 -0.984765
-0.0016357 0.00173728 -0.984756
-0.00185677 0.00173728 -0.984746
-0.00141462 0.00195836 -0.984765
-0.0016357 0.00195836 -0.984756
-0.00185677 0.00195836 -0.984746
-0.00141462 0.00217944 -0.984766
-0.0016357 0.00217944 -0.984756
-0.00185677 0.00217944 -0.984746
-0.00141462 0.00240051 -0.984766
-0.0016357 0.00240051 -0.984756
-0.00185677 0.00240051 -0.984746
-0.00141462 0.00262159 -0.984766
-0.0016357 0.00262159 -0.984756
-0.00185677 0.00262159 -0.984747
-0.00141462 0.00284267 -0.984766
-0.0016357 0.00284267 -0.984757
-0.00185677 0.00284267 -0.984747
-0.00141462 0.00306374 -0.984767
-0.0016357 0.00306374 -0.984757
-0.00185677 0.00306374 -0.984747
-0.00141462 0.00328482 -0.984767
-0.0016357 0.00328482 -0.984757
-0.00185677 0.00328482 -0.984747
-0.00141462 0.0035059 -0.984767
-0.0016357 0.0035059 -0.984757
-0.00185677 0.0035059 -0.984747
-0.00141462 0.00372697 -0.984767
-0.0016357 0.00372697 -0.984757
-0.00185677 0.00372697 -0.984748
-0.00141462 0.00394805 -0.984767
-0.0016357 0.00394805 -0.984758
-0.00185677 0.00394805 -0.984748
-0.00141462 0.00416913 -0.984768
-0.0016357 0.00416913 -0.984758
-0.00185677 0.00416913 -0.984748
-0.00141462 0.00439021 -0.984768
-0.0016357 0.00439021 -0.984758
-0.00185677 0.00439021 -0.984748
-0.00141462 0.00461128 -0.984768
-0.0016357 0.00461128 -0.984758
-0.00185677 0.00461128 -0.984748
-0.00141462 0.00483236 -0.984768
-0.0016357 0.00483236 -0.984758
-0.00185677 0.00483236 -0.984749
-0.00141462 0.00505344 -0.984768
-0.0016357 0.00505344 -0.984759
-0.00185677 0.00505344 -0.984749
-0.00141462 0.00527451 -0.984769
-0.0016357 0.00527451 -0.984759
-0.00185677 0.00527451 -0.984749
-0.00141462 0.00549559 -0.984769
-0.0016357 0.00549559 -0.984759
-0.00185677 0.00549559 -0.984749
-0.00141462 0.00571667 -0.984769
-0.0016357 0.00571667 -0.984759
-0.00185677 0.00571667 -0.984749
-0.00141462 0.00593775 -0.984769
-0.0016357 0.00593775 -0.984759
-0.00185677 0.00593775 -0.98475
-0.00141462 0.00615882 -0.984769
-0.0016357 0.00615882 -0.98476
-0.00185677 0.00615882 -0.98475
-0.00141462 0.0063799 -0.98477
-0.0016357 0.0063799 -0.98476
-0.00185677 0.0063799 -0.98475
-0.00141462 0.00660098 -0.98477
-0.0016357 0.00660098 -0.98476
-0.00185677 0.00660098 -0.98475
-0.00141462 0.00682205 -0.98477
-0.0016357 0.00682205 -0.98476
-0.00185677 0.00682205 -0.98475
-0.00141462 0.00704313 -0.98477
-0.0016357 0.00704313 -0.98476
-0.00185677 0.00704313 -0.984751
-0.00141462 0.00726421 -0.98477
-0.0016357 0.00726421 -0.984761
-0.00185677 0.00726421 -0.984751
-0.00141462 0.00748528 -0.984771
-0.0016357 0.00748528 -0.984761
-0.00185677 0.00748528 -0.984751
-0.00141462 0.00770636 -0.984771
-0.0016357 0.00770636 -0.984761
-0.00185677 0.00770636 -0.984751
-0.00141462 0.00792744 -0.984771
-0.0016357 0.00792744 -0.984761
-0.00185677 0.00792744 -0.984751
-0.00141462 0.00814852 -0.984771
-0.0016357 0.00814852 -0.984761
-0.00185677 0.00814852 -0.984752
-0.00141462 0.00836959 -0.984771
-0.0016357 0.00836959 -0.984762
-0.00185677 0.00836959 -0.984752
-0.00141462 0.00859067 -0.984772
-0.0016357 0.00859067 -0.984762
-0.00185677 0.00859067 -0.984752
-0.00141462 0.00881175 -0.984772
-0.0016357 0.00881175 -0.984762
-0.00185677 0.00881175 -0.984752
-0.00141462 0.00903282 -0.984772
-0.0016357 0.00903282 -0.984762
-0.00185677 0.00903282 -0.984752
-0.00141462 0.0092539 -0.984772
-0.0016357 0.0092539 -0.984762
-0.00185677 0.0092539 -0.984753
-0.00141462 0.00947498 -0.984772
-0.0016357 0.00947498 -0.984763
-0.00185677 0.00947498 -0.984753
-0.00141462 0.00969606 -0.984773
-0.0016357 0.00969606 -0.984763
-0.00185677 0.00969606 -0.984753
-0.00141462 0.00991713 -0.984773
-0.0016357 0.00991713 -0.984763
-0.00185677 0.00991713 -0.984753
-0.00141462 0.0101382 -0.984773
-0.0016357 0.0101382 -0.984763
-0.00185677 0.0101382 -0.984753
-0.00141462 0.0103593 -0.984773
-0.0016357 0.0103593 -0.984764
-0.00185677 0.0103593 -0.984754
-0.00141462 0.0105804 -0.984773
-0.0016357 0.0105804 -0.984764
-0.00185677 0.0105804 -0.984754
-0.00141462 0.0108014 -0.984774
-0.0016357 0.0108014 -0.984764
-0.00185677 0.0108014 -0.984754
-0.00141462 0.0110225 -0.984774
-0.0016357 0.0110225 -0.984764
-0.00185677 0.0110225 -0.984754
-0.00141462 0.0112436 -0.984774
-0.0016357 0.0112436 -0.984764
-0.00185677 0.0112436 -0.984755
-0.00141462 0.0114647 -0.984774
-0.0016357 0.0114647 -0.984765
-0.00185677 0.0114647 -0.984755
-0.00141462 0.0116857 -0.984775
-0.0016357 0.0116857 -0.984765
-0.00185677 0.0116857 -0.984755
-0.00141462 0.0119068 -0.984775
-0.0016357 0.0119068 -0.984765
-0.00185677 0.0119068 -0.984755
-0.00141462 0.0121279 -0.984775
-0.0016357 0.0121279 -0.984765
-0.00185677 0.0121279 -0.984755
-0.00141462 0.012349 -0.984775
-0.0016357 0.012349 -0.984765
-0.00185677 0.012349 -0.984756
-0.00141462 0.0125701 -0.984775
-0.0016357 0.0125701 -0.984766
-0.00185677 0.0125701 -0.984756
-0.00141462 0.0127911 -0.984776
-0.0016357 0.0127911 -0.984766
-0.00185677 0.0127911 -0.984756
-0.00141462 0.0130122 -0.984776
-0.0016357 0.0130122 -0.984766
-0.00185677 0.0130122 -0.984756
-0.00141462 0.0132333 -0.984776
-0.0016357 0.0132333 -0.984766
-0.00185677 0.0132333 -0.984756
-0.00141462 0.0134544 -0.984776
-0.0016357 0.0134544 -0.984766
-0.00185677 0.0134544 -0.984757
-0.00141462 0.0136754 -0.984776
-0.0016357 0.0136754 -0.984767
-0.00185677 0.0136754 -0.984757
-0.00141462 0.0138965 -0.984777
-0.0016357 0.0138965 -0.984767
-0.00185677 0.0138965 -0.984757
-0.00141462 0.0141176 -0.984777
-0.0016357 0.0141176 -0.984767
-0.00185677 0.0141176 -0.984757
-0.00141462 0.0143387 -0.984777
-0.0016357 0.0143387 -0.984767
-0.00185677 0.0143387 -0.984757
-0.00141462 0.0145597 -0.984777
-0.0016357 0.0145597 -0.984767
-0.00185677 0.0145597 -0.984758
-0.00141462 0.0147808 -0.984777
-0.0016357 0.0147808 -0.984768
-0.00185677 0.0147808 -0.984758
-0.00141462 0.0150019 -0.984778
-0.0016357 0.0150019 -0.984768
-0.00185677 0.0150019 -0.984758
-0.00141462 0.015223 -0.984778
-0.0016357 0.015223 -0.984768
-0.00185677 0.015223 -0.984758
-0.00141462 0.0154441 -0.984778
-0.0016357 0.0154441 -0.984768
-0.00185677 0.0154441 -0.984758
-0.00141462 0.0156651 -0.984778
-0.0016357 0.0156651 -0.984768
-0.00185677 0.0156651 -0.984759
-0.00141462 0.0158862 -0.984778
-0.0016357 0.0158862 -0.984769
-0.00185677 0.0158862 -0.984759
-0.00141462 0.0161073 -0.984779
-0.0016357 0.0161073 -0.984769
-0.00185677 0.0161073 -0.984759
-0.00141462 0.0163284 -0.984779
-0.0016357 0.0163284 -0.984769
-0.00185677 0.0163284 -0.984759
-0.00141462 0.0165494 -0.984779
-0.0016357 0.0165494 -0.984769
-0.00185677 0.0165494 -0.984759
-0.00141462 0.0167705 -0.984779
-0.0016357 0.0167705 -0.984769
-0.00185677 0.0167705 -0.98476
-0.00141462 0.0169916 -0.984779
-0.0016357 0.0169916 -0.98477
-0.00185677 0.0169916 -0.98476
-0.00141462 0.0172127 -0.98478
-0.0016357 0.0172127 -0.98477
-0.00185677 0.0172127 -0.98476
-0.00141462 0.0174338 -0.98478
-0.0016357 0.0174338 -0.98477
-0.00185677 0.0174338 -0.98476
-0.00141462 0.0176548 -0.98478
-0.0016357 0.0176548 -0.98477
-0.00185677 0.0176548 -0.98476
-0.00141462 0.0178759 -0.98478
-0.0016357 0.0178759 -0.98477
-0.00185677 0.0178759 -0.984761
-0.00141462 0.018097 -0.98478
-0.0016357 0.018097 -0.984771
-0.00185677 0.018097 -0.984761
-0.00141462 0.0183181 -0.984781
-0.0016357 0.0183181 -0.984771
-0.00185677 0.0183181 -0.984761
-0.00141462 0.0185391 -0.984781
-0.0016357 0.0185391 -0.984771
-0.00185677 0.0185391 -0.984761
-0.00141462 0.0187602 -0.984781
-0.0016357 0.0187602 -0.984771
-0.00185677 0.0187602 -0.984761
-0.00141462 0.0189813 -0.984781
-0.0016357 0.0189813 -0.984771
-0.00185677 0.0189813 -0.984762
-0.00141462 0.0192024 -0.984781
-0.0016357 0.0192024 -0.984772
-0.00185677 0.0192024 -0.984762
-0.00141462 0.0194234 -0.984782
-0.0016357 0.0194234 -0.984772
-0.00185677 0.0194234 -0.984762
-0.00141462 0.0196445 -0.984782
-0.0016357 0.0196445 -0.984772
-0.00185677 0.0196445 -0.984762
-0.00141462 0.0198656 -0.984782
-0.0016357 0.0198656 -0.984772
-0.00185677 0.0198656 -0.984762
-0.00141462 0.0200867 -0.984782
-0.0016357 0.0200867 -0.984773
-0.00185677 0.0200867 -0.984763
-0.00141462 0.0203078 -0.984782
-0.0016357 0.0203078 -0.984773
-0.00185677 0.0203078 -0.984763
-0.00141462 0.0205288 -0.984783
-0.0016357 0.0205288 -0.984773
-0.00185677 0.0205288 -0.984763
-0.00141462 0.0207499 -0.984783
-0.0016357 0.0207499 -0.984773
-0.00185677 0.0207499 -0.984763
-0.00141462 0.020971 -0.984783
-0.0016357 0.020971 -0.984773
-0.00185677 0.020971 -0.984764
-0.00141462 0.0211921 -0.984783
-0.0016357 0.0211921 -0.984774
-0.00185677 0.0211921 -0.984764
-0.00141462 0.0214131 -0.984784
-0.0016357 0.0214131 -0.984774
-0.00185677 0.0214131 -0.984764
