0.000788076 -0.106767 -0.992374
-0.000543942 -0.106767 -0.992379
-0.00187596 -0.106767 -0.992384
0.000788076 -0.105435 -0.992374
-0.000543942 -0.105435 -0.99238
-0.00187596 -0.105435 -0.992385
0.000788076 -0.104103 -0.992375
-0.000543942 -0.104103 -0.99238
-0.00187596 -0.104103 -0.992385
0.000788076 -0.102771 -0.992375
-0.000543942 -0.102771 -0.99238
-0.00187596 -0.102771 -0.992386
0.000788076 -0.101439 -0.992376
-0.000543942 -0.101439 -0.992381
-0.00187596 -0.101439 -0.992386
0.000788076 -0.100107 -0.992376
-0.000543942 -0.100107 -0.992381
-0.00187596 -0.100107 -0.992387
0.000788076 -0.0987753 -0.992377
-0.000543942 -0.0987753 -0.992382
-0.00187596 -0.0987753 -0.992387
0.000788076 -0.0974433 -0.992377
-0.000543942 -0.0974433 -0.992382
-0.00187596 -0.0974433 -0.992388
0.000788076 -0.0961113 -0.992378
-0.000543942 -0.0961113 -0.992383
-0.00187596 -0.0961113 -0.992388
0.000788076 -0.0947793 -0.992378
-0.000543942 -0.0947793 -0.992383
-0.00187596 -0.0947793 -0.992389
0.000788076 -0.0934473 -0.992378
-0.000543942 -0.0934473 -0.992384
-0.00187596 -0.0934473 -0.992389
0.000788076 -0.0921152 -0.992379
-0.000543942 -0.0921152 -0.992384
-0.00187596 -0.0921152 -0.99239
0.000788076 -0.0907832 -0.992379
-0.000543942 -0.0907832 -0.992385
-0.00187596 -0.0907832 -0.99239
0.000788076 -0.0894512 -0.99238
-0.000543942 -0.0894512 -0.992385
-0.00187596 -0.0894512 -0.99239
0.000788076 -0.0881192 -0.99238
-0.000543942 -0.0881192 -0.992386
-0.00187596 -0.0881192 -0.992391
0.000788076 -0.0867872 -0.992381
-0.000543942 -0.0867872 -0.992386
-0.00187596 -0.0867872 -0.992391
0.000788076 -0.0854551 -0.992381
-0.000543942 -0.0854551 -0.992387
-0.00187596 -0.0854551 -0.992392
0.000788076 -0.0841231 -0.992382
-0.000543942 -0.0841231 -0.992387
-0.00187596 -0.0841231 -0.992392
0.000788076 -0.0827911 -0.992382
-0.000543942 -0.0827911 -0.992387
-0.00187596 -0.0827911 -0.992393
0.000788076 -0.0814591 -0.992383
-0.000543942 -0.0814591 -0.992388
-0.00187596 -0.0814591 -0.992393
0.000788076 -0.0801271 -0.992383
-0.000543942 -0.0801271 -0.992388
-0.00187596 -0.0801271 -0.992394
0.000788076 -0.0787951 -0.992384
-0.000543942 -0.0787951 -0.992389
-0.00187596 -0.0787951 -0.992394
0.000788076 -0.077463 -0.992384
-0.000543942 -0.077463 -0.992389
-0.00187596 -0.077463 -0.992395
0.000788076 -0.076131 -0.992384
-0.000543942 -0.076131 -0.99239
-0.00187596 -0.076131 -0.992395
0.000788076 -0.074799 -0.992385
-0.000543942 -0.074799 -0.99239
-0.00187596 -0.074799 -0.992396
0.000788076 -0.073467 -0.992385
-0.000543942 -0.073467 -0.992391
-0.00187596 -0.073467 -0.992396
0.000788076 -0.072135 -0.992386
-0.000543942 -0.072135 -0.992391
-0.00187596 -0.072135 -0.992397
0.000788076 -0.0708029 -0.992386
-0.000543942 -0.0708029 -0.992392
-0.00187596 -0.0708029 -0.992397
0.000788076 -0.0694709 -0.992387
-0.000543942 -0.0694709 -0.992392
-0.00187596 -0.0694709 -0.992397
0.000788076 -0.0681389 -0.992387
-0.000543942 -0.0681389 -0.992393
-0.00187596 -0.0681389 -0.992398
0.000788076 -0.0668069 -0.992388
-0.000543942 -0.0668069 -0.992393
-0.00187596 -0.0668069 -0.992398
0.000788076 -0.0654749 -0.992388
-0.000543942 -0.0654749 -0.992393
-0.00187596 -0.0654749 -0.992399
0.000788076 -0.0641429 -0.992389
-0.000543942 -0.0641429 -0.992394
-0.00187596 -0.0641429 -0.992399
0.000788076 -0.0628108 -0.992389
-0.000543942 -0.0628108 -0.992394
-0.00187596 -0.0628108 -0.9924
0.000788076 -0.0614788 -0.99239
-0.000543942 -0.0614788 -0.992395
-0.00187596 -0.0614788 -0.9924
0.000788076 -0.0601468 -0.99239
-0.000543942 -0.0601468 -0.992395
-0.00187596 -0.0601468 -0.992401
0.000788076 -0.0588148 -0.992391
-0.000543942 -0.0588148 -0.992396
-0.00187596 -0.0588148 -0.992401
0.000788076 -0.0574828 -0.992391
-0.000543942 -0.0574828 -0.992396
-0.00187596 -0.0574828 -0.992402
0.000788076 -0.0561508 -0.992391
-0.000543942 -0.0561508 -0.992397
-0.00187596 -0.0561508 -0.992402
0.000788076 -0.0548187 -0.992392
-0.000543942 -0.0548187 -0.992397
-0.00187596 -0.0548187 -0.992403
0.000788076 -0.0534867 -0.992392
-0.000543942 -0.0534867 -0.992398
-0.00187596 -0.0534867 -0.992403
0.000788076 -0.0521547 -0.992393
-0.000543942 -0.0521547 -0.992398
-0.00187596 -0.0521547 -0.992404
0.000788076 -0.0508227 -0.992393
-0.000543942 -0.0508227 -0.992399
-0.00187596 -0.0508227 -0.992404
0.000788076 -0.0494907 -0.992394
-0.000543942 -0.0494907 -0.992399
-0.00187596 -0.0494907 -0.992404
0.000788076 -0.0481587 -0.992394
-0.000543942 -0.0481587 -0.9924
-0.00187596 -0.0481587 -0.992405
0.000788076 -0.0468266 -0.992395
-0.000543942 -0.0468266 -0.9924
-0.00187596 -0.0468266 -0.992405
0.000788076 -0.0454946 -0.992395
-0.000543942 -0.0454946 -0.992401
-0.00187596 -0.0454946 -0.992406
0.000788076 -0.0441626 -0.992396
-0.000543942 -0.0441626 -0.992401
-0.00187596 -0.0441626 -0.992406
0.000788076 -0.0428306 -0.992396
-0.000543942 -0.0428306 -0.992401
-0.00187596 -0.0428306 -0.992407
0.000788076 -0.0414986 -0.992397
-0.000543942 -0.0414986 -0.992402
-0.00187596 -0.0414986 -0.992407
0.000788076 -0.0401665 -0.992397
-0.000543942 -0.0401665 -0.992402
-0.00187596 -0.0401665 -0.992408
0.000788076 -0.0388345 -0.992398
-0.000543942 -0.0388345 -0.992403
-0.00187596 -0.0388345 -0.992408
0.000788076 -0.0375025 -0.992398
-0.000543942 -0.0375025 -0.992403
-0.00187596 -0.0375025 -0.992409
0.000788076 -0.0361705 -0.992398
-0.000543942 -0.0361705 -0.992404
-0.00187596 -0.0361705 -0.992409
0.000788076 -0.0348385 -0.992399
-0.000543942 -0.0348385 -0.992404
-0.00187596 -0.0348385 -0.99241
0.000788076 -0.0335065 -0.992399
-0.000543942 -0.0335065 -0.992405
-0.00187596 -0.0335065 -0.99241
0.000788076 -0.0321744 -0.9924
-0.000543942 -0.0321744 -0.992405
-0.00187596 -0.0321744 -0.99241
0.000788076 -0.0308424 -0.9924
-0.000543942 -0.0308424 -0.992406
-0.00187596 -0.0308424 -0.992411
0.000788076 -0.0295104 -0.992401
-0.000543942 -0.0295104 -0.992406
-0.00187596 -0.0295104 -0.992411
0.000788076 -0.0281784 -0.992401
-0.000543942 -0.0281784 -0.992407
-0.00187596 -0.0281784 -0.992412
0.000788076 -0.0268464 -0.992402
-0.000543942 -0.0268464 -0.992407
-0.00187596 -0.0268464 -0.992412
0.000788076 -0.0255144 -0.992402
-0.000543942 -0.0255144 -0.992408
-0.00187596 -0.0255144 -0.992413
0.000788076 -0.0241823 -0.992403
-0.000543942 -0.0241823 -0.992408
-0.00187596 -0.0241823 -0.992413
0.000788076 -0.0228503 -0.992403
-0.000543942 -0.0228503 -0.992408
-0.00187596 -0.0228503 -0.992414
0.000788076 -0.0215183 -0.992404
-0.000543942 -0.0215183 -0.992409
-0.00187596 -0.0215183 -0.992414
0.000788076 -0.0201863 -0.992404
-0.000543942 -0.0201863 -0.992409
-0.00187596 -0.0201863 -0.992415
0.000788076 -0.0188543 -0.992405
-0.000543942 -0.0188543 -0.99241
-0.00187596 -0.0188543 -0.992415
0.000788076 -0.0175222 -0.992405
-0.000543942 -0.0175222 -0.99241
-0.00187596 -0.0175222 -0.992416
0.000788076 -0.0161902 -0.992405
-0.000543942 -0.0161902 -0.992411
-0.00187596 -0.0161902 -0.992416
0.000788076 -0.0148582 -0.992406
-0.000543942 -0.0148582 -0.992411
-0.00187596 -0.0148582 -0.992417
0.000788076 -0.0135262 -0.992406
-0.000543942 -0.0135262 -0.992412
-0.00187596 -0.0135262 -0.992417
0.000788076 -0.0121942 -0.992407
-0.000543942 -0.0121942 -0.992412
-0.00187596 -0.0121942 -0.992417
0.000788076 -0.0108622 -0.992407
-0.000543942 -0.0108622 -0.992413
-0.00187596 -0.0108622 -0.992418
0.000788076 -0.00953014 -0.992408
-0.000543942 -0.00953014 -0.992413
-0.00187596 -0.00953014 -0.992418
0.000788076 -0.00819812 -0.992408
-0.000543942 -0.00819812 -0.992414
-0.00187596 -0.00819812 -0.992419
0.000788076 -0.0068661 -0.992409
-0.000543942 -0.0068661 -0.992414
-0.00187596 -0.0068661 -0.992419
0.000788076 -0.00553409 -0.992409
-0.000543942 -0.00553409 -0.992414
-0.00187596 -0.00553409 -0.99242
0.000788076 -0.00420207 -0.99241
-0.000543942 -0.00420207 -0.992415
-0.00187596 -0.00420207 -0.99242
0.000788076 -0.00287005 -0.99241
-0.000543942 -0.00287005 -0.992415
-0.00187596 -0.00287005 -0.992421
0.000788076 -0.00153803 -0.992411
-0.000543942 -0.00153803 -0.992416
-0.00187596 -0.00153803 -0.992421
0.000788076 -0.000206015 -0.992411
-0.000543942 -0.000206015 -0.992416
-0.00187596 -0.000206015 -0.992422
0.000788076 0.001126 -0.992411
-0.000543942 0.001126 -0.992417
-0.00187596 0.001126 -0.992422
0.000788076 0.00245802 -0.992412
-0.000543942 0.00245802 -0.992417
-0.00187596 0.00245802 -0.992423
0.000788076 0.00379004 -0.992412
-0.000543942 0.00379004 -0.992418
-0.00187596 0.00379004 -0.992423
0.000788076 0.00512206 -0.992413
-0.000543942 0.00512206 -0.992418
-0.00187596 0.00512206 -0.992423
0.000788076 0.00645407 -0.992413
-0.000543942 0.00645407 -0.992419
-0.00187596 0.00645407 -0.992424
0.000788076 0.00778609 -0.992414
-0.000543942 0.00778609 -0.992419
-0.00187596 0.00778609 -0.992424
0.000788076 0.00911811 -0.992414
-0.000543942 0.00911811 -0.99242
-0.00187596 0.00911811 -0.992425
0.000788076 0.0104501 -0.992415
-0.000543942 0.0104501 -0.99242
-0.00187596 0.0104501 -0.992425
0.000788076 0.0117821 -0.992415
-0.000543942 0.0117821 -0.99242
-0.00187596 0.0117821 -0.992426
0.000788076 0.0131142 -0.992416
-0.000543942 0.0131142 -0.992421
-0.00187596 0.0131142 -0.992426
0.000788076 0.0144462 -0.992416
-0.000543942 0.0144462 -0.992421
-0.00187596 0.0144462 -0.992427
0.000788076 0.0157782 -0.992417
-0.000543942 0.0157782 -0.992422
-0.00187596 0.0157782 -0.992427
0.000788076 0.0171102 -0.992417
-0.000543942 0.0171102 -0.992422
-0.00187596 0.0171102 -0.992428
0.000788076 0.0184422 -0.992418
-0.000543942 0.0184422 -0.992423
-0.00187596 0.0184422 -0.992428
0.000788076 0.0197742 -0.992418
-0.000543942 0.0197742 -0.992423
-0.00187596 0.0197742 -0.992429
0.000788076 0.0211063 -0.992418
-0.000543942 0.0211063 -0.992424
-0.00187596 0.0211063 -0.992429
0.000788076 0.0224383 -0.992419
-0.000543942 0.0224383 -0.992424
-0.00187596 0.0224383 -0.99243
0.000788076 0.0237703 -0.992419
-0.000543942 0.0237703 -0.992425
-0.00187596 0.0237703 -0.99243
0.000788076 0.0251023 -0.99242
-0.000543942 0.0251023 -0.992425
-0.00187596 0.0251023 -0.99243
0.000788076 0.0264343 -0.99242
-0.000543942 0.0264343 -0.992426
-0.00187596 0.0264343 -0.992431
0.000788076 0.0277664 -0.992421
-0.000543942 0.0277664 -0.992426
-0.00187596 0.0277664 -0.992431
0.000788076 0.0290984 -0.992421
-0.000543942 0.0290984 -0.992427
-0.00187596 0.0290984 -0.992432
0.000788076 0.0304304 -0.992422
-0.000543942 0.0304304 -0.992427
-0.00187596 0.0304304 -0.992432
0.000788076 0.0317624 -0.992422
-0.000543942 0.0317624 -0.992427
-0.00187596 0.0317624 -0.992433
0.000788076 0.0330944 -0.992423
-0.000543942 0.0330944 -0.992428
-0.00187596 0.0330944 -0.992433
0.000788076 0.0344264 -0.992423
-0.000543942 0.0344264 -0.992428
-0.00187596 0.0344264 -0.992434
0.000788076 0.0357585 -0.992424
-0.000543942 0.0357585 -0.992429
-0.00187596 0.0357585 -0.992434
0.000788076 0.0370905 -0.992424
-0.000543942 0.0370905 -0.992429
-0.00187596 0.0370905 -0.992435
0.000788076 0.0384225 -0.992424
-0.000543942 0.0384225 -0.99243
-0.00187596 0.0384225 -0.992435
0.000788076 0.0397545 -0.992425
-0.000543942 0.0397545 -0.99243
-0.00187596 0.0397545 -0.992436
