-0.00327493 -0.0279059 -0.98509
-0.00385553 -0.0279059 -0.985095
-0.00443614 -0.0279059 -0.985101
-0.00327493 -0.0273253 -0.98509
-0.00385553 -0.0273253 -0.985096
-0.00443614 -0.0273253 -0.985101
-0.00327493 -0.0267447 -0.985091
-0.00385553 -0.0267447 -0.985096
-0.00443614 -0.0267447 -0.985102
-0.00327493 -0.0261641 -0.985091
-0.00385553 -0.0261641 -0.985096
-0.00443614 -0.0261641 -0.985102
-0.00327493 -0.0255835 -0.985091
-0.00385553 -0.0255835 -0.985097
-0.00443614 -0.0255835 -0.985102
-0.00327493 -0.0250029 -0.985092
-0.00385553 -0.0250029 -0.985097
-0.00443614 -0.0250029 -0.985103
-0.00327493 -0.0244223 -0.985092
-0.00385553 -0.0244223 -0.985098
-0.00443614 -0.0244223 -0.985103
-0.00327493 -0.0238417 -0.985092
-0.00385553 -0.0238417 -0.985098
-0.00443614 -0.0238417 -0.985103
-0.00327493 -0.0232611 -0.985093
-0.00385553 -0.0232611 -0.985098
-0.00443614 -0.0232611 -0.985104
-0.00327493 -0.0226805 -0.985093
-0.00385553 -0.0226805 -0.985099
-0.00443614 -0.0226805 -0.985104
-0.00327493 -0.0220999 -0.985094
-0.00385553 -0.0220999 -0.985099
-0.00443614 -0.0220999 -0.985105
-0.00327493 -0.0215193 -0.985094
-0.00385553 -0.0215193 -0.985099
-0.00443614 -0.0215193 -0.985105
-0.00327493 -0.0209387 -0.985094
-0.00385553 -0.0209387 -0.9851
-0.00443614 -0.0209387 -0.985105
-0.00327493 -0.020358 -0.985095
-0.00385553 -0.020358 -0.9851
-0.00443614 -0.020358 -0.985106
-0.00327493 -0.0197774 -0.985095
-0.00385553 -0.0197774 -0.985101
-0.00443614 -0.0197774 -0.985106
-0.00327493 -0.0191968 -0.985096
-0.00385553 -0.0191968 -0.985101
-0.00443614 -0.0191968 -0.985107
-0.00327493 -0.0186162 -0.985096
-0.00385553 -0.0186162 -0.985101
-0.00443614 -0.0186162 -0.985107
-0.00327493 -0.0180356 -0.985096
-0.00385553 -0.0180356 -0.985102
-0.00443614 -0.0180356 -0.985107
-0.00327493 -0.017455 -0.985097
-0.00385553 -0.017455 -0.985102
-0.00443614 -0.017455 -0.985108
-0.00327493 -0.0168744 -0.985097
-0.00385553 -0.0168744 -0.985103
-0.00443614 -0.0168744 -0.985108
-0.00327493 -0.0162938 -0.985097
-0.00385553 -0.0162938 -0.985103
-0.00443614 -0.0162938 -0.985108
-0.00327493 -0.0157132 -0.985098
-0.00385553 -0.0157132 -0.985103
-0.00443614 -0.0157132 -0.985109
-0.00327493 -0.0151326 -0.985098
-0.00385553 -0.0151326 -0.985104
-0.00443614 -0.0151326 -0.985109
-0.00327493 -0.014552 -0.985099
-0.00385553 -0.014552 -0.985104
-0.00443614 -0.014552 -0.98511
-0.00327493 -0.0139714 -0.985099
-0.00385553 -0.0139714 -0.985104
-0.00443614 -0.0139714 -0.98511
-0.00327493 -0.0133908 -0.985099
-0.00385553 -0.0133908 -0.985105
-0.00443614 -0.0133908 -0.98511
-0.00327493 -0.0128102 -0.9851
-0.00385553 -0.0128102 -0.985105
-0.00443614 -0.0128102 -0.985111
-0.00327493 -0.0122296 -0.9851
-0.00385553 -0.0122296 -0.985106
-0.00443614 -0.0122296 -0.985111
-0.00327493 -0.011649 -0.9851
-0.00385553 -0.011649 -0.985106
-0.00443614 -0.011649 -0.985111
-0.00327493 -0.0110684 -0.985101
-0.00385553 -0.0110684 -0.985106
-0.00443614 -0.0110684 -0.985112
-0.00327493 -0.0104878 -0.985101
-0.00385553 -0.0104878 -0.985107
-0.00443614 -0.0104878 -0.985112
-0.00327493 -0.00990719 -0.985102
-0.00385553 -0.00990719 -0.985107
-0.00443614 -0.00990719 -0.985113
-0.00327493 -0.00932659 -0.985102
-0.00385553 -0.00932659 -0.985107
-0.00443614 -0.00932659 -0.985113
-0.00327493 -0.00874598 -0.985102
-0.00385553 -0.00874598 -0.985108
-0.00443614 -0.00874598 -0.985113
-0.00327493 -0.00816538 -0.985103
-0.00385553 -0.00816538 -0.985108
-0.00443614 -0.00816538 -0.985114
-0.00327493 -0.00758478 -0.985103
-0.00385553 -0.00758478 -0.985109
-0.00443614 -0.00758478 -0.985114
-0.00327493 -0.00700417 -0.985103
-0.00385553 -0.00700417 -0.985109
-0.00443614 -0.00700417 -0.985115
-0.00327493 -0.00642357 -0.985104
-0.00385553 -0.00642357 -0.985109
-0.00443614 -0.00642357 -0.985115
-0.00327493 -0.00584297 -0.985104
-0.00385553 -0.00584297 -0.98511
-0.00443614 -0.00584297 -0.985115
-0.00327493 -0.00526236 -0.985105
-0.00385553 -0.00526236 -0.98511
-0.00443614 -0.00526236 -0.985116
-0.00327493 -0.00468176 -0.985105
-0.00385553 -0.00468176 -0.985111
-0.00443614 -0.00468176 -0.985116
-0.00327493 -0.00410116 -0.985105
-0.00385553 -0.00410116 -0.985111
-0.00443614 -0.00410116 -0.985116
-0.00327493 -0.00352055 -0.985106
-0.00385553 -0.00352055 -0.985111
-0.00443614 -0.00352055 -0.985117
-0.00327493 -0.00293995 -0.985106
-0.00385553 -0.00293995 -0.985112
-0.00443614 -0.00293995 -0.985117
-0.00327493 -0.00235935 -0.985106
-0.00385553 -0.00235935 -0.985112
-0.00443614 -0.00235935 -0.985118
-0.00327493 -0.00177874 -0.985107
-0.00385553 -0.00177874 -0.985112
-0.00443614 -0.00177874 -0.985118
-0.00327493 -0.00119814 -0.985107
-0.00385553 -0.00119814 -0.985113
-0.00443614 -0.00119814 -0.985118
-0.00327493 -0.000617537 -0.985108
-0.00385553 -0.000617537 -0.985113
-0.00443614 -0.000617537 -0.985119
-0.00327493 -3.69335e-05 -0.985108
-0.00385553 -3.69335e-05 -0.985114
-0.00443614 -3.69335e-05 -0.985119
-0.00327493 0.00054367 -0.985108
-0.00385553 0.00054367 -0.985114
-0.00443614 0.00054367 -0.985119
-0.00327493 0.00112427 -0.985109
-0.00385553 0.00112427 -0.985114
-0.00443614 0.00112427 -0.98512
-0.00327493 0.00170488 -0.985109
-0.00385553 0.00170488 -0.985115
-0.00443614 0.00170488 -0.98512
-0.00327493 0.00228548 -0.98511
-0.00385553 0.00228548 -0.985115
-0.00443614 0.00228548 -0.985121
-0.00327493 0.00286608 -0.98511
-0.00385553 0.00286608 -0.985115
-0.00443614 0.00286608 -0.985121
-0.00327493 0.00344669 -0.98511
-0.00385553 0.00344669 -0.985116
-0.00443614 0.00344669 -0.985121
-0.00327493 0.00402729 -0.985111
-0.00385553 0.00402729 -0.985116
-0.00443614 0.00402729 -0.985122
-0.00327493 0.00460789 -0.985111
-0.00385553 0.00460789 -0.985117
-0.00443614 0.00460789 -0.985122
-0.00327493 0.0051885 -0.985111
-0.00385553 0.0051885 -0.985117
-0.00443614 0.0051885 -0.985123
-0.00327493 0.0057691 -0.985112
-0.00385553 0.0057691 -0.985117
-0.00443614 0.0057691 -0.985123
-0.00327493 0.0063497 -0.985112
-0.00385553 0.0063497 -0.985118
-0.00443614 0.0063497 -0.985123
-0.00327493 0.00693031 -0.985113
-0.00385553 0.00693031 -0.985118
-0.00443614 0.00693031 -0.985124
-0.00327493 0.00751091 -0.985113
-0.00385553 0.00751091 -0.985119
-0.00443614 0.00751091 -0.985124
-0.00327493 0.00809151 -0.985113
-0.00385553 0.00809151 -0.985119
-0.00443614 0.00809151 -0.985124
-0.00327493 0.00867212 -0.985114
-0.00385553 0.00867212 -0.985119
-0.00443614 0.00867212 -0.985125
-0.00327493 0.00925272 -0.985114
-0.00385553 0.00925272 -0.98512
-0.00443614 0.00925272 -0.985125
-0.00327493 0.00983332 -0.985114
-0.00385553 0.00983332 -0.98512
-0.00443614 0.00983332 -0.985126
-0.00327493 0.0104139 -0.985115
-0.00385553 0.0104139 -0.98512
-0.00443614 0.0104139 -0.985126
-0.00327493 0.0109945 -0.985115
-0.00385553 0.0109945 -0.985121
-0.00443614 0.0109945 -0.985126
-0.00327493 0.0115751 -0.985116
-0.00385553 0.0115751 -0.985121
-0.00443614 0.0115751 -0.985127
-0.00327493 0.0121557 -0.985116
-0.00385553 0.0121557 -0.985122
-0.00443614 0.0121557 -0.985127
-0.00327493 0.0127363 -0.985116
-0.00385553 0.0127363 -0.985122
-0.00443614 0.0127363 -0.985127
-0.00327493 0.0133169 -0.985117
-0.00385553 0.0133169 -0.985122
-0.00443614 0.0133169 -0.985128
-0.00327493 0.0138975 -0.985117
-0.00385553 0.0138975 -0.985123
-0.00443614 0.0138975 -0.985128
-0.00327493 0.0144781 -0.985117
-0.00385553 0.0144781 -0.985123
-0.00443614 0.0144781 -0.985129
-0.00327493 0.0150588 -0.985118
-0.00385553 0.0150588 -0.985123
-0.00443614 0.0150588 -0.985129
-0.00327493 0.0156394 -0.985118
-0.00385553 0.0156394 -0.985124
-0.00443614 0.0156394 -0.985129
-0.00327493 0.01622 -0.985119
-0.00385553 0.01622 -0.985124
-0.00443614 0.01622 -0.98513
-0.00327493 0.0168006 -0.985119
-0.00385553 0.0168006 -0.985125
-0.00443614 0.0168006 -0.98513
-0.00327493 0.0173812 -0.985119
-0.00385553 0.0173812 -0.985125
-0.00443614 0.0173812 -0.98513
-0.00327493 0.0179618 -0.98512
-0.00385553 0.0179618 -0.985125
-0.00443614 0.0179618 -0.985131
-0.00327493 0.0185424 -0.98512
-0.00385553 0.0185424 -0.985126
-0.00443614 0.0185424 -0.985131
-0.00327493 0.019123 -0.985121
-0.00385553 0.019123 -0.985126
-0.00443614 0.019123 -0.985132
-0.00327493 0.0197036 -0.985121
-0.00385553 0.0197036 -0.985126
-0.00443614 0.0197036 -0.985132
-0.00327493 0.0202842 -0.985121
-0.00385553 0.0202842 -0.985127
-0.00443614 0.0202842 -0.985132
-0.00327493 0.0208648 -0.985122
-0.00385553 0.0208648 -0.985127
-0.00443614 0.0208648 -0.985133
-0.00327493 0.0214454 -0.985122
-0.00385553 0.0214454 -0.985128
-0.00443614 0.0214454 -0.985133
-0.00327493 0.022026 -0.985122
-0.00385553 0.022026 -0.985128
-0.00443614 0.022026 -0.985134
-0.00327493 0.0226066 -0.985123
-0.00385553 0.0226066 -0.985128
-0.00443614 0.0226066 -0.985134
-0.00327493 0.0231872 -0.985123
-0.00385553 0.0231872 -0.985129
-0.00443614 0.0231872 -0.985134
-0.00327493 0.0237678 -0.985124
-0.00385553 0.0237678 -0.985129
-0.00443614 0.0237678 -0.985135
-0.00327493 0.0243484 -0.985124
-0.00385553 0.0243484 -0.985129
-0.00443614 0.0243484 -0.985135
-0.00327493 0.024929 -0.985124
-0.00385553 0.024929 -0.98513
-0.00443614 0.024929 -0.985135
-0.00327493 0.0255096 -0.985125
-0.00385553 0.0255096 -0.98513
-0.00443614 0.0255096 -0.985136
-0.00327493 0.0260902 -0.985125
-0.00385553 0.0260902 -0.985131
-0.00443614 0.0260902 -0.985136
-0.00327493 0.0266708 -0.985125
-0.00385553 0.0266708 -0.985131
-0.00443614 0.0266708 -0.985137
-0.00327493 0.0272514 -0.985126
-0.00385553 0.0272514 -0.985131
-0.00443614 0.0272514 -0.985137
-0.00327493 0.027832 -0.985126
-0.00385553 0.027832 -0.985132
-0.00443614 0.027832 -0.985137
-0.00327493 0.0284126 -0.985127
-0.00385553 0.0284126 -0.985132
-0.00443614 0.0284126 -0.985138
-0.00327493 0.0289932 -0.985127
-0.00385553 0.0289932 -0.985133
-0.00443614 0.0289932 -0.985138
-0.00327493 0.0295738 -0.985127
-0.00385553 0.0295738 -0.985133
-0.00443614 0.0295738 -0.985138
-0.00327493 0.0301544 -0.985128
-0.00385553 0.0301544 -0.985133
-0.00443614 0.0301544 -0.985139
-0.00327493 0.030735 -0.985128
-0.00385553 0.030735 -0.985134
-0.00443614 0.030735 -0.985139
-0.00327493 0.0313156 -0.985129
-0.00385553 0.0313156 -0.985134
-0.00443614 0.0313156 -0.98514
-0.00327493 0.0318962 -0.985129
-0.00385553 0.0318962 -0.985134
-0.00443614 0.0318962 -0.98514
-0.00327493 0.0324768 -0.985129
-0.00385553 0.0324768 -0.985135
-0.00443614 0.0324768 -0.98514
-0.00327493 0.0330575 -0.98513
-0.00385553 0.0330575 -0.985135
-0.00443614 0.0330575 -0.985141
-0.00327493 0.0336381 -0.98513
-0.00385553 0.0336381 -0.985136
-0.00443614 0.0336381 -0.985141
-0.00327493 0.0342187 -0.98513
-0.00385553 0.0342187 -0.985136
-0.00443614 0.0342187 -0.985141
-0.00327493 0.0347993 -0.985131
-0.00385553 0.0347993 -0.985136
-0.00443614 0.0347993 -0.985142
-0.00327493 0.0353799 -0.985131
-0.00385553 0.0353799 -0.985137
-0.00443614 0.0353799 -0.985142
-0.00327493 0.0359605 -0.985132
-0.00385553 0.0359605 -0.985137
-0.00443614 0.0359605 -0.985143
