0.00315544 0.0456029 -0.995114
0.00376153 0.0456029 -0.995114
0.00436762 0.0456029 -0.995114
0.00315544 0.0449968 -0.995115
0.00376153 0.0449968 -0.995115
0.00436762 0.0449968 -0.995115
0.00315544 0.0443907 -0.995116
0.00376153 0.0443907 -0.995116
0.00436762 0.0443907 -0.995116
0.00315544 0.0437846 -0.995116
0.00376153 0.0437846 -0.995117
0.00436762 0.0437846 -0.995117
0.00315544 0.0431785 -0.995117
0.00376153 0.0431785 -0.995118
0.00436762 0.0431785 -0.995118
0.00315544 0.0425724 -0.995118
0.00376153 0.0425724 -0.995119
0.00436762 0.0425724 -0.995119
0.00315544 0.0419663 -0.995119
0.00376153 0.0419663 -0.99512
0.00436762 0.0419663 -0.99512
0.00315544 0.0413602 -0.99512
0.00376153 0.0413602 -0.99512
0.00436762 0.0413602 -0.995121
0.00315544 0.0407542 -0.995121
0.00376153 0.0407542 -0.995121
0.00436762 0.0407542 -0.995122
0.00315544 0.0401481 -0.995122
0.00376153 0.0401481 -0.995122
0.00436762 0.0401481 -0.995123
0.00315544 0.039542 -0.995123
0.00376153 0.039542 -0.995123
0.00436762 0.039542 -0.995124
0.00315544 0.0389359 -0.995124
0.00376153 0.0389359 -0.995124
0.00436762 0.0389359 -0.995125
0.00315544 0.0383298 -0.995125
0.00376153 0.0383298 -0.995125
0.00436762 0.0383298 -0.995125
0.00315544 0.0377237 -0.995126
0.00376153 0.0377237 -0.995126
0.00436762 0.0377237 -0.995126
0.00315544 0.0371176 -0.995127
0.00376153 0.0371176 -0.995127
0.00436762 0.0371176 -0.995127
0.00315544 0.0365115 -0.995128
0.00376153 0.0365115 -0.995128
0.00436762 0.0365115 -0.995128
0.00315544 0.0359054 -0.995129
0.00376153 0.0359054 -0.995129
0.00436762 0.0359054 -0.995129
0.00315544 0.0352993 -0.995129
0.00376153 0.0352993 -0.99513
0.00436762 0.0352993 -0.99513
0.00315544 0.0346932 -0.99513
0.00376153 0.0346932 -0.995131
0.00436762 0.0346932 -0.995131
0.00315544 0.0340872 -0.995131
0.00376153 0.0340872 -0.995132
0.00436762 0.0340872 -0.995132
0.00315544 0.0334811 -0.995132
0.00376153 0.0334811 -0.995133
0.00436762 0.0334811 -0.995133
0.00315544 0.032875 -0.995133
0.00376153 0.032875 -0.995133
0.00436762 0.032875 -0.995134
0.00315544 0.0322689 -0.995134
0.00376153 0.0322689 -0.995134
0.00436762 0.0322689 -0.995135
0.00315544 0.0316628 -0.995135
0.00376153 0.0316628 -0.995135
0.00436762 0.0316628 -0.995136
0.00315544 0.0310567 -0.995136
0.00376153 0.0310567 -0.995136
0.00436762 0.0310567 -0.995136
0.00315544 0.0304506 -0.995137
0.00376153 0.0304506 -0.995137
0.00436762 0.0304506 -0.995137
0.00315544 0.0298445 -0.995138
0.00376153 0.0298445 -0.995138
0.00436762 0.0298445 -0.995138
0.00315544 0.0292384 -0.995139
0.00376153 0.0292384 -0.995139
0.00436762 0.0292384 -0.995139
0.00315544 0.0286323 -0.99514
0.00376153 0.0286323 -0.99514
0.00436762 0.0286323 -0.99514
0.00315544 0.0280262 -0.99514
0.00376153 0.0280262 -0.995141
0.00436762 0.0280262 -0.995141
0.00315544 0.0274202 -0.995141
0.00376153 0.0274202 -0.995142
0.00436762 0.0274202 -0.995142
0.00315544 0.0268141 -0.995142
0.00376153 0.0268141 -0.995143
0.00436762 0.0268141 -0.995143
0.00315544 0.026208 -0.995143
0.00376153 0.026208 -0.995144
0.00436762 0.026208 -0.995144
0.00315544 0.0256019 -0.995144
0.00376153 0.0256019 -0.995145
0.00436762 0.0256019 -0.995145
0.00315544 0.0249958 -0.995145
0.00376153 0.0249958 -0.995145
0.00436762 0.0249958 -0.995146
0.00315544 0.0243897 -0.995146
0.00376153 0.0243897 -0.995146
0.00436762 0.0243897 -0.995147
0.00315544 0.0237836 -0.995147
0.00376153 0.0237836 -0.995147
0.00436762 0.0237836 -0.995148
0.00315544 0.0231775 -0.995148
0.00376153 0.0231775 -0.995148
0.00436762 0.0231775 -0.995149
0.00315544 0.0225714 -0.995149
0.00376153 0.0225714 -0.995149
0.00436762 0.0225714 -0.995149
0.00315544 0.0219653 -0.99515
0.00376153 0.0219653 -0.99515
0.00436762 0.0219653 -0.99515
0.00315544 0.0213592 -0.995151
0.00376153 0.0213592 -0.995151
0.00436762 0.0213592 -0.995151
0.00315544 0.0207532 -0.995152
0.00376153 0.0207532 -0.995152
0.00436762 0.0207532 -0.995152
0.00315544 0.0201471 -0.995153
0.00376153 0.0201471 -0.995153
0.00436762 0.0201471 -0.995153
0.00315544 0.019541 -0.995153
0.00376153 0.019541 -0.995154
0.00436762 0.019541 -0.995154
0.00315544 0.0189349 -0.995154
0.00376153 0.0189349 -0.995155
0.00436762 0.0189349 -0.995155
0.00315544 0.0183288 -0.995155
0.00376153 0.0183288 -0.995156
0.00436762 0.0183288 -0.995156
0.00315544 0.0177227 -0.995156
0.00376153 0.0177227 -0.995157
0.00436762 0.0177227 -0.995157
0.00315544 0.0171166 -0.995157
0.00376153 0.0171166 -0.995157
0.00436762 0.0171166 -0.995158
0.00315544 0.0165105 -0.995158
0.00376153 0.0165105 -0.995158
0.00436762 0.0165105 -0.995159
0.00315544 0.0159044 -0.995159
0.00376153 0.0159044 -0.995159
0.00436762 0.0159044 -0.99516
0.00315544 0.0152983 -0.99516
0.00376153 0.0152983 -0.99516
0.00436762 0.0152983 -0.995161
0.00315544 0.0146922 -0.995161
0.00376153 0.0146922 -0.995161
0.00436762 0.0146922 -0.995162
0.00315544 0.0140862 -0.995162
0.00376153 0.0140862 -0.995162
0.00436762 0.0140862 -0.995162
0.00315544 0.0134801 -0.995163
0.00376153 0.0134801 -0.995163
0.00436762 0.0134801 -0.995163
0.00315544 0.012874 -0.995164
0.00376153 0.012874 -0.995164
0.00436762 0.012874 -0.995164
0.00315544 0.0122679 -0.995165
0.00376153 0.0122679 -0.995165
0.00436762 0.0122679 -0.995165
0.00315544 0.0116618 -0.995166
0.00376153 0.0116618 -0.995166
0.00436762 0.0116618 -0.995166
0.00315544 0.0110557 -0.995166
0.00376153 0.0110557 -0.995167
0.00436762 0.0110557 -0.995167
0.00315544 0.0104496 -0.995167
0.00376153 0.0104496 -0.995168
0.00436762 0.0104496 -0.995168
0.00315544 0.00984352 -0.995168
0.00376153 0.00984352 -0.995169
0.00436762 0.00984352 -0.995169
0.00315544 0.00923743 -0.995169
0.00376153 0.00923743 -0.99517
0.00436762 0.00923743 -0.99517
0.00315544 0.00863134 -0.99517
0.00376153 0.00863134 -0.99517
0.00436762 0.00863134 -0.995171
0.00315544 0.00802525 -0.995171
0.00376153 0.00802525 -0.995171
0.00436762 0.00802525 -0.995172
0.00315544 0.00741916 -0.995172
0.00376153 0.00741916 -0.995172
0.00436762 0.00741916 -0.995173
0.00315544 0.00681307 -0.995173
0.00376153 0.00681307 -0.995173
0.00436762 0.00681307 -0.995174
0.00315544 0.00620698 -0.995174
0.00376153 0.00620698 -0.995174
0.00436762 0.00620698 -0.995174
0.00315544 0.00560088 -0.995175
0.00376153 0.00560088 -0.995175
0.00436762 0.00560088 -0.995175
0.00315544 0.00499479 -0.995176
0.00376153 0.00499479 -0.995176
0.00436762 0.00499479 -0.995176
0.00315544 0.0043887 -0.995177
0.00376153 0.0043887 -0.995177
0.00436762 0.0043887 -0.995177
0.00315544 0.00378261 -0.995178
0.00376153 0.00378261 -0.995178
0.00436762 0.00378261 -0.995178
0.00315544 0.00317652 -0.995178
0.00376153 0.00317652 -0.995179
0.00436762 0.00317652 -0.995179
0.00315544 0.00257043 -0.995179
0.00376153 0.00257043 -0.99518
0.00436762 0.00257043 -0.99518
0.00315544 0.00196434 -0.99518
0.00376153 0.00196434 -0.995181
0.00436762 0.00196434 -0.995181
0.00315544 0.00135825 -0.995181
0.00376153 0.00135825 -0.995182
0.00436762 0.00135825 -0.995182
0.00315544 0.000752157 -0.995182
0.00376153 0.000752157 -0.995182
0.00436762 0.000752157 -0.995183
0.00315544 0.000146066 -0.995183
0.00376153 0.000146066 -0.995183
0.00436762 0.000146066 -0.995184
0.00315544 -0.000460025 -0.995184
0.00376153 -0.000460025 -0.995184
0.00436762 -0.000460025 -0.995185
0.00315544 -0.00106612 -0.995185
0.00376153 -0.00106612 -0.995185
0.00436762 -0.00106612 -0.995186
0.00315544 -0.00167221 -0.995186
0.00376153 -0.00167221 -0.995186
0.00436762 -0.00167221 -0.995187
0.00315544 -0.0022783 -0.995187
0.00376153 -0.0022783 -0.995187
0.00436762 -0.0022783 -0.995187
0.00315544 -0.00288439 -0.995188
0.00376153 -0.00288439 -0.995188
0.00436762 -0.00288439 -0.995188
0.00315544 -0.00349048 -0.995189
0.00376153 -0.00349048 -0.995189
0.00436762 -0.00349048 -0.995189
0.00315544 -0.00409657 -0.99519
0.00376153 -0.00409657 -0.99519
0.00436762 -0.00409657 -0.99519
0.00315544 -0.00470266 -0.995191
0.00376153 -0.00470266 -0.995191
0.00436762 -0.00470266 -0.995191
0.00315544 -0.00530875 -0.995191
0.00376153 -0.00530875 -0.995192
0.00436762 -0.00530875 -0.995192
0.00315544 -0.00591484 -0.995192
0.00376153 -0.00591484 -0.995193
0.00436762 -0.00591484 -0.995193
0.00315544 -0.00652093 -0.995193
0.00376153 -0.00652093 -0.995194
0.00436762 -0.00652093 -0.995194
0.00315544 -0.00712702 -0.995194
0.00376153 -0.00712702 -0.995194
0.00436762 -0.00712702 -0.995195
0.00315544 -0.00773312 -0.995195
0.00376153 -0.00773312 -0.995195
0.00436762 -0.00773312 -0.995196
0.00315544 -0.00833921 -0.995196
0.00376153 -0.00833921 -0.995196
0.00436762 -0.00833921 -0.995197
0.00315544 -0.0089453 -0.995197
0.00376153 -0.0089453 -0.995197
0.00436762 -0.0089453 -0.995198
0.00315544 -0.00955139 -0.995198
0.00376153 -0.00955139 -0.995198
0.00436762 -0.00955139 -0.995199
0.00315544 -0.0101575 -0.995199
0.00376153 -0.0101575 -0.995199
0.00436762 -0.0101575 -0.995199
0.00315544 -0.0107636 -0.9952
0.00376153 -0.0107636 -0.9952
0.00436762 -0.0107636 -0.9952
0.00315544 -0.0113697 -0.995201
0.00376153 -0.0113697 -0.995201
0.00436762 -0.0113697 -0.995201
0.00315544 -0.0119758 -0.995202
0.00376153 -0.0119758 -0.995202
0.00436762 -0.0119758 -0.995202
0.00315544 -0.0125818 -0.995202
0.00376153 -0.0125818 -0.995203
0.00436762 -0.0125818 -0.995203
0.00315544 -0.0131879 -0.995203
0.00376153 -0.0131879 -0.995204
0.00436762 -0.0131879 -0.995204
0.00315544 -0.013794 -0.995204
0.00376153 -0.013794 -0.995205
0.00436762 -0.013794 -0.995205
0.00315544 -0.0144001 -0.995205
0.00376153 -0.0144001 -0.995206
0.00436762 -0.0144001 -0.995206
0.00315544 -0.0150062 -0.995206
0.00376153 -0.0150062 -0.995207
0.00436762 -0.0150062 -0.995207
0.00315544 -0.0156123 -0.995207
0.00376153 -0.0156123 -0.995207
0.00436762 -0.0156123 -0.995208
0.00315544 -0.0162184 -0.995208
0.00376153 -0.0162184 -0.995208
0.00436762 -0.0162184 -0.995209
0.00315544 -0.0168245 -0.995209
0.00376153 -0.0168245 -0.995209
0.00436762 -0.0168245 -0.99521
0.00315544 -0.0174306 -0.99521
0.00376153 -0.0174306 -0.99521
0.00436762 -0.0174306 -0.995211
0.00315544 -0.0180367 -0.995211
0.00376153 -0.0180367 -0.995211
0.00436762 -0.0180367 -0.995211
0.00315544 -0.0186428 -0.995212
0.00376153 -0.0186428 -0.995212
0.00436762 -0.0186428 -0.995212
0.00315544 -0.0192488 -0.995213
0.00376153 -0.0192488 -0.995213
0.00436762 -0.0192488 -0.995213
0.00315544 -0.0198549 -0.995214
0.00376153 -0.0198549 -0.995214
0.00436762 -0.0198549 -0.995214
0.00315544 -0.020461 -0.995215
0.00376153 -0.020461 -0.995215
0.00436762 -0.020461 -0.995215
0.00315544 -0.0210671 -0.995215
0.00376153 -0.0210671 -0.995216
0.00436762 -0.0210671 -0.995216
