-0.00903174 -0.0208557 -0.997192
-0.00948728 -0.0208557 -0.997195
-0.00994282 -0.0208557 -0.997199
-0.00903174 -0.0204001 -0.997192
-0.00948728 -0.0204001 -0.997195
-0.00994282 -0.0204001 -0.997199
-0.00903174 -0.0199446 -0.997191
-0.00948728 -0.0199446 -0.997195
-0.00994282 -0.0199446 -0.997198
-0.00903174 -0.019489 -0.997191
-0.00948728 -0.019489 -0.997195
-0.00994282 -0.019489 -0.997198
-0.00903174 -0.0190335 -0.997191
-0.00948728 -0.0190335 -0.997194
-0.00994282 -0.0190335 -0.997198
-0.00903174 -0.018578 -0.997191
-0.00948728 -0.018578 -0.997194
-0.00994282 -0.018578 -0.997198
-0.00903174 -0.0181224 -0.99719
-0.00948728 -0.0181224 -0.997194
-0.00994282 -0.0181224 -0.997197
-0.00903174 -0.0176669 -0.99719
-0.00948728 -0.0176669 -0.997194
-0.00994282 -0.0176669 -0.997197
-0.00903174 -0.0172113 -0.99719
-0.00948728 -0.0172113 -0.997193
-0.00994282 -0.0172113 -0.997197
-0.00903174 -0.0167558 -0.99719
-0.00948728 -0.0167558 -0.997193
-0.00994282 -0.0167558 -0.997197
-0.00903174 -0.0163003 -0.997189
-0.00948728 -0.0163003 -0.997193
-0.00994282 -0.0163003 -0.997196
-0.00903174 -0.0158447 -0.997189
-0.00948728 -0.0158447 -0.997193
-0.00994282 -0.0158447 -0.997196
-0.00903174 -0.0153892 -0.997189
-0.00948728 -0.0153892 -0.997192
-0.00994282 -0.0153892 -0.997196
-0.00903174 -0.0149336 -0.997189
-0.00948728 -0.0149336 -0.997192
-0.00994282 -0.0149336 -0.997196
-0.00903174 -0.0144781 -0.997188
-0.00948728 -0.0144781 -0.997192
-0.00994282 -0.0144781 -0.997195
-0.00903174 -0.0140226 -0.997188
-0.00948728 -0.0140226 -0.997192
-0.00994282 -0.0140226 -0.997195
-0.00903174 -0.013567 -0.997188
-0.00948728 -0.013567 -0.997191
-0.00994282 -0.013567 -0.997195
-0.00903174 -0.0131115 -0.997188
-0.00948728 -0.0131115 -0.997191
-0.00994282 -0.0131115 -0.997195
-0.00903174 -0.0126559 -0.997187
-0.00948728 -0.0126559 -0.997191
-0.00994282 -0.0126559 -0.997194
-0.00903174 -0.0122004 -0.997187
-0.00948728 -0.0122004 -0.997191
-0.00994282 -0.0122004 -0.997194
-0.00903174 -0.0117449 -0.997187
-0.00948728 -0.0117449 -0.99719
-0.00994282 -0.0117449 -0.997194
-0.00903174 -0.0112893 -0.997187
-0.00948728 -0.0112893 -0.99719
-0.00994282 -0.0112893 -0.997194
-0.00903174 -0.0108338 -0.997186
-0.00948728 -0.0108338 -0.99719
-0.00994282 -0.0108338 -0.997193
-0.00903174 -0.0103782 -0.997186
-0.00948728 -0.0103782 -0.99719
-0.00994282 -0.0103782 -0.997193
-0.00903174 -0.0099227 -0.997186
-0.00948728 -0.0099227 -0.997189
-0.00994282 -0.0099227 -0.997193
-0.00903174 -0.00946716 -0.997186
-0.00948728 -0.00946716 -0.997189
-0.00994282 -0.00946716 -0.997193
-0.00903174 -0.00901161 -0.997186
-0.00948728 -0.00901161 -0.997189
-0.00994282 -0.00901161 -0.997192
-0.00903174 -0.00855607 -0.997185
-0.00948728 -0.00855607 -0.997189
-0.00994282 -0.00855607 -0.997192
-0.00903174 -0.00810053 -0.997185
-0.00948728 -0.00810053 -0.997189
-0.00994282 -0.00810053 -0.997192
-0.00903174 -0.00764499 -0.997185
-0.00948728 -0.00764499 -0.997188
-0.00994282 -0.00764499 -0.997192
-0.00903174 -0.00718945 -0.997185
-0.00948728 -0.00718945 -0.997188
-0.00994282 -0.00718945 -0.997191
-0.00903174 -0.00673391 -0.997184
-0.00948728 -0.00673391 -0.997188
-0.00994282 -0.00673391 -0.997191
-0.00903174 -0.00627837 -0.997184
-0.00948728 -0.00627837 -0.997188
-0.00994282 -0.00627837 -0.997191
-0.00903174 -0.00582283 -0.997184
-0.00948728 -0.00582283 -0.997187
-0.00994282 -0.00582283 -0.997191
-0.00903174 -0.00536729 -0.997184
-0.00948728 -0.00536729 -0.997187
-0.00994282 -0.00536729 -0.99719
-0.00903174 -0.00491175 -0.997183
-0.00948728 -0.00491175 -0.997187
-0.00994282 -0.00491175 -0.99719
-0.00903174 -0.00445621 -0.997183
-0.00948728 -0.00445621 -0.997187
-0.00994282 -0.00445621 -0.99719
-0.00903174 -0.00400067 -0.997183
-0.00948728 -0.00400067 -0.997186
-0.00994282 -0.00400067 -0.99719
-0.00903174 -0.00354513 -0.997183
-0.00948728 -0.00354513 -0.997186
-0.00994282 -0.00354513 -0.99719
-0.00903174 -0.00308959 -0.997182
-0.00948728 -0.00308959 -0.997186
-0.00994282 -0.00308959 -0.997189
-0.00903174 -0.00263404 -0.997182
-0.00948728 -0.00263404 -0.997186
-0.00994282 -0.00263404 -0.997189
-0.00903174 -0.0021785 -0.997182
-0.00948728 -0.0021785 -0.997185
-0.00994282 -0.0021785 -0.997189
-0.00903174 -0.00172296 -0.997182
-0.00948728 -0.00172296 -0.997185
-0.00994282 -0.00172296 -0.997189
-0.00903174 -0.00126742 -0.997181
-0.00948728 -0.00126742 -0.997185
-0.00994282 -0.00126742 -0.997188
-0.00903174 -0.000811882 -0.997181
-0.00948728 -0.000811882 -0.997185
-0.00994282 -0.000811882 -0.997188
-0.00903174 -0.000356341 -0.997181
-0.00948728 -0.000356341 -0.997184
-0.00994282 -0.000356341 -0.997188
-0.00903174 9.91995e-05 -0.997181
-0.00948728 9.91995e-05 -0.997184
-0.00994282 9.91995e-05 -0.997188
-0.00903174 0.00055474 -0.99718
-0.00948728 0.00055474 -0.997184
-0.00994282 0.00055474 -0.997187
-0.00903174 0.00101028 -0.99718
-0.00948728 0.00101028 -0.997184
-0.00994282 0.00101028 -0.997187
-0.00903174 0.00146582 -0.99718
-0.00948728 0.00146582 -0.997183
-0.00994282 0.00146582 -0.997187
-0.00903174 0.00192136 -0.99718
-0.00948728 0.00192136 -0.997183
-0.00994282 0.00192136 -0.997187
-0.00903174 0.0023769 -0.997179
-0.00948728 0.0023769 -0.997183
-0.00994282 0.0023769 -0.997186
-0.00903174 0.00283244 -0.997179
-0.00948728 0.00283244 -0.997183
-0.00994282 0.00283244 -0.997186
-0.00903174 0.00328798 -0.997179
-0.00948728 0.00328798 -0.997182
-0.00994282 0.00328798 -0.997186
-0.00903174 0.00374353 -0.997179
-0.00948728 0.00374353 -0.997182
-0.00994282 0.00374353 -0.997186
-0.00903174 0.00419907 -0.997178
-0.00948728 0.00419907 -0.997182
-0.00994282 0.00419907 -0.997185
-0.00903174 0.00465461 -0.997178
-0.00948728 0.00465461 -0.997182
-0.00994282 0.00465461 -0.997185
-0.00903174 0.00511015 -0.997178
-0.00948728 0.00511015 -0.997181
-0.00994282 0.00511015 -0.997185
-0.00903174 0.00556569 -0.997178
-0.00948728 0.00556569 -0.997181
-0.00994282 0.00556569 -0.997185
-0.00903174 0.00602123 -0.997177
-0.00948728 0.00602123 -0.997181
-0.00994282 0.00602123 -0.997184
-0.00903174 0.00647677 -0.997177
-0.00948728 0.00647677 -0.997181
-0.00994282 0.00647677 -0.997184
-0.00903174 0.00693231 -0.997177
-0.00948728 0.00693231 -0.99718
-0.00994282 0.00693231 -0.997184
-0.00903174 0.00738785 -0.997177
-0.00948728 0.00738785 -0.99718
-0.00994282 0.00738785 -0.997184
-0.00903174 0.00784339 -0.997177
-0.00948728 0.00784339 -0.99718
-0.00994282 0.00784339 -0.997183
-0.00903174 0.00829893 -0.997176
-0.00948728 0.00829893 -0.99718
-0.00994282 0.00829893 -0.997183
-0.00903174 0.00875447 -0.997176
-0.00948728 0.00875447 -0.99718
-0.00994282 0.00875447 -0.997183
-0.00903174 0.00921001 -0.997176
-0.00948728 0.00921001 -0.997179
-0.00994282 0.00921001 -0.997183
-0.00903174 0.00966555 -0.997176
-0.00948728 0.00966555 -0.997179
-0.00994282 0.00966555 -0.997182
-0.00903174 0.0101211 -0.997175
-0.00948728 0.0101211 -0.997179
-0.00994282 0.0101211 -0.997182
-0.00903174 0.0105766 -0.997175
-0.00948728 0.0105766 -0.997179
-0.00994282 0.0105766 -0.997182
-0.00903174 0.0110322 -0.997175
-0.00948728 0.0110322 -0.997178
-0.00994282 0.0110322 -0.997182
-0.00903174 0.0114877 -0.997175
-0.00948728 0.0114877 -0.997178
-0.00994282 0.0114877 -0.997182
-0.00903174 0.0119433 -0.997174
-0.00948728 0.0119433 -0.997178
-0.00994282 0.0119433 -0.997181
-0.00903174 0.0123988 -0.997174
-0.00948728 0.0123988 -0.997178
-0.00994282 0.0123988 -0.997181
-0.00903174 0.0128543 -0.997174
-0.00948728 0.0128543 -0.997177
-0.00994282 0.0128543 -0.997181
-0.00903174 0.0133099 -0.997174
-0.00948728 0.0133099 -0.997177
-0.00994282 0.0133099 -0.997181
-0.00903174 0.0137654 -0.997173
-0.00948728 0.0137654 -0.997177
-0.00994282 0.0137654 -0.99718
-0.00903174 0.014221 -0.997173
-0.00948728 0.014221 -0.997177
-0.00994282 0.014221 -0.99718
-0.00903174 0.0146765 -0.997173
-0.00948728 0.0146765 -0.997176
-0.00994282 0.0146765 -0.99718
-0.00903174 0.015132 -0.997173
-0.00948728 0.015132 -0.997176
-0.00994282 0.015132 -0.99718
-0.00903174 0.0155876 -0.997172
-0.00948728 0.0155876 -0.997176
-0.00994282 0.0155876 -0.997179
-0.00903174 0.0160431 -0.997172
-0.00948728 0.0160431 -0.997176
-0.00994282 0.0160431 -0.997179
-0.00903174 0.0164987 -0.997172
-0.00948728 0.0164987 -0.997175
-0.00994282 0.0164987 -0.997179
-0.00903174 0.0169542 -0.997172
-0.00948728 0.0169542 -0.997175
-0.00994282 0.0169542 -0.997179
-0.00903174 0.0174097 -0.997171
-0.00948728 0.0174097 -0.997175
-0.00994282 0.0174097 -0.997178
-0.00903174 0.0178653 -0.997171
-0.00948728 0.0178653 -0.997175
-0.00994282 0.0178653 -0.997178
-0.00903174 0.0183208 -0.997171
-0.00948728 0.0183208 -0.997174
-0.00994282 0.0183208 -0.997178
-0.00903174 0.0187764 -0.997171
-0.00948728 0.0187764 -0.997174
-0.00994282 0.0187764 -0.997178
-0.00903174 0.0192319 -0.99717
-0.00948728 0.0192319 -0.997174
-0.00994282 0.0192319 -0.997177
-0.00903174 0.0196874 -0.99717
-0.00948728 0.0196874 -0.997174
-0.00994282 0.0196874 -0.997177
-0.00903174 0.020143 -0.99717
-0.00948728 0.020143 -0.997173
-0.00994282 0.020143 -0.997177
-0.00903174 0.0205985 -0.99717
-0.00948728 0.0205985 -0.997173
-0.00994282 0.0205985 -0.997177
-0.00903174 0.0210541 -0.997169
-0.00948728 0.0210541 -0.997173
-0.00994282 0.0210541 -0.997176
-0.00903174 0.0215096 -0.997169
-0.00948728 0.0215096 -0.997173
-0.00994282 0.0215096 -0.997176
-0.00903174 0.0219652 -0.997169
-0.00948728 0.0219652 -0.997172
-0.00994282 0.0219652 -0.997176
-0.00903174 0.0224207 -0.997169
-0.00948728 0.0224207 -0.997172
-0.00994282 0.0224207 -0.997176
-0.00903174 0.0228762 -0.997169
-0.00948728 0.0228762 -0.997172
-0.00994282 0.0228762 -0.997175
-0.00903174 0.0233318 -0.997168
-0.00948728 0.0233318 -0.997172
-0.00994282 0.0233318 -0.997175
-0.00903174 0.0237873 -0.997168
-0.00948728 0.0237873 -0.997172
-0.00994282 0.0237873 -0.997175
-0.00903174 0.0242429 -0.997168
-0.00948728 0.0242429 -0.997171
-0.00994282 0.0242429 -0.997175
-0.00903174 0.0246984 -0.997168
-0.00948728 0.0246984 -0.997171
-0.00994282 0.0246984 -0.997175
-0.00903174 0.0251539 -0.997167
-0.00948728 0.0251539 -0.997171
-0.00994282 0.0251539 -0.997174
-0.00903174 0.0256095 -0.997167
-0.00948728 0.0256095 -0.997171
-0.00994282 0.0256095 -0.997174
-0.00903174 0.026065 -0.997167
-0.00948728 0.026065 -0.99717
-0.00994282 0.026065 -0.997174
-0.00903174 0.0265206 -0.997167
-0.00948728 0.0265206 -0.99717
-0.00994282 0.0265206 -0.997173
-0.00903174 0.0269761 -0.997166
-0.00948728 0.0269761 -0.99717
-0.00994282 0.0269761 -0.997173
-0.00903174 0.0274316 -0.997166
-0.00948728 0.0274316 -0.99717
-0.00994282 0.0274316 -0.997173
-0.00903174 0.0278872 -0.997166
-0.00948728 0.0278872 -0.997169
-0.00994282 0.0278872 -0.997173
-0.00903174 0.0283427 -0.997166
-0.00948728 0.0283427 -0.997169
-0.00994282 0.0283427 -0.997173
-0.00903174 0.0287983 -0.997165
-0.00948728 0.0287983 -0.997169
-0.00994282 0.0287983 -0.997172
-0.00903174 0.0292538 -0.997165
-0.00948728 0.0292538 -0.997169
-0.00994282 0.0292538 -0.997172
