-0.00284633 0.000548215 -1.00344
-0.00252267 0.000548215 -1.00345
-0.00219902 0.000548215 -1.00345
-0.00284633 0.000224558 -1.00345
-0.00252267 0.000224558 -1.00345
-0.00219902 0.000224558 -1.00345
-0.00284633 -9.90997e-05 -1.00345
-0.00252267 -9.90997e-05 -1.00345
-0.00219902 -9.90997e-05 -1.00346
-0.00284633 -0.000422757 -1.00345
-0.00252267 -0.000422757 -1.00345
-0.00219902 -0.000422757 -1.00346
-0.00284633 -0.000746415 -1.00345
-0.00252267 -0.000746415 -1.00346
-0.00219902 -0.000746415 -1.00346
-0.00284633 -0.00107007 -1.00346
-0.00252267 -0.00107007 -1.00346
-0.00219902 -0.00107007 -1.00346
-0.00284633 -0.00139373 -1.00346
-0.00252267 -0.00139373 -1.00346
-0.00219902 -0.00139373 -1.00347
-0.00284633 -0.00171739 -1.00346
-0.00252267 -0.00171739 -1.00347
-0.00219902 -0.00171739 -1.00347
-0.00284633 -0.00204104 -1.00346
-0.00252267 -0.00204104 -1.00347
-0.00219902 -0.00204104 -1.00347
-0.00284633 -0.0023647 -1.00347
-0.00252267 -0.0023647 -1.00347
-0.00219902 -0.0023647 -1.00347
-0.00284633 -0.00268836 -1.00347
-0.00252267 -0.00268836 -1.00347
-0.00219902 -0.00268836 -1.00348
-0.00284633 -0.00301202 -1.00347
-0.00252267 -0.00301202 -1.00348
-0.00219902 -0.00301202 -1.00348
-0.00284633 -0.00333567 -1.00348
-0.00252267 -0.00333567 -1.00348
-0.00219902 -0.00333567 -1.00348
-0.00284633 -0.00365933 -1.00348
-0.00252267 -0.00365933 -1.00348
-0.00219902 -0.00365933 -1.00349
-0.00284633 -0.00398299 -1.00348
-0.00252267 -0.00398299 -1.00348
-0.00219902 -0.00398299 -1.00349
-0.00284633 -0.00430665 -1.00348
-0.00252267 -0.00430665 -1.00349
-0.00219902 -0.00430665 -1.00349
-0.00284633 -0.0046303 -1.00349
-0.00252267 -0.0046303 -1.00349
-0.00219902 -0.0046303 -1.00349
-0.00284633 -0.00495396 -1.00349
-0.00252267 -0.00495396 -1.00349
-0.00219902 -0.00495396 -1.0035
-0.00284633 -0.00527762 -1.00349
-0.00252267 -0.00527762 -1.0035
-0.00219902 -0.00527762 -1.0035
-0.00284633 -0.00560128 -1.00349
-0.00252267 -0.00560128 -1.0035
-0.00219902 -0.00560128 -1.0035
-0.00284633 -0.00592493 -1.0035
-0.00252267 -0.00592493 -1.0035
-0.00219902 -0.00592493 -1.0035
-0.00284633 -0.00624859 -1.0035
-0.00252267 -0.00624859 -1.0035
-0.00219902 -0.00624859 -1.00351
-0.00284633 -0.00657225 -1.0035
-0.00252267 -0.00657225 -1.00351
-0.00219902 -0.00657225 -1.00351
-0.00284633 -0.00689591 -1.00351
-0.00252267 -0.00689591 -1.00351
-0.00219902 -0.00689591 -1.00351
-0.00284633 -0.00721956 -1.00351
-0.00252267 -0.00721956 -1.00351
-0.00219902 -0.00721956 -1.00352
-0.00284633 -0.00754322 -1.00351
-0.00252267 -0.00754322 -1.00351
-0.00219902 -0.00754322 -1.00352
-0.00284633 -0.00786688 -1.00351
-0.00252267 -0.00786688 -1.00352
-0.00219902 -0.00786688 -1.00352
-0.00284633 -0.00819054 -1.00352
-0.00252267 -0.00819054 -1.00352
-0.00219902 -0.00819054 -1.00352
-0.00284633 -0.00851419 -1.00352
-0.00252267 -0.00851419 -1.00352
-0.00219902 -0.00851419 -1.00353
-0.00284633 -0.00883785 -1.00352
-0.00252267 -0.00883785 -1.00353
-0.00219902 -0.00883785 -1.00353
-0.00284633 -0.00916151 -1.00352
-0.00252267 -0.00916151 -1.00353
-0.00219902 -0.00916151 -1.00353
-0.00284633 -0.00948517 -1.00353
-0.00252267 -0.00948517 -1.00353
-0.00219902 -0.00948517 -1.00353
-0.00284633 -0.00980883 -1.00353
-0.00252267 -0.00980883 -1.00353
-0.00219902 -0.00980883 -1.00354
-0.00284633 -0.0101325 -1.00353
-0.00252267 -0.0101325 -1.00354
-0.00219902 -0.0101325 -1.00354
-0.00284633 -0.0104561 -1.00354
-0.00252267 -0.0104561 -1.00354
-0.00219902 -0.0104561 -1.00354
-0.00284633 -0.0107798 -1.00354
-0.00252267 -0.0107798 -1.00354
-0.00219902 -0.0107798 -1.00355
-0.00284633 -0.0111035 -1.00354
-0.00252267 -0.0111035 -1.00354
-0.00219902 -0.0111035 -1.00355
-0.00284633 -0.0114271 -1.00354
-0.00252267 -0.0114271 -1.00355
-0.00219902 -0.0114271 -1.00355
-0.00284633 -0.0117508 -1.00355
-0.00252267 -0.0117508 -1.00355
-0.00219902 -0.0117508 -1.00355
-0.00284633 -0.0120744 -1.00355
-0.00252267 -0.0120744 -1.00355
-0.00219902 -0.0120744 -1.00356
-0.00284633 -0.0123981 -1.00355
-0.00252267 -0.0123981 -1.00356
-0.00219902 -0.0123981 -1.00356
-0.00284633 -0.0127217 -1.00355
-0.00252267 -0.0127217 -1.00356
-0.00219902 -0.0127217 -1.00356
-0.00284633 -0.0130454 -1.00356
-0.00252267 -0.0130454 -1.00356
-0.00219902 -0.0130454 -1.00356
-0.00284633 -0.0133691 -1.00356
-0.00252267 -0.0133691 -1.00356
-0.00219902 -0.0133691 -1.00357
-0.00284633 -0.0136927 -1.00356
-0.00252267 -0.0136927 -1.00357
-0.00219902 -0.0136927 -1.00357
-0.00284633 -0.0140164 -1.00356
-0.00252267 -0.0140164 -1.00357
-0.00219902 -0.0140164 -1.00357
-0.00284633 -0.01434 -1.00357
-0.00252267 -0.01434 -1.00357
-0.00219902 -0.01434 -1.00357
-0.00284633 -0.0146637 -1.00357
-0.00252267 -0.0146637 -1.00357
-0.00219902 -0.0146637 -1.00358
-0.00284633 -0.0149873 -1.00357
-0.00252267 -0.0149873 -1.00358
-0.00219902 -0.0149873 -1.00358
-0.00284633 -0.015311 -1.00358
-0.00252267 -0.015311 -1.00358
-0.00219902 -0.015311 -1.00358
-0.00284633 -0.0156347 -1.00358
-0.00252267 -0.0156347 -1.00358
-0.00219902 -0.0156347 -1.00359
-0.00284633 -0.0159583 -1.00358
-0.00252267 -0.0159583 -1.00358
-0.00219902 -0.0159583 -1.00359
-0.00284633 -0.016282 -1.00358
-0.00252267 -0.016282 -1.00359
-0.00219902 -0.016282 -1.00359
-0.00284633 -0.0166056 -1.00359
-0.00252267 -0.0166056 -1.00359
-0.00219902 -0.0166056 -1.00359
-0.00284633 -0.0169293 -1.00359
-0.00252267 -0.0169293 -1.00359
-0.00219902 -0.0169293 -1.0036
-0.00284633 -0.0172529 -1.00359
-0.00252267 -0.0172529 -1.0036
-0.00219902 -0.0172529 -1.0036
-0.00284633 -0.0175766 -1.00359
-0.00252267 -0.0175766 -1.0036
-0.00219902 -0.0175766 -1.0036
-0.00284633 -0.0179003 -1.0036
-0.00252267 -0.0179003 -1.0036
-0.00219902 -0.0179003 -1.0036
-0.00284633 -0.0182239 -1.0036
-0.00252267 -0.0182239 -1.0036
-0.00219902 -0.0182239 -1.00361
-0.00284633 -0.0185476 -1.0036
-0.00252267 -0.0185476 -1.00361
-0.00219902 -0.0185476 -1.00361
-0.00284633 -0.0188712 -1.00361
-0.00252267 -0.0188712 -1.00361
-0.00219902 -0.0188712 -1.00361
-0.00284633 -0.0191949 -1.00361
-0.00252267 -0.0191949 -1.00361
-0.00219902 -0.0191949 -1.00362
-0.00284633 -0.0195186 -1.00361
-0.00252267 -0.0195186 -1.00361
-0.00219902 -0.0195186 -1.00362
-0.00284633 -0.0198422 -1.00361
-0.00252267 -0.0198422 -1.00362
-0.00219902 -0.0198422 -1.00362
-0.00284633 -0.0201659 -1.00362
-0.00252267 -0.0201659 -1.00362
-0.00219902 -0.0201659 -1.00362
-0.00284633 -0.0204895 -1.00362
-0.00252267 -0.0204895 -1.00362
-0.00219902 -0.0204895 -1.00363
-0.00284633 -0.0208132 -1.00362
-0.00252267 -0.0208132 -1.00363
-0.00219902 -0.0208132 -1.00363
-0.00284633 -0.0211368 -1.00362
-0.00252267 -0.0211368 -1.00363
-0.00219902 -0.0211368 -1.00363
-0.00284633 -0.0214605 -1.00363
-0.00252267 -0.0214605 -1.00363
-0.00219902 -0.0214605 -1.00363
-0.00284633 -0.0217842 -1.00363
-0.00252267 -0.0217842 -1.00363
-0.00219902 -0.0217842 -1.00364
-0.00284633 -0.0221078 -1.00363
-0.00252267 -0.0221078 -1.00364
-0.00219902 -0.0221078 -1.00364
-0.00284633 -0.0224315 -1.00364
-0.00252267 -0.0224315 -1.00364
-0.00219902 -0.0224315 -1.00364
-0.00284633 -0.0227551 -1.00364
-0.00252267 -0.0227551 -1.00364
-0.00219902 -0.0227551 -1.00365
-0.00284633 -0.0230788 -1.00364
-0.00252267 -0.0230788 -1.00364
-0.00219902 -0.0230788 -1.00365
-0.00284633 -0.0234024 -1.00364
-0.00252267 -0.0234024 -1.00365
-0.00219902 -0.0234024 -1.00365
-0.00284633 -0.0237261 -1.00365
-0.00252267 -0.0237261 -1.00365
-0.00219902 -0.0237261 -1.00365
-0.00284633 -0.0240498 -1.00365
-0.00252267 -0.0240498 -1.00365
-0.00219902 -0.0240498 -1.00366
-0.00284633 -0.0243734 -1.00365
-0.00252267 -0.0243734 -1.00366
-0.00219902 -0.0243734 -1.00366
-0.00284633 -0.0246971 -1.00365
-0.00252267 -0.0246971 -1.00366
-0.00219902 -0.0246971 -1.00366
-0.00284633 -0.0250207 -1.00366
-0.00252267 -0.0250207 -1.00366
-0.00219902 -0.0250207 -1.00366
-0.00284633 -0.0253444 -1.00366
-0.00252267 -0.0253444 -1.00366
-0.00219902 -0.0253444 -1.00367
-0.00284633 -0.025668 -1.00366
-0.00252267 -0.025668 -1.00367
-0.00219902 -0.025668 -1.00367
-0.00284633 -0.0259917 -1.00366
-0.00252267 -0.0259917 -1.00367
-0.00219902 -0.0259917 -1.00367
-0.00284633 -0.0263154 -1.00367
-0.00252267 -0.0263154 -1.00367
-0.00219902 -0.0263154 -1.00367
-0.00284633 -0.026639 -1.00367
-0.00252267 -0.026639 -1.00367
-0.00219902 -0.026639 -1.00368
-0.00284633 -0.0269627 -1.00367
-0.00252267 -0.0269627 -1.00368
-0.00219902 -0.0269627 -1.00368
-0.00284633 -0.0272863 -1.00368
-0.00252267 -0.0272863 -1.00368
-0.00219902 -0.0272863 -1.00368
-0.00284633 -0.02761 -1.00368
-0.00252267 -0.02761 -1.00368
-0.00219902 -0.02761 -1.00369
-0.00284633 -0.0279336 -1.00368
-0.00252267 -0.0279336 -1.00368
-0.00219902 -0.0279336 -1.00369
-0.00284633 -0.0282573 -1.00368
-0.00252267 -0.0282573 -1.00369
-0.00219902 -0.0282573 -1.00369
-0.00284633 -0.028581 -1.00369
-0.00252267 -0.028581 -1.00369
-0.00219902 -0.028581 -1.00369
-0.00284633 -0.0289046 -1.00369
-0.00252267 -0.0289046 -1.00369
-0.00219902 -0.0289046 -1.0037
-0.00284633 -0.0292283 -1.00369
-0.00252267 -0.0292283 -1.0037
-0.00219902 -0.0292283 -1.0037
-0.00284633 -0.0295519 -1.00369
-0.00252267 -0.0295519 -1.0037
-0.00219902 -0.0295519 -1.0037
-0.00284633 -0.0298756 -1.0037
-0.00252267 -0.0298756 -1.0037
-0.00219902 -0.0298756 -1.0037
-0.00284633 -0.0301992 -1.0037
-0.00252267 -0.0301992 -1.0037
-0.00219902 -0.0301992 -1.00371
-0.00284633 -0.0305229 -1.0037
-0.00252267 -0.0305229 -1.00371
-0.00219902 -0.0305229 -1.00371
-0.00284633 -0.0308466 -1.00371
-0.00252267 -0.0308466 -1.00371
-0.00219902 -0.0308466 -1.00371
-0.00284633 -0.0311702 -1.00371
-0.00252267 -0.0311702 -1.00371
-0.00219902 -0.0311702 -1.00372
-0.00284633 -0.0314939 -1.00371
-0.00252267 -0.0314939 -1.00371
-0.00219902 -0.0314939 -1.00372
-0.00284633 -0.0318175 -1.00371
-0.00252267 -0.0318175 -1.00372
-0.00219902 -0.0318175 -1.00372
-0.00284633 -0.0321412 -1.00372
-0.00252267 -0.0321412 -1.00372
-0.00219902 -0.0321412 -1.00372
-0.00284633 -0.0324649 -1.00372
-0.00252267 -0.0324649 -1.00372
-0.00219902 -0.0324649 -1.00373
-0.00284633 -0.0327885 -1.00372
-0.00252267 -0.0327885 -1.00373
-0.00219902 -0.0327885 -1.00373
-0.00284633 -0.0331122 -1.00372
-0.00252267 -0.0331122 -1.00373
-0.00219902 -0.0331122 -1.00373
-0.00284633 -0.0334358 -1.00373
-0.00252267 -0.0334358 -1.00373
-0.00219902 -0.0334358 -1.00373
-0.00284633 -0.0337595 -1.00373
-0.00252267 -0.0337595 -1.00373
-0.00219902 -0.0337595 -1.00374
-0.00284633 -0.0340831 -1.00373
-0.00252267 -0.0340831 -1.00374
-0.00219902 -0.0340831 -1.00374
-0.00284633 -0.0344068 -1.00374
-0.00252267 -0.0344068 -1.00374
-0.00219902 -0.0344068 -1.00374
-0.00284633 -0.0347305 -1.00374
-0.00252267 -0.0347305 -1.00374
-0.00219902 -0.0347305 -1.00375
-0.00284633 -0.0350541 -1.00374
-0.00252267 -0.0350541 -1.00374
-0.00219902 -0.0350541 -1.00375
