-0.00784299 -0.0142484 -0.998128
-0.00826787 -0.0142484 -0.998121
-0.00869276 -0.0142484 -0.998115
-0.00784299 -0.0138236 -0.998131
-0.00826787 -0.0138236 -0.998124
-0.00869276 -0.0138236 -0.998118
-0.00784299 -0.0133987 -0.998134
-0.00826787 -0.0133987 -0.998127
-0.00869276 -0.0133987 -0.998121
-0.00784299 -0.0129738 -0.998137
-0.00826787 -0.0129738 -0.99813
-0.00869276 -0.0129738 -0.998124
-0.00784299 -0.0125489 -0.99814
-0.00826787 -0.0125489 -0.998133
-0.00869276 -0.0125489 -0.998127
-0.00784299 -0.012124 -0.998143
-0.00826787 -0.012124 -0.998136
-0.00869276 -0.012124 -0.99813
-0.00784299 -0.0116991 -0.998146
-0.00826787 -0.0116991 -0.998139
-0.00869276 -0.0116991 -0.998133
-0.00784299 -0.0112743 -0.998149
-0.00826787 -0.0112743 -0.998142
-0.00869276 -0.0112743 -0.998136
-0.00784299 -0.0108494 -0.998151
-0.00826787 -0.0108494 -0.998145
-0.00869276 -0.0108494 -0.998139
-0.00784299 -0.0104245 -0.998154
-0.00826787 -0.0104245 -0.998148
-0.00869276 -0.0104245 -0.998142
-0.00784299 -0.0099996 -0.998157
-0.00826787 -0.0099996 -0.998151
-0.00869276 -0.0099996 -0.998145
-0.00784299 -0.00957472 -0.99816
-0.00826787 -0.00957472 -0.998154
-0.00869276 -0.00957472 -0.998148
-0.00784299 -0.00914983 -0.998163
-0.00826787 -0.00914983 -0.998157
-0.00869276 -0.00914983 -0.998151
-0.00784299 -0.00872495 -0.998166
-0.00826787 -0.00872495 -0.99816
-0.00869276 -0.00872495 -0.998154
-0.00784299 -0.00830007 -0.998169
-0.00826787 -0.00830007 -0.998163
-0.00869276 -0.00830007 -0.998157
-0.00784299 -0.00787518 -0.998172
-0.00826787 -0.00787518 -0.998166
-0.00869276 -0.00787518 -0.99816
-0.00784299 -0.0074503 -0.998175
-0.00826787 -0.0074503 -0.998169
-0.00869276 -0.0074503 -0.998163
-0.00784299 -0.00702541 -0.998178
-0.00826787 -0.00702541 -0.998172
-0.00869276 -0.00702541 -0.998166
-0.00784299 -0.00660053 -0.998181
-0.00826787 -0.00660053 -0.998175
-0.00869276 -0.00660053 -0.998169
-0.00784299 -0.00617565 -0.998184
-0.00826787 -0.00617565 -0.998178
-0.00869276 -0.00617565 -0.998172
-0.00784299 -0.00575076 -0.998187
-0.00826787 -0.00575076 -0.998181
-0.00869276 -0.00575076 -0.998175
-0.00784299 -0.00532588 -0.99819
-0.00826787 -0.00532588 -0.998184
-0.00869276 -0.00532588 -0.998178
-0.00784299 -0.00490099 -0.998193
-0.00826787 -0.00490099 -0.998187
-0.00869276 -0.00490099 -0.998181
-0.00784299 -0.00447611 -0.998196
-0.00826787 -0.00447611 -0.99819
-0.00869276 -0.00447611 -0.998184
-0.00784299 -0.00405123 -0.998199
-0.00826787 -0.00405123 -0.998193
-0.00869276 -0.00405123 -0.998187
-0.00784299 -0.00362634 -0.998202
-0.00826787 -0.00362634 -0.998196
-0.00869276 -0.00362634 -0.99819
-0.00784299 -0.00320146 -0.998205
-0.00826787 -0.00320146 -0.998199
-0.00869276 -0.00320146 -0.998193
-0.00784299 -0.00277658 -0.998208
-0.00826787 -0.00277658 -0.998202
-0.00869276 -0.00277658 -0.998196
-0.00784299 -0.00235169 -0.998211
-0.00826787 -0.00235169 -0.998205
-0.00869276 -0.00235169 -0.998199
-0.00784299 -0.00192681 -0.998214
-0.00826787 -0.00192681 -0.998208
-0.00869276 -0.00192681 -0.998202
-0.00784299 -0.00150192 -0.998217
-0.00826787 -0.00150192 -0.998211
-0.00869276 -0.00150192 -0.998205
-0.00784299 -0.00107704 -0.99822
-0.00826787 -0.00107704 -0.998214
-0.00869276 -0.00107704 -0.998208
-0.00784299 -0.000652156 -0.998223
-0.00826787 -0.000652156 -0.998217
-0.00869276 -0.000652156 -0.998211
-0.00784299 -0.000227272 -0.998226
-0.00826787 -0.000227272 -0.99822
-0.00869276 -0.000227272 -0.998214
-0.00784299 0.000197612 -0.998229
-0.00826787 0.000197612 -0.998223
-0.00869276 0.000197612 -0.998217
-0.00784299 0.000622496 -0.998232
-0.00826787 0.000622496 -0.998226
-0.00869276 0.000622496 -0.99822
-0.00784299 0.00104738 -0.998235
-0.00826787 0.00104738 -0.998229
-0.00869276 0.00104738 -0.998223
-0.00784299 0.00147226 -0.998238
-0.00826787 0.00147226 -0.998232
-0.00869276 0.00147226 -0.998226
-0.00784299 0.00189715 -0.998241
-0.00826787 0.00189715 -0.998235
-0.00869276 0.00189715 -0.998229
-0.00784299 0.00232203 -0.998244
-0.00826787 0.00232203 -0.998238
-0.00869276 0.00232203 -0.998232
-0.00784299 0.00274691 -0.998247
-0.00826787 0.00274691 -0.998241
-0.00869276 0.00274691 -0.998235
-0.00784299 0.0031718 -0.99825
-0.00826787 0.0031718 -0.998244
-0.00869276 0.0031718 -0.998238
-0.00784299 0.00359668 -0.998253
-0.00826787 0.00359668 -0.998247
-0.00869276 0.00359668 -0.998241
-0.00784299 0.00402157 -0.998256
-0.00826787 0.00402157 -0.99825
-0.00869276 0.00402157 -0.998244
-0.00784299 0.00444645 -0.998259
-0.00826787 0.00444645 -0.998253
-0.00869276 0.00444645 -0.998247
-0.00784299 0.00487133 -0.998262
-0.00826787 0.00487133 -0.998256
-0.00869276 0.00487133 -0.99825
-0.00784299 0.00529622 -0.998265
-0.00826787 0.00529622 -0.998259
-0.00869276 0.00529622 -0.998253
-0.00784299 0.0057211 -0.998268
-0.00826787 0.0057211 -0.998262
-0.00869276 0.0057211 -0.998256
-0.00784299 0.00614599 -0.998271
-0.00826787 0.00614599 -0.998265
-0.00869276 0.00614599 -0.998259
-0.00784299 0.00657087 -0.998274
-0.00826787 0.00657087 -0.998268
-0.00869276 0.00657087 -0.998262
-0.00784299 0.00699575 -0.998277
-0.00826787 0.00699575 -0.998271
-0.00869276 0.00699575 -0.998265
-0.00784299 0.00742064 -0.99828
-0.00826787 0.00742064 -0.998274
-0.00869276 0.00742064 -0.998268
-0.00784299 0.00784552 -0.998283
-0.00826787 0.00784552 -0.998277
-0.00869276 0.00784552 -0.998271
-0.00784299 0.00827041 -0.998286
-0.00826787 0.00827041 -0.99828
-0.00869276 0.00827041 -0.998274
-0.00784299 0.00869529 -0.998289
-0.00826787 0.00869529 -0.998283
-0.00869276 0.00869529 -0.998277
-0.00784299 0.00912017 -0.998292
-0.00826787 0.00912017 -0.998286
-0.00869276 0.00912017 -0.99828
-0.00784299 0.00954506 -0.998295
-0.00826787 0.00954506 -0.998289
-0.00869276 0.00954506 -0.998283
-0.00784299 0.00996994 -0.998298
-0.00826787 0.00996994 -0.998292
-0.00869276 0.00996994 -0.998286
-0.00784299 0.0103948 -0.998301
-0.00826787 0.0103948 -0.998295
-0.00869276 0.0103948 -0.998289
-0.00784299 0.0108197 -0.998304
-0.00826787 0.0108197 -0.998298
-0.00869276 0.0108197 -0.998292
-0.00784299 0.0112446 -0.998307
-0.00826787 0.0112446 -0.998301
-0.00869276 0.0112446 -0.998295
-0.00784299 0.0116695 -0.99831
-0.00826787 0.0116695 -0.998304
-0.00869276 0.0116695 -0.998298
-0.00784299 0.0120944 -0.998313
-0.00826787 0.0120944 -0.998307
-0.00869276 0.0120944 -0.9983
-0.00784299 0.0125192 -0.998316
-0.00826787 0.0125192 -0.99831
-0.00869276 0.0125192 -0.998304
-0.00784299 0.0129441 -0.998319
-0.00826787 0.0129441 -0.998313
-0.00869276 0.0129441 -0.998307
-0.00784299 0.013369 -0.998322
-0.00826787 0.013369 -0.998316
-0.00869276 0.013369 -0.998309
-0.00784299 0.0137939 -0.998325
-0.00826787 0.0137939 -0.998319
-0.00869276 0.0137939 -0.998312
-0.00784299 0.0142188 -0.998328
-0.00826787 0.0142188 -0.998322
-0.00869276 0.0142188 -0.998315
-0.00784299 0.0146437 -0.998331
-0.00826787 0.0146437 -0.998325
-0.00869276 0.0146437 -0.998318
-0.00784299 0.0150685 -0.998334
-0.00826787 0.0150685 -0.998328
-0.00869276 0.0150685 -0.998321
-0.00784299 0.0154934 -0.998337
-0.00826787 0.0154934 -0.998331
-0.00869276 0.0154934 -0.998324
-0.00784299 0.0159183 -0.99834
-0.00826787 0.0159183 -0.998334
-0.00869276 0.0159183 -0.998327
-0.00784299 0.0163432 -0.998343
-0.00826787 0.0163432 -0.998337
-0.00869276 0.0163432 -0.99833
-0.00784299 0.0167681 -0.998346
-0.00826787 0.0167681 -0.99834
-0.00869276 0.0167681 -0.998333
-0.00784299 0.017193 -0.998349
-0.00826787 0.017193 -0.998343
-0.00869276 0.017193 -0.998336
-0.00784299 0.0176179 -0.998352
-0.00826787 0.0176179 -0.998346
-0.00869276 0.0176179 -0.998339
-0.00784299 0.0180427 -0.998355
-0.00826787 0.0180427 -0.998349
-0.00869276 0.0180427 -0.998342
-0.00784299 0.0184676 -0.998358
-0.00826787 0.0184676 -0.998352
-0.00869276 0.0184676 -0.998345
-0.00784299 0.0188925 -0.998361
-0.00826787 0.0188925 -0.998355
-0.00869276 0.0188925 -0.998348
-0.00784299 0.0193174 -0.998364
-0.00826787 0.0193174 -0.998358
-0.00869276 0.0193174 -0.998351
-0.00784299 0.0197423 -0.998367
-0.00826787 0.0197423 -0.998361
-0.00869276 0.0197423 -0.998354
-0.00784299 0.0201672 -0.99837
-0.00826787 0.0201672 -0.998364
-0.00869276 0.0201672 -0.998357
-0.00784299 0.020592 -0.998373
-0.00826787 0.020592 -0.998367
-0.00869276 0.020592 -0.99836
-0.00784299 0.0210169 -0.998376
-0.00826787 0.0210169 -0.99837
-0.00869276 0.0210169 -0.998363
-0.00784299 0.0214418 -0.998379
-0.00826787 0.0214418 -0.998373
-0.00869276 0.0214418 -0.998366
-0.00784299 0.0218667 -0.998382
-0.00826787 0.0218667 -0.998376
-0.00869276 0.0218667 -0.998369
-0.00784299 0.0222916 -0.998385
-0.00826787 0.0222916 -0.998379
-0.00869276 0.0222916 -0.998372
-0.00784299 0.0227165 -0.998388
-0.00826787 0.0227165 -0.998382
-0.00869276 0.0227165 -0.998375
-0.00784299 0.0231413 -0.998391
-0.00826787 0.0231413 -0.998385
-0.00869276 0.0231413 -0.998378
-0.00784299 0.0235662 -0.998394
-0.00826787 0.0235662 -0.998388
-0.00869276 0.0235662 -0.998381
-0.00784299 0.0239911 -0.998397
-0.00826787 0.0239911 -0.998391
-0.00869276 0.0239911 -0.998384
-0.00784299 0.024416 -0.9984
-0.00826787 0.024416 -0.998394
-0.00869276 0.024416 -0.998387
-0.00784299 0.0248409 -0.998403
-0.00826787 0.0248409 -0.998397
-0.00869276 0.0248409 -0.99839
-0.00784299 0.0252658 -0.998406
-0.00826787 0.0252658 -0.998399
-0.00869276 0.0252658 -0.998393
-0.00784299 0.0256906 -0.998409
-0.00826787 0.0256906 -0.998402
-0.00869276 0.0256906 -0.998396
-0.00784299 0.0261155 -0.998412
-0.00826787 0.0261155 -0.998406
-0.00869276 0.0261155 -0.998399
-0.00784299 0.0265404 -0.998415
-0.00826787 0.0265404 -0.998408
-0.00869276 0.0265404 -0.998402
-0.00784299 0.0269653 -0.998418
-0.00826787 0.0269653 -0.998411
-0.00869276 0.0269653 -0.998405
-0.00784299 0.0273902 -0.998421
-0.00826787 0.0273902 -0.998414
-0.00869276 0.0273902 -0.998408
-0.00784299 0.0278151 -0.998424
-0.00826787 0.0278151 -0.998417
-0.00869276 0.0278151 -0.998411
-0.00784299 0.0282399 -0.998427
-0.00826787 0.0282399 -0.99842
-0.00869276 0.0282399 -0.998414
-0.00784299 0.0286648 -0.99843
-0.00826787 0.0286648 -0.998423
-0.00869276 0.0286648 -0.998417
-0.00784299 0.0290897 -0.998433
-0.00826787 0.0290897 -0.998426
-0.00869276 0.0290897 -0.99842
-0.00784299 0.0295146 -0.998436
-0.00826787 0.0295146 -0.998429
-0.00869276 0.0295146 -0.998423
-0.00784299 0.0299395 -0.998439
-0.00826787 0.0299395 -0.998432
-0.00869276 0.0299395 -0.998426
-0.00784299 0.0303644 -0.998442
-0.00826787 0.0303644 -0.998435
-0.00869276 0.0303644 -0.998429
-0.00784299 0.0307893 -0.998445
-0.00826787 0.0307893 -0.998438
-0.00869276 0.0307893 -0.998432
-0.00784299 0.0312141 -0.998448
-0.00826787 0.0312141 -0.998441
-0.00869276 0.0312141 -0.998435
-0.00784299 0.031639 -0.998451
-0.00826787 0.031639 -0.998444
-0.00869276 0.031639 -0.998438
-0.00784299 0.0320639 -0.998454
-0.00826787 0.0320639 -0.998447
-0.00869276 0.0320639 -0.998441
-0.00784299 0.0324888 -0.998457
-0.00826787 0.0324888 -0.99845
-0.00869276 0.0324888 -0.998444
