-0.00794113 0.0422664 -1.00264
-0.0072435 0.0422664 -1.00264
-0.00654587 0.0422664 -1.00263
-0.00794113 0.0415688 -1.00264
-0.0072435 0.0415688 -1.00264
-0.00654587 0.0415688 -1.00263
-0.00794113 0.0408711 -1.00264
-0.0072435 0.0408711 -1.00264
-0.00654587 0.0408711 -1.00263
-0.00794113 0.0401735 -1.00264
-0.0072435 0.0401735 -1.00264
-0.00654587 0.0401735 -1.00263
-0.00794113 0.0394759 -1.00264
-0.0072435 0.0394759 -1.00264
-0.00654587 0.0394759 -1.00263
-0.00794113 0.0387782 -1.00264
-0.0072435 0.0387782 -1.00264
-0.00654587 0.0387782 -1.00263
-0.00794113 0.0380806 -1.00264
-0.0072435 0.0380806 -1.00263
-0.00654587 0.0380806 -1.00263
-0.00794113 0.037383 -1.00264
-0.0072435 0.037383 -1.00263
-0.00654587 0.037383 -1.00263
-0.00794113 0.0366853 -1.00264
-0.0072435 0.0366853 -1.00263
-0.00654587 0.0366853 -1.00263
-0.00794113 0.0359877 -1.00264
-0.0072435 0.0359877 -1.00263
-0.00654587 0.0359877 -1.00263
-0.00794113 0.0352901 -1.00264
-0.0072435 0.0352901 -1.00263
-0.00654587 0.0352901 -1.00263
-0.00794113 0.0345924 -1.00264
-0.0072435 0.0345924 -1.00263
-0.00654587 0.0345924 -1.00263
-0.00794113 0.0338948 -1.00263
-0.0072435 0.0338948 -1.00263
-0.00654587 0.0338948 -1.00263
-0.00794113 0.0331972 -1.00263
-0.0072435 0.0331972 -1.00263
-0.00654587 0.0331972 -1.00263
-0.00794113 0.0324995 -1.00263
-0.0072435 0.0324995 -1.00263
-0.00654587 0.0324995 -1.00263
-0.00794113 0.0318019 -1.00263
-0.0072435 0.0318019 -1.00263
-0.00654587 0.0318019 -1.00263
-0.00794113 0.0311043 -1.00263
-0.0072435 0.0311043 -1.00263
-0.00654587 0.0311043 -1.00263
-0.00794113 0.0304067 -1.00263
-0.0072435 0.0304067 -1.00263
-0.00654587 0.0304067 -1.00263
-0.00794113 0.029709 -1.00263
-0.0072435 0.029709 -1.00263
-0.00654587 0.029709 -1.00263
-0.00794113 0.0290114 -1.00263
-0.0072435 0.0290114 -1.00263
-0.00654587 0.0290114 -1.00262
-0.00794113 0.0283138 -1.00263
-0.0072435 0.0283138 -1.00263
-0.00654587 0.0283138 -1.00262
-0.00794113 0.0276161 -1.00263
-0.0072435 0.0276161 -1.00263
-0.00654587 0.0276161 -1.00262
-0.00794113 0.0269185 -1.00263
-0.0072435 0.0269185 -1.00263
-0.00654587 0.0269185 -1.00262
-0.00794113 0.0262209 -1.00263
-0.0072435 0.0262209 -1.00263
-0.00654587 0.0262209 -1.00262
-0.00794113 0.0255232 -1.00263
-0.0072435 0.0255232 -1.00263
-0.00654587 0.0255232 -1.00262
-0.00794113 0.0248256 -1.00263
-0.0072435 0.0248256 -1.00262
-0.00654587 0.0248256 -1.00262
-0.00794113 0.024128 -1.00263
-0.0072435 0.024128 -1.00262
-0.00654587 0.024128 -1.00262
-0.00794113 0.0234303 -1.00263
-0.0072435 0.0234303 -1.00262
-0.00654587 0.0234303 -1.00262
-0.00794113 0.0227327 -1.00263
-0.0072435 0.0227327 -1.00262
-0.00654587 0.0227327 -1.00262
-0.00794113 0.0220351 -1.00263
-0.0072435 0.0220351 -1.00262
-0.00654587 0.0220351 -1.00262
-0.00794113 0.0213374 -1.00263
-0.0072435 0.0213374 -1.00262
-0.00654587 0.0213374 -1.00262
-0.00794113 0.0206398 -1.00262
-0.0072435 0.0206398 -1.00262
-0.00654587 0.0206398 -1.00262
-0.00794113 0.0199422 -1.00262
-0.0072435 0.0199422 -1.00262
-0.00654587 0.0199422 -1.00262
-0.00794113 0.0192446 -1.00262
-0.0072435 0.0192446 -1.00262
-0.00654587 0.0192446 -1.00262
-0.00794113 0.0185469 -1.00262
-0.0072435 0.0185469 -1.00262
-0.00654587 0.0185469 -1.00262
-0.00794113 0.0178493 -1.00262
-0.0072435 0.0178493 -1.00262
-0.00654587 0.0178493 -1.00262
-0.00794113 0.0171517 -1.00262
-0.0072435 0.0171517 -1.00262
-0.00654587 0.0171517 -1.00262
-0.00794113 0.016454 -1.00262
-0.0072435 0.016454 -1.00262
-0.00654587 0.016454 -1.00262
-0.00794113 0.0157564 -1.00262
-0.0072435 0.0157564 -1.00262
-0.00654587 0.0157564 -1.00262
-0.00794113 0.0150588 -1.00262
-0.0072435 0.0150588 -1.00262
-0.00654587 0.0150588 -1.00261
-0.00794113 0.0143611 -1.00262
-0.0072435 0.0143611 -1.00262
-0.00654587 0.0143611 -1.00261
-0.00794113 0.0136635 -1.00262
-0.0072435 0.0136635 -1.00262
-0.00654587 0.0136635 -1.00261
-0.00794113 0.0129659 -1.00262
-0.0072435 0.0129659 -1.00262
-0.00654587 0.0129659 -1.00261
-0.00794113 0.0122682 -1.00262
-0.0072435 0.0122682 -1.00262
-0.00654587 0.0122682 -1.00261
-0.00794113 0.0115706 -1.00262
-0.0072435 0.0115706 -1.00261
-0.00654587 0.0115706 -1.00261
-0.00794113 0.010873 -1.00262
-0.0072435 0.010873 -1.00261
-0.00654587 0.010873 -1.00261
-0.00794113 0.0101753 -1.00262
-0.0072435 0.0101753 -1.00261
-0.00654587 0.0101753 -1.00261
-0.00794113 0.00947771 -1.00262
-0.0072435 0.00947771 -1.00261
-0.00654587 0.00947771 -1.00261
-0.00794113 0.00878008 -1.00262
-0.0072435 0.00878008 -1.00261
-0.00654587 0.00878008 -1.00261
-0.00794113 0.00808245 -1.00262
-0.0072435 0.00808245 -1.00261
-0.00654587 0.00808245 -1.00261
-0.00794113 0.00738482 -1.00261
-0.0072435 0.00738482 -1.00261
-0.00654587 0.00738482 -1.00261
-0.00794113 0.00668719 -1.00261
-0.0072435 0.00668719 -1.00261
-0.00654587 0.00668719 -1.00261
-0.00794113 0.00598956 -1.00261
-0.0072435 0.00598956 -1.00261
-0.00654587 0.00598956 -1.00261
-0.00794113 0.00529192 -1.00261
-0.0072435 0.00529192 -1.00261
-0.00654587 0.00529192 -1.00261
-0.00794113 0.00459429 -1.00261
-0.0072435 0.00459429 -1.00261
-0.00654587 0.00459429 -1.00261
-0.00794113 0.00389666 -1.00261
-0.0072435 0.00389666 -1.00261
-0.00654587 0.00389666 -1.00261
-0.00794113 0.00319903 -1.00261
-0.0072435 0.00319903 -1.00261
-0.00654587 0.00319903 -1.00261
-0.00794113 0.0025014 -1.00261
-0.0072435 0.0025014 -1.00261
-0.00654587 0.0025014 -1.00261
-0.00794113 0.00180377 -1.00261
-0.0072435 0.00180377 -1.00261
-0.00654587 0.00180377 -1.0026
-0.00794113 0.00110614 -1.00261
-0.0072435 0.00110614 -1.00261
-0.00654587 0.00110614 -1.0026
-0.00794113 0.000408506 -1.00261
-0.0072435 0.000408506 -1.00261
-0.00654587 0.000408506 -1.0026
-0.00794113 -0.000289126 -1.00261
-0.0072435 -0.000289126 -1.00261
-0.00654587 -0.000289126 -1.0026
-0.00794113 -0.000986757 -1.00261
-0.0072435 -0.000986757 -1.00261
-0.00654587 -0.000986757 -1.0026
-0.00794113 -0.00168439 -1.00261
-0.0072435 -0.00168439 -1.00261
-0.00654587 -0.00168439 -1.0026
-0.00794113 -0.00238202 -1.00261
-0.0072435 -0.00238202 -1.0026
-0.00654587 -0.00238202 -1.0026
-0.00794113 -0.00307965 -1.00261
-0.0072435 -0.00307965 -1.0026
-0.00654587 -0.00307965 -1.0026
-0.00794113 -0.00377728 -1.00261
-0.0072435 -0.00377728 -1.0026
-0.00654587 -0.00377728 -1.0026
-0.00794113 -0.00447491 -1.00261
-0.0072435 -0.00447491 -1.0026
-0.00654587 -0.00447491 -1.0026
-0.00794113 -0.00517255 -1.00261
-0.0072435 -0.00517255 -1.0026
-0.00654587 -0.00517255 -1.0026
-0.00794113 -0.00587018 -1.00261
-0.0072435 -0.00587018 -1.0026
-0.00654587 -0.00587018 -1.0026
-0.00794113 -0.00656781 -1.0026
-0.0072435 -0.00656781 -1.0026
-0.00654587 -0.00656781 -1.0026
-0.00794113 -0.00726544 -1.0026
-0.0072435 -0.00726544 -1.0026
-0.00654587 -0.00726544 -1.0026
-0.00794113 -0.00796307 -1.0026
-0.0072435 -0.00796307 -1.0026
-0.00654587 -0.00796307 -1.0026
-0.00794113 -0.0086607 -1.0026
-0.0072435 -0.0086607 -1.0026
-0.00654587 -0.0086607 -1.0026
-0.00794113 -0.00935833 -1.0026
-0.0072435 -0.00935833 -1.0026
-0.00654587 -0.00935833 -1.0026
-0.00794113 -0.010056 -1.0026
-0.0072435 -0.010056 -1.0026
-0.00654587 -0.010056 -1.0026
-0.00794113 -0.0107536 -1.0026
-0.0072435 -0.0107536 -1.0026
-0.00654587 -0.0107536 -1.0026
-0.00794113 -0.0114512 -1.0026
-0.0072435 -0.0114512 -1.0026
-0.00654587 -0.0114512 -1.00259
-0.00794113 -0.0121489 -1.0026
-0.0072435 -0.0121489 -1.0026
-0.00654587 -0.0121489 -1.00259
-0.00794113 -0.0128465 -1.0026
-0.0072435 -0.0128465 -1.0026
-0.00654587 -0.0128465 -1.00259
-0.00794113 -0.0135441 -1.0026
-0.0072435 -0.0135441 -1.0026
-0.00654587 -0.0135441 -1.00259
-0.00794113 -0.0142418 -1.0026
-0.0072435 -0.0142418 -1.0026
-0.00654587 -0.0142418 -1.00259
-0.00794113 -0.0149394 -1.0026
-0.0072435 -0.0149394 -1.0026
-0.00654587 -0.0149394 -1.00259
-0.00794113 -0.015637 -1.0026
-0.0072435 -0.015637 -1.00259
-0.00654587 -0.015637 -1.00259
-0.00794113 -0.0163346 -1.0026
-0.0072435 -0.0163346 -1.00259
-0.00654587 -0.0163346 -1.00259
-0.00794113 -0.0170323 -1.0026
-0.0072435 -0.0170323 -1.00259
-0.00654587 -0.0170323 -1.00259
-0.00794113 -0.0177299 -1.0026
-0.0072435 -0.0177299 -1.00259
-0.00654587 -0.0177299 -1.00259
-0.00794113 -0.0184275 -1.0026
-0.0072435 -0.0184275 -1.00259
-0.00654587 -0.0184275 -1.00259
-0.00794113 -0.0191252 -1.0026
-0.0072435 -0.0191252 -1.00259
-0.00654587 -0.0191252 -1.00259
-0.00794113 -0.0198228 -1.00259
-0.0072435 -0.0198228 -1.00259
-0.00654587 -0.0198228 -1.00259
-0.00794113 -0.0205204 -1.00259
-0.0072435 -0.0205204 -1.00259
-0.00654587 -0.0205204 -1.00259
-0.00794113 -0.0212181 -1.00259
-0.0072435 -0.0212181 -1.00259
-0.00654587 -0.0212181 -1.00259
-0.00794113 -0.0219157 -1.00259
-0.0072435 -0.0219157 -1.00259
-0.00654587 -0.0219157 -1.00259
-0.00794113 -0.0226133 -1.00259
-0.0072435 -0.0226133 -1.00259
-0.00654587 -0.0226133 -1.00259
-0.00794113 -0.023311 -1.00259
-0.0072435 -0.023311 -1.00259
-0.00654587 -0.023311 -1.00259
-0.00794113 -0.0240086 -1.00259
-0.0072435 -0.0240086 -1.00259
-0.00654587 -0.0240086 -1.00259
-0.00794113 -0.0247062 -1.00259
-0.0072435 -0.0247062 -1.00259
-0.00654587 -0.0247062 -1.00258
-0.00794113 -0.0254039 -1.00259
-0.0072435 -0.0254039 -1.00259
-0.00654587 -0.0254039 -1.00258
-0.00794113 -0.0261015 -1.00259
-0.0072435 -0.0261015 -1.00259
-0.00654587 -0.0261015 -1.00258
-0.00794113 -0.0267991 -1.00259
-0.0072435 -0.0267991 -1.00259
-0.00654587 -0.0267991 -1.00258
-0.00794113 -0.0274967 -1.00259
-0.0072435 -0.0274967 -1.00259
-0.00654587 -0.0274967 -1.00258
-0.00794113 -0.0281944 -1.00259
-0.0072435 -0.0281944 -1.00259
-0.00654587 -0.0281944 -1.00258
-0.00794113 -0.028892 -1.00259
-0.0072435 -0.028892 -1.00258
-0.00654587 -0.028892 -1.00258
-0.00794113 -0.0295896 -1.00259
-0.0072435 -0.0295896 -1.00258
-0.00654587 -0.0295896 -1.00258
-0.00794113 -0.0302873 -1.00259
-0.0072435 -0.0302873 -1.00258
-0.00654587 -0.0302873 -1.00258
-0.00794113 -0.0309849 -1.00259
-0.0072435 -0.0309849 -1.00258
-0.00654587 -0.0309849 -1.00258
-0.00794113 -0.0316825 -1.00259
-0.0072435 -0.0316825 -1.00258
-0.00654587 -0.0316825 -1.00258
-0.00794113 -0.0323802 -1.00259
-0.0072435 -0.0323802 -1.00258
-0.00654587 -0.0323802 -1.00258
-0.00794113 -0.0330778 -1.00258
-0.0072435 -0.0330778 -1.00258
-0.00654587 -0.0330778 -1.00258
-0.00794113 -0.0337754 -1.00258
-0.0072435 -0.0337754 -1.00258
-0.00654587 -0.0337754 -1.00258
-0.00794113 -0.0344731 -1.00258
-0.0072435 -0.0344731 -1.00258
-0.00654587 -0.0344731 -1.00258
