0.0057435 -0.0164501 -1.01004
0.00533777 -0.0164501 -1.01005
0.00493204 -0.0164501 -1.01005
0.0057435 -0.0160444 -1.01004
0.00533777 -0.0160444 -1.01005
0.00493204 -0.0160444 -1.01005
0.0057435 -0.0156386 -1.01004
0.00533777 -0.0156386 -1.01005
0.00493204 -0.0156386 -1.01006
0.0057435 -0.0152329 -1.01005
0.00533777 -0.0152329 -1.01005
0.00493204 -0.0152329 -1.01006
0.0057435 -0.0148272 -1.01005
0.00533777 -0.0148272 -1.01005
0.00493204 -0.0148272 -1.01006
0.0057435 -0.0144214 -1.01005
0.00533777 -0.0144214 -1.01005
0.00493204 -0.0144214 -1.01006
0.0057435 -0.0140157 -1.01005
0.00533777 -0.0140157 -1.01005
0.00493204 -0.0140157 -1.01006
0.0057435 -0.01361 -1.01005
0.00533777 -0.01361 -1.01006
0.00493204 -0.01361 -1.01006
0.0057435 -0.0132042 -1.01005
0.00533777 -0.0132042 -1.01006
0.00493204 -0.0132042 -1.01006
0.0057435 -0.0127985 -1.01005
0.00533777 -0.0127985 -1.01006
0.00493204 -0.0127985 -1.01006
0.0057435 -0.0123928 -1.01005
0.00533777 -0.0123928 -1.01006
0.00493204 -0.0123928 -1.01007
0.0057435 -0.011987 -1.01006
0.00533777 -0.011987 -1.01006
0.00493204 -0.011987 -1.01007
0.0057435 -0.0115813 -1.01006
0.00533777 -0.0115813 -1.01006
0.00493204 -0.0115813 -1.01007
0.0057435 -0.0111756 -1.01006
0.00533777 -0.0111756 -1.01006
0.00493204 -0.0111756 -1.01007
0.0057435 -0.0107698 -1.01006
0.00533777 -0.0107698 -1.01006
0.00493204 -0.0107698 -1.01007
0.0057435 -0.0103641 -1.01006
0.00533777 -0.0103641 -1.01007
0.00493204 -0.0103641 -1.01007
0.0057435 -0.00995836 -1.01006
0.00533777 -0.00995836 -1.01007
0.00493204 -0.00995836 -1.01007
0.0057435 -0.00955263 -1.01006
0.00533777 -0.00955263 -1.01007
0.00493204 -0.00955263 -1.01007
0.0057435 -0.00914689 -1.01006
0.00533777 -0.00914689 -1.01007
0.00493204 -0.00914689 -1.01007
0.0057435 -0.00874116 -1.01007
0.00533777 -0.00874116 -1.01007
0.00493204 -0.00874116 -1.01008
0.0057435 -0.00833543 -1.01007
0.00533777 -0.00833543 -1.01007
0.00493204 -0.00833543 -1.01008
0.0057435 -0.00792969 -1.01007
0.00533777 -0.00792969 -1.01007
0.00493204 -0.00792969 -1.01008
0.0057435 -0.00752396 -1.01007
0.00533777 -0.00752396 -1.01007
0.00493204 -0.00752396 -1.01008
0.0057435 -0.00711823 -1.01007
0.00533777 -0.00711823 -1.01008
0.00493204 -0.00711823 -1.01008
0.0057435 -0.0067125 -1.01007
0.00533777 -0.0067125 -1.01008
0.00493204 -0.0067125 -1.01008
0.0057435 -0.00630676 -1.01007
0.00533777 -0.00630676 -1.01008
0.00493204 -0.00630676 -1.01008
0.0057435 -0.00590103 -1.01007
0.00533777 -0.00590103 -1.01008
0.00493204 -0.00590103 -1.01008
0.0057435 -0.0054953 -1.01008
0.00533777 -0.0054953 -1.01008
0.00493204 -0.0054953 -1.01009
0.0057435 -0.00508956 -1.01008
0.00533777 -0.00508956 -1.01008
0.00493204 -0.00508956 -1.01009
0.0057435 -0.00468383 -1.01008
0.00533777 -0.00468383 -1.01008
0.00493204 -0.00468383 -1.01009
0.0057435 -0.0042781 -1.01008
0.00533777 -0.0042781 -1.01008
0.00493204 -0.0042781 -1.01009
0.0057435 -0.00387237 -1.01008
0.00533777 -0.00387237 -1.01009
0.00493204 -0.00387237 -1.01009
0.0057435 -0.00346663 -1.01008
0.00533777 -0.00346663 -1.01009
0.00493204 -0.00346663 -1.01009
0.0057435 -0.0030609 -1.01008
0.00533777 -0.0030609 -1.01009
0.00493204 -0.0030609 -1.01009
0.0057435 -0.00265517 -1.01008
0.00533777 -0.00265517 -1.01009
0.00493204 -0.00265517 -1.0101
0.0057435 -0.00224943 -1.01009
0.00533777 -0.00224943 -1.01009
0.00493204 -0.00224943 -1.0101
0.0057435 -0.0018437 -1.01009
0.00533777 -0.0018437 -1.01009
0.00493204 -0.0018437 -1.0101
0.0057435 -0.00143797 -1.01009
0.00533777 -0.00143797 -1.01009
0.00493204 -0.00143797 -1.0101
0.0057435 -0.00103223 -1.01009
0.00533777 -0.00103223 -1.01009
0.00493204 -0.00103223 -1.0101
0.0057435 -0.000626502 -1.01009
0.00533777 -0.000626502 -1.0101
0.00493204 -0.000626502 -1.0101
0.0057435 -0.000220769 -1.01009
0.00533777 -0.000220769 -1.0101
0.00493204 -0.000220769 -1.0101
0.0057435 0.000184964 -1.01009
0.00533777 0.000184964 -1.0101
0.00493204 0.000184964 -1.0101
0.0057435 0.000590697 -1.01009
0.00533777 0.000590697 -1.0101
0.00493204 0.000590697 -1.01011
0.0057435 0.00099643 -1.0101
0.00533777 0.00099643 -1.0101
0.00493204 0.00099643 -1.01011
0.0057435 0.00140216 -1.0101
0.00533777 0.00140216 -1.0101
0.00493204 0.00140216 -1.01011
0.0057435 0.0018079 -1.0101
0.00533777 0.0018079 -1.0101
0.00493204 0.0018079 -1.01011
0.0057435 0.00221363 -1.0101
0.00533777 0.00221363 -1.0101
0.00493204 0.00221363 -1.01011
0.0057435 0.00261936 -1.0101
0.00533777 0.00261936 -1.01011
0.00493204 0.00261936 -1.01011
0.0057435 0.00302509 -1.0101
0.00533777 0.00302509 -1.01011
0.00493204 0.00302509 -1.01011
0.0057435 0.00343083 -1.0101
0.00533777 0.00343083 -1.01011
0.00493204 0.00343083 -1.01011
0.0057435 0.00383656 -1.0101
0.00533777 0.00383656 -1.01011
0.00493204 0.00383656 -1.01012
0.0057435 0.00424229 -1.01011
0.00533777 0.00424229 -1.01011
0.00493204 0.00424229 -1.01012
0.0057435 0.00464803 -1.01011
0.00533777 0.00464803 -1.01011
0.00493204 0.00464803 -1.01012
0.0057435 0.00505376 -1.01011
0.00533777 0.00505376 -1.01011
0.00493204 0.00505376 -1.01012
0.0057435 0.00545949 -1.01011
0.00533777 0.00545949 -1.01011
0.00493204 0.00545949 -1.01012
0.0057435 0.00586522 -1.01011
0.00533777 0.00586522 -1.01012
0.00493204 0.00586522 -1.01012
0.0057435 0.00627096 -1.01011
0.00533777 0.00627096 -1.01012
0.00493204 0.00627096 -1.01012
0.0057435 0.00667669 -1.01011
0.00533777 0.00667669 -1.01012
0.00493204 0.00667669 -1.01012
0.0057435 0.00708242 -1.01011
0.00533777 0.00708242 -1.01012
0.00493204 0.00708242 -1.01013
0.0057435 0.00748816 -1.01012
0.00533777 0.00748816 -1.01012
0.00493204 0.00748816 -1.01013
0.0057435 0.00789389 -1.01012
0.00533777 0.00789389 -1.01012
0.00493204 0.00789389 -1.01013
0.0057435 0.00829962 -1.01012
0.00533777 0.00829962 -1.01012
0.00493204 0.00829962 -1.01013
0.0057435 0.00870536 -1.01012
0.00533777 0.00870536 -1.01012
0.00493204 0.00870536 -1.01013
0.0057435 0.00911109 -1.01012
0.00533777 0.00911109 -1.01013
0.00493204 0.00911109 -1.01013
0.0057435 0.00951682 -1.01012
0.00533777 0.00951682 -1.01013
0.00493204 0.00951682 -1.01013
0.0057435 0.00992255 -1.01012
0.00533777 0.00992255 -1.01013
0.00493204 0.00992255 -1.01013
0.0057435 0.0103283 -1.01012
0.00533777 0.0103283 -1.01013
0.00493204 0.0103283 -1.01014
0.0057435 0.010734 -1.01013
0.00533777 0.010734 -1.01013
0.00493204 0.010734 -1.01014
0.0057435 0.0111398 -1.01013
0.00533777 0.0111398 -1.01013
0.00493204 0.0111398 -1.01014
0.0057435 0.0115455 -1.01013
0.00533777 0.0115455 -1.01013
0.00493204 0.0115455 -1.01014
0.0057435 0.0119512 -1.01013
0.00533777 0.0119512 -1.01013
0.00493204 0.0119512 -1.01014
0.0057435 0.012357 -1.01013
0.00533777 0.012357 -1.01014
0.00493204 0.012357 -1.01014
0.0057435 0.0127627 -1.01013
0.00533777 0.0127627 -1.01014
0.00493204 0.0127627 -1.01014
0.0057435 0.0131684 -1.01013
0.00533777 0.0131684 -1.01014
0.00493204 0.0131684 -1.01014
0.0057435 0.0135741 -1.01013
0.00533777 0.0135741 -1.01014
0.00493204 0.0135741 -1.01015
0.0057435 0.0139799 -1.01014
0.00533777 0.0139799 -1.01014
0.00493204 0.0139799 -1.01015
0.0057435 0.0143856 -1.01014
0.00533777 0.0143856 -1.01014
0.00493204 0.0143856 -1.01015
0.0057435 0.0147913 -1.01014
0.00533777 0.0147913 -1.01014
0.00493204 0.0147913 -1.01015
0.0057435 0.0151971 -1.01014
0.00533777 0.0151971 -1.01014
0.00493204 0.0151971 -1.01015
0.0057435 0.0156028 -1.01014
0.00533777 0.0156028 -1.01015
0.00493204 0.0156028 -1.01015
0.0057435 0.0160085 -1.01014
0.00533777 0.0160085 -1.01015
0.00493204 0.0160085 -1.01015
0.0057435 0.0164143 -1.01014
0.00533777 0.0164143 -1.01015
0.00493204 0.0164143 -1.01015
0.0057435 0.01682 -1.01014
0.00533777 0.01682 -1.01015
0.00493204 0.01682 -1.01016
0.0057435 0.0172257 -1.01015
0.00533777 0.0172257 -1.01015
0.00493204 0.0172257 -1.01016
0.0057435 0.0176315 -1.01015
0.00533777 0.0176315 -1.01015
0.00493204 0.0176315 -1.01016
0.0057435 0.0180372 -1.01015
0.00533777 0.0180372 -1.01015
0.00493204 0.0180372 -1.01016
0.0057435 0.0184429 -1.01015
0.00533777 0.0184429 -1.01015
0.00493204 0.0184429 -1.01016
0.0057435 0.0188487 -1.01015
0.00533777 0.0188487 -1.01016
0.00493204 0.0188487 -1.01016
0.0057435 0.0192544 -1.01015
0.00533777 0.0192544 -1.01016
0.00493204 0.0192544 -1.01016
0.0057435 0.0196601 -1.01015
0.00533777 0.0196601 -1.01016
0.00493204 0.0196601 -1.01016
0.0057435 0.0200659 -1.01015
0.00533777 0.0200659 -1.01016
0.00493204 0.0200659 -1.01017
0.0057435 0.0204716 -1.01016
0.00533777 0.0204716 -1.01016
0.00493204 0.0204716 -1.01017
0.0057435 0.0208773 -1.01016
0.00533777 0.0208773 -1.01016
0.00493204 0.0208773 -1.01017
0.0057435 0.0212831 -1.01016
0.00533777 0.0212831 -1.01016
0.00493204 0.0212831 -1.01017
0.0057435 0.0216888 -1.01016
0.00533777 0.0216888 -1.01016
0.00493204 0.0216888 -1.01017
0.0057435 0.0220945 -1.01016
0.00533777 0.0220945 -1.01017
0.00493204 0.0220945 -1.01017
0.0057435 0.0225003 -1.01016
0.00533777 0.0225003 -1.01017
0.00493204 0.0225003 -1.01017
0.0057435 0.022906 -1.01016
0.00533777 0.022906 -1.01017
0.00493204 0.022906 -1.01017
0.0057435 0.0233117 -1.01016
0.00533777 0.0233117 -1.01017
0.00493204 0.0233117 -1.01017
0.0057435 0.0237175 -1.01017
0.00533777 0.0237175 -1.01017
0.00493204 0.0237175 -1.01018
0.0057435 0.0241232 -1.01017
0.00533777 0.0241232 -1.01017
0.00493204 0.0241232 -1.01018
0.0057435 0.0245289 -1.01017
0.00533777 0.0245289 -1.01017
0.00493204 0.0245289 -1.01018
0.0057435 0.0249347 -1.01017
0.00533777 0.0249347 -1.01017
0.00493204 0.0249347 -1.01018
0.0057435 0.0253404 -1.01017
0.00533777 0.0253404 -1.01018
0.00493204 0.0253404 -1.01018
0.0057435 0.0257461 -1.01017
0.00533777 0.0257461 -1.01018
0.00493204 0.0257461 -1.01018
0.0057435 0.0261519 -1.01017
0.00533777 0.0261519 -1.01018
0.00493204 0.0261519 -1.01018
0.0057435 0.0265576 -1.01017
0.00533777 0.0265576 -1.01018
0.00493204 0.0265576 -1.01019
0.0057435 0.0269633 -1.01018
0.00533777 0.0269633 -1.01018
0.00493204 0.0269633 -1.01019
0.0057435 0.0273691 -1.01018
0.00533777 0.0273691 -1.01018
0.00493204 0.0273691 -1.01019
0.0057435 0.0277748 -1.01018
0.00533777 0.0277748 -1.01018
0.00493204 0.0277748 -1.01019
0.0057435 0.0281805 -1.01018
0.00533777 0.0281805 -1.01018
0.00493204 0.0281805 -1.01019
