0.011964 0.0317139 -1.02034
0.0123386 0.0317139 -1.02035
0.0127132 0.0317139 -1.02035
0.011964 0.0313393 -1.02034
0.0123386 0.0313393 -1.02035
0.0127132 0.0313393 -1.02035
0.011964 0.0309647 -1.02034
0.0123386 0.0309647 -1.02035
0.0127132 0.0309647 -1.02035
0.011964 0.03059 -1.02034
0.0123386 0.03059 -1.02035
0.0127132 0.03059 -1.02035
0.011964 0.0302154 -1.02034
0.0123386 0.0302154 -1.02035
0.0127132 0.0302154 -1.02035
0.011964 0.0298408 -1.02034
0.0123386 0.0298408 -1.02035
0.0127132 0.0298408 -1.02035
0.011964 0.0294662 -1.02034
0.0123386 0.0294662 -1.02035
0.0127132 0.0294662 -1.02035
0.011964 0.0290916 -1.02034
0.0123386 0.0290916 -1.02035
0.0127132 0.0290916 -1.02035
0.011964 0.0287169 -1.02034
0.0123386 0.0287169 -1.02035
0.0127132 0.0287169 -1.02035
0.011964 0.0283423 -1.02035
0.0123386 0.0283423 -1.02035
0.0127132 0.0283423 -1.02035
0.011964 0.0279677 -1.02035
0.0123386 0.0279677 -1.02035
0.0127132 0.0279677 -1.02035
0.011964 0.0275931 -1.02035
0.0123386 0.0275931 -1.02035
0.0127132 0.0275931 -1.02035
0.011964 0.0272185 -1.02035
0.0123386 0.0272185 -1.02035
0.0127132 0.0272185 -1.02035
0.011964 0.0268438 -1.02035
0.0123386 0.0268438 -1.02035
0.0127132 0.0268438 -1.02035
0.011964 0.0264692 -1.02035
0.0123386 0.0264692 -1.02035
0.0127132 0.0264692 -1.02035
0.011964 0.0260946 -1.02035
0.0123386 0.0260946 -1.02035
0.0127132 0.0260946 -1.02035
0.011964 0.02572 -1.02035
0.0123386 0.02572 -1.02035
0.0127132 0.02572 -1.02035
0.011964 0.0253454 -1.02035
0.0123386 0.0253454 -1.02035
0.0127132 0.0253454 -1.02035
0.011964 0.0249707 -1.02035
0.0123386 0.0249707 -1.02035
0.0127132 0.0249707 -1.02035
0.011964 0.0245961 -1.02035
0.0123386 0.0245961 -1.02035
0.0127132 0.0245961 -1.02035
0.011964 0.0242215 -1.02035
0.0123386 0.0242215 -1.02035
0.0127132 0.0242215 -1.02035
0.011964 0.0238469 -1.02035
0.0123386 0.0238469 -1.02035
0.0127132 0.0238469 -1.02035
0.011964 0.0234723 -1.02035
0.0123386 0.0234723 -1.02035
0.0127132 0.0234723 -1.02035
0.011964 0.0230976 -1.02035
0.0123386 0.0230976 -1.02035
0.0127132 0.0230976 -1.02035
0.011964 0.022723 -1.02035
0.0123386 0.022723 -1.02035
0.0127132 0.022723 -1.02035
0.011964 0.0223484 -1.02035
0.0123386 0.0223484 -1.02035
0.0127132 0.0223484 -1.02035
0.011964 0.0219738 -1.02035
0.0123386 0.0219738 -1.02035
0.0127132 0.0219738 -1.02035
0.011964 0.0215991 -1.02035
0.0123386 0.0215991 -1.02035
0.0127132 0.0215991 -1.02035
0.011964 0.0212245 -1.02035
0.0123386 0.0212245 -1.02035
0.0127132 0.0212245 -1.02035
0.011964 0.0208499 -1.02035
0.0123386 0.0208499 -1.02035
0.0127132 0.0208499 -1.02035
0.011964 0.0204753 -1.02035
0.0123386 0.0204753 -1.02035
0.0127132 0.0204753 -1.02035
0.011964 0.0201007 -1.02035
0.0123386 0.0201007 -1.02035
0.0127132 0.0201007 -1.02035
0.011964 0.019726 -1.02035
0.0123386 0.019726 -1.02035
0.0127132 0.019726 -1.02035
0.011964 0.0193514 -1.02035
0.0123386 0.0193514 -1.02035
0.0127132 0.0193514 -1.02036
0.011964 0.0189768 -1.02035
0.0123386 0.0189768 -1.02035
0.0127132 0.0189768 -1.02036
0.011964 0.0186022 -1.02035
0.0123386 0.0186022 -1.02035
0.0127132 0.0186022 -1.02036
0.011964 0.0182276 -1.02035
0.0123386 0.0182276 -1.02035
0.0127132 0.0182276 -1.02036
0.011964 0.0178529 -1.02035
0.0123386 0.0178529 -1.02035
0.0127132 0.0178529 -1.02036
0.011964 0.0174783 -1.02035
0.0123386 0.0174783 -1.02035
0.0127132 0.0174783 -1.02036
0.011964 0.0171037 -1.02035
0.0123386 0.0171037 -1.02035
0.0127132 0.0171037 -1.02036
0.011964 0.0167291 -1.02035
0.0123386 0.0167291 -1.02035
0.0127132 0.0167291 -1.02036
0.011964 0.0163545 -1.02035
0.0123386 0.0163545 -1.02035
0.0127132 0.0163545 -1.02036
0.011964 0.0159798 -1.02035
0.0123386 0.0159798 -1.02036
0.0127132 0.0159798 -1.02036
0.011964 0.0156052 -1.02035
0.0123386 0.0156052 -1.02036
0.0127132 0.0156052 -1.02036
0.011964 0.0152306 -1.02035
0.0123386 0.0152306 -1.02036
0.0127132 0.0152306 -1.02036
0.011964 0.014856 -1.02035
0.0123386 0.014856 -1.02036
0.0127132 0.014856 -1.02036
0.011964 0.0144814 -1.02035
0.0123386 0.0144814 -1.02036
0.0127132 0.0144814 -1.02036
0.011964 0.0141067 -1.02035
0.0123386 0.0141067 -1.02036
0.0127132 0.0141067 -1.02036
0.011964 0.0137321 -1.02035
0.0123386 0.0137321 -1.02036
0.0127132 0.0137321 -1.02036
0.011964 0.0133575 -1.02035
0.0123386 0.0133575 -1.02036
0.0127132 0.0133575 -1.02036
0.011964 0.0129829 -1.02035
0.0123386 0.0129829 -1.02036
0.0127132 0.0129829 -1.02036
0.011964 0.0126083 -1.02035
0.0123386 0.0126083 -1.02036
0.0127132 0.0126083 -1.02036
0.011964 0.0122336 -1.02036
0.0123386 0.0122336 -1.02036
0.0127132 0.0122336 -1.02036
0.011964 0.011859 -1.02036
0.0123386 0.011859 -1.02036
0.0127132 0.011859 -1.02036
0.011964 0.0114844 -1.02036
0.0123386 0.0114844 -1.02036
0.0127132 0.0114844 -1.02036
0.011964 0.0111098 -1.02036
0.0123386 0.0111098 -1.02036
0.0127132 0.0111098 -1.02036
0.011964 0.0107351 -1.02036
0.0123386 0.0107351 -1.02036
0.0127132 0.0107351 -1.02036
0.011964 0.0103605 -1.02036
0.0123386 0.0103605 -1.02036
0.0127132 0.0103605 -1.02036
0.011964 0.0099859 -1.02036
0.0123386 0.0099859 -1.02036
0.0127132 0.0099859 -1.02036
0.011964 0.00961128 -1.02036
0.0123386 0.00961128 -1.02036
0.0127132 0.00961128 -1.02036
0.011964 0.00923666 -1.02036
0.0123386 0.00923666 -1.02036
0.0127132 0.00923666 -1.02036
0.011964 0.00886204 -1.02036
0.0123386 0.00886204 -1.02036
0.0127132 0.00886204 -1.02036
0.011964 0.00848742 -1.02036
0.0123386 0.00848742 -1.02036
0.0127132 0.00848742 -1.02036
0.011964 0.0081128 -1.02036
0.0123386 0.0081128 -1.02036
0.0127132 0.0081128 -1.02036
0.011964 0.00773818 -1.02036
0.0123386 0.00773818 -1.02036
0.0127132 0.00773818 -1.02036
0.011964 0.00736356 -1.02036
0.0123386 0.00736356 -1.02036
0.0127132 0.00736356 -1.02036
0.011964 0.00698894 -1.02036
0.0123386 0.00698894 -1.02036
0.0127132 0.00698894 -1.02036
0.011964 0.00661432 -1.02036
0.0123386 0.00661432 -1.02036
0.0127132 0.00661432 -1.02036
0.011964 0.0062397 -1.02036
0.0123386 0.0062397 -1.02036
0.0127132 0.0062397 -1.02036
0.011964 0.00586508 -1.02036
0.0123386 0.00586508 -1.02036
0.0127132 0.00586508 -1.02036
0.011964 0.00549045 -1.02036
0.0123386 0.00549045 -1.02036
0.0127132 0.00549045 -1.02036
0.011964 0.00511583 -1.02036
0.0123386 0.00511583 -1.02036
0.0127132 0.00511583 -1.02036
0.011964 0.00474121 -1.02036
0.0123386 0.00474121 -1.02036
0.0127132 0.00474121 -1.02036
0.011964 0.00436659 -1.02036
0.0123386 0.00436659 -1.02036
0.0127132 0.00436659 -1.02036
0.011964 0.00399197 -1.02036
0.0123386 0.00399197 -1.02036
0.0127132 0.00399197 -1.02036
0.011964 0.00361735 -1.02036
0.0123386 0.00361735 -1.02036
0.0127132 0.00361735 -1.02036
0.011964 0.00324273 -1.02036
0.0123386 0.00324273 -1.02036
0.0127132 0.00324273 -1.02037
0.011964 0.00286811 -1.02036
0.0123386 0.00286811 -1.02036
0.0127132 0.00286811 -1.02037
0.011964 0.00249349 -1.02036
0.0123386 0.00249349 -1.02036
0.0127132 0.00249349 -1.02037
0.011964 0.00211887 -1.02036
0.0123386 0.00211887 -1.02036
0.0127132 0.00211887 -1.02037
0.011964 0.00174425 -1.02036
0.0123386 0.00174425 -1.02036
0.0127132 0.00174425 -1.02037
0.011964 0.00136963 -1.02036
0.0123386 0.00136963 -1.02036
0.0127132 0.00136963 -1.02037
0.011964 0.000995005 -1.02036
0.0123386 0.000995005 -1.02036
0.0127132 0.000995005 -1.02037
0.011964 0.000620385 -1.02036
0.0123386 0.000620385 -1.02036
0.0127132 0.000620385 -1.02037
0.011964 0.000245764 -1.02036
0.0123386 0.000245764 -1.02036
0.0127132 0.000245764 -1.02037
0.011964 -0.000128857 -1.02036
0.0123386 -0.000128857 -1.02037
0.0127132 -0.000128857 -1.02037
0.011964 -0.000503478 -1.02036
0.0123386 -0.000503478 -1.02037
0.0127132 -0.000503478 -1.02037
0.011964 -0.000878099 -1.02036
0.0123386 -0.000878099 -1.02037
0.0127132 -0.000878099 -1.02037
0.011964 -0.00125272 -1.02036
0.0123386 -0.00125272 -1.02037
0.0127132 -0.00125272 -1.02037
0.011964 -0.00162734 -1.02036
0.0123386 -0.00162734 -1.02037
0.0127132 -0.00162734 -1.02037
0.011964 -0.00200196 -1.02036
0.0123386 -0.00200196 -1.02037
0.0127132 -0.00200196 -1.02037
0.011964 -0.00237658 -1.02036
0.0123386 -0.00237658 -1.02037
0.0127132 -0.00237658 -1.02037
0.011964 -0.0027512 -1.02036
0.0123386 -0.0027512 -1.02037
0.0127132 -0.0027512 -1.02037
0.011964 -0.00312582 -1.02036
0.0123386 -0.00312582 -1.02037
0.0127132 -0.00312582 -1.02037
0.011964 -0.00350044 -1.02036
0.0123386 -0.00350044 -1.02037
0.0127132 -0.00350044 -1.02037
0.011964 -0.00387507 -1.02037
0.0123386 -0.00387507 -1.02037
0.0127132 -0.00387507 -1.02037
0.011964 -0.00424969 -1.02037
0.0123386 -0.00424969 -1.02037
0.0127132 -0.00424969 -1.02037
0.011964 -0.00462431 -1.02037
0.0123386 -0.00462431 -1.02037
0.0127132 -0.00462431 -1.02037
0.011964 -0.00499893 -1.02037
0.0123386 -0.00499893 -1.02037
0.0127132 -0.00499893 -1.02037
0.011964 -0.00537355 -1.02037
0.0123386 -0.00537355 -1.02037
0.0127132 -0.00537355 -1.02037
0.011964 -0.00574817 -1.02037
0.0123386 -0.00574817 -1.02037
0.0127132 -0.00574817 -1.02037
0.011964 -0.00612279 -1.02037
0.0123386 -0.00612279 -1.02037
0.0127132 -0.00612279 -1.02037
0.011964 -0.00649741 -1.02037
0.0123386 -0.00649741 -1.02037
0.0127132 -0.00649741 -1.02037
0.011964 -0.00687203 -1.02037
0.0123386 -0.00687203 -1.02037
0.0127132 -0.00687203 -1.02037
0.011964 -0.00724665 -1.02037
0.0123386 -0.00724665 -1.02037
0.0127132 -0.00724665 -1.02037
0.011964 -0.00762127 -1.02037
0.0123386 -0.00762127 -1.02037
0.0127132 -0.00762127 -1.02037
0.011964 -0.00799589 -1.02037
0.0123386 -0.00799589 -1.02037
0.0127132 -0.00799589 -1.02037
0.011964 -0.00837051 -1.02037
0.0123386 -0.00837051 -1.02037
0.0127132 -0.00837051 -1.02037
0.011964 -0.00874514 -1.02037
0.0123386 -0.00874514 -1.02037
0.0127132 -0.00874514 -1.02037
0.011964 -0.00911976 -1.02037
0.0123386 -0.00911976 -1.02037
0.0127132 -0.00911976 -1.02037
0.011964 -0.00949438 -1.02037
0.0123386 -0.00949438 -1.02037
0.0127132 -0.00949438 -1.02037
