-0.0059189 -0.011773 -1.01207
-0.0069124 -0.011773 -1.01207
-0.00790591 -0.011773 -1.01207
-0.0059189 -0.0107795 -1.01207
-0.0069124 -0.0107795 -1.01207
-0.00790591 -0.0107795 -1.01207
-0.0059189 -0.00978597 -1.01207
-0.0069124 -0.00978597 -1.01207
-0.00790591 -0.00978597 -1.01207
-0.0059189 -0.00879247 -1.01207
-0.0069124 -0.00879247 -1.01207
-0.00790591 -0.00879247 -1.01207
-0.0059189 -0.00779897 -1.01207
-0.0069124 -0.00779897 -1.01207
-0.00790591 -0.00779897 -1.01207
-0.0059189 -0.00680546 -1.01207
-0.0069124 -0.00680546 -1.01207
-0.00790591 -0.00680546 -1.01207
-0.0059189 -0.00581196 -1.01208
-0.0069124 -0.00581196 -1.01207
-0.00790591 -0.00581196 -1.01207
-0.0059189 -0.00481846 -1.01208
-0.0069124 -0.00481846 -1.01208
-0.00790591 -0.00481846 -1.01207
-0.0059189 -0.00382495 -1.01208
-0.0069124 -0.00382495 -1.01208
-0.00790591 -0.00382495 -1.01207
-0.0059189 -0.00283145 -1.01208
-0.0069124 -0.00283145 -1.01208
-0.00790591 -0.00283145 -1.01208
-0.0059189 -0.00183795 -1.01208
-0.0069124 -0.00183795 -1.01208
-0.00790591 -0.00183795 -1.01208
-0.0059189 -0.000844446 -1.01208
-0.0069124 -0.000844446 -1.01208
-0.00790591 -0.000844446 -1.01208
-0.0059189 0.000149057 -1.01208
-0.0069124 0.000149057 -1.01208
-0.00790591 0.000149057 -1.01208
-0.0059189 0.00114256 -1.01208
-0.0069124 0.00114256 -1.01208
-0.00790591 0.00114256 -1.01208
-0.0059189 0.00213606 -1.01208
-0.0069124 0.00213606 -1.01208
-0.00790591 0.00213606 -1.01208
-0.0059189 0.00312957 -1.01208
-0.0069124 0.00312957 -1.01208
-0.00790591 0.00312957 -1.01208
-0.0059189 0.00412307 -1.01208
-0.0069124 0.00412307 -1.01208
-0.00790591 0.00412307 -1.01208
-0.0059189 0.00511657 -1.01208
-0.0069124 0.00511657 -1.01208
-0.00790591 0.00511657 -1.01208
-0.0059189 0.00611007 -1.01208
-0.0069124 0.00611007 -1.01208
-0.00790591 0.00611007 -1.01208
-0.0059189 0.00710358 -1.01208
-0.0069124 0.00710358 -1.01208
-0.00790591 0.00710358 -1.01208
-0.0059189 0.00809708 -1.01208
-0.0069124 0.00809708 -1.01208
-0.00790591 0.00809708 -1.01208
-0.0059189 0.00909058 -1.01209
-0.0069124 0.00909058 -1.01208
-0.00790591 0.00909058 -1.01208
-0.0059189 0.0100841 -1.01209
-0.0069124 0.0100841 -1.01208
-0.00790591 0.0100841 -1.01208
-0.0059189 0.0110776 -1.01209
-0.0069124 0.0110776 -1.01209
-0.00790591 0.0110776 -1.01208
-0.0059189 0.0120711 -1.01209
-0.0069124 0.0120711 -1.01209
-0.00790591 0.0120711 -1.01208
-0.0059189 0.0130646 -1.01209
-0.0069124 0.0130646 -1.01209
-0.00790591 0.0130646 -1.01209
-0.0059189 0.0140581 -1.01209
-0.0069124 0.0140581 -1.01209
-0.00790591 0.0140581 -1.01209
-0.0059189 0.0150516 -1.01209
-0.0069124 0.0150516 -1.01209
-0.00790591 0.0150516 -1.01209
-0.0059189 0.0160451 -1.01209
-0.0069124 0.0160451 -1.01209
-0.00790591 0.0160451 -1.01209
-0.0059189 0.0170386 -1.01209
-0.0069124 0.0170386 -1.01209
-0.00790591 0.0170386 -1.01209
-0.0059189 0.0180321 -1.01209
-0.0069124 0.0180321 -1.01209
-0.00790591 0.0180321 -1.01209
-0.0059189 0.0190256 -1.01209
-0.0069124 0.0190256 -1.01209
-0.00790591 0.0190256 -1.01209
-0.0059189 0.0200191 -1.01209
-0.0069124 0.0200191 -1.01209
-0.00790591 0.0200191 -1.01209
-0.0059189 0.0210126 -1.01209
-0.0069124 0.0210126 -1.01209
-0.00790591 0.0210126 -1.01209
-0.0059189 0.0220061 -1.01209
-0.0069124 0.0220061 -1.01209
-0.00790591 0.0220061 -1.01209
-0.0059189 0.0229996 -1.01209
-0.0069124 0.0229996 -1.01209
-0.00790591 0.0229996 -1.01209
-0.0059189 0.0239931 -1.01209
-0.0069124 0.0239931 -1.01209
-0.00790591 0.0239931 -1.01209
-0.0059189 0.0249866 -1.0121
-0.0069124 0.0249866 -1.01209
-0.00790591 0.0249866 -1.01209
-0.0059189 0.0259801 -1.0121
-0.0069124 0.0259801 -1.01209
-0.00790591 0.0259801 -1.01209
-0.0059189 0.0269736 -1.0121
-0.0069124 0.0269736 -1.0121
-0.00790591 0.0269736 -1.01209
-0.0059189 0.0279671 -1.0121
-0.0069124 0.0279671 -1.0121
-0.00790591 0.0279671 -1.01209
-0.0059189 0.0289606 -1.0121
-0.0069124 0.0289606 -1.0121
-0.00790591 0.0289606 -1.0121
-0.0059189 0.0299541 -1.0121
-0.0069124 0.0299541 -1.0121
-0.00790591 0.0299541 -1.0121
-0.0059189 0.0309476 -1.0121
-0.0069124 0.0309476 -1.0121
-0.00790591 0.0309476 -1.0121
-0.0059189 0.0319411 -1.0121
-0.0069124 0.0319411 -1.0121
-0.00790591 0.0319411 -1.0121
-0.0059189 0.0329347 -1.0121
-0.0069124 0.0329347 -1.0121
-0.00790591 0.0329347 -1.0121
-0.0059189 0.0339282 -1.0121
-0.0069124 0.0339282 -1.0121
-0.00790591 0.0339282 -1.0121
-0.0059189 0.0349217 -1.0121
-0.0069124 0.0349217 -1.0121
-0.00790591 0.0349217 -1.0121
-0.0059189 0.0359152 -1.0121
-0.0069124 0.0359152 -1.0121
-0.00790591 0.0359152 -1.0121
-0.0059189 0.0369087 -1.0121
-0.0069124 0.0369087 -1.0121
-0.00790591 0.0369087 -1.0121
-0.0059189 0.0379022 -1.0121
-0.0069124 0.0379022 -1.0121
-0.00790591 0.0379022 -1.0121
-0.0059189 0.0388957 -1.0121
-0.0069124 0.0388957 -1.0121
-0.00790591 0.0388957 -1.0121
-0.0059189 0.0398892 -1.0121
-0.0069124 0.0398892 -1.0121
-0.00790591 0.0398892 -1.0121
-0.0059189 0.0408827 -1.01211
-0.0069124 0.0408827 -1.0121
-0.00790591 0.0408827 -1.0121
-0.0059189 0.0418762 -1.01211
-0.0069124 0.0418762 -1.0121
-0.00790591 0.0418762 -1.0121
-0.0059189 0.0428697 -1.01211
-0.0069124 0.0428697 -1.01211
-0.00790591 0.0428697 -1.0121
-0.0059189 0.0438632 -1.01211
-0.0069124 0.0438632 -1.01211
-0.00790591 0.0438632 -1.0121
-0.0059189 0.0448567 -1.01211
-0.0069124 0.0448567 -1.01211
-0.00790591 0.0448567 -1.01211
-0.0059189 0.0458502 -1.01211
-0.0069124 0.0458502 -1.01211
-0.00790591 0.0458502 -1.01211
-0.0059189 0.0468437 -1.01211
-0.0069124 0.0468437 -1.01211
-0.00790591 0.0468437 -1.01211
-0.0059189 0.0478372 -1.01211
-0.0069124 0.0478372 -1.01211
-0.00790591 0.0478372 -1.01211
-0.0059189 0.0488307 -1.01211
-0.0069124 0.0488307 -1.01211
-0.00790591 0.0488307 -1.01211
-0.0059189 0.0498242 -1.01211
-0.0069124 0.0498242 -1.01211
-0.00790591 0.0498242 -1.01211
-0.0059189 0.0508177 -1.01211
-0.0069124 0.0508177 -1.01211
-0.00790591 0.0508177 -1.01211
-0.0059189 0.0518112 -1.01211
-0.0069124 0.0518112 -1.01211
-0.00790591 0.0518112 -1.01211
-0.0059189 0.0528047 -1.01211
-0.0069124 0.0528047 -1.01211
-0.00790591 0.0528047 -1.01211
-0.0059189 0.0537982 -1.01211
-0.0069124 0.0537982 -1.01211
-0.00790591 0.0537982 -1.01211
-0.0059189 0.0547917 -1.01211
-0.0069124 0.0547917 -1.01211
-0.00790591 0.0547917 -1.01211
-0.0059189 0.0557852 -1.01211
-0.0069124 0.0557852 -1.01211
-0.00790591 0.0557852 -1.01211
-0.0059189 0.0567787 -1.01212
-0.0069124 0.0567787 -1.01211
-0.00790591 0.0567787 -1.01211
-0.0059189 0.0577722 -1.01212
-0.0069124 0.0577722 -1.01211
-0.00790591 0.0577722 -1.01211
-0.0059189 0.0587657 -1.01212
-0.0069124 0.0587657 -1.01212
-0.00790591 0.0587657 -1.01211
-0.0059189 0.0597592 -1.01212
-0.0069124 0.0597592 -1.01212
-0.00790591 0.0597592 -1.01212
-0.0059189 0.0607527 -1.01212
-0.0069124 0.0607527 -1.01212
-0.00790591 0.0607527 -1.01212
-0.0059189 0.0617462 -1.01212
-0.0069124 0.0617462 -1.01212
-0.00790591 0.0617462 -1.01212
-0.0059189 0.0627397 -1.01212
-0.0069124 0.0627397 -1.01212
-0.00790591 0.0627397 -1.01212
-0.0059189 0.0637332 -1.01212
-0.0069124 0.0637332 -1.01212
-0.00790591 0.0637332 -1.01212
-0.0059189 0.0647267 -1.01212
-0.0069124 0.0647267 -1.01212
-0.00790591 0.0647267 -1.01212
-0.0059189 0.0657203 -1.01212
-0.0069124 0.0657203 -1.01212
-0.00790591 0.0657203 -1.01212
-0.0059189 0.0667138 -1.01212
-0.0069124 0.0667138 -1.01212
-0.00790591 0.0667138 -1.01212
-0.0059189 0.0677073 -1.01212
-0.0069124 0.0677073 -1.01212
-0.00790591 0.0677073 -1.01212
-0.0059189 0.0687008 -1.01212
-0.0069124 0.0687008 -1.01212
-0.00790591 0.0687008 -1.01212
-0.0059189 0.0696943 -1.01212
-0.0069124 0.0696943 -1.01212
-0.00790591 0.0696943 -1.01212
-0.0059189 0.0706878 -1.01212
-0.0069124 0.0706878 -1.01212
-0.00790591 0.0706878 -1.01212
-0.0059189 0.0716813 -1.01212
-0.0069124 0.0716813 -1.01212
-0.00790591 0.0716813 -1.01212
-0.0059189 0.0726748 -1.01213
-0.0069124 0.0726748 -1.01212
-0.00790591 0.0726748 -1.01212
-0.0059189 0.0736683 -1.01213
-0.0069124 0.0736683 -1.01212
-0.00790591 0.0736683 -1.01212
-0.0059189 0.0746618 -1.01213
-0.0069124 0.0746618 -1.01213
-0.00790591 0.0746618 -1.01212
-0.0059189 0.0756553 -1.01213
-0.0069124 0.0756553 -1.01213
-0.00790591 0.0756553 -1.01213
-0.0059189 0.0766488 -1.01213
-0.0069124 0.0766488 -1.01213
-0.00790591 0.0766488 -1.01213
-0.0059189 0.0776423 -1.01213
-0.0069124 0.0776423 -1.01213
-0.00790591 0.0776423 -1.01213
-0.0059189 0.0786358 -1.01213
-0.0069124 0.0786358 -1.01213
-0.00790591 0.0786358 -1.01213
-0.0059189 0.0796293 -1.01213
-0.0069124 0.0796293 -1.01213
-0.00790591 0.0796293 -1.01213
-0.0059189 0.0806228 -1.01213
-0.0069124 0.0806228 -1.01213
-0.00790591 0.0806228 -1.01213
-0.0059189 0.0816163 -1.01213
-0.0069124 0.0816163 -1.01213
-0.00790591 0.0816163 -1.01213
-0.0059189 0.0826098 -1.01213
-0.0069124 0.0826098 -1.01213
-0.00790591 0.0826098 -1.01213
-0.0059189 0.0836033 -1.01213
-0.0069124 0.0836033 -1.01213
-0.00790591 0.0836033 -1.01213
-0.0059189 0.0845968 -1.01213
-0.0069124 0.0845968 -1.01213
-0.00790591 0.0845968 -1.01213
-0.0059189 0.0855903 -1.01213
-0.0069124 0.0855903 -1.01213
-0.00790591 0.0855903 -1.01213
-0.0059189 0.0865838 -1.01213
-0.0069124 0.0865838 -1.01213
-0.00790591 0.0865838 -1.01213
-0.0059189 0.0875773 -1.01213
-0.0069124 0.0875773 -1.01213
-0.00790591 0.0875773 -1.01213
-0.0059189 0.0885708 -1.01214
-0.0069124 0.0885708 -1.01213
-0.00790591 0.0885708 -1.01213
-0.0059189 0.0895643 -1.01214
-0.0069124 0.0895643 -1.01213
-0.00790591 0.0895643 -1.01213
-0.0059189 0.0905578 -1.01214
-0.0069124 0.0905578 -1.01214
-0.00790591 0.0905578 -1.01213
-0.0059189 0.0915513 -1.01214
-0.0069124 0.0915513 -1.01214
-0.00790591 0.0915513 -1.01214
-0.0059189 0.0925448 -1.01214
-0.0069124 0.0925448 -1.01214
-0.00790591 0.0925448 -1.01214
-0.0059189 0.0935383 -1.01214
-0.0069124 0.0935383 -1.01214
-0.00790591 0.0935383 -1.01214
-0.0059189 0.0945318 -1.01214
-0.0069124 0.0945318 -1.01214
-0.00790591 0.0945318 -1.01214
-0.0059189 0.0955253 -1.01214
-0.0069124 0.0955253 -1.01214
-0.00790591 0.0955253 -1.01214
-0.0059189 0.0965188 -1.01214
-0.0069124 0.0965188 -1.01214
-0.00790591 0.0965188 -1.01214
-0.0059189 0.0975123 -1.01214
-0.0069124 0.0975123 -1.01214
-0.00790591 0.0975123 -1.01214
