-0.0132732 -0.00123252 -0.98937
-0.0131486 -0.00123252 -0.989372
-0.0130239 -0.00123252 -0.989374
-0.0132732 -0.00135716 -0.98937
-0.0131486 -0.00135716 -0.989372
-0.0130239 -0.00135716 -0.989375
-0.0132732 -0.0014818 -0.98937
-0.0131486 -0.0014818 -0.989372
-0.0130239 -0.0014818 -0.989375
-0.0132732 -0.00160643 -0.98937
-0.0131486 -0.00160643 -0.989372
-0.0130239 -0.00160643 -0.989375
-0.0132732 -0.00173107 -0.98937
-0.0131486 -0.00173107 -0.989373
-0.0130239 -0.00173107 -0.989375
-0.0132732 -0.00185571 -0.98937
-0.0131486 -0.00185571 -0.989373
-0.0130239 -0.00185571 -0.989375
-0.0132732 -0.00198035 -0.98937
-0.0131486 -0.00198035 -0.989373
-0.0130239 -0.00198035 -0.989375
-0.0132732 -0.00210499 -0.989371
-0.0131486 -0.00210499 -0.989373
-0.0130239 -0.00210499 -0.989376
-0.0132732 -0.00222963 -0.989371
-0.0131486 -0.00222963 -0.989373
-0.0130239 -0.00222963 -0.989376
-0.0132732 -0.00235426 -0.989371
-0.0131486 -0.00235426 -0.989373
-0.0130239 -0.00235426 -0.989376
-0.0132732 -0.0024789 -0.989371
-0.0131486 -0.0024789 -0.989374
-0.0130239 -0.0024789 -0.989376
-0.0132732 -0.00260354 -0.989371
-0.0131486 -0.00260354 -0.989374
-0.0130239 -0.00260354 -0.989376
-0.0132732 -0.00272818 -0.989371
-0.0131486 -0.00272818 -0.989374
-0.0130239 -0.00272818 -0.989376
-0.0132732 -0.00285282 -0.989372
-0.0131486 -0.00285282 -0.989374
-0.0130239 -0.00285282 -0.989377
-0.0132732 -0.00297746 -0.989372
-0.0131486 -0.00297746 -0.989374
-0.0130239 -0.00297746 -0.989377
-0.0132732 -0.00310209 -0.989372
-0.0131486 -0.00310209 -0.989374
-0.0130239 -0.00310209 -0.989377
-0.0132732 -0.00322673 -0.989372
-0.0131486 -0.00322673 -0.989375
-0.0130239 -0.00322673 -0.989377
-0.0132732 -0.00335137 -0.989372
-0.0131486 -0.00335137 -0.989375
-0.0130239 -0.00335137 -0.989377
-0.0132732 -0.00347601 -0.989372
-0.0131486 -0.00347601 -0.989375
-0.0130239 -0.00347601 -0.989377
-0.0132732 -0.00360065 -0.989373
-0.0131486 -0.00360065 -0.989375
-0.0130239 -0.00360065 -0.989378
-0.0132732 -0.00372529 -0.989373
-0.0131486 -0.00372529 -0.989375
-0.0130239 -0.00372529 -0.989378
-0.0132732 -0.00384992 -0.989373
-0.0131486 -0.00384992 -0.989375
-0.0130239 -0.00384992 -0.989378
-0.0132732 -0.00397456 -0.989373
-0.0131486 -0.00397456 -0.989376
-0.0130239 -0.00397456 -0.989378
-0.0132732 -0.0040992 -0.989373
-0.0131486 -0.0040992 -0.989376
-0.0130239 -0.0040992 -0.989378
-0.0132732 -0.00422384 -0.989373
-0.0131486 -0.00422384 -0.989376
-0.0130239 -0.00422384 -0.989378
-0.0132732 -0.00434848 -0.989374
-0.0131486 -0.00434848 -0.989376
-0.0130239 -0.00434848 -0.989379
-0.0132732 -0.00447312 -0.989374
-0.0131486 -0.00447312 -0.989376
-0.0130239 -0.00447312 -0.989379
-0.0132732 -0.00459775 -0.989374
-0.0131486 -0.00459775 -0.989376
-0.0130239 -0.00459775 -0.989379
-0.0132732 -0.00472239 -0.989374
-0.0131486 -0.00472239 -0.989377
-0.0130239 -0.00472239 -0.989379
-0.0132732 -0.00484703 -0.989374
-0.0131486 -0.00484703 -0.989377
-0.0130239 -0.00484703 -0.989379
-0.0132732 -0.00497167 -0.989374
-0.0131486 -0.00497167 -0.989377
-0.0130239 -0.00497167 -0.989379
-0.0132732 -0.00509631 -0.989375
-0.0131486 -0.00509631 -0.989377
-0.0130239 -0.00509631 -0.98938
-0.0132732 -0.00522095 -0.989375
-0.0131486 -0.00522095 -0.989377
-0.0130239 -0.00522095 -0.98938
-0.0132732 -0.00534558 -0.989375
-0.0131486 -0.00534558 -0.989377
-0.0130239 -0.00534558 -0.98938
-0.0132732 -0.00547022 -0.989375
-0.0131486 -0.00547022 -0.989377
-0.0130239 -0.00547022 -0.98938
-0.0132732 -0.00559486 -0.989375
-0.0131486 -0.00559486 -0.989378
-0.0130239 -0.00559486 -0.98938
-0.0132732 -0.0057195 -0.989375
-0.0131486 -0.0057195 -0.989378
-0.0130239 -0.0057195 -0.98938
-0.0132732 -0.00584414 -0.989376
-0.0131486 -0.00584414 -0.989378
-0.0130239 -0.00584414 -0.98938
-0.0132732 -0.00596878 -0.989376
-0.0131486 -0.00596878 -0.989378
-0.0130239 -0.00596878 -0.989381
-0.0132732 -0.00609341 -0.989376
-0.0131486 -0.00609341 -0.989378
-0.0130239 -0.00609341 -0.989381
-0.0132732 -0.00621805 -0.989376
-0.0131486 -0.00621805 -0.989379
-0.0130239 -0.00621805 -0.989381
-0.0132732 -0.00634269 -0.989376
-0.0131486 -0.00634269 -0.989379
-0.0130239 -0.00634269 -0.989381
-0.0132732 -0.00646733 -0.989376
-0.0131486 -0.00646733 -0.989379
-0.0130239 -0.00646733 -0.989381
-0.0132732 -0.00659197 -0.989376
-0.0131486 -0.00659197 -0.989379
-0.0130239 -0.00659197 -0.989381
-0.0132732 -0.00671661 -0.989377
-0.0131486 -0.00671661 -0.989379
-0.0130239 -0.00671661 -0.989382
-0.0132732 -0.00684124 -0.989377
-0.0131486 -0.00684124 -0.989379
-0.0130239 -0.00684124 -0.989382
-0.0132732 -0.00696588 -0.989377
-0.0131486 -0.00696588 -0.989379
-0.0130239 -0.00696588 -0.989382
-0.0132732 -0.00709052 -0.989377
-0.0131486 -0.00709052 -0.98938
-0.0130239 -0.00709052 -0.989382
-0.0132732 -0.00721516 -0.989377
-0.0131486 -0.00721516 -0.98938
-0.0130239 -0.00721516 -0.989382
-0.0132732 -0.0073398 -0.989377
-0.0131486 -0.0073398 -0.98938
-0.0130239 -0.0073398 -0.989382
-0.0132732 -0.00746444 -0.989378
-0.0131486 -0.00746444 -0.98938
-0.0130239 -0.00746444 -0.989383
-0.0132732 -0.00758907 -0.989378
-0.0131486 -0.00758907 -0.98938
-0.0130239 -0.00758907 -0.989383
-0.0132732 -0.00771371 -0.989378
-0.0131486 -0.00771371 -0.98938
-0.0130239 -0.00771371 -0.989383
-0.0132732 -0.00783835 -0.989378
-0.0131486 -0.00783835 -0.989381
-0.0130239 -0.00783835 -0.989383
-0.0132732 -0.00796299 -0.989378
-0.0131486 -0.00796299 -0.989381
-0.0130239 -0.00796299 -0.989383
-0.0132732 -0.00808763 -0.989378
-0.0131486 -0.00808763 -0.989381
-0.0130239 -0.00808763 -0.989383
-0.0132732 -0.00821227 -0.989379
-0.0131486 -0.00821227 -0.989381
-0.0130239 -0.00821227 -0.989384
-0.0132732 -0.0083369 -0.989379
-0.0131486 -0.0083369 -0.989381
-0.0130239 -0.0083369 -0.989384
-0.0132732 -0.00846154 -0.989379
-0.0131486 -0.00846154 -0.989381
-0.0130239 -0.00846154 -0.989384
-0.0132732 -0.00858618 -0.989379
-0.0131486 -0.00858618 -0.989382
-0.0130239 -0.00858618 -0.989384
-0.0132732 -0.00871082 -0.989379
-0.0131486 -0.00871082 -0.989382
-0.0130239 -0.00871082 -0.989384
-0.0132732 -0.00883546 -0.989379
-0.0131486 -0.00883546 -0.989382
-0.0130239 -0.00883546 -0.989384
-0.0132732 -0.0089601 -0.98938
-0.0131486 -0.0089601 -0.989382
-0.0130239 -0.0089601 -0.989385
-0.0132732 -0.00908473 -0.98938
-0.0131486 -0.00908473 -0.989382
-0.0130239 -0.00908473 -0.989385
-0.0132732 -0.00920937 -0.98938
-0.0131486 -0.00920937 -0.989382
-0.0130239 -0.00920937 -0.989385
-0.0132732 -0.00933401 -0.98938
-0.0131486 -0.00933401 -0.989383
-0.0130239 -0.00933401 -0.989385
-0.0132732 -0.00945865 -0.98938
-0.0131486 -0.00945865 -0.989383
-0.0130239 -0.00945865 -0.989385
-0.0132732 -0.00958329 -0.98938
-0.0131486 -0.00958329 -0.989383
-0.0130239 -0.00958329 -0.989385
-0.0132732 -0.00970793 -0.989381
-0.0131486 -0.00970793 -0.989383
-0.0130239 -0.00970793 -0.989386
-0.0132732 -0.00983256 -0.989381
-0.0131486 -0.00983256 -0.989383
-0.0130239 -0.00983256 -0.989386
-0.0132732 -0.0099572 -0.989381
-0.0131486 -0.0099572 -0.989383
-0.0130239 -0.0099572 -0.989386
-0.0132732 -0.0100818 -0.989381
-0.0131486 -0.0100818 -0.989384
-0.0130239 -0.0100818 -0.989386
-0.0132732 -0.0102065 -0.989381
-0.0131486 -0.0102065 -0.989384
-0.0130239 -0.0102065 -0.989386
-0.0132732 -0.0103311 -0.989381
-0.0131486 -0.0103311 -0.989384
-0.0130239 -0.0103311 -0.989386
-0.0132732 -0.0104558 -0.989382
-0.0131486 -0.0104558 -0.989384
-0.0130239 -0.0104558 -0.989386
-0.0132732 -0.0105804 -0.989382
-0.0131486 -0.0105804 -0.989384
-0.0130239 -0.0105804 -0.989387
-0.0132732 -0.010705 -0.989382
-0.0131486 -0.010705 -0.989384
-0.0130239 -0.010705 -0.989387
-0.0132732 -0.0108297 -0.989382
-0.0131486 -0.0108297 -0.989385
-0.0130239 -0.0108297 -0.989387
-0.0132732 -0.0109543 -0.989382
-0.0131486 -0.0109543 -0.989385
-0.0130239 -0.0109543 -0.989387
-0.0132732 -0.0110789 -0.989382
-0.0131486 -0.0110789 -0.989385
-0.0130239 -0.0110789 -0.989387
-0.0132732 -0.0112036 -0.989383
-0.0131486 -0.0112036 -0.989385
-0.0130239 -0.0112036 -0.989388
-0.0132732 -0.0113282 -0.989383
-0.0131486 -0.0113282 -0.989385
-0.0130239 -0.0113282 -0.989388
-0.0132732 -0.0114529 -0.989383
-0.0131486 -0.0114529 -0.989385
-0.0130239 -0.0114529 -0.989388
-0.0132732 -0.0115775 -0.989383
-0.0131486 -0.0115775 -0.989385
-0.0130239 -0.0115775 -0.989388
-0.0132732 -0.0117021 -0.989383
-0.0131486 -0.0117021 -0.989386
-0.0130239 -0.0117021 -0.989388
-0.0132732 -0.0118268 -0.989383
-0.0131486 -0.0118268 -0.989386
-0.0130239 -0.0118268 -0.989388
-0.0132732 -0.0119514 -0.989384
-0.0131486 -0.0119514 -0.989386
-0.0130239 -0.0119514 -0.989388
-0.0132732 -0.0120761 -0.989384
-0.0131486 -0.0120761 -0.989386
-0.0130239 -0.0120761 -0.989389
-0.0132732 -0.0122007 -0.989384
-0.0131486 -0.0122007 -0.989386
-0.0130239 -0.0122007 -0.989389
-0.0132732 -0.0123253 -0.989384
-0.0131486 -0.0123253 -0.989386
-0.0130239 -0.0123253 -0.989389
-0.0132732 -0.01245 -0.989384
-0.0131486 -0.01245 -0.989387
-0.0130239 -0.01245 -0.989389
-0.0132732 -0.0125746 -0.989384
-0.0131486 -0.0125746 -0.989387
-0.0130239 -0.0125746 -0.989389
-0.0132732 -0.0126992 -0.989384
-0.0131486 -0.0126992 -0.989387
-0.0130239 -0.0126992 -0.989389
-0.0132732 -0.0128239 -0.989385
-0.0131486 -0.0128239 -0.989387
-0.0130239 -0.0128239 -0.98939
-0.0132732 -0.0129485 -0.989385
-0.0131486 -0.0129485 -0.989387
-0.0130239 -0.0129485 -0.98939
-0.0132732 -0.0130732 -0.989385
-0.0131486 -0.0130732 -0.989387
-0.0130239 -0.0130732 -0.98939
-0.0132732 -0.0131978 -0.989385
-0.0131486 -0.0131978 -0.989388
-0.0130239 -0.0131978 -0.98939
-0.0132732 -0.0133224 -0.989385
-0.0131486 -0.0133224 -0.989388
-0.0130239 -0.0133224 -0.98939
-0.0132732 -0.0134471 -0.989385
-0.0131486 -0.0134471 -0.989388
-0.0130239 -0.0134471 -0.98939
-0.0132732 -0.0135717 -0.989386
-0.0131486 -0.0135717 -0.989388
-0.0130239 -0.0135717 -0.989391
-0.0132732 -0.0136964 -0.989386
-0.0131486 -0.0136964 -0.989388
-0.0130239 -0.0136964 -0.989391
-0.0132732 -0.013821 -0.989386
-0.0131486 -0.013821 -0.989388
-0.0130239 -0.013821 -0.989391
-0.0132732 -0.0139456 -0.989386
-0.0131486 -0.0139456 -0.989389
-0.0130239 -0.0139456 -0.989391
-0.0132732 -0.0140703 -0.989386
-0.0131486 -0.0140703 -0.989389
-0.0130239 -0.0140703 -0.989391
-0.0132732 -0.0141949 -0.989386
-0.0131486 -0.0141949 -0.989389
-0.0130239 -0.0141949 -0.989391
-0.0132732 -0.0143195 -0.989387
-0.0131486 -0.0143195 -0.989389
-0.0130239 -0.0143195 -0.989392
-0.0132732 -0.0144442 -0.989387
-0.0131486 -0.0144442 -0.989389
-0.0130239 -0.0144442 -0.989392
-0.0132732 -0.0145688 -0.989387
-0.0131486 -0.0145688 -0.989389
-0.0130239 -0.0145688 -0.989392
-0.0132732 -0.0146935 -0.989387
-0.0131486 -0.0146935 -0.98939
-0.0130239 -0.0146935 -0.989392
-0.0132732 -0.0148181 -0.989387
-0.0131486 -0.0148181 -0.98939
-0.0130239 -0.0148181 -0.989392
-0.0132732 -0.0149427 -0.989387
-0.0131486 -0.0149427 -0.98939
-0.0130239 -0.0149427 -0.989392
