-0.00871858 0.026651 -1.02103
-0.00843472 0.026651 -1.02103
-0.00815086 0.026651 -1.02103
-0.00871858 0.0263672 -1.02103
-0.00843472 0.0263672 -1.02103
-0.00815086 0.0263672 -1.02103
-0.00871858 0.0260833 -1.02103
-0.00843472 0.0260833 -1.02103
-0.00815086 0.0260833 -1.02103
-0.00871858 0.0257994 -1.02103
-0.00843472 0.0257994 -1.02103
-0.00815086 0.0257994 -1.02103
-0.00871858 0.0255156 -1.02103
-0.00843472 0.0255156 -1.02103
-0.00815086 0.0255156 -1.02103
-0.00871858 0.0252317 -1.02103
-0.00843472 0.0252317 -1.02103
-0.00815086 0.0252317 -1.02103
-0.00871858 0.0249478 -1.02103
-0.00843472 0.0249478 -1.02103
-0.00815086 0.0249478 -1.02103
-0.00871858 0.024664 -1.02103
-0.00843472 0.024664 -1.02103
-0.00815086 0.024664 -1.02103
-0.00871858 0.0243801 -1.02103
-0.00843472 0.0243801 -1.02103
-0.00815086 0.0243801 -1.02103
-0.00871858 0.0240963 -1.02103
-0.00843472 0.0240963 -1.02103
-0.00815086 0.0240963 -1.02103
-0.00871858 0.0238124 -1.02103
-0.00843472 0.0238124 -1.02103
-0.00815086 0.0238124 -1.02103
-0.00871858 0.0235285 -1.02103
-0.00843472 0.0235285 -1.02103
-0.00815086 0.0235285 -1.02103
-0.00871858 0.0232447 -1.02103
-0.00843472 0.0232447 -1.02103
-0.00815086 0.0232447 -1.02103
-0.00871858 0.0229608 -1.02103
-0.00843472 0.0229608 -1.02103
-0.00815086 0.0229608 -1.02103
-0.00871858 0.022677 -1.02103
-0.00843472 0.022677 -1.02103
-0.00815086 0.022677 -1.02103
-0.00871858 0.0223931 -1.02103
-0.00843472 0.0223931 -1.02103
-0.00815086 0.0223931 -1.02103
-0.00871858 0.0221092 -1.02103
-0.00843472 0.0221092 -1.02103
-0.00815086 0.0221092 -1.02104
-0.00871858 0.0218254 -1.02103
-0.00843472 0.0218254 -1.02103
-0.00815086 0.0218254 -1.02104
-0.00871858 0.0215415 -1.02103
-0.00843472 0.0215415 -1.02103
-0.00815086 0.0215415 -1.02104
-0.00871858 0.0212576 -1.02103
-0.00843472 0.0212576 -1.02104
-0.00815086 0.0212576 -1.02104
-0.00871858 0.0209738 -1.02103
-0.00843472 0.0209738 -1.02104
-0.00815086 0.0209738 -1.02104
-0.00871858 0.0206899 -1.02103
-0.00843472 0.0206899 -1.02104
-0.00815086 0.0206899 -1.02104
-0.00871858 0.0204061 -1.02104
-0.00843472 0.0204061 -1.02104
-0.00815086 0.0204061 -1.02104
-0.00871858 0.0201222 -1.02104
-0.00843472 0.0201222 -1.02104
-0.00815086 0.0201222 -1.02104
-0.00871858 0.0198383 -1.02104
-0.00843472 0.0198383 -1.02104
-0.00815086 0.0198383 -1.02104
-0.00871858 0.0195545 -1.02104
-0.00843472 0.0195545 -1.02104
-0.00815086 0.0195545 -1.02104
-0.00871858 0.0192706 -1.02104
-0.00843472 0.0192706 -1.02104
-0.00815086 0.0192706 -1.02104
-0.00871858 0.0189868 -1.02104
-0.00843472 0.0189868 -1.02104
-0.00815086 0.0189868 -1.02104
-0.00871858 0.0187029 -1.02104
-0.00843472 0.0187029 -1.02104
-0.00815086 0.0187029 -1.02104
-0.00871858 0.018419 -1.02104
-0.00843472 0.018419 -1.02104
-0.00815086 0.018419 -1.02104
-0.00871858 0.0181352 -1.02104
-0.00843472 0.0181352 -1.02104
-0.00815086 0.0181352 -1.02104
-0.00871858 0.0178513 -1.02104
-0.00843472 0.0178513 -1.02104
-0.00815086 0.0178513 -1.02104
-0.00871858 0.0175674 -1.02104
-0.00843472 0.0175674 -1.02104
-0.00815086 0.0175674 -1.02104
-0.00871858 0.0172836 -1.02104
-0.00843472 0.0172836 -1.02104
-0.00815086 0.0172836 -1.02104
-0.00871858 0.0169997 -1.02104
-0.00843472 0.0169997 -1.02104
-0.00815086 0.0169997 -1.02104
-0.00871858 0.0167159 -1.02104
-0.00843472 0.0167159 -1.02104
-0.00815086 0.0167159 -1.02104
-0.00871858 0.016432 -1.02104
-0.00843472 0.016432 -1.02104
-0.00815086 0.016432 -1.02104
-0.00871858 0.0161481 -1.02104
-0.00843472 0.0161481 -1.02104
-0.00815086 0.0161481 -1.02104
-0.00871858 0.0158643 -1.02104
-0.00843472 0.0158643 -1.02104
-0.00815086 0.0158643 -1.02104
-0.00871858 0.0155804 -1.02104
-0.00843472 0.0155804 -1.02104
-0.00815086 0.0155804 -1.02104
-0.00871858 0.0152966 -1.02104
-0.00843472 0.0152966 -1.02104
-0.00815086 0.0152966 -1.02104
-0.00871858 0.0150127 -1.02104
-0.00843472 0.0150127 -1.02104
-0.00815086 0.0150127 -1.02105
-0.00871858 0.0147288 -1.02104
-0.00843472 0.0147288 -1.02104
-0.00815086 0.0147288 -1.02105
-0.00871858 0.014445 -1.02104
-0.00843472 0.014445 -1.02104
-0.00815086 0.014445 -1.02105
-0.00871858 0.0141611 -1.02104
-0.00843472 0.0141611 -1.02105
-0.00815086 0.0141611 -1.02105
-0.00871858 0.0138773 -1.02104
-0.00843472 0.0138773 -1.02105
-0.00815086 0.0138773 -1.02105
-0.00871858 0.0135934 -1.02104
-0.00843472 0.0135934 -1.02105
-0.00815086 0.0135934 -1.02105
-0.00871858 0.0133095 -1.02105
-0.00843472 0.0133095 -1.02105
-0.00815086 0.0133095 -1.02105
-0.00871858 0.0130257 -1.02105
-0.00843472 0.0130257 -1.02105
-0.00815086 0.0130257 -1.02105
-0.00871858 0.0127418 -1.02105
-0.00843472 0.0127418 -1.02105
-0.00815086 0.0127418 -1.02105
-0.00871858 0.0124579 -1.02105
-0.00843472 0.0124579 -1.02105
-0.00815086 0.0124579 -1.02105
-0.00871858 0.0121741 -1.02105
-0.00843472 0.0121741 -1.02105
-0.00815086 0.0121741 -1.02105
-0.00871858 0.0118902 -1.02105
-0.00843472 0.0118902 -1.02105
-0.00815086 0.0118902 -1.02105
-0.00871858 0.0116064 -1.02105
-0.00843472 0.0116064 -1.02105
-0.00815086 0.0116064 -1.02105
-0.00871858 0.0113225 -1.02105
-0.00843472 0.0113225 -1.02105
-0.00815086 0.0113225 -1.02105
-0.00871858 0.0110386 -1.02105
-0.00843472 0.0110386 -1.02105
-0.00815086 0.0110386 -1.02105
-0.00871858 0.0107548 -1.02105
-0.00843472 0.0107548 -1.02105
-0.00815086 0.0107548 -1.02105
-0.00871858 0.0104709 -1.02105
-0.00843472 0.0104709 -1.02105
-0.00815086 0.0104709 -1.02105
-0.00871858 0.0101871 -1.02105
-0.00843472 0.0101871 -1.02105
-0.00815086 0.0101871 -1.02105
-0.00871858 0.00990319 -1.02105
-0.00843472 0.00990319 -1.02105
-0.00815086 0.00990319 -1.02105
-0.00871858 0.00961933 -1.02105
-0.00843472 0.00961933 -1.02105
-0.00815086 0.00961933 -1.02105
-0.00871858 0.00933547 -1.02105
-0.00843472 0.00933547 -1.02105
-0.00815086 0.00933547 -1.02105
-0.00871858 0.00905161 -1.02105
-0.00843472 0.00905161 -1.02105
-0.00815086 0.00905161 -1.02105
-0.00871858 0.00876774 -1.02105
-0.00843472 0.00876774 -1.02105
-0.00815086 0.00876774 -1.02105
-0.00871858 0.00848388 -1.02105
-0.00843472 0.00848388 -1.02105
-0.00815086 0.00848388 -1.02105
-0.00871858 0.00820002 -1.02105
-0.00843472 0.00820002 -1.02105
-0.00815086 0.00820002 -1.02105
-0.00871858 0.00791616 -1.02105
-0.00843472 0.00791616 -1.02105
-0.00815086 0.00791616 -1.02106
-0.00871858 0.0076323 -1.02105
-0.00843472 0.0076323 -1.02105
-0.00815086 0.0076323 -1.02106
-0.00871858 0.00734844 -1.02105
-0.00843472 0.00734844 -1.02105
-0.00815086 0.00734844 -1.02106
-0.00871858 0.00706458 -1.02105
-0.00843472 0.00706458 -1.02106
-0.00815086 0.00706458 -1.02106
-0.00871858 0.00678071 -1.02105
-0.00843472 0.00678071 -1.02106
-0.00815086 0.00678071 -1.02106
-0.00871858 0.00649685 -1.02105
-0.00843472 0.00649685 -1.02106
-0.00815086 0.00649685 -1.02106
-0.00871858 0.00621299 -1.02106
-0.00843472 0.00621299 -1.02106
-0.00815086 0.00621299 -1.02106
-0.00871858 0.00592913 -1.02106
-0.00843472 0.00592913 -1.02106
-0.00815086 0.00592913 -1.02106
-0.00871858 0.00564527 -1.02106
-0.00843472 0.00564527 -1.02106
-0.00815086 0.00564527 -1.02106
-0.00871858 0.00536141 -1.02106
-0.00843472 0.00536141 -1.02106
-0.00815086 0.00536141 -1.02106
-0.00871858 0.00507755 -1.02106
-0.00843472 0.00507755 -1.02106
-0.00815086 0.00507755 -1.02106
-0.00871858 0.00479368 -1.02106
-0.00843472 0.00479368 -1.02106
-0.00815086 0.00479368 -1.02106
-0.00871858 0.00450982 -1.02106
-0.00843472 0.00450982 -1.02106
-0.00815086 0.00450982 -1.02106
-0.00871858 0.00422596 -1.02106
-0.00843472 0.00422596 -1.02106
-0.00815086 0.00422596 -1.02106
-0.00871858 0.0039421 -1.02106
-0.00843472 0.0039421 -1.02106
-0.00815086 0.0039421 -1.02106
-0.00871858 0.00365824 -1.02106
-0.00843472 0.00365824 -1.02106
-0.00815086 0.00365824 -1.02106
-0.00871858 0.00337438 -1.02106
-0.00843472 0.00337438 -1.02106
-0.00815086 0.00337438 -1.02106
-0.00871858 0.00309052 -1.02106
-0.00843472 0.00309052 -1.02106
-0.00815086 0.00309052 -1.02106
-0.00871858 0.00280665 -1.02106
-0.00843472 0.00280665 -1.02106
-0.00815086 0.00280665 -1.02106
-0.00871858 0.00252279 -1.02106
-0.00843472 0.00252279 -1.02106
-0.00815086 0.00252279 -1.02106
-0.00871858 0.00223893 -1.02106
-0.00843472 0.00223893 -1.02106
-0.00815086 0.00223893 -1.02106
-0.00871858 0.00195507 -1.02106
-0.00843472 0.00195507 -1.02106
-0.00815086 0.00195507 -1.02106
-0.00871858 0.00167121 -1.02106
-0.00843472 0.00167121 -1.02106
-0.00815086 0.00167121 -1.02106
-0.00871858 0.00138735 -1.02106
-0.00843472 0.00138735 -1.02106
-0.00815086 0.00138735 -1.02106
-0.00871858 0.00110349 -1.02106
-0.00843472 0.00110349 -1.02106
-0.00815086 0.00110349 -1.02106
-0.00871858 0.000819625 -1.02106
-0.00843472 0.000819625 -1.02106
-0.00815086 0.000819625 -1.02107
-0.00871858 0.000535763 -1.02106
-0.00843472 0.000535763 -1.02106
-0.00815086 0.000535763 -1.02107
-0.00871858 0.000251902 -1.02106
-0.00843472 0.000251902 -1.02106
-0.00815086 0.000251902 -1.02107
-0.00871858 -3.19596e-05 -1.02106
-0.00843472 -3.19596e-05 -1.02107
-0.00815086 -3.19596e-05 -1.02107
-0.00871858 -0.000315821 -1.02106
-0.00843472 -0.000315821 -1.02107
-0.00815086 -0.000315821 -1.02107
-0.00871858 -0.000599682 -1.02106
-0.00843472 -0.000599682 -1.02107
-0.00815086 -0.000599682 -1.02107
-0.00871858 -0.000883544 -1.02107
-0.00843472 -0.000883544 -1.02107
-0.00815086 -0.000883544 -1.02107
-0.00871858 -0.00116741 -1.02107
-0.00843472 -0.00116741 -1.02107
-0.00815086 -0.00116741 -1.02107
-0.00871858 -0.00145127 -1.02107
-0.00843472 -0.00145127 -1.02107
-0.00815086 -0.00145127 -1.02107
-0.00871858 -0.00173513 -1.02107
-0.00843472 -0.00173513 -1.02107
-0.00815086 -0.00173513 -1.02107
-0.00871858 -0.00201899 -1.02107
-0.00843472 -0.00201899 -1.02107
-0.00815086 -0.00201899 -1.02107
-0.00871858 -0.00230285 -1.02107
-0.00843472 -0.00230285 -1.02107
-0.00815086 -0.00230285 -1.02107
-0.00871858 -0.00258671 -1.02107
-0.00843472 -0.00258671 -1.02107
-0.00815086 -0.00258671 -1.02107
-0.00871858 -0.00287057 -1.02107
-0.00843472 -0.00287057 -1.02107
-0.00815086 -0.00287057 -1.02107
-0.00871858 -0.00315444 -1.02107
-0.00843472 -0.00315444 -1.02107
-0.00815086 -0.00315444 -1.02107
-0.00871858 -0.0034383 -1.02107
-0.00843472 -0.0034383 -1.02107
-0.00815086 -0.0034383 -1.02107
-0.00871858 -0.00372216 -1.02107
-0.00843472 -0.00372216 -1.02107
-0.00815086 -0.00372216 -1.02107
-0.00871858 -0.00400602 -1.02107
-0.00843472 -0.00400602 -1.02107
-0.00815086 -0.00400602 -1.02107
-0.00871858 -0.00428988 -1.02107
-0.00843472 -0.00428988 -1.02107
-0.00815086 -0.00428988 -1.02107
-0.00871858 -0.00457374 -1.02107
-0.00843472 -0.00457374 -1.02107
-0.00815086 -0.00457374 -1.02107
