-0.00228454 -0.00765814 -1.02203
-0.00244725 -0.00765814 -1.02203
-0.00260995 -0.00765814 -1.02204
-0.00228454 -0.00749544 -1.02203
-0.00244725 -0.00749544 -1.02203
-0.00260995 -0.00749544 -1.02204
-0.00228454 -0.00733274 -1.02203
-0.00244725 -0.00733274 -1.02203
-0.00260995 -0.00733274 -1.02204
-0.00228454 -0.00717003 -1.02203
-0.00244725 -0.00717003 -1.02203
-0.00260995 -0.00717003 -1.02204
-0.00228454 -0.00700733 -1.02203
-0.00244725 -0.00700733 -1.02203
-0.00260995 -0.00700733 -1.02204
-0.00228454 -0.00684463 -1.02203
-0.00244725 -0.00684463 -1.02204
-0.00260995 -0.00684463 -1.02204
-0.00228454 -0.00668192 -1.02203
-0.00244725 -0.00668192 -1.02204
-0.00260995 -0.00668192 -1.02204
-0.00228454 -0.00651922 -1.02203
-0.00244725 -0.00651922 -1.02204
-0.00260995 -0.00651922 -1.02204
-0.00228454 -0.00635652 -1.02203
-0.00244725 -0.00635652 -1.02204
-0.00260995 -0.00635652 -1.02204
-0.00228454 -0.00619382 -1.02203
-0.00244725 -0.00619382 -1.02204
-0.00260995 -0.00619382 -1.02204
-0.00228454 -0.00603111 -1.02203
-0.00244725 -0.00603111 -1.02204
-0.00260995 -0.00603111 -1.02204
-0.00228454 -0.00586841 -1.02203
-0.00244725 -0.00586841 -1.02204
-0.00260995 -0.00586841 -1.02204
-0.00228454 -0.00570571 -1.02203
-0.00244725 -0.00570571 -1.02204
-0.00260995 -0.00570571 -1.02204
-0.00228454 -0.005543 -1.02203
-0.00244725 -0.005543 -1.02204
-0.00260995 -0.005543 -1.02204
-0.00228454 -0.0053803 -1.02203
-0.00244725 -0.0053803 -1.02204
-0.00260995 -0.0053803 -1.02204
-0.00228454 -0.0052176 -1.02203
-0.00244725 -0.0052176 -1.02204
-0.00260995 -0.0052176 -1.02204
-0.00228454 -0.0050549 -1.02203
-0.00244725 -0.0050549 -1.02204
-0.00260995 -0.0050549 -1.02205
-0.00228454 -0.00489219 -1.02204
-0.00244725 -0.00489219 -1.02204
-0.00260995 -0.00489219 -1.02205
-0.00228454 -0.00472949 -1.02204
-0.00244725 -0.00472949 -1.02204
-0.00260995 -0.00472949 -1.02205
-0.00228454 -0.00456679 -1.02204
-0.00244725 -0.00456679 -1.02204
-0.00260995 -0.00456679 -1.02205
-0.00228454 -0.00440409 -1.02204
-0.00244725 -0.00440409 -1.02204
-0.00260995 -0.00440409 -1.02205
-0.00228454 -0.00424138 -1.02204
-0.00244725 -0.00424138 -1.02204
-0.00260995 -0.00424138 -1.02205
-0.00228454 -0.00407868 -1.02204
-0.00244725 -0.00407868 -1.02204
-0.00260995 -0.00407868 -1.02205
-0.00228454 -0.00391598 -1.02204
-0.00244725 -0.00391598 -1.02204
-0.00260995 -0.00391598 -1.02205
-0.00228454 -0.00375327 -1.02204
-0.00244725 -0.00375327 -1.02204
-0.00260995 -0.00375327 -1.02205
-0.00228454 -0.00359057 -1.02204
-0.00244725 -0.00359057 -1.02204
-0.00260995 -0.00359057 -1.02205
-0.00228454 -0.00342787 -1.02204
-0.00244725 -0.00342787 -1.02204
-0.00260995 -0.00342787 -1.02205
-0.00228454 -0.00326517 -1.02204
-0.00244725 -0.00326517 -1.02204
-0.00260995 -0.00326517 -1.02205
-0.00228454 -0.00310246 -1.02204
-0.00244725 -0.00310246 -1.02204
-0.00260995 -0.00310246 -1.02205
-0.00228454 -0.00293976 -1.02204
-0.00244725 -0.00293976 -1.02205
-0.00260995 -0.00293976 -1.02205
-0.00228454 -0.00277706 -1.02204
-0.00244725 -0.00277706 -1.02205
-0.00260995 -0.00277706 -1.02205
-0.00228454 -0.00261435 -1.02204
-0.00244725 -0.00261435 -1.02205
-0.00260995 -0.00261435 -1.02205
-0.00228454 -0.00245165 -1.02204
-0.00244725 -0.00245165 -1.02205
-0.00260995 -0.00245165 -1.02205
-0.00228454 -0.00228895 -1.02204
-0.00244725 -0.00228895 -1.02205
-0.00260995 -0.00228895 -1.02205
-0.00228454 -0.00212625 -1.02204
-0.00244725 -0.00212625 -1.02205
-0.00260995 -0.00212625 -1.02205
-0.00228454 -0.00196354 -1.02204
-0.00244725 -0.00196354 -1.02205
-0.00260995 -0.00196354 -1.02205
-0.00228454 -0.00180084 -1.02204
-0.00244725 -0.00180084 -1.02205
-0.00260995 -0.00180084 -1.02205
-0.00228454 -0.00163814 -1.02204
-0.00244725 -0.00163814 -1.02205
-0.00260995 -0.00163814 -1.02205
-0.00228454 -0.00147544 -1.02204
-0.00244725 -0.00147544 -1.02205
-0.00260995 -0.00147544 -1.02205
-0.00228454 -0.00131273 -1.02204
-0.00244725 -0.00131273 -1.02205
-0.00260995 -0.00131273 -1.02205
-0.00228454 -0.00115003 -1.02204
-0.00244725 -0.00115003 -1.02205
-0.00260995 -0.00115003 -1.02206
-0.00228454 -0.000987327 -1.02205
-0.00244725 -0.000987327 -1.02205
-0.00260995 -0.000987327 -1.02206
-0.00228454 -0.000824624 -1.02205
-0.00244725 -0.000824624 -1.02205
-0.00260995 -0.000824624 -1.02206
-0.00228454 -0.000661922 -1.02205
-0.00244725 -0.000661922 -1.02205
-0.00260995 -0.000661922 -1.02206
-0.00228454 -0.000499219 -1.02205
-0.00244725 -0.000499219 -1.02205
-0.00260995 -0.000499219 -1.02206
-0.00228454 -0.000336516 -1.02205
-0.00244725 -0.000336516 -1.02205
-0.00260995 -0.000336516 -1.02206
-0.00228454 -0.000173813 -1.02205
-0.00244725 -0.000173813 -1.02205
-0.00260995 -0.000173813 -1.02206
-0.00228454 -1.11106e-05 -1.02205
-0.00244725 -1.11106e-05 -1.02205
-0.00260995 -1.11106e-05 -1.02206
-0.00228454 0.000151592 -1.02205
-0.00244725 0.000151592 -1.02205
-0.00260995 0.000151592 -1.02206
-0.00228454 0.000314295 -1.02205
-0.00244725 0.000314295 -1.02205
-0.00260995 0.000314295 -1.02206
-0.00228454 0.000476998 -1.02205
-0.00244725 0.000476998 -1.02205
-0.00260995 0.000476998 -1.02206
-0.00228454 0.0006397 -1.02205
-0.00244725 0.0006397 -1.02205
-0.00260995 0.0006397 -1.02206
-0.00228454 0.000802403 -1.02205
-0.00244725 0.000802403 -1.02205
-0.00260995 0.000802403 -1.02206
-0.00228454 0.000965106 -1.02205
-0.00244725 0.000965106 -1.02206
-0.00260995 0.000965106 -1.02206
-0.00228454 0.00112781 -1.02205
-0.00244725 0.00112781 -1.02206
-0.00260995 0.00112781 -1.02206
-0.00228454 0.00129051 -1.02205
-0.00244725 0.00129051 -1.02206
-0.00260995 0.00129051 -1.02206
-0.00228454 0.00145321 -1.02205
-0.00244725 0.00145321 -1.02206
-0.00260995 0.00145321 -1.02206
-0.00228454 0.00161592 -1.02205
-0.00244725 0.00161592 -1.02206
-0.00260995 0.00161592 -1.02206
-0.00228454 0.00177862 -1.02205
-0.00244725 0.00177862 -1.02206
-0.00260995 0.00177862 -1.02206
-0.00228454 0.00194132 -1.02205
-0.00244725 0.00194132 -1.02206
-0.00260995 0.00194132 -1.02206
-0.00228454 0.00210403 -1.02205
-0.00244725 0.00210403 -1.02206
-0.00260995 0.00210403 -1.02206
-0.00228454 0.00226673 -1.02205
-0.00244725 0.00226673 -1.02206
-0.00260995 0.00226673 -1.02206
-0.00228454 0.00242943 -1.02205
-0.00244725 0.00242943 -1.02206
-0.00260995 0.00242943 -1.02206
-0.00228454 0.00259213 -1.02205
-0.00244725 0.00259213 -1.02206
-0.00260995 0.00259213 -1.02206
-0.00228454 0.00275484 -1.02205
-0.00244725 0.00275484 -1.02206
-0.00260995 0.00275484 -1.02207
-0.00228454 0.00291754 -1.02206
-0.00244725 0.00291754 -1.02206
-0.00260995 0.00291754 -1.02207
-0.00228454 0.00308024 -1.02206
-0.00244725 0.00308024 -1.02206
-0.00260995 0.00308024 -1.02207
-0.00228454 0.00324294 -1.02206
-0.00244725 0.00324294 -1.02206
-0.00260995 0.00324294 -1.02207
-0.00228454 0.00340565 -1.02206
-0.00244725 0.00340565 -1.02206
-0.00260995 0.00340565 -1.02207
-0.00228454 0.00356835 -1.02206
-0.00244725 0.00356835 -1.02206
-0.00260995 0.00356835 -1.02207
-0.00228454 0.00373105 -1.02206
-0.00244725 0.00373105 -1.02206
-0.00260995 0.00373105 -1.02207
-0.00228454 0.00389376 -1.02206
-0.00244725 0.00389376 -1.02206
-0.00260995 0.00389376 -1.02207
-0.00228454 0.00405646 -1.02206
-0.00244725 0.00405646 -1.02206
-0.00260995 0.00405646 -1.02207
-0.00228454 0.00421916 -1.02206
-0.00244725 0.00421916 -1.02206
-0.00260995 0.00421916 -1.02207
-0.00228454 0.00438186 -1.02206
-0.00244725 0.00438186 -1.02206
-0.00260995 0.00438186 -1.02207
-0.00228454 0.00454457 -1.02206
-0.00244725 0.00454457 -1.02206
-0.00260995 0.00454457 -1.02207
-0.00228454 0.00470727 -1.02206
-0.00244725 0.00470727 -1.02206
-0.00260995 0.00470727 -1.02207
-0.00228454 0.00486997 -1.02206
-0.00244725 0.00486997 -1.02207
-0.00260995 0.00486997 -1.02207
-0.00228454 0.00503268 -1.02206
-0.00244725 0.00503268 -1.02207
-0.00260995 0.00503268 -1.02207
-0.00228454 0.00519538 -1.02206
-0.00244725 0.00519538 -1.02207
-0.00260995 0.00519538 -1.02207
-0.00228454 0.00535808 -1.02206
-0.00244725 0.00535808 -1.02207
-0.00260995 0.00535808 -1.02207
-0.00228454 0.00552078 -1.02206
-0.00244725 0.00552078 -1.02207
-0.00260995 0.00552078 -1.02207
-0.00228454 0.00568349 -1.02206
-0.00244725 0.00568349 -1.02207
-0.00260995 0.00568349 -1.02207
-0.00228454 0.00584619 -1.02206
-0.00244725 0.00584619 -1.02207
-0.00260995 0.00584619 -1.02207
-0.00228454 0.00600889 -1.02206
-0.00244725 0.00600889 -1.02207
-0.00260995 0.00600889 -1.02207
-0.00228454 0.00617159 -1.02206
-0.00244725 0.00617159 -1.02207
-0.00260995 0.00617159 -1.02207
-0.00228454 0.0063343 -1.02206
-0.00244725 0.0063343 -1.02207
-0.00260995 0.0063343 -1.02207
-0.00228454 0.006497 -1.02206
-0.00244725 0.006497 -1.02207
-0.00260995 0.006497 -1.02207
-0.00228454 0.0066597 -1.02206
-0.00244725 0.0066597 -1.02207
-0.00260995 0.0066597 -1.02208
-0.00228454 0.00682241 -1.02207
-0.00244725 0.00682241 -1.02207
-0.00260995 0.00682241 -1.02208
-0.00228454 0.00698511 -1.02207
-0.00244725 0.00698511 -1.02207
-0.00260995 0.00698511 -1.02208
-0.00228454 0.00714781 -1.02207
-0.00244725 0.00714781 -1.02207
-0.00260995 0.00714781 -1.02208
-0.00228454 0.00731051 -1.02207
-0.00244725 0.00731051 -1.02207
-0.00260995 0.00731051 -1.02208
-0.00228454 0.00747322 -1.02207
-0.00244725 0.00747322 -1.02207
-0.00260995 0.00747322 -1.02208
-0.00228454 0.00763592 -1.02207
-0.00244725 0.00763592 -1.02207
-0.00260995 0.00763592 -1.02208
-0.00228454 0.00779862 -1.02207
-0.00244725 0.00779862 -1.02207
-0.00260995 0.00779862 -1.02208
-0.00228454 0.00796133 -1.02207
-0.00244725 0.00796133 -1.02207
-0.00260995 0.00796133 -1.02208
-0.00228454 0.00812403 -1.02207
-0.00244725 0.00812403 -1.02207
-0.00260995 0.00812403 -1.02208
-0.00228454 0.00828673 -1.02207
-0.00244725 0.00828673 -1.02207
-0.00260995 0.00828673 -1.02208
-0.00228454 0.00844943 -1.02207
-0.00244725 0.00844943 -1.02207
-0.00260995 0.00844943 -1.02208
-0.00228454 0.00861214 -1.02207
-0.00244725 0.00861214 -1.02208
-0.00260995 0.00861214 -1.02208
-0.00228454 0.00877484 -1.02207
-0.00244725 0.00877484 -1.02208
-0.00260995 0.00877484 -1.02208
-0.00228454 0.00893754 -1.02207
-0.00244725 0.00893754 -1.02208
-0.00260995 0.00893754 -1.02208
-0.00228454 0.00910024 -1.02207
-0.00244725 0.00910024 -1.02208
-0.00260995 0.00910024 -1.02208
-0.00228454 0.00926295 -1.02207
-0.00244725 0.00926295 -1.02208
-0.00260995 0.00926295 -1.02208
-0.00228454 0.00942565 -1.02207
-0.00244725 0.00942565 -1.02208
-0.00260995 0.00942565 -1.02208
-0.00228454 0.00958835 -1.02207
-0.00244725 0.00958835 -1.02208
-0.00260995 0.00958835 -1.02208
-0.00228454 0.00975106 -1.02207
-0.00244725 0.00975106 -1.02208
-0.00260995 0.00975106 -1.02208
-0.00228454 0.00991376 -1.02207
-0.00244725 0.00991376 -1.02208
-0.00260995 0.00991376 -1.02208
-0.00228454 0.0100765 -1.02207
-0.00244725 0.0100765 -1.02208
-0.00260995 0.0100765 -1.02208
-0.00228454 0.0102392 -1.02207
-0.00244725 0.0102392 -1.02208
-0.00260995 0.0102392 -1.02208
