-0.00409983 0.011416 -1.03211
-0.00428306 0.011416 -1.03211
-0.00446628 0.011416 -1.0321
-0.00409983 0.0115992 -1.03211
-0.00428306 0.0115992 -1.03211
-0.00446628 0.0115992 -1.0321
-0.00409983 0.0117825 -1.03211
-0.00428306 0.0117825 -1.03211
-0.00446628 0.0117825 -1.03211
-0.00409983 0.0119657 -1.03211
-0.00428306 0.0119657 -1.03211
-0.00446628 0.0119657 -1.03211
-0.00409983 0.0121489 -1.03212
-0.00428306 0.0121489 -1.03211
-0.00446628 0.0121489 -1.03211
-0.00409983 0.0123321 -1.03212
-0.00428306 0.0123321 -1.03211
-0.00446628 0.0123321 -1.03211
-0.00409983 0.0125154 -1.03212
-0.00428306 0.0125154 -1.03211
-0.00446628 0.0125154 -1.03211
-0.00409983 0.0126986 -1.03212
-0.00428306 0.0126986 -1.03211
-0.00446628 0.0126986 -1.03211
-0.00409983 0.0128818 -1.03212
-0.00428306 0.0128818 -1.03212
-0.00446628 0.0128818 -1.03211
-0.00409983 0.0130651 -1.03212
-0.00428306 0.0130651 -1.03212
-0.00446628 0.0130651 -1.03211
-0.00409983 0.0132483 -1.03212
-0.00428306 0.0132483 -1.03212
-0.00446628 0.0132483 -1.03211
-0.00409983 0.0134315 -1.03212
-0.00428306 0.0134315 -1.03212
-0.00446628 0.0134315 -1.03211
-0.00409983 0.0136147 -1.03212
-0.00428306 0.0136147 -1.03212
-0.00446628 0.0136147 -1.03212
-0.00409983 0.013798 -1.03212
-0.00428306 0.013798 -1.03212
-0.00446628 0.013798 -1.03212
-0.00409983 0.0139812 -1.03213
-0.00428306 0.0139812 -1.03212
-0.00446628 0.0139812 -1.03212
-0.00409983 0.0141644 -1.03213
-0.00428306 0.0141644 -1.03212
-0.00446628 0.0141644 -1.03212
-0.00409983 0.0143476 -1.03213
-0.00428306 0.0143476 -1.03212
-0.00446628 0.0143476 -1.03212
-0.00409983 0.0145309 -1.03213
-0.00428306 0.0145309 -1.03212
-0.00446628 0.0145309 -1.03212
-0.00409983 0.0147141 -1.03213
-0.00428306 0.0147141 -1.03213
-0.00446628 0.0147141 -1.03212
-0.00409983 0.0148973 -1.03213
-0.00428306 0.0148973 -1.03213
-0.00446628 0.0148973 -1.03212
-0.00409983 0.0150805 -1.03213
-0.00428306 0.0150805 -1.03213
-0.00446628 0.0150805 -1.03212
-0.00409983 0.0152638 -1.03213
-0.00428306 0.0152638 -1.03213
-0.00446628 0.0152638 -1.03212
-0.00409983 0.015447 -1.03213
-0.00428306 0.015447 -1.03213
-0.00446628 0.015447 -1.03213
-0.00409983 0.0156302 -1.03213
-0.00428306 0.0156302 -1.03213
-0.00446628 0.0156302 -1.03213
-0.00409983 0.0158134 -1.03214
-0.00428306 0.0158134 -1.03213
-0.00446628 0.0158134 -1.03213
-0.00409983 0.0159967 -1.03214
-0.00428306 0.0159967 -1.03213
-0.00446628 0.0159967 -1.03213
-0.00409983 0.0161799 -1.03214
-0.00428306 0.0161799 -1.03213
-0.00446628 0.0161799 -1.03213
-0.00409983 0.0163631 -1.03214
-0.00428306 0.0163631 -1.03213
-0.00446628 0.0163631 -1.03213
-0.00409983 0.0165463 -1.03214
-0.00428306 0.0165463 -1.03214
-0.00446628 0.0165463 -1.03213
-0.00409983 0.0167296 -1.03214
-0.00428306 0.0167296 -1.03214
-0.00446628 0.0167296 -1.03213
-0.00409983 0.0169128 -1.03214
-0.00428306 0.0169128 -1.03214
-0.00446628 0.0169128 -1.03213
-0.00409983 0.017096 -1.03214
-0.00428306 0.017096 -1.03214
-0.00446628 0.017096 -1.03213
-0.00409983 0.0172792 -1.03214
-0.00428306 0.0172792 -1.03214
-0.00446628 0.0172792 -1.03214
-0.00409983 0.0174625 -1.03214
-0.00428306 0.0174625 -1.03214
-0.00446628 0.0174625 -1.03214
-0.00409983 0.0176457 -1.03215
-0.00428306 0.0176457 -1.03214
-0.00446628 0.0176457 -1.03214
-0.00409983 0.0178289 -1.03215
-0.00428306 0.0178289 -1.03214
-0.00446628 0.0178289 -1.03214
-0.00409983 0.0180122 -1.03215
-0.00428306 0.0180122 -1.03214
-0.00446628 0.0180122 -1.03214
-0.00409983 0.0181954 -1.03215
-0.00428306 0.0181954 -1.03214
-0.00446628 0.0181954 -1.03214
-0.00409983 0.0183786 -1.03215
-0.00428306 0.0183786 -1.03215
-0.00446628 0.0183786 -1.03214
-0.00409983 0.0185618 -1.03215
-0.00428306 0.0185618 -1.03215
-0.00446628 0.0185618 -1.03214
-0.00409983 0.0187451 -1.03215
-0.00428306 0.0187451 -1.03215
-0.00446628 0.0187451 -1.03214
-0.00409983 0.0189283 -1.03215
-0.00428306 0.0189283 -1.03215
-0.00446628 0.0189283 -1.03214
-0.00409983 0.0191115 -1.03215
-0.00428306 0.0191115 -1.03215
-0.00446628 0.0191115 -1.03215
-0.00409983 0.0192947 -1.03215
-0.00428306 0.0192947 -1.03215
-0.00446628 0.0192947 -1.03215
-0.00409983 0.019478 -1.03216
-0.00428306 0.019478 -1.03215
-0.00446628 0.019478 -1.03215
-0.00409983 0.0196612 -1.03216
-0.00428306 0.0196612 -1.03215
-0.00446628 0.0196612 -1.03215
-0.00409983 0.0198444 -1.03216
-0.00428306 0.0198444 -1.03215
-0.00446628 0.0198444 -1.03215
-0.00409983 0.0200276 -1.03216
-0.00428306 0.0200276 -1.03215
-0.00446628 0.0200276 -1.03215
-0.00409983 0.0202109 -1.03216
-0.00428306 0.0202109 -1.03216
-0.00446628 0.0202109 -1.03215
-0.00409983 0.0203941 -1.03216
-0.00428306 0.0203941 -1.03216
-0.00446628 0.0203941 -1.03215
-0.00409983 0.0205773 -1.03216
-0.00428306 0.0205773 -1.03216
-0.00446628 0.0205773 -1.03215
-0.00409983 0.0207605 -1.03216
-0.00428306 0.0207605 -1.03216
-0.00446628 0.0207605 -1.03215
-0.00409983 0.0209438 -1.03216
-0.00428306 0.0209438 -1.03216
-0.00446628 0.0209438 -1.03216
-0.00409983 0.021127 -1.03216
-0.00428306 0.021127 -1.03216
-0.00446628 0.021127 -1.03216
-0.00409983 0.0213102 -1.03217
-0.00428306 0.0213102 -1.03216
-0.00446628 0.0213102 -1.03216
-0.00409983 0.0214934 -1.03217
-0.00428306 0.0214934 -1.03216
-0.00446628 0.0214934 -1.03216
-0.00409983 0.0216767 -1.03217
-0.00428306 0.0216767 -1.03216
-0.00446628 0.0216767 -1.03216
-0.00409983 0.0218599 -1.03217
-0.00428306 0.0218599 -1.03216
-0.00446628 0.0218599 -1.03216
-0.00409983 0.0220431 -1.03217
-0.00428306 0.0220431 -1.03217
-0.00446628 0.0220431 -1.03216
-0.00409983 0.0222264 -1.03217
-0.00428306 0.0222264 -1.03217
-0.00446628 0.0222264 -1.03216
-0.00409983 0.0224096 -1.03217
-0.00428306 0.0224096 -1.03217
-0.00446628 0.0224096 -1.03216
-0.00409983 0.0225928 -1.03217
-0.00428306 0.0225928 -1.03217
-0.00446628 0.0225928 -1.03216
-0.00409983 0.022776 -1.03217
-0.00428306 0.022776 -1.03217
-0.00446628 0.022776 -1.03217
-0.00409983 0.0229593 -1.03217
-0.00428306 0.0229593 -1.03217
-0.00446628 0.0229593 -1.03217
-0.00409983 0.0231425 -1.03218
-0.00428306 0.0231425 -1.03217
-0.00446628 0.0231425 -1.03217
-0.00409983 0.0233257 -1.03218
-0.00428306 0.0233257 -1.03217
-0.00446628 0.0233257 -1.03217
-0.00409983 0.0235089 -1.03218
-0.00428306 0.0235089 -1.03217
-0.00446628 0.0235089 -1.03217
-0.00409983 0.0236922 -1.03218
-0.00428306 0.0236922 -1.03217
-0.00446628 0.0236922 -1.03217
-0.00409983 0.0238754 -1.03218
-0.00428306 0.0238754 -1.03218
-0.00446628 0.0238754 -1.03217
-0.00409983 0.0240586 -1.03218
-0.00428306 0.0240586 -1.03218
-0.00446628 0.0240586 -1.03217
-0.00409983 0.0242418 -1.03218
-0.00428306 0.0242418 -1.03218
-0.00446628 0.0242418 -1.03217
-0.00409983 0.0244251 -1.03218
-0.00428306 0.0244251 -1.03218
-0.00446628 0.0244251 -1.03217
-0.00409983 0.0246083 -1.03218
-0.00428306 0.0246083 -1.03218
-0.00446628 0.0246083 -1.03218
-0.00409983 0.0247915 -1.03218
-0.00428306 0.0247915 -1.03218
-0.00446628 0.0247915 -1.03218
-0.00409983 0.0249747 -1.03219
-0.00428306 0.0249747 -1.03218
-0.00446628 0.0249747 -1.03218
-0.00409983 0.025158 -1.03219
-0.00428306 0.025158 -1.03218
-0.00446628 0.025158 -1.03218
-0.00409983 0.0253412 -1.03219
-0.00428306 0.0253412 -1.03218
-0.00446628 0.0253412 -1.03218
-0.00409983 0.0255244 -1.03219
-0.00428306 0.0255244 -1.03218
-0.00446628 0.0255244 -1.03218
-0.00409983 0.0257076 -1.03219
-0.00428306 0.0257076 -1.03219
-0.00446628 0.0257076 -1.03218
-0.00409983 0.0258909 -1.03219
-0.00428306 0.0258909 -1.03219
-0.00446628 0.0258909 -1.03218
-0.00409983 0.0260741 -1.03219
-0.00428306 0.0260741 -1.03219
-0.00446628 0.0260741 -1.03218
-0.00409983 0.0262573 -1.03219
-0.00428306 0.0262573 -1.03219
-0.00446628 0.0262573 -1.03218
-0.00409983 0.0264406 -1.03219
-0.00428306 0.0264406 -1.03219
-0.00446628 0.0264406 -1.03219
-0.00409983 0.0266238 -1.03219
-0.00428306 0.0266238 -1.03219
-0.00446628 0.0266238 -1.03219
-0.00409983 0.026807 -1.0322
-0.00428306 0.026807 -1.03219
-0.00446628 0.026807 -1.03219
-0.00409983 0.0269902 -1.0322
-0.00428306 0.0269902 -1.03219
-0.00446628 0.0269902 -1.03219
-0.00409983 0.0271735 -1.0322
-0.00428306 0.0271735 -1.03219
-0.00446628 0.0271735 -1.03219
-0.00409983 0.0273567 -1.0322
-0.00428306 0.0273567 -1.03219
-0.00446628 0.0273567 -1.03219
-0.00409983 0.0275399 -1.0322
-0.00428306 0.0275399 -1.0322
-0.00446628 0.0275399 -1.03219
-0.00409983 0.0277231 -1.0322
-0.00428306 0.0277231 -1.0322
-0.00446628 0.0277231 -1.03219
-0.00409983 0.0279064 -1.0322
-0.00428306 0.0279064 -1.0322
-0.00446628 0.0279064 -1.03219
-0.00409983 0.0280896 -1.0322
-0.00428306 0.0280896 -1.0322
-0.00446628 0.0280896 -1.03219
-0.00409983 0.0282728 -1.0322
-0.00428306 0.0282728 -1.0322
-0.00446628 0.0282728 -1.0322
-0.00409983 0.028456 -1.0322
-0.00428306 0.028456 -1.0322
-0.00446628 0.028456 -1.0322
-0.00409983 0.0286393 -1.03221
-0.00428306 0.0286393 -1.0322
-0.00446628 0.0286393 -1.0322
-0.00409983 0.0288225 -1.03221
-0.00428306 0.0288225 -1.0322
-0.00446628 0.0288225 -1.0322
-0.00409983 0.0290057 -1.03221
-0.00428306 0.0290057 -1.0322
-0.00446628 0.0290057 -1.0322
-0.00409983 0.0291889 -1.03221
-0.00428306 0.0291889 -1.0322
-0.00446628 0.0291889 -1.0322
-0.00409983 0.0293722 -1.03221
-0.00428306 0.0293722 -1.03221
-0.00446628 0.0293722 -1.0322
-0.00409983 0.0295554 -1.03221
-0.00428306 0.0295554 -1.03221
-0.00446628 0.0295554 -1.0322
-0.00409983 0.0297386 -1.03221
-0.00428306 0.0297386 -1.03221
-0.00446628 0.0297386 -1.0322
-0.00409983 0.0299218 -1.03221
-0.00428306 0.0299218 -1.03221
-0.00446628 0.0299218 -1.0322
-0.00409983 0.0301051 -1.03221
-0.00428306 0.0301051 -1.03221
-0.00446628 0.0301051 -1.03221
-0.00409983 0.0302883 -1.03221
-0.00428306 0.0302883 -1.03221
-0.00446628 0.0302883 -1.03221
-0.00409983 0.0304715 -1.03222
-0.00428306 0.0304715 -1.03221
-0.00446628 0.0304715 -1.03221
-0.00409983 0.0306548 -1.03222
-0.00428306 0.0306548 -1.03221
-0.00446628 0.0306548 -1.03221
-0.00409983 0.030838 -1.03222
-0.00428306 0.030838 -1.03221
-0.00446628 0.030838 -1.03221
-0.00409983 0.0310212 -1.03222
-0.00428306 0.0310212 -1.03221
-0.00446628 0.0310212 -1.03221
-0.00409983 0.0312044 -1.03222
-0.00428306 0.0312044 -1.03222
-0.00446628 0.0312044 -1.03221
-0.00409983 0.0313877 -1.03222
-0.00428306 0.0313877 -1.03222
-0.00446628 0.0313877 -1.03221
-0.00409983 0.0315709 -1.03222
-0.00428306 0.0315709 -1.03222
-0.00446628 0.0315709 -1.03221
