0.00505732 0.117484 -1.01167
0.00701052 0.117484 -1.01167
0.00896372 0.117484 -1.01166
0.00505732 0.11553 -1.01167
0.00701052 0.11553 -1.01167
0.00896372 0.11553 -1.01167
0.00505732 0.113577 -1.01167
0.00701052 0.113577 -1.01167
0.00896372 0.113577 -1.01167
0.00505732 0.111624 -1.01167
0.00701052 0.111624 -1.01167
0.00896372 0.111624 -1.01167
0.00505732 0.109671 -1.01167
0.00701052 0.109671 -1.01167
0.00896372 0.109671 -1.01167
0.00505732 0.107718 -1.01168
0.00701052 0.107718 -1.01167
0.00896372 0.107718 -1.01167
0.00505732 0.105764 -1.01168
0.00701052 0.105764 -1.01167
0.00896372 0.105764 -1.01167
0.00505732 0.103811 -1.01168
0.00701052 0.103811 -1.01168
0.00896372 0.103811 -1.01167
0.00505732 0.101858 -1.01168
0.00701052 0.101858 -1.01168
0.00896372 0.101858 -1.01168
0.00505732 0.0999048 -1.01168
0.00701052 0.0999048 -1.01168
0.00896372 0.0999048 -1.01168
0.00505732 0.0979516 -1.01168
0.00701052 0.0979516 -1.01168
0.00896372 0.0979516 -1.01168
0.00505732 0.0959984 -1.01168
0.00701052 0.0959984 -1.01168
0.00896372 0.0959984 -1.01168
0.00505732 0.0940452 -1.01168
0.00701052 0.0940452 -1.01168
0.00896372 0.0940452 -1.01168
0.00505732 0.092092 -1.01169
0.00701052 0.092092 -1.01168
0.00896372 0.092092 -1.01168
0.00505732 0.0901388 -1.01169
0.00701052 0.0901388 -1.01168
0.00896372 0.0901388 -1.01168
0.00505732 0.0881856 -1.01169
0.00701052 0.0881856 -1.01169
0.00896372 0.0881856 -1.01168
0.00505732 0.0862324 -1.01169
0.00701052 0.0862324 -1.01169
0.00896372 0.0862324 -1.01169
0.00505732 0.0842792 -1.01169
0.00701052 0.0842792 -1.01169
0.00896372 0.0842792 -1.01169
0.00505732 0.082326 -1.01169
0.00701052 0.082326 -1.01169
0.00896372 0.082326 -1.01169
0.00505732 0.0803728 -1.01169
0.00701052 0.0803728 -1.01169
0.00896372 0.0803728 -1.01169
0.00505732 0.0784196 -1.01169
0.00701052 0.0784196 -1.01169
0.00896372 0.0784196 -1.01169
0.00505732 0.0764664 -1.0117
0.00701052 0.0764664 -1.01169
0.00896372 0.0764664 -1.01169
0.00505732 0.0745132 -1.0117
0.00701052 0.0745132 -1.0117
0.00896372 0.0745132 -1.01169
0.00505732 0.07256 -1.0117
0.00701052 0.07256 -1.0117
0.00896372 0.07256 -1.01169
0.00505732 0.0706068 -1.0117
0.00701052 0.0706068 -1.0117
0.00896372 0.0706068 -1.0117
0.00505732 0.0686536 -1.0117
0.00701052 0.0686536 -1.0117
0.00896372 0.0686536 -1.0117
0.00505732 0.0667004 -1.0117
0.00701052 0.0667004 -1.0117
0.00896372 0.0667004 -1.0117
0.00505732 0.0647472 -1.0117
0.00701052 0.0647472 -1.0117
0.00896372 0.0647472 -1.0117
0.00505732 0.062794 -1.01171
0.00701052 0.062794 -1.0117
0.00896372 0.062794 -1.0117
0.00505732 0.0608408 -1.01171
0.00701052 0.0608408 -1.0117
0.00896372 0.0608408 -1.0117
0.00505732 0.0588876 -1.01171
0.00701052 0.0588876 -1.01171
0.00896372 0.0588876 -1.0117
0.00505732 0.0569344 -1.01171
0.00701052 0.0569344 -1.01171
0.00896372 0.0569344 -1.01171
0.00505732 0.0549812 -1.01171
0.00701052 0.0549812 -1.01171
0.00896372 0.0549812 -1.01171
0.00505732 0.053028 -1.01171
0.00701052 0.053028 -1.01171
0.00896372 0.053028 -1.01171
0.00505732 0.0510748 -1.01171
0.00701052 0.0510748 -1.01171
0.00896372 0.0510748 -1.01171
0.00505732 0.0491216 -1.01171
0.00701052 0.0491216 -1.01171
0.00896372 0.0491216 -1.01171
0.00505732 0.0471684 -1.01172
0.00701052 0.0471684 -1.01171
0.00896372 0.0471684 -1.01171
0.00505732 0.0452152 -1.01172
0.00701052 0.0452152 -1.01172
0.00896372 0.0452152 -1.01171
0.00505732 0.043262 -1.01172
0.00701052 0.043262 -1.01172
0.00896372 0.043262 -1.01171
0.00505732 0.0413088 -1.01172
0.00701052 0.0413088 -1.01172
0.00896372 0.0413088 -1.01172
0.00505732 0.0393556 -1.01172
0.00701052 0.0393556 -1.01172
0.00896372 0.0393556 -1.01172
0.00505732 0.0374024 -1.01172
0.00701052 0.0374024 -1.01172
0.00896372 0.0374024 -1.01172
0.00505732 0.0354492 -1.01172
0.00701052 0.0354492 -1.01172
0.00896372 0.0354492 -1.01172
0.00505732 0.033496 -1.01173
0.00701052 0.033496 -1.01172
0.00896372 0.033496 -1.01172
0.00505732 0.0315428 -1.01173
0.00701052 0.0315428 -1.01172
0.00896372 0.0315428 -1.01172
0.00505732 0.0295896 -1.01173
0.00701052 0.0295896 -1.01173
0.00896372 0.0295896 -1.01172
0.00505732 0.0276364 -1.01173
0.00701052 0.0276364 -1.01173
0.00896372 0.0276364 -1.01172
0.00505732 0.0256832 -1.01173
0.00701052 0.0256832 -1.01173
0.00896372 0.0256832 -1.01173
0.00505732 0.02373 -1.01173
0.00701052 0.02373 -1.01173
0.00896372 0.02373 -1.01173
0.00505732 0.0217768 -1.01173
0.00701052 0.0217768 -1.01173
0.00896372 0.0217768 -1.01173
0.00505732 0.0198236 -1.01173
0.00701052 0.0198236 -1.01173
0.00896372 0.0198236 -1.01173
0.00505732 0.0178704 -1.01174
0.00701052 0.0178704 -1.01173
0.00896372 0.0178704 -1.01173
0.00505732 0.0159172 -1.01174
0.00701052 0.0159172 -1.01173
0.00896372 0.0159172 -1.01173
0.00505732 0.013964 -1.01174
0.00701052 0.013964 -1.01174
0.00896372 0.013964 -1.01173
0.00505732 0.0120108 -1.01174
0.00701052 0.0120108 -1.01174
0.00896372 0.0120108 -1.01174
0.00505732 0.0100576 -1.01174
0.00701052 0.0100576 -1.01174
0.00896372 0.0100576 -1.01174
0.00505732 0.00810441 -1.01174
0.00701052 0.00810441 -1.01174
0.00896372 0.00810441 -1.01174
0.00505732 0.00615121 -1.01174
0.00701052 0.00615121 -1.01174
0.00896372 0.00615121 -1.01174
0.00505732 0.00419801 -1.01174
0.00701052 0.00419801 -1.01174
0.00896372 0.00419801 -1.01174
0.00505732 0.00224481 -1.01175
0.00701052 0.00224481 -1.01174
0.00896372 0.00224481 -1.01174
0.00505732 0.000291611 -1.01175
0.00701052 0.000291611 -1.01175
0.00896372 0.000291611 -1.01174
0.00505732 -0.00166159 -1.01175
0.00701052 -0.00166159 -1.01175
0.00896372 -0.00166159 -1.01174
0.00505732 -0.00361479 -1.01175
0.00701052 -0.00361479 -1.01175
0.00896372 -0.00361479 -1.01175
0.00505732 -0.00556799 -1.01175
0.00701052 -0.00556799 -1.01175
0.00896372 -0.00556799 -1.01175
0.00505732 -0.00752119 -1.01175
0.00701052 -0.00752119 -1.01175
0.00896372 -0.00752119 -1.01175
0.00505732 -0.00947439 -1.01175
0.00701052 -0.00947439 -1.01175
0.00896372 -0.00947439 -1.01175
0.00505732 -0.0114276 -1.01176
0.00701052 -0.0114276 -1.01175
0.00896372 -0.0114276 -1.01175
0.00505732 -0.0133808 -1.01176
0.00701052 -0.0133808 -1.01175
0.00896372 -0.0133808 -1.01175
0.00505732 -0.015334 -1.01176
0.00701052 -0.015334 -1.01176
0.00896372 -0.015334 -1.01175
0.00505732 -0.0172872 -1.01176
0.00701052 -0.0172872 -1.01176
0.00896372 -0.0172872 -1.01175
0.00505732 -0.0192404 -1.01176
0.00701052 -0.0192404 -1.01176
0.00896372 -0.0192404 -1.01176
0.00505732 -0.0211936 -1.01176
0.00701052 -0.0211936 -1.01176
0.00896372 -0.0211936 -1.01176
0.00505732 -0.0231468 -1.01176
0.00701052 -0.0231468 -1.01176
0.00896372 -0.0231468 -1.01176
0.00505732 -0.0251 -1.01176
0.00701052 -0.0251 -1.01176
0.00896372 -0.0251 -1.01176
0.00505732 -0.0270532 -1.01177
0.00701052 -0.0270532 -1.01176
0.00896372 -0.0270532 -1.01176
0.00505732 -0.0290064 -1.01177
0.00701052 -0.0290064 -1.01176
0.00896372 -0.0290064 -1.01176
0.00505732 -0.0309596 -1.01177
0.00701052 -0.0309596 -1.01177
0.00896372 -0.0309596 -1.01176
0.00505732 -0.0329128 -1.01177
0.00701052 -0.0329128 -1.01177
0.00896372 -0.0329128 -1.01177
0.00505732 -0.034866 -1.01177
0.00701052 -0.034866 -1.01177
0.00896372 -0.034866 -1.01177
0.00505732 -0.0368192 -1.01177
0.00701052 -0.0368192 -1.01177
0.00896372 -0.0368192 -1.01177
0.00505732 -0.0387724 -1.01177
0.00701052 -0.0387724 -1.01177
0.00896372 -0.0387724 -1.01177
0.00505732 -0.0407256 -1.01177
0.00701052 -0.0407256 -1.01177
0.00896372 -0.0407256 -1.01177
0.00505732 -0.0426788 -1.01178
0.00701052 -0.0426788 -1.01177
0.00896372 -0.0426788 -1.01177
0.00505732 -0.044632 -1.01178
0.00701052 -0.044632 -1.01178
0.00896372 -0.044632 -1.01177
0.00505732 -0.0465852 -1.01178
0.00701052 -0.0465852 -1.01178
0.00896372 -0.0465852 -1.01177
0.00505732 -0.0485384 -1.01178
0.00701052 -0.0485384 -1.01178
0.00896372 -0.0485384 -1.01178
0.00505732 -0.0504916 -1.01178
0.00701052 -0.0504916 -1.01178
0.00896372 -0.0504916 -1.01178
0.00505732 -0.0524448 -1.01178
0.00701052 -0.0524448 -1.01178
0.00896372 -0.0524448 -1.01178
0.00505732 -0.054398 -1.01178
0.00701052 -0.054398 -1.01178
0.00896372 -0.054398 -1.01178
0.00505732 -0.0563512 -1.01179
0.00701052 -0.0563512 -1.01178
0.00896372 -0.0563512 -1.01178
0.00505732 -0.0583044 -1.01179
0.00701052 -0.0583044 -1.01178
0.00896372 -0.0583044 -1.01178
0.00505732 -0.0602576 -1.01179
0.00701052 -0.0602576 -1.01179
0.00896372 -0.0602576 -1.01178
0.00505732 -0.0622108 -1.01179
0.00701052 -0.0622108 -1.01179
0.00896372 -0.0622108 -1.01178
0.00505732 -0.064164 -1.01179
0.00701052 -0.064164 -1.01179
0.00896372 -0.064164 -1.01179
0.00505732 -0.0661172 -1.01179
0.00701052 -0.0661172 -1.01179
0.00896372 -0.0661172 -1.01179
0.00505732 -0.0680704 -1.01179
0.00701052 -0.0680704 -1.01179
0.00896372 -0.0680704 -1.01179
0.00505732 -0.0700236 -1.01179
0.00701052 -0.0700236 -1.01179
0.00896372 -0.0700236 -1.01179
0.00505732 -0.0719768 -1.0118
0.00701052 -0.0719768 -1.01179
0.00896372 -0.0719768 -1.01179
0.00505732 -0.07393 -1.0118
0.00701052 -0.07393 -1.01179
0.00896372 -0.07393 -1.01179
0.00505732 -0.0758832 -1.0118
0.00701052 -0.0758832 -1.0118
0.00896372 -0.0758832 -1.01179
0.00505732 -0.0778364 -1.0118
0.00701052 -0.0778364 -1.0118
0.00896372 -0.0778364 -1.0118
0.00505732 -0.0797896 -1.0118
0.00701052 -0.0797896 -1.0118
0.00896372 -0.0797896 -1.0118
0.00505732 -0.0817428 -1.0118
0.00701052 -0.0817428 -1.0118
0.00896372 -0.0817428 -1.0118
0.00505732 -0.083696 -1.0118
0.00701052 -0.083696 -1.0118
0.00896372 -0.083696 -1.0118
0.00505732 -0.0856492 -1.0118
0.00701052 -0.0856492 -1.0118
0.00896372 -0.0856492 -1.0118
0.00505732 -0.0876024 -1.01181
0.00701052 -0.0876024 -1.0118
0.00896372 -0.0876024 -1.0118
0.00505732 -0.0895556 -1.01181
0.00701052 -0.0895556 -1.01181
0.00896372 -0.0895556 -1.0118
0.00505732 -0.0915088 -1.01181
0.00701052 -0.0915088 -1.01181
0.00896372 -0.0915088 -1.0118
0.00505732 -0.093462 -1.01181
0.00701052 -0.093462 -1.01181
0.00896372 -0.093462 -1.01181
0.00505732 -0.0954152 -1.01181
0.00701052 -0.0954152 -1.01181
0.00896372 -0.0954152 -1.01181
0.00505732 -0.0973684 -1.01181
0.00701052 -0.0973684 -1.01181
0.00896372 -0.0973684 -1.01181
