-0.00916718 -0.0366862 -1.04969
-0.0097029 -0.0366862 -1.04969
-0.0102386 -0.0366862 -1.04969
-0.00916718 -0.0361505 -1.04969
-0.0097029 -0.0361505 -1.04969
-0.0102386 -0.0361505 -1.04969
-0.00916718 -0.0356148 -1.04969
-0.0097029 -0.0356148 -1.04969
-0.0102386 -0.0356148 -1.04969
-0.00916718 -0.035079 -1.04969
-0.0097029 -0.035079 -1.04969
-0.0102386 -0.035079 -1.04969
-0.00916718 -0.0345433 -1.04969
-0.0097029 -0.0345433 -1.04969
-0.0102386 -0.0345433 -1.04969
-0.00916718 -0.0340076 -1.04969
-0.0097029 -0.0340076 -1.04969
-0.0102386 -0.0340076 -1.04969
-0.00916718 -0.0334719 -1.04969
-0.0097029 -0.0334719 -1.04969
-0.0102386 -0.0334719 -1.04969
-0.00916718 -0.0329361 -1.04969
-0.0097029 -0.0329361 -1.04969
-0.0102386 -0.0329361 -1.04969
-0.00916718 -0.0324004 -1.04969
-0.0097029 -0.0324004 -1.04969
-0.0102386 -0.0324004 -1.04969
-0.00916718 -0.0318647 -1.04969
-0.0097029 -0.0318647 -1.04969
-0.0102386 -0.0318647 -1.04969
-0.00916718 -0.031329 -1.04969
-0.0097029 -0.031329 -1.04969
-0.0102386 -0.031329 -1.04969
-0.00916718 -0.0307933 -1.04969
-0.0097029 -0.0307933 -1.04969
-0.0102386 -0.0307933 -1.04969
-0.00916718 -0.0302575 -1.04969
-0.0097029 -0.0302575 -1.04969
-0.0102386 -0.0302575 -1.04969
-0.00916718 -0.0297218 -1.04969
-0.0097029 -0.0297218 -1.04969
-0.0102386 -0.0297218 -1.04969
-0.00916718 -0.0291861 -1.04969
-0.0097029 -0.0291861 -1.04969
-0.0102386 -0.0291861 -1.04969
-0.00916718 -0.0286504 -1.04969
-0.0097029 -0.0286504 -1.04969
-0.0102386 -0.0286504 -1.04969
-0.00916718 -0.0281146 -1.04969
-0.0097029 -0.0281146 -1.04969
-0.0102386 -0.0281146 -1.04969
-0.00916718 -0.0275789 -1.04969
-0.0097029 -0.0275789 -1.04969
-0.0102386 -0.0275789 -1.04969
-0.00916718 -0.0270432 -1.04969
-0.0097029 -0.0270432 -1.04969
-0.0102386 -0.0270432 -1.04969
-0.00916718 -0.0265075 -1.04969
-0.0097029 -0.0265075 -1.04969
-0.0102386 -0.0265075 -1.04969
-0.00916718 -0.0259718 -1.04969
-0.0097029 -0.0259718 -1.04969
-0.0102386 -0.0259718 -1.04969
-0.00916718 -0.025436 -1.04969
-0.0097029 -0.025436 -1.04969
-0.0102386 -0.025436 -1.04969
-0.00916718 -0.0249003 -1.04969
-0.0097029 -0.0249003 -1.04969
-0.0102386 -0.0249003 -1.04969
-0.00916718 -0.0243646 -1.04969
-0.0097029 -0.0243646 -1.04969
-0.0102386 -0.0243646 -1.04969
-0.00916718 -0.0238289 -1.04969
-0.0097029 -0.0238289 -1.04969
-0.0102386 -0.0238289 -1.04969
-0.00916718 -0.0232931 -1.04969
-0.0097029 -0.0232931 -1.04969
-0.0102386 -0.0232931 -1.04969
-0.00916718 -0.0227574 -1.04969
-0.0097029 -0.0227574 -1.04969
-0.0102386 -0.0227574 -1.04969
-0.00916718 -0.0222217 -1.04969
-0.0097029 -0.0222217 -1.04969
-0.0102386 -0.0222217 -1.04969
-0.00916718 -0.021686 -1.04969
-0.0097029 -0.021686 -1.04969
-0.0102386 -0.021686 -1.04969
-0.00916718 -0.0211503 -1.04969
-0.0097029 -0.0211503 -1.04969
-0.0102386 -0.0211503 -1.04969
-0.00916718 -0.0206145 -1.04969
-0.0097029 -0.0206145 -1.04969
-0.0102386 -0.0206145 -1.04969
-0.00916718 -0.0200788 -1.04969
-0.0097029 -0.0200788 -1.04969
-0.0102386 -0.0200788 -1.04969
-0.00916718 -0.0195431 -1.04969
-0.0097029 -0.0195431 -1.04969
-0.0102386 -0.0195431 -1.04969
-0.00916718 -0.0190074 -1.04969
-0.0097029 -0.0190074 -1.04969
-0.0102386 -0.0190074 -1.04969
-0.00916718 -0.0184716 -1.04969
-0.0097029 -0.0184716 -1.04969
-0.0102386 -0.0184716 -1.04969
-0.00916718 -0.0179359 -1.04969
-0.0097029 -0.0179359 -1.04969
-0.0102386 -0.0179359 -1.04969
-0.00916718 -0.0174002 -1.04969
-0.0097029 -0.0174002 -1.04969
-0.0102386 -0.0174002 -1.04969
-0.00916718 -0.0168645 -1.04969
-0.0097029 -0.0168645 -1.04969
-0.0102386 -0.0168645 -1.04969
-0.00916718 -0.0163288 -1.04969
-0.0097029 -0.0163288 -1.04969
-0.0102386 -0.0163288 -1.04969
-0.00916718 -0.015793 -1.04969
-0.0097029 -0.015793 -1.04969
-0.0102386 -0.015793 -1.04969
-0.00916718 -0.0152573 -1.04969
-0.0097029 -0.0152573 -1.04969
-0.0102386 -0.0152573 -1.04969
-0.00916718 -0.0147216 -1.04969
-0.0097029 -0.0147216 -1.04969
-0.0102386 -0.0147216 -1.04969
-0.00916718 -0.0141859 -1.04969
-0.0097029 -0.0141859 -1.04969
-0.0102386 -0.0141859 -1.04969
-0.00916718 -0.0136501 -1.04969
-0.0097029 -0.0136501 -1.04969
-0.0102386 -0.0136501 -1.04969
-0.00916718 -0.0131144 -1.04969
-0.0097029 -0.0131144 -1.04969
-0.0102386 -0.0131144 -1.04969
-0.00916718 -0.0125787 -1.04969
-0.0097029 -0.0125787 -1.04969
-0.0102386 -0.0125787 -1.0497
-0.00916718 -0.012043 -1.04969
-0.0097029 -0.012043 -1.04969
-0.0102386 -0.012043 -1.0497
-0.00916718 -0.0115073 -1.04969
-0.0097029 -0.0115073 -1.04969
-0.0102386 -0.0115073 -1.0497
-0.00916718 -0.0109715 -1.04969
-0.0097029 -0.0109715 -1.04969
-0.0102386 -0.0109715 -1.0497
-0.00916718 -0.0104358 -1.04969
-0.0097029 -0.0104358 -1.04969
-0.0102386 -0.0104358 -1.0497
-0.00916718 -0.00990009 -1.04969
-0.0097029 -0.00990009 -1.04969
-0.0102386 -0.00990009 -1.0497
-0.00916718 -0.00936437 -1.04969
-0.0097029 -0.00936437 -1.04969
-0.0102386 -0.00936437 -1.0497
-0.00916718 -0.00882865 -1.04969
-0.0097029 -0.00882865 -1.04969
-0.0102386 -0.00882865 -1.0497
-0.00916718 -0.00829292 -1.04969
-0.0097029 -0.00829292 -1.04969
-0.0102386 -0.00829292 -1.0497
-0.00916718 -0.0077572 -1.04969
-0.0097029 -0.0077572 -1.04969
-0.0102386 -0.0077572 -1.0497
-0.00916718 -0.00722148 -1.04969
-0.0097029 -0.00722148 -1.04969
-0.0102386 -0.00722148 -1.0497
-0.00916718 -0.00668576 -1.04969
-0.0097029 -0.00668576 -1.04969
-0.0102386 -0.00668576 -1.0497
-0.00916718 -0.00615004 -1.04969
-0.0097029 -0.00615004 -1.04969
-0.0102386 -0.00615004 -1.0497
-0.00916718 -0.00561431 -1.04969
-0.0097029 -0.00561431 -1.04969
-0.0102386 -0.00561431 -1.0497
-0.00916718 -0.00507859 -1.04969
-0.0097029 -0.00507859 -1.04969
-0.0102386 -0.00507859 -1.0497
-0.00916718 -0.00454287 -1.04969
-0.0097029 -0.00454287 -1.04969
-0.0102386 -0.00454287 -1.0497
-0.00916718 -0.00400715 -1.04969
-0.0097029 -0.00400715 -1.04969
-0.0102386 -0.00400715 -1.0497
-0.00916718 -0.00347143 -1.04969
-0.0097029 -0.00347143 -1.0497
-0.0102386 -0.00347143 -1.0497
-0.00916718 -0.0029357 -1.04969
-0.0097029 -0.0029357 -1.0497
-0.0102386 -0.0029357 -1.0497
-0.00916718 -0.00239998 -1.04969
-0.0097029 -0.00239998 -1.0497
-0.0102386 -0.00239998 -1.0497
-0.00916718 -0.00186426 -1.04969
-0.0097029 -0.00186426 -1.0497
-0.0102386 -0.00186426 -1.0497
-0.00916718 -0.00132854 -1.04969
-0.0097029 -0.00132854 -1.0497
-0.0102386 -0.00132854 -1.0497
-0.00916718 -0.000792814 -1.04969
-0.0097029 -0.000792814 -1.0497
-0.0102386 -0.000792814 -1.0497
-0.00916718 -0.000257092 -1.04969
-0.0097029 -0.000257092 -1.0497
-0.0102386 -0.000257092 -1.0497
-0.00916718 0.00027863 -1.04969
-0.0097029 0.00027863 -1.0497
-0.0102386 0.00027863 -1.0497
-0.00916718 0.000814352 -1.04969
-0.0097029 0.000814352 -1.0497
-0.0102386 0.000814352 -1.0497
-0.00916718 0.00135007 -1.04969
-0.0097029 0.00135007 -1.0497
-0.0102386 0.00135007 -1.0497
-0.00916718 0.0018858 -1.04969
-0.0097029 0.0018858 -1.0497
-0.0102386 0.0018858 -1.0497
-0.00916718 0.00242152 -1.04969
-0.0097029 0.00242152 -1.0497
-0.0102386 0.00242152 -1.0497
-0.00916718 0.00295724 -1.04969
-0.0097029 0.00295724 -1.0497
-0.0102386 0.00295724 -1.0497
-0.00916718 0.00349296 -1.04969
-0.0097029 0.00349296 -1.0497
-0.0102386 0.00349296 -1.0497
-0.00916718 0.00402868 -1.04969
-0.0097029 0.00402868 -1.0497
-0.0102386 0.00402868 -1.0497
-0.00916718 0.00456441 -1.04969
-0.0097029 0.00456441 -1.0497
-0.0102386 0.00456441 -1.0497
-0.00916718 0.00510013 -1.0497
-0.0097029 0.00510013 -1.0497
-0.0102386 0.00510013 -1.0497
-0.00916718 0.00563585 -1.0497
-0.0097029 0.00563585 -1.0497
-0.0102386 0.00563585 -1.0497
-0.00916718 0.00617157 -1.0497
-0.0097029 0.00617157 -1.0497
-0.0102386 0.00617157 -1.0497
-0.00916718 0.0067073 -1.0497
-0.0097029 0.0067073 -1.0497
-0.0102386 0.0067073 -1.0497
-0.00916718 0.00724302 -1.0497
-0.0097029 0.00724302 -1.0497
-0.0102386 0.00724302 -1.0497
-0.00916718 0.00777874 -1.0497
-0.0097029 0.00777874 -1.0497
-0.0102386 0.00777874 -1.0497
-0.00916718 0.00831446 -1.0497
-0.0097029 0.00831446 -1.0497
-0.0102386 0.00831446 -1.0497
-0.00916718 0.00885018 -1.0497
-0.0097029 0.00885018 -1.0497
-0.0102386 0.00885018 -1.0497
-0.00916718 0.00938591 -1.0497
-0.0097029 0.00938591 -1.0497
-0.0102386 0.00938591 -1.0497
-0.00916718 0.00992163 -1.0497
-0.0097029 0.00992163 -1.0497
-0.0102386 0.00992163 -1.0497
-0.00916718 0.0104573 -1.0497
-0.0097029 0.0104573 -1.0497
-0.0102386 0.0104573 -1.0497
-0.00916718 0.0109931 -1.0497
-0.0097029 0.0109931 -1.0497
-0.0102386 0.0109931 -1.0497
-0.00916718 0.0115288 -1.0497
-0.0097029 0.0115288 -1.0497
-0.0102386 0.0115288 -1.0497
-0.00916718 0.0120645 -1.0497
-0.0097029 0.0120645 -1.0497
-0.0102386 0.0120645 -1.0497
-0.00916718 0.0126002 -1.0497
-0.0097029 0.0126002 -1.0497
-0.0102386 0.0126002 -1.0497
-0.00916718 0.013136 -1.0497
-0.0097029 0.013136 -1.0497
-0.0102386 0.013136 -1.0497
-0.00916718 0.0136717 -1.0497
-0.0097029 0.0136717 -1.0497
-0.0102386 0.0136717 -1.0497
-0.00916718 0.0142074 -1.0497
-0.0097029 0.0142074 -1.0497
-0.0102386 0.0142074 -1.0497
-0.00916718 0.0147431 -1.0497
-0.0097029 0.0147431 -1.0497
-0.0102386 0.0147431 -1.0497
-0.00916718 0.0152788 -1.0497
-0.0097029 0.0152788 -1.0497
-0.0102386 0.0152788 -1.0497
-0.00916718 0.0158146 -1.0497
-0.0097029 0.0158146 -1.0497
-0.0102386 0.0158146 -1.0497
-0.00916718 0.0163503 -1.0497
-0.0097029 0.0163503 -1.0497
-0.0102386 0.0163503 -1.0497
-0.00916718 0.016886 -1.0497
-0.0097029 0.016886 -1.0497
-0.0102386 0.016886 -1.0497
-0.00916718 0.0174217 -1.0497
-0.0097029 0.0174217 -1.0497
-0.0102386 0.0174217 -1.0497
-0.00916718 0.0179575 -1.0497
-0.0097029 0.0179575 -1.0497
-0.0102386 0.0179575 -1.0497
-0.00916718 0.0184932 -1.0497
-0.0097029 0.0184932 -1.0497
-0.0102386 0.0184932 -1.0497
-0.00916718 0.0190289 -1.0497
-0.0097029 0.0190289 -1.0497
-0.0102386 0.0190289 -1.0497
-0.00916718 0.0195646 -1.0497
-0.0097029 0.0195646 -1.0497
-0.0102386 0.0195646 -1.0497
-0.00916718 0.0201003 -1.0497
-0.0097029 0.0201003 -1.0497
-0.0102386 0.0201003 -1.0497
-0.00916718 0.0206361 -1.0497
-0.0097029 0.0206361 -1.0497
-0.0102386 0.0206361 -1.0497
-0.00916718 0.0211718 -1.0497
-0.0097029 0.0211718 -1.0497
-0.0102386 0.0211718 -1.0497
-0.00916718 0.0217075 -1.0497
-0.0097029 0.0217075 -1.0497
-0.0102386 0.0217075 -1.0497
-0.00916718 0.0222432 -1.0497
-0.0097029 0.0222432 -1.0497
-0.0102386 0.0222432 -1.0497
