-0.00371173 0.00263157 -1.07305
-0.00389007 0.00263157 -1.07305
-0.00406841 0.00263157 -1.07305
-0.00371173 0.00280991 -1.07305
-0.00389007 0.00280991 -1.07305
-0.00406841 0.00280991 -1.07305
-0.00371173 0.00298825 -1.07305
-0.00389007 0.00298825 -1.07305
-0.00406841 0.00298825 -1.07305
-0.00371173 0.00316659 -1.07305
-0.00389007 0.00316659 -1.07305
-0.00406841 0.00316659 -1.07305
-0.00371173 0.00334493 -1.07305
-0.00389007 0.00334493 -1.07305
-0.00406841 0.00334493 -1.07305
-0.00371173 0.00352327 -1.07305
-0.00389007 0.00352327 -1.07305
-0.00406841 0.00352327 -1.07305
-0.00371173 0.00370161 -1.07305
-0.00389007 0.00370161 -1.07305
-0.00406841 0.00370161 -1.07305
-0.00371173 0.00387995 -1.07305
-0.00389007 0.00387995 -1.07305
-0.00406841 0.00387995 -1.07305
-0.00371173 0.00405829 -1.07305
-0.00389007 0.00405829 -1.07305
-0.00406841 0.00405829 -1.07305
-0.00371173 0.00423663 -1.07305
-0.00389007 0.00423663 -1.07305
-0.00406841 0.00423663 -1.07305
-0.00371173 0.00441497 -1.07305
-0.00389007 0.00441497 -1.07305
-0.00406841 0.00441497 -1.07305
-0.00371173 0.00459331 -1.07305
-0.00389007 0.00459331 -1.07305
-0.00406841 0.00459331 -1.07305
-0.00371173 0.00477165 -1.07305
-0.00389007 0.00477165 -1.07305
-0.00406841 0.00477165 -1.07305
-0.00371173 0.00494999 -1.07305
-0.00389007 0.00494999 -1.07305
-0.00406841 0.00494999 -1.07305
-0.00371173 0.00512833 -1.07305
-0.00389007 0.00512833 -1.07305
-0.00406841 0.00512833 -1.07305
-0.00371173 0.00530667 -1.07305
-0.00389007 0.00530667 -1.07305
-0.00406841 0.00530667 -1.07305
-0.00371173 0.00548501 -1.07305
-0.00389007 0.00548501 -1.07305
-0.00406841 0.00548501 -1.07305
-0.00371173 0.00566335 -1.07305
-0.00389007 0.00566335 -1.07305
-0.00406841 0.00566335 -1.07305
-0.00371173 0.00584169 -1.07305
-0.00389007 0.00584169 -1.07305
-0.00406841 0.00584169 -1.07305
-0.00371173 0.00602003 -1.07306
-0.00389007 0.00602003 -1.07305
-0.00406841 0.00602003 -1.07305
-0.00371173 0.00619837 -1.07306
-0.00389007 0.00619837 -1.07305
-0.00406841 0.00619837 -1.07305
-0.00371173 0.00637671 -1.07306
-0.00389007 0.00637671 -1.07306
-0.00406841 0.00637671 -1.07305
-0.00371173 0.00655505 -1.07306
-0.00389007 0.00655505 -1.07306
-0.00406841 0.00655505 -1.07305
-0.00371173 0.00673339 -1.07306
-0.00389007 0.00673339 -1.07306
-0.00406841 0.00673339 -1.07306
-0.00371173 0.00691173 -1.07306
-0.00389007 0.00691173 -1.07306
-0.00406841 0.00691173 -1.07306
-0.00371173 0.00709007 -1.07306
-0.00389007 0.00709007 -1.07306
-0.00406841 0.00709007 -1.07306
-0.00371173 0.00726841 -1.07306
-0.00389007 0.00726841 -1.07306
-0.00406841 0.00726841 -1.07306
-0.00371173 0.00744675 -1.07306
-0.00389007 0.00744675 -1.07306
-0.00406841 0.00744675 -1.07306
-0.00371173 0.00762509 -1.07306
-0.00389007 0.00762509 -1.07306
-0.00406841 0.00762509 -1.07306
-0.00371173 0.00780343 -1.07306
-0.00389007 0.00780343 -1.07306
-0.00406841 0.00780343 -1.07306
-0.00371173 0.00798177 -1.07306
-0.00389007 0.00798177 -1.07306
-0.00406841 0.00798177 -1.07306
-0.00371173 0.00816011 -1.07306
-0.00389007 0.00816011 -1.07306
-0.00406841 0.00816011 -1.07306
-0.00371173 0.00833845 -1.07306
-0.00389007 0.00833845 -1.07306
-0.00406841 0.00833845 -1.07306
-0.00371173 0.00851679 -1.07306
-0.00389007 0.00851679 -1.07306
-0.00406841 0.00851679 -1.07306
-0.00371173 0.00869513 -1.07306
-0.00389007 0.00869513 -1.07306
-0.00406841 0.00869513 -1.07306
-0.00371173 0.00887347 -1.07306
-0.00389007 0.00887347 -1.07306
-0.00406841 0.00887347 -1.07306
-0.00371173 0.00905181 -1.07306
-0.00389007 0.00905181 -1.07306
-0.00406841 0.00905181 -1.07306
-0.00371173 0.00923015 -1.07306
-0.00389007 0.00923015 -1.07306
-0.00406841 0.00923015 -1.07306
-0.00371173 0.00940849 -1.07306
-0.00389007 0.00940849 -1.07306
-0.00406841 0.00940849 -1.07306
-0.00371173 0.00958683 -1.07306
-0.00389007 0.00958683 -1.07306
-0.00406841 0.00958683 -1.07306
-0.00371173 0.00976517 -1.07306
-0.00389007 0.00976517 -1.07306
-0.00406841 0.00976517 -1.07306
-0.00371173 0.00994351 -1.07306
-0.00389007 0.00994351 -1.07306
-0.00406841 0.00994351 -1.07306
-0.00371173 0.0101219 -1.07306
-0.00389007 0.0101219 -1.07306
-0.00406841 0.0101219 -1.07306
-0.00371173 0.0103002 -1.07306
-0.00389007 0.0103002 -1.07306
-0.00406841 0.0103002 -1.07306
-0.00371173 0.0104785 -1.07307
-0.00389007 0.0104785 -1.07306
-0.00406841 0.0104785 -1.07306
-0.00371173 0.0106569 -1.07307
-0.00389007 0.0106569 -1.07306
-0.00406841 0.0106569 -1.07306
-0.00371173 0.0108352 -1.07307
-0.00389007 0.0108352 -1.07307
-0.00406841 0.0108352 -1.07306
-0.00371173 0.0110135 -1.07307
-0.00389007 0.0110135 -1.07307
-0.00406841 0.0110135 -1.07306
-0.00371173 0.0111919 -1.07307
-0.00389007 0.0111919 -1.07307
-0.00406841 0.0111919 -1.07307
-0.00371173 0.0113702 -1.07307
-0.00389007 0.0113702 -1.07307
-0.00406841 0.0113702 -1.07307
-0.00371173 0.0115486 -1.07307
-0.00389007 0.0115486 -1.07307
-0.00406841 0.0115486 -1.07307
-0.00371173 0.0117269 -1.07307
-0.00389007 0.0117269 -1.07307
-0.00406841 0.0117269 -1.07307
-0.00371173 0.0119052 -1.07307
-0.00389007 0.0119052 -1.07307
-0.00406841 0.0119052 -1.07307
-0.00371173 0.0120836 -1.07307
-0.00389007 0.0120836 -1.07307
-0.00406841 0.0120836 -1.07307
-0.00371173 0.0122619 -1.07307
-0.00389007 0.0122619 -1.07307
-0.00406841 0.0122619 -1.07307
-0.00371173 0.0124403 -1.07307
-0.00389007 0.0124403 -1.07307
-0.00406841 0.0124403 -1.07307
-0.00371173 0.0126186 -1.07307
-0.00389007 0.0126186 -1.07307
-0.00406841 0.0126186 -1.07307
-0.00371173 0.0127969 -1.07307
-0.00389007 0.0127969 -1.07307
-0.00406841 0.0127969 -1.07307
-0.00371173 0.0129753 -1.07307
-0.00389007 0.0129753 -1.07307
-0.00406841 0.0129753 -1.07307
-0.00371173 0.0131536 -1.07307
-0.00389007 0.0131536 -1.07307
-0.00406841 0.0131536 -1.07307
-0.00371173 0.013332 -1.07307
-0.00389007 0.013332 -1.07307
-0.00406841 0.013332 -1.07307
-0.00371173 0.0135103 -1.07307
-0.00389007 0.0135103 -1.07307
-0.00406841 0.0135103 -1.07307
-0.00371173 0.0136886 -1.07307
-0.00389007 0.0136886 -1.07307
-0.00406841 0.0136886 -1.07307
-0.00371173 0.013867 -1.07307
-0.00389007 0.013867 -1.07307
-0.00406841 0.013867 -1.07307
-0.00371173 0.0140453 -1.07307
-0.00389007 0.0140453 -1.07307
-0.00406841 0.0140453 -1.07307
-0.00371173 0.0142237 -1.07307
-0.00389007 0.0142237 -1.07307
-0.00406841 0.0142237 -1.07307
-0.00371173 0.014402 -1.07307
-0.00389007 0.014402 -1.07307
-0.00406841 0.014402 -1.07307
-0.00371173 0.0145803 -1.07307
-0.00389007 0.0145803 -1.07307
-0.00406841 0.0145803 -1.07307
-0.00371173 0.0147587 -1.07308
-0.00389007 0.0147587 -1.07307
-0.00406841 0.0147587 -1.07307
-0.00371173 0.014937 -1.07308
-0.00389007 0.014937 -1.07307
-0.00406841 0.014937 -1.07307
-0.00371173 0.0151154 -1.07308
-0.00389007 0.0151154 -1.07308
-0.00406841 0.0151154 -1.07307
-0.00371173 0.0152937 -1.07308
-0.00389007 0.0152937 -1.07308
-0.00406841 0.0152937 -1.07307
-0.00371173 0.015472 -1.07308
-0.00389007 0.015472 -1.07308
-0.00406841 0.015472 -1.07308
-0.00371173 0.0156504 -1.07308
-0.00389007 0.0156504 -1.07308
-0.00406841 0.0156504 -1.07308
-0.00371173 0.0158287 -1.07308
-0.00389007 0.0158287 -1.07308
-0.00406841 0.0158287 -1.07308
-0.00371173 0.0160071 -1.07308
-0.00389007 0.0160071 -1.07308
-0.00406841 0.0160071 -1.07308
-0.00371173 0.0161854 -1.07308
-0.00389007 0.0161854 -1.07308
-0.00406841 0.0161854 -1.07308
-0.00371173 0.0163637 -1.07308
-0.00389007 0.0163637 -1.07308
-0.00406841 0.0163637 -1.07308
-0.00371173 0.0165421 -1.07308
-0.00389007 0.0165421 -1.07308
-0.00406841 0.0165421 -1.07308
-0.00371173 0.0167204 -1.07308
-0.00389007 0.0167204 -1.07308
-0.00406841 0.0167204 -1.07308
-0.00371173 0.0168988 -1.07308
-0.00389007 0.0168988 -1.07308
-0.00406841 0.0168988 -1.07308
-0.00371173 0.0170771 -1.07308
-0.00389007 0.0170771 -1.07308
-0.00406841 0.0170771 -1.07308
-0.00371173 0.0172554 -1.07308
-0.00389007 0.0172554 -1.07308
-0.00406841 0.0172554 -1.07308
-0.00371173 0.0174338 -1.07308
-0.00389007 0.0174338 -1.07308
-0.00406841 0.0174338 -1.07308
-0.00371173 0.0176121 -1.07308
-0.00389007 0.0176121 -1.07308
-0.00406841 0.0176121 -1.07308
-0.00371173 0.0177905 -1.07308
-0.00389007 0.0177905 -1.07308
-0.00406841 0.0177905 -1.07308
-0.00371173 0.0179688 -1.07308
-0.00389007 0.0179688 -1.07308
-0.00406841 0.0179688 -1.07308
-0.00371173 0.0181471 -1.07308
-0.00389007 0.0181471 -1.07308
-0.00406841 0.0181471 -1.07308
-0.00371173 0.0183255 -1.07308
-0.00389007 0.0183255 -1.07308
-0.00406841 0.0183255 -1.07308
-0.00371173 0.0185038 -1.07308
-0.00389007 0.0185038 -1.07308
-0.00406841 0.0185038 -1.07308
-0.00371173 0.0186822 -1.07308
-0.00389007 0.0186822 -1.07308
-0.00406841 0.0186822 -1.07308
-0.00371173 0.0188605 -1.07308
-0.00389007 0.0188605 -1.07308
-0.00406841 0.0188605 -1.07308
-0.00371173 0.0190388 -1.07308
-0.00389007 0.0190388 -1.07308
-0.00406841 0.0190388 -1.07308
-0.00371173 0.0192172 -1.07309
-0.00389007 0.0192172 -1.07308
-0.00406841 0.0192172 -1.07308
-0.00371173 0.0193955 -1.07309
-0.00389007 0.0193955 -1.07308
-0.00406841 0.0193955 -1.07308
-0.00371173 0.0195739 -1.07309
-0.00389007 0.0195739 -1.07309
-0.00406841 0.0195739 -1.07308
-0.00371173 0.0197522 -1.07309
-0.00389007 0.0197522 -1.07309
-0.00406841 0.0197522 -1.07308
-0.00371173 0.0199305 -1.07309
-0.00389007 0.0199305 -1.07309
-0.00406841 0.0199305 -1.07309
-0.00371173 0.0201089 -1.07309
-0.00389007 0.0201089 -1.07309
-0.00406841 0.0201089 -1.07309
-0.00371173 0.0202872 -1.07309
-0.00389007 0.0202872 -1.07309
-0.00406841 0.0202872 -1.07309
-0.00371173 0.0204656 -1.07309
-0.00389007 0.0204656 -1.07309
-0.00406841 0.0204656 -1.07309
-0.00371173 0.0206439 -1.07309
-0.00389007 0.0206439 -1.07309
-0.00406841 0.0206439 -1.07309
-0.00371173 0.0208222 -1.07309
-0.00389007 0.0208222 -1.07309
-0.00406841 0.0208222 -1.07309
-0.00371173 0.0210006 -1.07309
-0.00389007 0.0210006 -1.07309
-0.00406841 0.0210006 -1.07309
-0.00371173 0.0211789 -1.07309
-0.00389007 0.0211789 -1.07309
-0.00406841 0.0211789 -1.07309
-0.00371173 0.0213573 -1.07309
-0.00389007 0.0213573 -1.07309
-0.00406841 0.0213573 -1.07309
-0.00371173 0.0215356 -1.07309
-0.00389007 0.0215356 -1.07309
-0.00406841 0.0215356 -1.07309
-0.00371173 0.0217139 -1.07309
-0.00389007 0.0217139 -1.07309
-0.00406841 0.0217139 -1.07309
-0.00371173 0.0218923 -1.07309
-0.00389007 0.0218923 -1.07309
-0.00406841 0.0218923 -1.07309
-0.00371173 0.0220706 -1.07309
-0.00389007 0.0220706 -1.07309
-0.00406841 0.0220706 -1.07309
-0.00371173 0.022249 -1.07309
-0.00389007 0.022249 -1.07309
-0.00406841 0.022249 -1.07309
