-0.00569857 -0.0111527 -1.04612
-0.00571809 -0.0111527 -1.04612
-0.00573761 -0.0111527 -1.04613
-0.00569857 -0.0111332 -1.04612
-0.00571809 -0.0111332 -1.04612
-0.00573761 -0.0111332 -1.04613
-0.00569857 -0.0111137 -1.04612
-0.00571809 -0.0111137 -1.04612
-0.00573761 -0.0111137 -1.04613
-0.00569857 -0.0110941 -1.04612
-0.00571809 -0.0110941 -1.04613
-0.00573761 -0.0110941 -1.04613
-0.00569857 -0.0110746 -1.04612
-0.00571809 -0.0110746 -1.04613
-0.00573761 -0.0110746 -1.04613
-0.00569857 -0.0110551 -1.04612
-0.00571809 -0.0110551 -1.04613
-0.00573761 -0.0110551 -1.04613
-0.00569857 -0.0110356 -1.04612
-0.00571809 -0.0110356 -1.04613
-0.00573761 -0.0110356 -1.04613
-0.00569857 -0.0110161 -1.04613
-0.00571809 -0.0110161 -1.04613
-0.00573761 -0.0110161 -1.04613
-0.00569857 -0.0109965 -1.04613
-0.00571809 -0.0109965 -1.04613
-0.00573761 -0.0109965 -1.04614
-0.00569857 -0.010977 -1.04613
-0.00571809 -0.010977 -1.04613
-0.00573761 -0.010977 -1.04614
-0.00569857 -0.0109575 -1.04613
-0.00571809 -0.0109575 -1.04613
-0.00573761 -0.0109575 -1.04614
-0.00569857 -0.010938 -1.04613
-0.00571809 -0.010938 -1.04613
-0.00573761 -0.010938 -1.04614
-0.00569857 -0.0109185 -1.04613
-0.00571809 -0.0109185 -1.04613
-0.00573761 -0.0109185 -1.04614
-0.00569857 -0.0108989 -1.04613
-0.00571809 -0.0108989 -1.04614
-0.00573761 -0.0108989 -1.04614
-0.00569857 -0.0108794 -1.04613
-0.00571809 -0.0108794 -1.04614
-0.00573761 -0.0108794 -1.04614
-0.00569857 -0.0108599 -1.04613
-0.00571809 -0.0108599 -1.04614
-0.00573761 -0.0108599 -1.04614
-0.00569857 -0.0108404 -1.04613
-0.00571809 -0.0108404 -1.04614
-0.00573761 -0.0108404 -1.04614
-0.00569857 -0.0108209 -1.04613
-0.00571809 -0.0108209 -1.04614
-0.00573761 -0.0108209 -1.04614
-0.00569857 -0.0108014 -1.04614
-0.00571809 -0.0108014 -1.04614
-0.00573761 -0.0108014 -1.04614
-0.00569857 -0.0107818 -1.04614
-0.00571809 -0.0107818 -1.04614
-0.00573761 -0.0107818 -1.04615
-0.00569857 -0.0107623 -1.04614
-0.00571809 -0.0107623 -1.04614
-0.00573761 -0.0107623 -1.04615
-0.00569857 -0.0107428 -1.04614
-0.00571809 -0.0107428 -1.04614
-0.00573761 -0.0107428 -1.04615
-0.00569857 -0.0107233 -1.04614
-0.00571809 -0.0107233 -1.04614
-0.00573761 -0.0107233 -1.04615
-0.00569857 -0.0107038 -1.04614
-0.00571809 -0.0107038 -1.04614
-0.00573761 -0.0107038 -1.04615
-0.00569857 -0.0106842 -1.04614
-0.00571809 -0.0106842 -1.04615
-0.00573761 -0.0106842 -1.04615
-0.00569857 -0.0106647 -1.04614
-0.00571809 -0.0106647 -1.04615
-0.00573761 -0.0106647 -1.04615
-0.00569857 -0.0106452 -1.04614
-0.00571809 -0.0106452 -1.04615
-0.00573761 -0.0106452 -1.04615
-0.00569857 -0.0106257 -1.04614
-0.00571809 -0.0106257 -1.04615
-0.00573761 -0.0106257 -1.04615
-0.00569857 -0.0106062 -1.04614
-0.00571809 -0.0106062 -1.04615
-0.00573761 -0.0106062 -1.04615
-0.00569857 -0.0105867 -1.04615
-0.00571809 -0.0105867 -1.04615
-0.00573761 -0.0105867 -1.04615
-0.00569857 -0.0105671 -1.04615
-0.00571809 -0.0105671 -1.04615
-0.00573761 -0.0105671 -1.04616
-0.00569857 -0.0105476 -1.04615
-0.00571809 -0.0105476 -1.04615
-0.00573761 -0.0105476 -1.04616
-0.00569857 -0.0105281 -1.04615
-0.00571809 -0.0105281 -1.04615
-0.00573761 -0.0105281 -1.04616
-0.00569857 -0.0105086 -1.04615
-0.00571809 -0.0105086 -1.04615
-0.00573761 -0.0105086 -1.04616
-0.00569857 -0.0104891 -1.04615
-0.00571809 -0.0104891 -1.04615
-0.00573761 -0.0104891 -1.04616
-0.00569857 -0.0104695 -1.04615
-0.00571809 -0.0104695 -1.04616
-0.00573761 -0.0104695 -1.04616
-0.00569857 -0.01045 -1.04615
-0.00571809 -0.01045 -1.04616
-0.00573761 -0.01045 -1.04616
-0.00569857 -0.0104305 -1.04615
-0.00571809 -0.0104305 -1.04616
-0.00573761 -0.0104305 -1.04616
-0.00569857 -0.010411 -1.04615
-0.00571809 -0.010411 -1.04616
-0.00573761 -0.010411 -1.04616
-0.00569857 -0.0103915 -1.04616
-0.00571809 -0.0103915 -1.04616
-0.00573761 -0.0103915 -1.04616
-0.00569857 -0.0103719 -1.04616
-0.00571809 -0.0103719 -1.04616
-0.00573761 -0.0103719 -1.04617
-0.00569857 -0.0103524 -1.04616
-0.00571809 -0.0103524 -1.04616
-0.00573761 -0.0103524 -1.04617
-0.00569857 -0.0103329 -1.04616
-0.00571809 -0.0103329 -1.04616
-0.00573761 -0.0103329 -1.04617
-0.00569857 -0.0103134 -1.04616
-0.00571809 -0.0103134 -1.04616
-0.00573761 -0.0103134 -1.04617
-0.00569857 -0.0102939 -1.04616
-0.00571809 -0.0102939 -1.04616
-0.00573761 -0.0102939 -1.04617
-0.00569857 -0.0102744 -1.04616
-0.00571809 -0.0102744 -1.04617
-0.00573761 -0.0102744 -1.04617
-0.00569857 -0.0102548 -1.04616
-0.00571809 -0.0102548 -1.04617
-0.00573761 -0.0102548 -1.04617
-0.00569857 -0.0102353 -1.04616
-0.00571809 -0.0102353 -1.04617
-0.00573761 -0.0102353 -1.04617
-0.00569857 -0.0102158 -1.04616
-0.00571809 -0.0102158 -1.04617
-0.00573761 -0.0102158 -1.04617
-0.00569857 -0.0101963 -1.04616
-0.00571809 -0.0101963 -1.04617
-0.00573761 -0.0101963 -1.04617
-0.00569857 -0.0101768 -1.04617
-0.00571809 -0.0101768 -1.04617
-0.00573761 -0.0101768 -1.04617
-0.00569857 -0.0101572 -1.04617
-0.00571809 -0.0101572 -1.04617
-0.00573761 -0.0101572 -1.04618
-0.00569857 -0.0101377 -1.04617
-0.00571809 -0.0101377 -1.04617
-0.00573761 -0.0101377 -1.04618
-0.00569857 -0.0101182 -1.04617
-0.00571809 -0.0101182 -1.04617
-0.00573761 -0.0101182 -1.04618
-0.00569857 -0.0100987 -1.04617
-0.00571809 -0.0100987 -1.04617
-0.00573761 -0.0100987 -1.04618
-0.00569857 -0.0100792 -1.04617
-0.00571809 -0.0100792 -1.04617
-0.00573761 -0.0100792 -1.04618
-0.00569857 -0.0100596 -1.04617
-0.00571809 -0.0100596 -1.04618
-0.00573761 -0.0100596 -1.04618
-0.00569857 -0.0100401 -1.04617
-0.00571809 -0.0100401 -1.04618
-0.00573761 -0.0100401 -1.04618
-0.00569857 -0.0100206 -1.04617
-0.00571809 -0.0100206 -1.04618
-0.00573761 -0.0100206 -1.04618
-0.00569857 -0.0100011 -1.04617
-0.00571809 -0.0100011 -1.04618
-0.00573761 -0.0100011 -1.04618
-0.00569857 -0.00998157 -1.04617
-0.00571809 -0.00998157 -1.04618
-0.00573761 -0.00998157 -1.04618
-0.00569857 -0.00996205 -1.04618
-0.00571809 -0.00996205 -1.04618
-0.00573761 -0.00996205 -1.04618
-0.00569857 -0.00994254 -1.04618
-0.00571809 -0.00994254 -1.04618
-0.00573761 -0.00994254 -1.04619
-0.00569857 -0.00992302 -1.04618
-0.00571809 -0.00992302 -1.04618
-0.00573761 -0.00992302 -1.04619
-0.00569857 -0.0099035 -1.04618
-0.00571809 -0.0099035 -1.04618
-0.00573761 -0.0099035 -1.04619
-0.00569857 -0.00988398 -1.04618
-0.00571809 -0.00988398 -1.04618
-0.00573761 -0.00988398 -1.04619
-0.00569857 -0.00986446 -1.04618
-0.00571809 -0.00986446 -1.04619
-0.00573761 -0.00986446 -1.04619
-0.00569857 -0.00984494 -1.04618
-0.00571809 -0.00984494 -1.04619
-0.00573761 -0.00984494 -1.04619
-0.00569857 -0.00982542 -1.04618
-0.00571809 -0.00982542 -1.04619
-0.00573761 -0.00982542 -1.04619
-0.00569857 -0.00980591 -1.04618
-0.00571809 -0.00980591 -1.04619
-0.00573761 -0.00980591 -1.04619
-0.00569857 -0.00978639 -1.04618
-0.00571809 -0.00978639 -1.04619
-0.00573761 -0.00978639 -1.04619
-0.00569857 -0.00976687 -1.04619
-0.00571809 -0.00976687 -1.04619
-0.00573761 -0.00976687 -1.04619
-0.00569857 -0.00974735 -1.04619
-0.00571809 -0.00974735 -1.04619
-0.00573761 -0.00974735 -1.0462
-0.00569857 -0.00972783 -1.04619
-0.00571809 -0.00972783 -1.04619
-0.00573761 -0.00972783 -1.0462
-0.00569857 -0.00970831 -1.04619
-0.00571809 -0.00970831 -1.04619
-0.00573761 -0.00970831 -1.0462
-0.00569857 -0.00968879 -1.04619
-0.00571809 -0.00968879 -1.04619
-0.00573761 -0.00968879 -1.0462
-0.00569857 -0.00966928 -1.04619
-0.00571809 -0.00966928 -1.04619
-0.00573761 -0.00966928 -1.0462
-0.00569857 -0.00964976 -1.04619
-0.00571809 -0.00964976 -1.0462
-0.00573761 -0.00964976 -1.0462
-0.00569857 -0.00963024 -1.04619
-0.00571809 -0.00963024 -1.0462
-0.00573761 -0.00963024 -1.0462
-0.00569857 -0.00961072 -1.04619
-0.00571809 -0.00961072 -1.0462
-0.00573761 -0.00961072 -1.0462
-0.00569857 -0.0095912 -1.04619
-0.00571809 -0.0095912 -1.0462
-0.00573761 -0.0095912 -1.0462
-0.00569857 -0.00957168 -1.04619
-0.00571809 -0.00957168 -1.0462
-0.00573761 -0.00957168 -1.0462
-0.00569857 -0.00955216 -1.0462
-0.00571809 -0.00955216 -1.0462
-0.00573761 -0.00955216 -1.0462
-0.00569857 -0.00953265 -1.0462
-0.00571809 -0.00953265 -1.0462
-0.00573761 -0.00953265 -1.04621
-0.00569857 -0.00951313 -1.0462
-0.00571809 -0.00951313 -1.0462
-0.00573761 -0.00951313 -1.04621
-0.00569857 -0.00949361 -1.0462
-0.00571809 -0.00949361 -1.0462
-0.00573761 -0.00949361 -1.04621
-0.00569857 -0.00947409 -1.0462
-0.00571809 -0.00947409 -1.0462
-0.00573761 -0.00947409 -1.04621
-0.00569857 -0.00945457 -1.0462
-0.00571809 -0.00945457 -1.0462
-0.00573761 -0.00945457 -1.04621
-0.00569857 -0.00943505 -1.0462
-0.00571809 -0.00943505 -1.04621
-0.00573761 -0.00943505 -1.04621
-0.00569857 -0.00941553 -1.0462
-0.00571809 -0.00941553 -1.04621
-0.00573761 -0.00941553 -1.04621
-0.00569857 -0.00939602 -1.0462
-0.00571809 -0.00939602 -1.04621
-0.00573761 -0.00939602 -1.04621
-0.00569857 -0.0093765 -1.0462
-0.00571809 -0.0093765 -1.04621
-0.00573761 -0.0093765 -1.04621
-0.00569857 -0.00935698 -1.0462
-0.00571809 -0.00935698 -1.04621
-0.00573761 -0.00935698 -1.04621
-0.00569857 -0.00933746 -1.04621
-0.00571809 -0.00933746 -1.04621
-0.00573761 -0.00933746 -1.04621
-0.00569857 -0.00931794 -1.04621
-0.00571809 -0.00931794 -1.04621
-0.00573761 -0.00931794 -1.04622
-0.00569857 -0.00929842 -1.04621
-0.00571809 -0.00929842 -1.04621
-0.00573761 -0.00929842 -1.04622
-0.00569857 -0.0092789 -1.04621
-0.00571809 -0.0092789 -1.04621
-0.00573761 -0.0092789 -1.04622
-0.00569857 -0.00925939 -1.04621
-0.00571809 -0.00925939 -1.04621
-0.00573761 -0.00925939 -1.04622
-0.00569857 -0.00923987 -1.04621
-0.00571809 -0.00923987 -1.04622
-0.00573761 -0.00923987 -1.04622
-0.00569857 -0.00922035 -1.04621
-0.00571809 -0.00922035 -1.04622
-0.00573761 -0.00922035 -1.04622
-0.00569857 -0.00920083 -1.04621
-0.00571809 -0.00920083 -1.04622
-0.00573761 -0.00920083 -1.04622
-0.00569857 -0.00918131 -1.04621
-0.00571809 -0.00918131 -1.04622
-0.00573761 -0.00918131 -1.04622
-0.00569857 -0.00916179 -1.04621
-0.00571809 -0.00916179 -1.04622
-0.00573761 -0.00916179 -1.04622
-0.00569857 -0.00914227 -1.04622
-0.00571809 -0.00914227 -1.04622
-0.00573761 -0.00914227 -1.04622
-0.00569857 -0.00912275 -1.04622
-0.00571809 -0.00912275 -1.04622
-0.00573761 -0.00912275 -1.04623
-0.00569857 -0.00910324 -1.04622
-0.00571809 -0.00910324 -1.04622
-0.00573761 -0.00910324 -1.04623
-0.00569857 -0.00908372 -1.04622
-0.00571809 -0.00908372 -1.04622
-0.00573761 -0.00908372 -1.04623
-0.00569857 -0.0090642 -1.04622
-0.00571809 -0.0090642 -1.04622
-0.00573761 -0.0090642 -1.04623
-0.00569857 -0.00904468 -1.04622
-0.00571809 -0.00904468 -1.04622
-0.00573761 -0.00904468 -1.04623
-0.00569857 -0.00902516 -1.04622
-0.00571809 -0.00902516 -1.04623
-0.00573761 -0.00902516 -1.04623
-0.00569857 -0.00900564 -1.04622
-0.00571809 -0.00900564 -1.04623
-0.00573761 -0.00900564 -1.04623
