-0.0059364 -0.0246026 -0.992115
-0.00640791 -0.0246026 -0.992121
-0.00687941 -0.0246026 -0.992126
-0.0059364 -0.024131 -0.992116
-0.00640791 -0.024131 -0.992121
-0.00687941 -0.024131 -0.992126
-0.0059364 -0.0236595 -0.992116
-0.00640791 -0.0236595 -0.992121
-0.00687941 -0.0236595 -0.992126
-0.0059364 -0.023188 -0.992116
-0.00640791 -0.023188 -0.992121
-0.00687941 -0.023188 -0.992126
-0.0059364 -0.0227165 -0.992116
-0.00640791 -0.0227165 -0.992121
-0.00687941 -0.0227165 -0.992127
-0.0059364 -0.022245 -0.992117
-0.00640791 -0.022245 -0.992122
-0.00687941 -0.022245 -0.992127
-0.0059364 -0.0217735 -0.992117
-0.00640791 -0.0217735 -0.992122
-0.00687941 -0.0217735 -0.992127
-0.0059364 -0.021302 -0.992117
-0.00640791 -0.021302 -0.992122
-0.00687941 -0.021302 -0.992127
-0.0059364 -0.0208305 -0.992117
-0.00640791 -0.0208305 -0.992122
-0.00687941 -0.0208305 -0.992128
-0.0059364 -0.020359 -0.992118
-0.00640791 -0.020359 -0.992123
-0.00687941 -0.020359 -0.992128
-0.0059364 -0.0198875 -0.992118
-0.00640791 -0.0198875 -0.992123
-0.00687941 -0.0198875 -0.992128
-0.0059364 -0.019416 -0.992118
-0.00640791 -0.019416 -0.992123
-0.00687941 -0.019416 -0.992128
-0.0059364 -0.0189445 -0.992118
-0.00640791 -0.0189445 -0.992123
-0.00687941 -0.0189445 -0.992129
-0.0059364 -0.018473 -0.992118
-0.00640791 -0.018473 -0.992124
-0.00687941 -0.018473 -0.992129
-0.0059364 -0.0180015 -0.992119
-0.00640791 -0.0180015 -0.992124
-0.00687941 -0.0180015 -0.992129
-0.0059364 -0.01753 -0.992119
-0.00640791 -0.01753 -0.992124
-0.00687941 -0.01753 -0.992129
-0.0059364 -0.0170585 -0.992119
-0.00640791 -0.0170585 -0.992124
-0.00687941 -0.0170585 -0.99213
-0.0059364 -0.016587 -0.992119
-0.00640791 -0.016587 -0.992125
-0.00687941 -0.016587 -0.99213
-0.0059364 -0.0161155 -0.99212
-0.00640791 -0.0161155 -0.992125
-0.00687941 -0.0161155 -0.99213
-0.0059364 -0.0156439 -0.99212
-0.00640791 -0.0156439 -0.992125
-0.00687941 -0.0156439 -0.99213
-0.0059364 -0.0151724 -0.99212
-0.00640791 -0.0151724 -0.992125
-0.00687941 -0.0151724 -0.992131
-0.0059364 -0.0147009 -0.99212
-0.00640791 -0.0147009 -0.992126
-0.00687941 -0.0147009 -0.992131
-0.0059364 -0.0142294 -0.992121
-0.00640791 -0.0142294 -0.992126
-0.00687941 -0.0142294 -0.992131
-0.0059364 -0.0137579 -0.992121
-0.00640791 -0.0137579 -0.992126
-0.00687941 -0.0137579 -0.992131
-0.0059364 -0.0132864 -0.992121
-0.00640791 -0.0132864 -0.992126
-0.00687941 -0.0132864 -0.992131
-0.0059364 -0.0128149 -0.992121
-0.00640791 -0.0128149 -0.992127
-0.00687941 -0.0128149 -0.992132
-0.0059364 -0.0123434 -0.992122
-0.00640791 -0.0123434 -0.992127
-0.00687941 -0.0123434 -0.992132
-0.0059364 -0.0118719 -0.992122
-0.00640791 -0.0118719 -0.992127
-0.00687941 -0.0118719 -0.992132
-0.0059364 -0.0114004 -0.992122
-0.00640791 -0.0114004 -0.992127
-0.00687941 -0.0114004 -0.992132
-0.0059364 -0.0109289 -0.992122
-0.00640791 -0.0109289 -0.992128
-0.00687941 -0.0109289 -0.992133
-0.0059364 -0.0104574 -0.992123
-0.00640791 -0.0104574 -0.992128
-0.00687941 -0.0104574 -0.992133
-0.0059364 -0.00998588 -0.992123
-0.00640791 -0.00998588 -0.992128
-0.00687941 -0.00998588 -0.992133
-0.0059364 -0.00951438 -0.992123
-0.00640791 -0.00951438 -0.992128
-0.00687941 -0.00951438 -0.992133
-0.0059364 -0.00904287 -0.992123
-0.00640791 -0.00904287 -0.992128
-0.00687941 -0.00904287 -0.992134
-0.0059364 -0.00857137 -0.992124
-0.00640791 -0.00857137 -0.992129
-0.00687941 -0.00857137 -0.992134
-0.0059364 -0.00809986 -0.992124
-0.00640791 -0.00809986 -0.992129
-0.00687941 -0.00809986 -0.992134
-0.0059364 -0.00762836 -0.992124
-0.00640791 -0.00762836 -0.992129
-0.00687941 -0.00762836 -0.992134
-0.0059364 -0.00715685 -0.992124
-0.00640791 -0.00715685 -0.992129
-0.00687941 -0.00715685 -0.992135
-0.0059364 -0.00668535 -0.992124
-0.00640791 -0.00668535 -0.99213
-0.00687941 -0.00668535 -0.992135
-0.0059364 -0.00621384 -0.992125
-0.00640791 -0.00621384 -0.99213
-0.00687941 -0.00621384 -0.992135
-0.0059364 -0.00574234 -0.992125
-0.00640791 -0.00574234 -0.99213
-0.00687941 -0.00574234 -0.992135
-0.0059364 -0.00527083 -0.992125
-0.00640791 -0.00527083 -0.99213
-0.00687941 -0.00527083 -0.992136
-0.0059364 -0.00479932 -0.992126
-0.00640791 -0.00479932 -0.992131
-0.00687941 -0.00479932 -0.992136
-0.0059364 -0.00432782 -0.992126
-0.00640791 -0.00432782 -0.992131
-0.00687941 -0.00432782 -0.992136
-0.0059364 -0.00385631 -0.992126
-0.00640791 -0.00385631 -0.992131
-0.00687941 -0.00385631 -0.992136
-0.0059364 -0.00338481 -0.992126
-0.00640791 -0.00338481 -0.992131
-0.00687941 -0.00338481 -0.992137
-0.0059364 -0.0029133 -0.992126
-0.00640791 -0.0029133 -0.992132
-0.00687941 -0.0029133 -0.992137
-0.0059364 -0.0024418 -0.992127
-0.00640791 -0.0024418 -0.992132
-0.00687941 -0.0024418 -0.992137
-0.0059364 -0.00197029 -0.992127
-0.00640791 -0.00197029 -0.992132
-0.00687941 -0.00197029 -0.992137
-0.0059364 -0.00149879 -0.992127
-0.00640791 -0.00149879 -0.992132
-0.00687941 -0.00149879 -0.992138
-0.0059364 -0.00102728 -0.992127
-0.00640791 -0.00102728 -0.992133
-0.00687941 -0.00102728 -0.992138
-0.0059364 -0.000555776 -0.992128
-0.00640791 -0.000555776 -0.992133
-0.00687941 -0.000555776 -0.992138
-0.0059364 -8.42703e-05 -0.992128
-0.00640791 -8.42703e-05 -0.992133
-0.00687941 -8.42703e-05 -0.992138
-0.0059364 0.000387235 -0.992128
-0.00640791 0.000387235 -0.992133
-0.00687941 0.000387235 -0.992139
-0.0059364 0.000858741 -0.992128
-0.00640791 0.000858741 -0.992134
-0.00687941 0.000858741 -0.992139
-0.0059364 0.00133025 -0.992129
-0.00640791 0.00133025 -0.992134
-0.00687941 0.00133025 -0.992139
-0.0059364 0.00180175 -0.992129
-0.00640791 0.00180175 -0.992134
-0.00687941 0.00180175 -0.992139
-0.0059364 0.00227326 -0.992129
-0.00640791 0.00227326 -0.992134
-0.00687941 0.00227326 -0.992139
-0.0059364 0.00274476 -0.992129
-0.00640791 0.00274476 -0.992135
-0.00687941 0.00274476 -0.99214
-0.0059364 0.00321627 -0.99213
-0.00640791 0.00321627 -0.992135
-0.00687941 0.00321627 -0.99214
-0.0059364 0.00368777 -0.99213
-0.00640791 0.00368777 -0.992135
-0.00687941 0.00368777 -0.99214
-0.0059364 0.00415928 -0.99213
-0.00640791 0.00415928 -0.992135
-0.00687941 0.00415928 -0.99214
-0.0059364 0.00463078 -0.99213
-0.00640791 0.00463078 -0.992136
-0.00687941 0.00463078 -0.992141
-0.0059364 0.00510229 -0.992131
-0.00640791 0.00510229 -0.992136
-0.00687941 0.00510229 -0.992141
-0.0059364 0.00557379 -0.992131
-0.00640791 0.00557379 -0.992136
-0.00687941 0.00557379 -0.992141
-0.0059364 0.0060453 -0.992131
-0.00640791 0.0060453 -0.992136
-0.00687941 0.0060453 -0.992141
-0.0059364 0.00651681 -0.992131
-0.00640791 0.00651681 -0.992136
-0.00687941 0.00651681 -0.992142
-0.0059364 0.00698831 -0.992132
-0.00640791 0.00698831 -0.992137
-0.00687941 0.00698831 -0.992142
-0.0059364 0.00745982 -0.992132
-0.00640791 0.00745982 -0.992137
-0.00687941 0.00745982 -0.992142
-0.0059364 0.00793132 -0.992132
-0.00640791 0.00793132 -0.992137
-0.00687941 0.00793132 -0.992142
-0.0059364 0.00840283 -0.992132
-0.00640791 0.00840283 -0.992137
-0.00687941 0.00840283 -0.992143
-0.0059364 0.00887433 -0.992132
-0.00640791 0.00887433 -0.992138
-0.00687941 0.00887433 -0.992143
-0.0059364 0.00934584 -0.992133
-0.00640791 0.00934584 -0.992138
-0.00687941 0.00934584 -0.992143
-0.0059364 0.00981734 -0.992133
-0.00640791 0.00981734 -0.992138
-0.00687941 0.00981734 -0.992143
-0.0059364 0.0102888 -0.992133
-0.00640791 0.0102888 -0.992138
-0.00687941 0.0102888 -0.992144
-0.0059364 0.0107604 -0.992133
-0.00640791 0.0107604 -0.992139
-0.00687941 0.0107604 -0.992144
-0.0059364 0.0112319 -0.992134
-0.00640791 0.0112319 -0.992139
-0.00687941 0.0112319 -0.992144
-0.0059364 0.0117034 -0.992134
-0.00640791 0.0117034 -0.992139
-0.00687941 0.0117034 -0.992144
-0.0059364 0.0121749 -0.992134
-0.00640791 0.0121749 -0.992139
-0.00687941 0.0121749 -0.992145
-0.0059364 0.0126464 -0.992134
-0.00640791 0.0126464 -0.99214
-0.00687941 0.0126464 -0.992145
-0.0059364 0.0131179 -0.992135
-0.00640791 0.0131179 -0.99214
-0.00687941 0.0131179 -0.992145
-0.0059364 0.0135894 -0.992135
-0.00640791 0.0135894 -0.99214
-0.00687941 0.0135894 -0.992145
-0.0059364 0.0140609 -0.992135
-0.00640791 0.0140609 -0.99214
-0.00687941 0.0140609 -0.992145
-0.0059364 0.0145324 -0.992135
-0.00640791 0.0145324 -0.992141
-0.00687941 0.0145324 -0.992146
-0.0059364 0.0150039 -0.992136
-0.00640791 0.0150039 -0.992141
-0.00687941 0.0150039 -0.992146
-0.0059364 0.0154754 -0.992136
-0.00640791 0.0154754 -0.992141
-0.00687941 0.0154754 -0.992146
-0.0059364 0.0159469 -0.992136
-0.00640791 0.0159469 -0.992141
-0.00687941 0.0159469 -0.992146
-0.0059364 0.0164184 -0.992136
-0.00640791 0.0164184 -0.992142
-0.00687941 0.0164184 -0.992147
-0.0059364 0.0168899 -0.992137
-0.00640791 0.0168899 -0.992142
-0.00687941 0.0168899 -0.992147
-0.0059364 0.0173614 -0.992137
-0.00640791 0.0173614 -0.992142
-0.00687941 0.0173614 -0.992147
-0.0059364 0.0178329 -0.992137
-0.00640791 0.0178329 -0.992142
-0.00687941 0.0178329 -0.992147
-0.0059364 0.0183044 -0.992137
-0.00640791 0.0183044 -0.992142
-0.00687941 0.0183044 -0.992148
-0.0059364 0.0187759 -0.992138
-0.00640791 0.0187759 -0.992143
-0.00687941 0.0187759 -0.992148
-0.0059364 0.0192475 -0.992138
-0.00640791 0.0192475 -0.992143
-0.00687941 0.0192475 -0.992148
-0.0059364 0.019719 -0.992138
-0.00640791 0.019719 -0.992143
-0.00687941 0.019719 -0.992148
-0.0059364 0.0201905 -0.992138
-0.00640791 0.0201905 -0.992143
-0.00687941 0.0201905 -0.992149
-0.0059364 0.020662 -0.992139
-0.00640791 0.020662 -0.992144
-0.00687941 0.020662 -0.992149
-0.0059364 0.0211335 -0.992139
-0.00640791 0.0211335 -0.992144
-0.00687941 0.0211335 -0.992149
-0.0059364 0.021605 -0.992139
-0.00640791 0.021605 -0.992144
-0.00687941 0.021605 -0.992149
-0.0059364 0.0220765 -0.992139
-0.00640791 0.0220765 -0.992144
-0.00687941 0.0220765 -0.99215
-0.0059364 0.022548 -0.99214
-0.00640791 0.022548 -0.992145
-0.00687941 0.022548 -0.99215
-0.0059364 0.0230195 -0.99214
-0.00640791 0.0230195 -0.992145
-0.00687941 0.0230195 -0.99215
-0.0059364 0.023491 -0.99214
-0.00640791 0.023491 -0.992145
-0.00687941 0.023491 -0.99215
-0.0059364 0.0239625 -0.99214
-0.00640791 0.0239625 -0.992145
-0.00687941 0.0239625 -0.992151
-0.0059364 0.024434 -0.99214
-0.00640791 0.024434 -0.992146
-0.00687941 0.024434 -0.992151
-0.0059364 0.0249055 -0.992141
-0.00640791 0.0249055 -0.992146
-0.00687941 0.0249055 -0.992151
-0.0059364 0.025377 -0.992141
-0.00640791 0.025377 -0.992146
-0.00687941 0.025377 -0.992151
-0.0059364 0.0258485 -0.992141
-0.00640791 0.0258485 -0.992146
-0.00687941 0.0258485 -0.992152
-0.0059364 0.02632 -0.992141
-0.00640791 0.02632 -0.992147
-0.00687941 0.02632 -0.992152
-0.0059364 0.0267915 -0.992142
-0.00640791 0.0267915 -0.992147
-0.00687941 0.0267915 -0.992152
-0.0059364 0.027263 -0.992142
-0.00640791 0.027263 -0.992147
-0.00687941 0.027263 -0.992152
