0.00766381 -0.0137427 -1.07469
0.00771397 -0.0137427 -1.07469
0.00776414 -0.0137427 -1.0747
0.00766381 -0.0137928 -1.07469
0.00771397 -0.0137928 -1.07469
0.00776414 -0.0137928 -1.07469
0.00766381 -0.013843 -1.07469
0.00771397 -0.013843 -1.07469
0.00776414 -0.013843 -1.07469
0.00766381 -0.0138932 -1.07469
0.00771397 -0.0138932 -1.07469
0.00776414 -0.0138932 -1.07469
0.00766381 -0.0139433 -1.07469
0.00771397 -0.0139433 -1.07469
0.00776414 -0.0139433 -1.07469
0.00766381 -0.0139935 -1.07469
0.00771397 -0.0139935 -1.07469
0.00776414 -0.0139935 -1.07469
0.00766381 -0.0140437 -1.07469
0.00771397 -0.0140437 -1.07469
0.00776414 -0.0140437 -1.07469
0.00766381 -0.0140938 -1.07469
0.00771397 -0.0140938 -1.07469
0.00776414 -0.0140938 -1.07469
0.00766381 -0.014144 -1.07469
0.00771397 -0.014144 -1.07469
0.00776414 -0.014144 -1.07469
0.00766381 -0.0141942 -1.07469
0.00771397 -0.0141942 -1.07469
0.00776414 -0.0141942 -1.07469
0.00766381 -0.0142443 -1.07468
0.00771397 -0.0142443 -1.07469
0.00776414 -0.0142443 -1.07469
0.00766381 -0.0142945 -1.07468
0.00771397 -0.0142945 -1.07469
0.00776414 -0.0142945 -1.07469
0.00766381 -0.0143447 -1.07468
0.00771397 -0.0143447 -1.07468
0.00776414 -0.0143447 -1.07469
0.00766381 -0.0143948 -1.07468
0.00771397 -0.0143948 -1.07468
0.00776414 -0.0143948 -1.07469
0.00766381 -0.014445 -1.07468
0.00771397 -0.014445 -1.07468
0.00776414 -0.014445 -1.07468
0.00766381 -0.0144952 -1.07468
0.00771397 -0.0144952 -1.07468
0.00776414 -0.0144952 -1.07468
0.00766381 -0.0145454 -1.07468
0.00771397 -0.0145454 -1.07468
0.00776414 -0.0145454 -1.07468
0.00766381 -0.0145955 -1.07468
0.00771397 -0.0145955 -1.07468
0.00776414 -0.0145955 -1.07468
0.00766381 -0.0146457 -1.07468
0.00771397 -0.0146457 -1.07468
0.00776414 -0.0146457 -1.07468
0.00766381 -0.0146959 -1.07468
0.00771397 -0.0146959 -1.07468
0.00776414 -0.0146959 -1.07468
0.00766381 -0.014746 -1.07468
0.00771397 -0.014746 -1.07468
0.00776414 -0.014746 -1.07468
0.00766381 -0.0147962 -1.07468
0.00771397 -0.0147962 -1.07468
0.00776414 -0.0147962 -1.07468
0.00766381 -0.0148464 -1.07467
0.00771397 -0.0148464 -1.07468
0.00776414 -0.0148464 -1.07468
0.00766381 -0.0148965 -1.07467
0.00771397 -0.0148965 -1.07468
0.00776414 -0.0148965 -1.07468
0.00766381 -0.0149467 -1.07467
0.00771397 -0.0149467 -1.07468
0.00776414 -0.0149467 -1.07468
0.00766381 -0.0149969 -1.07467
0.00771397 -0.0149969 -1.07467
0.00776414 -0.0149969 -1.07468
0.00766381 -0.015047 -1.07467
0.00771397 -0.015047 -1.07467
0.00776414 -0.015047 -1.07468
0.00766381 -0.0150972 -1.07467
0.00771397 -0.0150972 -1.07467
0.00776414 -0.0150972 -1.07467
0.00766381 -0.0151474 -1.07467
0.00771397 -0.0151474 -1.07467
0.00776414 -0.0151474 -1.07467
0.00766381 -0.0151975 -1.07467
0.00771397 -0.0151975 -1.07467
0.00776414 -0.0151975 -1.07467
0.00766381 -0.0152477 -1.07467
0.00771397 -0.0152477 -1.07467
0.00776414 -0.0152477 -1.07467
0.00766381 -0.0152979 -1.07467
0.00771397 -0.0152979 -1.07467
0.00776414 -0.0152979 -1.07467
0.00766381 -0.015348 -1.07467
0.00771397 -0.015348 -1.07467
0.00776414 -0.015348 -1.07467
0.00766381 -0.0153982 -1.07467
0.00771397 -0.0153982 -1.07467
0.00776414 -0.0153982 -1.07467
0.00766381 -0.0154484 -1.07467
0.00771397 -0.0154484 -1.07467
0.00776414 -0.0154484 -1.07467
0.00766381 -0.0154985 -1.07466
0.00771397 -0.0154985 -1.07467
0.00776414 -0.0154985 -1.07467
0.00766381 -0.0155487 -1.07466
0.00771397 -0.0155487 -1.07467
0.00776414 -0.0155487 -1.07467
0.00766381 -0.0155989 -1.07466
0.00771397 -0.0155989 -1.07466
0.00776414 -0.0155989 -1.07467
0.00766381 -0.015649 -1.07466
0.00771397 -0.015649 -1.07466
0.00776414 -0.015649 -1.07467
0.00766381 -0.0156992 -1.07466
0.00771397 -0.0156992 -1.07466
0.00776414 -0.0156992 -1.07466
0.00766381 -0.0157494 -1.07466
0.00771397 -0.0157494 -1.07466
0.00776414 -0.0157494 -1.07466
0.00766381 -0.0157995 -1.07466
0.00771397 -0.0157995 -1.07466
0.00776414 -0.0157995 -1.07466
0.00766381 -0.0158497 -1.07466
0.00771397 -0.0158497 -1.07466
0.00776414 -0.0158497 -1.07466
0.00766381 -0.0158999 -1.07466
0.00771397 -0.0158999 -1.07466
0.00776414 -0.0158999 -1.07466
0.00766381 -0.01595 -1.07466
0.00771397 -0.01595 -1.07466
0.00776414 -0.01595 -1.07466
0.00766381 -0.0160002 -1.07466
0.00771397 -0.0160002 -1.07466
0.00776414 -0.0160002 -1.07466
0.00766381 -0.0160504 -1.07466
0.00771397 -0.0160504 -1.07466
0.00776414 -0.0160504 -1.07466
0.00766381 -0.0161005 -1.07466
0.00771397 -0.0161005 -1.07466
0.00776414 -0.0161005 -1.07466
0.00766381 -0.0161507 -1.07465
0.00771397 -0.0161507 -1.07466
0.00776414 -0.0161507 -1.07466
0.00766381 -0.0162009 -1.07465
0.00771397 -0.0162009 -1.07466
0.00776414 -0.0162009 -1.07466
0.00766381 -0.016251 -1.07465
0.00771397 -0.016251 -1.07465
0.00776414 -0.016251 -1.07466
0.00766381 -0.0163012 -1.07465
0.00771397 -0.0163012 -1.07465
0.00776414 -0.0163012 -1.07466
0.00766381 -0.0163514 -1.07465
0.00771397 -0.0163514 -1.07465
0.00776414 -0.0163514 -1.07465
0.00766381 -0.0164015 -1.07465
0.00771397 -0.0164015 -1.07465
0.00776414 -0.0164015 -1.07465
0.00766381 -0.0164517 -1.07465
0.00771397 -0.0164517 -1.07465
0.00776414 -0.0164517 -1.07465
0.00766381 -0.0165019 -1.07465
0.00771397 -0.0165019 -1.07465
0.00776414 -0.0165019 -1.07465
0.00766381 -0.016552 -1.07465
0.00771397 -0.016552 -1.07465
0.00776414 -0.016552 -1.07465
0.00766381 -0.0166022 -1.07465
0.00771397 -0.0166022 -1.07465
0.00776414 -0.0166022 -1.07465
0.00766381 -0.0166524 -1.07465
0.00771397 -0.0166524 -1.07465
0.00776414 -0.0166524 -1.07465
0.00766381 -0.0167025 -1.07465
0.00771397 -0.0167025 -1.07465
0.00776414 -0.0167025 -1.07465
0.00766381 -0.0167527 -1.07464
0.00771397 -0.0167527 -1.07465
0.00776414 -0.0167527 -1.07465
0.00766381 -0.0168029 -1.07464
0.00771397 -0.0168029 -1.07465
0.00776414 -0.0168029 -1.07465
0.00766381 -0.016853 -1.07464
0.00771397 -0.016853 -1.07464
0.00776414 -0.016853 -1.07465
0.00766381 -0.0169032 -1.07464
0.00771397 -0.0169032 -1.07464
0.00776414 -0.0169032 -1.07465
0.00766381 -0.0169534 -1.07464
0.00771397 -0.0169534 -1.07464
0.00776414 -0.0169534 -1.07464
0.00766381 -0.0170036 -1.07464
0.00771397 -0.0170036 -1.07464
0.00776414 -0.0170036 -1.07464
0.00766381 -0.0170537 -1.07464
0.00771397 -0.0170537 -1.07464
0.00776414 -0.0170537 -1.07464
0.00766381 -0.0171039 -1.07464
0.00771397 -0.0171039 -1.07464
0.00776414 -0.0171039 -1.07464
0.00766381 -0.0171541 -1.07464
0.00771397 -0.0171541 -1.07464
0.00776414 -0.0171541 -1.07464
0.00766381 -0.0172042 -1.07464
0.00771397 -0.0172042 -1.07464
0.00776414 -0.0172042 -1.07464
0.00766381 -0.0172544 -1.07464
0.00771397 -0.0172544 -1.07464
0.00776414 -0.0172544 -1.07464
0.00766381 -0.0173046 -1.07464
0.00771397 -0.0173046 -1.07464
0.00776414 -0.0173046 -1.07464
0.00766381 -0.0173547 -1.07464
0.00771397 -0.0173547 -1.07464
0.00776414 -0.0173547 -1.07464
0.00766381 -0.0174049 -1.07463
0.00771397 -0.0174049 -1.07464
0.00776414 -0.0174049 -1.07464
0.00766381 -0.0174551 -1.07463
0.00771397 -0.0174551 -1.07464
0.00776414 -0.0174551 -1.07464
0.00766381 -0.0175052 -1.07463
0.00771397 -0.0175052 -1.07463
0.00776414 -0.0175052 -1.07464
0.00766381 -0.0175554 -1.07463
0.00771397 -0.0175554 -1.07463
0.00776414 -0.0175554 -1.07464
0.00766381 -0.0176056 -1.07463
0.00771397 -0.0176056 -1.07463
0.00776414 -0.0176056 -1.07463
0.00766381 -0.0176557 -1.07463
0.00771397 -0.0176557 -1.07463
0.00776414 -0.0176557 -1.07463
0.00766381 -0.0177059 -1.07463
0.00771397 -0.0177059 -1.07463
0.00776414 -0.0177059 -1.07463
0.00766381 -0.0177561 -1.07463
0.00771397 -0.0177561 -1.07463
0.00776414 -0.0177561 -1.07463
0.00766381 -0.0178062 -1.07463
0.00771397 -0.0178062 -1.07463
0.00776414 -0.0178062 -1.07463
0.00766381 -0.0178564 -1.07463
0.00771397 -0.0178564 -1.07463
0.00776414 -0.0178564 -1.07463
0.00766381 -0.0179066 -1.07463
0.00771397 -0.0179066 -1.07463
0.00776414 -0.0179066 -1.07463
0.00766381 -0.0179567 -1.07463
0.00771397 -0.0179567 -1.07463
0.00776414 -0.0179567 -1.07463
0.00766381 -0.0180069 -1.07463
0.00771397 -0.0180069 -1.07463
0.00776414 -0.0180069 -1.07463
0.00766381 -0.0180571 -1.07462
0.00771397 -0.0180571 -1.07463
0.00776414 -0.0180571 -1.07463
0.00766381 -0.0181072 -1.07462
0.00771397 -0.0181072 -1.07463
0.00776414 -0.0181072 -1.07463
0.00766381 -0.0181574 -1.07462
0.00771397 -0.0181574 -1.07462
0.00776414 -0.0181574 -1.07463
0.00766381 -0.0182076 -1.07462
0.00771397 -0.0182076 -1.07462
0.00776414 -0.0182076 -1.07463
0.00766381 -0.0182577 -1.07462
0.00771397 -0.0182577 -1.07462
0.00776414 -0.0182577 -1.07462
0.00766381 -0.0183079 -1.07462
0.00771397 -0.0183079 -1.07462
0.00776414 -0.0183079 -1.07462
0.00766381 -0.0183581 -1.07462
0.00771397 -0.0183581 -1.07462
0.00776414 -0.0183581 -1.07462
0.00766381 -0.0184082 -1.07462
0.00771397 -0.0184082 -1.07462
0.00776414 -0.0184082 -1.07462
0.00766381 -0.0184584 -1.07462
0.00771397 -0.0184584 -1.07462
0.00776414 -0.0184584 -1.07462
0.00766381 -0.0185086 -1.07462
0.00771397 -0.0185086 -1.07462
0.00776414 -0.0185086 -1.07462
0.00766381 -0.0185587 -1.07462
0.00771397 -0.0185587 -1.07462
0.00776414 -0.0185587 -1.07462
0.00766381 -0.0186089 -1.07462
0.00771397 -0.0186089 -1.07462
0.00776414 -0.0186089 -1.07462
0.00766381 -0.0186591 -1.07461
0.00771397 -0.0186591 -1.07462
0.00776414 -0.0186591 -1.07462
0.00766381 -0.0187092 -1.07461
0.00771397 -0.0187092 -1.07462
0.00776414 -0.0187092 -1.07462
0.00766381 -0.0187594 -1.07461
0.00771397 -0.0187594 -1.07461
0.00776414 -0.0187594 -1.07462
0.00766381 -0.0188096 -1.07461
0.00771397 -0.0188096 -1.07461
0.00776414 -0.0188096 -1.07462
0.00766381 -0.0188597 -1.07461
0.00771397 -0.0188597 -1.07461
0.00776414 -0.0188597 -1.07461
0.00766381 -0.0189099 -1.07461
0.00771397 -0.0189099 -1.07461
0.00776414 -0.0189099 -1.07461
0.00766381 -0.0189601 -1.07461
0.00771397 -0.0189601 -1.07461
0.00776414 -0.0189601 -1.07461
0.00766381 -0.0190102 -1.07461
0.00771397 -0.0190102 -1.07461
0.00776414 -0.0190102 -1.07461
0.00766381 -0.0190604 -1.07461
0.00771397 -0.0190604 -1.07461
0.00776414 -0.0190604 -1.07461
0.00766381 -0.0191106 -1.07461
0.00771397 -0.0191106 -1.07461
0.00776414 -0.0191106 -1.07461
0.00766381 -0.0191607 -1.07461
0.00771397 -0.0191607 -1.07461
0.00776414 -0.0191607 -1.07461
0.00766381 -0.0192109 -1.07461
0.00771397 -0.0192109 -1.07461
0.00776414 -0.0192109 -1.07461
0.00766381 -0.0192611 -1.07461
0.00771397 -0.0192611 -1.07461
0.00776414 -0.0192611 -1.07461
