-0.00554613 0.0104486 -1.03109
-0.00547362 0.0104486 -1.03109
-0.00540112 0.0104486 -1.03109
-0.00554613 0.0103761 -1.03109
-0.00547362 0.0103761 -1.03109
-0.00540112 0.0103761 -1.03109
-0.00554613 0.0103036 -1.03109
-0.00547362 0.0103036 -1.03109
-0.00540112 0.0103036 -1.03109
-0.00554613 0.0102311 -1.0311
-0.00547362 0.0102311 -1.03109
-0.00540112 0.0102311 -1.03109
-0.00554613 0.0101586 -1.0311
-0.00547362 0.0101586 -1.0311
-0.00540112 0.0101586 -1.03109
-0.00554613 0.0100861 -1.0311
-0.00547362 0.0100861 -1.0311
-0.00540112 0.0100861 -1.0311
-0.00554613 0.0100136 -1.0311
-0.00547362 0.0100136 -1.0311
-0.00540112 0.0100136 -1.0311
-0.00554613 0.00994106 -1.0311
-0.00547362 0.00994106 -1.0311
-0.00540112 0.00994106 -1.0311
-0.00554613 0.00986855 -1.0311
-0.00547362 0.00986855 -1.0311
-0.00540112 0.00986855 -1.0311
-0.00554613 0.00979605 -1.0311
-0.00547362 0.00979605 -1.0311
-0.00540112 0.00979605 -1.0311
-0.00554613 0.00972354 -1.0311
-0.00547362 0.00972354 -1.0311
-0.00540112 0.00972354 -1.0311
-0.00554613 0.00965104 -1.0311
-0.00547362 0.00965104 -1.0311
-0.00540112 0.00965104 -1.0311
-0.00554613 0.00957853 -1.0311
-0.00547362 0.00957853 -1.0311
-0.00540112 0.00957853 -1.0311
-0.00554613 0.00950602 -1.0311
-0.00547362 0.00950602 -1.0311
-0.00540112 0.00950602 -1.0311
-0.00554613 0.00943352 -1.03111
-0.00547362 0.00943352 -1.0311
-0.00540112 0.00943352 -1.0311
-0.00554613 0.00936101 -1.03111
-0.00547362 0.00936101 -1.03111
-0.00540112 0.00936101 -1.0311
-0.00554613 0.0092885 -1.03111
-0.00547362 0.0092885 -1.03111
-0.00540112 0.0092885 -1.03111
-0.00554613 0.009216 -1.03111
-0.00547362 0.009216 -1.03111
-0.00540112 0.009216 -1.03111
-0.00554613 0.00914349 -1.03111
-0.00547362 0.00914349 -1.03111
-0.00540112 0.00914349 -1.03111
-0.00554613 0.00907098 -1.03111
-0.00547362 0.00907098 -1.03111
-0.00540112 0.00907098 -1.03111
-0.00554613 0.00899848 -1.03111
-0.00547362 0.00899848 -1.03111
-0.00540112 0.00899848 -1.03111
-0.00554613 0.00892597 -1.03111
-0.00547362 0.00892597 -1.03111
-0.00540112 0.00892597 -1.03111
-0.00554613 0.00885346 -1.03111
-0.00547362 0.00885346 -1.03111
-0.00540112 0.00885346 -1.03111
-0.00554613 0.00878096 -1.03111
-0.00547362 0.00878096 -1.03111
-0.00540112 0.00878096 -1.03111
-0.00554613 0.00870845 -1.03111
-0.00547362 0.00870845 -1.03111
-0.00540112 0.00870845 -1.03111
-0.00554613 0.00863595 -1.03112
-0.00547362 0.00863595 -1.03111
-0.00540112 0.00863595 -1.03111
-0.00554613 0.00856344 -1.03112
-0.00547362 0.00856344 -1.03112
-0.00540112 0.00856344 -1.03111
-0.00554613 0.00849093 -1.03112
-0.00547362 0.00849093 -1.03112
-0.00540112 0.00849093 -1.03112
-0.00554613 0.00841843 -1.03112
-0.00547362 0.00841843 -1.03112
-0.00540112 0.00841843 -1.03112
-0.00554613 0.00834592 -1.03112
-0.00547362 0.00834592 -1.03112
-0.00540112 0.00834592 -1.03112
-0.00554613 0.00827341 -1.03112
-0.00547362 0.00827341 -1.03112
-0.00540112 0.00827341 -1.03112
-0.00554613 0.00820091 -1.03112
-0.00547362 0.00820091 -1.03112
-0.00540112 0.00820091 -1.03112
-0.00554613 0.0081284 -1.03112
-0.00547362 0.0081284 -1.03112
-0.00540112 0.0081284 -1.03112
-0.00554613 0.00805589 -1.03112
-0.00547362 0.00805589 -1.03112
-0.00540112 0.00805589 -1.03112
-0.00554613 0.00798339 -1.03112
-0.00547362 0.00798339 -1.03112
-0.00540112 0.00798339 -1.03112
-0.00554613 0.00791088 -1.03112
-0.00547362 0.00791088 -1.03112
-0.00540112 0.00791088 -1.03112
-0.00554613 0.00783837 -1.03112
-0.00547362 0.00783837 -1.03112
-0.00540112 0.00783837 -1.03112
-0.00554613 0.00776587 -1.03113
-0.00547362 0.00776587 -1.03112
-0.00540112 0.00776587 -1.03112
-0.00554613 0.00769336 -1.03113
-0.00547362 0.00769336 -1.03113
-0.00540112 0.00769336 -1.03112
-0.00554613 0.00762086 -1.03113
-0.00547362 0.00762086 -1.03113
-0.00540112 0.00762086 -1.03113
-0.00554613 0.00754835 -1.03113
-0.00547362 0.00754835 -1.03113
-0.00540112 0.00754835 -1.03113
-0.00554613 0.00747584 -1.03113
-0.00547362 0.00747584 -1.03113
-0.00540112 0.00747584 -1.03113
-0.00554613 0.00740334 -1.03113
-0.00547362 0.00740334 -1.03113
-0.00540112 0.00740334 -1.03113
-0.00554613 0.00733083 -1.03113
-0.00547362 0.00733083 -1.03113
-0.00540112 0.00733083 -1.03113
-0.00554613 0.00725832 -1.03113
-0.00547362 0.00725832 -1.03113
-0.00540112 0.00725832 -1.03113
-0.00554613 0.00718582 -1.03113
-0.00547362 0.00718582 -1.03113
-0.00540112 0.00718582 -1.03113
-0.00554613 0.00711331 -1.03113
-0.00547362 0.00711331 -1.03113
-0.00540112 0.00711331 -1.03113
-0.00554613 0.0070408 -1.03113
-0.00547362 0.0070408 -1.03113
-0.00540112 0.0070408 -1.03113
-0.00554613 0.0069683 -1.03114
-0.00547362 0.0069683 -1.03113
-0.00540112 0.0069683 -1.03113
-0.00554613 0.00689579 -1.03114
-0.00547362 0.00689579 -1.03114
-0.00540112 0.00689579 -1.03113
-0.00554613 0.00682329 -1.03114
-0.00547362 0.00682329 -1.03114
-0.00540112 0.00682329 -1.03114
-0.00554613 0.00675078 -1.03114
-0.00547362 0.00675078 -1.03114
-0.00540112 0.00675078 -1.03114
-0.00554613 0.00667827 -1.03114
-0.00547362 0.00667827 -1.03114
-0.00540112 0.00667827 -1.03114
-0.00554613 0.00660577 -1.03114
-0.00547362 0.00660577 -1.03114
-0.00540112 0.00660577 -1.03114
-0.00554613 0.00653326 -1.03114
-0.00547362 0.00653326 -1.03114
-0.00540112 0.00653326 -1.03114
-0.00554613 0.00646075 -1.03114
-0.00547362 0.00646075 -1.03114
-0.00540112 0.00646075 -1.03114
-0.00554613 0.00638825 -1.03114
-0.00547362 0.00638825 -1.03114
-0.00540112 0.00638825 -1.03114
-0.00554613 0.00631574 -1.03114
-0.00547362 0.00631574 -1.03114
-0.00540112 0.00631574 -1.03114
-0.00554613 0.00624323 -1.03114
-0.00547362 0.00624323 -1.03114
-0.00540112 0.00624323 -1.03114
-0.00554613 0.00617073 -1.03115
-0.00547362 0.00617073 -1.03114
-0.00540112 0.00617073 -1.03114
-0.00554613 0.00609822 -1.03115
-0.00547362 0.00609822 -1.03115
-0.00540112 0.00609822 -1.03114
-0.00554613 0.00602572 -1.03115
-0.00547362 0.00602572 -1.03115
-0.00540112 0.00602572 -1.03115
-0.00554613 0.00595321 -1.03115
-0.00547362 0.00595321 -1.03115
-0.00540112 0.00595321 -1.03115
-0.00554613 0.0058807 -1.03115
-0.00547362 0.0058807 -1.03115
-0.00540112 0.0058807 -1.03115
-0.00554613 0.0058082 -1.03115
-0.00547362 0.0058082 -1.03115
-0.00540112 0.0058082 -1.03115
-0.00554613 0.00573569 -1.03115
-0.00547362 0.00573569 -1.03115
-0.00540112 0.00573569 -1.03115
-0.00554613 0.00566318 -1.03115
-0.00547362 0.00566318 -1.03115
-0.00540112 0.00566318 -1.03115
-0.00554613 0.00559068 -1.03115
-0.00547362 0.00559068 -1.03115
-0.00540112 0.00559068 -1.03115
-0.00554613 0.00551817 -1.03115
-0.00547362 0.00551817 -1.03115
-0.00540112 0.00551817 -1.03115
-0.00554613 0.00544566 -1.03115
-0.00547362 0.00544566 -1.03115
-0.00540112 0.00544566 -1.03115
-0.00554613 0.00537316 -1.03116
-0.00547362 0.00537316 -1.03115
-0.00540112 0.00537316 -1.03115
-0.00554613 0.00530065 -1.03116
-0.00547362 0.00530065 -1.03116
-0.00540112 0.00530065 -1.03115
-0.00554613 0.00522815 -1.03116
-0.00547362 0.00522815 -1.03116
-0.00540112 0.00522815 -1.03116
-0.00554613 0.00515564 -1.03116
-0.00547362 0.00515564 -1.03116
-0.00540112 0.00515564 -1.03116
-0.00554613 0.00508313 -1.03116
-0.00547362 0.00508313 -1.03116
-0.00540112 0.00508313 -1.03116
-0.00554613 0.00501063 -1.03116
-0.00547362 0.00501063 -1.03116
-0.00540112 0.00501063 -1.03116
-0.00554613 0.00493812 -1.03116
-0.00547362 0.00493812 -1.03116
-0.00540112 0.00493812 -1.03116
-0.00554613 0.00486561 -1.03116
-0.00547362 0.00486561 -1.03116
-0.00540112 0.00486561 -1.03116
-0.00554613 0.00479311 -1.03116
-0.00547362 0.00479311 -1.03116
-0.00540112 0.00479311 -1.03116
-0.00554613 0.0047206 -1.03116
-0.00547362 0.0047206 -1.03116
-0.00540112 0.0047206 -1.03116
-0.00554613 0.00464809 -1.03116
-0.00547362 0.00464809 -1.03116
-0.00540112 0.00464809 -1.03116
-0.00554613 0.00457559 -1.03116
-0.00547362 0.00457559 -1.03116
-0.00540112 0.00457559 -1.03116
-0.00554613 0.00450308 -1.03117
-0.00547362 0.00450308 -1.03116
-0.00540112 0.00450308 -1.03116
-0.00554613 0.00443057 -1.03117
-0.00547362 0.00443057 -1.03117
-0.00540112 0.00443057 -1.03116
-0.00554613 0.00435807 -1.03117
-0.00547362 0.00435807 -1.03117
-0.00540112 0.00435807 -1.03117
-0.00554613 0.00428556 -1.03117
-0.00547362 0.00428556 -1.03117
-0.00540112 0.00428556 -1.03117
-0.00554613 0.00421306 -1.03117
-0.00547362 0.00421306 -1.03117
-0.00540112 0.00421306 -1.03117
-0.00554613 0.00414055 -1.03117
-0.00547362 0.00414055 -1.03117
-0.00540112 0.00414055 -1.03117
-0.00554613 0.00406804 -1.03117
-0.00547362 0.00406804 -1.03117
-0.00540112 0.00406804 -1.03117
-0.00554613 0.00399554 -1.03117
-0.00547362 0.00399554 -1.03117
-0.00540112 0.00399554 -1.03117
-0.00554613 0.00392303 -1.03117
-0.00547362 0.00392303 -1.03117
-0.00540112 0.00392303 -1.03117
-0.00554613 0.00385052 -1.03117
-0.00547362 0.00385052 -1.03117
-0.00540112 0.00385052 -1.03117
-0.00554613 0.00377802 -1.03117
-0.00547362 0.00377802 -1.03117
-0.00540112 0.00377802 -1.03117
-0.00554613 0.00370551 -1.03118
-0.00547362 0.00370551 -1.03117
-0.00540112 0.00370551 -1.03117
-0.00554613 0.003633 -1.03118
-0.00547362 0.003633 -1.03118
-0.00540112 0.003633 -1.03117
-0.00554613 0.0035605 -1.03118
-0.00547362 0.0035605 -1.03118
-0.00540112 0.0035605 -1.03118
-0.00554613 0.00348799 -1.03118
-0.00547362 0.00348799 -1.03118
-0.00540112 0.00348799 -1.03118
-0.00554613 0.00341549 -1.03118
-0.00547362 0.00341549 -1.03118
-0.00540112 0.00341549 -1.03118
-0.00554613 0.00334298 -1.03118
-0.00547362 0.00334298 -1.03118
-0.00540112 0.00334298 -1.03118
-0.00554613 0.00327047 -1.03118
-0.00547362 0.00327047 -1.03118
-0.00540112 0.00327047 -1.03118
-0.00554613 0.00319797 -1.03118
-0.00547362 0.00319797 -1.03118
-0.00540112 0.00319797 -1.03118
-0.00554613 0.00312546 -1.03118
-0.00547362 0.00312546 -1.03118
-0.00540112 0.00312546 -1.03118
-0.00554613 0.00305295 -1.03118
-0.00547362 0.00305295 -1.03118
-0.00540112 0.00305295 -1.03118
-0.00554613 0.00298045 -1.03118
-0.00547362 0.00298045 -1.03118
-0.00540112 0.00298045 -1.03118
-0.00554613 0.00290794 -1.03119
-0.00547362 0.00290794 -1.03118
-0.00540112 0.00290794 -1.03118
-0.00554613 0.00283543 -1.03119
-0.00547362 0.00283543 -1.03119
-0.00540112 0.00283543 -1.03118
-0.00554613 0.00276293 -1.03119
-0.00547362 0.00276293 -1.03119
-0.00540112 0.00276293 -1.03119
-0.00554613 0.00269042 -1.03119
-0.00547362 0.00269042 -1.03119
-0.00540112 0.00269042 -1.03119
-0.00554613 0.00261792 -1.03119
-0.00547362 0.00261792 -1.03119
-0.00540112 0.00261792 -1.03119
-0.00554613 0.00254541 -1.03119
-0.00547362 0.00254541 -1.03119
-0.00540112 0.00254541 -1.03119
-0.00554613 0.0024729 -1.03119
-0.00547362 0.0024729 -1.03119
-0.00540112 0.0024729 -1.03119
