-0.00545234 -0.0086554 -1.12239
-0.00539316 -0.0086554 -1.12239
-0.00533398 -0.0086554 -1.12239
-0.00545234 -0.00871458 -1.12239
-0.00539316 -0.00871458 -1.12239
-0.00533398 -0.00871458 -1.12239
-0.00545234 -0.00877376 -1.12239
-0.00539316 -0.00877376 -1.12239
-0.00533398 -0.00877376 -1.12239
-0.00545234 -0.00883294 -1.12239
-0.00539316 -0.00883294 -1.12239
-0.00533398 -0.00883294 -1.12239
-0.00545234 -0.00889212 -1.12239
-0.00539316 -0.00889212 -1.12239
-0.00533398 -0.00889212 -1.12239
-0.00545234 -0.0089513 -1.12239
-0.00539316 -0.0089513 -1.12239
-0.00533398 -0.0089513 -1.1224
-0.00545234 -0.00901048 -1.12239
-0.00539316 -0.00901048 -1.12239
-0.00533398 -0.00901048 -1.1224
-0.00545234 -0.00906966 -1.12239
-0.00539316 -0.00906966 -1.1224
-0.00533398 -0.00906966 -1.1224
-0.00545234 -0.00912883 -1.12239
-0.00539316 -0.00912883 -1.1224
-0.00533398 -0.00912883 -1.1224
-0.00545234 -0.00918801 -1.1224
-0.00539316 -0.00918801 -1.1224
-0.00533398 -0.00918801 -1.1224
-0.00545234 -0.00924719 -1.1224
-0.00539316 -0.00924719 -1.1224
-0.00533398 -0.00924719 -1.1224
-0.00545234 -0.00930637 -1.1224
-0.00539316 -0.00930637 -1.1224
-0.00533398 -0.00930637 -1.1224
-0.00545234 -0.00936555 -1.1224
-0.00539316 -0.00936555 -1.1224
-0.00533398 -0.00936555 -1.1224
-0.00545234 -0.00942473 -1.1224
-0.00539316 -0.00942473 -1.1224
-0.00533398 -0.00942473 -1.1224
-0.00545234 -0.00948391 -1.1224
-0.00539316 -0.00948391 -1.1224
-0.00533398 -0.00948391 -1.1224
-0.00545234 -0.00954309 -1.1224
-0.00539316 -0.00954309 -1.1224
-0.00533398 -0.00954309 -1.1224
-0.00545234 -0.00960227 -1.1224
-0.00539316 -0.00960227 -1.1224
-0.00533398 -0.00960227 -1.1224
-0.00545234 -0.00966145 -1.1224
-0.00539316 -0.00966145 -1.1224
-0.00533398 -0.00966145 -1.1224
-0.00545234 -0.00972062 -1.1224
-0.00539316 -0.00972062 -1.1224
-0.00533398 -0.00972062 -1.1224
-0.00545234 -0.0097798 -1.1224
-0.00539316 -0.0097798 -1.1224
-0.00533398 -0.0097798 -1.1224
-0.00545234 -0.00983898 -1.1224
-0.00539316 -0.00983898 -1.1224
-0.00533398 -0.00983898 -1.1224
-0.00545234 -0.00989816 -1.1224
-0.00539316 -0.00989816 -1.1224
-0.00533398 -0.00989816 -1.1224
-0.00545234 -0.00995734 -1.1224
-0.00539316 -0.00995734 -1.1224
-0.00533398 -0.00995734 -1.12241
-0.00545234 -0.0100165 -1.1224
-0.00539316 -0.0100165 -1.1224
-0.00533398 -0.0100165 -1.12241
-0.00545234 -0.0100757 -1.1224
-0.00539316 -0.0100757 -1.12241
-0.00533398 -0.0100757 -1.12241
-0.00545234 -0.0101349 -1.1224
-0.00539316 -0.0101349 -1.12241
-0.00533398 -0.0101349 -1.12241
-0.00545234 -0.0101941 -1.1224
-0.00539316 -0.0101941 -1.12241
-0.00533398 -0.0101941 -1.12241
-0.00545234 -0.0102532 -1.12241
-0.00539316 -0.0102532 -1.12241
-0.00533398 -0.0102532 -1.12241
-0.00545234 -0.0103124 -1.12241
-0.00539316 -0.0103124 -1.12241
-0.00533398 -0.0103124 -1.12241
-0.00545234 -0.0103716 -1.12241
-0.00539316 -0.0103716 -1.12241
-0.00533398 -0.0103716 -1.12241
-0.00545234 -0.0104308 -1.12241
-0.00539316 -0.0104308 -1.12241
-0.00533398 -0.0104308 -1.12241
-0.00545234 -0.01049 -1.12241
-0.00539316 -0.01049 -1.12241
-0.00533398 -0.01049 -1.12241
-0.00545234 -0.0105491 -1.12241
-0.00539316 -0.0105491 -1.12241
-0.00533398 -0.0105491 -1.12241
-0.00545234 -0.0106083 -1.12241
-0.00539316 -0.0106083 -1.12241
-0.00533398 -0.0106083 -1.12241
-0.00545234 -0.0106675 -1.12241
-0.00539316 -0.0106675 -1.12241
-0.00533398 -0.0106675 -1.12241
-0.00545234 -0.0107267 -1.12241
-0.00539316 -0.0107267 -1.12241
-0.00533398 -0.0107267 -1.12241
-0.00545234 -0.0107858 -1.12241
-0.00539316 -0.0107858 -1.12241
-0.00533398 -0.0107858 -1.12241
-0.00545234 -0.010845 -1.12241
-0.00539316 -0.010845 -1.12241
-0.00533398 -0.010845 -1.12241
-0.00545234 -0.0109042 -1.12241
-0.00539316 -0.0109042 -1.12241
-0.00533398 -0.0109042 -1.12241
-0.00545234 -0.0109634 -1.12241
-0.00539316 -0.0109634 -1.12241
-0.00533398 -0.0109634 -1.12241
-0.00545234 -0.0110226 -1.12241
-0.00539316 -0.0110226 -1.12241
-0.00533398 -0.0110226 -1.12242
-0.00545234 -0.0110817 -1.12241
-0.00539316 -0.0110817 -1.12241
-0.00533398 -0.0110817 -1.12242
-0.00545234 -0.0111409 -1.12241
-0.00539316 -0.0111409 -1.12242
-0.00533398 -0.0111409 -1.12242
-0.00545234 -0.0112001 -1.12241
-0.00539316 -0.0112001 -1.12242
-0.00533398 -0.0112001 -1.12242
-0.00545234 -0.0112593 -1.12242
-0.00539316 -0.0112593 -1.12242
-0.00533398 -0.0112593 -1.12242
-0.00545234 -0.0113185 -1.12242
-0.00539316 -0.0113185 -1.12242
-0.00533398 -0.0113185 -1.12242
-0.00545234 -0.0113776 -1.12242
-0.00539316 -0.0113776 -1.12242
-0.00533398 -0.0113776 -1.12242
-0.00545234 -0.0114368 -1.12242
-0.00539316 -0.0114368 -1.12242
-0.00533398 -0.0114368 -1.12242
-0.00545234 -0.011496 -1.12242
-0.00539316 -0.011496 -1.12242
-0.00533398 -0.011496 -1.12242
-0.00545234 -0.0115552 -1.12242
-0.00539316 -0.0115552 -1.12242
-0.00533398 -0.0115552 -1.12242
-0.00545234 -0.0116144 -1.12242
-0.00539316 -0.0116144 -1.12242
-0.00533398 -0.0116144 -1.12242
-0.00545234 -0.0116735 -1.12242
-0.00539316 -0.0116735 -1.12242
-0.00533398 -0.0116735 -1.12242
-0.00545234 -0.0117327 -1.12242
-0.00539316 -0.0117327 -1.12242
-0.00533398 -0.0117327 -1.12242
-0.00545234 -0.0117919 -1.12242
-0.00539316 -0.0117919 -1.12242
-0.00533398 -0.0117919 -1.12242
-0.00545234 -0.0118511 -1.12242
-0.00539316 -0.0118511 -1.12242
-0.00533398 -0.0118511 -1.12242
-0.00545234 -0.0119102 -1.12242
-0.00539316 -0.0119102 -1.12242
-0.00533398 -0.0119102 -1.12242
-0.00545234 -0.0119694 -1.12242
-0.00539316 -0.0119694 -1.12242
-0.00533398 -0.0119694 -1.12242
-0.00545234 -0.0120286 -1.12242
-0.00539316 -0.0120286 -1.12242
-0.00533398 -0.0120286 -1.12243
-0.00545234 -0.0120878 -1.12242
-0.00539316 -0.0120878 -1.12242
-0.00533398 -0.0120878 -1.12243
-0.00545234 -0.012147 -1.12242
-0.00539316 -0.012147 -1.12243
-0.00533398 -0.012147 -1.12243
-0.00545234 -0.0122061 -1.12242
-0.00539316 -0.0122061 -1.12243
-0.00533398 -0.0122061 -1.12243
-0.00545234 -0.0122653 -1.12243
-0.00539316 -0.0122653 -1.12243
-0.00533398 -0.0122653 -1.12243
-0.00545234 -0.0123245 -1.12243
-0.00539316 -0.0123245 -1.12243
-0.00533398 -0.0123245 -1.12243
-0.00545234 -0.0123837 -1.12243
-0.00539316 -0.0123837 -1.12243
-0.00533398 -0.0123837 -1.12243
-0.00545234 -0.0124429 -1.12243
-0.00539316 -0.0124429 -1.12243
-0.00533398 -0.0124429 -1.12243
-0.00545234 -0.012502 -1.12243
-0.00539316 -0.012502 -1.12243
-0.00533398 -0.012502 -1.12243
-0.00545234 -0.0125612 -1.12243
-0.00539316 -0.0125612 -1.12243
-0.00533398 -0.0125612 -1.12243
-0.00545234 -0.0126204 -1.12243
-0.00539316 -0.0126204 -1.12243
-0.00533398 -0.0126204 -1.12243
-0.00545234 -0.0126796 -1.12243
-0.00539316 -0.0126796 -1.12243
-0.00533398 -0.0126796 -1.12243
-0.00545234 -0.0127388 -1.12243
-0.00539316 -0.0127388 -1.12243
-0.00533398 -0.0127388 -1.12243
-0.00545234 -0.0127979 -1.12243
-0.00539316 -0.0127979 -1.12243
-0.00533398 -0.0127979 -1.12243
-0.00545234 -0.0128571 -1.12243
-0.00539316 -0.0128571 -1.12243
-0.00533398 -0.0128571 -1.12243
-0.00545234 -0.0129163 -1.12243
-0.00539316 -0.0129163 -1.12243
-0.00533398 -0.0129163 -1.12243
-0.00545234 -0.0129755 -1.12243
-0.00539316 -0.0129755 -1.12243
-0.00533398 -0.0129755 -1.12243
-0.00545234 -0.0130347 -1.12243
-0.00539316 -0.0130347 -1.12243
-0.00533398 -0.0130347 -1.12244
-0.00545234 -0.0130938 -1.12243
-0.00539316 -0.0130938 -1.12243
-0.00533398 -0.0130938 -1.12244
-0.00545234 -0.013153 -1.12243
-0.00539316 -0.013153 -1.12243
-0.00533398 -0.013153 -1.12244
-0.00545234 -0.0132122 -1.12243
-0.00539316 -0.0132122 -1.12244
-0.00533398 -0.0132122 -1.12244
-0.00545234 -0.0132714 -1.12243
-0.00539316 -0.0132714 -1.12244
-0.00533398 -0.0132714 -1.12244
-0.00545234 -0.0133305 -1.12244
-0.00539316 -0.0133305 -1.12244
-0.00533398 -0.0133305 -1.12244
-0.00545234 -0.0133897 -1.12244
-0.00539316 -0.0133897 -1.12244
-0.00533398 -0.0133897 -1.12244
-0.00545234 -0.0134489 -1.12244
-0.00539316 -0.0134489 -1.12244
-0.00533398 -0.0134489 -1.12244
-0.00545234 -0.0135081 -1.12244
-0.00539316 -0.0135081 -1.12244
-0.00533398 -0.0135081 -1.12244
-0.00545234 -0.0135673 -1.12244
-0.00539316 -0.0135673 -1.12244
-0.00533398 -0.0135673 -1.12244
-0.00545234 -0.0136264 -1.12244
-0.00539316 -0.0136264 -1.12244
-0.00533398 -0.0136264 -1.12244
-0.00545234 -0.0136856 -1.12244
-0.00539316 -0.0136856 -1.12244
-0.00533398 -0.0136856 -1.12244
-0.00545234 -0.0137448 -1.12244
-0.00539316 -0.0137448 -1.12244
-0.00533398 -0.0137448 -1.12244
-0.00545234 -0.013804 -1.12244
-0.00539316 -0.013804 -1.12244
-0.00533398 -0.013804 -1.12244
-0.00545234 -0.0138632 -1.12244
-0.00539316 -0.0138632 -1.12244
-0.00533398 -0.0138632 -1.12244
-0.00545234 -0.0139223 -1.12244
-0.00539316 -0.0139223 -1.12244
-0.00533398 -0.0139223 -1.12244
-0.00545234 -0.0139815 -1.12244
-0.00539316 -0.0139815 -1.12244
-0.00533398 -0.0139815 -1.12244
-0.00545234 -0.0140407 -1.12244
-0.00539316 -0.0140407 -1.12244
-0.00533398 -0.0140407 -1.12244
-0.00545234 -0.0140999 -1.12244
-0.00539316 -0.0140999 -1.12244
-0.00533398 -0.0140999 -1.12245
-0.00545234 -0.0141591 -1.12244
-0.00539316 -0.0141591 -1.12244
-0.00533398 -0.0141591 -1.12245
-0.00545234 -0.0142182 -1.12244
-0.00539316 -0.0142182 -1.12245
-0.00533398 -0.0142182 -1.12245
-0.00545234 -0.0142774 -1.12244
-0.00539316 -0.0142774 -1.12245
-0.00533398 -0.0142774 -1.12245
-0.00545234 -0.0143366 -1.12245
-0.00539316 -0.0143366 -1.12245
-0.00533398 -0.0143366 -1.12245
-0.00545234 -0.0143958 -1.12245
-0.00539316 -0.0143958 -1.12245
-0.00533398 -0.0143958 -1.12245
-0.00545234 -0.0144549 -1.12245
-0.00539316 -0.0144549 -1.12245
-0.00533398 -0.0144549 -1.12245
-0.00545234 -0.0145141 -1.12245
-0.00539316 -0.0145141 -1.12245
-0.00533398 -0.0145141 -1.12245
-0.00545234 -0.0145733 -1.12245
-0.00539316 -0.0145733 -1.12245
-0.00533398 -0.0145733 -1.12245
-0.00545234 -0.0146325 -1.12245
-0.00539316 -0.0146325 -1.12245
-0.00533398 -0.0146325 -1.12245
-0.00545234 -0.0146917 -1.12245
-0.00539316 -0.0146917 -1.12245
-0.00533398 -0.0146917 -1.12245
-0.00545234 -0.0147508 -1.12245
-0.00539316 -0.0147508 -1.12245
-0.00533398 -0.0147508 -1.12245
-0.00545234 -0.01481 -1.12245
-0.00539316 -0.01481 -1.12245
-0.00533398 -0.01481 -1.12245
-0.00545234 -0.0148692 -1.12245
-0.00539316 -0.0148692 -1.12245
-0.00533398 -0.0148692 -1.12245
-0.00545234 -0.0149284 -1.12245
-0.00539316 -0.0149284 -1.12245
-0.00533398 -0.0149284 -1.12245
-0.00545234 -0.0149876 -1.12245
-0.00539316 -0.0149876 -1.12245
-0.00533398 -0.0149876 -1.12245
-0.00545234 -0.0150467 -1.12245
-0.00539316 -0.0150467 -1.12245
-0.00533398 -0.0150467 -1.12245
-0.00545234 -0.0151059 -1.12245
-0.00539316 -0.0151059 -1.12245
-0.00533398 -0.0151059 -1.12246
-0.00545234 -0.0151651 -1.12245
-0.00539316 -0.0151651 -1.12245
-0.00533398 -0.0151651 -1.12246
