0.0105343 -0.0310905 -1.08117
0.0101755 -0.0310905 -1.08117
0.00981663 -0.0310905 -1.08117
0.0105343 -0.0307317 -1.08117
0.0101755 -0.0307317 -1.08117
0.00981663 -0.0307317 -1.08117
0.0105343 -0.0303728 -1.08117
0.0101755 -0.0303728 -1.08117
0.00981663 -0.0303728 -1.08117
0.0105343 -0.030014 -1.08117
0.0101755 -0.030014 -1.08117
0.00981663 -0.030014 -1.08117
0.0105343 -0.0296551 -1.08117
0.0101755 -0.0296551 -1.08117
0.00981663 -0.0296551 -1.08117
0.0105343 -0.0292963 -1.08117
0.0101755 -0.0292963 -1.08117
0.00981663 -0.0292963 -1.08117
0.0105343 -0.0289374 -1.08117
0.0101755 -0.0289374 -1.08117
0.00981663 -0.0289374 -1.08117
0.0105343 -0.0285786 -1.08117
0.0101755 -0.0285786 -1.08117
0.00981663 -0.0285786 -1.08117
0.0105343 -0.0282197 -1.08117
0.0101755 -0.0282197 -1.08117
0.00981663 -0.0282197 -1.08118
0.0105343 -0.0278609 -1.08117
0.0101755 -0.0278609 -1.08117
0.00981663 -0.0278609 -1.08118
0.0105343 -0.027502 -1.08117
0.0101755 -0.027502 -1.08117
0.00981663 -0.027502 -1.08118
0.0105343 -0.0271432 -1.08117
0.0101755 -0.0271432 -1.08118
0.00981663 -0.0271432 -1.08118
0.0105343 -0.0267843 -1.08117
0.0101755 -0.0267843 -1.08118
0.00981663 -0.0267843 -1.08118
0.0105343 -0.0264255 -1.08118
0.0101755 -0.0264255 -1.08118
0.00981663 -0.0264255 -1.08118
0.0105343 -0.0260666 -1.08118
0.0101755 -0.0260666 -1.08118
0.00981663 -0.0260666 -1.08118
0.0105343 -0.0257078 -1.08118
0.0101755 -0.0257078 -1.08118
0.00981663 -0.0257078 -1.08118
0.0105343 -0.0253489 -1.08118
0.0101755 -0.0253489 -1.08118
0.00981663 -0.0253489 -1.08118
0.0105343 -0.0249901 -1.08118
0.0101755 -0.0249901 -1.08118
0.00981663 -0.0249901 -1.08118
0.0105343 -0.0246312 -1.08118
0.0101755 -0.0246312 -1.08118
0.00981663 -0.0246312 -1.08118
0.0105343 -0.0242723 -1.08118
0.0101755 -0.0242723 -1.08118
0.00981663 -0.0242723 -1.08118
0.0105343 -0.0239135 -1.08118
0.0101755 -0.0239135 -1.08118
0.00981663 -0.0239135 -1.08118
0.0105343 -0.0235546 -1.08118
0.0101755 -0.0235546 -1.08118
0.00981663 -0.0235546 -1.08118
0.0105343 -0.0231958 -1.08118
0.0101755 -0.0231958 -1.08118
0.00981663 -0.0231958 -1.08119
0.0105343 -0.0228369 -1.08118
0.0101755 -0.0228369 -1.08118
0.00981663 -0.0228369 -1.08119
0.0105343 -0.0224781 -1.08118
0.0101755 -0.0224781 -1.08119
0.00981663 -0.0224781 -1.08119
0.0105343 -0.0221192 -1.08118
0.0101755 -0.0221192 -1.08119
0.00981663 -0.0221192 -1.08119
0.0105343 -0.0217604 -1.08118
0.0101755 -0.0217604 -1.08119
0.00981663 -0.0217604 -1.08119
0.0105343 -0.0214015 -1.08119
0.0101755 -0.0214015 -1.08119
0.00981663 -0.0214015 -1.08119
0.0105343 -0.0210427 -1.08119
0.0101755 -0.0210427 -1.08119
0.00981663 -0.0210427 -1.08119
0.0105343 -0.0206838 -1.08119
0.0101755 -0.0206838 -1.08119
0.00981663 -0.0206838 -1.08119
0.0105343 -0.020325 -1.08119
0.0101755 -0.020325 -1.08119
0.00981663 -0.020325 -1.08119
0.0105343 -0.0199661 -1.08119
0.0101755 -0.0199661 -1.08119
0.00981663 -0.0199661 -1.08119
0.0105343 -0.0196073 -1.08119
0.0101755 -0.0196073 -1.08119
0.00981663 -0.0196073 -1.08119
0.0105343 -0.0192484 -1.08119
0.0101755 -0.0192484 -1.08119
0.00981663 -0.0192484 -1.08119
0.0105343 -0.0188896 -1.08119
0.0101755 -0.0188896 -1.08119
0.00981663 -0.0188896 -1.08119
0.0105343 -0.0185307 -1.08119
0.0101755 -0.0185307 -1.08119
0.00981663 -0.0185307 -1.0812
0.0105343 -0.0181719 -1.08119
0.0101755 -0.0181719 -1.08119
0.00981663 -0.0181719 -1.0812
0.0105343 -0.017813 -1.08119
0.0101755 -0.017813 -1.08119
0.00981663 -0.017813 -1.0812
0.0105343 -0.0174542 -1.08119
0.0101755 -0.0174542 -1.0812
0.00981663 -0.0174542 -1.0812
0.0105343 -0.0170953 -1.08119
0.0101755 -0.0170953 -1.0812
0.00981663 -0.0170953 -1.0812
0.0105343 -0.0167365 -1.08119
0.0101755 -0.0167365 -1.0812
0.00981663 -0.0167365 -1.0812
0.0105343 -0.0163776 -1.0812
0.0101755 -0.0163776 -1.0812
0.00981663 -0.0163776 -1.0812
0.0105343 -0.0160187 -1.0812
0.0101755 -0.0160187 -1.0812
0.00981663 -0.0160187 -1.0812
0.0105343 -0.0156599 -1.0812
0.0101755 -0.0156599 -1.0812
0.00981663 -0.0156599 -1.0812
0.0105343 -0.015301 -1.0812
0.0101755 -0.015301 -1.0812
0.00981663 -0.015301 -1.0812
0.0105343 -0.0149422 -1.0812
0.0101755 -0.0149422 -1.0812
0.00981663 -0.0149422 -1.0812
0.0105343 -0.0145833 -1.0812
0.0101755 -0.0145833 -1.0812
0.00981663 -0.0145833 -1.0812
0.0105343 -0.0142245 -1.0812
0.0101755 -0.0142245 -1.0812
0.00981663 -0.0142245 -1.0812
0.0105343 -0.0138656 -1.0812
0.0101755 -0.0138656 -1.0812
0.00981663 -0.0138656 -1.0812
0.0105343 -0.0135068 -1.0812
0.0101755 -0.0135068 -1.0812
0.00981663 -0.0135068 -1.08121
0.0105343 -0.0131479 -1.0812
0.0101755 -0.0131479 -1.0812
0.00981663 -0.0131479 -1.08121
0.0105343 -0.0127891 -1.0812
0.0101755 -0.0127891 -1.08121
0.00981663 -0.0127891 -1.08121
0.0105343 -0.0124302 -1.0812
0.0101755 -0.0124302 -1.08121
0.00981663 -0.0124302 -1.08121
0.0105343 -0.0120714 -1.0812
0.0101755 -0.0120714 -1.08121
0.00981663 -0.0120714 -1.08121
0.0105343 -0.0117125 -1.08121
0.0101755 -0.0117125 -1.08121
0.00981663 -0.0117125 -1.08121
0.0105343 -0.0113537 -1.08121
0.0101755 -0.0113537 -1.08121
0.00981663 -0.0113537 -1.08121
0.0105343 -0.0109948 -1.08121
0.0101755 -0.0109948 -1.08121
0.00981663 -0.0109948 -1.08121
0.0105343 -0.010636 -1.08121
0.0101755 -0.010636 -1.08121
0.00981663 -0.010636 -1.08121
0.0105343 -0.0102771 -1.08121
0.0101755 -0.0102771 -1.08121
0.00981663 -0.0102771 -1.08121
0.0105343 -0.00991826 -1.08121
0.0101755 -0.00991826 -1.08121
0.00981663 -0.00991826 -1.08121
0.0105343 -0.00955941 -1.08121
0.0101755 -0.00955941 -1.08121
0.00981663 -0.00955941 -1.08121
0.0105343 -0.00920056 -1.08121
0.0101755 -0.00920056 -1.08121
0.00981663 -0.00920056 -1.08121
0.0105343 -0.0088417 -1.08121
0.0101755 -0.0088417 -1.08121
0.00981663 -0.0088417 -1.08122
0.0105343 -0.00848285 -1.08121
0.0101755 -0.00848285 -1.08121
0.00981663 -0.00848285 -1.08122
0.0105343 -0.008124 -1.08121
0.0101755 -0.008124 -1.08121
0.00981663 -0.008124 -1.08122
0.0105343 -0.00776515 -1.08121
0.0101755 -0.00776515 -1.08122
0.00981663 -0.00776515 -1.08122
0.0105343 -0.0074063 -1.08121
0.0101755 -0.0074063 -1.08122
0.00981663 -0.0074063 -1.08122
0.0105343 -0.00704744 -1.08121
0.0101755 -0.00704744 -1.08122
0.00981663 -0.00704744 -1.08122
0.0105343 -0.00668859 -1.08122
0.0101755 -0.00668859 -1.08122
0.00981663 -0.00668859 -1.08122
0.0105343 -0.00632974 -1.08122
0.0101755 -0.00632974 -1.08122
0.00981663 -0.00632974 -1.08122
0.0105343 -0.00597089 -1.08122
0.0101755 -0.00597089 -1.08122
0.00981663 -0.00597089 -1.08122
0.0105343 -0.00561203 -1.08122
0.0101755 -0.00561203 -1.08122
0.00981663 -0.00561203 -1.08122
0.0105343 -0.00525318 -1.08122
0.0101755 -0.00525318 -1.08122
0.00981663 -0.00525318 -1.08122
0.0105343 -0.00489433 -1.08122
0.0101755 -0.00489433 -1.08122
0.00981663 -0.00489433 -1.08122
0.0105343 -0.00453548 -1.08122
0.0101755 -0.00453548 -1.08122
0.00981663 -0.00453548 -1.08122
0.0105343 -0.00417663 -1.08122
0.0101755 -0.00417663 -1.08122
0.00981663 -0.00417663 -1.08122
0.0105343 -0.00381777 -1.08122
0.0101755 -0.00381777 -1.08122
0.00981663 -0.00381777 -1.08123
0.0105343 -0.00345892 -1.08122
0.0101755 -0.00345892 -1.08122
0.00981663 -0.00345892 -1.08123
0.0105343 -0.00310007 -1.08122
0.0101755 -0.00310007 -1.08123
0.00981663 -0.00310007 -1.08123
0.0105343 -0.00274122 -1.08122
0.0101755 -0.00274122 -1.08123
0.00981663 -0.00274122 -1.08123
0.0105343 -0.00238236 -1.08122
0.0101755 -0.00238236 -1.08123
0.00981663 -0.00238236 -1.08123
0.0105343 -0.00202351 -1.08123
0.0101755 -0.00202351 -1.08123
0.00981663 -0.00202351 -1.08123
0.0105343 -0.00166466 -1.08123
0.0101755 -0.00166466 -1.08123
0.00981663 -0.00166466 -1.08123
0.0105343 -0.00130581 -1.08123
0.0101755 -0.00130581 -1.08123
0.00981663 -0.00130581 -1.08123
0.0105343 -0.000946956 -1.08123
0.0101755 -0.000946956 -1.08123
0.00981663 -0.000946956 -1.08123
0.0105343 -0.000588104 -1.08123
0.0101755 -0.000588104 -1.08123
0.00981663 -0.000588104 -1.08123
0.0105343 -0.000229252 -1.08123
0.0101755 -0.000229252 -1.08123
0.00981663 -0.000229252 -1.08123
0.0105343 0.0001296 -1.08123
0.0101755 0.0001296 -1.08123
0.00981663 0.0001296 -1.08123
0.0105343 0.000488453 -1.08123
0.0101755 0.000488453 -1.08123
0.00981663 0.000488453 -1.08123
0.0105343 0.000847305 -1.08123
0.0101755 0.000847305 -1.08123
0.00981663 0.000847305 -1.08124
0.0105343 0.00120616 -1.08123
0.0101755 0.00120616 -1.08123
0.00981663 0.00120616 -1.08124
0.0105343 0.00156501 -1.08123
0.0101755 0.00156501 -1.08123
0.00981663 0.00156501 -1.08124
0.0105343 0.00192386 -1.08123
0.0101755 0.00192386 -1.08124
0.00981663 0.00192386 -1.08124
0.0105343 0.00228271 -1.08123
0.0101755 0.00228271 -1.08124
0.00981663 0.00228271 -1.08124
0.0105343 0.00264157 -1.08123
0.0101755 0.00264157 -1.08124
0.00981663 0.00264157 -1.08124
0.0105343 0.00300042 -1.08124
0.0101755 0.00300042 -1.08124
0.00981663 0.00300042 -1.08124
0.0105343 0.00335927 -1.08124
0.0101755 0.00335927 -1.08124
0.00981663 0.00335927 -1.08124
0.0105343 0.00371812 -1.08124
0.0101755 0.00371812 -1.08124
0.00981663 0.00371812 -1.08124
0.0105343 0.00407697 -1.08124
0.0101755 0.00407697 -1.08124
0.00981663 0.00407697 -1.08124
0.0105343 0.00443583 -1.08124
0.0101755 0.00443583 -1.08124
0.00981663 0.00443583 -1.08124
0.0105343 0.00479468 -1.08124
0.0101755 0.00479468 -1.08124
0.00981663 0.00479468 -1.08124
0.0105343 0.00515353 -1.08124
0.0101755 0.00515353 -1.08124
0.00981663 0.00515353 -1.08124
0.0105343 0.00551238 -1.08124
0.0101755 0.00551238 -1.08124
0.00981663 0.00551238 -1.08124
0.0105343 0.00587124 -1.08124
0.0101755 0.00587124 -1.08124
0.00981663 0.00587124 -1.08125
0.0105343 0.00623009 -1.08124
0.0101755 0.00623009 -1.08124
0.00981663 0.00623009 -1.08125
0.0105343 0.00658894 -1.08124
0.0101755 0.00658894 -1.08124
0.00981663 0.00658894 -1.08125
0.0105343 0.00694779 -1.08124
0.0101755 0.00694779 -1.08125
0.00981663 0.00694779 -1.08125
0.0105343 0.00730664 -1.08124
0.0101755 0.00730664 -1.08125
0.00981663 0.00730664 -1.08125
0.0105343 0.0076655 -1.08125
0.0101755 0.0076655 -1.08125
0.00981663 0.0076655 -1.08125
0.0105343 0.00802435 -1.08125
0.0101755 0.00802435 -1.08125
0.00981663 0.00802435 -1.08125
0.0105343 0.0083832 -1.08125
0.0101755 0.0083832 -1.08125
0.00981663 0.0083832 -1.08125
