0.00248762 0.036504 -1.12383
0.00294883 0.036504 -1.12383
0.00341005 0.036504 -1.12382
0.00248762 0.0360428 -1.12383
0.00294883 0.0360428 -1.12383
0.00341005 0.0360428 -1.12382
0.00248762 0.0355816 -1.12384
0.00294883 0.0355816 -1.12383
0.00341005 0.0355816 -1.12382
0.00248762 0.0351204 -1.12384
0.00294883 0.0351204 -1.12383
0.00341005 0.0351204 -1.12382
0.00248762 0.0346592 -1.12384
0.00294883 0.0346592 -1.12383
0.00341005 0.0346592 -1.12382
0.00248762 0.034198 -1.12384
0.00294883 0.034198 -1.12383
0.00341005 0.034198 -1.12382
0.00248762 0.0337367 -1.12384
0.00294883 0.0337367 -1.12383
0.00341005 0.0337367 -1.12382
0.00248762 0.0332755 -1.12384
0.00294883 0.0332755 -1.12383
0.00341005 0.0332755 -1.12382
0.00248762 0.0328143 -1.12384
0.00294883 0.0328143 -1.12383
0.00341005 0.0328143 -1.12383
0.00248762 0.0323531 -1.12384
0.00294883 0.0323531 -1.12384
0.00341005 0.0323531 -1.12383
0.00248762 0.0318919 -1.12384
0.00294883 0.0318919 -1.12384
0.00341005 0.0318919 -1.12383
0.00248762 0.0314307 -1.12385
0.00294883 0.0314307 -1.12384
0.00341005 0.0314307 -1.12383
0.00248762 0.0309695 -1.12385
0.00294883 0.0309695 -1.12384
0.00341005 0.0309695 -1.12383
0.00248762 0.0305083 -1.12385
0.00294883 0.0305083 -1.12384
0.00341005 0.0305083 -1.12383
0.00248762 0.030047 -1.12385
0.00294883 0.030047 -1.12384
0.00341005 0.030047 -1.12383
0.00248762 0.0295858 -1.12385
0.00294883 0.0295858 -1.12384
0.00341005 0.0295858 -1.12383
0.00248762 0.0291246 -1.12385
0.00294883 0.0291246 -1.12384
0.00341005 0.0291246 -1.12384
0.00248762 0.0286634 -1.12385
0.00294883 0.0286634 -1.12384
0.00341005 0.0286634 -1.12384
0.00248762 0.0282022 -1.12385
0.00294883 0.0282022 -1.12385
0.00341005 0.0282022 -1.12384
0.00248762 0.027741 -1.12385
0.00294883 0.027741 -1.12385
0.00341005 0.027741 -1.12384
0.00248762 0.0272798 -1.12386
0.00294883 0.0272798 -1.12385
0.00341005 0.0272798 -1.12384
0.00248762 0.0268186 -1.12386
0.00294883 0.0268186 -1.12385
0.00341005 0.0268186 -1.12384
0.00248762 0.0263573 -1.12386
0.00294883 0.0263573 -1.12385
0.00341005 0.0263573 -1.12384
0.00248762 0.0258961 -1.12386
0.00294883 0.0258961 -1.12385
0.00341005 0.0258961 -1.12384
0.00248762 0.0254349 -1.12386
0.00294883 0.0254349 -1.12385
0.00341005 0.0254349 -1.12384
0.00248762 0.0249737 -1.12386
0.00294883 0.0249737 -1.12385
0.00341005 0.0249737 -1.12385
0.00248762 0.0245125 -1.12386
0.00294883 0.0245125 -1.12385
0.00341005 0.0245125 -1.12385
0.00248762 0.0240513 -1.12386
0.00294883 0.0240513 -1.12386
0.00341005 0.0240513 -1.12385
0.00248762 0.0235901 -1.12387
0.00294883 0.0235901 -1.12386
0.00341005 0.0235901 -1.12385
0.00248762 0.0231289 -1.12387
0.00294883 0.0231289 -1.12386
0.00341005 0.0231289 -1.12385
0.00248762 0.0226676 -1.12387
0.00294883 0.0226676 -1.12386
0.00341005 0.0226676 -1.12385
0.00248762 0.0222064 -1.12387
0.00294883 0.0222064 -1.12386
0.00341005 0.0222064 -1.12385
0.00248762 0.0217452 -1.12387
0.00294883 0.0217452 -1.12386
0.00341005 0.0217452 -1.12385
0.00248762 0.021284 -1.12387
0.00294883 0.021284 -1.12386
0.00341005 0.021284 -1.12385
0.00248762 0.0208228 -1.12387
0.00294883 0.0208228 -1.12386
0.00341005 0.0208228 -1.12386
0.00248762 0.0203616 -1.12387
0.00294883 0.0203616 -1.12386
0.00341005 0.0203616 -1.12386
0.00248762 0.0199004 -1.12387
0.00294883 0.0199004 -1.12387
0.00341005 0.0199004 -1.12386
0.00248762 0.0194392 -1.12388
0.00294883 0.0194392 -1.12387
0.00341005 0.0194392 -1.12386
0.00248762 0.0189779 -1.12388
0.00294883 0.0189779 -1.12387
0.00341005 0.0189779 -1.12386
0.00248762 0.0185167 -1.12388
0.00294883 0.0185167 -1.12387
0.00341005 0.0185167 -1.12386
0.00248762 0.0180555 -1.12388
0.00294883 0.0180555 -1.12387
0.00341005 0.0180555 -1.12386
0.00248762 0.0175943 -1.12388
0.00294883 0.0175943 -1.12387
0.00341005 0.0175943 -1.12386
0.00248762 0.0171331 -1.12388
0.00294883 0.0171331 -1.12387
0.00341005 0.0171331 -1.12386
0.00248762 0.0166719 -1.12388
0.00294883 0.0166719 -1.12387
0.00341005 0.0166719 -1.12387
0.00248762 0.0162107 -1.12388
0.00294883 0.0162107 -1.12388
0.00341005 0.0162107 -1.12387
0.00248762 0.0157495 -1.12388
0.00294883 0.0157495 -1.12388
0.00341005 0.0157495 -1.12387
0.00248762 0.0152882 -1.12389
0.00294883 0.0152882 -1.12388
0.00341005 0.0152882 -1.12387
0.00248762 0.014827 -1.12389
0.00294883 0.014827 -1.12388
0.00341005 0.014827 -1.12387
0.00248762 0.0143658 -1.12389
0.00294883 0.0143658 -1.12388
0.00341005 0.0143658 -1.12387
0.00248762 0.0139046 -1.12389
0.00294883 0.0139046 -1.12388
0.00341005 0.0139046 -1.12387
0.00248762 0.0134434 -1.12389
0.00294883 0.0134434 -1.12388
0.00341005 0.0134434 -1.12387
0.00248762 0.0129822 -1.12389
0.00294883 0.0129822 -1.12388
0.00341005 0.0129822 -1.12387
0.00248762 0.012521 -1.12389
0.00294883 0.012521 -1.12388
0.00341005 0.012521 -1.12388
0.00248762 0.0120598 -1.12389
0.00294883 0.0120598 -1.12389
0.00341005 0.0120598 -1.12388
0.00248762 0.0115985 -1.12389
0.00294883 0.0115985 -1.12389
0.00341005 0.0115985 -1.12388
0.00248762 0.0111373 -1.1239
0.00294883 0.0111373 -1.12389
0.00341005 0.0111373 -1.12388
0.00248762 0.0106761 -1.1239
0.00294883 0.0106761 -1.12389
0.00341005 0.0106761 -1.12388
0.00248762 0.0102149 -1.1239
0.00294883 0.0102149 -1.12389
0.00341005 0.0102149 -1.12388
0.00248762 0.00975369 -1.1239
0.00294883 0.00975369 -1.12389
0.00341005 0.00975369 -1.12388
0.00248762 0.00929248 -1.1239
0.00294883 0.00929248 -1.12389
0.00341005 0.00929248 -1.12388
0.00248762 0.00883126 -1.1239
0.00294883 0.00883126 -1.12389
0.00341005 0.00883126 -1.12389
0.00248762 0.00837005 -1.1239
0.00294883 0.00837005 -1.12389
0.00341005 0.00837005 -1.12389
0.00248762 0.00790884 -1.1239
0.00294883 0.00790884 -1.1239
0.00341005 0.00790884 -1.12389
0.00248762 0.00744763 -1.1239
0.00294883 0.00744763 -1.1239
0.00341005 0.00744763 -1.12389
0.00248762 0.00698641 -1.12391
0.00294883 0.00698641 -1.1239
0.00341005 0.00698641 -1.12389
0.00248762 0.0065252 -1.12391
0.00294883 0.0065252 -1.1239
0.00341005 0.0065252 -1.12389
0.00248762 0.00606399 -1.12391
0.00294883 0.00606399 -1.1239
0.00341005 0.00606399 -1.12389
0.00248762 0.00560278 -1.12391
0.00294883 0.00560278 -1.1239
0.00341005 0.00560278 -1.12389
0.00248762 0.00514156 -1.12391
0.00294883 0.00514156 -1.1239
0.00341005 0.00514156 -1.12389
0.00248762 0.00468035 -1.12391
0.00294883 0.00468035 -1.1239
0.00341005 0.00468035 -1.1239
0.00248762 0.00421914 -1.12391
0.00294883 0.00421914 -1.1239
0.00341005 0.00421914 -1.1239
0.00248762 0.00375792 -1.12391
0.00294883 0.00375792 -1.12391
0.00341005 0.00375792 -1.1239
0.00248762 0.00329671 -1.12391
0.00294883 0.00329671 -1.12391
0.00341005 0.00329671 -1.1239
0.00248762 0.0028355 -1.12392
0.00294883 0.0028355 -1.12391
0.00341005 0.0028355 -1.1239
0.00248762 0.00237429 -1.12392
0.00294883 0.00237429 -1.12391
0.00341005 0.00237429 -1.1239
0.00248762 0.00191307 -1.12392
0.00294883 0.00191307 -1.12391
0.00341005 0.00191307 -1.1239
0.00248762 0.00145186 -1.12392
0.00294883 0.00145186 -1.12391
0.00341005 0.00145186 -1.1239
0.00248762 0.000990649 -1.12392
0.00294883 0.000990649 -1.12391
0.00341005 0.000990649 -1.1239
0.00248762 0.000529437 -1.12392
0.00294883 0.000529437 -1.12391
0.00341005 0.000529437 -1.12391
0.00248762 6.82243e-05 -1.12392
0.00294883 6.82243e-05 -1.12391
0.00341005 6.82243e-05 -1.12391
0.00248762 -0.000392988 -1.12392
0.00294883 -0.000392988 -1.12392
0.00341005 -0.000392988 -1.12391
0.00248762 -0.000854201 -1.12393
0.00294883 -0.000854201 -1.12392
0.00341005 -0.000854201 -1.12391
0.00248762 -0.00131541 -1.12393
0.00294883 -0.00131541 -1.12392
0.00341005 -0.00131541 -1.12391
0.00248762 -0.00177663 -1.12393
0.00294883 -0.00177663 -1.12392
0.00341005 -0.00177663 -1.12391
0.00248762 -0.00223784 -1.12393
0.00294883 -0.00223784 -1.12392
0.00341005 -0.00223784 -1.12391
0.00248762 -0.00269905 -1.12393
0.00294883 -0.00269905 -1.12392
0.00341005 -0.00269905 -1.12391
0.00248762 -0.00316026 -1.12393
0.00294883 -0.00316026 -1.12392
0.00341005 -0.00316026 -1.12391
0.00248762 -0.00362148 -1.12393
0.00294883 -0.00362148 -1.12392
0.00341005 -0.00362148 -1.12392
0.00248762 -0.00408269 -1.12393
0.00294883 -0.00408269 -1.12393
0.00341005 -0.00408269 -1.12392
0.00248762 -0.0045439 -1.12393
0.00294883 -0.0045439 -1.12393
0.00341005 -0.0045439 -1.12392
0.00248762 -0.00500511 -1.12394
0.00294883 -0.00500511 -1.12393
0.00341005 -0.00500511 -1.12392
0.00248762 -0.00546633 -1.12394
0.00294883 -0.00546633 -1.12393
0.00341005 -0.00546633 -1.12392
0.00248762 -0.00592754 -1.12394
0.00294883 -0.00592754 -1.12393
0.00341005 -0.00592754 -1.12392
0.00248762 -0.00638875 -1.12394
0.00294883 -0.00638875 -1.12393
0.00341005 -0.00638875 -1.12392
0.00248762 -0.00684996 -1.12394
0.00294883 -0.00684996 -1.12393
0.00341005 -0.00684996 -1.12392
0.00248762 -0.00731118 -1.12394
0.00294883 -0.00731118 -1.12393
0.00341005 -0.00731118 -1.12392
0.00248762 -0.00777239 -1.12394
0.00294883 -0.00777239 -1.12393
0.00341005 -0.00777239 -1.12393
0.00248762 -0.0082336 -1.12394
0.00294883 -0.0082336 -1.12394
0.00341005 -0.0082336 -1.12393
0.00248762 -0.00869481 -1.12394
0.00294883 -0.00869481 -1.12394
0.00341005 -0.00869481 -1.12393
0.00248762 -0.00915603 -1.12395
0.00294883 -0.00915603 -1.12394
0.00341005 -0.00915603 -1.12393
0.00248762 -0.00961724 -1.12395
0.00294883 -0.00961724 -1.12394
0.00341005 -0.00961724 -1.12393
0.00248762 -0.0100785 -1.12395
0.00294883 -0.0100785 -1.12394
0.00341005 -0.0100785 -1.12393
0.00248762 -0.0105397 -1.12395
0.00294883 -0.0105397 -1.12394
0.00341005 -0.0105397 -1.12393
0.00248762 -0.0110009 -1.12395
0.00294883 -0.0110009 -1.12394
0.00341005 -0.0110009 -1.12393
0.00248762 -0.0114621 -1.12395
0.00294883 -0.0114621 -1.12394
0.00341005 -0.0114621 -1.12394
0.00248762 -0.0119233 -1.12395
0.00294883 -0.0119233 -1.12394
0.00341005 -0.0119233 -1.12394
0.00248762 -0.0123845 -1.12395
0.00294883 -0.0123845 -1.12395
0.00341005 -0.0123845 -1.12394
0.00248762 -0.0128457 -1.12395
0.00294883 -0.0128457 -1.12395
0.00341005 -0.0128457 -1.12394
0.00248762 -0.0133069 -1.12396
0.00294883 -0.0133069 -1.12395
0.00341005 -0.0133069 -1.12394
0.00248762 -0.0137682 -1.12396
0.00294883 -0.0137682 -1.12395
0.00341005 -0.0137682 -1.12394
0.00248762 -0.0142294 -1.12396
0.00294883 -0.0142294 -1.12395
0.00341005 -0.0142294 -1.12394
