-0.00652183 0.0563155 -1.02967
-0.00505024 0.0563155 -1.02967
-0.00357866 0.0563155 -1.02968
-0.00652183 0.0548439 -1.02967
-0.00505024 0.0548439 -1.02968
-0.00357866 0.0548439 -1.02968
-0.00652183 0.0533723 -1.02968
-0.00505024 0.0533723 -1.02968
-0.00357866 0.0533723 -1.02968
-0.00652183 0.0519008 -1.02968
-0.00505024 0.0519008 -1.02968
-0.00357866 0.0519008 -1.02968
-0.00652183 0.0504292 -1.02968
-0.00505024 0.0504292 -1.02968
-0.00357866 0.0504292 -1.02968
-0.00652183 0.0489576 -1.02968
-0.00505024 0.0489576 -1.02968
-0.00357866 0.0489576 -1.02968
-0.00652183 0.047486 -1.02968
-0.00505024 0.047486 -1.02968
-0.00357866 0.047486 -1.02968
-0.00652183 0.0460144 -1.02968
-0.00505024 0.0460144 -1.02968
-0.00357866 0.0460144 -1.02968
-0.00652183 0.0445429 -1.02968
-0.00505024 0.0445429 -1.02968
-0.00357866 0.0445429 -1.02968
-0.00652183 0.0430713 -1.02968
-0.00505024 0.0430713 -1.02968
-0.00357866 0.0430713 -1.02969
-0.00652183 0.0415997 -1.02968
-0.00505024 0.0415997 -1.02968
-0.00357866 0.0415997 -1.02969
-0.00652183 0.0401281 -1.02968
-0.00505024 0.0401281 -1.02969
-0.00357866 0.0401281 -1.02969
-0.00652183 0.0386565 -1.02969
-0.00505024 0.0386565 -1.02969
-0.00357866 0.0386565 -1.02969
-0.00652183 0.0371849 -1.02969
-0.00505024 0.0371849 -1.02969
-0.00357866 0.0371849 -1.02969
-0.00652183 0.0357134 -1.02969
-0.00505024 0.0357134 -1.02969
-0.00357866 0.0357134 -1.02969
-0.00652183 0.0342418 -1.02969
-0.00505024 0.0342418 -1.02969
-0.00357866 0.0342418 -1.02969
-0.00652183 0.0327702 -1.02969
-0.00505024 0.0327702 -1.02969
-0.00357866 0.0327702 -1.02969
-0.00652183 0.0312986 -1.02969
-0.00505024 0.0312986 -1.02969
-0.00357866 0.0312986 -1.02969
-0.00652183 0.029827 -1.02969
-0.00505024 0.029827 -1.02969
-0.00357866 0.029827 -1.02969
-0.00652183 0.0283555 -1.02969
-0.00505024 0.0283555 -1.02969
-0.00357866 0.0283555 -1.0297
-0.00652183 0.0268839 -1.02969
-0.00505024 0.0268839 -1.0297
-0.00357866 0.0268839 -1.0297
-0.00652183 0.0254123 -1.0297
-0.00505024 0.0254123 -1.0297
-0.00357866 0.0254123 -1.0297
-0.00652183 0.0239407 -1.0297
-0.00505024 0.0239407 -1.0297
-0.00357866 0.0239407 -1.0297
-0.00652183 0.0224691 -1.0297
-0.00505024 0.0224691 -1.0297
-0.00357866 0.0224691 -1.0297
-0.00652183 0.0209975 -1.0297
-0.00505024 0.0209975 -1.0297
-0.00357866 0.0209975 -1.0297
-0.00652183 0.019526 -1.0297
-0.00505024 0.019526 -1.0297
-0.00357866 0.019526 -1.0297
-0.00652183 0.0180544 -1.0297
-0.00505024 0.0180544 -1.0297
-0.00357866 0.0180544 -1.0297
-0.00652183 0.0165828 -1.0297
-0.00505024 0.0165828 -1.0297
-0.00357866 0.0165828 -1.0297
-0.00652183 0.0151112 -1.0297
-0.00505024 0.0151112 -1.0297
-0.00357866 0.0151112 -1.02971
-0.00652183 0.0136396 -1.0297
-0.00505024 0.0136396 -1.02971
-0.00357866 0.0136396 -1.02971
-0.00652183 0.0121681 -1.0297
-0.00505024 0.0121681 -1.02971
-0.00357866 0.0121681 -1.02971
-0.00652183 0.0106965 -1.02971
-0.00505024 0.0106965 -1.02971
-0.00357866 0.0106965 -1.02971
-0.00652183 0.0092249 -1.02971
-0.00505024 0.0092249 -1.02971
-0.00357866 0.0092249 -1.02971
-0.00652183 0.00775331 -1.02971
-0.00505024 0.00775331 -1.02971
-0.00357866 0.00775331 -1.02971
-0.00652183 0.00628173 -1.02971
-0.00505024 0.00628173 -1.02971
-0.00357866 0.00628173 -1.02971
-0.00652183 0.00481015 -1.02971
-0.00505024 0.00481015 -1.02971
-0.00357866 0.00481015 -1.02971
-0.00652183 0.00333857 -1.02971
-0.00505024 0.00333857 -1.02971
-0.00357866 0.00333857 -1.02971
-0.00652183 0.00186699 -1.02971
-0.00505024 0.00186699 -1.02971
-0.00357866 0.00186699 -1.02972
-0.00652183 0.000395407 -1.02971
-0.00505024 0.000395407 -1.02971
-0.00357866 0.000395407 -1.02972
-0.00652183 -0.00107617 -1.02971
-0.00505024 -0.00107617 -1.02972
-0.00357866 -0.00107617 -1.02972
-0.00652183 -0.00254776 -1.02972
-0.00505024 -0.00254776 -1.02972
-0.00357866 -0.00254776 -1.02972
-0.00652183 -0.00401934 -1.02972
-0.00505024 -0.00401934 -1.02972
-0.00357866 -0.00401934 -1.02972
-0.00652183 -0.00549092 -1.02972
-0.00505024 -0.00549092 -1.02972
-0.00357866 -0.00549092 -1.02972
-0.00652183 -0.0069625 -1.02972
-0.00505024 -0.0069625 -1.02972
-0.00357866 -0.0069625 -1.02972
-0.00652183 -0.00843408 -1.02972
-0.00505024 -0.00843408 -1.02972
-0.00357866 -0.00843408 -1.02972
-0.00652183 -0.00990566 -1.02972
-0.00505024 -0.00990566 -1.02972
-0.00357866 -0.00990566 -1.02972
-0.00652183 -0.0113772 -1.02972
-0.00505024 -0.0113772 -1.02972
-0.00357866 -0.0113772 -1.02972
-0.00652183 -0.0128488 -1.02972
-0.00505024 -0.0128488 -1.02972
-0.00357866 -0.0128488 -1.02973
-0.00652183 -0.0143204 -1.02972
-0.00505024 -0.0143204 -1.02973
-0.00357866 -0.0143204 -1.02973
-0.00652183 -0.015792 -1.02973
-0.00505024 -0.015792 -1.02973
-0.00357866 -0.015792 -1.02973
-0.00652183 -0.0172636 -1.02973
-0.00505024 -0.0172636 -1.02973
-0.00357866 -0.0172636 -1.02973
-0.00652183 -0.0187352 -1.02973
-0.00505024 -0.0187352 -1.02973
-0.00357866 -0.0187352 -1.02973
-0.00652183 -0.0202067 -1.02973
-0.00505024 -0.0202067 -1.02973
-0.00357866 -0.0202067 -1.02973
-0.00652183 -0.0216783 -1.02973
-0.00505024 -0.0216783 -1.02973
-0.00357866 -0.0216783 -1.02973
-0.00652183 -0.0231499 -1.02973
-0.00505024 -0.0231499 -1.02973
-0.00357866 -0.0231499 -1.02973
-0.00652183 -0.0246215 -1.02973
-0.00505024 -0.0246215 -1.02973
-0.00357866 -0.0246215 -1.02973
-0.00652183 -0.0260931 -1.02973
-0.00505024 -0.0260931 -1.02973
-0.00357866 -0.0260931 -1.02974
-0.00652183 -0.0275646 -1.02973
-0.00505024 -0.0275646 -1.02974
-0.00357866 -0.0275646 -1.02974
-0.00652183 -0.0290362 -1.02973
-0.00505024 -0.0290362 -1.02974
-0.00357866 -0.0290362 -1.02974
-0.00652183 -0.0305078 -1.02974
-0.00505024 -0.0305078 -1.02974
-0.00357866 -0.0305078 -1.02974
-0.00652183 -0.0319794 -1.02974
-0.00505024 -0.0319794 -1.02974
-0.00357866 -0.0319794 -1.02974
-0.00652183 -0.033451 -1.02974
-0.00505024 -0.033451 -1.02974
-0.00357866 -0.033451 -1.02974
-0.00652183 -0.0349226 -1.02974
-0.00505024 -0.0349226 -1.02974
-0.00357866 -0.0349226 -1.02974
-0.00652183 -0.0363941 -1.02974
-0.00505024 -0.0363941 -1.02974
-0.00357866 -0.0363941 -1.02974
-0.00652183 -0.0378657 -1.02974
-0.00505024 -0.0378657 -1.02974
-0.00357866 -0.0378657 -1.02974
-0.00652183 -0.0393373 -1.02974
-0.00505024 -0.0393373 -1.02974
-0.00357866 -0.0393373 -1.02974
-0.00652183 -0.0408089 -1.02974
-0.00505024 -0.0408089 -1.02974
-0.00357866 -0.0408089 -1.02975
-0.00652183 -0.0422805 -1.02974
-0.00505024 -0.0422805 -1.02975
-0.00357866 -0.0422805 -1.02975
-0.00652183 -0.043752 -1.02975
-0.00505024 -0.043752 -1.02975
-0.00357866 -0.043752 -1.02975
-0.00652183 -0.0452236 -1.02975
-0.00505024 -0.0452236 -1.02975
-0.00357866 -0.0452236 -1.02975
-0.00652183 -0.0466952 -1.02975
-0.00505024 -0.0466952 -1.02975
-0.00357866 -0.0466952 -1.02975
-0.00652183 -0.0481668 -1.02975
-0.00505024 -0.0481668 -1.02975
-0.00357866 -0.0481668 -1.02975
-0.00652183 -0.0496384 -1.02975
-0.00505024 -0.0496384 -1.02975
-0.00357866 -0.0496384 -1.02975
-0.00652183 -0.0511099 -1.02975
-0.00505024 -0.0511099 -1.02975
-0.00357866 -0.0511099 -1.02975
-0.00652183 -0.0525815 -1.02975
-0.00505024 -0.0525815 -1.02975
-0.00357866 -0.0525815 -1.02975
-0.00652183 -0.0540531 -1.02975
-0.00505024 -0.0540531 -1.02975
-0.00357866 -0.0540531 -1.02976
-0.00652183 -0.0555247 -1.02975
-0.00505024 -0.0555247 -1.02976
-0.00357866 -0.0555247 -1.02976
-0.00652183 -0.0569963 -1.02976
-0.00505024 -0.0569963 -1.02976
-0.00357866 -0.0569963 -1.02976
-0.00652183 -0.0584679 -1.02976
-0.00505024 -0.0584679 -1.02976
-0.00357866 -0.0584679 -1.02976
-0.00652183 -0.0599394 -1.02976
-0.00505024 -0.0599394 -1.02976
-0.00357866 -0.0599394 -1.02976
-0.00652183 -0.061411 -1.02976
-0.00505024 -0.061411 -1.02976
-0.00357866 -0.061411 -1.02976
-0.00652183 -0.0628826 -1.02976
-0.00505024 -0.0628826 -1.02976
-0.00357866 -0.0628826 -1.02976
-0.00652183 -0.0643542 -1.02976
-0.00505024 -0.0643542 -1.02976
-0.00357866 -0.0643542 -1.02976
-0.00652183 -0.0658258 -1.02976
-0.00505024 -0.0658258 -1.02976
-0.00357866 -0.0658258 -1.02976
-0.00652183 -0.0672973 -1.02976
-0.00505024 -0.0672973 -1.02976
-0.00357866 -0.0672973 -1.02977
-0.00652183 -0.0687689 -1.02976
-0.00505024 -0.0687689 -1.02977
-0.00357866 -0.0687689 -1.02977
-0.00652183 -0.0702405 -1.02976
-0.00505024 -0.0702405 -1.02977
-0.00357866 -0.0702405 -1.02977
-0.00652183 -0.0717121 -1.02977
-0.00505024 -0.0717121 -1.02977
-0.00357866 -0.0717121 -1.02977
-0.00652183 -0.0731837 -1.02977
-0.00505024 -0.0731837 -1.02977
-0.00357866 -0.0731837 -1.02977
-0.00652183 -0.0746552 -1.02977
-0.00505024 -0.0746552 -1.02977
-0.00357866 -0.0746552 -1.02977
-0.00652183 -0.0761268 -1.02977
-0.00505024 -0.0761268 -1.02977
-0.00357866 -0.0761268 -1.02977
-0.00652183 -0.0775984 -1.02977
-0.00505024 -0.0775984 -1.02977
-0.00357866 -0.0775984 -1.02977
-0.00652183 -0.07907 -1.02977
-0.00505024 -0.07907 -1.02977
-0.00357866 -0.07907 -1.02977
-0.00652183 -0.0805416 -1.02977
-0.00505024 -0.0805416 -1.02977
-0.00357866 -0.0805416 -1.02977
-0.00652183 -0.0820132 -1.02977
-0.00505024 -0.0820132 -1.02977
-0.00357866 -0.0820132 -1.02978
-0.00652183 -0.0834847 -1.02977
-0.00505024 -0.0834847 -1.02978
-0.00357866 -0.0834847 -1.02978
-0.00652183 -0.0849563 -1.02978
-0.00505024 -0.0849563 -1.02978
-0.00357866 -0.0849563 -1.02978
-0.00652183 -0.0864279 -1.02978
-0.00505024 -0.0864279 -1.02978
-0.00357866 -0.0864279 -1.02978
-0.00652183 -0.0878995 -1.02978
-0.00505024 -0.0878995 -1.02978
-0.00357866 -0.0878995 -1.02978
-0.00652183 -0.0893711 -1.02978
-0.00505024 -0.0893711 -1.02978
-0.00357866 -0.0893711 -1.02978
-0.00652183 -0.0908426 -1.02978
-0.00505024 -0.0908426 -1.02978
-0.00357866 -0.0908426 -1.02978
-0.00652183 -0.0923142 -1.02978
-0.00505024 -0.0923142 -1.02978
-0.00357866 -0.0923142 -1.02978
-0.00652183 -0.0937858 -1.02978
-0.00505024 -0.0937858 -1.02978
-0.00357866 -0.0937858 -1.02978
-0.00652183 -0.0952574 -1.02978
-0.00505024 -0.0952574 -1.02978
-0.00357866 -0.0952574 -1.02979
-0.00652183 -0.096729 -1.02978
-0.00505024 -0.096729 -1.02979
-0.00357866 -0.096729 -1.02979
-0.00652183 -0.0982006 -1.02979
-0.00505024 -0.0982006 -1.02979
-0.00357866 -0.0982006 -1.02979
-0.00652183 -0.0996721 -1.02979
-0.00505024 -0.0996721 -1.02979
-0.00357866 -0.0996721 -1.02979
-0.00652183 -0.101144 -1.02979
-0.00505024 -0.101144 -1.02979
-0.00357866 -0.101144 -1.02979
-0.00652183 -0.102615 -1.02979
-0.00505024 -0.102615 -1.02979
-0.00357866 -0.102615 -1.02979
-0.00652183 -0.104087 -1.02979
-0.00505024 -0.104087 -1.02979
-0.00357866 -0.104087 -1.02979
-0.00652183 -0.105558 -1.02979
-0.00505024 -0.105558 -1.02979
-0.00357866 -0.105558 -1.02979
