0.0110791 0.000310575 -1.08481
0.0106527 0.000310575 -1.08481
0.0102263 0.000310575 -1.08481
0.0110791 0.000737002 -1.08481
0.0106527 0.000737002 -1.08481
0.0102263 0.000737002 -1.08481
0.0110791 0.00116343 -1.08481
0.0106527 0.00116343 -1.08481
0.0102263 0.00116343 -1.08481
0.0110791 0.00158986 -1.08481
0.0106527 0.00158986 -1.08481
0.0102263 0.00158986 -1.08481
0.0110791 0.00201628 -1.08481
0.0106527 0.00201628 -1.08481
0.0102263 0.00201628 -1.08481
0.0110791 0.00244271 -1.08482
0.0106527 0.00244271 -1.08482
0.0102263 0.00244271 -1.08481
0.0110791 0.00286914 -1.08482
0.0106527 0.00286914 -1.08482
0.0102263 0.00286914 -1.08482
0.0110791 0.00329556 -1.08482
0.0106527 0.00329556 -1.08482
0.0102263 0.00329556 -1.08482
0.0110791 0.00372199 -1.08482
0.0106527 0.00372199 -1.08482
0.0102263 0.00372199 -1.08482
0.0110791 0.00414842 -1.08482
0.0106527 0.00414842 -1.08482
0.0102263 0.00414842 -1.08482
0.0110791 0.00457484 -1.08482
0.0106527 0.00457484 -1.08482
0.0102263 0.00457484 -1.08482
0.0110791 0.00500127 -1.08482
0.0106527 0.00500127 -1.08482
0.0102263 0.00500127 -1.08482
0.0110791 0.0054277 -1.08482
0.0106527 0.0054277 -1.08482
0.0102263 0.0054277 -1.08482
0.0110791 0.00585412 -1.08482
0.0106527 0.00585412 -1.08482
0.0102263 0.00585412 -1.08482
0.0110791 0.00628055 -1.08482
0.0106527 0.00628055 -1.08482
0.0102263 0.00628055 -1.08482
0.0110791 0.00670698 -1.08482
0.0106527 0.00670698 -1.08482
0.0102263 0.00670698 -1.08482
0.0110791 0.0071334 -1.08482
0.0106527 0.0071334 -1.08482
0.0102263 0.0071334 -1.08482
0.0110791 0.00755983 -1.08482
0.0106527 0.00755983 -1.08482
0.0102263 0.00755983 -1.08482
0.0110791 0.00798626 -1.08482
0.0106527 0.00798626 -1.08482
0.0102263 0.00798626 -1.08482
0.0110791 0.00841268 -1.08482
0.0106527 0.00841268 -1.08482
0.0102263 0.00841268 -1.08482
0.0110791 0.00883911 -1.08483
0.0106527 0.00883911 -1.08483
0.0102263 0.00883911 -1.08483
0.0110791 0.00926554 -1.08483
0.0106527 0.00926554 -1.08483
0.0102263 0.00926554 -1.08483
0.0110791 0.00969196 -1.08483
0.0106527 0.00969196 -1.08483
0.0102263 0.00969196 -1.08483
0.0110791 0.0101184 -1.08483
0.0106527 0.0101184 -1.08483
0.0102263 0.0101184 -1.08483
0.0110791 0.0105448 -1.08483
0.0106527 0.0105448 -1.08483
0.0102263 0.0105448 -1.08483
0.0110791 0.0109712 -1.08483
0.0106527 0.0109712 -1.08483
0.0102263 0.0109712 -1.08483
0.0110791 0.0113977 -1.08483
0.0106527 0.0113977 -1.08483
0.0102263 0.0113977 -1.08483
0.0110791 0.0118241 -1.08483
0.0106527 0.0118241 -1.08483
0.0102263 0.0118241 -1.08483
0.0110791 0.0122505 -1.08483
0.0106527 0.0122505 -1.08483
0.0102263 0.0122505 -1.08483
0.0110791 0.012677 -1.08483
0.0106527 0.012677 -1.08483
0.0102263 0.012677 -1.08483
0.0110791 0.0131034 -1.08483
0.0106527 0.0131034 -1.08483
0.0102263 0.0131034 -1.08483
0.0110791 0.0135298 -1.08483
0.0106527 0.0135298 -1.08483
0.0102263 0.0135298 -1.08483
0.0110791 0.0139562 -1.08483
0.0106527 0.0139562 -1.08483
0.0102263 0.0139562 -1.08483
0.0110791 0.0143827 -1.08483
0.0106527 0.0143827 -1.08483
0.0102263 0.0143827 -1.08483
0.0110791 0.0148091 -1.08483
0.0106527 0.0148091 -1.08483
0.0102263 0.0148091 -1.08483
0.0110791 0.0152355 -1.08484
0.0106527 0.0152355 -1.08484
0.0102263 0.0152355 -1.08484
0.0110791 0.0156619 -1.08484
0.0106527 0.0156619 -1.08484
0.0102263 0.0156619 -1.08484
0.0110791 0.0160884 -1.08484
0.0106527 0.0160884 -1.08484
0.0102263 0.0160884 -1.08484
0.0110791 0.0165148 -1.08484
0.0106527 0.0165148 -1.08484
0.0102263 0.0165148 -1.08484
0.0110791 0.0169412 -1.08484
0.0106527 0.0169412 -1.08484
0.0102263 0.0169412 -1.08484
0.0110791 0.0173676 -1.08484
0.0106527 0.0173676 -1.08484
0.0102263 0.0173676 -1.08484
0.0110791 0.0177941 -1.08484
0.0106527 0.0177941 -1.08484
0.0102263 0.0177941 -1.08484
0.0110791 0.0182205 -1.08484
0.0106527 0.0182205 -1.08484
0.0102263 0.0182205 -1.08484
0.0110791 0.0186469 -1.08484
0.0106527 0.0186469 -1.08484
0.0102263 0.0186469 -1.08484
0.0110791 0.0190734 -1.08484
0.0106527 0.0190734 -1.08484
0.0102263 0.0190734 -1.08484
0.0110791 0.0194998 -1.08484
0.0106527 0.0194998 -1.08484
0.0102263 0.0194998 -1.08484
0.0110791 0.0199262 -1.08484
0.0106527 0.0199262 -1.08484
0.0102263 0.0199262 -1.08484
0.0110791 0.0203526 -1.08484
0.0106527 0.0203526 -1.08484
0.0102263 0.0203526 -1.08484
0.0110791 0.0207791 -1.08484
0.0106527 0.0207791 -1.08484
0.0102263 0.0207791 -1.08484
0.0110791 0.0212055 -1.08484
0.0106527 0.0212055 -1.08484
0.0102263 0.0212055 -1.08484
0.0110791 0.0216319 -1.08485
0.0106527 0.0216319 -1.08485
0.0102263 0.0216319 -1.08485
0.0110791 0.0220583 -1.08485
0.0106527 0.0220583 -1.08485
0.0102263 0.0220583 -1.08485
0.0110791 0.0224848 -1.08485
0.0106527 0.0224848 -1.08485
0.0102263 0.0224848 -1.08485
0.0110791 0.0229112 -1.08485
0.0106527 0.0229112 -1.08485
0.0102263 0.0229112 -1.08485
0.0110791 0.0233376 -1.08485
0.0106527 0.0233376 -1.08485
0.0102263 0.0233376 -1.08485
0.0110791 0.023764 -1.08485
0.0106527 0.023764 -1.08485
0.0102263 0.023764 -1.08485
0.0110791 0.0241905 -1.08485
0.0106527 0.0241905 -1.08485
0.0102263 0.0241905 -1.08485
0.0110791 0.0246169 -1.08485
0.0106527 0.0246169 -1.08485
0.0102263 0.0246169 -1.08485
0.0110791 0.0250433 -1.08485
0.0106527 0.0250433 -1.08485
0.0102263 0.0250433 -1.08485
0.0110791 0.0254698 -1.08485
0.0106527 0.0254698 -1.08485
0.0102263 0.0254698 -1.08485
0.0110791 0.0258962 -1.08485
0.0106527 0.0258962 -1.08485
0.0102263 0.0258962 -1.08485
0.0110791 0.0263226 -1.08485
0.0106527 0.0263226 -1.08485
0.0102263 0.0263226 -1.08485
0.0110791 0.026749 -1.08485
0.0106527 0.026749 -1.08485
0.0102263 0.026749 -1.08485
0.0110791 0.0271755 -1.08485
0.0106527 0.0271755 -1.08485
0.0102263 0.0271755 -1.08485
0.0110791 0.0276019 -1.08485
0.0106527 0.0276019 -1.08485
0.0102263 0.0276019 -1.08485
0.0110791 0.0280283 -1.08486
0.0106527 0.0280283 -1.08486
0.0102263 0.0280283 -1.08486
0.0110791 0.0284547 -1.08486
0.0106527 0.0284547 -1.08486
0.0102263 0.0284547 -1.08486
0.0110791 0.0288812 -1.08486
0.0106527 0.0288812 -1.08486
0.0102263 0.0288812 -1.08486
0.0110791 0.0293076 -1.08486
0.0106527 0.0293076 -1.08486
0.0102263 0.0293076 -1.08486
0.0110791 0.029734 -1.08486
0.0106527 0.029734 -1.08486
0.0102263 0.029734 -1.08486
0.0110791 0.0301604 -1.08486
0.0106527 0.0301604 -1.08486
0.0102263 0.0301604 -1.08486
0.0110791 0.0305869 -1.08486
0.0106527 0.0305869 -1.08486
0.0102263 0.0305869 -1.08486
0.0110791 0.0310133 -1.08486
0.0106527 0.0310133 -1.08486
0.0102263 0.0310133 -1.08486
0.0110791 0.0314397 -1.08486
0.0106527 0.0314397 -1.08486
0.0102263 0.0314397 -1.08486
0.0110791 0.0318662 -1.08486
0.0106527 0.0318662 -1.08486
0.0102263 0.0318662 -1.08486
0.0110791 0.0322926 -1.08486
0.0106527 0.0322926 -1.08486
0.0102263 0.0322926 -1.08486
0.0110791 0.032719 -1.08486
0.0106527 0.032719 -1.08486
0.0102263 0.032719 -1.08486
0.0110791 0.0331454 -1.08486
0.0106527 0.0331454 -1.08486
0.0102263 0.0331454 -1.08486
0.0110791 0.0335719 -1.08486
0.0106527 0.0335719 -1.08486
0.0102263 0.0335719 -1.08486
0.0110791 0.0339983 -1.08486
0.0106527 0.0339983 -1.08486
0.0102263 0.0339983 -1.08486
0.0110791 0.0344247 -1.08487
0.0106527 0.0344247 -1.08487
0.0102263 0.0344247 -1.08487
0.0110791 0.0348511 -1.08487
0.0106527 0.0348511 -1.08487
0.0102263 0.0348511 -1.08487
0.0110791 0.0352776 -1.08487
0.0106527 0.0352776 -1.08487
0.0102263 0.0352776 -1.08487
0.0110791 0.035704 -1.08487
0.0106527 0.035704 -1.08487
0.0102263 0.035704 -1.08487
0.0110791 0.0361304 -1.08487
0.0106527 0.0361304 -1.08487
0.0102263 0.0361304 -1.08487
0.0110791 0.0365568 -1.08487
0.0106527 0.0365568 -1.08487
0.0102263 0.0365568 -1.08487
0.0110791 0.0369833 -1.08487
0.0106527 0.0369833 -1.08487
0.0102263 0.0369833 -1.08487
0.0110791 0.0374097 -1.08487
0.0106527 0.0374097 -1.08487
0.0102263 0.0374097 -1.08487
0.0110791 0.0378361 -1.08487
0.0106527 0.0378361 -1.08487
0.0102263 0.0378361 -1.08487
0.0110791 0.0382626 -1.08487
0.0106527 0.0382626 -1.08487
0.0102263 0.0382626 -1.08487
0.0110791 0.038689 -1.08487
0.0106527 0.038689 -1.08487
0.0102263 0.038689 -1.08487
0.0110791 0.0391154 -1.08487
0.0106527 0.0391154 -1.08487
0.0102263 0.0391154 -1.08487
0.0110791 0.0395418 -1.08487
0.0106527 0.0395418 -1.08487
0.0102263 0.0395418 -1.08487
0.0110791 0.0399683 -1.08487
0.0106527 0.0399683 -1.08487
0.0102263 0.0399683 -1.08487
0.0110791 0.0403947 -1.08487
0.0106527 0.0403947 -1.08487
0.0102263 0.0403947 -1.08487
0.0110791 0.0408211 -1.08488
0.0106527 0.0408211 -1.08488
0.0102263 0.0408211 -1.08488
0.0110791 0.0412475 -1.08488
0.0106527 0.0412475 -1.08488
0.0102263 0.0412475 -1.08488
0.0110791 0.041674 -1.08488
0.0106527 0.041674 -1.08488
0.0102263 0.041674 -1.08488
0.0110791 0.0421004 -1.08488
0.0106527 0.0421004 -1.08488
0.0102263 0.0421004 -1.08488
0.0110791 0.0425268 -1.08488
0.0106527 0.0425268 -1.08488
0.0102263 0.0425268 -1.08488
0.0110791 0.0429532 -1.08488
0.0106527 0.0429532 -1.08488
0.0102263 0.0429532 -1.08488
0.0110791 0.0433797 -1.08488
0.0106527 0.0433797 -1.08488
0.0102263 0.0433797 -1.08488
0.0110791 0.0438061 -1.08488
0.0106527 0.0438061 -1.08488
0.0102263 0.0438061 -1.08488
0.0110791 0.0442325 -1.08488
0.0106527 0.0442325 -1.08488
0.0102263 0.0442325 -1.08488
0.0110791 0.044659 -1.08488
0.0106527 0.044659 -1.08488
0.0102263 0.044659 -1.08488
0.0110791 0.0450854 -1.08488
0.0106527 0.0450854 -1.08488
0.0102263 0.0450854 -1.08488
0.0110791 0.0455118 -1.08488
0.0106527 0.0455118 -1.08488
0.0102263 0.0455118 -1.08488
0.0110791 0.0459382 -1.08488
0.0106527 0.0459382 -1.08488
0.0102263 0.0459382 -1.08488
0.0110791 0.0463647 -1.08488
0.0106527 0.0463647 -1.08488
0.0102263 0.0463647 -1.08488
0.0110791 0.0467911 -1.08489
0.0106527 0.0467911 -1.08488
0.0102263 0.0467911 -1.08488
0.0110791 0.0472175 -1.08489
0.0106527 0.0472175 -1.08489
0.0102263 0.0472175 -1.08489
