-0.00229665 0.0273876 -0.702893
-0.0019247 0.0273876 -0.702896
-0.00155274 0.0273876 -0.7029
-0.00229665 0.0270156 -0.702893
-0.0019247 0.0270156 -0.702897
-0.00155274 0.0270156 -0.7029
-0.00229665 0.0266437 -0.702894
-0.0019247 0.0266437 -0.702897
-0.00155274 0.0266437 -0.702901
-0.00229665 0.0262717 -0.702894
-0.0019247 0.0262717 -0.702898
-0.00155274 0.0262717 -0.702901
-0.00229665 0.0258998 -0.702895
-0.0019247 0.0258998 -0.702898
-0.00155274 0.0258998 -0.702902
-0.00229665 0.0255278 -0.702895
-0.0019247 0.0255278 -0.702899
-0.00155274 0.0255278 -0.702902
-0.00229665 0.0251559 -0.702896
-0.0019247 0.0251559 -0.702899
-0.00155274 0.0251559 -0.702903
-0.00229665 0.0247839 -0.702896
-0.0019247 0.0247839 -0.7029
-0.00155274 0.0247839 -0.702903
-0.00229665 0.024412 -0.702897
-0.0019247 0.024412 -0.7029
-0.00155274 0.024412 -0.702904
-0.00229665 0.02404 -0.702897
-0.0019247 0.02404 -0.702901
-0.00155274 0.02404 -0.702904
-0.00229665 0.023668 -0.702898
-0.0019247 0.023668 -0.702901
-0.00155274 0.023668 -0.702904
-0.00229665 0.0232961 -0.702898
-0.0019247 0.0232961 -0.702902
-0.00155274 0.0232961 -0.702905
-0.00229665 0.0229241 -0.702899
-0.0019247 0.0229241 -0.702902
-0.00155274 0.0229241 -0.702905
-0.00229665 0.0225522 -0.702899
-0.0019247 0.0225522 -0.702902
-0.00155274 0.0225522 -0.702906
-0.00229665 0.0221802 -0.7029
-0.0019247 0.0221802 -0.702903
-0.00155274 0.0221802 -0.702906
-0.00229665 0.0218083 -0.7029
-0.0019247 0.0218083 -0.702904
-0.00155274 0.0218083 -0.702907
-0.00229665 0.0214363 -0.702901
-0.0019247 0.0214363 -0.702904
-0.00155274 0.0214363 -0.702907
-0.00229665 0.0210644 -0.702901
-0.0019247 0.0210644 -0.702904
-0.00155274 0.0210644 -0.702908
-0.00229665 0.0206924 -0.702902
-0.0019247 0.0206924 -0.702905
-0.00155274 0.0206924 -0.702908
-0.00229665 0.0203205 -0.702902
-0.0019247 0.0203205 -0.702905
-0.00155274 0.0203205 -0.702909
-0.00229665 0.0199485 -0.702902
-0.0019247 0.0199485 -0.702906
-0.00155274 0.0199485 -0.702909
-0.00229665 0.0195765 -0.702903
-0.0019247 0.0195765 -0.702906
-0.00155274 0.0195765 -0.70291
-0.00229665 0.0192046 -0.702904
-0.0019247 0.0192046 -0.702907
-0.00155274 0.0192046 -0.70291
-0.00229665 0.0188326 -0.702904
-0.0019247 0.0188326 -0.702907
-0.00155274 0.0188326 -0.702911
-0.00229665 0.0184607 -0.702904
-0.0019247 0.0184607 -0.702908
-0.00155274 0.0184607 -0.702911
-0.00229665 0.0180887 -0.702905
-0.0019247 0.0180887 -0.702908
-0.00155274 0.0180887 -0.702912
-0.00229665 0.0177168 -0.702905
-0.0019247 0.0177168 -0.702909
-0.00155274 0.0177168 -0.702912
-0.00229665 0.0173448 -0.702906
-0.0019247 0.0173448 -0.702909
-0.00155274 0.0173448 -0.702913
-0.00229665 0.0169729 -0.702906
-0.0019247 0.0169729 -0.70291
-0.00155274 0.0169729 -0.702913
-0.00229665 0.0166009 -0.702907
-0.0019247 0.0166009 -0.70291
-0.00155274 0.0166009 -0.702914
-0.00229665 0.016229 -0.702907
-0.0019247 0.016229 -0.702911
-0.00155274 0.016229 -0.702914
-0.00229665 0.015857 -0.702908
-0.0019247 0.015857 -0.702911
-0.00155274 0.015857 -0.702915
-0.00229665 0.015485 -0.702908
-0.0019247 0.015485 -0.702912
-0.00155274 0.015485 -0.702915
-0.00229665 0.0151131 -0.702909
-0.0019247 0.0151131 -0.702912
-0.00155274 0.0151131 -0.702916
-0.00229665 0.0147411 -0.702909
-0.0019247 0.0147411 -0.702913
-0.00155274 0.0147411 -0.702916
-0.00229665 0.0143692 -0.70291
-0.0019247 0.0143692 -0.702913
-0.00155274 0.0143692 -0.702917
-0.00229665 0.0139972 -0.70291
-0.0019247 0.0139972 -0.702914
-0.00155274 0.0139972 -0.702917
-0.00229665 0.0136253 -0.702911
-0.0019247 0.0136253 -0.702914
-0.00155274 0.0136253 -0.702918
-0.00229665 0.0132533 -0.702911
-0.0019247 0.0132533 -0.702915
-0.00155274 0.0132533 -0.702918
-0.00229665 0.0128814 -0.702912
-0.0019247 0.0128814 -0.702915
-0.00155274 0.0128814 -0.702919
-0.00229665 0.0125094 -0.702912
-0.0019247 0.0125094 -0.702916
-0.00155274 0.0125094 -0.702919
-0.00229665 0.0121375 -0.702913
-0.0019247 0.0121375 -0.702916
-0.00155274 0.0121375 -0.70292
-0.00229665 0.0117655 -0.702913
-0.0019247 0.0117655 -0.702917
-0.00155274 0.0117655 -0.70292
-0.00229665 0.0113935 -0.702914
-0.0019247 0.0113935 -0.702917
-0.00155274 0.0113935 -0.702921
-0.00229665 0.0110216 -0.702914
-0.0019247 0.0110216 -0.702918
-0.00155274 0.0110216 -0.702921
-0.00229665 0.0106496 -0.702915
-0.0019247 0.0106496 -0.702918
-0.00155274 0.0106496 -0.702922
-0.00229665 0.0102777 -0.702915
-0.0019247 0.0102777 -0.702919
-0.00155274 0.0102777 -0.702922
-0.00229665 0.00990573 -0.702916
-0.0019247 0.00990573 -0.702919
-0.00155274 0.00990573 -0.702923
-0.00229665 0.00953377 -0.702916
-0.0019247 0.00953377 -0.70292
-0.00155274 0.00953377 -0.702923
-0.00229665 0.00916182 -0.702917
-0.0019247 0.00916182 -0.70292
-0.00155274 0.00916182 -0.702923
-0.00229665 0.00878987 -0.702917
-0.0019247 0.00878987 -0.702921
-0.00155274 0.00878987 -0.702924
-0.00229665 0.00841791 -0.702918
-0.0019247 0.00841791 -0.702921
-0.00155274 0.00841791 -0.702924
-0.00229665 0.00804596 -0.702918
-0.0019247 0.00804596 -0.702922
-0.00155274 0.00804596 -0.702925
-0.00229665 0.007674 -0.702919
-0.0019247 0.007674 -0.702922
-0.00155274 0.007674 -0.702925
-0.00229665 0.00730205 -0.702919
-0.0019247 0.00730205 -0.702923
-0.00155274 0.00730205 -0.702926
-0.00229665 0.00693009 -0.70292
-0.0019247 0.00693009 -0.702923
-0.00155274 0.00693009 -0.702926
-0.00229665 0.00655814 -0.70292
-0.0019247 0.00655814 -0.702923
-0.00155274 0.00655814 -0.702927
-0.00229665 0.00618618 -0.702921
-0.0019247 0.00618618 -0.702924
-0.00155274 0.00618618 -0.702927
-0.00229665 0.00581423 -0.702921
-0.0019247 0.00581423 -0.702924
-0.00155274 0.00581423 -0.702928
-0.00229665 0.00544227 -0.702922
-0.0019247 0.00544227 -0.702925
-0.00155274 0.00544227 -0.702928
-0.00229665 0.00507032 -0.702922
-0.0019247 0.00507032 -0.702925
-0.00155274 0.00507032 -0.702929
-0.00229665 0.00469836 -0.702922
-0.0019247 0.00469836 -0.702926
-0.00155274 0.00469836 -0.702929
-0.00229665 0.00432641 -0.702923
-0.0019247 0.00432641 -0.702926
-0.00155274 0.00432641 -0.70293
-0.00229665 0.00395446 -0.702923
-0.0019247 0.00395446 -0.702927
-0.00155274 0.00395446 -0.70293
-0.00229665 0.0035825 -0.702924
-0.0019247 0.0035825 -0.702927
-0.00155274 0.0035825 -0.702931
-0.00229665 0.00321055 -0.702924
-0.0019247 0.00321055 -0.702928
-0.00155274 0.00321055 -0.702931
-0.00229665 0.00283859 -0.702925
-0.0019247 0.00283859 -0.702928
-0.00155274 0.00283859 -0.702932
-0.00229665 0.00246664 -0.702925
-0.0019247 0.00246664 -0.702929
-0.00155274 0.00246664 -0.702932
-0.00229665 0.00209468 -0.702926
-0.0019247 0.00209468 -0.702929
-0.00155274 0.00209468 -0.702933
-0.00229665 0.00172273 -0.702926
-0.0019247 0.00172273 -0.70293
-0.00155274 0.00172273 -0.702933
-0.00229665 0.00135077 -0.702927
-0.0019247 0.00135077 -0.70293
-0.00155274 0.00135077 -0.702934
-0.00229665 0.000978819 -0.702927
-0.0019247 0.000978819 -0.702931
-0.00155274 0.000978819 -0.702934
-0.00229665 0.000606864 -0.702928
-0.0019247 0.000606864 -0.702931
-0.00155274 0.000606864 -0.702935
-0.00229665 0.00023491 -0.702928
-0.0019247 0.00023491 -0.702932
-0.00155274 0.00023491 -0.702935
-0.00229665 -0.000137045 -0.702929
-0.0019247 -0.000137045 -0.702932
-0.00155274 -0.000137045 -0.702936
-0.00229665 -0.000509 -0.702929
-0.0019247 -0.000509 -0.702933
-0.00155274 -0.000509 -0.702936
-0.00229665 -0.000880954 -0.70293
-0.0019247 -0.000880954 -0.702933
-0.00155274 -0.000880954 -0.702937
-0.00229665 -0.00125291 -0.70293
-0.0019247 -0.00125291 -0.702934
-0.00155274 -0.00125291 -0.702937
-0.00229665 -0.00162486 -0.702931
-0.0019247 -0.00162486 -0.702934
-0.00155274 -0.00162486 -0.702938
-0.00229665 -0.00199682 -0.702931
-0.0019247 -0.00199682 -0.702935
-0.00155274 -0.00199682 -0.702938
-0.00229665 -0.00236877 -0.702932
-0.0019247 -0.00236877 -0.702935
-0.00155274 -0.00236877 -0.702939
-0.00229665 -0.00274073 -0.702932
-0.0019247 -0.00274073 -0.702936
-0.00155274 -0.00274073 -0.702939
-0.00229665 -0.00311268 -0.702933
-0.0019247 -0.00311268 -0.702936
-0.00155274 -0.00311268 -0.70294
-0.00229665 -0.00348464 -0.702933
-0.0019247 -0.00348464 -0.702937
-0.00155274 -0.00348464 -0.70294
-0.00229665 -0.00385659 -0.702934
-0.0019247 -0.00385659 -0.702937
-0.00155274 -0.00385659 -0.702941
-0.00229665 -0.00422855 -0.702934
-0.0019247 -0.00422855 -0.702938
-0.00155274 -0.00422855 -0.702941
-0.00229665 -0.0046005 -0.702935
-0.0019247 -0.0046005 -0.702938
-0.00155274 -0.0046005 -0.702941
-0.00229665 -0.00497245 -0.702935
-0.0019247 -0.00497245 -0.702939
-0.00155274 -0.00497245 -0.702942
-0.00229665 -0.00534441 -0.702936
-0.0019247 -0.00534441 -0.702939
-0.00155274 -0.00534441 -0.702942
-0.00229665 -0.00571636 -0.702936
-0.0019247 -0.00571636 -0.70294
-0.00155274 -0.00571636 -0.702943
-0.00229665 -0.00608832 -0.702937
-0.0019247 -0.00608832 -0.70294
-0.00155274 -0.00608832 -0.702943
-0.00229665 -0.00646027 -0.702937
-0.0019247 -0.00646027 -0.702941
-0.00155274 -0.00646027 -0.702944
-0.00229665 -0.00683223 -0.702938
-0.0019247 -0.00683223 -0.702941
-0.00155274 -0.00683223 -0.702944
-0.00229665 -0.00720418 -0.702938
-0.0019247 -0.00720418 -0.702941
-0.00155274 -0.00720418 -0.702945
-0.00229665 -0.00757614 -0.702939
-0.0019247 -0.00757614 -0.702942
-0.00155274 -0.00757614 -0.702945
-0.00229665 -0.00794809 -0.702939
-0.0019247 -0.00794809 -0.702942
-0.00155274 -0.00794809 -0.702946
-0.00229665 -0.00832005 -0.70294
-0.0019247 -0.00832005 -0.702943
-0.00155274 -0.00832005 -0.702946
-0.00229665 -0.008692 -0.70294
-0.0019247 -0.008692 -0.702943
-0.00155274 -0.008692 -0.702947
-0.00229665 -0.00906396 -0.702941
-0.0019247 -0.00906396 -0.702944
-0.00155274 -0.00906396 -0.702947
-0.00229665 -0.00943591 -0.702941
-0.0019247 -0.00943591 -0.702944
-0.00155274 -0.00943591 -0.702948
-0.00229665 -0.00980786 -0.702941
-0.0019247 -0.00980786 -0.702945
-0.00155274 -0.00980786 -0.702948
-0.00229665 -0.0101798 -0.702942
-0.0019247 -0.0101798 -0.702945
-0.00155274 -0.0101798 -0.702949
-0.00229665 -0.0105518 -0.702942
-0.0019247 -0.0105518 -0.702946
-0.00155274 -0.0105518 -0.702949
-0.00229665 -0.0109237 -0.702943
-0.0019247 -0.0109237 -0.702946
-0.00155274 -0.0109237 -0.70295
-0.00229665 -0.0112957 -0.702943
-0.0019247 -0.0112957 -0.702947
-0.00155274 -0.0112957 -0.70295
-0.00229665 -0.0116676 -0.702944
-0.0019247 -0.0116676 -0.702947
-0.00155274 -0.0116676 -0.702951
-0.00229665 -0.0120396 -0.702944
-0.0019247 -0.0120396 -0.702948
-0.00155274 -0.0120396 -0.702951
-0.00229665 -0.0124115 -0.702945
-0.0019247 -0.0124115 -0.702948
-0.00155274 -0.0124115 -0.702952
-0.00229665 -0.0127835 -0.702945
-0.0019247 -0.0127835 -0.702949
-0.00155274 -0.0127835 -0.702952
-0.00229665 -0.0131555 -0.702946
-0.0019247 -0.0131555 -0.702949
-0.00155274 -0.0131555 -0.702953
-0.00229665 -0.0135274 -0.702946
-0.0019247 -0.0135274 -0.70295
-0.00155274 -0.0135274 -0.702953
