-0.00638484 0.0114042 -0.754005
-0.00651123 0.0114042 -0.754003
-0.00663762 0.0114042 -0.754001
-0.00638484 0.0115306 -0.754006
-0.00651123 0.0115306 -0.754004
-0.00663762 0.0115306 -0.754002
-0.00638484 0.011657 -0.754006
-0.00651123 0.011657 -0.754004
-0.00663762 0.011657 -0.754002
-0.00638484 0.0117834 -0.754007
-0.00651123 0.0117834 -0.754005
-0.00663762 0.0117834 -0.754003
-0.00638484 0.0119098 -0.754008
-0.00651123 0.0119098 -0.754005
-0.00663762 0.0119098 -0.754004
-0.00638484 0.0120362 -0.754008
-0.00651123 0.0120362 -0.754006
-0.00663762 0.0120362 -0.754004
-0.00638484 0.0121626 -0.754009
-0.00651123 0.0121626 -0.754007
-0.00663762 0.0121626 -0.754005
-0.00638484 0.012289 -0.754009
-0.00651123 0.012289 -0.754007
-0.00663762 0.012289 -0.754005
-0.00638484 0.0124154 -0.75401
-0.00651123 0.0124154 -0.754008
-0.00663762 0.0124154 -0.754006
-0.00638484 0.0125417 -0.754011
-0.00651123 0.0125417 -0.754009
-0.00663762 0.0125417 -0.754007
-0.00638484 0.0126681 -0.754011
-0.00651123 0.0126681 -0.754009
-0.00663762 0.0126681 -0.754007
-0.00638484 0.0127945 -0.754012
-0.00651123 0.0127945 -0.75401
-0.00663762 0.0127945 -0.754008
-0.00638484 0.0129209 -0.754013
-0.00651123 0.0129209 -0.754011
-0.00663762 0.0129209 -0.754009
-0.00638484 0.0130473 -0.754013
-0.00651123 0.0130473 -0.754011
-0.00663762 0.0130473 -0.754009
-0.00638484 0.0131737 -0.754014
-0.00651123 0.0131737 -0.754012
-0.00663762 0.0131737 -0.75401
-0.00638484 0.0133001 -0.754015
-0.00651123 0.0133001 -0.754013
-0.00663762 0.0133001 -0.754011
-0.00638484 0.0134265 -0.754015
-0.00651123 0.0134265 -0.754013
-0.00663762 0.0134265 -0.754011
-0.00638484 0.0135529 -0.754016
-0.00651123 0.0135529 -0.754014
-0.00663762 0.0135529 -0.754012
-0.00638484 0.0136793 -0.754017
-0.00651123 0.0136793 -0.754015
-0.00663762 0.0136793 -0.754013
-0.00638484 0.0138056 -0.754017
-0.00651123 0.0138056 -0.754015
-0.00663762 0.0138056 -0.754013
-0.00638484 0.013932 -0.754018
-0.00651123 0.013932 -0.754016
-0.00663762 0.013932 -0.754014
-0.00638484 0.0140584 -0.754019
-0.00651123 0.0140584 -0.754017
-0.00663762 0.0140584 -0.754015
-0.00638484 0.0141848 -0.754019
-0.00651123 0.0141848 -0.754017
-0.00663762 0.0141848 -0.754015
-0.00638484 0.0143112 -0.75402
-0.00651123 0.0143112 -0.754018
-0.00663762 0.0143112 -0.754016
-0.00638484 0.0144376 -0.754021
-0.00651123 0.0144376 -0.754019
-0.00663762 0.0144376 -0.754017
-0.00638484 0.014564 -0.754021
-0.00651123 0.014564 -0.754019
-0.00663762 0.014564 -0.754017
-0.00638484 0.0146904 -0.754022
-0.00651123 0.0146904 -0.75402
-0.00663762 0.0146904 -0.754018
-0.00638484 0.0148168 -0.754023
-0.00651123 0.0148168 -0.754021
-0.00663762 0.0148168 -0.754019
-0.00638484 0.0149431 -0.754023
-0.00651123 0.0149431 -0.754021
-0.00663762 0.0149431 -0.754019
-0.00638484 0.0150695 -0.754024
-0.00651123 0.0150695 -0.754022
-0.00663762 0.0150695 -0.75402
-0.00638484 0.0151959 -0.754025
-0.00651123 0.0151959 -0.754022
-0.00663762 0.0151959 -0.754021
-0.00638484 0.0153223 -0.754025
-0.00651123 0.0153223 -0.754023
-0.00663762 0.0153223 -0.754021
-0.00638484 0.0154487 -0.754026
-0.00651123 0.0154487 -0.754024
-0.00663762 0.0154487 -0.754022
-0.00638484 0.0155751 -0.754026
-0.00651123 0.0155751 -0.754024
-0.00663762 0.0155751 -0.754022
-0.00638484 0.0157015 -0.754027
-0.00651123 0.0157015 -0.754025
-0.00663762 0.0157015 -0.754023
-0.00638484 0.0158279 -0.754028
-0.00651123 0.0158279 -0.754026
-0.00663762 0.0158279 -0.754024
-0.00638484 0.0159543 -0.754028
-0.00651123 0.0159543 -0.754026
-0.00663762 0.0159543 -0.754024
-0.00638484 0.0160806 -0.754029
-0.00651123 0.0160806 -0.754027
-0.00663762 0.0160806 -0.754025
-0.00638484 0.016207 -0.75403
-0.00651123 0.016207 -0.754028
-0.00663762 0.016207 -0.754026
-0.00638484 0.0163334 -0.75403
-0.00651123 0.0163334 -0.754028
-0.00663762 0.0163334 -0.754026
-0.00638484 0.0164598 -0.754031
-0.00651123 0.0164598 -0.754029
-0.00663762 0.0164598 -0.754027
-0.00638484 0.0165862 -0.754032
-0.00651123 0.0165862 -0.75403
-0.00663762 0.0165862 -0.754028
-0.00638484 0.0167126 -0.754032
-0.00651123 0.0167126 -0.75403
-0.00663762 0.0167126 -0.754028
-0.00638484 0.016839 -0.754033
-0.00651123 0.016839 -0.754031
-0.00663762 0.016839 -0.754029
-0.00638484 0.0169654 -0.754034
-0.00651123 0.0169654 -0.754032
-0.00663762 0.0169654 -0.75403
-0.00638484 0.0170918 -0.754034
-0.00651123 0.0170918 -0.754032
-0.00663762 0.0170918 -0.75403
-0.00638484 0.0172181 -0.754035
-0.00651123 0.0172181 -0.754033
-0.00663762 0.0172181 -0.754031
-0.00638484 0.0173445 -0.754036
-0.00651123 0.0173445 -0.754034
-0.00663762 0.0173445 -0.754032
-0.00638484 0.0174709 -0.754036
-0.00651123 0.0174709 -0.754034
-0.00663762 0.0174709 -0.754032
-0.00638484 0.0175973 -0.754037
-0.00651123 0.0175973 -0.754035
-0.00663762 0.0175973 -0.754033
-0.00638484 0.0177237 -0.754038
-0.00651123 0.0177237 -0.754036
-0.00663762 0.0177237 -0.754034
-0.00638484 0.0178501 -0.754038
-0.00651123 0.0178501 -0.754036
-0.00663762 0.0178501 -0.754034
-0.00638484 0.0179765 -0.754039
-0.00651123 0.0179765 -0.754037
-0.00663762 0.0179765 -0.754035
-0.00638484 0.0181029 -0.75404
-0.00651123 0.0181029 -0.754038
-0.00663762 0.0181029 -0.754036
-0.00638484 0.0182293 -0.75404
-0.00651123 0.0182293 -0.754038
-0.00663762 0.0182293 -0.754036
-0.00638484 0.0183556 -0.754041
-0.00651123 0.0183556 -0.754039
-0.00663762 0.0183556 -0.754037
-0.00638484 0.018482 -0.754041
-0.00651123 0.018482 -0.75404
-0.00663762 0.018482 -0.754037
-0.00638484 0.0186084 -0.754042
-0.00651123 0.0186084 -0.75404
-0.00663762 0.0186084 -0.754038
-0.00638484 0.0187348 -0.754043
-0.00651123 0.0187348 -0.754041
-0.00663762 0.0187348 -0.754039
-0.00638484 0.0188612 -0.754043
-0.00651123 0.0188612 -0.754041
-0.00663762 0.0188612 -0.754039
-0.00638484 0.0189876 -0.754044
-0.00651123 0.0189876 -0.754042
-0.00663762 0.0189876 -0.75404
-0.00638484 0.019114 -0.754045
-0.00651123 0.019114 -0.754043
-0.00663762 0.019114 -0.754041
-0.00638484 0.0192404 -0.754045
-0.00651123 0.0192404 -0.754043
-0.00663762 0.0192404 -0.754041
-0.00638484 0.0193668 -0.754046
-0.00651123 0.0193668 -0.754044
-0.00663762 0.0193668 -0.754042
-0.00638484 0.0194932 -0.754047
-0.00651123 0.0194932 -0.754045
-0.00663762 0.0194932 -0.754043
-0.00638484 0.0196195 -0.754047
-0.00651123 0.0196195 -0.754045
-0.00663762 0.0196195 -0.754043
-0.00638484 0.0197459 -0.754048
-0.00651123 0.0197459 -0.754046
-0.00663762 0.0197459 -0.754044
-0.00638484 0.0198723 -0.754049
-0.00651123 0.0198723 -0.754047
-0.00663762 0.0198723 -0.754045
-0.00638484 0.0199987 -0.754049
-0.00651123 0.0199987 -0.754047
-0.00663762 0.0199987 -0.754045
-0.00638484 0.0201251 -0.75405
-0.00651123 0.0201251 -0.754048
-0.00663762 0.0201251 -0.754046
-0.00638484 0.0202515 -0.754051
-0.00651123 0.0202515 -0.754049
-0.00663762 0.0202515 -0.754047
-0.00638484 0.0203779 -0.754051
-0.00651123 0.0203779 -0.754049
-0.00663762 0.0203779 -0.754047
-0.00638484 0.0205043 -0.754052
-0.00651123 0.0205043 -0.75405
-0.00663762 0.0205043 -0.754048
-0.00638484 0.0206307 -0.754053
-0.00651123 0.0206307 -0.754051
-0.00663762 0.0206307 -0.754049
-0.00638484 0.020757 -0.754053
-0.00651123 0.020757 -0.754051
-0.00663762 0.020757 -0.754049
-0.00638484 0.0208834 -0.754054
-0.00651123 0.0208834 -0.754052
-0.00663762 0.0208834 -0.75405
-0.00638484 0.0210098 -0.754055
-0.00651123 0.0210098 -0.754053
-0.00663762 0.0210098 -0.754051
-0.00638484 0.0211362 -0.754055
-0.00651123 0.0211362 -0.754053
-0.00663762 0.0211362 -0.754051
-0.00638484 0.0212626 -0.754056
-0.00651123 0.0212626 -0.754054
-0.00663762 0.0212626 -0.754052
-0.00638484 0.021389 -0.754057
-0.00651123 0.021389 -0.754055
-0.00663762 0.021389 -0.754053
-0.00638484 0.0215154 -0.754057
-0.00651123 0.0215154 -0.754055
-0.00663762 0.0215154 -0.754053
-0.00638484 0.0216418 -0.754058
-0.00651123 0.0216418 -0.754056
-0.00663762 0.0216418 -0.754054
-0.00638484 0.0217682 -0.754059
-0.00651123 0.0217682 -0.754057
-0.00663762 0.0217682 -0.754055
-0.00638484 0.0218945 -0.754059
-0.00651123 0.0218945 -0.754057
-0.00663762 0.0218945 -0.754055
-0.00638484 0.0220209 -0.75406
-0.00651123 0.0220209 -0.754058
-0.00663762 0.0220209 -0.754056
-0.00638484 0.0221473 -0.754061
-0.00651123 0.0221473 -0.754058
-0.00663762 0.0221473 -0.754057
-0.00638484 0.0222737 -0.754061
-0.00651123 0.0222737 -0.754059
-0.00663762 0.0222737 -0.754057
-0.00638484 0.0224001 -0.754062
-0.00651123 0.0224001 -0.75406
-0.00663762 0.0224001 -0.754058
-0.00638484 0.0225265 -0.754062
-0.00651123 0.0225265 -0.75406
-0.00663762 0.0225265 -0.754058
-0.00638484 0.0226529 -0.754063
-0.00651123 0.0226529 -0.754061
-0.00663762 0.0226529 -0.754059
-0.00638484 0.0227793 -0.754064
-0.00651123 0.0227793 -0.754062
-0.00663762 0.0227793 -0.75406
-0.00638484 0.0229057 -0.754064
-0.00651123 0.0229057 -0.754062
-0.00663762 0.0229057 -0.75406
-0.00638484 0.023032 -0.754065
-0.00651123 0.023032 -0.754063
-0.00663762 0.023032 -0.754061
-0.00638484 0.0231584 -0.754066
-0.00651123 0.0231584 -0.754064
-0.00663762 0.0231584 -0.754062
-0.00638484 0.0232848 -0.754066
-0.00651123 0.0232848 -0.754064
-0.00663762 0.0232848 -0.754062
-0.00638484 0.0234112 -0.754067
-0.00651123 0.0234112 -0.754065
-0.00663762 0.0234112 -0.754063
-0.00638484 0.0235376 -0.754068
-0.00651123 0.0235376 -0.754066
-0.00663762 0.0235376 -0.754064
-0.00638484 0.023664 -0.754068
-0.00651123 0.023664 -0.754066
-0.00663762 0.023664 -0.754064
-0.00638484 0.0237904 -0.754069
-0.00651123 0.0237904 -0.754067
-0.00663762 0.0237904 -0.754065
-0.00638484 0.0239168 -0.75407
-0.00651123 0.0239168 -0.754068
-0.00663762 0.0239168 -0.754066
-0.00638484 0.0240432 -0.75407
-0.00651123 0.0240432 -0.754068
-0.00663762 0.0240432 -0.754066
-0.00638484 0.0241696 -0.754071
-0.00651123 0.0241696 -0.754069
-0.00663762 0.0241696 -0.754067
-0.00638484 0.0242959 -0.754072
-0.00651123 0.0242959 -0.75407
-0.00663762 0.0242959 -0.754068
-0.00638484 0.0244223 -0.754072
-0.00651123 0.0244223 -0.75407
-0.00663762 0.0244223 -0.754068
-0.00638484 0.0245487 -0.754073
-0.00651123 0.0245487 -0.754071
-0.00663762 0.0245487 -0.754069
-0.00638484 0.0246751 -0.754074
-0.00651123 0.0246751 -0.754072
-0.00663762 0.0246751 -0.75407
-0.00638484 0.0248015 -0.754074
-0.00651123 0.0248015 -0.754072
-0.00663762 0.0248015 -0.75407
-0.00638484 0.0249279 -0.754075
-0.00651123 0.0249279 -0.754073
-0.00663762 0.0249279 -0.754071
-0.00638484 0.0250543 -0.754076
-0.00651123 0.0250543 -0.754074
-0.00663762 0.0250543 -0.754072
-0.00638484 0.0251807 -0.754076
-0.00651123 0.0251807 -0.754074
-0.00663762 0.0251807 -0.754072
-0.00638484 0.0253071 -0.754077
-0.00651123 0.0253071 -0.754075
-0.00663762 0.0253071 -0.754073
