-0.00507479 0.00923117 -0.522837
-0.00489859 0.00923117 -0.522839
-0.00472239 0.00923117 -0.52284
-0.00507479 0.00905497 -0.522837
-0.00489859 0.00905497 -0.522838
-0.00472239 0.00905497 -0.52284
-0.00507479 0.00887877 -0.522837
-0.00489859 0.00887877 -0.522838
-0.00472239 0.00887877 -0.522839
-0.00507479 0.00870258 -0.522836
-0.00489859 0.00870258 -0.522838
-0.00472239 0.00870258 -0.522839
-0.00507479 0.00852638 -0.522836
-0.00489859 0.00852638 -0.522837
-0.00472239 0.00852638 -0.522839
-0.00507479 0.00835018 -0.522835
-0.00489859 0.00835018 -0.522837
-0.00472239 0.00835018 -0.522838
-0.00507479 0.00817398 -0.522835
-0.00489859 0.00817398 -0.522836
-0.00472239 0.00817398 -0.522838
-0.00507479 0.00799778 -0.522835
-0.00489859 0.00799778 -0.522836
-0.00472239 0.00799778 -0.522837
-0.00507479 0.00782158 -0.522834
-0.00489859 0.00782158 -0.522836
-0.00472239 0.00782158 -0.522837
-0.00507479 0.00764538 -0.522834
-0.00489859 0.00764538 -0.522835
-0.00472239 0.00764538 -0.522837
-0.00507479 0.00746918 -0.522833
-0.00489859 0.00746918 -0.522835
-0.00472239 0.00746918 -0.522836
-0.00507479 0.00729299 -0.522833
-0.00489859 0.00729299 -0.522834
-0.00472239 0.00729299 -0.522836
-0.00507479 0.00711679 -0.522833
-0.00489859 0.00711679 -0.522834
-0.00472239 0.00711679 -0.522835
-0.00507479 0.00694059 -0.522832
-0.00489859 0.00694059 -0.522834
-0.00472239 0.00694059 -0.522835
-0.00507479 0.00676439 -0.522832
-0.00489859 0.00676439 -0.522833
-0.00472239 0.00676439 -0.522834
-0.00507479 0.00658819 -0.522831
-0.00489859 0.00658819 -0.522833
-0.00472239 0.00658819 -0.522834
-0.00507479 0.00641199 -0.522831
-0.00489859 0.00641199 -0.522832
-0.00472239 0.00641199 -0.522834
-0.00507479 0.00623579 -0.522831
-0.00489859 0.00623579 -0.522832
-0.00472239 0.00623579 -0.522833
-0.00507479 0.00605959 -0.52283
-0.00489859 0.00605959 -0.522831
-0.00472239 0.00605959 -0.522833
-0.00507479 0.0058834 -0.52283
-0.00489859 0.0058834 -0.522831
-0.00472239 0.0058834 -0.522832
-0.00507479 0.0057072 -0.522829
-0.00489859 0.0057072 -0.522831
-0.00472239 0.0057072 -0.522832
-0.00507479 0.005531 -0.522829
-0.00489859 0.005531 -0.52283
-0.00472239 0.005531 -0.522832
-0.00507479 0.0053548 -0.522829
-0.00489859 0.0053548 -0.52283
-0.00472239 0.0053548 -0.522831
-0.00507479 0.0051786 -0.522828
-0.00489859 0.0051786 -0.522829
-0.00472239 0.0051786 -0.522831
-0.00507479 0.0050024 -0.522828
-0.00489859 0.0050024 -0.522829
-0.00472239 0.0050024 -0.52283
-0.00507479 0.0048262 -0.522827
-0.00489859 0.0048262 -0.522829
-0.00472239 0.0048262 -0.52283
-0.00507479 0.00465 -0.522827
-0.00489859 0.00465 -0.522828
-0.00472239 0.00465 -0.52283
-0.00507479 0.00447381 -0.522826
-0.00489859 0.00447381 -0.522828
-0.00472239 0.00447381 -0.522829
-0.00507479 0.00429761 -0.522826
-0.00489859 0.00429761 -0.522827
-0.00472239 0.00429761 -0.522829
-0.00507479 0.00412141 -0.522826
-0.00489859 0.00412141 -0.522827
-0.00472239 0.00412141 -0.522828
-0.00507479 0.00394521 -0.522825
-0.00489859 0.00394521 -0.522827
-0.00472239 0.00394521 -0.522828
-0.00507479 0.00376901 -0.522825
-0.00489859 0.00376901 -0.522826
-0.00472239 0.00376901 -0.522828
-0.00507479 0.00359281 -0.522824
-0.00489859 0.00359281 -0.522826
-0.00472239 0.00359281 -0.522827
-0.00507479 0.00341661 -0.522824
-0.00489859 0.00341661 -0.522825
-0.00472239 0.00341661 -0.522827
-0.00507479 0.00324041 -0.522824
-0.00489859 0.00324041 -0.522825
-0.00472239 0.00324041 -0.522826
-0.00507479 0.00306422 -0.522823
-0.00489859 0.00306422 -0.522825
-0.00472239 0.00306422 -0.522826
-0.00507479 0.00288802 -0.522823
-0.00489859 0.00288802 -0.522824
-0.00472239 0.00288802 -0.522826
-0.00507479 0.00271182 -0.522822
-0.00489859 0.00271182 -0.522824
-0.00472239 0.00271182 -0.522825
-0.00507479 0.00253562 -0.522822
-0.00489859 0.00253562 -0.522823
-0.00472239 0.00253562 -0.522825
-0.00507479 0.00235942 -0.522822
-0.00489859 0.00235942 -0.522823
-0.00472239 0.00235942 -0.522824
-0.00507479 0.00218322 -0.522821
-0.00489859 0.00218322 -0.522823
-0.00472239 0.00218322 -0.522824
-0.00507479 0.00200702 -0.522821
-0.00489859 0.00200702 -0.522822
-0.00472239 0.00200702 -0.522824
-0.00507479 0.00183082 -0.52282
-0.00489859 0.00183082 -0.522822
-0.00472239 0.00183082 -0.522823
-0.00507479 0.00165462 -0.52282
-0.00489859 0.00165462 -0.522821
-0.00472239 0.00165462 -0.522823
-0.00507479 0.00147843 -0.52282
-0.00489859 0.00147843 -0.522821
-0.00472239 0.00147843 -0.522822
-0.00507479 0.00130223 -0.522819
-0.00489859 0.00130223 -0.522821
-0.00472239 0.00130223 -0.522822
-0.00507479 0.00112603 -0.522819
-0.00489859 0.00112603 -0.52282
-0.00472239 0.00112603 -0.522822
-0.00507479 0.00094983 -0.522818
-0.00489859 0.00094983 -0.52282
-0.00472239 0.00094983 -0.522821
-0.00507479 0.000773631 -0.522818
-0.00489859 0.000773631 -0.522819
-0.00472239 0.000773631 -0.522821
-0.00507479 0.000597432 -0.522818
-0.00489859 0.000597432 -0.522819
-0.00472239 0.000597432 -0.52282
-0.00507479 0.000421233 -0.522817
-0.00489859 0.000421233 -0.522819
-0.00472239 0.000421233 -0.52282
-0.00507479 0.000245035 -0.522817
-0.00489859 0.000245035 -0.522818
-0.00472239 0.000245035 -0.52282
-0.00507479 6.88359e-05 -0.522816
-0.00489859 6.88359e-05 -0.522818
-0.00472239 6.88359e-05 -0.522819
-0.00507479 -0.000107363 -0.522816
-0.00489859 -0.000107363 -0.522817
-0.00472239 -0.000107363 -0.522819
-0.00507479 -0.000283562 -0.522816
-0.00489859 -0.000283562 -0.522817
-0.00472239 -0.000283562 -0.522818
-0.00507479 -0.00045976 -0.522815
-0.00489859 -0.00045976 -0.522817
-0.00472239 -0.00045976 -0.522818
-0.00507479 -0.000635959 -0.522815
-0.00489859 -0.000635959 -0.522816
-0.00472239 -0.000635959 -0.522817
-0.00507479 -0.000812158 -0.522814
-0.00489859 -0.000812158 -0.522816
-0.00472239 -0.000812158 -0.522817
-0.00507479 -0.000988357 -0.522814
-0.00489859 -0.000988357 -0.522815
-0.00472239 -0.000988357 -0.522817
-0.00507479 -0.00116456 -0.522814
-0.00489859 -0.00116456 -0.522815
-0.00472239 -0.00116456 -0.522816
-0.00507479 -0.00134075 -0.522813
-0.00489859 -0.00134075 -0.522815
-0.00472239 -0.00134075 -0.522816
-0.00507479 -0.00151695 -0.522813
-0.00489859 -0.00151695 -0.522814
-0.00472239 -0.00151695 -0.522815
-0.00507479 -0.00169315 -0.522812
-0.00489859 -0.00169315 -0.522814
-0.00472239 -0.00169315 -0.522815
-0.00507479 -0.00186935 -0.522812
-0.00489859 -0.00186935 -0.522813
-0.00472239 -0.00186935 -0.522815
-0.00507479 -0.00204555 -0.522812
-0.00489859 -0.00204555 -0.522813
-0.00472239 -0.00204555 -0.522814
-0.00507479 -0.00222175 -0.522811
-0.00489859 -0.00222175 -0.522812
-0.00472239 -0.00222175 -0.522814
-0.00507479 -0.00239795 -0.522811
-0.00489859 -0.00239795 -0.522812
-0.00472239 -0.00239795 -0.522813
-0.00507479 -0.00257415 -0.52281
-0.00489859 -0.00257415 -0.522812
-0.00472239 -0.00257415 -0.522813
-0.00507479 -0.00275034 -0.52281
-0.00489859 -0.00275034 -0.522811
-0.00472239 -0.00275034 -0.522813
-0.00507479 -0.00292654 -0.52281
-0.00489859 -0.00292654 -0.522811
-0.00472239 -0.00292654 -0.522812
-0.00507479 -0.00310274 -0.522809
-0.00489859 -0.00310274 -0.52281
-0.00472239 -0.00310274 -0.522812
-0.00507479 -0.00327894 -0.522809
-0.00489859 -0.00327894 -0.52281
-0.00472239 -0.00327894 -0.522811
-0.00507479 -0.00345514 -0.522808
-0.00489859 -0.00345514 -0.52281
-0.00472239 -0.00345514 -0.522811
-0.00507479 -0.00363134 -0.522808
-0.00489859 -0.00363134 -0.522809
-0.00472239 -0.00363134 -0.522811
-0.00507479 -0.00380754 -0.522807
-0.00489859 -0.00380754 -0.522809
-0.00472239 -0.00380754 -0.52281
-0.00507479 -0.00398374 -0.522807
-0.00489859 -0.00398374 -0.522808
-0.00472239 -0.00398374 -0.52281
-0.00507479 -0.00415993 -0.522807
-0.00489859 -0.00415993 -0.522808
-0.00472239 -0.00415993 -0.522809
-0.00507479 -0.00433613 -0.522806
-0.00489859 -0.00433613 -0.522808
-0.00472239 -0.00433613 -0.522809
-0.00507479 -0.00451233 -0.522806
-0.00489859 -0.00451233 -0.522807
-0.00472239 -0.00451233 -0.522809
-0.00507479 -0.00468853 -0.522805
-0.00489859 -0.00468853 -0.522807
-0.00472239 -0.00468853 -0.522808
-0.00507479 -0.00486473 -0.522805
-0.00489859 -0.00486473 -0.522806
-0.00472239 -0.00486473 -0.522808
-0.00507479 -0.00504093 -0.522805
-0.00489859 -0.00504093 -0.522806
-0.00472239 -0.00504093 -0.522807
-0.00507479 -0.00521713 -0.522804
-0.00489859 -0.00521713 -0.522806
-0.00472239 -0.00521713 -0.522807
-0.00507479 -0.00539333 -0.522804
-0.00489859 -0.00539333 -0.522805
-0.00472239 -0.00539333 -0.522807
-0.00507479 -0.00556953 -0.522803
-0.00489859 -0.00556953 -0.522805
-0.00472239 -0.00556953 -0.522806
-0.00507479 -0.00574572 -0.522803
-0.00489859 -0.00574572 -0.522804
-0.00472239 -0.00574572 -0.522806
-0.00507479 -0.00592192 -0.522803
-0.00489859 -0.00592192 -0.522804
-0.00472239 -0.00592192 -0.522805
-0.00507479 -0.00609812 -0.522802
-0.00489859 -0.00609812 -0.522804
-0.00472239 -0.00609812 -0.522805
-0.00507479 -0.00627432 -0.522802
-0.00489859 -0.00627432 -0.522803
-0.00472239 -0.00627432 -0.522804
-0.00507479 -0.00645052 -0.522801
-0.00489859 -0.00645052 -0.522803
-0.00472239 -0.00645052 -0.522804
-0.00507479 -0.00662672 -0.522801
-0.00489859 -0.00662672 -0.522802
-0.00472239 -0.00662672 -0.522804
-0.00507479 -0.00680292 -0.522801
-0.00489859 -0.00680292 -0.522802
-0.00472239 -0.00680292 -0.522803
-0.00507479 -0.00697912 -0.5228
-0.00489859 -0.00697912 -0.522802
-0.00472239 -0.00697912 -0.522803
-0.00507479 -0.00715531 -0.5228
-0.00489859 -0.00715531 -0.522801
-0.00472239 -0.00715531 -0.522802
-0.00507479 -0.00733151 -0.522799
-0.00489859 -0.00733151 -0.522801
-0.00472239 -0.00733151 -0.522802
-0.00507479 -0.00750771 -0.522799
-0.00489859 -0.00750771 -0.5228
-0.00472239 -0.00750771 -0.522802
-0.00507479 -0.00768391 -0.522799
-0.00489859 -0.00768391 -0.5228
-0.00472239 -0.00768391 -0.522801
-0.00507479 -0.00786011 -0.522798
-0.00489859 -0.00786011 -0.522799
-0.00472239 -0.00786011 -0.522801
-0.00507479 -0.00803631 -0.522798
-0.00489859 -0.00803631 -0.522799
-0.00472239 -0.00803631 -0.5228
-0.00507479 -0.00821251 -0.522797
-0.00489859 -0.00821251 -0.522799
-0.00472239 -0.00821251 -0.5228
-0.00507479 -0.00838871 -0.522797
-0.00489859 -0.00838871 -0.522798
-0.00472239 -0.00838871 -0.5228
-0.00507479 -0.0085649 -0.522797
-0.00489859 -0.0085649 -0.522798
-0.00472239 -0.0085649 -0.522799
-0.00507479 -0.0087411 -0.522796
-0.00489859 -0.0087411 -0.522797
-0.00472239 -0.0087411 -0.522799
-0.00507479 -0.0089173 -0.522796
-0.00489859 -0.0089173 -0.522797
-0.00472239 -0.0089173 -0.522798
-0.00507479 -0.0090935 -0.522795
-0.00489859 -0.0090935 -0.522797
-0.00472239 -0.0090935 -0.522798
-0.00507479 -0.0092697 -0.522795
-0.00489859 -0.0092697 -0.522796
-0.00472239 -0.0092697 -0.522798
-0.00507479 -0.0094459 -0.522794
-0.00489859 -0.0094459 -0.522796
-0.00472239 -0.0094459 -0.522797
-0.00507479 -0.0096221 -0.522794
-0.00489859 -0.0096221 -0.522795
-0.00472239 -0.0096221 -0.522797
-0.00507479 -0.0097983 -0.522794
-0.00489859 -0.0097983 -0.522795
-0.00472239 -0.0097983 -0.522796
-0.00507479 -0.00997449 -0.522793
-0.00489859 -0.00997449 -0.522795
-0.00472239 -0.00997449 -0.522796
-0.00507479 -0.0101507 -0.522793
-0.00489859 -0.0101507 -0.522794
-0.00472239 -0.0101507 -0.522796
