-0.00129416 -0.0395305 -0.655553
-0.00187857 -0.0395305 -0.655554
-0.00246299 -0.0395305 -0.655555
-0.00129416 -0.0389461 -0.655553
-0.00187857 -0.0389461 -0.655553
-0.00246299 -0.0389461 -0.655554
-0.00129416 -0.0383617 -0.655552
-0.00187857 -0.0383617 -0.655553
-0.00246299 -0.0383617 -0.655553
-0.00129416 -0.0377773 -0.655551
-0.00187857 -0.0377773 -0.655552
-0.00246299 -0.0377773 -0.655553
-0.00129416 -0.0371929 -0.655551
-0.00187857 -0.0371929 -0.655552
-0.00246299 -0.0371929 -0.655552
-0.00129416 -0.0366085 -0.65555
-0.00187857 -0.0366085 -0.655551
-0.00246299 -0.0366085 -0.655552
-0.00129416 -0.036024 -0.65555
-0.00187857 -0.036024 -0.65555
-0.00246299 -0.036024 -0.655551
-0.00129416 -0.0354396 -0.655549
-0.00187857 -0.0354396 -0.65555
-0.00246299 -0.0354396 -0.65555
-0.00129416 -0.0348552 -0.655548
-0.00187857 -0.0348552 -0.655549
-0.00246299 -0.0348552 -0.65555
-0.00129416 -0.0342708 -0.655548
-0.00187857 -0.0342708 -0.655549
-0.00246299 -0.0342708 -0.655549
-0.00129416 -0.0336864 -0.655547
-0.00187857 -0.0336864 -0.655548
-0.00246299 -0.0336864 -0.655549
-0.00129416 -0.033102 -0.655547
-0.00187857 -0.033102 -0.655547
-0.00246299 -0.033102 -0.655548
-0.00129416 -0.0325175 -0.655546
-0.00187857 -0.0325175 -0.655547
-0.00246299 -0.0325175 -0.655547
-0.00129416 -0.0319331 -0.655545
-0.00187857 -0.0319331 -0.655546
-0.00246299 -0.0319331 -0.655547
-0.00129416 -0.0313487 -0.655545
-0.00187857 -0.0313487 -0.655546
-0.00246299 -0.0313487 -0.655546
-0.00129416 -0.0307643 -0.655544
-0.00187857 -0.0307643 -0.655545
-0.00246299 -0.0307643 -0.655546
-0.00129416 -0.0301799 -0.655544
-0.00187857 -0.0301799 -0.655544
-0.00246299 -0.0301799 -0.655545
-0.00129416 -0.0295955 -0.655543
-0.00187857 -0.0295955 -0.655544
-0.00246299 -0.0295955 -0.655545
-0.00129416 -0.0290111 -0.655543
-0.00187857 -0.0290111 -0.655543
-0.00246299 -0.0290111 -0.655544
-0.00129416 -0.0284266 -0.655542
-0.00187857 -0.0284266 -0.655543
-0.00246299 -0.0284266 -0.655543
-0.00129416 -0.0278422 -0.655541
-0.00187857 -0.0278422 -0.655542
-0.00246299 -0.0278422 -0.655543
-0.00129416 -0.0272578 -0.655541
-0.00187857 -0.0272578 -0.655541
-0.00246299 -0.0272578 -0.655542
-0.00129416 -0.0266734 -0.65554
-0.00187857 -0.0266734 -0.655541
-0.00246299 -0.0266734 -0.655542
-0.00129416 -0.026089 -0.65554
-0.00187857 -0.026089 -0.65554
-0.00246299 -0.026089 -0.655541
-0.00129416 -0.0255046 -0.655539
-0.00187857 -0.0255046 -0.65554
-0.00246299 -0.0255046 -0.65554
-0.00129416 -0.0249201 -0.655538
-0.00187857 -0.0249201 -0.655539
-0.00246299 -0.0249201 -0.65554
-0.00129416 -0.0243357 -0.655538
-0.00187857 -0.0243357 -0.655538
-0.00246299 -0.0243357 -0.655539
-0.00129416 -0.0237513 -0.655537
-0.00187857 -0.0237513 -0.655538
-0.00246299 -0.0237513 -0.655539
-0.00129416 -0.0231669 -0.655537
-0.00187857 -0.0231669 -0.655537
-0.00246299 -0.0231669 -0.655538
-0.00129416 -0.0225825 -0.655536
-0.00187857 -0.0225825 -0.655537
-0.00246299 -0.0225825 -0.655537
-0.00129416 -0.0219981 -0.655535
-0.00187857 -0.0219981 -0.655536
-0.00246299 -0.0219981 -0.655537
-0.00129416 -0.0214137 -0.655535
-0.00187857 -0.0214137 -0.655536
-0.00246299 -0.0214137 -0.655536
-0.00129416 -0.0208292 -0.655534
-0.00187857 -0.0208292 -0.655535
-0.00246299 -0.0208292 -0.655536
-0.00129416 -0.0202448 -0.655534
-0.00187857 -0.0202448 -0.655534
-0.00246299 -0.0202448 -0.655535
-0.00129416 -0.0196604 -0.655533
-0.00187857 -0.0196604 -0.655534
-0.00246299 -0.0196604 -0.655534
-0.00129416 -0.019076 -0.655532
-0.00187857 -0.019076 -0.655533
-0.00246299 -0.019076 -0.655534
-0.00129416 -0.0184916 -0.655532
-0.00187857 -0.0184916 -0.655533
-0.00246299 -0.0184916 -0.655533
-0.00129416 -0.0179072 -0.655531
-0.00187857 -0.0179072 -0.655532
-0.00246299 -0.0179072 -0.655533
-0.00129416 -0.0173227 -0.655531
-0.00187857 -0.0173227 -0.655531
-0.00246299 -0.0173227 -0.655532
-0.00129416 -0.0167383 -0.65553
-0.00187857 -0.0167383 -0.655531
-0.00246299 -0.0167383 -0.655531
-0.00129416 -0.0161539 -0.655529
-0.00187857 -0.0161539 -0.65553
-0.00246299 -0.0161539 -0.655531
-0.00129416 -0.0155695 -0.655529
-0.00187857 -0.0155695 -0.65553
-0.00246299 -0.0155695 -0.65553
-0.00129416 -0.0149851 -0.655528
-0.00187857 -0.0149851 -0.655529
-0.00246299 -0.0149851 -0.65553
-0.00129416 -0.0144007 -0.655528
-0.00187857 -0.0144007 -0.655528
-0.00246299 -0.0144007 -0.655529
-0.00129416 -0.0138163 -0.655527
-0.00187857 -0.0138163 -0.655528
-0.00246299 -0.0138163 -0.655528
-0.00129416 -0.0132318 -0.655527
-0.00187857 -0.0132318 -0.655527
-0.00246299 -0.0132318 -0.655528
-0.00129416 -0.0126474 -0.655526
-0.00187857 -0.0126474 -0.655527
-0.00246299 -0.0126474 -0.655527
-0.00129416 -0.012063 -0.655525
-0.00187857 -0.012063 -0.655526
-0.00246299 -0.012063 -0.655527
-0.00129416 -0.0114786 -0.655525
-0.00187857 -0.0114786 -0.655525
-0.00246299 -0.0114786 -0.655526
-0.00129416 -0.0108942 -0.655524
-0.00187857 -0.0108942 -0.655525
-0.00246299 -0.0108942 -0.655526
-0.00129416 -0.0103098 -0.655524
-0.00187857 -0.0103098 -0.655524
-0.00246299 -0.0103098 -0.655525
-0.00129416 -0.00972534 -0.655523
-0.00187857 -0.00972534 -0.655524
-0.00246299 -0.00972534 -0.655524
-0.00129416 -0.00914093 -0.655522
-0.00187857 -0.00914093 -0.655523
-0.00246299 -0.00914093 -0.655524
-0.00129416 -0.00855651 -0.655522
-0.00187857 -0.00855651 -0.655522
-0.00246299 -0.00855651 -0.655523
-0.00129416 -0.0079721 -0.655521
-0.00187857 -0.0079721 -0.655522
-0.00246299 -0.0079721 -0.655523
-0.00129416 -0.00738768 -0.655521
-0.00187857 -0.00738768 -0.655521
-0.00246299 -0.00738768 -0.655522
-0.00129416 -0.00680326 -0.65552
-0.00187857 -0.00680326 -0.655521
-0.00246299 -0.00680326 -0.655521
-0.00129416 -0.00621885 -0.655519
-0.00187857 -0.00621885 -0.65552
-0.00246299 -0.00621885 -0.655521
-0.00129416 -0.00563443 -0.655519
-0.00187857 -0.00563443 -0.655519
-0.00246299 -0.00563443 -0.65552
-0.00129416 -0.00505002 -0.655518
-0.00187857 -0.00505002 -0.655519
-0.00246299 -0.00505002 -0.65552
-0.00129416 -0.0044656 -0.655518
-0.00187857 -0.0044656 -0.655518
-0.00246299 -0.0044656 -0.655519
-0.00129416 -0.00388119 -0.655517
-0.00187857 -0.00388119 -0.655518
-0.00246299 -0.00388119 -0.655518
-0.00129416 -0.00329677 -0.655516
-0.00187857 -0.00329677 -0.655517
-0.00246299 -0.00329677 -0.655518
-0.00129416 -0.00271236 -0.655516
-0.00187857 -0.00271236 -0.655517
-0.00246299 -0.00271236 -0.655517
-0.00129416 -0.00212794 -0.655515
-0.00187857 -0.00212794 -0.655516
-0.00246299 -0.00212794 -0.655517
-0.00129416 -0.00154352 -0.655515
-0.00187857 -0.00154352 -0.655515
-0.00246299 -0.00154352 -0.655516
-0.00129416 -0.000959109 -0.655514
-0.00187857 -0.000959109 -0.655515
-0.00246299 -0.000959109 -0.655515
-0.00129416 -0.000374693 -0.655513
-0.00187857 -0.000374693 -0.655514
-0.00246299 -0.000374693 -0.655515
-0.00129416 0.000209722 -0.655513
-0.00187857 0.000209722 -0.655514
-0.00246299 0.000209722 -0.655514
-0.00129416 0.000794138 -0.655512
-0.00187857 0.000794138 -0.655513
-0.00246299 0.000794138 -0.655514
-0.00129416 0.00137855 -0.655512
-0.00187857 0.00137855 -0.655512
-0.00246299 0.00137855 -0.655513
-0.00129416 0.00196297 -0.655511
-0.00187857 0.00196297 -0.655512
-0.00246299 0.00196297 -0.655512
-0.00129416 0.00254738 -0.65551
-0.00187857 0.00254738 -0.655511
-0.00246299 0.00254738 -0.655512
-0.00129416 0.0031318 -0.65551
-0.00187857 0.0031318 -0.655511
-0.00246299 0.0031318 -0.655511
-0.00129416 0.00371622 -0.655509
-0.00187857 0.00371622 -0.65551
-0.00246299 0.00371622 -0.655511
-0.00129416 0.00430063 -0.655509
-0.00187857 0.00430063 -0.655509
-0.00246299 0.00430063 -0.65551
-0.00129416 0.00488505 -0.655508
-0.00187857 0.00488505 -0.655509
-0.00246299 0.00488505 -0.655509
-0.00129416 0.00546946 -0.655508
-0.00187857 0.00546946 -0.655508
-0.00246299 0.00546946 -0.655509
-0.00129416 0.00605388 -0.655507
-0.00187857 0.00605388 -0.655508
-0.00246299 0.00605388 -0.655508
-0.00129416 0.00663829 -0.655506
-0.00187857 0.00663829 -0.655507
-0.00246299 0.00663829 -0.655508
-0.00129416 0.00722271 -0.655506
-0.00187857 0.00722271 -0.655506
-0.00246299 0.00722271 -0.655507
-0.00129416 0.00780712 -0.655505
-0.00187857 0.00780712 -0.655506
-0.00246299 0.00780712 -0.655507
-0.00129416 0.00839154 -0.655505
-0.00187857 0.00839154 -0.655505
-0.00246299 0.00839154 -0.655506
-0.00129416 0.00897595 -0.655504
-0.00187857 0.00897595 -0.655505
-0.00246299 0.00897595 -0.655505
-0.00129416 0.00956037 -0.655503
-0.00187857 0.00956037 -0.655504
-0.00246299 0.00956037 -0.655505
-0.00129416 0.0101448 -0.655503
-0.00187857 0.0101448 -0.655503
-0.00246299 0.0101448 -0.655504
-0.00129416 0.0107292 -0.655502
-0.00187857 0.0107292 -0.655503
-0.00246299 0.0107292 -0.655504
-0.00129416 0.0113136 -0.655502
-0.00187857 0.0113136 -0.655502
-0.00246299 0.0113136 -0.655503
-0.00129416 0.011898 -0.655501
-0.00187857 0.011898 -0.655502
-0.00246299 0.011898 -0.655502
-0.00129416 0.0124824 -0.6555
-0.00187857 0.0124824 -0.655501
-0.00246299 0.0124824 -0.655502
-0.00129416 0.0130669 -0.6555
-0.00187857 0.0130669 -0.6555
-0.00246299 0.0130669 -0.655501
-0.00129416 0.0136513 -0.655499
-0.00187857 0.0136513 -0.6555
-0.00246299 0.0136513 -0.655501
-0.00129416 0.0142357 -0.655499
-0.00187857 0.0142357 -0.655499
-0.00246299 0.0142357 -0.6555
-0.00129416 0.0148201 -0.655498
-0.00187857 0.0148201 -0.655499
-0.00246299 0.0148201 -0.655499
-0.00129416 0.0154045 -0.655497
-0.00187857 0.0154045 -0.655498
-0.00246299 0.0154045 -0.655499
-0.00129416 0.0159889 -0.655497
-0.00187857 0.0159889 -0.655498
-0.00246299 0.0159889 -0.655498
-0.00129416 0.0165734 -0.655496
-0.00187857 0.0165734 -0.655497
-0.00246299 0.0165734 -0.655498
-0.00129416 0.0171578 -0.655496
-0.00187857 0.0171578 -0.655496
-0.00246299 0.0171578 -0.655497
-0.00129416 0.0177422 -0.655495
-0.00187857 0.0177422 -0.655496
-0.00246299 0.0177422 -0.655496
-0.00129416 0.0183266 -0.655494
-0.00187857 0.0183266 -0.655495
-0.00246299 0.0183266 -0.655496
-0.00129416 0.018911 -0.655494
-0.00187857 0.018911 -0.655495
-0.00246299 0.018911 -0.655495
-0.00129416 0.0194954 -0.655493
-0.00187857 0.0194954 -0.655494
-0.00246299 0.0194954 -0.655495
-0.00129416 0.0200798 -0.655493
-0.00187857 0.0200798 -0.655493
-0.00246299 0.0200798 -0.655494
-0.00129416 0.0206643 -0.655492
-0.00187857 0.0206643 -0.655493
-0.00246299 0.0206643 -0.655493
-0.00129416 0.0212487 -0.655492
-0.00187857 0.0212487 -0.655492
-0.00246299 0.0212487 -0.655493
-0.00129416 0.0218331 -0.655491
-0.00187857 0.0218331 -0.655492
-0.00246299 0.0218331 -0.655492
-0.00129416 0.0224175 -0.65549
-0.00187857 0.0224175 -0.655491
-0.00246299 0.0224175 -0.655492
-0.00129416 0.0230019 -0.65549
-0.00187857 0.0230019 -0.65549
-0.00246299 0.0230019 -0.655491
-0.00129416 0.0235863 -0.655489
-0.00187857 0.0235863 -0.65549
-0.00246299 0.0235863 -0.655491
-0.00129416 0.0241708 -0.655489
-0.00187857 0.0241708 -0.655489
-0.00246299 0.0241708 -0.65549
-0.00129416 0.0247552 -0.655488
-0.00187857 0.0247552 -0.655489
-0.00246299 0.0247552 -0.655489
