-0.00272484 -0.00163468 -0.478837
-0.00305962 -0.00163468 -0.478838
-0.00339441 -0.00163468 -0.478839
-0.00272484 -0.00129989 -0.478836
-0.00305962 -0.00129989 -0.478837
-0.00339441 -0.00129989 -0.478838
-0.00272484 -0.000965112 -0.478835
-0.00305962 -0.000965112 -0.478836
-0.00339441 -0.000965112 -0.478837
-0.00272484 -0.000630329 -0.478834
-0.00305962 -0.000630329 -0.478835
-0.00339441 -0.000630329 -0.478837
-0.00272484 -0.000295546 -0.478833
-0.00305962 -0.000295546 -0.478834
-0.00339441 -0.000295546 -0.478836
-0.00272484 3.92371e-05 -0.478832
-0.00305962 3.92371e-05 -0.478834
-0.00339441 3.92371e-05 -0.478835
-0.00272484 0.00037402 -0.478831
-0.00305962 0.00037402 -0.478833
-0.00339441 0.00037402 -0.478834
-0.00272484 0.000708803 -0.478831
-0.00305962 0.000708803 -0.478832
-0.00339441 0.000708803 -0.478833
-0.00272484 0.00104359 -0.47883
-0.00305962 0.00104359 -0.478831
-0.00339441 0.00104359 -0.478832
-0.00272484 0.00137837 -0.478829
-0.00305962 0.00137837 -0.47883
-0.00339441 0.00137837 -0.478831
-0.00272484 0.00171315 -0.478828
-0.00305962 0.00171315 -0.478829
-0.00339441 0.00171315 -0.47883
-0.00272484 0.00204794 -0.478827
-0.00305962 0.00204794 -0.478828
-0.00339441 0.00204794 -0.47883
-0.00272484 0.00238272 -0.478826
-0.00305962 0.00238272 -0.478827
-0.00339441 0.00238272 -0.478829
-0.00272484 0.0027175 -0.478825
-0.00305962 0.0027175 -0.478827
-0.00339441 0.0027175 -0.478828
-0.00272484 0.00305228 -0.478824
-0.00305962 0.00305228 -0.478826
-0.00339441 0.00305228 -0.478827
-0.00272484 0.00338707 -0.478824
-0.00305962 0.00338707 -0.478825
-0.00339441 0.00338707 -0.478826
-0.00272484 0.00372185 -0.478823
-0.00305962 0.00372185 -0.478824
-0.00339441 0.00372185 -0.478825
-0.00272484 0.00405663 -0.478822
-0.00305962 0.00405663 -0.478823
-0.00339441 0.00405663 -0.478824
-0.00272484 0.00439142 -0.478821
-0.00305962 0.00439142 -0.478822
-0.00339441 0.00439142 -0.478823
-0.00272484 0.0047262 -0.47882
-0.00305962 0.0047262 -0.478821
-0.00339441 0.0047262 -0.478823
-0.00272484 0.00506098 -0.478819
-0.00305962 0.00506098 -0.47882
-0.00339441 0.00506098 -0.478822
-0.00272484 0.00539576 -0.478818
-0.00305962 0.00539576 -0.47882
-0.00339441 0.00539576 -0.478821
-0.00272484 0.00573055 -0.478817
-0.00305962 0.00573055 -0.478819
-0.00339441 0.00573055 -0.47882
-0.00272484 0.00606533 -0.478817
-0.00305962 0.00606533 -0.478818
-0.00339441 0.00606533 -0.478819
-0.00272484 0.00640011 -0.478816
-0.00305962 0.00640011 -0.478817
-0.00339441 0.00640011 -0.478818
-0.00272484 0.0067349 -0.478815
-0.00305962 0.0067349 -0.478816
-0.00339441 0.0067349 -0.478817
-0.00272484 0.00706968 -0.478814
-0.00305962 0.00706968 -0.478815
-0.00339441 0.00706968 -0.478816
-0.00272484 0.00740446 -0.478813
-0.00305962 0.00740446 -0.478814
-0.00339441 0.00740446 -0.478816
-0.00272484 0.00773925 -0.478812
-0.00305962 0.00773925 -0.478813
-0.00339441 0.00773925 -0.478815
-0.00272484 0.00807403 -0.478811
-0.00305962 0.00807403 -0.478813
-0.00339441 0.00807403 -0.478814
-0.00272484 0.00840881 -0.47881
-0.00305962 0.00840881 -0.478812
-0.00339441 0.00840881 -0.478813
-0.00272484 0.00874359 -0.47881
-0.00305962 0.00874359 -0.478811
-0.00339441 0.00874359 -0.478812
-0.00272484 0.00907838 -0.478809
-0.00305962 0.00907838 -0.47881
-0.00339441 0.00907838 -0.478811
-0.00272484 0.00941316 -0.478808
-0.00305962 0.00941316 -0.478809
-0.00339441 0.00941316 -0.47881
-0.00272484 0.00974794 -0.478807
-0.00305962 0.00974794 -0.478808
-0.00339441 0.00974794 -0.478809
-0.00272484 0.0100827 -0.478806
-0.00305962 0.0100827 -0.478807
-0.00339441 0.0100827 -0.478809
-0.00272484 0.0104175 -0.478805
-0.00305962 0.0104175 -0.478806
-0.00339441 0.0104175 -0.478808
-0.00272484 0.0107523 -0.478804
-0.00305962 0.0107523 -0.478806
-0.00339441 0.0107523 -0.478807
-0.00272484 0.0110871 -0.478803
-0.00305962 0.0110871 -0.478805
-0.00339441 0.0110871 -0.478806
-0.00272484 0.0114219 -0.478803
-0.00305962 0.0114219 -0.478804
-0.00339441 0.0114219 -0.478805
-0.00272484 0.0117566 -0.478802
-0.00305962 0.0117566 -0.478803
-0.00339441 0.0117566 -0.478804
-0.00272484 0.0120914 -0.478801
-0.00305962 0.0120914 -0.478802
-0.00339441 0.0120914 -0.478803
-0.00272484 0.0124262 -0.4788
-0.00305962 0.0124262 -0.478801
-0.00339441 0.0124262 -0.478802
-0.00272484 0.012761 -0.478799
-0.00305962 0.012761 -0.4788
-0.00339441 0.012761 -0.478802
-0.00272484 0.0130958 -0.478798
-0.00305962 0.0130958 -0.478799
-0.00339441 0.0130958 -0.478801
-0.00272484 0.0134306 -0.478797
-0.00305962 0.0134306 -0.478799
-0.00339441 0.0134306 -0.4788
-0.00272484 0.0137653 -0.478796
-0.00305962 0.0137653 -0.478798
-0.00339441 0.0137653 -0.478799
-0.00272484 0.0141001 -0.478795
-0.00305962 0.0141001 -0.478797
-0.00339441 0.0141001 -0.478798
-0.00272484 0.0144349 -0.478795
-0.00305962 0.0144349 -0.478796
-0.00339441 0.0144349 -0.478797
-0.00272484 0.0147697 -0.478794
-0.00305962 0.0147697 -0.478795
-0.00339441 0.0147697 -0.478796
-0.00272484 0.0151045 -0.478793
-0.00305962 0.0151045 -0.478794
-0.00339441 0.0151045 -0.478795
-0.00272484 0.0154393 -0.478792
-0.00305962 0.0154393 -0.478793
-0.00339441 0.0154393 -0.478795
-0.00272484 0.015774 -0.478791
-0.00305962 0.015774 -0.478792
-0.00339441 0.015774 -0.478794
-0.00272484 0.0161088 -0.47879
-0.00305962 0.0161088 -0.478792
-0.00339441 0.0161088 -0.478793
-0.00272484 0.0164436 -0.478789
-0.00305962 0.0164436 -0.478791
-0.00339441 0.0164436 -0.478792
-0.00272484 0.0167784 -0.478788
-0.00305962 0.0167784 -0.47879
-0.00339441 0.0167784 -0.478791
-0.00272484 0.0171132 -0.478788
-0.00305962 0.0171132 -0.478789
-0.00339441 0.0171132 -0.47879
-0.00272484 0.017448 -0.478787
-0.00305962 0.017448 -0.478788
-0.00339441 0.017448 -0.478789
-0.00272484 0.0177827 -0.478786
-0.00305962 0.0177827 -0.478787
-0.00339441 0.0177827 -0.478788
-0.00272484 0.0181175 -0.478785
-0.00305962 0.0181175 -0.478786
-0.00339441 0.0181175 -0.478788
-0.00272484 0.0184523 -0.478784
-0.00305962 0.0184523 -0.478785
-0.00339441 0.0184523 -0.478787
-0.00272484 0.0187871 -0.478783
-0.00305962 0.0187871 -0.478785
-0.00339441 0.0187871 -0.478786
-0.00272484 0.0191219 -0.478782
-0.00305962 0.0191219 -0.478784
-0.00339441 0.0191219 -0.478785
-0.00272484 0.0194566 -0.478781
-0.00305962 0.0194566 -0.478783
-0.00339441 0.0194566 -0.478784
-0.00272484 0.0197914 -0.478781
-0.00305962 0.0197914 -0.478782
-0.00339441 0.0197914 -0.478783
-0.00272484 0.0201262 -0.47878
-0.00305962 0.0201262 -0.478781
-0.00339441 0.0201262 -0.478782
-0.00272484 0.020461 -0.478779
-0.00305962 0.020461 -0.47878
-0.00339441 0.020461 -0.478781
-0.00272484 0.0207958 -0.478778
-0.00305962 0.0207958 -0.478779
-0.00339441 0.0207958 -0.478781
-0.00272484 0.0211306 -0.478777
-0.00305962 0.0211306 -0.478778
-0.00339441 0.0211306 -0.47878
-0.00272484 0.0214653 -0.478776
-0.00305962 0.0214653 -0.478778
-0.00339441 0.0214653 -0.478779
-0.00272484 0.0218001 -0.478775
-0.00305962 0.0218001 -0.478777
-0.00339441 0.0218001 -0.478778
-0.00272484 0.0221349 -0.478774
-0.00305962 0.0221349 -0.478776
-0.00339441 0.0221349 -0.478777
-0.00272484 0.0224697 -0.478774
-0.00305962 0.0224697 -0.478775
-0.00339441 0.0224697 -0.478776
-0.00272484 0.0228045 -0.478773
-0.00305962 0.0228045 -0.478774
-0.00339441 0.0228045 -0.478775
-0.00272484 0.0231393 -0.478772
-0.00305962 0.0231393 -0.478773
-0.00339441 0.0231393 -0.478774
-0.00272484 0.023474 -0.478771
-0.00305962 0.023474 -0.478772
-0.00339441 0.023474 -0.478774
-0.00272484 0.0238088 -0.47877
-0.00305962 0.0238088 -0.478771
-0.00339441 0.0238088 -0.478773
-0.00272484 0.0241436 -0.478769
-0.00305962 0.0241436 -0.478771
-0.00339441 0.0241436 -0.478772
-0.00272484 0.0244784 -0.478768
-0.00305962 0.0244784 -0.47877
-0.00339441 0.0244784 -0.478771
-0.00272484 0.0248132 -0.478767
-0.00305962 0.0248132 -0.478769
-0.00339441 0.0248132 -0.47877
-0.00272484 0.025148 -0.478767
-0.00305962 0.025148 -0.478768
-0.00339441 0.025148 -0.478769
-0.00272484 0.0254827 -0.478766
-0.00305962 0.0254827 -0.478767
-0.00339441 0.0254827 -0.478768
-0.00272484 0.0258175 -0.478765
-0.00305962 0.0258175 -0.478766
-0.00339441 0.0258175 -0.478767
-0.00272484 0.0261523 -0.478764
-0.00305962 0.0261523 -0.478765
-0.00339441 0.0261523 -0.478767
-0.00272484 0.0264871 -0.478763
-0.00305962 0.0264871 -0.478764
-0.00339441 0.0264871 -0.478766
-0.00272484 0.0268219 -0.478762
-0.00305962 0.0268219 -0.478764
-0.00339441 0.0268219 -0.478765
-0.00272484 0.0271567 -0.478761
-0.00305962 0.0271567 -0.478763
-0.00339441 0.0271567 -0.478764
-0.00272484 0.0274914 -0.47876
-0.00305962 0.0274914 -0.478762
-0.00339441 0.0274914 -0.478763
-0.00272484 0.0278262 -0.47876
-0.00305962 0.0278262 -0.478761
-0.00339441 0.0278262 -0.478762
-0.00272484 0.028161 -0.478759
-0.00305962 0.028161 -0.47876
-0.00339441 0.028161 -0.478761
-0.00272484 0.0284958 -0.478758
-0.00305962 0.0284958 -0.478759
-0.00339441 0.0284958 -0.47876
-0.00272484 0.0288306 -0.478757
-0.00305962 0.0288306 -0.478758
-0.00339441 0.0288306 -0.47876
-0.00272484 0.0291654 -0.478756
-0.00305962 0.0291654 -0.478757
-0.00339441 0.0291654 -0.478759
-0.00272484 0.0295001 -0.478755
-0.00305962 0.0295001 -0.478757
-0.00339441 0.0295001 -0.478758
-0.00272484 0.0298349 -0.478754
-0.00305962 0.0298349 -0.478756
-0.00339441 0.0298349 -0.478757
-0.00272484 0.0301697 -0.478753
-0.00305962 0.0301697 -0.478755
-0.00339441 0.0301697 -0.478756
-0.00272484 0.0305045 -0.478753
-0.00305962 0.0305045 -0.478754
-0.00339441 0.0305045 -0.478755
-0.00272484 0.0308393 -0.478752
-0.00305962 0.0308393 -0.478753
-0.00339441 0.0308393 -0.478754
-0.00272484 0.0311741 -0.478751
-0.00305962 0.0311741 -0.478752
-0.00339441 0.0311741 -0.478753
-0.00272484 0.0315088 -0.47875
-0.00305962 0.0315088 -0.478751
-0.00339441 0.0315088 -0.478753
-0.00272484 0.0318436 -0.478749
-0.00305962 0.0318436 -0.47875
-0.00339441 0.0318436 -0.478752
-0.00272484 0.0321784 -0.478748
-0.00305962 0.0321784 -0.47875
-0.00339441 0.0321784 -0.478751
-0.00272484 0.0325132 -0.478747
-0.00305962 0.0325132 -0.478749
-0.00339441 0.0325132 -0.47875
-0.00272484 0.032848 -0.478746
-0.00305962 0.032848 -0.478748
-0.00339441 0.032848 -0.478749
-0.00272484 0.0331828 -0.478746
-0.00305962 0.0331828 -0.478747
-0.00339441 0.0331828 -0.478748
-0.00272484 0.0335175 -0.478745
-0.00305962 0.0335175 -0.478746
-0.00339441 0.0335175 -0.478747
-0.00272484 0.0338523 -0.478744
-0.00305962 0.0338523 -0.478745
-0.00339441 0.0338523 -0.478746
-0.00272484 0.0341871 -0.478743
-0.00305962 0.0341871 -0.478744
-0.00339441 0.0341871 -0.478746
-0.00272484 0.0345219 -0.478742
-0.00305962 0.0345219 -0.478743
-0.00339441 0.0345219 -0.478745
-0.00272484 0.0348567 -0.478741
-0.00305962 0.0348567 -0.478743
-0.00339441 0.0348567 -0.478744
-0.00272484 0.0351915 -0.47874
-0.00305962 0.0351915 -0.478742
-0.00339441 0.0351915 -0.478743
