-0.0115728 0.0116705 -0.80516
-0.0115428 0.0116705 -0.805164
-0.0115129 0.0116705 -0.805167
-0.0115728 0.0116406 -0.805161
-0.0115428 0.0116406 -0.805164
-0.0115129 0.0116406 -0.805168
-0.0115728 0.0116106 -0.805161
-0.0115428 0.0116106 -0.805165
-0.0115129 0.0116106 -0.805169
-0.0115728 0.0115806 -0.805162
-0.0115428 0.0115806 -0.805166
-0.0115129 0.0115806 -0.80517
-0.0115728 0.0115507 -0.805163
-0.0115428 0.0115507 -0.805166
-0.0115129 0.0115507 -0.80517
-0.0115728 0.0115207 -0.805163
-0.0115428 0.0115207 -0.805167
-0.0115129 0.0115207 -0.805171
-0.0115728 0.0114908 -0.805164
-0.0115428 0.0114908 -0.805168
-0.0115129 0.0114908 -0.805172
-0.0115728 0.0114608 -0.805165
-0.0115428 0.0114608 -0.805169
-0.0115129 0.0114608 -0.805172
-0.0115728 0.0114309 -0.805165
-0.0115428 0.0114309 -0.805169
-0.0115129 0.0114309 -0.805173
-0.0115728 0.0114009 -0.805166
-0.0115428 0.0114009 -0.80517
-0.0115129 0.0114009 -0.805174
-0.0115728 0.0113709 -0.805167
-0.0115428 0.0113709 -0.805171
-0.0115129 0.0113709 -0.805174
-0.0115728 0.011341 -0.805167
-0.0115428 0.011341 -0.805171
-0.0115129 0.011341 -0.805175
-0.0115728 0.011311 -0.805168
-0.0115428 0.011311 -0.805172
-0.0115129 0.011311 -0.805176
-0.0115728 0.0112811 -0.805169
-0.0115428 0.0112811 -0.805173
-0.0115129 0.0112811 -0.805176
-0.0115728 0.0112511 -0.80517
-0.0115428 0.0112511 -0.805173
-0.0115129 0.0112511 -0.805177
-0.0115728 0.0112212 -0.80517
-0.0115428 0.0112212 -0.805174
-0.0115129 0.0112212 -0.805178
-0.0115728 0.0111912 -0.805171
-0.0115428 0.0111912 -0.805175
-0.0115129 0.0111912 -0.805178
-0.0115728 0.0111613 -0.805172
-0.0115428 0.0111613 -0.805175
-0.0115129 0.0111613 -0.805179
-0.0115728 0.0111313 -0.805172
-0.0115428 0.0111313 -0.805176
-0.0115129 0.0111313 -0.80518
-0.0115728 0.0111013 -0.805173
-0.0115428 0.0111013 -0.805177
-0.0115129 0.0111013 -0.80518
-0.0115728 0.0110714 -0.805174
-0.0115428 0.0110714 -0.805177
-0.0115129 0.0110714 -0.805181
-0.0115728 0.0110414 -0.805174
-0.0115428 0.0110414 -0.805178
-0.0115129 0.0110414 -0.805182
-0.0115728 0.0110115 -0.805175
-0.0115428 0.0110115 -0.805179
-0.0115129 0.0110115 -0.805183
-0.0115728 0.0109815 -0.805176
-0.0115428 0.0109815 -0.80518
-0.0115129 0.0109815 -0.805183
-0.0115728 0.0109516 -0.805176
-0.0115428 0.0109516 -0.80518
-0.0115129 0.0109516 -0.805184
-0.0115728 0.0109216 -0.805177
-0.0115428 0.0109216 -0.805181
-0.0115129 0.0109216 -0.805185
-0.0115728 0.0108916 -0.805178
-0.0115428 0.0108916 -0.805182
-0.0115129 0.0108916 -0.805185
-0.0115728 0.0108617 -0.805179
-0.0115428 0.0108617 -0.805182
-0.0115129 0.0108617 -0.805186
-0.0115728 0.0108317 -0.805179
-0.0115428 0.0108317 -0.805183
-0.0115129 0.0108317 -0.805187
-0.0115728 0.0108018 -0.80518
-0.0115428 0.0108018 -0.805184
-0.0115129 0.0108018 -0.805187
-0.0115728 0.0107718 -0.805181
-0.0115428 0.0107718 -0.805184
-0.0115129 0.0107718 -0.805188
-0.0115728 0.0107419 -0.805181
-0.0115428 0.0107419 -0.805185
-0.0115129 0.0107419 -0.805189
-0.0115728 0.0107119 -0.805182
-0.0115428 0.0107119 -0.805186
-0.0115129 0.0107119 -0.805189
-0.0115728 0.0106819 -0.805183
-0.0115428 0.0106819 -0.805186
-0.0115129 0.0106819 -0.80519
-0.0115728 0.010652 -0.805183
-0.0115428 0.010652 -0.805187
-0.0115129 0.010652 -0.805191
-0.0115728 0.010622 -0.805184
-0.0115428 0.010622 -0.805188
-0.0115129 0.010622 -0.805192
-0.0115728 0.0105921 -0.805185
-0.0115428 0.0105921 -0.805188
-0.0115129 0.0105921 -0.805192
-0.0115728 0.0105621 -0.805185
-0.0115428 0.0105621 -0.805189
-0.0115129 0.0105621 -0.805193
-0.0115728 0.0105322 -0.805186
-0.0115428 0.0105322 -0.80519
-0.0115129 0.0105322 -0.805194
-0.0115728 0.0105022 -0.805187
-0.0115428 0.0105022 -0.805191
-0.0115129 0.0105022 -0.805194
-0.0115728 0.0104722 -0.805187
-0.0115428 0.0104722 -0.805191
-0.0115129 0.0104722 -0.805195
-0.0115728 0.0104423 -0.805188
-0.0115428 0.0104423 -0.805192
-0.0115129 0.0104423 -0.805196
-0.0115728 0.0104123 -0.805189
-0.0115428 0.0104123 -0.805193
-0.0115129 0.0104123 -0.805196
-0.0115728 0.0103824 -0.80519
-0.0115428 0.0103824 -0.805193
-0.0115129 0.0103824 -0.805197
-0.0115728 0.0103524 -0.80519
-0.0115428 0.0103524 -0.805194
-0.0115129 0.0103524 -0.805198
-0.0115728 0.0103225 -0.805191
-0.0115428 0.0103225 -0.805195
-0.0115129 0.0103225 -0.805198
-0.0115728 0.0102925 -0.805192
-0.0115428 0.0102925 -0.805195
-0.0115129 0.0102925 -0.805199
-0.0115728 0.0102625 -0.805192
-0.0115428 0.0102625 -0.805196
-0.0115129 0.0102625 -0.8052
-0.0115728 0.0102326 -0.805193
-0.0115428 0.0102326 -0.805197
-0.0115129 0.0102326 -0.8052
-0.0115728 0.0102026 -0.805194
-0.0115428 0.0102026 -0.805197
-0.0115129 0.0102026 -0.805201
-0.0115728 0.0101727 -0.805194
-0.0115428 0.0101727 -0.805198
-0.0115129 0.0101727 -0.805202
-0.0115728 0.0101427 -0.805195
-0.0115428 0.0101427 -0.805199
-0.0115129 0.0101427 -0.805203
-0.0115728 0.0101128 -0.805196
-0.0115428 0.0101128 -0.805199
-0.0115129 0.0101128 -0.805203
-0.0115728 0.0100828 -0.805196
-0.0115428 0.0100828 -0.8052
-0.0115129 0.0100828 -0.805204
-0.0115728 0.0100529 -0.805197
-0.0115428 0.0100529 -0.805201
-0.0115129 0.0100529 -0.805205
-0.0115728 0.0100229 -0.805198
-0.0115428 0.0100229 -0.805202
-0.0115129 0.0100229 -0.805205
-0.0115728 0.00999294 -0.805198
-0.0115428 0.00999294 -0.805202
-0.0115129 0.00999294 -0.805206
-0.0115728 0.00996298 -0.805199
-0.0115428 0.00996298 -0.805203
-0.0115129 0.00996298 -0.805207
-0.0115728 0.00993302 -0.8052
-0.0115428 0.00993302 -0.805204
-0.0115129 0.00993302 -0.805207
-0.0115728 0.00990307 -0.805201
-0.0115428 0.00990307 -0.805204
-0.0115129 0.00990307 -0.805208
-0.0115728 0.00987311 -0.805201
-0.0115428 0.00987311 -0.805205
-0.0115129 0.00987311 -0.805209
-0.0115728 0.00984315 -0.805202
-0.0115428 0.00984315 -0.805206
-0.0115129 0.00984315 -0.805209
-0.0115728 0.0098132 -0.805203
-0.0115428 0.0098132 -0.805206
-0.0115129 0.0098132 -0.80521
-0.0115728 0.00978324 -0.805203
-0.0115428 0.00978324 -0.805207
-0.0115129 0.00978324 -0.805211
-0.0115728 0.00975328 -0.805204
-0.0115428 0.00975328 -0.805208
-0.0115129 0.00975328 -0.805211
-0.0115728 0.00972333 -0.805205
-0.0115428 0.00972333 -0.805208
-0.0115129 0.00972333 -0.805212
-0.0115728 0.00969337 -0.805205
-0.0115428 0.00969337 -0.805209
-0.0115129 0.00969337 -0.805213
-0.0115728 0.00966341 -0.805206
-0.0115428 0.00966341 -0.80521
-0.0115129 0.00966341 -0.805214
-0.0115728 0.00963346 -0.805207
-0.0115428 0.00963346 -0.80521
-0.0115129 0.00963346 -0.805214
-0.0115728 0.0096035 -0.805207
-0.0115428 0.0096035 -0.805211
-0.0115129 0.0096035 -0.805215
-0.0115728 0.00957354 -0.805208
-0.0115428 0.00957354 -0.805212
-0.0115129 0.00957354 -0.805216
-0.0115728 0.00954359 -0.805209
-0.0115428 0.00954359 -0.805213
-0.0115129 0.00954359 -0.805216
-0.0115728 0.00951363 -0.805209
-0.0115428 0.00951363 -0.805213
-0.0115129 0.00951363 -0.805217
-0.0115728 0.00948367 -0.80521
-0.0115428 0.00948367 -0.805214
-0.0115129 0.00948367 -0.805218
-0.0115728 0.00945371 -0.805211
-0.0115428 0.00945371 -0.805215
-0.0115129 0.00945371 -0.805218
-0.0115728 0.00942376 -0.805212
-0.0115428 0.00942376 -0.805215
-0.0115129 0.00942376 -0.805219
-0.0115728 0.0093938 -0.805212
-0.0115428 0.0093938 -0.805216
-0.0115129 0.0093938 -0.80522
-0.0115728 0.00936384 -0.805213
-0.0115428 0.00936384 -0.805217
-0.0115129 0.00936384 -0.80522
-0.0115728 0.00933389 -0.805214
-0.0115428 0.00933389 -0.805217
-0.0115129 0.00933389 -0.805221
-0.0115728 0.00930393 -0.805214
-0.0115428 0.00930393 -0.805218
-0.0115129 0.00930393 -0.805222
-0.0115728 0.00927397 -0.805215
-0.0115428 0.00927397 -0.805219
-0.0115129 0.00927397 -0.805223
-0.0115728 0.00924402 -0.805216
-0.0115428 0.00924402 -0.805219
-0.0115129 0.00924402 -0.805223
-0.0115728 0.00921406 -0.805216
-0.0115428 0.00921406 -0.80522
-0.0115129 0.00921406 -0.805224
-0.0115728 0.0091841 -0.805217
-0.0115428 0.0091841 -0.805221
-0.0115129 0.0091841 -0.805225
-0.0115728 0.00915415 -0.805218
-0.0115428 0.00915415 -0.805221
-0.0115129 0.00915415 -0.805225
-0.0115728 0.00912419 -0.805218
-0.0115428 0.00912419 -0.805222
-0.0115129 0.00912419 -0.805226
-0.0115728 0.00909423 -0.805219
-0.0115428 0.00909423 -0.805223
-0.0115129 0.00909423 -0.805227
-0.0115728 0.00906428 -0.80522
-0.0115428 0.00906428 -0.805224
-0.0115129 0.00906428 -0.805227
-0.0115728 0.00903432 -0.80522
-0.0115428 0.00903432 -0.805224
-0.0115129 0.00903432 -0.805228
-0.0115728 0.00900436 -0.805221
-0.0115428 0.00900436 -0.805225
-0.0115129 0.00900436 -0.805229
-0.0115728 0.00897441 -0.805222
-0.0115428 0.00897441 -0.805226
-0.0115129 0.00897441 -0.805229
-0.0115728 0.00894445 -0.805223
-0.0115428 0.00894445 -0.805226
-0.0115129 0.00894445 -0.80523
-0.0115728 0.00891449 -0.805223
-0.0115428 0.00891449 -0.805227
-0.0115129 0.00891449 -0.805231
-0.0115728 0.00888454 -0.805224
-0.0115428 0.00888454 -0.805228
-0.0115129 0.00888454 -0.805231
-0.0115728 0.00885458 -0.805225
-0.0115428 0.00885458 -0.805228
-0.0115129 0.00885458 -0.805232
-0.0115728 0.00882462 -0.805225
-0.0115428 0.00882462 -0.805229
-0.0115129 0.00882462 -0.805233
-0.0115728 0.00879467 -0.805226
-0.0115428 0.00879467 -0.80523
-0.0115129 0.00879467 -0.805233
-0.0115728 0.00876471 -0.805227
-0.0115428 0.00876471 -0.80523
-0.0115129 0.00876471 -0.805234
-0.0115728 0.00873475 -0.805227
-0.0115428 0.00873475 -0.805231
-0.0115129 0.00873475 -0.805235
-0.0115728 0.0087048 -0.805228
-0.0115428 0.0087048 -0.805232
-0.0115129 0.0087048 -0.805236
-0.0115728 0.00867484 -0.805229
-0.0115428 0.00867484 -0.805232
-0.0115129 0.00867484 -0.805236
-0.0115728 0.00864488 -0.805229
-0.0115428 0.00864488 -0.805233
-0.0115129 0.00864488 -0.805237
-0.0115728 0.00861493 -0.80523
-0.0115428 0.00861493 -0.805234
-0.0115129 0.00861493 -0.805238
-0.0115728 0.00858497 -0.805231
-0.0115428 0.00858497 -0.805235
-0.0115129 0.00858497 -0.805238
-0.0115728 0.00855501 -0.805232
-0.0115428 0.00855501 -0.805235
-0.0115129 0.00855501 -0.805239
-0.0115728 0.00852505 -0.805232
-0.0115428 0.00852505 -0.805236
-0.0115129 0.00852505 -0.80524
-0.0115728 0.0084951 -0.805233
-0.0115428 0.0084951 -0.805237
-0.0115129 0.0084951 -0.80524
-0.0115728 0.00846514 -0.805234
-0.0115428 0.00846514 -0.805237
-0.0115129 0.00846514 -0.805241
-0.0115728 0.00843519 -0.805234
-0.0115428 0.00843519 -0.805238
-0.0115129 0.00843519 -0.805242
-0.0115728 0.00840523 -0.805235
-0.0115428 0.00840523 -0.805239
-0.0115129 0.00840523 -0.805242
-0.0115728 0.00837527 -0.805236
-0.0115428 0.00837527 -0.805239
-0.0115129 0.00837527 -0.805243
