0.000372692 -0.000585189 -0.909471
0.000174677 -0.000585189 -0.909475
-2.33391e-05 -0.000585189 -0.909479
0.000372692 -0.000387174 -0.909471
0.000174677 -0.000387174 -0.909475
-2.33391e-05 -0.000387174 -0.909479
0.000372692 -0.000189158 -0.909471
0.000174677 -0.000189158 -0.909475
-2.33391e-05 -0.000189158 -0.909479
0.000372692 8.85797e-06 -0.909471
0.000174677 8.85797e-06 -0.909475
-2.33391e-05 8.85797e-06 -0.909479
0.000372692 0.000206874 -0.909471
0.000174677 0.000206874 -0.909476
-2.33391e-05 0.000206874 -0.90948
0.000372692 0.000404889 -0.909472
0.000174677 0.000404889 -0.909476
-2.33391e-05 0.000404889 -0.90948
0.000372692 0.000602905 -0.909472
0.000174677 0.000602905 -0.909476
-2.33391e-05 0.000602905 -0.90948
0.000372692 0.000800921 -0.909472
0.000174677 0.000800921 -0.909476
-2.33391e-05 0.000800921 -0.90948
0.000372692 0.000998937 -0.909472
0.000174677 0.000998937 -0.909476
-2.33391e-05 0.000998937 -0.90948
0.000372692 0.00119695 -0.909472
0.000174677 0.00119695 -0.909476
-2.33391e-05 0.00119695 -0.909481
0.000372692 0.00139497 -0.909472
0.000174677 0.00139497 -0.909477
-2.33391e-05 0.00139497 -0.909481
0.000372692 0.00159298 -0.909473
0.000174677 0.00159298 -0.909477
-2.33391e-05 0.00159298 -0.909481
0.000372692 0.001791 -0.909473
0.000174677 0.001791 -0.909477
-2.33391e-05 0.001791 -0.909481
0.000372692 0.00198902 -0.909473
0.000174677 0.00198902 -0.909477
-2.33391e-05 0.00198902 -0.909481
0.000372692 0.00218703 -0.909473
0.000174677 0.00218703 -0.909477
-2.33391e-05 0.00218703 -0.909481
0.000372692 0.00238505 -0.909473
0.000174677 0.00238505 -0.909478
-2.33391e-05 0.00238505 -0.909482
0.000372692 0.00258306 -0.909474
0.000174677 0.00258306 -0.909478
-2.33391e-05 0.00258306 -0.909482
0.000372692 0.00278108 -0.909474
0.000174677 0.00278108 -0.909478
-2.33391e-05 0.00278108 -0.909482
0.000372692 0.00297909 -0.909474
0.000174677 0.00297909 -0.909478
-2.33391e-05 0.00297909 -0.909482
0.000372692 0.00317711 -0.909474
0.000174677 0.00317711 -0.909478
-2.33391e-05 0.00317711 -0.909482
0.000372692 0.00337513 -0.909474
0.000174677 0.00337513 -0.909478
-2.33391e-05 0.00337513 -0.909483
0.000372692 0.00357314 -0.909474
0.000174677 0.00357314 -0.909479
-2.33391e-05 0.00357314 -0.909483
0.000372692 0.00377116 -0.909475
0.000174677 0.00377116 -0.909479
-2.33391e-05 0.00377116 -0.909483
0.000372692 0.00396917 -0.909475
0.000174677 0.00396917 -0.909479
-2.33391e-05 0.00396917 -0.909483
0.000372692 0.00416719 -0.909475
0.000174677 0.00416719 -0.909479
-2.33391e-05 0.00416719 -0.909483
0.000372692 0.0043652 -0.909475
0.000174677 0.0043652 -0.909479
-2.33391e-05 0.0043652 -0.909483
0.000372692 0.00456322 -0.909475
0.000174677 0.00456322 -0.909479
-2.33391e-05 0.00456322 -0.909484
0.000372692 0.00476124 -0.909476
0.000174677 0.00476124 -0.90948
-2.33391e-05 0.00476124 -0.909484
0.000372692 0.00495925 -0.909476
0.000174677 0.00495925 -0.90948
-2.33391e-05 0.00495925 -0.909484
0.000372692 0.00515727 -0.909476
0.000174677 0.00515727 -0.90948
-2.33391e-05 0.00515727 -0.909484
0.000372692 0.00535528 -0.909476
0.000174677 0.00535528 -0.90948
-2.33391e-05 0.00535528 -0.909484
0.000372692 0.0055533 -0.909476
0.000174677 0.0055533 -0.90948
-2.33391e-05 0.0055533 -0.909485
0.000372692 0.00575131 -0.909476
0.000174677 0.00575131 -0.909481
-2.33391e-05 0.00575131 -0.909485
0.000372692 0.00594933 -0.909477
0.000174677 0.00594933 -0.909481
-2.33391e-05 0.00594933 -0.909485
0.000372692 0.00614735 -0.909477
0.000174677 0.00614735 -0.909481
-2.33391e-05 0.00614735 -0.909485
0.000372692 0.00634536 -0.909477
0.000174677 0.00634536 -0.909481
-2.33391e-05 0.00634536 -0.909485
0.000372692 0.00654338 -0.909477
0.000174677 0.00654338 -0.909481
-2.33391e-05 0.00654338 -0.909485
0.000372692 0.00674139 -0.909477
0.000174677 0.00674139 -0.909482
-2.33391e-05 0.00674139 -0.909486
0.000372692 0.00693941 -0.909478
0.000174677 0.00693941 -0.909482
-2.33391e-05 0.00693941 -0.909486
0.000372692 0.00713742 -0.909478
0.000174677 0.00713742 -0.909482
-2.33391e-05 0.00713742 -0.909486
0.000372692 0.00733544 -0.909478
0.000174677 0.00733544 -0.909482
-2.33391e-05 0.00733544 -0.909486
0.000372692 0.00753346 -0.909478
0.000174677 0.00753346 -0.909482
-2.33391e-05 0.00753346 -0.909486
0.000372692 0.00773147 -0.909478
0.000174677 0.00773147 -0.909482
-2.33391e-05 0.00773147 -0.909487
0.000372692 0.00792949 -0.909478
0.000174677 0.00792949 -0.909483
-2.33391e-05 0.00792949 -0.909487
0.000372692 0.0081275 -0.909479
0.000174677 0.0081275 -0.909483
-2.33391e-05 0.0081275 -0.909487
0.000372692 0.00832552 -0.909479
0.000174677 0.00832552 -0.909483
-2.33391e-05 0.00832552 -0.909487
0.000372692 0.00852353 -0.909479
0.000174677 0.00852353 -0.909483
-2.33391e-05 0.00852353 -0.909487
0.000372692 0.00872155 -0.909479
0.000174677 0.00872155 -0.909483
-2.33391e-05 0.00872155 -0.909487
0.000372692 0.00891957 -0.909479
0.000174677 0.00891957 -0.909484
-2.33391e-05 0.00891957 -0.909488
0.000372692 0.00911758 -0.90948
0.000174677 0.00911758 -0.909484
-2.33391e-05 0.00911758 -0.909488
0.000372692 0.0093156 -0.90948
0.000174677 0.0093156 -0.909484
-2.33391e-05 0.0093156 -0.909488
0.000372692 0.00951361 -0.90948
0.000174677 0.00951361 -0.909484
-2.33391e-05 0.00951361 -0.909488
0.000372692 0.00971163 -0.90948
0.000174677 0.00971163 -0.909484
-2.33391e-05 0.00971163 -0.909488
0.000372692 0.00990965 -0.90948
0.000174677 0.00990965 -0.909484
-2.33391e-05 0.00990965 -0.909489
0.000372692 0.0101077 -0.909481
0.000174677 0.0101077 -0.909485
-2.33391e-05 0.0101077 -0.909489
0.000372692 0.0103057 -0.909481
0.000174677 0.0103057 -0.909485
-2.33391e-05 0.0103057 -0.909489
0.000372692 0.0105037 -0.909481
0.000174677 0.0105037 -0.909485
-2.33391e-05 0.0105037 -0.909489
0.000372692 0.0107017 -0.909481
0.000174677 0.0107017 -0.909485
-2.33391e-05 0.0107017 -0.909489
0.000372692 0.0108997 -0.909481
0.000174677 0.0108997 -0.909485
-2.33391e-05 0.0108997 -0.90949
0.000372692 0.0110977 -0.909481
0.000174677 0.0110977 -0.909486
-2.33391e-05 0.0110977 -0.90949
0.000372692 0.0112958 -0.909482
0.000174677 0.0112958 -0.909486
-2.33391e-05 0.0112958 -0.90949
0.000372692 0.0114938 -0.909482
0.000174677 0.0114938 -0.909486
-2.33391e-05 0.0114938 -0.90949
0.000372692 0.0116918 -0.909482
0.000174677 0.0116918 -0.909486
-2.33391e-05 0.0116918 -0.90949
0.000372692 0.0118898 -0.909482
0.000174677 0.0118898 -0.909486
-2.33391e-05 0.0118898 -0.90949
0.000372692 0.0120878 -0.909482
0.000174677 0.0120878 -0.909486
-2.33391e-05 0.0120878 -0.909491
0.000372692 0.0122858 -0.909482
0.000174677 0.0122858 -0.909487
-2.33391e-05 0.0122858 -0.909491
0.000372692 0.0124839 -0.909483
0.000174677 0.0124839 -0.909487
-2.33391e-05 0.0124839 -0.909491
0.000372692 0.0126819 -0.909483
0.000174677 0.0126819 -0.909487
-2.33391e-05 0.0126819 -0.909491
0.000372692 0.0128799 -0.909483
0.000174677 0.0128799 -0.909487
-2.33391e-05 0.0128799 -0.909491
0.000372692 0.0130779 -0.909483
0.000174677 0.0130779 -0.909487
-2.33391e-05 0.0130779 -0.909491
0.000372692 0.0132759 -0.909483
0.000174677 0.0132759 -0.909488
-2.33391e-05 0.0132759 -0.909492
0.000372692 0.0134739 -0.909484
0.000174677 0.0134739 -0.909488
-2.33391e-05 0.0134739 -0.909492
0.000372692 0.0136719 -0.909484
0.000174677 0.0136719 -0.909488
-2.33391e-05 0.0136719 -0.909492
0.000372692 0.01387 -0.909484
0.000174677 0.01387 -0.909488
-2.33391e-05 0.01387 -0.909492
0.000372692 0.014068 -0.909484
0.000174677 0.014068 -0.909488
-2.33391e-05 0.014068 -0.909492
0.000372692 0.014266 -0.909484
0.000174677 0.014266 -0.909488
-2.33391e-05 0.014266 -0.909493
0.000372692 0.014464 -0.909485
0.000174677 0.014464 -0.909489
-2.33391e-05 0.014464 -0.909493
0.000372692 0.014662 -0.909485
0.000174677 0.014662 -0.909489
-2.33391e-05 0.014662 -0.909493
0.000372692 0.01486 -0.909485
0.000174677 0.01486 -0.909489
-2.33391e-05 0.01486 -0.909493
0.000372692 0.0150581 -0.909485
0.000174677 0.0150581 -0.909489
-2.33391e-05 0.0150581 -0.909493
0.000372692 0.0152561 -0.909485
0.000174677 0.0152561 -0.909489
-2.33391e-05 0.0152561 -0.909494
0.000372692 0.0154541 -0.909485
0.000174677 0.0154541 -0.90949
-2.33391e-05 0.0154541 -0.909494
0.000372692 0.0156521 -0.909486
0.000174677 0.0156521 -0.90949
-2.33391e-05 0.0156521 -0.909494
0.000372692 0.0158501 -0.909486
0.000174677 0.0158501 -0.90949
-2.33391e-05 0.0158501 -0.909494
0.000372692 0.0160481 -0.909486
0.000174677 0.0160481 -0.90949
-2.33391e-05 0.0160481 -0.909494
0.000372692 0.0162461 -0.909486
0.000174677 0.0162461 -0.90949
-2.33391e-05 0.0162461 -0.909494
0.000372692 0.0164442 -0.909486
0.000174677 0.0164442 -0.90949
-2.33391e-05 0.0164442 -0.909495
0.000372692 0.0166422 -0.909487
0.000174677 0.0166422 -0.909491
-2.33391e-05 0.0166422 -0.909495
0.000372692 0.0168402 -0.909487
0.000174677 0.0168402 -0.909491
-2.33391e-05 0.0168402 -0.909495
0.000372692 0.0170382 -0.909487
0.000174677 0.0170382 -0.909491
-2.33391e-05 0.0170382 -0.909495
0.000372692 0.0172362 -0.909487
0.000174677 0.0172362 -0.909491
-2.33391e-05 0.0172362 -0.909495
0.000372692 0.0174342 -0.909487
0.000174677 0.0174342 -0.909491
-2.33391e-05 0.0174342 -0.909496
0.000372692 0.0176323 -0.909487
0.000174677 0.0176323 -0.909492
-2.33391e-05 0.0176323 -0.909496
0.000372692 0.0178303 -0.909488
0.000174677 0.0178303 -0.909492
-2.33391e-05 0.0178303 -0.909496
0.000372692 0.0180283 -0.909488
0.000174677 0.0180283 -0.909492
-2.33391e-05 0.0180283 -0.909496
0.000372692 0.0182263 -0.909488
0.000174677 0.0182263 -0.909492
-2.33391e-05 0.0182263 -0.909496
0.000372692 0.0184243 -0.909488
0.000174677 0.0184243 -0.909492
-2.33391e-05 0.0184243 -0.909496
0.000372692 0.0186223 -0.909488
0.000174677 0.0186223 -0.909492
-2.33391e-05 0.0186223 -0.909497
0.000372692 0.0188204 -0.909488
0.000174677 0.0188204 -0.909493
-2.33391e-05 0.0188204 -0.909497
0.000372692 0.0190184 -0.909489
0.000174677 0.0190184 -0.909493
-2.33391e-05 0.0190184 -0.909497
0.000372692 0.0192164 -0.909489
0.000174677 0.0192164 -0.909493
-2.33391e-05 0.0192164 -0.909497
0.000372692 0.0194144 -0.909489
0.000174677 0.0194144 -0.909493
-2.33391e-05 0.0194144 -0.909497
0.000372692 0.0196124 -0.909489
0.000174677 0.0196124 -0.909493
-2.33391e-05 0.0196124 -0.909497
0.000372692 0.0198104 -0.909489
0.000174677 0.0198104 -0.909494
-2.33391e-05 0.0198104 -0.909498
0.000372692 0.0200084 -0.90949
0.000174677 0.0200084 -0.909494
-2.33391e-05 0.0200084 -0.909498
0.000372692 0.0202065 -0.90949
0.000174677 0.0202065 -0.909494
-2.33391e-05 0.0202065 -0.909498
0.000372692 0.0204045 -0.90949
0.000174677 0.0204045 -0.909494
-2.33391e-05 0.0204045 -0.909498
0.000372692 0.0206025 -0.90949
0.000174677 0.0206025 -0.909494
-2.33391e-05 0.0206025 -0.909498
0.000372692 0.0208005 -0.90949
0.000174677 0.0208005 -0.909494
-2.33391e-05 0.0208005 -0.909499
0.000372692 0.0209985 -0.909491
0.000174677 0.0209985 -0.909495
-2.33391e-05 0.0209985 -0.909499
0.000372692 0.0211965 -0.909491
0.000174677 0.0211965 -0.909495
-2.33391e-05 0.0211965 -0.909499
