0.00355214 -0.0180729 -0.669924
0.00367322 -0.0180729 -0.669925
0.00379431 -0.0180729 -0.669925
0.00355214 -0.018194 -0.669924
0.00367322 -0.018194 -0.669924
0.00379431 -0.018194 -0.669924
0.00355214 -0.0183151 -0.669923
0.00367322 -0.0183151 -0.669923
0.00379431 -0.0183151 -0.669924
0.00355214 -0.0184362 -0.669922
0.00367322 -0.0184362 -0.669923
0.00379431 -0.0184362 -0.669923
0.00355214 -0.0185572 -0.669922
0.00367322 -0.0185572 -0.669922
0.00379431 -0.0185572 -0.669922
0.00355214 -0.0186783 -0.669921
0.00367322 -0.0186783 -0.669921
0.00379431 -0.0186783 -0.669922
0.00355214 -0.0187994 -0.66992
0.00367322 -0.0187994 -0.669921
0.00379431 -0.0187994 -0.669921
0.00355214 -0.0189205 -0.66992
0.00367322 -0.0189205 -0.66992
0.00379431 -0.0189205 -0.66992
0.00355214 -0.0190416 -0.669919
0.00367322 -0.0190416 -0.669919
0.00379431 -0.0190416 -0.66992
0.00355214 -0.0191627 -0.669918
0.00367322 -0.0191627 -0.669919
0.00379431 -0.0191627 -0.669919
0.00355214 -0.0192837 -0.669918
0.00367322 -0.0192837 -0.669918
0.00379431 -0.0192837 -0.669918
0.00355214 -0.0194048 -0.669917
0.00367322 -0.0194048 -0.669917
0.00379431 -0.0194048 -0.669917
0.00355214 -0.0195259 -0.669916
0.00367322 -0.0195259 -0.669916
0.00379431 -0.0195259 -0.669917
0.00355214 -0.019647 -0.669915
0.00367322 -0.019647 -0.669916
0.00379431 -0.019647 -0.669916
0.00355214 -0.0197681 -0.669915
0.00367322 -0.0197681 -0.669915
0.00379431 -0.0197681 -0.669915
0.00355214 -0.0198891 -0.669914
0.00367322 -0.0198891 -0.669914
0.00379431 -0.0198891 -0.669915
0.00355214 -0.0200102 -0.669913
0.00367322 -0.0200102 -0.669914
0.00379431 -0.0200102 -0.669914
0.00355214 -0.0201313 -0.669913
0.00367322 -0.0201313 -0.669913
0.00379431 -0.0201313 -0.669913
0.00355214 -0.0202524 -0.669912
0.00367322 -0.0202524 -0.669912
0.00379431 -0.0202524 -0.669913
0.00355214 -0.0203735 -0.669911
0.00367322 -0.0203735 -0.669912
0.00379431 -0.0203735 -0.669912
0.00355214 -0.0204946 -0.669911
0.00367322 -0.0204946 -0.669911
0.00379431 -0.0204946 -0.669911
0.00355214 -0.0206156 -0.66991
0.00367322 -0.0206156 -0.66991
0.00379431 -0.0206156 -0.66991
0.00355214 -0.0207367 -0.669909
0.00367322 -0.0207367 -0.669909
0.00379431 -0.0207367 -0.66991
0.00355214 -0.0208578 -0.669908
0.00367322 -0.0208578 -0.669909
0.00379431 -0.0208578 -0.669909
0.00355214 -0.0209789 -0.669908
0.00367322 -0.0209789 -0.669908
0.00379431 -0.0209789 -0.669908
0.00355214 -0.0211 -0.669907
0.00367322 -0.0211 -0.669907
0.00379431 -0.0211 -0.669908
0.00355214 -0.021221 -0.669906
0.00367322 -0.021221 -0.669907
0.00379431 -0.021221 -0.669907
0.00355214 -0.0213421 -0.669906
0.00367322 -0.0213421 -0.669906
0.00379431 -0.0213421 -0.669906
0.00355214 -0.0214632 -0.669905
0.00367322 -0.0214632 -0.669905
0.00379431 -0.0214632 -0.669906
0.00355214 -0.0215843 -0.669904
0.00367322 -0.0215843 -0.669905
0.00379431 -0.0215843 -0.669905
0.00355214 -0.0217054 -0.669904
0.00367322 -0.0217054 -0.669904
0.00379431 -0.0217054 -0.669904
0.00355214 -0.0218265 -0.669903
0.00367322 -0.0218265 -0.669903
0.00379431 -0.0218265 -0.669904
0.00355214 -0.0219475 -0.669902
0.00367322 -0.0219475 -0.669903
0.00379431 -0.0219475 -0.669903
0.00355214 -0.0220686 -0.669902
0.00367322 -0.0220686 -0.669902
0.00379431 -0.0220686 -0.669902
0.00355214 -0.0221897 -0.669901
0.00367322 -0.0221897 -0.669901
0.00379431 -0.0221897 -0.669901
0.00355214 -0.0223108 -0.6699
0.00367322 -0.0223108 -0.6699
0.00379431 -0.0223108 -0.669901
0.00355214 -0.0224319 -0.669899
0.00367322 -0.0224319 -0.6699
0.00379431 -0.0224319 -0.6699
0.00355214 -0.022553 -0.669899
0.00367322 -0.022553 -0.669899
0.00379431 -0.022553 -0.669899
0.00355214 -0.022674 -0.669898
0.00367322 -0.022674 -0.669898
0.00379431 -0.022674 -0.669899
0.00355214 -0.0227951 -0.669897
0.00367322 -0.0227951 -0.669898
0.00379431 -0.0227951 -0.669898
0.00355214 -0.0229162 -0.669897
0.00367322 -0.0229162 -0.669897
0.00379431 -0.0229162 -0.669897
0.00355214 -0.0230373 -0.669896
0.00367322 -0.0230373 -0.669896
0.00379431 -0.0230373 -0.669897
0.00355214 -0.0231584 -0.669895
0.00367322 -0.0231584 -0.669896
0.00379431 -0.0231584 -0.669896
0.00355214 -0.0232794 -0.669895
0.00367322 -0.0232794 -0.669895
0.00379431 -0.0232794 -0.669895
0.00355214 -0.0234005 -0.669894
0.00367322 -0.0234005 -0.669894
0.00379431 -0.0234005 -0.669894
0.00355214 -0.0235216 -0.669893
0.00367322 -0.0235216 -0.669893
0.00379431 -0.0235216 -0.669894
0.00355214 -0.0236427 -0.669892
0.00367322 -0.0236427 -0.669893
0.00379431 -0.0236427 -0.669893
0.00355214 -0.0237638 -0.669892
0.00367322 -0.0237638 -0.669892
0.00379431 -0.0237638 -0.669892
0.00355214 -0.0238849 -0.669891
0.00367322 -0.0238849 -0.669891
0.00379431 -0.0238849 -0.669892
0.00355214 -0.0240059 -0.66989
0.00367322 -0.0240059 -0.669891
0.00379431 -0.0240059 -0.669891
0.00355214 -0.024127 -0.66989
0.00367322 -0.024127 -0.66989
0.00379431 -0.024127 -0.66989
0.00355214 -0.0242481 -0.669889
0.00367322 -0.0242481 -0.669889
0.00379431 -0.0242481 -0.66989
0.00355214 -0.0243692 -0.669888
0.00367322 -0.0243692 -0.669889
0.00379431 -0.0243692 -0.669889
0.00355214 -0.0244903 -0.669888
0.00367322 -0.0244903 -0.669888
0.00379431 -0.0244903 -0.669888
0.00355214 -0.0246113 -0.669887
0.00367322 -0.0246113 -0.669887
0.00379431 -0.0246113 -0.669887
0.00355214 -0.0247324 -0.669886
0.00367322 -0.0247324 -0.669887
0.00379431 -0.0247324 -0.669887
0.00355214 -0.0248535 -0.669886
0.00367322 -0.0248535 -0.669886
0.00379431 -0.0248535 -0.669886
0.00355214 -0.0249746 -0.669885
0.00367322 -0.0249746 -0.669885
0.00379431 -0.0249746 -0.669885
0.00355214 -0.0250957 -0.669884
0.00367322 -0.0250957 -0.669884
0.00379431 -0.0250957 -0.669885
0.00355214 -0.0252168 -0.669883
0.00367322 -0.0252168 -0.669884
0.00379431 -0.0252168 -0.669884
0.00355214 -0.0253378 -0.669883
0.00367322 -0.0253378 -0.669883
0.00379431 -0.0253378 -0.669883
0.00355214 -0.0254589 -0.669882
0.00367322 -0.0254589 -0.669882
0.00379431 -0.0254589 -0.669883
0.00355214 -0.02558 -0.669881
0.00367322 -0.02558 -0.669882
0.00379431 -0.02558 -0.669882
0.00355214 -0.0257011 -0.669881
0.00367322 -0.0257011 -0.669881
0.00379431 -0.0257011 -0.669881
0.00355214 -0.0258222 -0.66988
0.00367322 -0.0258222 -0.66988
0.00379431 -0.0258222 -0.669881
0.00355214 -0.0259433 -0.669879
0.00367322 -0.0259433 -0.66988
0.00379431 -0.0259433 -0.66988
0.00355214 -0.0260643 -0.669879
0.00367322 -0.0260643 -0.669879
0.00379431 -0.0260643 -0.669879
0.00355214 -0.0261854 -0.669878
0.00367322 -0.0261854 -0.669878
0.00379431 -0.0261854 -0.669878
0.00355214 -0.0263065 -0.669877
0.00367322 -0.0263065 -0.669877
0.00379431 -0.0263065 -0.669878
0.00355214 -0.0264276 -0.669876
0.00367322 -0.0264276 -0.669877
0.00379431 -0.0264276 -0.669877
0.00355214 -0.0265487 -0.669876
0.00367322 -0.0265487 -0.669876
0.00379431 -0.0265487 -0.669876
0.00355214 -0.0266697 -0.669875
0.00367322 -0.0266697 -0.669875
0.00379431 -0.0266697 -0.669876
0.00355214 -0.0267908 -0.669874
0.00367322 -0.0267908 -0.669875
0.00379431 -0.0267908 -0.669875
0.00355214 -0.0269119 -0.669874
0.00367322 -0.0269119 -0.669874
0.00379431 -0.0269119 -0.669874
0.00355214 -0.027033 -0.669873
0.00367322 -0.027033 -0.669873
0.00379431 -0.027033 -0.669874
0.00355214 -0.0271541 -0.669872
0.00367322 -0.0271541 -0.669873
0.00379431 -0.0271541 -0.669873
0.00355214 -0.0272752 -0.669872
0.00367322 -0.0272752 -0.669872
0.00379431 -0.0272752 -0.669872
0.00355214 -0.0273962 -0.669871
0.00367322 -0.0273962 -0.669871
0.00379431 -0.0273962 -0.669872
0.00355214 -0.0275173 -0.66987
0.00367322 -0.0275173 -0.66987
0.00379431 -0.0275173 -0.669871
0.00355214 -0.0276384 -0.669869
0.00367322 -0.0276384 -0.66987
0.00379431 -0.0276384 -0.66987
0.00355214 -0.0277595 -0.669869
0.00367322 -0.0277595 -0.669869
0.00379431 -0.0277595 -0.669869
0.00355214 -0.0278806 -0.669868
0.00367322 -0.0278806 -0.669868
0.00379431 -0.0278806 -0.669869
0.00355214 -0.0280016 -0.669867
0.00367322 -0.0280016 -0.669868
0.00379431 -0.0280016 -0.669868
0.00355214 -0.0281227 -0.669867
0.00367322 -0.0281227 -0.669867
0.00379431 -0.0281227 -0.669867
0.00355214 -0.0282438 -0.669866
0.00367322 -0.0282438 -0.669866
0.00379431 -0.0282438 -0.669867
0.00355214 -0.0283649 -0.669865
0.00367322 -0.0283649 -0.669866
0.00379431 -0.0283649 -0.669866
0.00355214 -0.028486 -0.669865
0.00367322 -0.028486 -0.669865
0.00379431 -0.028486 -0.669865
0.00355214 -0.0286071 -0.669864
0.00367322 -0.0286071 -0.669864
0.00379431 -0.0286071 -0.669865
0.00355214 -0.0287281 -0.669863
0.00367322 -0.0287281 -0.669864
0.00379431 -0.0287281 -0.669864
0.00355214 -0.0288492 -0.669863
0.00367322 -0.0288492 -0.669863
0.00379431 -0.0288492 -0.669863
0.00355214 -0.0289703 -0.669862
0.00367322 -0.0289703 -0.669862
0.00379431 -0.0289703 -0.669862
0.00355214 -0.0290914 -0.669861
0.00367322 -0.0290914 -0.669861
0.00379431 -0.0290914 -0.669862
0.00355214 -0.0292125 -0.66986
0.00367322 -0.0292125 -0.669861
0.00379431 -0.0292125 -0.669861
0.00355214 -0.0293336 -0.66986
0.00367322 -0.0293336 -0.66986
0.00379431 -0.0293336 -0.66986
0.00355214 -0.0294546 -0.669859
0.00367322 -0.0294546 -0.669859
0.00379431 -0.0294546 -0.66986
0.00355214 -0.0295757 -0.669858
0.00367322 -0.0295757 -0.669859
0.00379431 -0.0295757 -0.669859
0.00355214 -0.0296968 -0.669858
0.00367322 -0.0296968 -0.669858
0.00379431 -0.0296968 -0.669858
0.00355214 -0.0298179 -0.669857
0.00367322 -0.0298179 -0.669857
0.00379431 -0.0298179 -0.669858
0.00355214 -0.029939 -0.669856
0.00367322 -0.029939 -0.669857
0.00379431 -0.029939 -0.669857
0.00355214 -0.03006 -0.669856
0.00367322 -0.03006 -0.669856
0.00379431 -0.03006 -0.669856
0.00355214 -0.0301811 -0.669855
0.00367322 -0.0301811 -0.669855
0.00379431 -0.0301811 -0.669855
0.00355214 -0.0303022 -0.669854
0.00367322 -0.0303022 -0.669854
0.00379431 -0.0303022 -0.669855
0.00355214 -0.0304233 -0.669854
0.00367322 -0.0304233 -0.669854
0.00379431 -0.0304233 -0.669854
0.00355214 -0.0305444 -0.669853
0.00367322 -0.0305444 -0.669853
0.00379431 -0.0305444 -0.669853
0.00355214 -0.0306655 -0.669852
0.00367322 -0.0306655 -0.669852
0.00379431 -0.0306655 -0.669853
0.00355214 -0.0307865 -0.669851
0.00367322 -0.0307865 -0.669852
0.00379431 -0.0307865 -0.669852
0.00355214 -0.0309076 -0.669851
0.00367322 -0.0309076 -0.669851
0.00379431 -0.0309076 -0.669851
0.00355214 -0.0310287 -0.66985
0.00367322 -0.0310287 -0.66985
0.00379431 -0.0310287 -0.669851
0.00355214 -0.0311498 -0.669849
0.00367322 -0.0311498 -0.66985
0.00379431 -0.0311498 -0.66985
0.00355214 -0.0312709 -0.669849
0.00367322 -0.0312709 -0.669849
0.00379431 -0.0312709 -0.669849
0.00355214 -0.0313919 -0.669848
0.00367322 -0.0313919 -0.669848
0.00379431 -0.0313919 -0.669849
