-0.0103851 -0.0576266 -0.840074
-0.0111374 -0.0576266 -0.840078
-0.0118897 -0.0576266 -0.840082
-0.0103851 -0.0568744 -0.840075
-0.0111374 -0.0568744 -0.840079
-0.0118897 -0.0568744 -0.840083
-0.0103851 -0.0561221 -0.840075
-0.0111374 -0.0561221 -0.840079
-0.0118897 -0.0561221 -0.840083
-0.0103851 -0.0553699 -0.840075
-0.0111374 -0.0553699 -0.840079
-0.0118897 -0.0553699 -0.840084
-0.0103851 -0.0546176 -0.840076
-0.0111374 -0.0546176 -0.84008
-0.0118897 -0.0546176 -0.840084
-0.0103851 -0.0538653 -0.840076
-0.0111374 -0.0538653 -0.84008
-0.0118897 -0.0538653 -0.840084
-0.0103851 -0.0531131 -0.840077
-0.0111374 -0.0531131 -0.840081
-0.0118897 -0.0531131 -0.840085
-0.0103851 -0.0523608 -0.840077
-0.0111374 -0.0523608 -0.840081
-0.0118897 -0.0523608 -0.840085
-0.0103851 -0.0516086 -0.840077
-0.0111374 -0.0516086 -0.840082
-0.0118897 -0.0516086 -0.840086
-0.0103851 -0.0508563 -0.840078
-0.0111374 -0.0508563 -0.840082
-0.0118897 -0.0508563 -0.840086
-0.0103851 -0.050104 -0.840078
-0.0111374 -0.050104 -0.840082
-0.0118897 -0.050104 -0.840086
-0.0103851 -0.0493518 -0.840079
-0.0111374 -0.0493518 -0.840083
-0.0118897 -0.0493518 -0.840087
-0.0103851 -0.0485995 -0.840079
-0.0111374 -0.0485995 -0.840083
-0.0118897 -0.0485995 -0.840087
-0.0103851 -0.0478473 -0.840079
-0.0111374 -0.0478473 -0.840083
-0.0118897 -0.0478473 -0.840088
-0.0103851 -0.047095 -0.84008
-0.0111374 -0.047095 -0.840084
-0.0118897 -0.047095 -0.840088
-0.0103851 -0.0463427 -0.84008
-0.0111374 -0.0463427 -0.840084
-0.0118897 -0.0463427 -0.840088
-0.0103851 -0.0455905 -0.840081
-0.0111374 -0.0455905 -0.840085
-0.0118897 -0.0455905 -0.840089
-0.0103851 -0.0448382 -0.840081
-0.0111374 -0.0448382 -0.840085
-0.0118897 -0.0448382 -0.840089
-0.0103851 -0.0440859 -0.840081
-0.0111374 -0.0440859 -0.840086
-0.0118897 -0.0440859 -0.84009
-0.0103851 -0.0433337 -0.840082
-0.0111374 -0.0433337 -0.840086
-0.0118897 -0.0433337 -0.84009
-0.0103851 -0.0425814 -0.840082
-0.0111374 -0.0425814 -0.840086
-0.0118897 -0.0425814 -0.84009
-0.0103851 -0.0418292 -0.840083
-0.0111374 -0.0418292 -0.840087
-0.0118897 -0.0418292 -0.840091
-0.0103851 -0.0410769 -0.840083
-0.0111374 -0.0410769 -0.840087
-0.0118897 -0.0410769 -0.840091
-0.0103851 -0.0403246 -0.840083
-0.0111374 -0.0403246 -0.840087
-0.0118897 -0.0403246 -0.840092
-0.0103851 -0.0395724 -0.840084
-0.0111374 -0.0395724 -0.840088
-0.0118897 -0.0395724 -0.840092
-0.0103851 -0.0388201 -0.840084
-0.0111374 -0.0388201 -0.840088
-0.0118897 -0.0388201 -0.840092
-0.0103851 -0.0380679 -0.840085
-0.0111374 -0.0380679 -0.840089
-0.0118897 -0.0380679 -0.840093
-0.0103851 -0.0373156 -0.840085
-0.0111374 -0.0373156 -0.840089
-0.0118897 -0.0373156 -0.840093
-0.0103851 -0.0365633 -0.840085
-0.0111374 -0.0365633 -0.840089
-0.0118897 -0.0365633 -0.840094
-0.0103851 -0.0358111 -0.840086
-0.0111374 -0.0358111 -0.84009
-0.0118897 -0.0358111 -0.840094
-0.0103851 -0.0350588 -0.840086
-0.0111374 -0.0350588 -0.84009
-0.0118897 -0.0350588 -0.840094
-0.0103851 -0.0343066 -0.840087
-0.0111374 -0.0343066 -0.840091
-0.0118897 -0.0343066 -0.840095
-0.0103851 -0.0335543 -0.840087
-0.0111374 -0.0335543 -0.840091
-0.0118897 -0.0335543 -0.840095
-0.0103851 -0.032802 -0.840087
-0.0111374 -0.032802 -0.840092
-0.0118897 -0.032802 -0.840096
-0.0103851 -0.0320498 -0.840088
-0.0111374 -0.0320498 -0.840092
-0.0118897 -0.0320498 -0.840096
-0.0103851 -0.0312975 -0.840088
-0.0111374 -0.0312975 -0.840092
-0.0118897 -0.0312975 -0.840096
-0.0103851 -0.0305452 -0.840089
-0.0111374 -0.0305452 -0.840093
-0.0118897 -0.0305452 -0.840097
-0.0103851 -0.029793 -0.840089
-0.0111374 -0.029793 -0.840093
-0.0118897 -0.029793 -0.840097
-0.0103851 -0.0290407 -0.840089
-0.0111374 -0.0290407 -0.840093
-0.0118897 -0.0290407 -0.840098
-0.0103851 -0.0282885 -0.84009
-0.0111374 -0.0282885 -0.840094
-0.0118897 -0.0282885 -0.840098
-0.0103851 -0.0275362 -0.84009
-0.0111374 -0.0275362 -0.840094
-0.0118897 -0.0275362 -0.840098
-0.0103851 -0.0267839 -0.840091
-0.0111374 -0.0267839 -0.840095
-0.0118897 -0.0267839 -0.840099
-0.0103851 -0.0260317 -0.840091
-0.0111374 -0.0260317 -0.840095
-0.0118897 -0.0260317 -0.840099
-0.0103851 -0.0252794 -0.840091
-0.0111374 -0.0252794 -0.840096
-0.0118897 -0.0252794 -0.8401
-0.0103851 -0.0245272 -0.840092
-0.0111374 -0.0245272 -0.840096
-0.0118897 -0.0245272 -0.8401
-0.0103851 -0.0237749 -0.840092
-0.0111374 -0.0237749 -0.840096
-0.0118897 -0.0237749 -0.8401
-0.0103851 -0.0230226 -0.840093
-0.0111374 -0.0230226 -0.840097
-0.0118897 -0.0230226 -0.840101
-0.0103851 -0.0222704 -0.840093
-0.0111374 -0.0222704 -0.840097
-0.0118897 -0.0222704 -0.840101
-0.0103851 -0.0215181 -0.840093
-0.0111374 -0.0215181 -0.840098
-0.0118897 -0.0215181 -0.840102
-0.0103851 -0.0207659 -0.840094
-0.0111374 -0.0207659 -0.840098
-0.0118897 -0.0207659 -0.840102
-0.0103851 -0.0200136 -0.840094
-0.0111374 -0.0200136 -0.840098
-0.0118897 -0.0200136 -0.840102
-0.0103851 -0.0192613 -0.840095
-0.0111374 -0.0192613 -0.840099
-0.0118897 -0.0192613 -0.840103
-0.0103851 -0.0185091 -0.840095
-0.0111374 -0.0185091 -0.840099
-0.0118897 -0.0185091 -0.840103
-0.0103851 -0.0177568 -0.840095
-0.0111374 -0.0177568 -0.8401
-0.0118897 -0.0177568 -0.840104
-0.0103851 -0.0170046 -0.840096
-0.0111374 -0.0170046 -0.8401
-0.0118897 -0.0170046 -0.840104
-0.0103851 -0.0162523 -0.840096
-0.0111374 -0.0162523 -0.8401
-0.0118897 -0.0162523 -0.840104
-0.0103851 -0.0155 -0.840097
-0.0111374 -0.0155 -0.840101
-0.0118897 -0.0155 -0.840105
-0.0103851 -0.0147478 -0.840097
-0.0111374 -0.0147478 -0.840101
-0.0118897 -0.0147478 -0.840105
-0.0103851 -0.0139955 -0.840097
-0.0111374 -0.0139955 -0.840102
-0.0118897 -0.0139955 -0.840106
-0.0103851 -0.0132432 -0.840098
-0.0111374 -0.0132432 -0.840102
-0.0118897 -0.0132432 -0.840106
-0.0103851 -0.012491 -0.840098
-0.0111374 -0.012491 -0.840102
-0.0118897 -0.012491 -0.840106
-0.0103851 -0.0117387 -0.840099
-0.0111374 -0.0117387 -0.840103
-0.0118897 -0.0117387 -0.840107
-0.0103851 -0.0109865 -0.840099
-0.0111374 -0.0109865 -0.840103
-0.0118897 -0.0109865 -0.840107
-0.0103851 -0.0102342 -0.840099
-0.0111374 -0.0102342 -0.840104
-0.0118897 -0.0102342 -0.840108
-0.0103851 -0.00948194 -0.8401
-0.0111374 -0.00948194 -0.840104
-0.0118897 -0.00948194 -0.840108
-0.0103851 -0.00872968 -0.8401
-0.0111374 -0.00872968 -0.840104
-0.0118897 -0.00872968 -0.840109
-0.0103851 -0.00797742 -0.840101
-0.0111374 -0.00797742 -0.840105
-0.0118897 -0.00797742 -0.840109
-0.0103851 -0.00722516 -0.840101
-0.0111374 -0.00722516 -0.840105
-0.0118897 -0.00722516 -0.840109
-0.0103851 -0.0064729 -0.840101
-0.0111374 -0.0064729 -0.840106
-0.0118897 -0.0064729 -0.84011
-0.0103851 -0.00572063 -0.840102
-0.0111374 -0.00572063 -0.840106
-0.0118897 -0.00572063 -0.84011
-0.0103851 -0.00496837 -0.840102
-0.0111374 -0.00496837 -0.840106
-0.0118897 -0.00496837 -0.84011
-0.0103851 -0.00421611 -0.840103
-0.0111374 -0.00421611 -0.840107
-0.0118897 -0.00421611 -0.840111
-0.0103851 -0.00346385 -0.840103
-0.0111374 -0.00346385 -0.840107
-0.0118897 -0.00346385 -0.840111
-0.0103851 -0.00271159 -0.840103
-0.0111374 -0.00271159 -0.840108
-0.0118897 -0.00271159 -0.840112
-0.0103851 -0.00195933 -0.840104
-0.0111374 -0.00195933 -0.840108
-0.0118897 -0.00195933 -0.840112
-0.0103851 -0.00120707 -0.840104
-0.0111374 -0.00120707 -0.840108
-0.0118897 -0.00120707 -0.840113
-0.0103851 -0.000454807 -0.840105
-0.0111374 -0.000454807 -0.840109
-0.0118897 -0.000454807 -0.840113
-0.0103851 0.000297454 -0.840105
-0.0111374 0.000297454 -0.840109
-0.0118897 0.000297454 -0.840113
-0.0103851 0.00104971 -0.840105
-0.0111374 0.00104971 -0.84011
-0.0118897 0.00104971 -0.840114
-0.0103851 0.00180198 -0.840106
-0.0111374 0.00180198 -0.84011
-0.0118897 0.00180198 -0.840114
-0.0103851 0.00255424 -0.840106
-0.0111374 0.00255424 -0.84011
-0.0118897 0.00255424 -0.840114
-0.0103851 0.0033065 -0.840107
-0.0111374 0.0033065 -0.840111
-0.0118897 0.0033065 -0.840115
-0.0103851 0.00405876 -0.840107
-0.0111374 0.00405876 -0.840111
-0.0118897 0.00405876 -0.840115
-0.0103851 0.00481102 -0.840107
-0.0111374 0.00481102 -0.840112
-0.0118897 0.00481102 -0.840116
-0.0103851 0.00556328 -0.840108
-0.0111374 0.00556328 -0.840112
-0.0118897 0.00556328 -0.840116
-0.0103851 0.00631554 -0.840108
-0.0111374 0.00631554 -0.840112
-0.0118897 0.00631554 -0.840117
-0.0103851 0.0070678 -0.840109
-0.0111374 0.0070678 -0.840113
-0.0118897 0.0070678 -0.840117
-0.0103851 0.00782007 -0.840109
-0.0111374 0.00782007 -0.840113
-0.0118897 0.00782007 -0.840117
-0.0103851 0.00857233 -0.840109
-0.0111374 0.00857233 -0.840114
-0.0118897 0.00857233 -0.840118
-0.0103851 0.00932459 -0.84011
-0.0111374 0.00932459 -0.840114
-0.0118897 0.00932459 -0.840118
-0.0103851 0.0100768 -0.84011
-0.0111374 0.0100768 -0.840114
-0.0118897 0.0100768 -0.840119
-0.0103851 0.0108291 -0.840111
-0.0111374 0.0108291 -0.840115
-0.0118897 0.0108291 -0.840119
-0.0103851 0.0115814 -0.840111
-0.0111374 0.0115814 -0.840115
-0.0118897 0.0115814 -0.840119
-0.0103851 0.0123336 -0.840111
-0.0111374 0.0123336 -0.840116
-0.0118897 0.0123336 -0.84012
-0.0103851 0.0130859 -0.840112
-0.0111374 0.0130859 -0.840116
-0.0118897 0.0130859 -0.84012
-0.0103851 0.0138382 -0.840112
-0.0111374 0.0138382 -0.840116
-0.0118897 0.0138382 -0.84012
-0.0103851 0.0145904 -0.840113
-0.0111374 0.0145904 -0.840117
-0.0118897 0.0145904 -0.840121
-0.0103851 0.0153427 -0.840113
-0.0111374 0.0153427 -0.840117
-0.0118897 0.0153427 -0.840121
-0.0103851 0.0160949 -0.840113
-0.0111374 0.0160949 -0.840118
-0.0118897 0.0160949 -0.840122
-0.0103851 0.0168472 -0.840114
-0.0111374 0.0168472 -0.840118
-0.0118897 0.0168472 -0.840122
-0.0103851 0.0175995 -0.840114
-0.0111374 0.0175995 -0.840118
-0.0118897 0.0175995 -0.840123
-0.0103851 0.0183517 -0.840115
-0.0111374 0.0183517 -0.840119
-0.0118897 0.0183517 -0.840123
-0.0103851 0.019104 -0.840115
-0.0111374 0.019104 -0.840119
-0.0118897 0.019104 -0.840123
-0.0103851 0.0198562 -0.840115
-0.0111374 0.0198562 -0.84012
-0.0118897 0.0198562 -0.840124
-0.0103851 0.0206085 -0.840116
-0.0111374 0.0206085 -0.84012
-0.0118897 0.0206085 -0.840124
-0.0103851 0.0213608 -0.840116
-0.0111374 0.0213608 -0.84012
-0.0118897 0.0213608 -0.840125
-0.0103851 0.022113 -0.840117
-0.0111374 0.022113 -0.840121
-0.0118897 0.022113 -0.840125
-0.0103851 0.0228653 -0.840117
-0.0111374 0.0228653 -0.840121
-0.0118897 0.0228653 -0.840125
-0.0103851 0.0236175 -0.840117
-0.0111374 0.0236175 -0.840122
-0.0118897 0.0236175 -0.840126
-0.0103851 0.0243698 -0.840118
-0.0111374 0.0243698 -0.840122
-0.0118897 0.0243698 -0.840126
-0.0103851 0.0251221 -0.840118
-0.0111374 0.0251221 -0.840122
-0.0118897 0.0251221 -0.840127
