-0.00586933 -0.0157769 -0.674326
-0.00600079 -0.0157769 -0.674326
-0.00613226 -0.0157769 -0.674327
-0.00586933 -0.0156454 -0.674325
-0.00600079 -0.0156454 -0.674326
-0.00613226 -0.0156454 -0.674326
-0.00586933 -0.015514 -0.674324
-0.00600079 -0.015514 -0.674325
-0.00613226 -0.015514 -0.674325
-0.00586933 -0.0153825 -0.674324
-0.00600079 -0.0153825 -0.674324
-0.00613226 -0.0153825 -0.674325
-0.00586933 -0.015251 -0.674323
-0.00600079 -0.015251 -0.674323
-0.00613226 -0.015251 -0.674324
-0.00586933 -0.0151196 -0.674322
-0.00600079 -0.0151196 -0.674323
-0.00613226 -0.0151196 -0.674323
-0.00586933 -0.0149881 -0.674322
-0.00600079 -0.0149881 -0.674322
-0.00613226 -0.0149881 -0.674323
-0.00586933 -0.0148566 -0.674321
-0.00600079 -0.0148566 -0.674321
-0.00613226 -0.0148566 -0.674322
-0.00586933 -0.0147252 -0.67432
-0.00600079 -0.0147252 -0.674321
-0.00613226 -0.0147252 -0.674321
-0.00586933 -0.0145937 -0.67432
-0.00600079 -0.0145937 -0.67432
-0.00613226 -0.0145937 -0.674321
-0.00586933 -0.0144623 -0.674319
-0.00600079 -0.0144623 -0.674319
-0.00613226 -0.0144623 -0.67432
-0.00586933 -0.0143308 -0.674318
-0.00600079 -0.0143308 -0.674319
-0.00613226 -0.0143308 -0.674319
-0.00586933 -0.0141993 -0.674318
-0.00600079 -0.0141993 -0.674318
-0.00613226 -0.0141993 -0.674318
-0.00586933 -0.0140679 -0.674317
-0.00600079 -0.0140679 -0.674317
-0.00613226 -0.0140679 -0.674318
-0.00586933 -0.0139364 -0.674316
-0.00600079 -0.0139364 -0.674317
-0.00613226 -0.0139364 -0.674317
-0.00586933 -0.0138049 -0.674316
-0.00600079 -0.0138049 -0.674316
-0.00613226 -0.0138049 -0.674316
-0.00586933 -0.0136735 -0.674315
-0.00600079 -0.0136735 -0.674315
-0.00613226 -0.0136735 -0.674316
-0.00586933 -0.013542 -0.674314
-0.00600079 -0.013542 -0.674315
-0.00613226 -0.013542 -0.674315
-0.00586933 -0.0134105 -0.674313
-0.00600079 -0.0134105 -0.674314
-0.00613226 -0.0134105 -0.674314
-0.00586933 -0.0132791 -0.674313
-0.00600079 -0.0132791 -0.674313
-0.00613226 -0.0132791 -0.674314
-0.00586933 -0.0131476 -0.674312
-0.00600079 -0.0131476 -0.674313
-0.00613226 -0.0131476 -0.674313
-0.00586933 -0.0130161 -0.674311
-0.00600079 -0.0130161 -0.674312
-0.00613226 -0.0130161 -0.674312
-0.00586933 -0.0128847 -0.674311
-0.00600079 -0.0128847 -0.674311
-0.00613226 -0.0128847 -0.674312
-0.00586933 -0.0127532 -0.67431
-0.00600079 -0.0127532 -0.674311
-0.00613226 -0.0127532 -0.674311
-0.00586933 -0.0126218 -0.674309
-0.00600079 -0.0126218 -0.67431
-0.00613226 -0.0126218 -0.67431
-0.00586933 -0.0124903 -0.674309
-0.00600079 -0.0124903 -0.674309
-0.00613226 -0.0124903 -0.67431
-0.00586933 -0.0123588 -0.674308
-0.00600079 -0.0123588 -0.674308
-0.00613226 -0.0123588 -0.674309
-0.00586933 -0.0122274 -0.674307
-0.00600079 -0.0122274 -0.674308
-0.00613226 -0.0122274 -0.674308
-0.00586933 -0.0120959 -0.674307
-0.00600079 -0.0120959 -0.674307
-0.00613226 -0.0120959 -0.674308
-0.00586933 -0.0119644 -0.674306
-0.00600079 -0.0119644 -0.674306
-0.00613226 -0.0119644 -0.674307
-0.00586933 -0.011833 -0.674305
-0.00600079 -0.011833 -0.674306
-0.00613226 -0.011833 -0.674306
-0.00586933 -0.0117015 -0.674305
-0.00600079 -0.0117015 -0.674305
-0.00613226 -0.0117015 -0.674306
-0.00586933 -0.01157 -0.674304
-0.00600079 -0.01157 -0.674304
-0.00613226 -0.01157 -0.674305
-0.00586933 -0.0114386 -0.674303
-0.00600079 -0.0114386 -0.674304
-0.00613226 -0.0114386 -0.674304
-0.00586933 -0.0113071 -0.674303
-0.00600079 -0.0113071 -0.674303
-0.00613226 -0.0113071 -0.674303
-0.00586933 -0.0111756 -0.674302
-0.00600079 -0.0111756 -0.674302
-0.00613226 -0.0111756 -0.674303
-0.00586933 -0.0110442 -0.674301
-0.00600079 -0.0110442 -0.674302
-0.00613226 -0.0110442 -0.674302
-0.00586933 -0.0109127 -0.6743
-0.00600079 -0.0109127 -0.674301
-0.00613226 -0.0109127 -0.674301
-0.00586933 -0.0107813 -0.6743
-0.00600079 -0.0107813 -0.6743
-0.00613226 -0.0107813 -0.674301
-0.00586933 -0.0106498 -0.674299
-0.00600079 -0.0106498 -0.6743
-0.00613226 -0.0106498 -0.6743
-0.00586933 -0.0105183 -0.674298
-0.00600079 -0.0105183 -0.674299
-0.00613226 -0.0105183 -0.674299
-0.00586933 -0.0103869 -0.674298
-0.00600079 -0.0103869 -0.674298
-0.00613226 -0.0103869 -0.674299
-0.00586933 -0.0102554 -0.674297
-0.00600079 -0.0102554 -0.674298
-0.00613226 -0.0102554 -0.674298
-0.00586933 -0.0101239 -0.674296
-0.00600079 -0.0101239 -0.674297
-0.00613226 -0.0101239 -0.674297
-0.00586933 -0.00999247 -0.674296
-0.00600079 -0.00999247 -0.674296
-0.00613226 -0.00999247 -0.674297
-0.00586933 -0.009861 -0.674295
-0.00600079 -0.009861 -0.674296
-0.00613226 -0.009861 -0.674296
-0.00586933 -0.00972954 -0.674294
-0.00600079 -0.00972954 -0.674295
-0.00613226 -0.00972954 -0.674295
-0.00586933 -0.00959808 -0.674294
-0.00600079 -0.00959808 -0.674294
-0.00613226 -0.00959808 -0.674295
-0.00586933 -0.00946661 -0.674293
-0.00600079 -0.00946661 -0.674293
-0.00613226 -0.00946661 -0.674294
-0.00586933 -0.00933515 -0.674292
-0.00600079 -0.00933515 -0.674293
-0.00613226 -0.00933515 -0.674293
-0.00586933 -0.00920368 -0.674292
-0.00600079 -0.00920368 -0.674292
-0.00613226 -0.00920368 -0.674293
-0.00586933 -0.00907222 -0.674291
-0.00600079 -0.00907222 -0.674291
-0.00613226 -0.00907222 -0.674292
-0.00586933 -0.00894075 -0.67429
-0.00600079 -0.00894075 -0.674291
-0.00613226 -0.00894075 -0.674291
-0.00586933 -0.00880929 -0.67429
-0.00600079 -0.00880929 -0.67429
-0.00613226 -0.00880929 -0.674291
-0.00586933 -0.00867783 -0.674289
-0.00600079 -0.00867783 -0.674289
-0.00613226 -0.00867783 -0.67429
-0.00586933 -0.00854636 -0.674288
-0.00600079 -0.00854636 -0.674289
-0.00613226 -0.00854636 -0.674289
-0.00586933 -0.0084149 -0.674288
-0.00600079 -0.0084149 -0.674288
-0.00613226 -0.0084149 -0.674289
-0.00586933 -0.00828343 -0.674287
-0.00600079 -0.00828343 -0.674287
-0.00613226 -0.00828343 -0.674288
-0.00586933 -0.00815197 -0.674286
-0.00600079 -0.00815197 -0.674287
-0.00613226 -0.00815197 -0.674287
-0.00586933 -0.00802051 -0.674285
-0.00600079 -0.00802051 -0.674286
-0.00613226 -0.00802051 -0.674286
-0.00586933 -0.00788904 -0.674285
-0.00600079 -0.00788904 -0.674285
-0.00613226 -0.00788904 -0.674286
-0.00586933 -0.00775758 -0.674284
-0.00600079 -0.00775758 -0.674285
-0.00613226 -0.00775758 -0.674285
-0.00586933 -0.00762611 -0.674283
-0.00600079 -0.00762611 -0.674284
-0.00613226 -0.00762611 -0.674284
-0.00586933 -0.00749465 -0.674283
-0.00600079 -0.00749465 -0.674283
-0.00613226 -0.00749465 -0.674284
-0.00586933 -0.00736318 -0.674282
-0.00600079 -0.00736318 -0.674283
-0.00613226 -0.00736318 -0.674283
-0.00586933 -0.00723172 -0.674281
-0.00600079 -0.00723172 -0.674282
-0.00613226 -0.00723172 -0.674282
-0.00586933 -0.00710026 -0.674281
-0.00600079 -0.00710026 -0.674281
-0.00613226 -0.00710026 -0.674282
-0.00586933 -0.00696879 -0.67428
-0.00600079 -0.00696879 -0.674281
-0.00613226 -0.00696879 -0.674281
-0.00586933 -0.00683733 -0.674279
-0.00600079 -0.00683733 -0.67428
-0.00613226 -0.00683733 -0.67428
-0.00586933 -0.00670586 -0.674279
-0.00600079 -0.00670586 -0.674279
-0.00613226 -0.00670586 -0.67428
-0.00586933 -0.0065744 -0.674278
-0.00600079 -0.0065744 -0.674278
-0.00613226 -0.0065744 -0.674279
-0.00586933 -0.00644294 -0.674277
-0.00600079 -0.00644294 -0.674278
-0.00613226 -0.00644294 -0.674278
-0.00586933 -0.00631147 -0.674277
-0.00600079 -0.00631147 -0.674277
-0.00613226 -0.00631147 -0.674278
-0.00586933 -0.00618001 -0.674276
-0.00600079 -0.00618001 -0.674276
-0.00613226 -0.00618001 -0.674277
-0.00586933 -0.00604854 -0.674275
-0.00600079 -0.00604854 -0.674276
-0.00613226 -0.00604854 -0.674276
-0.00586933 -0.00591708 -0.674275
-0.00600079 -0.00591708 -0.674275
-0.00613226 -0.00591708 -0.674276
-0.00586933 -0.00578561 -0.674274
-0.00600079 -0.00578561 -0.674274
-0.00613226 -0.00578561 -0.674275
-0.00586933 -0.00565415 -0.674273
-0.00600079 -0.00565415 -0.674274
-0.00613226 -0.00565415 -0.674274
-0.00586933 -0.00552269 -0.674273
-0.00600079 -0.00552269 -0.674273
-0.00613226 -0.00552269 -0.674273
-0.00586933 -0.00539122 -0.674272
-0.00600079 -0.00539122 -0.674272
-0.00613226 -0.00539122 -0.674273
-0.00586933 -0.00525976 -0.674271
-0.00600079 -0.00525976 -0.674272
-0.00613226 -0.00525976 -0.674272
-0.00586933 -0.00512829 -0.674271
-0.00600079 -0.00512829 -0.674271
-0.00613226 -0.00512829 -0.674271
-0.00586933 -0.00499683 -0.67427
-0.00600079 -0.00499683 -0.67427
-0.00613226 -0.00499683 -0.674271
-0.00586933 -0.00486537 -0.674269
-0.00600079 -0.00486537 -0.67427
-0.00613226 -0.00486537 -0.67427
-0.00586933 -0.0047339 -0.674268
-0.00600079 -0.0047339 -0.674269
-0.00613226 -0.0047339 -0.674269
-0.00586933 -0.00460244 -0.674268
-0.00600079 -0.00460244 -0.674268
-0.00613226 -0.00460244 -0.674269
-0.00586933 -0.00447097 -0.674267
-0.00600079 -0.00447097 -0.674268
-0.00613226 -0.00447097 -0.674268
-0.00586933 -0.00433951 -0.674266
-0.00600079 -0.00433951 -0.674267
-0.00613226 -0.00433951 -0.674267
-0.00586933 -0.00420804 -0.674266
-0.00600079 -0.00420804 -0.674266
-0.00613226 -0.00420804 -0.674267
-0.00586933 -0.00407658 -0.674265
-0.00600079 -0.00407658 -0.674266
-0.00613226 -0.00407658 -0.674266
-0.00586933 -0.00394512 -0.674264
-0.00600079 -0.00394512 -0.674265
-0.00613226 -0.00394512 -0.674265
-0.00586933 -0.00381365 -0.674264
-0.00600079 -0.00381365 -0.674264
-0.00613226 -0.00381365 -0.674265
-0.00586933 -0.00368219 -0.674263
-0.00600079 -0.00368219 -0.674263
-0.00613226 -0.00368219 -0.674264
-0.00586933 -0.00355072 -0.674262
-0.00600079 -0.00355072 -0.674263
-0.00613226 -0.00355072 -0.674263
-0.00586933 -0.00341926 -0.674262
-0.00600079 -0.00341926 -0.674262
-0.00613226 -0.00341926 -0.674263
-0.00586933 -0.00328779 -0.674261
-0.00600079 -0.00328779 -0.674261
-0.00613226 -0.00328779 -0.674262
-0.00586933 -0.00315633 -0.67426
-0.00600079 -0.00315633 -0.674261
-0.00613226 -0.00315633 -0.674261
-0.00586933 -0.00302487 -0.67426
-0.00600079 -0.00302487 -0.67426
-0.00613226 -0.00302487 -0.674261
-0.00586933 -0.0028934 -0.674259
-0.00600079 -0.0028934 -0.674259
-0.00613226 -0.0028934 -0.67426
-0.00586933 -0.00276194 -0.674258
-0.00600079 -0.00276194 -0.674259
-0.00613226 -0.00276194 -0.674259
-0.00586933 -0.00263047 -0.674258
-0.00600079 -0.00263047 -0.674258
-0.00613226 -0.00263047 -0.674259
-0.00586933 -0.00249901 -0.674257
-0.00600079 -0.00249901 -0.674257
-0.00613226 -0.00249901 -0.674258
-0.00586933 -0.00236755 -0.674256
-0.00600079 -0.00236755 -0.674257
-0.00613226 -0.00236755 -0.674257
-0.00586933 -0.00223608 -0.674255
-0.00600079 -0.00223608 -0.674256
-0.00613226 -0.00223608 -0.674256
-0.00586933 -0.00210462 -0.674255
-0.00600079 -0.00210462 -0.674255
-0.00613226 -0.00210462 -0.674256
-0.00586933 -0.00197315 -0.674254
-0.00600079 -0.00197315 -0.674255
-0.00613226 -0.00197315 -0.674255
-0.00586933 -0.00184169 -0.674253
-0.00600079 -0.00184169 -0.674254
-0.00613226 -0.00184169 -0.674254
-0.00586933 -0.00171022 -0.674253
-0.00600079 -0.00171022 -0.674253
-0.00613226 -0.00171022 -0.674254
-0.00586933 -0.00157876 -0.674252
-0.00600079 -0.00157876 -0.674253
-0.00613226 -0.00157876 -0.674253
-0.00586933 -0.0014473 -0.674251
-0.00600079 -0.0014473 -0.674252
-0.00613226 -0.0014473 -0.674252
-0.00586933 -0.00131583 -0.674251
-0.00600079 -0.00131583 -0.674251
-0.00613226 -0.00131583 -0.674252
