-0.00225204 -0.0458856 -0.616111
-0.00300204 -0.0458856 -0.616113
-0.00375204 -0.0458856 -0.616114
-0.00225204 -0.0451356 -0.616111
-0.00300204 -0.0451356 -0.616112
-0.00375204 -0.0451356 -0.616114
-0.00225204 -0.0443856 -0.61611
-0.00300204 -0.0443856 -0.616112
-0.00375204 -0.0443856 -0.616113
-0.00225204 -0.0436356 -0.616109
-0.00300204 -0.0436356 -0.616111
-0.00375204 -0.0436356 -0.616112
-0.00225204 -0.0428856 -0.616109
-0.00300204 -0.0428856 -0.61611
-0.00375204 -0.0428856 -0.616112
-0.00225204 -0.0421356 -0.616108
-0.00300204 -0.0421356 -0.61611
-0.00375204 -0.0421356 -0.616111
-0.00225204 -0.0413856 -0.616107
-0.00300204 -0.0413856 -0.616109
-0.00375204 -0.0413856 -0.61611
-0.00225204 -0.0406356 -0.616107
-0.00300204 -0.0406356 -0.616108
-0.00375204 -0.0406356 -0.61611
-0.00225204 -0.0398856 -0.616106
-0.00300204 -0.0398856 -0.616108
-0.00375204 -0.0398856 -0.616109
-0.00225204 -0.0391356 -0.616105
-0.00300204 -0.0391356 -0.616107
-0.00375204 -0.0391356 -0.616108
-0.00225204 -0.0383856 -0.616105
-0.00300204 -0.0383856 -0.616106
-0.00375204 -0.0383856 -0.616108
-0.00225204 -0.0376356 -0.616104
-0.00300204 -0.0376356 -0.616106
-0.00375204 -0.0376356 -0.616107
-0.00225204 -0.0368856 -0.616104
-0.00300204 -0.0368856 -0.616105
-0.00375204 -0.0368856 -0.616107
-0.00225204 -0.0361356 -0.616103
-0.00300204 -0.0361356 -0.616104
-0.00375204 -0.0361356 -0.616106
-0.00225204 -0.0353856 -0.616102
-0.00300204 -0.0353856 -0.616104
-0.00375204 -0.0353856 -0.616105
-0.00225204 -0.0346356 -0.616102
-0.00300204 -0.0346356 -0.616103
-0.00375204 -0.0346356 -0.616105
-0.00225204 -0.0338856 -0.616101
-0.00300204 -0.0338856 -0.616102
-0.00375204 -0.0338856 -0.616104
-0.00225204 -0.0331356 -0.6161
-0.00300204 -0.0331356 -0.616102
-0.00375204 -0.0331356 -0.616103
-0.00225204 -0.0323856 -0.6161
-0.00300204 -0.0323856 -0.616101
-0.00375204 -0.0323856 -0.616103
-0.00225204 -0.0316356 -0.616099
-0.00300204 -0.0316356 -0.6161
-0.00375204 -0.0316356 -0.616102
-0.00225204 -0.0308856 -0.616098
-0.00300204 -0.0308856 -0.6161
-0.00375204 -0.0308856 -0.616101
-0.00225204 -0.0301356 -0.616098
-0.00300204 -0.0301356 -0.616099
-0.00375204 -0.0301356 -0.616101
-0.00225204 -0.0293856 -0.616097
-0.00300204 -0.0293856 -0.616099
-0.00375204 -0.0293856 -0.6161
-0.00225204 -0.0286356 -0.616096
-0.00300204 -0.0286356 -0.616098
-0.00375204 -0.0286356 -0.616099
-0.00225204 -0.0278856 -0.616096
-0.00300204 -0.0278856 -0.616097
-0.00375204 -0.0278856 -0.616099
-0.00225204 -0.0271356 -0.616095
-0.00300204 -0.0271356 -0.616097
-0.00375204 -0.0271356 -0.616098
-0.00225204 -0.0263856 -0.616094
-0.00300204 -0.0263856 -0.616096
-0.00375204 -0.0263856 -0.616098
-0.00225204 -0.0256356 -0.616094
-0.00300204 -0.0256356 -0.616095
-0.00375204 -0.0256356 -0.616097
-0.00225204 -0.0248856 -0.616093
-0.00300204 -0.0248856 -0.616095
-0.00375204 -0.0248856 -0.616096
-0.00225204 -0.0241356 -0.616093
-0.00300204 -0.0241356 -0.616094
-0.00375204 -0.0241356 -0.616096
-0.00225204 -0.0233856 -0.616092
-0.00300204 -0.0233856 -0.616093
-0.00375204 -0.0233856 -0.616095
-0.00225204 -0.0226356 -0.616091
-0.00300204 -0.0226356 -0.616093
-0.00375204 -0.0226356 -0.616094
-0.00225204 -0.0218856 -0.616091
-0.00300204 -0.0218856 -0.616092
-0.00375204 -0.0218856 -0.616094
-0.00225204 -0.0211356 -0.61609
-0.00300204 -0.0211356 -0.616091
-0.00375204 -0.0211356 -0.616093
-0.00225204 -0.0203856 -0.616089
-0.00300204 -0.0203856 -0.616091
-0.00375204 -0.0203856 -0.616092
-0.00225204 -0.0196356 -0.616089
-0.00300204 -0.0196356 -0.61609
-0.00375204 -0.0196356 -0.616092
-0.00225204 -0.0188856 -0.616088
-0.00300204 -0.0188856 -0.61609
-0.00375204 -0.0188856 -0.616091
-0.00225204 -0.0181357 -0.616087
-0.00300204 -0.0181357 -0.616089
-0.00375204 -0.0181357 -0.61609
-0.00225204 -0.0173857 -0.616087
-0.00300204 -0.0173857 -0.616088
-0.00375204 -0.0173857 -0.61609
-0.00225204 -0.0166357 -0.616086
-0.00300204 -0.0166357 -0.616088
-0.00375204 -0.0166357 -0.616089
-0.00225204 -0.0158857 -0.616085
-0.00300204 -0.0158857 -0.616087
-0.00375204 -0.0158857 -0.616088
-0.00225204 -0.0151357 -0.616085
-0.00300204 -0.0151357 -0.616086
-0.00375204 -0.0151357 -0.616088
-0.00225204 -0.0143857 -0.616084
-0.00300204 -0.0143857 -0.616086
-0.00375204 -0.0143857 -0.616087
-0.00225204 -0.0136357 -0.616083
-0.00300204 -0.0136357 -0.616085
-0.00375204 -0.0136357 -0.616087
-0.00225204 -0.0128857 -0.616083
-0.00300204 -0.0128857 -0.616084
-0.00375204 -0.0128857 -0.616086
-0.00225204 -0.0121357 -0.616082
-0.00300204 -0.0121357 -0.616084
-0.00375204 -0.0121357 -0.616085
-0.00225204 -0.0113857 -0.616082
-0.00300204 -0.0113857 -0.616083
-0.00375204 -0.0113857 -0.616085
-0.00225204 -0.0106357 -0.616081
-0.00300204 -0.0106357 -0.616082
-0.00375204 -0.0106357 -0.616084
-0.00225204 -0.00988568 -0.61608
-0.00300204 -0.00988568 -0.616082
-0.00375204 -0.00988568 -0.616083
-0.00225204 -0.00913568 -0.61608
-0.00300204 -0.00913568 -0.616081
-0.00375204 -0.00913568 -0.616083
-0.00225204 -0.00838568 -0.616079
-0.00300204 -0.00838568 -0.61608
-0.00375204 -0.00838568 -0.616082
-0.00225204 -0.00763568 -0.616078
-0.00300204 -0.00763568 -0.61608
-0.00375204 -0.00763568 -0.616081
-0.00225204 -0.00688568 -0.616078
-0.00300204 -0.00688568 -0.616079
-0.00375204 -0.00688568 -0.616081
-0.00225204 -0.00613569 -0.616077
-0.00300204 -0.00613569 -0.616079
-0.00375204 -0.00613569 -0.61608
-0.00225204 -0.00538569 -0.616076
-0.00300204 -0.00538569 -0.616078
-0.00375204 -0.00538569 -0.616079
-0.00225204 -0.00463569 -0.616076
-0.00300204 -0.00463569 -0.616077
-0.00375204 -0.00463569 -0.616079
-0.00225204 -0.00388569 -0.616075
-0.00300204 -0.00388569 -0.616077
-0.00375204 -0.00388569 -0.616078
-0.00225204 -0.00313569 -0.616074
-0.00300204 -0.00313569 -0.616076
-0.00375204 -0.00313569 -0.616077
-0.00225204 -0.0023857 -0.616074
-0.00300204 -0.0023857 -0.616075
-0.00375204 -0.0023857 -0.616077
-0.00225204 -0.0016357 -0.616073
-0.00300204 -0.0016357 -0.616075
-0.00375204 -0.0016357 -0.616076
-0.00225204 -0.0008857 -0.616072
-0.00300204 -0.0008857 -0.616074
-0.00375204 -0.0008857 -0.616076
-0.00225204 -0.000135702 -0.616072
-0.00300204 -0.000135702 -0.616073
-0.00375204 -0.000135702 -0.616075
-0.00225204 0.000614296 -0.616071
-0.00300204 0.000614296 -0.616073
-0.00375204 0.000614296 -0.616074
-0.00225204 0.00136429 -0.616071
-0.00300204 0.00136429 -0.616072
-0.00375204 0.00136429 -0.616074
-0.00225204 0.00211429 -0.61607
-0.00300204 0.00211429 -0.616071
-0.00375204 0.00211429 -0.616073
-0.00225204 0.00286429 -0.616069
-0.00300204 0.00286429 -0.616071
-0.00375204 0.00286429 -0.616072
-0.00225204 0.00361429 -0.616069
-0.00300204 0.00361429 -0.61607
-0.00375204 0.00361429 -0.616072
-0.00225204 0.00436429 -0.616068
-0.00300204 0.00436429 -0.616069
-0.00375204 0.00436429 -0.616071
-0.00225204 0.00511428 -0.616067
-0.00300204 0.00511428 -0.616069
-0.00375204 0.00511428 -0.61607
-0.00225204 0.00586428 -0.616067
-0.00300204 0.00586428 -0.616068
-0.00375204 0.00586428 -0.61607
-0.00225204 0.00661428 -0.616066
-0.00300204 0.00661428 -0.616068
-0.00375204 0.00661428 -0.616069
-0.00225204 0.00736428 -0.616065
-0.00300204 0.00736428 -0.616067
-0.00375204 0.00736428 -0.616068
-0.00225204 0.00811428 -0.616065
-0.00300204 0.00811428 -0.616066
-0.00375204 0.00811428 -0.616068
-0.00225204 0.00886427 -0.616064
-0.00300204 0.00886427 -0.616066
-0.00375204 0.00886427 -0.616067
-0.00225204 0.00961427 -0.616063
-0.00300204 0.00961427 -0.616065
-0.00375204 0.00961427 -0.616067
-0.00225204 0.0103643 -0.616063
-0.00300204 0.0103643 -0.616064
-0.00375204 0.0103643 -0.616066
-0.00225204 0.0111143 -0.616062
-0.00300204 0.0111143 -0.616064
-0.00375204 0.0111143 -0.616065
-0.00225204 0.0118643 -0.616062
-0.00300204 0.0118643 -0.616063
-0.00375204 0.0118643 -0.616065
-0.00225204 0.0126143 -0.616061
-0.00300204 0.0126143 -0.616062
-0.00375204 0.0126143 -0.616064
-0.00225204 0.0133643 -0.61606
-0.00300204 0.0133643 -0.616062
-0.00375204 0.0133643 -0.616063
-0.00225204 0.0141143 -0.61606
-0.00300204 0.0141143 -0.616061
-0.00375204 0.0141143 -0.616063
-0.00225204 0.0148643 -0.616059
-0.00300204 0.0148643 -0.61606
-0.00375204 0.0148643 -0.616062
-0.00225204 0.0156143 -0.616058
-0.00300204 0.0156143 -0.61606
-0.00375204 0.0156143 -0.616061
-0.00225204 0.0163643 -0.616058
-0.00300204 0.0163643 -0.616059
-0.00375204 0.0163643 -0.616061
-0.00225204 0.0171143 -0.616057
-0.00300204 0.0171143 -0.616059
-0.00375204 0.0171143 -0.61606
-0.00225204 0.0178642 -0.616056
-0.00300204 0.0178642 -0.616058
-0.00375204 0.0178642 -0.616059
-0.00225204 0.0186142 -0.616056
-0.00300204 0.0186142 -0.616057
-0.00375204 0.0186142 -0.616059
-0.00225204 0.0193642 -0.616055
-0.00300204 0.0193642 -0.616057
-0.00375204 0.0193642 -0.616058
-0.00225204 0.0201142 -0.616054
-0.00300204 0.0201142 -0.616056
-0.00375204 0.0201142 -0.616057
-0.00225204 0.0208642 -0.616054
-0.00300204 0.0208642 -0.616055
-0.00375204 0.0208642 -0.616057
-0.00225204 0.0216142 -0.616053
-0.00300204 0.0216142 -0.616055
-0.00375204 0.0216142 -0.616056
-0.00225204 0.0223642 -0.616052
-0.00300204 0.0223642 -0.616054
-0.00375204 0.0223642 -0.616055
-0.00225204 0.0231142 -0.616052
-0.00300204 0.0231142 -0.616053
-0.00375204 0.0231142 -0.616055
-0.00225204 0.0238642 -0.616051
-0.00300204 0.0238642 -0.616053
-0.00375204 0.0238642 -0.616054
-0.00225204 0.0246142 -0.61605
-0.00300204 0.0246142 -0.616052
-0.00375204 0.0246142 -0.616054
-0.00225204 0.0253642 -0.61605
-0.00300204 0.0253642 -0.616051
-0.00375204 0.0253642 -0.616053
-0.00225204 0.0261142 -0.616049
-0.00300204 0.0261142 -0.616051
-0.00375204 0.0261142 -0.616052
-0.00225204 0.0268642 -0.616049
-0.00300204 0.0268642 -0.61605
-0.00375204 0.0268642 -0.616052
-0.00225204 0.0276142 -0.616048
-0.00300204 0.0276142 -0.616049
-0.00375204 0.0276142 -0.616051
-0.00225204 0.0283642 -0.616047
-0.00300204 0.0283642 -0.616049
-0.00375204 0.0283642 -0.61605
-0.00225204 0.0291142 -0.616047
-0.00300204 0.0291142 -0.616048
-0.00375204 0.0291142 -0.61605
-0.00225204 0.0298642 -0.616046
-0.00300204 0.0298642 -0.616048
-0.00375204 0.0298642 -0.616049
-0.00225204 0.0306142 -0.616045
-0.00300204 0.0306142 -0.616047
-0.00375204 0.0306142 -0.616048
-0.00225204 0.0313642 -0.616045
-0.00300204 0.0313642 -0.616046
-0.00375204 0.0313642 -0.616048
-0.00225204 0.0321142 -0.616044
-0.00300204 0.0321142 -0.616046
-0.00375204 0.0321142 -0.616047
-0.00225204 0.0328642 -0.616043
-0.00300204 0.0328642 -0.616045
-0.00375204 0.0328642 -0.616046
-0.00225204 0.0336142 -0.616043
-0.00300204 0.0336142 -0.616044
-0.00375204 0.0336142 -0.616046
-0.00225204 0.0343642 -0.616042
-0.00300204 0.0343642 -0.616044
-0.00375204 0.0343642 -0.616045
-0.00225204 0.0351142 -0.616041
-0.00300204 0.0351142 -0.616043
-0.00375204 0.0351142 -0.616045
-0.00225204 0.0358642 -0.616041
-0.00300204 0.0358642 -0.616042
-0.00375204 0.0358642 -0.616044
-0.00225204 0.0366142 -0.61604
-0.00300204 0.0366142 -0.616042
-0.00375204 0.0366142 -0.616043
