0.00615557 0.0627495 -0.644152
0.00715283 0.0627495 -0.644153
0.00815008 0.0627495 -0.644153
0.00615557 0.0617523 -0.644152
0.00715283 0.0617523 -0.644152
0.00815008 0.0617523 -0.644152
0.00615557 0.060755 -0.644151
0.00715283 0.060755 -0.644151
0.00815008 0.060755 -0.644152
0.00615557 0.0597578 -0.64415
0.00715283 0.0597578 -0.644151
0.00815008 0.0597578 -0.644151
0.00615557 0.0587605 -0.64415
0.00715283 0.0587605 -0.64415
0.00815008 0.0587605 -0.64415
0.00615557 0.0577632 -0.644149
0.00715283 0.0577632 -0.64415
0.00815008 0.0577632 -0.64415
0.00615557 0.056766 -0.644149
0.00715283 0.056766 -0.644149
0.00815008 0.056766 -0.644149
0.00615557 0.0557687 -0.644148
0.00715283 0.0557687 -0.644148
0.00815008 0.0557687 -0.644149
0.00615557 0.0547715 -0.644147
0.00715283 0.0547715 -0.644148
0.00815008 0.0547715 -0.644148
0.00615557 0.0537742 -0.644147
0.00715283 0.0537742 -0.644147
0.00815008 0.0537742 -0.644147
0.00615557 0.052777 -0.644146
0.00715283 0.052777 -0.644146
0.00815008 0.052777 -0.644147
0.00615557 0.0517797 -0.644145
0.00715283 0.0517797 -0.644146
0.00815008 0.0517797 -0.644146
0.00615557 0.0507825 -0.644145
0.00715283 0.0507825 -0.644145
0.00815008 0.0507825 -0.644145
0.00615557 0.0497852 -0.644144
0.00715283 0.0497852 -0.644144
0.00815008 0.0497852 -0.644145
0.00615557 0.048788 -0.644143
0.00715283 0.048788 -0.644144
0.00815008 0.048788 -0.644144
0.00615557 0.0477907 -0.644143
0.00715283 0.0477907 -0.644143
0.00815008 0.0477907 -0.644143
0.00615557 0.0467934 -0.644142
0.00715283 0.0467934 -0.644143
0.00815008 0.0467934 -0.644143
0.00615557 0.0457962 -0.644142
0.00715283 0.0457962 -0.644142
0.00815008 0.0457962 -0.644142
0.00615557 0.0447989 -0.644141
0.00715283 0.0447989 -0.644141
0.00815008 0.0447989 -0.644142
0.00615557 0.0438017 -0.64414
0.00715283 0.0438017 -0.644141
0.00815008 0.0438017 -0.644141
0.00615557 0.0428044 -0.64414
0.00715283 0.0428044 -0.64414
0.00815008 0.0428044 -0.64414
0.00615557 0.0418072 -0.644139
0.00715283 0.0418072 -0.644139
0.00815008 0.0418072 -0.64414
0.00615557 0.0408099 -0.644138
0.00715283 0.0408099 -0.644139
0.00815008 0.0408099 -0.644139
0.00615557 0.0398127 -0.644138
0.00715283 0.0398127 -0.644138
0.00815008 0.0398127 -0.644138
0.00615557 0.0388154 -0.644137
0.00715283 0.0388154 -0.644137
0.00815008 0.0388154 -0.644138
0.00615557 0.0378181 -0.644136
0.00715283 0.0378181 -0.644137
0.00815008 0.0378181 -0.644137
0.00615557 0.0368209 -0.644136
0.00715283 0.0368209 -0.644136
0.00815008 0.0368209 -0.644136
0.00615557 0.0358236 -0.644135
0.00715283 0.0358236 -0.644136
0.00815008 0.0358236 -0.644136
0.00615557 0.0348264 -0.644135
0.00715283 0.0348264 -0.644135
0.00815008 0.0348264 -0.644135
0.00615557 0.0338291 -0.644134
0.00715283 0.0338291 -0.644134
0.00815008 0.0338291 -0.644135
0.00615557 0.0328319 -0.644133
0.00715283 0.0328319 -0.644134
0.00815008 0.0328319 -0.644134
0.00615557 0.0318346 -0.644133
0.00715283 0.0318346 -0.644133
0.00815008 0.0318346 -0.644133
0.00615557 0.0308374 -0.644132
0.00715283 0.0308374 -0.644132
0.00815008 0.0308374 -0.644133
0.00615557 0.0298401 -0.644131
0.00715283 0.0298401 -0.644132
0.00815008 0.0298401 -0.644132
0.00615557 0.0288428 -0.644131
0.00715283 0.0288428 -0.644131
0.00815008 0.0288428 -0.644131
0.00615557 0.0278456 -0.64413
0.00715283 0.0278456 -0.64413
0.00815008 0.0278456 -0.644131
0.00615557 0.0268483 -0.64413
0.00715283 0.0268483 -0.64413
0.00815008 0.0268483 -0.64413
0.00615557 0.0258511 -0.644129
0.00715283 0.0258511 -0.644129
0.00815008 0.0258511 -0.64413
0.00615557 0.0248538 -0.644128
0.00715283 0.0248538 -0.644129
0.00815008 0.0248538 -0.644129
0.00615557 0.0238566 -0.644128
0.00715283 0.0238566 -0.644128
0.00815008 0.0238566 -0.644128
0.00615557 0.0228593 -0.644127
0.00715283 0.0228593 -0.644127
0.00815008 0.0228593 -0.644128
0.00615557 0.0218621 -0.644126
0.00715283 0.0218621 -0.644127
0.00815008 0.0218621 -0.644127
0.00615557 0.0208648 -0.644126
0.00715283 0.0208648 -0.644126
0.00815008 0.0208648 -0.644126
0.00615557 0.0198675 -0.644125
0.00715283 0.0198675 -0.644125
0.00815008 0.0198675 -0.644126
0.00615557 0.0188703 -0.644124
0.00715283 0.0188703 -0.644125
0.00815008 0.0188703 -0.644125
0.00615557 0.017873 -0.644124
0.00715283 0.017873 -0.644124
0.00815008 0.017873 -0.644124
0.00615557 0.0168758 -0.644123
0.00715283 0.0168758 -0.644123
0.00815008 0.0168758 -0.644124
0.00615557 0.0158785 -0.644122
0.00715283 0.0158785 -0.644123
0.00815008 0.0158785 -0.644123
0.00615557 0.0148813 -0.644122
0.00715283 0.0148813 -0.644122
0.00815008 0.0148813 -0.644123
0.00615557 0.013884 -0.644121
0.00715283 0.013884 -0.644122
0.00815008 0.013884 -0.644122
0.00615557 0.0128868 -0.644121
0.00715283 0.0128868 -0.644121
0.00815008 0.0128868 -0.644121
0.00615557 0.0118895 -0.64412
0.00715283 0.0118895 -0.64412
0.00815008 0.0118895 -0.644121
0.00615557 0.0108922 -0.644119
0.00715283 0.0108922 -0.64412
0.00815008 0.0108922 -0.64412
0.00615557 0.00989499 -0.644119
0.00715283 0.00989499 -0.644119
0.00815008 0.00989499 -0.644119
0.00615557 0.00889774 -0.644118
0.00715283 0.00889774 -0.644118
0.00815008 0.00889774 -0.644119
0.00615557 0.00790048 -0.644117
0.00715283 0.00790048 -0.644118
0.00815008 0.00790048 -0.644118
0.00615557 0.00690323 -0.644117
0.00715283 0.00690323 -0.644117
0.00815008 0.00690323 -0.644117
0.00615557 0.00590597 -0.644116
0.00715283 0.00590597 -0.644116
0.00815008 0.00590597 -0.644117
0.00615557 0.00490872 -0.644116
0.00715283 0.00490872 -0.644116
0.00815008 0.00490872 -0.644116
0.00615557 0.00391146 -0.644115
0.00715283 0.00391146 -0.644115
0.00815008 0.00391146 -0.644116
0.00615557 0.00291421 -0.644114
0.00715283 0.00291421 -0.644115
0.00815008 0.00291421 -0.644115
0.00615557 0.00191695 -0.644114
0.00715283 0.00191695 -0.644114
0.00815008 0.00191695 -0.644114
0.00615557 0.000919697 -0.644113
0.00715283 0.000919697 -0.644113
0.00815008 0.000919697 -0.644114
0.00615557 -7.75582e-05 -0.644112
0.00715283 -7.75582e-05 -0.644113
0.00815008 -7.75582e-05 -0.644113
0.00615557 -0.00107481 -0.644112
0.00715283 -0.00107481 -0.644112
0.00815008 -0.00107481 -0.644112
0.00615557 -0.00207207 -0.644111
0.00715283 -0.00207207 -0.644111
0.00815008 -0.00207207 -0.644112
0.00615557 -0.00306932 -0.64411
0.00715283 -0.00306932 -0.644111
0.00815008 -0.00306932 -0.644111
0.00615557 -0.00406658 -0.64411
0.00715283 -0.00406658 -0.64411
0.00815008 -0.00406658 -0.64411
0.00615557 -0.00506383 -0.644109
0.00715283 -0.00506383 -0.644109
0.00815008 -0.00506383 -0.64411
0.00615557 -0.00606109 -0.644109
0.00715283 -0.00606109 -0.644109
0.00815008 -0.00606109 -0.644109
0.00615557 -0.00705835 -0.644108
0.00715283 -0.00705835 -0.644108
0.00815008 -0.00705835 -0.644109
0.00615557 -0.0080556 -0.644107
0.00715283 -0.0080556 -0.644108
0.00815008 -0.0080556 -0.644108
0.00615557 -0.00905286 -0.644107
0.00715283 -0.00905286 -0.644107
0.00815008 -0.00905286 -0.644107
0.00615557 -0.0100501 -0.644106
0.00715283 -0.0100501 -0.644106
0.00815008 -0.0100501 -0.644107
0.00615557 -0.0110474 -0.644105
0.00715283 -0.0110474 -0.644106
0.00815008 -0.0110474 -0.644106
0.00615557 -0.0120446 -0.644105
0.00715283 -0.0120446 -0.644105
0.00815008 -0.0120446 -0.644105
0.00615557 -0.0130419 -0.644104
0.00715283 -0.0130419 -0.644104
0.00815008 -0.0130419 -0.644105
0.00615557 -0.0140391 -0.644103
0.00715283 -0.0140391 -0.644104
0.00815008 -0.0140391 -0.644104
0.00615557 -0.0150364 -0.644103
0.00715283 -0.0150364 -0.644103
0.00815008 -0.0150364 -0.644103
0.00615557 -0.0160336 -0.644102
0.00715283 -0.0160336 -0.644103
0.00815008 -0.0160336 -0.644103
0.00615557 -0.0170309 -0.644102
0.00715283 -0.0170309 -0.644102
0.00815008 -0.0170309 -0.644102
0.00615557 -0.0180282 -0.644101
0.00715283 -0.0180282 -0.644101
0.00815008 -0.0180282 -0.644102
0.00615557 -0.0190254 -0.6441
0.00715283 -0.0190254 -0.644101
0.00815008 -0.0190254 -0.644101
0.00615557 -0.0200227 -0.6441
0.00715283 -0.0200227 -0.6441
0.00815008 -0.0200227 -0.6441
0.00615557 -0.0210199 -0.644099
0.00715283 -0.0210199 -0.644099
0.00815008 -0.0210199 -0.6441
0.00615557 -0.0220172 -0.644098
0.00715283 -0.0220172 -0.644099
0.00815008 -0.0220172 -0.644099
0.00615557 -0.0230144 -0.644098
0.00715283 -0.0230144 -0.644098
0.00815008 -0.0230144 -0.644098
0.00615557 -0.0240117 -0.644097
0.00715283 -0.0240117 -0.644097
0.00815008 -0.0240117 -0.644098
0.00615557 -0.0250089 -0.644096
0.00715283 -0.0250089 -0.644097
0.00815008 -0.0250089 -0.644097
0.00615557 -0.0260062 -0.644096
0.00715283 -0.0260062 -0.644096
0.00815008 -0.0260062 -0.644096
0.00615557 -0.0270035 -0.644095
0.00715283 -0.0270035 -0.644095
0.00815008 -0.0270035 -0.644096
0.00615557 -0.0280007 -0.644095
0.00715283 -0.0280007 -0.644095
0.00815008 -0.0280007 -0.644095
0.00615557 -0.028998 -0.644094
0.00715283 -0.028998 -0.644094
0.00815008 -0.028998 -0.644095
0.00615557 -0.0299952 -0.644093
0.00715283 -0.0299952 -0.644094
0.00815008 -0.0299952 -0.644094
0.00615557 -0.0309925 -0.644093
0.00715283 -0.0309925 -0.644093
0.00815008 -0.0309925 -0.644093
0.00615557 -0.0319897 -0.644092
0.00715283 -0.0319897 -0.644092
0.00815008 -0.0319897 -0.644093
0.00615557 -0.032987 -0.644091
0.00715283 -0.032987 -0.644092
0.00815008 -0.032987 -0.644092
0.00615557 -0.0339842 -0.644091
0.00715283 -0.0339842 -0.644091
0.00815008 -0.0339842 -0.644091
0.00615557 -0.0349815 -0.64409
0.00715283 -0.0349815 -0.64409
0.00815008 -0.0349815 -0.644091
0.00615557 -0.0359787 -0.644089
0.00715283 -0.0359787 -0.64409
0.00815008 -0.0359787 -0.64409
0.00615557 -0.036976 -0.644089
0.00715283 -0.036976 -0.644089
0.00815008 -0.036976 -0.644089
0.00615557 -0.0379733 -0.644088
0.00715283 -0.0379733 -0.644089
0.00815008 -0.0379733 -0.644089
0.00615557 -0.0389705 -0.644088
0.00715283 -0.0389705 -0.644088
0.00815008 -0.0389705 -0.644088
0.00615557 -0.0399678 -0.644087
0.00715283 -0.0399678 -0.644087
0.00815008 -0.0399678 -0.644088
0.00615557 -0.040965 -0.644086
0.00715283 -0.040965 -0.644087
0.00815008 -0.040965 -0.644087
0.00615557 -0.0419623 -0.644086
0.00715283 -0.0419623 -0.644086
0.00815008 -0.0419623 -0.644086
0.00615557 -0.0429595 -0.644085
0.00715283 -0.0429595 -0.644085
0.00815008 -0.0429595 -0.644086
0.00615557 -0.0439568 -0.644084
0.00715283 -0.0439568 -0.644085
0.00815008 -0.0439568 -0.644085
0.00615557 -0.044954 -0.644084
0.00715283 -0.044954 -0.644084
0.00815008 -0.044954 -0.644084
0.00615557 -0.0459513 -0.644083
0.00715283 -0.0459513 -0.644083
0.00815008 -0.0459513 -0.644084
0.00615557 -0.0469486 -0.644082
0.00715283 -0.0469486 -0.644083
0.00815008 -0.0469486 -0.644083
