-0.00162373 -0.000749709 -0.786731
-0.00202533 -0.000749709 -0.786734
-0.00242694 -0.000749709 -0.786737
-0.00162373 -0.000348101 -0.786731
-0.00202533 -0.000348101 -0.786734
-0.00242694 -0.000348101 -0.786738
-0.00162373 5.35064e-05 -0.786731
-0.00202533 5.35064e-05 -0.786734
-0.00242694 5.35064e-05 -0.786738
-0.00162373 0.000455114 -0.786731
-0.00202533 0.000455114 -0.786735
-0.00242694 0.000455114 -0.786738
-0.00162373 0.000856722 -0.786731
-0.00202533 0.000856722 -0.786735
-0.00242694 0.000856722 -0.786738
-0.00162373 0.00125833 -0.786732
-0.00202533 0.00125833 -0.786735
-0.00242694 0.00125833 -0.786738
-0.00162373 0.00165994 -0.786732
-0.00202533 0.00165994 -0.786735
-0.00242694 0.00165994 -0.786738
-0.00162373 0.00206155 -0.786732
-0.00202533 0.00206155 -0.786735
-0.00242694 0.00206155 -0.786738
-0.00162373 0.00246315 -0.786732
-0.00202533 0.00246315 -0.786735
-0.00242694 0.00246315 -0.786738
-0.00162373 0.00286476 -0.786732
-0.00202533 0.00286476 -0.786735
-0.00242694 0.00286476 -0.786738
-0.00162373 0.00326637 -0.786732
-0.00202533 0.00326637 -0.786735
-0.00242694 0.00326637 -0.786738
-0.00162373 0.00366798 -0.786732
-0.00202533 0.00366798 -0.786735
-0.00242694 0.00366798 -0.786738
-0.00162373 0.00406959 -0.786732
-0.00202533 0.00406959 -0.786735
-0.00242694 0.00406959 -0.786738
-0.00162373 0.00447119 -0.786732
-0.00202533 0.00447119 -0.786735
-0.00242694 0.00447119 -0.786738
-0.00162373 0.0048728 -0.786732
-0.00202533 0.0048728 -0.786735
-0.00242694 0.0048728 -0.786739
-0.00162373 0.00527441 -0.786732
-0.00202533 0.00527441 -0.786736
-0.00242694 0.00527441 -0.786739
-0.00162373 0.00567602 -0.786732
-0.00202533 0.00567602 -0.786736
-0.00242694 0.00567602 -0.786739
-0.00162373 0.00607763 -0.786733
-0.00202533 0.00607763 -0.786736
-0.00242694 0.00607763 -0.786739
-0.00162373 0.00647923 -0.786733
-0.00202533 0.00647923 -0.786736
-0.00242694 0.00647923 -0.786739
-0.00162373 0.00688084 -0.786733
-0.00202533 0.00688084 -0.786736
-0.00242694 0.00688084 -0.786739
-0.00162373 0.00728245 -0.786733
-0.00202533 0.00728245 -0.786736
-0.00242694 0.00728245 -0.786739
-0.00162373 0.00768406 -0.786733
-0.00202533 0.00768406 -0.786736
-0.00242694 0.00768406 -0.786739
-0.00162373 0.00808567 -0.786733
-0.00202533 0.00808567 -0.786736
-0.00242694 0.00808567 -0.786739
-0.00162373 0.00848727 -0.786733
-0.00202533 0.00848727 -0.786736
-0.00242694 0.00848727 -0.786739
-0.00162373 0.00888888 -0.786733
-0.00202533 0.00888888 -0.786736
-0.00242694 0.00888888 -0.786739
-0.00162373 0.00929049 -0.786733
-0.00202533 0.00929049 -0.786736
-0.00242694 0.00929049 -0.786739
-0.00162373 0.0096921 -0.786733
-0.00202533 0.0096921 -0.786736
-0.00242694 0.0096921 -0.78674
-0.00162373 0.0100937 -0.786733
-0.00202533 0.0100937 -0.786736
-0.00242694 0.0100937 -0.78674
-0.00162373 0.0104953 -0.786733
-0.00202533 0.0104953 -0.786737
-0.00242694 0.0104953 -0.78674
-0.00162373 0.0108969 -0.786734
-0.00202533 0.0108969 -0.786737
-0.00242694 0.0108969 -0.78674
-0.00162373 0.0112985 -0.786734
-0.00202533 0.0112985 -0.786737
-0.00242694 0.0112985 -0.78674
-0.00162373 0.0117001 -0.786734
-0.00202533 0.0117001 -0.786737
-0.00242694 0.0117001 -0.78674
-0.00162373 0.0121017 -0.786734
-0.00202533 0.0121017 -0.786737
-0.00242694 0.0121017 -0.78674
-0.00162373 0.0125034 -0.786734
-0.00202533 0.0125034 -0.786737
-0.00242694 0.0125034 -0.78674
-0.00162373 0.012905 -0.786734
-0.00202533 0.012905 -0.786737
-0.00242694 0.012905 -0.78674
-0.00162373 0.0133066 -0.786734
-0.00202533 0.0133066 -0.786737
-0.00242694 0.0133066 -0.78674
-0.00162373 0.0137082 -0.786734
-0.00202533 0.0137082 -0.786737
-0.00242694 0.0137082 -0.78674
-0.00162373 0.0141098 -0.786734
-0.00202533 0.0141098 -0.786737
-0.00242694 0.0141098 -0.78674
-0.00162373 0.0145114 -0.786734
-0.00202533 0.0145114 -0.786737
-0.00242694 0.0145114 -0.786741
-0.00162373 0.014913 -0.786734
-0.00202533 0.014913 -0.786738
-0.00242694 0.014913 -0.786741
-0.00162373 0.0153146 -0.786734
-0.00202533 0.0153146 -0.786738
-0.00242694 0.0153146 -0.786741
-0.00162373 0.0157162 -0.786735
-0.00202533 0.0157162 -0.786738
-0.00242694 0.0157162 -0.786741
-0.00162373 0.0161178 -0.786735
-0.00202533 0.0161178 -0.786738
-0.00242694 0.0161178 -0.786741
-0.00162373 0.0165194 -0.786735
-0.00202533 0.0165194 -0.786738
-0.00242694 0.0165194 -0.786741
-0.00162373 0.016921 -0.786735
-0.00202533 0.016921 -0.786738
-0.00242694 0.016921 -0.786741
-0.00162373 0.0173226 -0.786735
-0.00202533 0.0173226 -0.786738
-0.00242694 0.0173226 -0.786741
-0.00162373 0.0177243 -0.786735
-0.00202533 0.0177243 -0.786738
-0.00242694 0.0177243 -0.786741
-0.00162373 0.0181259 -0.786735
-0.00202533 0.0181259 -0.786738
-0.00242694 0.0181259 -0.786741
-0.00162373 0.0185275 -0.786735
-0.00202533 0.0185275 -0.786738
-0.00242694 0.0185275 -0.786741
-0.00162373 0.0189291 -0.786735
-0.00202533 0.0189291 -0.786738
-0.00242694 0.0189291 -0.786741
-0.00162373 0.0193307 -0.786735
-0.00202533 0.0193307 -0.786738
-0.00242694 0.0193307 -0.786741
-0.00162373 0.0197323 -0.786735
-0.00202533 0.0197323 -0.786738
-0.00242694 0.0197323 -0.786742
-0.00162373 0.0201339 -0.786735
-0.00202533 0.0201339 -0.786739
-0.00242694 0.0201339 -0.786742
-0.00162373 0.0205355 -0.786735
-0.00202533 0.0205355 -0.786739
-0.00242694 0.0205355 -0.786742
-0.00162373 0.0209371 -0.786736
-0.00202533 0.0209371 -0.786739
-0.00242694 0.0209371 -0.786742
-0.00162373 0.0213387 -0.786736
-0.00202533 0.0213387 -0.786739
-0.00242694 0.0213387 -0.786742
-0.00162373 0.0217403 -0.786736
-0.00202533 0.0217403 -0.786739
-0.00242694 0.0217403 -0.786742
-0.00162373 0.0221419 -0.786736
-0.00202533 0.0221419 -0.786739
-0.00242694 0.0221419 -0.786742
-0.00162373 0.0225436 -0.786736
-0.00202533 0.0225436 -0.786739
-0.00242694 0.0225436 -0.786742
-0.00162373 0.0229452 -0.786736
-0.00202533 0.0229452 -0.786739
-0.00242694 0.0229452 -0.786742
-0.00162373 0.0233468 -0.786736
-0.00202533 0.0233468 -0.786739
-0.00242694 0.0233468 -0.786742
-0.00162373 0.0237484 -0.786736
-0.00202533 0.0237484 -0.786739
-0.00242694 0.0237484 -0.786742
-0.00162373 0.02415 -0.786736
-0.00202533 0.02415 -0.786739
-0.00242694 0.02415 -0.786743
-0.00162373 0.0245516 -0.786736
-0.00202533 0.0245516 -0.786739
-0.00242694 0.0245516 -0.786743
-0.00162373 0.0249532 -0.786736
-0.00202533 0.0249532 -0.78674
-0.00242694 0.0249532 -0.786743
-0.00162373 0.0253548 -0.786736
-0.00202533 0.0253548 -0.78674
-0.00242694 0.0253548 -0.786743
-0.00162373 0.0257564 -0.786737
-0.00202533 0.0257564 -0.78674
-0.00242694 0.0257564 -0.786743
-0.00162373 0.026158 -0.786737
-0.00202533 0.026158 -0.78674
-0.00242694 0.026158 -0.786743
-0.00162373 0.0265596 -0.786737
-0.00202533 0.0265596 -0.78674
-0.00242694 0.0265596 -0.786743
-0.00162373 0.0269612 -0.786737
-0.00202533 0.0269612 -0.78674
-0.00242694 0.0269612 -0.786743
-0.00162373 0.0273628 -0.786737
-0.00202533 0.0273628 -0.78674
-0.00242694 0.0273628 -0.786743
-0.00162373 0.0277645 -0.786737
-0.00202533 0.0277645 -0.78674
-0.00242694 0.0277645 -0.786743
-0.00162373 0.0281661 -0.786737
-0.00202533 0.0281661 -0.78674
-0.00242694 0.0281661 -0.786743
-0.00162373 0.0285677 -0.786737
-0.00202533 0.0285677 -0.78674
-0.00242694 0.0285677 -0.786743
-0.00162373 0.0289693 -0.786737
-0.00202533 0.0289693 -0.78674
-0.00242694 0.0289693 -0.786743
-0.00162373 0.0293709 -0.786737
-0.00202533 0.0293709 -0.78674
-0.00242694 0.0293709 -0.786744
-0.00162373 0.0297725 -0.786737
-0.00202533 0.0297725 -0.78674
-0.00242694 0.0297725 -0.786744
-0.00162373 0.0301741 -0.786737
-0.00202533 0.0301741 -0.786741
-0.00242694 0.0301741 -0.786744
-0.00162373 0.0305757 -0.786738
-0.00202533 0.0305757 -0.786741
-0.00242694 0.0305757 -0.786744
-0.00162373 0.0309773 -0.786738
-0.00202533 0.0309773 -0.786741
-0.00242694 0.0309773 -0.786744
-0.00162373 0.0313789 -0.786738
-0.00202533 0.0313789 -0.786741
-0.00242694 0.0313789 -0.786744
-0.00162373 0.0317805 -0.786738
-0.00202533 0.0317805 -0.786741
-0.00242694 0.0317805 -0.786744
-0.00162373 0.0321821 -0.786738
-0.00202533 0.0321821 -0.786741
-0.00242694 0.0321821 -0.786744
-0.00162373 0.0325837 -0.786738
-0.00202533 0.0325837 -0.786741
-0.00242694 0.0325837 -0.786744
-0.00162373 0.0329854 -0.786738
-0.00202533 0.0329854 -0.786741
-0.00242694 0.0329854 -0.786744
-0.00162373 0.033387 -0.786738
-0.00202533 0.033387 -0.786741
-0.00242694 0.033387 -0.786744
-0.00162373 0.0337886 -0.786738
-0.00202533 0.0337886 -0.786741
-0.00242694 0.0337886 -0.786744
-0.00162373 0.0341902 -0.786738
-0.00202533 0.0341902 -0.786741
-0.00242694 0.0341902 -0.786745
-0.00162373 0.0345918 -0.786738
-0.00202533 0.0345918 -0.786741
-0.00242694 0.0345918 -0.786745
-0.00162373 0.0349934 -0.786738
-0.00202533 0.0349934 -0.786742
-0.00242694 0.0349934 -0.786745
-0.00162373 0.035395 -0.786739
-0.00202533 0.035395 -0.786742
-0.00242694 0.035395 -0.786745
-0.00162373 0.0357966 -0.786739
-0.00202533 0.0357966 -0.786742
-0.00242694 0.0357966 -0.786745
-0.00162373 0.0361982 -0.786739
-0.00202533 0.0361982 -0.786742
-0.00242694 0.0361982 -0.786745
-0.00162373 0.0365998 -0.786739
-0.00202533 0.0365998 -0.786742
-0.00242694 0.0365998 -0.786745
-0.00162373 0.0370014 -0.786739
-0.00202533 0.0370014 -0.786742
-0.00242694 0.0370014 -0.786745
-0.00162373 0.037403 -0.786739
-0.00202533 0.037403 -0.786742
-0.00242694 0.037403 -0.786745
-0.00162373 0.0378047 -0.786739
-0.00202533 0.0378047 -0.786742
-0.00242694 0.0378047 -0.786745
-0.00162373 0.0382063 -0.786739
-0.00202533 0.0382063 -0.786742
-0.00242694 0.0382063 -0.786745
-0.00162373 0.0386079 -0.786739
-0.00202533 0.0386079 -0.786742
-0.00242694 0.0386079 -0.786745
-0.00162373 0.0390095 -0.786739
-0.00202533 0.0390095 -0.786742
-0.00242694 0.0390095 -0.786746
-0.00162373 0.0394111 -0.786739
-0.00202533 0.0394111 -0.786742
-0.00242694 0.0394111 -0.786746
-0.00162373 0.0398127 -0.786739
-0.00202533 0.0398127 -0.786743
-0.00242694 0.0398127 -0.786746
-0.00162373 0.0402143 -0.78674
-0.00202533 0.0402143 -0.786743
-0.00242694 0.0402143 -0.786746
-0.00162373 0.0406159 -0.78674
-0.00202533 0.0406159 -0.786743
-0.00242694 0.0406159 -0.786746
-0.00162373 0.0410175 -0.78674
-0.00202533 0.0410175 -0.786743
-0.00242694 0.0410175 -0.786746
-0.00162373 0.0414191 -0.78674
-0.00202533 0.0414191 -0.786743
-0.00242694 0.0414191 -0.786746
-0.00162373 0.0418207 -0.78674
-0.00202533 0.0418207 -0.786743
-0.00242694 0.0418207 -0.786746
-0.00162373 0.0422223 -0.78674
-0.00202533 0.0422223 -0.786743
-0.00242694 0.0422223 -0.786746
-0.00162373 0.0426239 -0.78674
-0.00202533 0.0426239 -0.786743
-0.00242694 0.0426239 -0.786746
-0.00162373 0.0430256 -0.78674
-0.00202533 0.0430256 -0.786743
-0.00242694 0.0430256 -0.786746
-0.00162373 0.0434272 -0.78674
-0.00202533 0.0434272 -0.786743
-0.00242694 0.0434272 -0.786746
