-0.00642156 -0.013447 -0.724356
-0.00669031 -0.013447 -0.724354
-0.00695906 -0.013447 -0.724351
-0.00642156 -0.0131783 -0.724356
-0.00669031 -0.0131783 -0.724354
-0.00695906 -0.0131783 -0.724352
-0.00642156 -0.0129095 -0.724357
-0.00669031 -0.0129095 -0.724355
-0.00695906 -0.0129095 -0.724352
-0.00642156 -0.0126408 -0.724357
-0.00669031 -0.0126408 -0.724355
-0.00695906 -0.0126408 -0.724353
-0.00642156 -0.012372 -0.724358
-0.00669031 -0.012372 -0.724355
-0.00695906 -0.012372 -0.724353
-0.00642156 -0.0121033 -0.724358
-0.00669031 -0.0121033 -0.724356
-0.00695906 -0.0121033 -0.724353
-0.00642156 -0.0118345 -0.724359
-0.00669031 -0.0118345 -0.724356
-0.00695906 -0.0118345 -0.724354
-0.00642156 -0.0115658 -0.724359
-0.00669031 -0.0115658 -0.724357
-0.00695906 -0.0115658 -0.724354
-0.00642156 -0.011297 -0.72436
-0.00669031 -0.011297 -0.724357
-0.00695906 -0.011297 -0.724355
-0.00642156 -0.0110283 -0.72436
-0.00669031 -0.0110283 -0.724358
-0.00695906 -0.0110283 -0.724355
-0.00642156 -0.0107595 -0.724361
-0.00669031 -0.0107595 -0.724358
-0.00695906 -0.0107595 -0.724356
-0.00642156 -0.0104908 -0.724361
-0.00669031 -0.0104908 -0.724359
-0.00695906 -0.0104908 -0.724356
-0.00642156 -0.010222 -0.724362
-0.00669031 -0.010222 -0.724359
-0.00695906 -0.010222 -0.724357
-0.00642156 -0.00995326 -0.724362
-0.00669031 -0.00995326 -0.72436
-0.00695906 -0.00995326 -0.724357
-0.00642156 -0.00968451 -0.724363
-0.00669031 -0.00968451 -0.72436
-0.00695906 -0.00968451 -0.724358
-0.00642156 -0.00941576 -0.724363
-0.00669031 -0.00941576 -0.724361
-0.00695906 -0.00941576 -0.724358
-0.00642156 -0.00914701 -0.724364
-0.00669031 -0.00914701 -0.724361
-0.00695906 -0.00914701 -0.724359
-0.00642156 -0.00887826 -0.724364
-0.00669031 -0.00887826 -0.724362
-0.00695906 -0.00887826 -0.724359
-0.00642156 -0.00860951 -0.724365
-0.00669031 -0.00860951 -0.724362
-0.00695906 -0.00860951 -0.72436
-0.00642156 -0.00834076 -0.724365
-0.00669031 -0.00834076 -0.724363
-0.00695906 -0.00834076 -0.72436
-0.00642156 -0.00807201 -0.724366
-0.00669031 -0.00807201 -0.724363
-0.00695906 -0.00807201 -0.724361
-0.00642156 -0.00780326 -0.724366
-0.00669031 -0.00780326 -0.724364
-0.00695906 -0.00780326 -0.724361
-0.00642156 -0.00753451 -0.724367
-0.00669031 -0.00753451 -0.724364
-0.00695906 -0.00753451 -0.724362
-0.00642156 -0.00726576 -0.724367
-0.00669031 -0.00726576 -0.724365
-0.00695906 -0.00726576 -0.724362
-0.00642156 -0.00699701 -0.724368
-0.00669031 -0.00699701 -0.724365
-0.00695906 -0.00699701 -0.724363
-0.00642156 -0.00672825 -0.724368
-0.00669031 -0.00672825 -0.724366
-0.00695906 -0.00672825 -0.724363
-0.00642156 -0.0064595 -0.724369
-0.00669031 -0.0064595 -0.724366
-0.00695906 -0.0064595 -0.724364
-0.00642156 -0.00619075 -0.724369
-0.00669031 -0.00619075 -0.724367
-0.00695906 -0.00619075 -0.724364
-0.00642156 -0.005922 -0.72437
-0.00669031 -0.005922 -0.724367
-0.00695906 -0.005922 -0.724365
-0.00642156 -0.00565325 -0.72437
-0.00669031 -0.00565325 -0.724368
-0.00695906 -0.00565325 -0.724365
-0.00642156 -0.0053845 -0.724371
-0.00669031 -0.0053845 -0.724368
-0.00695906 -0.0053845 -0.724366
-0.00642156 -0.00511575 -0.724371
-0.00669031 -0.00511575 -0.724369
-0.00695906 -0.00511575 -0.724366
-0.00642156 -0.004847 -0.724371
-0.00669031 -0.004847 -0.724369
-0.00695906 -0.004847 -0.724367
-0.00642156 -0.00457825 -0.724372
-0.00669031 -0.00457825 -0.72437
-0.00695906 -0.00457825 -0.724367
-0.00642156 -0.0043095 -0.724372
-0.00669031 -0.0043095 -0.72437
-0.00695906 -0.0043095 -0.724367
-0.00642156 -0.00404075 -0.724373
-0.00669031 -0.00404075 -0.72437
-0.00695906 -0.00404075 -0.724368
-0.00642156 -0.003772 -0.724373
-0.00669031 -0.003772 -0.724371
-0.00695906 -0.003772 -0.724369
-0.00642156 -0.00350325 -0.724374
-0.00669031 -0.00350325 -0.724371
-0.00695906 -0.00350325 -0.724369
-0.00642156 -0.0032345 -0.724374
-0.00669031 -0.0032345 -0.724372
-0.00695906 -0.0032345 -0.724369
-0.00642156 -0.00296575 -0.724375
-0.00669031 -0.00296575 -0.724372
-0.00695906 -0.00296575 -0.72437
-0.00642156 -0.00269699 -0.724375
-0.00669031 -0.00269699 -0.724373
-0.00695906 -0.00269699 -0.72437
-0.00642156 -0.00242824 -0.724376
-0.00669031 -0.00242824 -0.724373
-0.00695906 -0.00242824 -0.724371
-0.00642156 -0.00215949 -0.724376
-0.00669031 -0.00215949 -0.724374
-0.00695906 -0.00215949 -0.724371
-0.00642156 -0.00189074 -0.724377
-0.00669031 -0.00189074 -0.724374
-0.00695906 -0.00189074 -0.724372
-0.00642156 -0.00162199 -0.724377
-0.00669031 -0.00162199 -0.724375
-0.00695906 -0.00162199 -0.724372
-0.00642156 -0.00135324 -0.724378
-0.00669031 -0.00135324 -0.724375
-0.00695906 -0.00135324 -0.724373
-0.00642156 -0.00108449 -0.724378
-0.00669031 -0.00108449 -0.724376
-0.00695906 -0.00108449 -0.724373
-0.00642156 -0.00081574 -0.724379
-0.00669031 -0.00081574 -0.724376
-0.00695906 -0.00081574 -0.724374
-0.00642156 -0.000546989 -0.724379
-0.00669031 -0.000546989 -0.724377
-0.00695906 -0.000546989 -0.724374
-0.00642156 -0.000278238 -0.72438
-0.00669031 -0.000278238 -0.724377
-0.00695906 -0.000278238 -0.724375
-0.00642156 -9.48759e-06 -0.72438
-0.00669031 -9.48759e-06 -0.724378
-0.00695906 -9.48759e-06 -0.724375
-0.00642156 0.000259263 -0.724381
-0.00669031 0.000259263 -0.724378
-0.00695906 0.000259263 -0.724376
-0.00642156 0.000528014 -0.724381
-0.00669031 0.000528014 -0.724379
-0.00695906 0.000528014 -0.724376
-0.00642156 0.000796764 -0.724382
-0.00669031 0.000796764 -0.724379
-0.00695906 0.000796764 -0.724377
-0.00642156 0.00106552 -0.724382
-0.00669031 0.00106552 -0.72438
-0.00695906 0.00106552 -0.724377
-0.00642156 0.00133427 -0.724383
-0.00669031 0.00133427 -0.72438
-0.00695906 0.00133427 -0.724378
-0.00642156 0.00160302 -0.724383
-0.00669031 0.00160302 -0.724381
-0.00695906 0.00160302 -0.724378
-0.00642156 0.00187177 -0.724384
-0.00669031 0.00187177 -0.724381
-0.00695906 0.00187177 -0.724379
-0.00642156 0.00214052 -0.724384
-0.00669031 0.00214052 -0.724382
-0.00695906 0.00214052 -0.724379
-0.00642156 0.00240927 -0.724385
-0.00669031 0.00240927 -0.724382
-0.00695906 0.00240927 -0.72438
-0.00642156 0.00267802 -0.724385
-0.00669031 0.00267802 -0.724383
-0.00695906 0.00267802 -0.72438
-0.00642156 0.00294677 -0.724385
-0.00669031 0.00294677 -0.724383
-0.00695906 0.00294677 -0.724381
-0.00642156 0.00321552 -0.724386
-0.00669031 0.00321552 -0.724384
-0.00695906 0.00321552 -0.724381
-0.00642156 0.00348427 -0.724387
-0.00669031 0.00348427 -0.724384
-0.00695906 0.00348427 -0.724382
-0.00642156 0.00375302 -0.724387
-0.00669031 0.00375302 -0.724384
-0.00695906 0.00375302 -0.724382
-0.00642156 0.00402177 -0.724387
-0.00669031 0.00402177 -0.724385
-0.00695906 0.00402177 -0.724383
-0.00642156 0.00429052 -0.724388
-0.00669031 0.00429052 -0.724385
-0.00695906 0.00429052 -0.724383
-0.00642156 0.00455927 -0.724388
-0.00669031 0.00455927 -0.724386
-0.00695906 0.00455927 -0.724383
-0.00642156 0.00482802 -0.724389
-0.00669031 0.00482802 -0.724386
-0.00695906 0.00482802 -0.724384
-0.00642156 0.00509678 -0.724389
-0.00669031 0.00509678 -0.724387
-0.00695906 0.00509678 -0.724384
-0.00642156 0.00536553 -0.72439
-0.00669031 0.00536553 -0.724387
-0.00695906 0.00536553 -0.724385
-0.00642156 0.00563428 -0.72439
-0.00669031 0.00563428 -0.724388
-0.00695906 0.00563428 -0.724385
-0.00642156 0.00590303 -0.724391
-0.00669031 0.00590303 -0.724388
-0.00695906 0.00590303 -0.724386
-0.00642156 0.00617178 -0.724391
-0.00669031 0.00617178 -0.724389
-0.00695906 0.00617178 -0.724386
-0.00642156 0.00644053 -0.724392
-0.00669031 0.00644053 -0.724389
-0.00695906 0.00644053 -0.724387
-0.00642156 0.00670928 -0.724392
-0.00669031 0.00670928 -0.72439
-0.00695906 0.00670928 -0.724387
-0.00642156 0.00697803 -0.724393
-0.00669031 0.00697803 -0.72439
-0.00695906 0.00697803 -0.724388
-0.00642156 0.00724678 -0.724393
-0.00669031 0.00724678 -0.724391
-0.00695906 0.00724678 -0.724388
-0.00642156 0.00751553 -0.724394
-0.00669031 0.00751553 -0.724391
-0.00695906 0.00751553 -0.724389
-0.00642156 0.00778428 -0.724394
-0.00669031 0.00778428 -0.724392
-0.00695906 0.00778428 -0.724389
-0.00642156 0.00805303 -0.724395
-0.00669031 0.00805303 -0.724392
-0.00695906 0.00805303 -0.72439
-0.00642156 0.00832178 -0.724395
-0.00669031 0.00832178 -0.724393
-0.00695906 0.00832178 -0.72439
-0.00642156 0.00859053 -0.724396
-0.00669031 0.00859053 -0.724393
-0.00695906 0.00859053 -0.724391
-0.00642156 0.00885928 -0.724396
-0.00669031 0.00885928 -0.724394
-0.00695906 0.00885928 -0.724391
-0.00642156 0.00912804 -0.724397
-0.00669031 0.00912804 -0.724394
-0.00695906 0.00912804 -0.724392
-0.00642156 0.00939679 -0.724397
-0.00669031 0.00939679 -0.724395
-0.00695906 0.00939679 -0.724392
-0.00642156 0.00966554 -0.724398
-0.00669031 0.00966554 -0.724395
-0.00695906 0.00966554 -0.724393
-0.00642156 0.00993429 -0.724398
-0.00669031 0.00993429 -0.724396
-0.00695906 0.00993429 -0.724393
-0.00642156 0.010203 -0.724399
-0.00669031 0.010203 -0.724396
-0.00695906 0.010203 -0.724394
-0.00642156 0.0104718 -0.724399
-0.00669031 0.0104718 -0.724397
-0.00695906 0.0104718 -0.724394
-0.00642156 0.0107405 -0.7244
-0.00669031 0.0107405 -0.724397
-0.00695906 0.0107405 -0.724395
-0.00642156 0.0110093 -0.7244
-0.00669031 0.0110093 -0.724398
-0.00695906 0.0110093 -0.724395
-0.00642156 0.011278 -0.724401
-0.00669031 0.011278 -0.724398
-0.00695906 0.011278 -0.724396
-0.00642156 0.0115468 -0.724401
-0.00669031 0.0115468 -0.724399
-0.00695906 0.0115468 -0.724396
-0.00642156 0.0118155 -0.724401
-0.00669031 0.0118155 -0.724399
-0.00695906 0.0118155 -0.724397
-0.00642156 0.0120843 -0.724402
-0.00669031 0.0120843 -0.7244
-0.00695906 0.0120843 -0.724397
-0.00642156 0.012353 -0.724402
-0.00669031 0.012353 -0.7244
-0.00695906 0.012353 -0.724398
-0.00642156 0.0126218 -0.724403
-0.00669031 0.0126218 -0.7244
-0.00695906 0.0126218 -0.724398
-0.00642156 0.0128905 -0.724403
-0.00669031 0.0128905 -0.724401
-0.00695906 0.0128905 -0.724398
-0.00642156 0.0131593 -0.724404
-0.00669031 0.0131593 -0.724401
-0.00695906 0.0131593 -0.724399
-0.00642156 0.013428 -0.724404
-0.00669031 0.013428 -0.724402
-0.00695906 0.013428 -0.724399
-0.00642156 0.0136968 -0.724405
-0.00669031 0.0136968 -0.724402
-0.00695906 0.0136968 -0.7244
-0.00642156 0.0139655 -0.724405
-0.00669031 0.0139655 -0.724403
-0.00695906 0.0139655 -0.7244
-0.00642156 0.0142343 -0.724406
-0.00669031 0.0142343 -0.724403
-0.00695906 0.0142343 -0.724401
-0.00642156 0.014503 -0.724406
-0.00669031 0.014503 -0.724404
-0.00695906 0.014503 -0.724401
-0.00642156 0.0147718 -0.724407
-0.00669031 0.0147718 -0.724404
-0.00695906 0.0147718 -0.724402
-0.00642156 0.0150406 -0.724407
-0.00669031 0.0150406 -0.724405
-0.00695906 0.0150406 -0.724402
-0.00642156 0.0153093 -0.724408
-0.00669031 0.0153093 -0.724405
-0.00695906 0.0153093 -0.724403
-0.00642156 0.0155781 -0.724408
-0.00669031 0.0155781 -0.724406
-0.00695906 0.0155781 -0.724403
-0.00642156 0.0158468 -0.724409
-0.00669031 0.0158468 -0.724406
-0.00695906 0.0158468 -0.724404
-0.00642156 0.0161156 -0.724409
-0.00669031 0.0161156 -0.724407
-0.00695906 0.0161156 -0.724404
