0.0109763 -0.0574576 -0.824741
0.0101388 -0.0574576 -0.824742
0.00930124 -0.0574576 -0.824743
0.0109763 -0.0566201 -0.824741
0.0101388 -0.0566201 -0.824742
0.00930124 -0.0566201 -0.824743
0.0109763 -0.0557826 -0.824741
0.0101388 -0.0557826 -0.824742
0.00930124 -0.0557826 -0.824743
0.0109763 -0.054945 -0.824741
0.0101388 -0.054945 -0.824742
0.00930124 -0.054945 -0.824743
0.0109763 -0.0541075 -0.824741
0.0101388 -0.0541075 -0.824742
0.00930124 -0.0541075 -0.824744
0.0109763 -0.05327 -0.824741
0.0101388 -0.05327 -0.824743
0.00930124 -0.05327 -0.824744
0.0109763 -0.0524324 -0.824742
0.0101388 -0.0524324 -0.824743
0.00930124 -0.0524324 -0.824744
0.0109763 -0.0515949 -0.824742
0.0101388 -0.0515949 -0.824743
0.00930124 -0.0515949 -0.824744
0.0109763 -0.0507574 -0.824742
0.0101388 -0.0507574 -0.824743
0.00930124 -0.0507574 -0.824744
0.0109763 -0.0499199 -0.824742
0.0101388 -0.0499199 -0.824743
0.00930124 -0.0499199 -0.824744
0.0109763 -0.0490823 -0.824742
0.0101388 -0.0490823 -0.824743
0.00930124 -0.0490823 -0.824744
0.0109763 -0.0482448 -0.824742
0.0101388 -0.0482448 -0.824743
0.00930124 -0.0482448 -0.824745
0.0109763 -0.0474073 -0.824742
0.0101388 -0.0474073 -0.824744
0.00930124 -0.0474073 -0.824745
0.0109763 -0.0465697 -0.824743
0.0101388 -0.0465697 -0.824744
0.00930124 -0.0465697 -0.824745
0.0109763 -0.0457322 -0.824743
0.0101388 -0.0457322 -0.824744
0.00930124 -0.0457322 -0.824745
0.0109763 -0.0448947 -0.824743
0.0101388 -0.0448947 -0.824744
0.00930124 -0.0448947 -0.824745
0.0109763 -0.0440571 -0.824743
0.0101388 -0.0440571 -0.824744
0.00930124 -0.0440571 -0.824745
0.0109763 -0.0432196 -0.824743
0.0101388 -0.0432196 -0.824744
0.00930124 -0.0432196 -0.824745
0.0109763 -0.0423821 -0.824743
0.0101388 -0.0423821 -0.824744
0.00930124 -0.0423821 -0.824746
0.0109763 -0.0415446 -0.824743
0.0101388 -0.0415446 -0.824745
0.00930124 -0.0415446 -0.824746
0.0109763 -0.040707 -0.824744
0.0101388 -0.040707 -0.824745
0.00930124 -0.040707 -0.824746
0.0109763 -0.0398695 -0.824744
0.0101388 -0.0398695 -0.824745
0.00930124 -0.0398695 -0.824746
0.0109763 -0.039032 -0.824744
0.0101388 -0.039032 -0.824745
0.00930124 -0.039032 -0.824746
0.0109763 -0.0381944 -0.824744
0.0101388 -0.0381944 -0.824745
0.00930124 -0.0381944 -0.824746
0.0109763 -0.0373569 -0.824744
0.0101388 -0.0373569 -0.824745
0.00930124 -0.0373569 -0.824746
0.0109763 -0.0365194 -0.824744
0.0101388 -0.0365194 -0.824745
0.00930124 -0.0365194 -0.824747
0.0109763 -0.0356818 -0.824744
0.0101388 -0.0356818 -0.824746
0.00930124 -0.0356818 -0.824747
0.0109763 -0.0348443 -0.824745
0.0101388 -0.0348443 -0.824746
0.00930124 -0.0348443 -0.824747
0.0109763 -0.0340068 -0.824745
0.0101388 -0.0340068 -0.824746
0.00930124 -0.0340068 -0.824747
0.0109763 -0.0331692 -0.824745
0.0101388 -0.0331692 -0.824746
0.00930124 -0.0331692 -0.824747
0.0109763 -0.0323317 -0.824745
0.0101388 -0.0323317 -0.824746
0.00930124 -0.0323317 -0.824747
0.0109763 -0.0314942 -0.824745
0.0101388 -0.0314942 -0.824746
0.00930124 -0.0314942 -0.824748
0.0109763 -0.0306567 -0.824745
0.0101388 -0.0306567 -0.824746
0.00930124 -0.0306567 -0.824748
0.0109763 -0.0298191 -0.824745
0.0101388 -0.0298191 -0.824747
0.00930124 -0.0298191 -0.824748
0.0109763 -0.0289816 -0.824746
0.0101388 -0.0289816 -0.824747
0.00930124 -0.0289816 -0.824748
0.0109763 -0.0281441 -0.824746
0.0101388 -0.0281441 -0.824747
0.00930124 -0.0281441 -0.824748
0.0109763 -0.0273065 -0.824746
0.0101388 -0.0273065 -0.824747
0.00930124 -0.0273065 -0.824748
0.0109763 -0.026469 -0.824746
0.0101388 -0.026469 -0.824747
0.00930124 -0.026469 -0.824748
0.0109763 -0.0256315 -0.824746
0.0101388 -0.0256315 -0.824747
0.00930124 -0.0256315 -0.824749
0.0109763 -0.0247939 -0.824746
0.0101388 -0.0247939 -0.824748
0.00930124 -0.0247939 -0.824749
0.0109763 -0.0239564 -0.824746
0.0101388 -0.0239564 -0.824748
0.00930124 -0.0239564 -0.824749
0.0109763 -0.0231189 -0.824747
0.0101388 -0.0231189 -0.824748
0.00930124 -0.0231189 -0.824749
0.0109763 -0.0222814 -0.824747
0.0101388 -0.0222814 -0.824748
0.00930124 -0.0222814 -0.824749
0.0109763 -0.0214438 -0.824747
0.0101388 -0.0214438 -0.824748
0.00930124 -0.0214438 -0.824749
0.0109763 -0.0206063 -0.824747
0.0101388 -0.0206063 -0.824748
0.00930124 -0.0206063 -0.824749
0.0109763 -0.0197688 -0.824747
0.0101388 -0.0197688 -0.824748
0.00930124 -0.0197688 -0.82475
0.0109763 -0.0189312 -0.824747
0.0101388 -0.0189312 -0.824749
0.00930124 -0.0189312 -0.82475
0.0109763 -0.0180937 -0.824748
0.0101388 -0.0180937 -0.824749
0.00930124 -0.0180937 -0.82475
0.0109763 -0.0172562 -0.824748
0.0101388 -0.0172562 -0.824749
0.00930124 -0.0172562 -0.82475
0.0109763 -0.0164186 -0.824748
0.0101388 -0.0164186 -0.824749
0.00930124 -0.0164186 -0.82475
0.0109763 -0.0155811 -0.824748
0.0101388 -0.0155811 -0.824749
0.00930124 -0.0155811 -0.82475
0.0109763 -0.0147436 -0.824748
0.0101388 -0.0147436 -0.824749
0.00930124 -0.0147436 -0.82475
0.0109763 -0.013906 -0.824748
0.0101388 -0.013906 -0.824749
0.00930124 -0.013906 -0.82475
0.0109763 -0.0130685 -0.824748
0.0101388 -0.0130685 -0.82475
0.00930124 -0.0130685 -0.824751
0.0109763 -0.012231 -0.824749
0.0101388 -0.012231 -0.82475
0.00930124 -0.012231 -0.824751
0.0109763 -0.0113935 -0.824749
0.0101388 -0.0113935 -0.82475
0.00930124 -0.0113935 -0.824751
0.0109763 -0.0105559 -0.824749
0.0101388 -0.0105559 -0.82475
0.00930124 -0.0105559 -0.824751
0.0109763 -0.00971839 -0.824749
0.0101388 -0.00971839 -0.82475
0.00930124 -0.00971839 -0.824751
0.0109763 -0.00888086 -0.824749
0.0101388 -0.00888086 -0.82475
0.00930124 -0.00888086 -0.824751
0.0109763 -0.00804333 -0.824749
0.0101388 -0.00804333 -0.82475
0.00930124 -0.00804333 -0.824751
0.0109763 -0.0072058 -0.824749
0.0101388 -0.0072058 -0.82475
0.00930124 -0.0072058 -0.824752
0.0109763 -0.00636827 -0.82475
0.0101388 -0.00636827 -0.824751
0.00930124 -0.00636827 -0.824752
0.0109763 -0.00553074 -0.82475
0.0101388 -0.00553074 -0.824751
0.00930124 -0.00553074 -0.824752
0.0109763 -0.00469321 -0.82475
0.0101388 -0.00469321 -0.824751
0.00930124 -0.00469321 -0.824752
0.0109763 -0.00385568 -0.82475
0.0101388 -0.00385568 -0.824751
0.00930124 -0.00385568 -0.824752
0.0109763 -0.00301815 -0.82475
0.0101388 -0.00301815 -0.824751
0.00930124 -0.00301815 -0.824752
0.0109763 -0.00218062 -0.82475
0.0101388 -0.00218062 -0.824751
0.00930124 -0.00218062 -0.824753
0.0109763 -0.00134309 -0.82475
0.0101388 -0.00134309 -0.824751
0.00930124 -0.00134309 -0.824753
0.0109763 -0.000505558 -0.824751
0.0101388 -0.000505558 -0.824752
0.00930124 -0.000505558 -0.824753
0.0109763 0.000331972 -0.824751
0.0101388 0.000331972 -0.824752
0.00930124 0.000331972 -0.824753
0.0109763 0.0011695 -0.824751
0.0101388 0.0011695 -0.824752
0.00930124 0.0011695 -0.824753
0.0109763 0.00200703 -0.824751
0.0101388 0.00200703 -0.824752
0.00930124 0.00200703 -0.824753
0.0109763 0.00284456 -0.824751
0.0101388 0.00284456 -0.824752
0.00930124 0.00284456 -0.824753
0.0109763 0.00368209 -0.824751
0.0101388 0.00368209 -0.824752
0.00930124 0.00368209 -0.824754
0.0109763 0.00451963 -0.824751
0.0101388 0.00451963 -0.824753
0.00930124 0.00451963 -0.824754
0.0109763 0.00535716 -0.824751
0.0101388 0.00535716 -0.824753
0.00930124 0.00535716 -0.824754
0.0109763 0.00619469 -0.824752
0.0101388 0.00619469 -0.824753
0.00930124 0.00619469 -0.824754
0.0109763 0.00703222 -0.824752
0.0101388 0.00703222 -0.824753
0.00930124 0.00703222 -0.824754
0.0109763 0.00786975 -0.824752
0.0101388 0.00786975 -0.824753
0.00930124 0.00786975 -0.824754
0.0109763 0.00870728 -0.824752
0.0101388 0.00870728 -0.824753
0.00930124 0.00870728 -0.824754
0.0109763 0.00954481 -0.824752
0.0101388 0.00954481 -0.824753
0.00930124 0.00954481 -0.824755
0.0109763 0.0103823 -0.824752
0.0101388 0.0103823 -0.824754
0.00930124 0.0103823 -0.824755
0.0109763 0.0112199 -0.824753
0.0101388 0.0112199 -0.824754
0.00930124 0.0112199 -0.824755
0.0109763 0.0120574 -0.824753
0.0101388 0.0120574 -0.824754
0.00930124 0.0120574 -0.824755
0.0109763 0.0128949 -0.824753
0.0101388 0.0128949 -0.824754
0.00930124 0.0128949 -0.824755
0.0109763 0.0137325 -0.824753
0.0101388 0.0137325 -0.824754
0.00930124 0.0137325 -0.824755
0.0109763 0.01457 -0.824753
0.0101388 0.01457 -0.824754
0.00930124 0.01457 -0.824755
0.0109763 0.0154075 -0.824753
0.0101388 0.0154075 -0.824754
0.00930124 0.0154075 -0.824756
0.0109763 0.0162451 -0.824753
0.0101388 0.0162451 -0.824755
0.00930124 0.0162451 -0.824756
0.0109763 0.0170826 -0.824754
0.0101388 0.0170826 -0.824755
0.00930124 0.0170826 -0.824756
0.0109763 0.0179201 -0.824754
0.0101388 0.0179201 -0.824755
0.00930124 0.0179201 -0.824756
0.0109763 0.0187576 -0.824754
0.0101388 0.0187576 -0.824755
0.00930124 0.0187576 -0.824756
0.0109763 0.0195952 -0.824754
0.0101388 0.0195952 -0.824755
0.00930124 0.0195952 -0.824756
0.0109763 0.0204327 -0.824754
0.0101388 0.0204327 -0.824755
0.00930124 0.0204327 -0.824756
0.0109763 0.0212702 -0.824754
0.0101388 0.0212702 -0.824755
0.00930124 0.0212702 -0.824757
0.0109763 0.0221078 -0.824754
0.0101388 0.0221078 -0.824756
0.00930124 0.0221078 -0.824757
0.0109763 0.0229453 -0.824755
0.0101388 0.0229453 -0.824756
0.00930124 0.0229453 -0.824757
0.0109763 0.0237828 -0.824755
0.0101388 0.0237828 -0.824756
0.00930124 0.0237828 -0.824757
0.0109763 0.0246204 -0.824755
0.0101388 0.0246204 -0.824756
0.00930124 0.0246204 -0.824757
0.0109763 0.0254579 -0.824755
0.0101388 0.0254579 -0.824756
0.00930124 0.0254579 -0.824757
0.0109763 0.0262954 -0.824755
0.0101388 0.0262954 -0.824756
0.00930124 0.0262954 -0.824757
0.0109763 0.0271329 -0.824755
0.0101388 0.0271329 -0.824756
0.00930124 0.0271329 -0.824758
0.0109763 0.0279705 -0.824755
0.0101388 0.0279705 -0.824757
0.00930124 0.0279705 -0.824758
0.0109763 0.028808 -0.824756
0.0101388 0.028808 -0.824757
0.00930124 0.028808 -0.824758
0.0109763 0.0296455 -0.824756
0.0101388 0.0296455 -0.824757
0.00930124 0.0296455 -0.824758
0.0109763 0.0304831 -0.824756
0.0101388 0.0304831 -0.824757
0.00930124 0.0304831 -0.824758
0.0109763 0.0313206 -0.824756
0.0101388 0.0313206 -0.824757
0.00930124 0.0313206 -0.824758
0.0109763 0.0321581 -0.824756
0.0101388 0.0321581 -0.824757
0.00930124 0.0321581 -0.824758
0.0109763 0.0329957 -0.824756
0.0101388 0.0329957 -0.824757
0.00930124 0.0329957 -0.824759
0.0109763 0.0338332 -0.824756
0.0101388 0.0338332 -0.824758
0.00930124 0.0338332 -0.824759
0.0109763 0.0346707 -0.824757
0.0101388 0.0346707 -0.824758
0.00930124 0.0346707 -0.824759
