-0.00725968 -0.0298182 -0.759339
-0.00770452 -0.0298182 -0.75934
-0.00814936 -0.0298182 -0.759341
-0.00725968 -0.0293733 -0.75934
-0.00770452 -0.0293733 -0.759341
-0.00814936 -0.0293733 -0.759342
-0.00725968 -0.0289285 -0.75934
-0.00770452 -0.0289285 -0.759341
-0.00814936 -0.0289285 -0.759342
-0.00725968 -0.0284837 -0.75934
-0.00770452 -0.0284837 -0.759341
-0.00814936 -0.0284837 -0.759343
-0.00725968 -0.0280388 -0.759341
-0.00770452 -0.0280388 -0.759342
-0.00814936 -0.0280388 -0.759343
-0.00725968 -0.027594 -0.759341
-0.00770452 -0.027594 -0.759342
-0.00814936 -0.027594 -0.759343
-0.00725968 -0.0271491 -0.759342
-0.00770452 -0.0271491 -0.759343
-0.00814936 -0.0271491 -0.759344
-0.00725968 -0.0267043 -0.759342
-0.00770452 -0.0267043 -0.759343
-0.00814936 -0.0267043 -0.759344
-0.00725968 -0.0262595 -0.759342
-0.00770452 -0.0262595 -0.759343
-0.00814936 -0.0262595 -0.759345
-0.00725968 -0.0258146 -0.759343
-0.00770452 -0.0258146 -0.759344
-0.00814936 -0.0258146 -0.759345
-0.00725968 -0.0253698 -0.759343
-0.00770452 -0.0253698 -0.759344
-0.00814936 -0.0253698 -0.759345
-0.00725968 -0.0249249 -0.759344
-0.00770452 -0.0249249 -0.759345
-0.00814936 -0.0249249 -0.759346
-0.00725968 -0.0244801 -0.759344
-0.00770452 -0.0244801 -0.759345
-0.00814936 -0.0244801 -0.759346
-0.00725968 -0.0240353 -0.759344
-0.00770452 -0.0240353 -0.759345
-0.00814936 -0.0240353 -0.759347
-0.00725968 -0.0235904 -0.759345
-0.00770452 -0.0235904 -0.759346
-0.00814936 -0.0235904 -0.759347
-0.00725968 -0.0231456 -0.759345
-0.00770452 -0.0231456 -0.759346
-0.00814936 -0.0231456 -0.759347
-0.00725968 -0.0227008 -0.759345
-0.00770452 -0.0227008 -0.759347
-0.00814936 -0.0227008 -0.759348
-0.00725968 -0.0222559 -0.759346
-0.00770452 -0.0222559 -0.759347
-0.00814936 -0.0222559 -0.759348
-0.00725968 -0.0218111 -0.759346
-0.00770452 -0.0218111 -0.759347
-0.00814936 -0.0218111 -0.759349
-0.00725968 -0.0213662 -0.759347
-0.00770452 -0.0213662 -0.759348
-0.00814936 -0.0213662 -0.759349
-0.00725968 -0.0209214 -0.759347
-0.00770452 -0.0209214 -0.759348
-0.00814936 -0.0209214 -0.759349
-0.00725968 -0.0204766 -0.759347
-0.00770452 -0.0204766 -0.759349
-0.00814936 -0.0204766 -0.75935
-0.00725968 -0.0200317 -0.759348
-0.00770452 -0.0200317 -0.759349
-0.00814936 -0.0200317 -0.75935
-0.00725968 -0.0195869 -0.759348
-0.00770452 -0.0195869 -0.759349
-0.00814936 -0.0195869 -0.759351
-0.00725968 -0.019142 -0.759349
-0.00770452 -0.019142 -0.75935
-0.00814936 -0.019142 -0.759351
-0.00725968 -0.0186972 -0.759349
-0.00770452 -0.0186972 -0.75935
-0.00814936 -0.0186972 -0.759351
-0.00725968 -0.0182524 -0.759349
-0.00770452 -0.0182524 -0.759351
-0.00814936 -0.0182524 -0.759352
-0.00725968 -0.0178075 -0.75935
-0.00770452 -0.0178075 -0.759351
-0.00814936 -0.0178075 -0.759352
-0.00725968 -0.0173627 -0.75935
-0.00770452 -0.0173627 -0.759351
-0.00814936 -0.0173627 -0.759353
-0.00725968 -0.0169179 -0.759351
-0.00770452 -0.0169179 -0.759352
-0.00814936 -0.0169179 -0.759353
-0.00725968 -0.016473 -0.759351
-0.00770452 -0.016473 -0.759352
-0.00814936 -0.016473 -0.759353
-0.00725968 -0.0160282 -0.759351
-0.00770452 -0.0160282 -0.759353
-0.00814936 -0.0160282 -0.759354
-0.00725968 -0.0155833 -0.759352
-0.00770452 -0.0155833 -0.759353
-0.00814936 -0.0155833 -0.759354
-0.00725968 -0.0151385 -0.759352
-0.00770452 -0.0151385 -0.759353
-0.00814936 -0.0151385 -0.759354
-0.00725968 -0.0146937 -0.759353
-0.00770452 -0.0146937 -0.759354
-0.00814936 -0.0146937 -0.759355
-0.00725968 -0.0142488 -0.759353
-0.00770452 -0.0142488 -0.759354
-0.00814936 -0.0142488 -0.759355
-0.00725968 -0.013804 -0.759353
-0.00770452 -0.013804 -0.759355
-0.00814936 -0.013804 -0.759356
-0.00725968 -0.0133591 -0.759354
-0.00770452 -0.0133591 -0.759355
-0.00814936 -0.0133591 -0.759356
-0.00725968 -0.0129143 -0.759354
-0.00770452 -0.0129143 -0.759355
-0.00814936 -0.0129143 -0.759356
-0.00725968 -0.0124695 -0.759355
-0.00770452 -0.0124695 -0.759356
-0.00814936 -0.0124695 -0.759357
-0.00725968 -0.0120246 -0.759355
-0.00770452 -0.0120246 -0.759356
-0.00814936 -0.0120246 -0.759357
-0.00725968 -0.0115798 -0.759355
-0.00770452 -0.0115798 -0.759356
-0.00814936 -0.0115798 -0.759358
-0.00725968 -0.011135 -0.759356
-0.00770452 -0.011135 -0.759357
-0.00814936 -0.011135 -0.759358
-0.00725968 -0.0106901 -0.759356
-0.00770452 -0.0106901 -0.759357
-0.00814936 -0.0106901 -0.759358
-0.00725968 -0.0102453 -0.759356
-0.00770452 -0.0102453 -0.759358
-0.00814936 -0.0102453 -0.759359
-0.00725968 -0.00980044 -0.759357
-0.00770452 -0.00980044 -0.759358
-0.00814936 -0.00980044 -0.759359
-0.00725968 -0.0093556 -0.759357
-0.00770452 -0.0093556 -0.759358
-0.00814936 -0.0093556 -0.75936
-0.00725968 -0.00891076 -0.759358
-0.00770452 -0.00891076 -0.759359
-0.00814936 -0.00891076 -0.75936
-0.00725968 -0.00846592 -0.759358
-0.00770452 -0.00846592 -0.759359
-0.00814936 -0.00846592 -0.75936
-0.00725968 -0.00802108 -0.759359
-0.00770452 -0.00802108 -0.75936
-0.00814936 -0.00802108 -0.759361
-0.00725968 -0.00757624 -0.759359
-0.00770452 -0.00757624 -0.75936
-0.00814936 -0.00757624 -0.759361
-0.00725968 -0.00713141 -0.759359
-0.00770452 -0.00713141 -0.75936
-0.00814936 -0.00713141 -0.759362
-0.00725968 -0.00668657 -0.75936
-0.00770452 -0.00668657 -0.759361
-0.00814936 -0.00668657 -0.759362
-0.00725968 -0.00624173 -0.75936
-0.00770452 -0.00624173 -0.759361
-0.00814936 -0.00624173 -0.759362
-0.00725968 -0.00579689 -0.75936
-0.00770452 -0.00579689 -0.759362
-0.00814936 -0.00579689 -0.759363
-0.00725968 -0.00535205 -0.759361
-0.00770452 -0.00535205 -0.759362
-0.00814936 -0.00535205 -0.759363
-0.00725968 -0.00490721 -0.759361
-0.00770452 -0.00490721 -0.759362
-0.00814936 -0.00490721 -0.759364
-0.00725968 -0.00446238 -0.759362
-0.00770452 -0.00446238 -0.759363
-0.00814936 -0.00446238 -0.759364
-0.00725968 -0.00401754 -0.759362
-0.00770452 -0.00401754 -0.759363
-0.00814936 -0.00401754 -0.759364
-0.00725968 -0.0035727 -0.759362
-0.00770452 -0.0035727 -0.759364
-0.00814936 -0.0035727 -0.759365
-0.00725968 -0.00312786 -0.759363
-0.00770452 -0.00312786 -0.759364
-0.00814936 -0.00312786 -0.759365
-0.00725968 -0.00268302 -0.759363
-0.00770452 -0.00268302 -0.759364
-0.00814936 -0.00268302 -0.759366
-0.00725968 -0.00223818 -0.759364
-0.00770452 -0.00223818 -0.759365
-0.00814936 -0.00223818 -0.759366
-0.00725968 -0.00179335 -0.759364
-0.00770452 -0.00179335 -0.759365
-0.00814936 -0.00179335 -0.759366
-0.00725968 -0.00134851 -0.759364
-0.00770452 -0.00134851 -0.759366
-0.00814936 -0.00134851 -0.759367
-0.00725968 -0.000903668 -0.759365
-0.00770452 -0.000903668 -0.759366
-0.00814936 -0.000903668 -0.759367
-0.00725968 -0.00045883 -0.759365
-0.00770452 -0.00045883 -0.759366
-0.00814936 -0.00045883 -0.759368
-0.00725968 -1.39916e-05 -0.759366
-0.00770452 -1.39916e-05 -0.759367
-0.00814936 -1.39916e-05 -0.759368
-0.00725968 0.000430847 -0.759366
-0.00770452 0.000430847 -0.759367
-0.00814936 0.000430847 -0.759368
-0.00725968 0.000875685 -0.759366
-0.00770452 0.000875685 -0.759368
-0.00814936 0.000875685 -0.759369
-0.00725968 0.00132052 -0.759367
-0.00770452 0.00132052 -0.759368
-0.00814936 0.00132052 -0.759369
-0.00725968 0.00176536 -0.759367
-0.00770452 0.00176536 -0.759368
-0.00814936 0.00176536 -0.759369
-0.00725968 0.0022102 -0.759368
-0.00770452 0.0022102 -0.759369
-0.00814936 0.0022102 -0.75937
-0.00725968 0.00265504 -0.759368
-0.00770452 0.00265504 -0.759369
-0.00814936 0.00265504 -0.75937
-0.00725968 0.00309988 -0.759368
-0.00770452 0.00309988 -0.75937
-0.00814936 0.00309988 -0.759371
-0.00725968 0.00354472 -0.759369
-0.00770452 0.00354472 -0.75937
-0.00814936 0.00354472 -0.759371
-0.00725968 0.00398955 -0.759369
-0.00770452 0.00398955 -0.75937
-0.00814936 0.00398955 -0.759371
-0.00725968 0.00443439 -0.75937
-0.00770452 0.00443439 -0.759371
-0.00814936 0.00443439 -0.759372
-0.00725968 0.00487923 -0.75937
-0.00770452 0.00487923 -0.759371
-0.00814936 0.00487923 -0.759372
-0.00725968 0.00532407 -0.75937
-0.00770452 0.00532407 -0.759372
-0.00814936 0.00532407 -0.759373
-0.00725968 0.00576891 -0.759371
-0.00770452 0.00576891 -0.759372
-0.00814936 0.00576891 -0.759373
-0.00725968 0.00621375 -0.759371
-0.00770452 0.00621375 -0.759372
-0.00814936 0.00621375 -0.759373
-0.00725968 0.00665858 -0.759372
-0.00770452 0.00665858 -0.759373
-0.00814936 0.00665858 -0.759374
-0.00725968 0.00710342 -0.759372
-0.00770452 0.00710342 -0.759373
-0.00814936 0.00710342 -0.759374
-0.00725968 0.00754826 -0.759372
-0.00770452 0.00754826 -0.759373
-0.00814936 0.00754826 -0.759375
-0.00725968 0.0079931 -0.759373
-0.00770452 0.0079931 -0.759374
-0.00814936 0.0079931 -0.759375
-0.00725968 0.00843794 -0.759373
-0.00770452 0.00843794 -0.759374
-0.00814936 0.00843794 -0.759375
-0.00725968 0.00888278 -0.759374
-0.00770452 0.00888278 -0.759375
-0.00814936 0.00888278 -0.759376
-0.00725968 0.00932762 -0.759374
-0.00770452 0.00932762 -0.759375
-0.00814936 0.00932762 -0.759376
-0.00725968 0.00977245 -0.759374
-0.00770452 0.00977245 -0.759375
-0.00814936 0.00977245 -0.759377
-0.00725968 0.0102173 -0.759375
-0.00770452 0.0102173 -0.759376
-0.00814936 0.0102173 -0.759377
-0.00725968 0.0106621 -0.759375
-0.00770452 0.0106621 -0.759376
-0.00814936 0.0106621 -0.759377
-0.00725968 0.011107 -0.759376
-0.00770452 0.011107 -0.759377
-0.00814936 0.011107 -0.759378
-0.00725968 0.0115518 -0.759376
-0.00770452 0.0115518 -0.759377
-0.00814936 0.0115518 -0.759378
-0.00725968 0.0119966 -0.759376
-0.00770452 0.0119966 -0.759377
-0.00814936 0.0119966 -0.759379
-0.00725968 0.0124415 -0.759377
-0.00770452 0.0124415 -0.759378
-0.00814936 0.0124415 -0.759379
-0.00725968 0.0128863 -0.759377
-0.00770452 0.0128863 -0.759378
-0.00814936 0.0128863 -0.759379
-0.00725968 0.0133312 -0.759377
-0.00770452 0.0133312 -0.759379
-0.00814936 0.0133312 -0.75938
-0.00725968 0.013776 -0.759378
-0.00770452 0.013776 -0.759379
-0.00814936 0.013776 -0.75938
-0.00725968 0.0142208 -0.759378
-0.00770452 0.0142208 -0.759379
-0.00814936 0.0142208 -0.759381
-0.00725968 0.0146657 -0.759379
-0.00770452 0.0146657 -0.75938
-0.00814936 0.0146657 -0.759381
-0.00725968 0.0151105 -0.759379
-0.00770452 0.0151105 -0.75938
-0.00814936 0.0151105 -0.759381
-0.00725968 0.0155554 -0.759379
-0.00770452 0.0155554 -0.759381
-0.00814936 0.0155554 -0.759382
-0.00725968 0.0160002 -0.75938
-0.00770452 0.0160002 -0.759381
-0.00814936 0.0160002 -0.759382
-0.00725968 0.016445 -0.75938
-0.00770452 0.016445 -0.759381
-0.00814936 0.016445 -0.759383
-0.00725968 0.0168899 -0.759381
-0.00770452 0.0168899 -0.759382
-0.00814936 0.0168899 -0.759383
-0.00725968 0.0173347 -0.759381
-0.00770452 0.0173347 -0.759382
-0.00814936 0.0173347 -0.759383
-0.00725968 0.0177795 -0.759381
-0.00770452 0.0177795 -0.759383
-0.00814936 0.0177795 -0.759384
-0.00725968 0.0182244 -0.759382
-0.00770452 0.0182244 -0.759383
-0.00814936 0.0182244 -0.759384
-0.00725968 0.0186692 -0.759382
-0.00770452 0.0186692 -0.759383
-0.00814936 0.0186692 -0.759385
-0.00725968 0.0191141 -0.759383
-0.00770452 0.0191141 -0.759384
-0.00814936 0.0191141 -0.759385
