-0.00629017 0.0250905 -0.555057
-0.0058269 0.0250905 -0.555056
-0.00536363 0.0250905 -0.555056
-0.00629017 0.0246272 -0.555056
-0.0058269 0.0246272 -0.555056
-0.00536363 0.0246272 -0.555055
-0.00629017 0.0241639 -0.555055
-0.0058269 0.0241639 -0.555055
-0.00536363 0.0241639 -0.555055
-0.00629017 0.0237007 -0.555055
-0.0058269 0.0237007 -0.555054
-0.00536363 0.0237007 -0.555054
-0.00629017 0.0232374 -0.555054
-0.0058269 0.0232374 -0.555054
-0.00536363 0.0232374 -0.555054
-0.00629017 0.0227741 -0.555054
-0.0058269 0.0227741 -0.555053
-0.00536363 0.0227741 -0.555053
-0.00629017 0.0223109 -0.555053
-0.0058269 0.0223109 -0.555053
-0.00536363 0.0223109 -0.555052
-0.00629017 0.0218476 -0.555053
-0.0058269 0.0218476 -0.555052
-0.00536363 0.0218476 -0.555052
-0.00629017 0.0213843 -0.555052
-0.0058269 0.0213843 -0.555052
-0.00536363 0.0213843 -0.555051
-0.00629017 0.020921 -0.555052
-0.0058269 0.020921 -0.555051
-0.00536363 0.020921 -0.555051
-0.00629017 0.0204578 -0.555051
-0.0058269 0.0204578 -0.555051
-0.00536363 0.0204578 -0.55505
-0.00629017 0.0199945 -0.55505
-0.0058269 0.0199945 -0.55505
-0.00536363 0.0199945 -0.55505
-0.00629017 0.0195312 -0.55505
-0.0058269 0.0195312 -0.55505
-0.00536363 0.0195312 -0.555049
-0.00629017 0.019068 -0.555049
-0.0058269 0.019068 -0.555049
-0.00536363 0.019068 -0.555049
-0.00629017 0.0186047 -0.555049
-0.0058269 0.0186047 -0.555048
-0.00536363 0.0186047 -0.555048
-0.00629017 0.0181414 -0.555048
-0.0058269 0.0181414 -0.555048
-0.00536363 0.0181414 -0.555047
-0.00629017 0.0176782 -0.555048
-0.0058269 0.0176782 -0.555047
-0.00536363 0.0176782 -0.555047
-0.00629017 0.0172149 -0.555047
-0.0058269 0.0172149 -0.555047
-0.00536363 0.0172149 -0.555046
-0.00629017 0.0167516 -0.555047
-0.0058269 0.0167516 -0.555046
-0.00536363 0.0167516 -0.555046
-0.00629017 0.0162883 -0.555046
-0.0058269 0.0162883 -0.555046
-0.00536363 0.0162883 -0.555045
-0.00629017 0.0158251 -0.555045
-0.0058269 0.0158251 -0.555045
-0.00536363 0.0158251 -0.555045
-0.00629017 0.0153618 -0.555045
-0.0058269 0.0153618 -0.555045
-0.00536363 0.0153618 -0.555044
-0.00629017 0.0148985 -0.555044
-0.0058269 0.0148985 -0.555044
-0.00536363 0.0148985 -0.555044
-0.00629017 0.0144353 -0.555044
-0.0058269 0.0144353 -0.555043
-0.00536363 0.0144353 -0.555043
-0.00629017 0.013972 -0.555043
-0.0058269 0.013972 -0.555043
-0.00536363 0.013972 -0.555043
-0.00629017 0.0135087 -0.555043
-0.0058269 0.0135087 -0.555042
-0.00536363 0.0135087 -0.555042
-0.00629017 0.0130455 -0.555042
-0.0058269 0.0130455 -0.555042
-0.00536363 0.0130455 -0.555041
-0.00629017 0.0125822 -0.555042
-0.0058269 0.0125822 -0.555041
-0.00536363 0.0125822 -0.555041
-0.00629017 0.0121189 -0.555041
-0.0058269 0.0121189 -0.555041
-0.00536363 0.0121189 -0.55504
-0.00629017 0.0116556 -0.555041
-0.0058269 0.0116556 -0.55504
-0.00536363 0.0116556 -0.55504
-0.00629017 0.0111924 -0.55504
-0.0058269 0.0111924 -0.55504
-0.00536363 0.0111924 -0.555039
-0.00629017 0.0107291 -0.555039
-0.0058269 0.0107291 -0.555039
-0.00536363 0.0107291 -0.555039
-0.00629017 0.0102658 -0.555039
-0.0058269 0.0102658 -0.555039
-0.00536363 0.0102658 -0.555038
-0.00629017 0.00980256 -0.555038
-0.0058269 0.00980256 -0.555038
-0.00536363 0.00980256 -0.555038
-0.00629017 0.00933929 -0.555038
-0.0058269 0.00933929 -0.555037
-0.00536363 0.00933929 -0.555037
-0.00629017 0.00887602 -0.555037
-0.0058269 0.00887602 -0.555037
-0.00536363 0.00887602 -0.555036
-0.00629017 0.00841275 -0.555037
-0.0058269 0.00841275 -0.555036
-0.00536363 0.00841275 -0.555036
-0.00629017 0.00794948 -0.555036
-0.0058269 0.00794948 -0.555036
-0.00536363 0.00794948 -0.555035
-0.00629017 0.00748621 -0.555036
-0.0058269 0.00748621 -0.555035
-0.00536363 0.00748621 -0.555035
-0.00629017 0.00702294 -0.555035
-0.0058269 0.00702294 -0.555035
-0.00536363 0.00702294 -0.555034
-0.00629017 0.00655967 -0.555035
-0.0058269 0.00655967 -0.555034
-0.00536363 0.00655967 -0.555034
-0.00629017 0.0060964 -0.555034
-0.0058269 0.0060964 -0.555034
-0.00536363 0.0060964 -0.555033
-0.00629017 0.00563313 -0.555033
-0.0058269 0.00563313 -0.555033
-0.00536363 0.00563313 -0.555033
-0.00629017 0.00516986 -0.555033
-0.0058269 0.00516986 -0.555032
-0.00536363 0.00516986 -0.555032
-0.00629017 0.00470659 -0.555032
-0.0058269 0.00470659 -0.555032
-0.00536363 0.00470659 -0.555031
-0.00629017 0.00424332 -0.555032
-0.0058269 0.00424332 -0.555031
-0.00536363 0.00424332 -0.555031
-0.00629017 0.00378005 -0.555031
-0.0058269 0.00378005 -0.555031
-0.00536363 0.00378005 -0.55503
-0.00629017 0.00331678 -0.555031
-0.0058269 0.00331678 -0.55503
-0.00536363 0.00331678 -0.55503
-0.00629017 0.00285351 -0.55503
-0.0058269 0.00285351 -0.55503
-0.00536363 0.00285351 -0.555029
-0.00629017 0.00239024 -0.55503
-0.0058269 0.00239024 -0.555029
-0.00536363 0.00239024 -0.555029
-0.00629017 0.00192697 -0.555029
-0.0058269 0.00192697 -0.555029
-0.00536363 0.00192697 -0.555028
-0.00629017 0.0014637 -0.555028
-0.0058269 0.0014637 -0.555028
-0.00536363 0.0014637 -0.555028
-0.00629017 0.00100042 -0.555028
-0.0058269 0.00100042 -0.555027
-0.00536363 0.00100042 -0.555027
-0.00629017 0.000537155 -0.555027
-0.0058269 0.000537155 -0.555027
-0.00536363 0.000537155 -0.555027
-0.00629017 7.38844e-05 -0.555027
-0.0058269 7.38844e-05 -0.555026
-0.00536363 7.38844e-05 -0.555026
-0.00629017 -0.000389386 -0.555026
-0.0058269 -0.000389386 -0.555026
-0.00536363 -0.000389386 -0.555025
-0.00629017 -0.000852656 -0.555026
-0.0058269 -0.000852656 -0.555025
-0.00536363 -0.000852656 -0.555025
-0.00629017 -0.00131593 -0.555025
-0.0058269 -0.00131593 -0.555025
-0.00536363 -0.00131593 -0.555024
-0.00629017 -0.0017792 -0.555025
-0.0058269 -0.0017792 -0.555024
-0.00536363 -0.0017792 -0.555024
-0.00629017 -0.00224247 -0.555024
-0.0058269 -0.00224247 -0.555024
-0.00536363 -0.00224247 -0.555023
-0.00629017 -0.00270574 -0.555023
-0.0058269 -0.00270574 -0.555023
-0.00536363 -0.00270574 -0.555023
-0.00629017 -0.00316901 -0.555023
-0.0058269 -0.00316901 -0.555023
-0.00536363 -0.00316901 -0.555022
-0.00629017 -0.00363228 -0.555022
-0.0058269 -0.00363228 -0.555022
-0.00536363 -0.00363228 -0.555022
-0.00629017 -0.00409555 -0.555022
-0.0058269 -0.00409555 -0.555021
-0.00536363 -0.00409555 -0.555021
-0.00629017 -0.00455882 -0.555021
-0.0058269 -0.00455882 -0.555021
-0.00536363 -0.00455882 -0.555021
-0.00629017 -0.00502209 -0.555021
-0.0058269 -0.00502209 -0.55502
-0.00536363 -0.00502209 -0.55502
-0.00629017 -0.00548536 -0.55502
-0.0058269 -0.00548536 -0.55502
-0.00536363 -0.00548536 -0.555019
-0.00629017 -0.00594863 -0.55502
-0.0058269 -0.00594863 -0.555019
-0.00536363 -0.00594863 -0.555019
-0.00629017 -0.0064119 -0.555019
-0.0058269 -0.0064119 -0.555019
-0.00536363 -0.0064119 -0.555018
-0.00629017 -0.00687517 -0.555019
-0.0058269 -0.00687517 -0.555018
-0.00536363 -0.00687517 -0.555018
-0.00629017 -0.00733844 -0.555018
-0.0058269 -0.00733844 -0.555018
-0.00536363 -0.00733844 -0.555017
-0.00629017 -0.00780171 -0.555017
-0.0058269 -0.00780171 -0.555017
-0.00536363 -0.00780171 -0.555017
-0.00629017 -0.00826498 -0.555017
-0.0058269 -0.00826498 -0.555016
-0.00536363 -0.00826498 -0.555016
-0.00629017 -0.00872825 -0.555016
-0.0058269 -0.00872825 -0.555016
-0.00536363 -0.00872825 -0.555016
-0.00629017 -0.00919152 -0.555016
-0.0058269 -0.00919152 -0.555015
-0.00536363 -0.00919152 -0.555015
-0.00629017 -0.00965479 -0.555015
-0.0058269 -0.00965479 -0.555015
-0.00536363 -0.00965479 -0.555014
-0.00629017 -0.0101181 -0.555015
-0.0058269 -0.0101181 -0.555014
-0.00536363 -0.0101181 -0.555014
-0.00629017 -0.0105813 -0.555014
-0.0058269 -0.0105813 -0.555014
-0.00536363 -0.0105813 -0.555013
-0.00629017 -0.0110446 -0.555014
-0.0058269 -0.0110446 -0.555013
-0.00536363 -0.0110446 -0.555013
-0.00629017 -0.0115079 -0.555013
-0.0058269 -0.0115079 -0.555013
-0.00536363 -0.0115079 -0.555012
-0.00629017 -0.0119711 -0.555012
-0.0058269 -0.0119711 -0.555012
-0.00536363 -0.0119711 -0.555012
-0.00629017 -0.0124344 -0.555012
-0.0058269 -0.0124344 -0.555012
-0.00536363 -0.0124344 -0.555011
-0.00629017 -0.0128977 -0.555011
-0.0058269 -0.0128977 -0.555011
-0.00536363 -0.0128977 -0.555011
-0.00629017 -0.013361 -0.555011
-0.0058269 -0.013361 -0.55501
-0.00536363 -0.013361 -0.55501
-0.00629017 -0.0138242 -0.55501
-0.0058269 -0.0138242 -0.55501
-0.00536363 -0.0138242 -0.555009
-0.00629017 -0.0142875 -0.55501
-0.0058269 -0.0142875 -0.555009
-0.00536363 -0.0142875 -0.555009
-0.00629017 -0.0147508 -0.555009
-0.0058269 -0.0147508 -0.555009
-0.00536363 -0.0147508 -0.555008
-0.00629017 -0.015214 -0.555009
-0.0058269 -0.015214 -0.555008
-0.00536363 -0.015214 -0.555008
-0.00629017 -0.0156773 -0.555008
-0.0058269 -0.0156773 -0.555008
-0.00536363 -0.0156773 -0.555007
-0.00629017 -0.0161406 -0.555008
-0.0058269 -0.0161406 -0.555007
-0.00536363 -0.0161406 -0.555007
-0.00629017 -0.0166038 -0.555007
-0.0058269 -0.0166038 -0.555007
-0.00536363 -0.0166038 -0.555006
-0.00629017 -0.0170671 -0.555006
-0.0058269 -0.0170671 -0.555006
-0.00536363 -0.0170671 -0.555006
-0.00629017 -0.0175304 -0.555006
-0.0058269 -0.0175304 -0.555005
-0.00536363 -0.0175304 -0.555005
-0.00629017 -0.0179937 -0.555005
-0.0058269 -0.0179937 -0.555005
-0.00536363 -0.0179937 -0.555005
-0.00629017 -0.0184569 -0.555005
-0.0058269 -0.0184569 -0.555004
-0.00536363 -0.0184569 -0.555004
-0.00629017 -0.0189202 -0.555004
-0.0058269 -0.0189202 -0.555004
-0.00536363 -0.0189202 -0.555003
-0.00629017 -0.0193835 -0.555004
-0.0058269 -0.0193835 -0.555003
-0.00536363 -0.0193835 -0.555003
-0.00629017 -0.0198467 -0.555003
-0.0058269 -0.0198467 -0.555003
-0.00536363 -0.0198467 -0.555002
-0.00629017 -0.02031 -0.555003
-0.0058269 -0.02031 -0.555002
-0.00536363 -0.02031 -0.555002
-0.00629017 -0.0207733 -0.555002
-0.0058269 -0.0207733 -0.555002
-0.00536363 -0.0207733 -0.555001
-0.00629017 -0.0212365 -0.555001
-0.0058269 -0.0212365 -0.555001
-0.00536363 -0.0212365 -0.555001
-0.00629017 -0.0216998 -0.555001
-0.0058269 -0.0216998 -0.555001
-0.00536363 -0.0216998 -0.555
-0.00629017 -0.0221631 -0.555
-0.0058269 -0.0221631 -0.555
-0.00536363 -0.0221631 -0.555
-0.00629017 -0.0226264 -0.555
-0.0058269 -0.0226264 -0.554999
-0.00536363 -0.0226264 -0.554999
-0.00629017 -0.0230896 -0.554999
-0.0058269 -0.0230896 -0.554999
-0.00536363 -0.0230896 -0.554998
-0.00629017 -0.0235529 -0.554999
-0.0058269 -0.0235529 -0.554998
-0.00536363 -0.0235529 -0.554998
-0.00629017 -0.0240162 -0.554998
-0.0058269 -0.0240162 -0.554998
-0.00536363 -0.0240162 -0.554997
-0.00629017 -0.0244794 -0.554998
-0.0058269 -0.0244794 -0.554997
-0.00536363 -0.0244794 -0.554997
-0.00629017 -0.0249427 -0.554997
-0.0058269 -0.0249427 -0.554997
-0.00536363 -0.0249427 -0.554996
-0.00629017 -0.025406 -0.554996
-0.0058269 -0.025406 -0.554996
-0.00536363 -0.025406 -0.554996
-0.00629017 -0.0258693 -0.554996
-0.0058269 -0.0258693 -0.554996
-0.00536363 -0.0258693 -0.554995
