-0.000952828 0.0344951 -0.531794
-0.000972035 0.0344951 -0.531794
-0.000991242 0.0344951 -0.531793
-0.000952828 0.0345143 -0.531795
-0.000972035 0.0345143 -0.531794
-0.000991242 0.0345143 -0.531794
-0.000952828 0.0345335 -0.531795
-0.000972035 0.0345335 -0.531795
-0.000991242 0.0345335 -0.531794
-0.000952828 0.0345527 -0.531796
-0.000972035 0.0345527 -0.531795
-0.000991242 0.0345527 -0.531795
-0.000952828 0.0345719 -0.531796
-0.000972035 0.0345719 -0.531796
-0.000991242 0.0345719 -0.531795
-0.000952828 0.0345911 -0.531797
-0.000972035 0.0345911 -0.531796
-0.000991242 0.0345911 -0.531796
-0.000952828 0.0346103 -0.531797
-0.000972035 0.0346103 -0.531797
-0.000991242 0.0346103 -0.531796
-0.000952828 0.0346295 -0.531798
-0.000972035 0.0346295 -0.531797
-0.000991242 0.0346295 -0.531797
-0.000952828 0.0346487 -0.531798
-0.000972035 0.0346487 -0.531798
-0.000991242 0.0346487 -0.531797
-0.000952828 0.0346679 -0.531799
-0.000972035 0.0346679 -0.531798
-0.000991242 0.0346679 -0.531797
-0.000952828 0.0346871 -0.531799
-0.000972035 0.0346871 -0.531799
-0.000991242 0.0346871 -0.531798
-0.000952828 0.0347063 -0.5318
-0.000972035 0.0347063 -0.531799
-0.000991242 0.0347063 -0.531798
-0.000952828 0.0347255 -0.5318
-0.000972035 0.0347255 -0.5318
-0.000991242 0.0347255 -0.531799
-0.000952828 0.0347447 -0.531801
-0.000972035 0.0347447 -0.5318
-0.000991242 0.0347447 -0.531799
-0.000952828 0.034764 -0.531801
-0.000972035 0.034764 -0.531801
-0.000991242 0.034764 -0.5318
-0.000952828 0.0347832 -0.531802
-0.000972035 0.0347832 -0.531801
-0.000991242 0.0347832 -0.5318
-0.000952828 0.0348024 -0.531802
-0.000972035 0.0348024 -0.531801
-0.000991242 0.0348024 -0.531801
-0.000952828 0.0348216 -0.531803
-0.000972035 0.0348216 -0.531802
-0.000991242 0.0348216 -0.531801
-0.000952828 0.0348408 -0.531803
-0.000972035 0.0348408 -0.531802
-0.000991242 0.0348408 -0.531802
-0.000952828 0.03486 -0.531804
-0.000972035 0.03486 -0.531803
-0.000991242 0.03486 -0.531802
-0.000952828 0.0348792 -0.531804
-0.000972035 0.0348792 -0.531803
-0.000991242 0.0348792 -0.531803
-0.000952828 0.0348984 -0.531805
-0.000972035 0.0348984 -0.531804
-0.000991242 0.0348984 -0.531803
-0.000952828 0.0349176 -0.531805
-0.000972035 0.0349176 -0.531804
-0.000991242 0.0349176 -0.531804
-0.000952828 0.0349368 -0.531806
-0.000972035 0.0349368 -0.531805
-0.000991242 0.0349368 -0.531804
-0.000952828 0.034956 -0.531806
-0.000972035 0.034956 -0.531805
-0.000991242 0.034956 -0.531805
-0.000952828 0.0349752 -0.531806
-0.000972035 0.0349752 -0.531806
-0.000991242 0.0349752 -0.531805
-0.000952828 0.0349944 -0.531807
-0.000972035 0.0349944 -0.531806
-0.000991242 0.0349944 -0.531806
-0.000952828 0.0350136 -0.531807
-0.000972035 0.0350136 -0.531807
-0.000991242 0.0350136 -0.531806
-0.000952828 0.0350328 -0.531808
-0.000972035 0.0350328 -0.531807
-0.000991242 0.0350328 -0.531807
-0.000952828 0.0350521 -0.531808
-0.000972035 0.0350521 -0.531808
-0.000991242 0.0350521 -0.531807
-0.000952828 0.0350713 -0.531809
-0.000972035 0.0350713 -0.531808
-0.000991242 0.0350713 -0.531808
-0.000952828 0.0350905 -0.531809
-0.000972035 0.0350905 -0.531809
-0.000991242 0.0350905 -0.531808
-0.000952828 0.0351097 -0.53181
-0.000972035 0.0351097 -0.531809
-0.000991242 0.0351097 -0.531809
-0.000952828 0.0351289 -0.53181
-0.000972035 0.0351289 -0.53181
-0.000991242 0.0351289 -0.531809
-0.000952828 0.0351481 -0.531811
-0.000972035 0.0351481 -0.53181
-0.000991242 0.0351481 -0.53181
-0.000952828 0.0351673 -0.531811
-0.000972035 0.0351673 -0.531811
-0.000991242 0.0351673 -0.53181
-0.000952828 0.0351865 -0.531812
-0.000972035 0.0351865 -0.531811
-0.000991242 0.0351865 -0.531811
-0.000952828 0.0352057 -0.531812
-0.000972035 0.0352057 -0.531812
-0.000991242 0.0352057 -0.531811
-0.000952828 0.0352249 -0.531813
-0.000972035 0.0352249 -0.531812
-0.000991242 0.0352249 -0.531812
-0.000952828 0.0352441 -0.531813
-0.000972035 0.0352441 -0.531813
-0.000991242 0.0352441 -0.531812
-0.000952828 0.0352633 -0.531814
-0.000972035 0.0352633 -0.531813
-0.000991242 0.0352633 -0.531813
-0.000952828 0.0352825 -0.531814
-0.000972035 0.0352825 -0.531814
-0.000991242 0.0352825 -0.531813
-0.000952828 0.0353017 -0.531815
-0.000972035 0.0353017 -0.531814
-0.000991242 0.0353017 -0.531814
-0.000952828 0.0353209 -0.531815
-0.000972035 0.0353209 -0.531815
-0.000991242 0.0353209 -0.531814
-0.000952828 0.0353402 -0.531816
-0.000972035 0.0353402 -0.531815
-0.000991242 0.0353402 -0.531815
-0.000952828 0.0353594 -0.531816
-0.000972035 0.0353594 -0.531816
-0.000991242 0.0353594 -0.531815
-0.000952828 0.0353786 -0.531817
-0.000972035 0.0353786 -0.531816
-0.000991242 0.0353786 -0.531816
-0.000952828 0.0353978 -0.531817
-0.000972035 0.0353978 -0.531817
-0.000991242 0.0353978 -0.531816
-0.000952828 0.035417 -0.531818
-0.000972035 0.035417 -0.531817
-0.000991242 0.035417 -0.531817
-0.000952828 0.0354362 -0.531818
-0.000972035 0.0354362 -0.531818
-0.000991242 0.0354362 -0.531817
-0.000952828 0.0354554 -0.531819
-0.000972035 0.0354554 -0.531818
-0.000991242 0.0354554 -0.531818
-0.000952828 0.0354746 -0.531819
-0.000972035 0.0354746 -0.531819
-0.000991242 0.0354746 -0.531818
-0.000952828 0.0354938 -0.53182
-0.000972035 0.0354938 -0.531819
-0.000991242 0.0354938 -0.531819
-0.000952828 0.035513 -0.53182
-0.000972035 0.035513 -0.53182
-0.000991242 0.035513 -0.531819
-0.000952828 0.0355322 -0.531821
-0.000972035 0.0355322 -0.53182
-0.000991242 0.0355322 -0.53182
-0.000952828 0.0355514 -0.531821
-0.000972035 0.0355514 -0.531821
-0.000991242 0.0355514 -0.53182
-0.000952828 0.0355706 -0.531822
-0.000972035 0.0355706 -0.531821
-0.000991242 0.0355706 -0.531821
-0.000952828 0.0355898 -0.531822
-0.000972035 0.0355898 -0.531822
-0.000991242 0.0355898 -0.531821
-0.000952828 0.0356091 -0.531823
-0.000972035 0.0356091 -0.531822
-0.000991242 0.0356091 -0.531822
-0.000952828 0.0356283 -0.531823
-0.000972035 0.0356283 -0.531823
-0.000991242 0.0356283 -0.531822
-0.000952828 0.0356475 -0.531824
-0.000972035 0.0356475 -0.531823
-0.000991242 0.0356475 -0.531823
-0.000952828 0.0356667 -0.531824
-0.000972035 0.0356667 -0.531824
-0.000991242 0.0356667 -0.531823
-0.000952828 0.0356859 -0.531825
-0.000972035 0.0356859 -0.531824
-0.000991242 0.0356859 -0.531824
-0.000952828 0.0357051 -0.531825
-0.000972035 0.0357051 -0.531825
-0.000991242 0.0357051 -0.531824
-0.000952828 0.0357243 -0.531826
-0.000972035 0.0357243 -0.531825
-0.000991242 0.0357243 -0.531825
-0.000952828 0.0357435 -0.531826
-0.000972035 0.0357435 -0.531826
-0.000991242 0.0357435 -0.531825
-0.000952828 0.0357627 -0.531827
-0.000972035 0.0357627 -0.531826
-0.000991242 0.0357627 -0.531825
-0.000952828 0.0357819 -0.531827
-0.000972035 0.0357819 -0.531827
-0.000991242 0.0357819 -0.531826
-0.000952828 0.0358011 -0.531828
-0.000972035 0.0358011 -0.531827
-0.000991242 0.0358011 -0.531826
-0.000952828 0.0358203 -0.531828
-0.000972035 0.0358203 -0.531828
-0.000991242 0.0358203 -0.531827
-0.000952828 0.0358395 -0.531829
-0.000972035 0.0358395 -0.531828
-0.000991242 0.0358395 -0.531827
-0.000952828 0.0358587 -0.531829
-0.000972035 0.0358587 -0.531829
-0.000991242 0.0358587 -0.531828
-0.000952828 0.0358779 -0.53183
-0.000972035 0.0358779 -0.531829
-0.000991242 0.0358779 -0.531828
-0.000952828 0.0358972 -0.53183
-0.000972035 0.0358972 -0.53183
-0.000991242 0.0358972 -0.531829
-0.000952828 0.0359164 -0.531831
-0.000972035 0.0359164 -0.53183
-0.000991242 0.0359164 -0.531829
-0.000952828 0.0359356 -0.531831
-0.000972035 0.0359356 -0.53183
-0.000991242 0.0359356 -0.53183
-0.000952828 0.0359548 -0.531832
-0.000972035 0.0359548 -0.531831
-0.000991242 0.0359548 -0.53183
-0.000952828 0.035974 -0.531832
-0.000972035 0.035974 -0.531832
-0.000991242 0.035974 -0.531831
-0.000952828 0.0359932 -0.531833
-0.000972035 0.0359932 -0.531832
-0.000991242 0.0359932 -0.531831
-0.000952828 0.0360124 -0.531833
-0.000972035 0.0360124 -0.531832
-0.000991242 0.0360124 -0.531832
-0.000952828 0.0360316 -0.531834
-0.000972035 0.0360316 -0.531833
-0.000991242 0.0360316 -0.531832
-0.000952828 0.0360508 -0.531834
-0.000972035 0.0360508 -0.531833
-0.000991242 0.0360508 -0.531833
-0.000952828 0.03607 -0.531834
-0.000972035 0.03607 -0.531834
-0.000991242 0.03607 -0.531833
-0.000952828 0.0360892 -0.531835
-0.000972035 0.0360892 -0.531834
-0.000991242 0.0360892 -0.531834
-0.000952828 0.0361084 -0.531835
-0.000972035 0.0361084 -0.531835
-0.000991242 0.0361084 -0.531834
-0.000952828 0.0361276 -0.531836
-0.000972035 0.0361276 -0.531835
-0.000991242 0.0361276 -0.531835
-0.000952828 0.0361468 -0.531836
-0.000972035 0.0361468 -0.531836
-0.000991242 0.0361468 -0.531835
-0.000952828 0.036166 -0.531837
-0.000972035 0.036166 -0.531836
-0.000991242 0.036166 -0.531836
-0.000952828 0.0361853 -0.531837
-0.000972035 0.0361853 -0.531837
-0.000991242 0.0361853 -0.531836
-0.000952828 0.0362045 -0.531838
-0.000972035 0.0362045 -0.531837
-0.000991242 0.0362045 -0.531837
-0.000952828 0.0362237 -0.531838
-0.000972035 0.0362237 -0.531838
-0.000991242 0.0362237 -0.531837
-0.000952828 0.0362429 -0.531839
-0.000972035 0.0362429 -0.531838
-0.000991242 0.0362429 -0.531838
-0.000952828 0.0362621 -0.531839
-0.000972035 0.0362621 -0.531839
-0.000991242 0.0362621 -0.531838
-0.000952828 0.0362813 -0.53184
-0.000972035 0.0362813 -0.531839
-0.000991242 0.0362813 -0.531839
-0.000952828 0.0363005 -0.53184
-0.000972035 0.0363005 -0.53184
-0.000991242 0.0363005 -0.531839
-0.000952828 0.0363197 -0.531841
-0.000972035 0.0363197 -0.53184
-0.000991242 0.0363197 -0.53184
-0.000952828 0.0363389 -0.531841
-0.000972035 0.0363389 -0.531841
-0.000991242 0.0363389 -0.53184
-0.000952828 0.0363581 -0.531842
-0.000972035 0.0363581 -0.531841
-0.000991242 0.0363581 -0.531841
-0.000952828 0.0363773 -0.531842
-0.000972035 0.0363773 -0.531842
-0.000991242 0.0363773 -0.531841
-0.000952828 0.0363965 -0.531843
-0.000972035 0.0363965 -0.531842
-0.000991242 0.0363965 -0.531842
-0.000952828 0.0364157 -0.531843
-0.000972035 0.0364157 -0.531843
-0.000991242 0.0364157 -0.531842
-0.000952828 0.0364349 -0.531844
-0.000972035 0.0364349 -0.531843
-0.000991242 0.0364349 -0.531843
-0.000952828 0.0364541 -0.531844
-0.000972035 0.0364541 -0.531844
-0.000991242 0.0364541 -0.531843
-0.000952828 0.0364734 -0.531845
-0.000972035 0.0364734 -0.531844
-0.000991242 0.0364734 -0.531844
-0.000952828 0.0364926 -0.531845
-0.000972035 0.0364926 -0.531845
-0.000991242 0.0364926 -0.531844
-0.000952828 0.0365118 -0.531846
-0.000972035 0.0365118 -0.531845
-0.000991242 0.0365118 -0.531845
-0.000952828 0.036531 -0.531846
-0.000972035 0.036531 -0.531846
-0.000991242 0.036531 -0.531845
-0.000952828 0.0365502 -0.531847
-0.000972035 0.0365502 -0.531846
-0.000991242 0.0365502 -0.531846
-0.000952828 0.0365694 -0.531847
-0.000972035 0.0365694 -0.531847
-0.000991242 0.0365694 -0.531846
-0.000952828 0.0365886 -0.531848
-0.000972035 0.0365886 -0.531847
-0.000991242 0.0365886 -0.531847
-0.000952828 0.0366078 -0.531848
-0.000972035 0.0366078 -0.531848
-0.000991242 0.0366078 -0.531847
