-0.00448309 0.00543618 -0.867013
-0.00466503 0.00543618 -0.867016
-0.00484697 0.00543618 -0.867019
-0.00448309 0.00561812 -0.867013
-0.00466503 0.00561812 -0.867016
-0.00484697 0.00561812 -0.867019
-0.00448309 0.00580006 -0.867014
-0.00466503 0.00580006 -0.867017
-0.00484697 0.00580006 -0.86702
-0.00448309 0.005982 -0.867014
-0.00466503 0.005982 -0.867017
-0.00484697 0.005982 -0.86702
-0.00448309 0.00616394 -0.867014
-0.00466503 0.00616394 -0.867017
-0.00484697 0.00616394 -0.86702
-0.00448309 0.00634588 -0.867015
-0.00466503 0.00634588 -0.867018
-0.00484697 0.00634588 -0.867021
-0.00448309 0.00652782 -0.867015
-0.00466503 0.00652782 -0.867018
-0.00484697 0.00652782 -0.867021
-0.00448309 0.00670976 -0.867015
-0.00466503 0.00670976 -0.867018
-0.00484697 0.00670976 -0.867021
-0.00448309 0.0068917 -0.867016
-0.00466503 0.0068917 -0.867019
-0.00484697 0.0068917 -0.867022
-0.00448309 0.00707364 -0.867016
-0.00466503 0.00707364 -0.867019
-0.00484697 0.00707364 -0.867022
-0.00448309 0.00725558 -0.867016
-0.00466503 0.00725558 -0.867019
-0.00484697 0.00725558 -0.867022
-0.00448309 0.00743752 -0.867017
-0.00466503 0.00743752 -0.86702
-0.00484697 0.00743752 -0.867023
-0.00448309 0.00761946 -0.867017
-0.00466503 0.00761946 -0.86702
-0.00484697 0.00761946 -0.867023
-0.00448309 0.0078014 -0.867017
-0.00466503 0.0078014 -0.86702
-0.00484697 0.0078014 -0.867024
-0.00448309 0.00798334 -0.867018
-0.00466503 0.00798334 -0.867021
-0.00484697 0.00798334 -0.867024
-0.00448309 0.00816527 -0.867018
-0.00466503 0.00816527 -0.867021
-0.00484697 0.00816527 -0.867024
-0.00448309 0.00834722 -0.867018
-0.00466503 0.00834722 -0.867022
-0.00484697 0.00834722 -0.867025
-0.00448309 0.00852915 -0.867019
-0.00466503 0.00852915 -0.867022
-0.00484697 0.00852915 -0.867025
-0.00448309 0.00871109 -0.867019
-0.00466503 0.00871109 -0.867022
-0.00484697 0.00871109 -0.867025
-0.00448309 0.00889303 -0.867019
-0.00466503 0.00889303 -0.867023
-0.00484697 0.00889303 -0.867026
-0.00448309 0.00907497 -0.86702
-0.00466503 0.00907497 -0.867023
-0.00484697 0.00907497 -0.867026
-0.00448309 0.00925691 -0.86702
-0.00466503 0.00925691 -0.867023
-0.00484697 0.00925691 -0.867026
-0.00448309 0.00943885 -0.86702
-0.00466503 0.00943885 -0.867024
-0.00484697 0.00943885 -0.867027
-0.00448309 0.00962079 -0.867021
-0.00466503 0.00962079 -0.867024
-0.00484697 0.00962079 -0.867027
-0.00448309 0.00980273 -0.867021
-0.00466503 0.00980273 -0.867024
-0.00484697 0.00980273 -0.867027
-0.00448309 0.00998467 -0.867022
-0.00466503 0.00998467 -0.867025
-0.00484697 0.00998467 -0.867028
-0.00448309 0.0101666 -0.867022
-0.00466503 0.0101666 -0.867025
-0.00484697 0.0101666 -0.867028
-0.00448309 0.0103486 -0.867022
-0.00466503 0.0103486 -0.867025
-0.00484697 0.0103486 -0.867028
-0.00448309 0.0105305 -0.867023
-0.00466503 0.0105305 -0.867026
-0.00484697 0.0105305 -0.867029
-0.00448309 0.0107124 -0.867023
-0.00466503 0.0107124 -0.867026
-0.00484697 0.0107124 -0.867029
-0.00448309 0.0108944 -0.867023
-0.00466503 0.0108944 -0.867026
-0.00484697 0.0108944 -0.867029
-0.00448309 0.0110763 -0.867024
-0.00466503 0.0110763 -0.867027
-0.00484697 0.0110763 -0.86703
-0.00448309 0.0112583 -0.867024
-0.00466503 0.0112583 -0.867027
-0.00484697 0.0112583 -0.86703
-0.00448309 0.0114402 -0.867024
-0.00466503 0.0114402 -0.867027
-0.00484697 0.0114402 -0.867031
-0.00448309 0.0116221 -0.867025
-0.00466503 0.0116221 -0.867028
-0.00484697 0.0116221 -0.867031
-0.00448309 0.0118041 -0.867025
-0.00466503 0.0118041 -0.867028
-0.00484697 0.0118041 -0.867031
-0.00448309 0.011986 -0.867025
-0.00466503 0.011986 -0.867028
-0.00484697 0.011986 -0.867032
-0.00448309 0.012168 -0.867026
-0.00466503 0.012168 -0.867029
-0.00484697 0.012168 -0.867032
-0.00448309 0.0123499 -0.867026
-0.00466503 0.0123499 -0.867029
-0.00484697 0.0123499 -0.867032
-0.00448309 0.0125318 -0.867026
-0.00466503 0.0125318 -0.86703
-0.00484697 0.0125318 -0.867033
-0.00448309 0.0127138 -0.867027
-0.00466503 0.0127138 -0.86703
-0.00484697 0.0127138 -0.867033
-0.00448309 0.0128957 -0.867027
-0.00466503 0.0128957 -0.86703
-0.00484697 0.0128957 -0.867033
-0.00448309 0.0130777 -0.867028
-0.00466503 0.0130777 -0.867031
-0.00484697 0.0130777 -0.867034
-0.00448309 0.0132596 -0.867028
-0.00466503 0.0132596 -0.867031
-0.00484697 0.0132596 -0.867034
-0.00448309 0.0134415 -0.867028
-0.00466503 0.0134415 -0.867031
-0.00484697 0.0134415 -0.867034
-0.00448309 0.0136235 -0.867029
-0.00466503 0.0136235 -0.867032
-0.00484697 0.0136235 -0.867035
-0.00448309 0.0138054 -0.867029
-0.00466503 0.0138054 -0.867032
-0.00484697 0.0138054 -0.867035
-0.00448309 0.0139873 -0.867029
-0.00466503 0.0139873 -0.867032
-0.00484697 0.0139873 -0.867035
-0.00448309 0.0141693 -0.86703
-0.00466503 0.0141693 -0.867033
-0.00484697 0.0141693 -0.867036
-0.00448309 0.0143512 -0.86703
-0.00466503 0.0143512 -0.867033
-0.00484697 0.0143512 -0.867036
-0.00448309 0.0145332 -0.86703
-0.00466503 0.0145332 -0.867033
-0.00484697 0.0145332 -0.867036
-0.00448309 0.0147151 -0.867031
-0.00466503 0.0147151 -0.867034
-0.00484697 0.0147151 -0.867037
-0.00448309 0.014897 -0.867031
-0.00466503 0.014897 -0.867034
-0.00484697 0.014897 -0.867037
-0.00448309 0.015079 -0.867031
-0.00466503 0.015079 -0.867034
-0.00484697 0.015079 -0.867038
-0.00448309 0.0152609 -0.867032
-0.00466503 0.0152609 -0.867035
-0.00484697 0.0152609 -0.867038
-0.00448309 0.0154429 -0.867032
-0.00466503 0.0154429 -0.867035
-0.00484697 0.0154429 -0.867038
-0.00448309 0.0156248 -0.867032
-0.00466503 0.0156248 -0.867036
-0.00484697 0.0156248 -0.867039
-0.00448309 0.0158067 -0.867033
-0.00466503 0.0158067 -0.867036
-0.00484697 0.0158067 -0.867039
-0.00448309 0.0159887 -0.867033
-0.00466503 0.0159887 -0.867036
-0.00484697 0.0159887 -0.867039
-0.00448309 0.0161706 -0.867033
-0.00466503 0.0161706 -0.867037
-0.00484697 0.0161706 -0.86704
-0.00448309 0.0163526 -0.867034
-0.00466503 0.0163526 -0.867037
-0.00484697 0.0163526 -0.86704
-0.00448309 0.0165345 -0.867034
-0.00466503 0.0165345 -0.867037
-0.00484697 0.0165345 -0.86704
-0.00448309 0.0167164 -0.867035
-0.00466503 0.0167164 -0.867038
-0.00484697 0.0167164 -0.867041
-0.00448309 0.0168984 -0.867035
-0.00466503 0.0168984 -0.867038
-0.00484697 0.0168984 -0.867041
-0.00448309 0.0170803 -0.867035
-0.00466503 0.0170803 -0.867038
-0.00484697 0.0170803 -0.867041
-0.00448309 0.0172623 -0.867036
-0.00466503 0.0172623 -0.867039
-0.00484697 0.0172623 -0.867042
-0.00448309 0.0174442 -0.867036
-0.00466503 0.0174442 -0.867039
-0.00484697 0.0174442 -0.867042
-0.00448309 0.0176261 -0.867036
-0.00466503 0.0176261 -0.867039
-0.00484697 0.0176261 -0.867042
-0.00448309 0.0178081 -0.867037
-0.00466503 0.0178081 -0.86704
-0.00484697 0.0178081 -0.867043
-0.00448309 0.01799 -0.867037
-0.00466503 0.01799 -0.86704
-0.00484697 0.01799 -0.867043
-0.00448309 0.018172 -0.867037
-0.00466503 0.018172 -0.86704
-0.00484697 0.018172 -0.867043
-0.00448309 0.0183539 -0.867038
-0.00466503 0.0183539 -0.867041
-0.00484697 0.0183539 -0.867044
-0.00448309 0.0185358 -0.867038
-0.00466503 0.0185358 -0.867041
-0.00484697 0.0185358 -0.867044
-0.00448309 0.0187178 -0.867038
-0.00466503 0.0187178 -0.867041
-0.00484697 0.0187178 -0.867045
-0.00448309 0.0188997 -0.867039
-0.00466503 0.0188997 -0.867042
-0.00484697 0.0188997 -0.867045
-0.00448309 0.0190817 -0.867039
-0.00466503 0.0190817 -0.867042
-0.00484697 0.0190817 -0.867045
-0.00448309 0.0192636 -0.867039
-0.00466503 0.0192636 -0.867042
-0.00484697 0.0192636 -0.867046
-0.00448309 0.0194455 -0.86704
-0.00466503 0.0194455 -0.867043
-0.00484697 0.0194455 -0.867046
-0.00448309 0.0196275 -0.86704
-0.00466503 0.0196275 -0.867043
-0.00484697 0.0196275 -0.867046
-0.00448309 0.0198094 -0.86704
-0.00466503 0.0198094 -0.867044
-0.00484697 0.0198094 -0.867047
-0.00448309 0.0199914 -0.867041
-0.00466503 0.0199914 -0.867044
-0.00484697 0.0199914 -0.867047
-0.00448309 0.0201733 -0.867041
-0.00466503 0.0201733 -0.867044
-0.00484697 0.0201733 -0.867047
-0.00448309 0.0203552 -0.867042
-0.00466503 0.0203552 -0.867045
-0.00484697 0.0203552 -0.867048
-0.00448309 0.0205372 -0.867042
-0.00466503 0.0205372 -0.867045
-0.00484697 0.0205372 -0.867048
-0.00448309 0.0207191 -0.867042
-0.00466503 0.0207191 -0.867045
-0.00484697 0.0207191 -0.867048
-0.00448309 0.0209011 -0.867043
-0.00466503 0.0209011 -0.867046
-0.00484697 0.0209011 -0.867049
-0.00448309 0.021083 -0.867043
-0.00466503 0.021083 -0.867046
-0.00484697 0.021083 -0.867049
-0.00448309 0.0212649 -0.867043
-0.00466503 0.0212649 -0.867046
-0.00484697 0.0212649 -0.867049
-0.00448309 0.0214469 -0.867044
-0.00466503 0.0214469 -0.867047
-0.00484697 0.0214469 -0.86705
-0.00448309 0.0216288 -0.867044
-0.00466503 0.0216288 -0.867047
-0.00484697 0.0216288 -0.86705
-0.00448309 0.0218108 -0.867044
-0.00466503 0.0218108 -0.867047
-0.00484697 0.0218108 -0.86705
-0.00448309 0.0219927 -0.867045
-0.00466503 0.0219927 -0.867048
-0.00484697 0.0219927 -0.867051
-0.00448309 0.0221746 -0.867045
-0.00466503 0.0221746 -0.867048
-0.00484697 0.0221746 -0.867051
-0.00448309 0.0223566 -0.867045
-0.00466503 0.0223566 -0.867048
-0.00484697 0.0223566 -0.867052
-0.00448309 0.0225385 -0.867046
-0.00466503 0.0225385 -0.867049
-0.00484697 0.0225385 -0.867052
-0.00448309 0.0227205 -0.867046
-0.00466503 0.0227205 -0.867049
-0.00484697 0.0227205 -0.867052
-0.00448309 0.0229024 -0.867046
-0.00466503 0.0229024 -0.86705
-0.00484697 0.0229024 -0.867053
-0.00448309 0.0230843 -0.867047
-0.00466503 0.0230843 -0.86705
-0.00484697 0.0230843 -0.867053
-0.00448309 0.0232663 -0.867047
-0.00466503 0.0232663 -0.86705
-0.00484697 0.0232663 -0.867053
-0.00448309 0.0234482 -0.867047
-0.00466503 0.0234482 -0.867051
-0.00484697 0.0234482 -0.867054
-0.00448309 0.0236302 -0.867048
-0.00466503 0.0236302 -0.867051
-0.00484697 0.0236302 -0.867054
-0.00448309 0.0238121 -0.867048
-0.00466503 0.0238121 -0.867051
-0.00484697 0.0238121 -0.867054
-0.00448309 0.023994 -0.867049
-0.00466503 0.023994 -0.867052
-0.00484697 0.023994 -0.867055
-0.00448309 0.024176 -0.867049
-0.00466503 0.024176 -0.867052
-0.00484697 0.024176 -0.867055
-0.00448309 0.0243579 -0.867049
-0.00466503 0.0243579 -0.867052
-0.00484697 0.0243579 -0.867055
-0.00448309 0.0245399 -0.86705
-0.00466503 0.0245399 -0.867053
-0.00484697 0.0245399 -0.867056
-0.00448309 0.0247218 -0.86705
-0.00466503 0.0247218 -0.867053
-0.00484697 0.0247218 -0.867056
-0.00448309 0.0249037 -0.86705
-0.00466503 0.0249037 -0.867053
-0.00484697 0.0249037 -0.867056
-0.00448309 0.0250857 -0.867051
-0.00466503 0.0250857 -0.867054
-0.00484697 0.0250857 -0.867057
-0.00448309 0.0252676 -0.867051
-0.00466503 0.0252676 -0.867054
-0.00484697 0.0252676 -0.867057
-0.00448309 0.0254496 -0.867051
-0.00466503 0.0254496 -0.867054
-0.00484697 0.0254496 -0.867058
