0.00888886 0.0195968 -0.759394
0.00961567 0.0195968 -0.75939
0.0103425 0.0195968 -0.759387
0.00888886 0.01887 -0.759395
0.00961567 0.01887 -0.759391
0.0103425 0.01887 -0.759388
0.00888886 0.0181432 -0.759395
0.00961567 0.0181432 -0.759392
0.0103425 0.0181432 -0.759388
0.00888886 0.0174164 -0.759396
0.00961567 0.0174164 -0.759392
0.0103425 0.0174164 -0.759389
0.00888886 0.0166896 -0.759397
0.00961567 0.0166896 -0.759393
0.0103425 0.0166896 -0.759389
0.00888886 0.0159627 -0.759397
0.00961567 0.0159627 -0.759394
0.0103425 0.0159627 -0.75939
0.00888886 0.0152359 -0.759398
0.00961567 0.0152359 -0.759394
0.0103425 0.0152359 -0.759391
0.00888886 0.0145091 -0.759398
0.00961567 0.0145091 -0.759395
0.0103425 0.0145091 -0.759391
0.00888886 0.0137823 -0.759399
0.00961567 0.0137823 -0.759396
0.0103425 0.0137823 -0.759392
0.00888886 0.0130555 -0.7594
0.00961567 0.0130555 -0.759396
0.0103425 0.0130555 -0.759393
0.00888886 0.0123287 -0.7594
0.00961567 0.0123287 -0.759397
0.0103425 0.0123287 -0.759393
0.00888886 0.0116019 -0.759401
0.00961567 0.0116019 -0.759397
0.0103425 0.0116019 -0.759394
0.00888886 0.0108751 -0.759402
0.00961567 0.0108751 -0.759398
0.0103425 0.0108751 -0.759395
0.00888886 0.0101483 -0.759402
0.00961567 0.0101483 -0.759399
0.0103425 0.0101483 -0.759395
0.00888886 0.00942145 -0.759403
0.00961567 0.00942145 -0.759399
0.0103425 0.00942145 -0.759396
0.00888886 0.00869464 -0.759404
0.00961567 0.00869464 -0.7594
0.0103425 0.00869464 -0.759396
0.00888886 0.00796783 -0.759404
0.00961567 0.00796783 -0.759401
0.0103425 0.00796783 -0.759397
0.00888886 0.00724102 -0.759405
0.00961567 0.00724102 -0.759401
0.0103425 0.00724102 -0.759398
0.00888886 0.00651421 -0.759405
0.00961567 0.00651421 -0.759402
0.0103425 0.00651421 -0.759398
0.00888886 0.0057874 -0.759406
0.00961567 0.0057874 -0.759403
0.0103425 0.0057874 -0.759399
0.00888886 0.00506059 -0.759407
0.00961567 0.00506059 -0.759403
0.0103425 0.00506059 -0.7594
0.00888886 0.00433378 -0.759407
0.00961567 0.00433378 -0.759404
0.0103425 0.00433378 -0.7594
0.00888886 0.00360697 -0.759408
0.00961567 0.00360697 -0.759404
0.0103425 0.00360697 -0.759401
0.00888886 0.00288016 -0.759409
0.00961567 0.00288016 -0.759405
0.0103425 0.00288016 -0.759402
0.00888886 0.00215335 -0.759409
0.00961567 0.00215335 -0.759406
0.0103425 0.00215335 -0.759402
0.00888886 0.00142654 -0.75941
0.00961567 0.00142654 -0.759406
0.0103425 0.00142654 -0.759403
0.00888886 0.000699725 -0.759411
0.00961567 0.000699725 -0.759407
0.0103425 0.000699725 -0.759403
0.00888886 -2.7085e-05 -0.759411
0.00961567 -2.7085e-05 -0.759408
0.0103425 -2.7085e-05 -0.759404
0.00888886 -0.000753895 -0.759412
0.00961567 -0.000753895 -0.759408
0.0103425 -0.000753895 -0.759405
0.00888886 -0.00148071 -0.759412
0.00961567 -0.00148071 -0.759409
0.0103425 -0.00148071 -0.759405
0.00888886 -0.00220752 -0.759413
0.00961567 -0.00220752 -0.759409
0.0103425 -0.00220752 -0.759406
0.00888886 -0.00293433 -0.759414
0.00961567 -0.00293433 -0.75941
0.0103425 -0.00293433 -0.759407
0.00888886 -0.00366114 -0.759414
0.00961567 -0.00366114 -0.759411
0.0103425 -0.00366114 -0.759407
0.00888886 -0.00438795 -0.759415
0.00961567 -0.00438795 -0.759411
0.0103425 -0.00438795 -0.759408
0.00888886 -0.00511476 -0.759416
0.00961567 -0.00511476 -0.759412
0.0103425 -0.00511476 -0.759408
0.00888886 -0.00584157 -0.759416
0.00961567 -0.00584157 -0.759413
0.0103425 -0.00584157 -0.759409
0.00888886 -0.00656838 -0.759417
0.00961567 -0.00656838 -0.759413
0.0103425 -0.00656838 -0.75941
0.00888886 -0.00729519 -0.759417
0.00961567 -0.00729519 -0.759414
0.0103425 -0.00729519 -0.75941
0.00888886 -0.008022 -0.759418
0.00961567 -0.008022 -0.759415
0.0103425 -0.008022 -0.759411
0.00888886 -0.00874881 -0.759419
0.00961567 -0.00874881 -0.759415
0.0103425 -0.00874881 -0.759412
0.00888886 -0.00947562 -0.759419
0.00961567 -0.00947562 -0.759416
0.0103425 -0.00947562 -0.759412
0.00888886 -0.0102024 -0.75942
0.00961567 -0.0102024 -0.759416
0.0103425 -0.0102024 -0.759413
0.00888886 -0.0109292 -0.759421
0.00961567 -0.0109292 -0.759417
0.0103425 -0.0109292 -0.759414
0.00888886 -0.011656 -0.759421
0.00961567 -0.011656 -0.759418
0.0103425 -0.011656 -0.759414
0.00888886 -0.0123829 -0.759422
0.00961567 -0.0123829 -0.759418
0.0103425 -0.0123829 -0.759415
0.00888886 -0.0131097 -0.759423
0.00961567 -0.0131097 -0.759419
0.0103425 -0.0131097 -0.759415
0.00888886 -0.0138365 -0.759423
0.00961567 -0.0138365 -0.75942
0.0103425 -0.0138365 -0.759416
0.00888886 -0.0145633 -0.759424
0.00961567 -0.0145633 -0.75942
0.0103425 -0.0145633 -0.759417
0.00888886 -0.0152901 -0.759424
0.00961567 -0.0152901 -0.759421
0.0103425 -0.0152901 -0.759417
0.00888886 -0.0160169 -0.759425
0.00961567 -0.0160169 -0.759422
0.0103425 -0.0160169 -0.759418
0.00888886 -0.0167437 -0.759426
0.00961567 -0.0167437 -0.759422
0.0103425 -0.0167437 -0.759419
0.00888886 -0.0174705 -0.759426
0.00961567 -0.0174705 -0.759423
0.0103425 -0.0174705 -0.759419
0.00888886 -0.0181973 -0.759427
0.00961567 -0.0181973 -0.759423
0.0103425 -0.0181973 -0.75942
0.00888886 -0.0189242 -0.759428
0.00961567 -0.0189242 -0.759424
0.0103425 -0.0189242 -0.759421
0.00888886 -0.019651 -0.759428
0.00961567 -0.019651 -0.759425
0.0103425 -0.019651 -0.759421
0.00888886 -0.0203778 -0.759429
0.00961567 -0.0203778 -0.759425
0.0103425 -0.0203778 -0.759422
0.00888886 -0.0211046 -0.75943
0.00961567 -0.0211046 -0.759426
0.0103425 -0.0211046 -0.759422
0.00888886 -0.0218314 -0.75943
0.00961567 -0.0218314 -0.759427
0.0103425 -0.0218314 -0.759423
0.00888886 -0.0225582 -0.759431
0.00961567 -0.0225582 -0.759427
0.0103425 -0.0225582 -0.759424
0.00888886 -0.023285 -0.759431
0.00961567 -0.023285 -0.759428
0.0103425 -0.023285 -0.759424
0.00888886 -0.0240118 -0.759432
0.00961567 -0.0240118 -0.759429
0.0103425 -0.0240118 -0.759425
0.00888886 -0.0247386 -0.759433
0.00961567 -0.0247386 -0.759429
0.0103425 -0.0247386 -0.759426
0.00888886 -0.0254654 -0.759433
0.00961567 -0.0254654 -0.75943
0.0103425 -0.0254654 -0.759426
0.00888886 -0.0261923 -0.759434
0.00961567 -0.0261923 -0.75943
0.0103425 -0.0261923 -0.759427
0.00888886 -0.0269191 -0.759435
0.00961567 -0.0269191 -0.759431
0.0103425 -0.0269191 -0.759427
0.00888886 -0.0276459 -0.759435
0.00961567 -0.0276459 -0.759432
0.0103425 -0.0276459 -0.759428
0.00888886 -0.0283727 -0.759436
0.00961567 -0.0283727 -0.759432
0.0103425 -0.0283727 -0.759429
0.00888886 -0.0290995 -0.759436
0.00961567 -0.0290995 -0.759433
0.0103425 -0.0290995 -0.759429
0.00888886 -0.0298263 -0.759437
0.00961567 -0.0298263 -0.759434
0.0103425 -0.0298263 -0.75943
0.00888886 -0.0305531 -0.759438
0.00961567 -0.0305531 -0.759434
0.0103425 -0.0305531 -0.759431
0.00888886 -0.0312799 -0.759438
0.00961567 -0.0312799 -0.759435
0.0103425 -0.0312799 -0.759431
0.00888886 -0.0320067 -0.759439
0.00961567 -0.0320067 -0.759435
0.0103425 -0.0320067 -0.759432
0.00888886 -0.0327335 -0.75944
0.00961567 -0.0327335 -0.759436
0.0103425 -0.0327335 -0.759433
0.00888886 -0.0334604 -0.75944
0.00961567 -0.0334604 -0.759437
0.0103425 -0.0334604 -0.759433
0.00888886 -0.0341872 -0.759441
0.00961567 -0.0341872 -0.759437
0.0103425 -0.0341872 -0.759434
0.00888886 -0.034914 -0.759442
0.00961567 -0.034914 -0.759438
0.0103425 -0.034914 -0.759435
0.00888886 -0.0356408 -0.759442
0.00961567 -0.0356408 -0.759439
0.0103425 -0.0356408 -0.759435
0.00888886 -0.0363676 -0.759443
0.00961567 -0.0363676 -0.759439
0.0103425 -0.0363676 -0.759436
0.00888886 -0.0370944 -0.759443
0.00961567 -0.0370944 -0.75944
0.0103425 -0.0370944 -0.759436
0.00888886 -0.0378212 -0.759444
0.00961567 -0.0378212 -0.759441
0.0103425 -0.0378212 -0.759437
0.00888886 -0.038548 -0.759445
0.00961567 -0.038548 -0.759441
0.0103425 -0.038548 -0.759438
0.00888886 -0.0392748 -0.759445
0.00961567 -0.0392748 -0.759442
0.0103425 -0.0392748 -0.759438
0.00888886 -0.0400016 -0.759446
0.00961567 -0.0400016 -0.759442
0.0103425 -0.0400016 -0.759439
0.00888886 -0.0407285 -0.759447
0.00961567 -0.0407285 -0.759443
0.0103425 -0.0407285 -0.75944
0.00888886 -0.0414553 -0.759447
0.00961567 -0.0414553 -0.759444
0.0103425 -0.0414553 -0.75944
0.00888886 -0.0421821 -0.759448
0.00961567 -0.0421821 -0.759444
0.0103425 -0.0421821 -0.759441
0.00888886 -0.0429089 -0.759449
0.00961567 -0.0429089 -0.759445
0.0103425 -0.0429089 -0.759441
0.00888886 -0.0436357 -0.759449
0.00961567 -0.0436357 -0.759446
0.0103425 -0.0436357 -0.759442
0.00888886 -0.0443625 -0.75945
0.00961567 -0.0443625 -0.759446
0.0103425 -0.0443625 -0.759443
0.00888886 -0.0450893 -0.75945
0.00961567 -0.0450893 -0.759447
0.0103425 -0.0450893 -0.759443
0.00888886 -0.0458161 -0.759451
0.00961567 -0.0458161 -0.759448
0.0103425 -0.0458161 -0.759444
0.00888886 -0.0465429 -0.759452
0.00961567 -0.0465429 -0.759448
0.0103425 -0.0465429 -0.759445
0.00888886 -0.0472698 -0.759452
0.00961567 -0.0472698 -0.759449
0.0103425 -0.0472698 -0.759445
0.00888886 -0.0479966 -0.759453
0.00961567 -0.0479966 -0.759449
0.0103425 -0.0479966 -0.759446
0.00888886 -0.0487234 -0.759454
0.00961567 -0.0487234 -0.75945
0.0103425 -0.0487234 -0.759447
0.00888886 -0.0494502 -0.759454
0.00961567 -0.0494502 -0.759451
0.0103425 -0.0494502 -0.759447
0.00888886 -0.050177 -0.759455
0.00961567 -0.050177 -0.759451
0.0103425 -0.050177 -0.759448
0.00888886 -0.0509038 -0.759456
0.00961567 -0.0509038 -0.759452
0.0103425 -0.0509038 -0.759448
0.00888886 -0.0516306 -0.759456
0.00961567 -0.0516306 -0.759453
0.0103425 -0.0516306 -0.759449
0.00888886 -0.0523574 -0.759457
0.00961567 -0.0523574 -0.759453
0.0103425 -0.0523574 -0.75945
0.00888886 -0.0530842 -0.759457
0.00961567 -0.0530842 -0.759454
0.0103425 -0.0530842 -0.75945
0.00888886 -0.053811 -0.759458
0.00961567 -0.053811 -0.759455
0.0103425 -0.053811 -0.759451
0.00888886 -0.0545379 -0.759459
0.00961567 -0.0545379 -0.759455
0.0103425 -0.0545379 -0.759452
0.00888886 -0.0552647 -0.759459
0.00961567 -0.0552647 -0.759456
0.0103425 -0.0552647 -0.759452
0.00888886 -0.0559915 -0.75946
0.00961567 -0.0559915 -0.759456
0.0103425 -0.0559915 -0.759453
0.00888886 -0.0567183 -0.759461
0.00961567 -0.0567183 -0.759457
0.0103425 -0.0567183 -0.759454
0.00888886 -0.0574451 -0.759461
0.00961567 -0.0574451 -0.759458
0.0103425 -0.0574451 -0.759454
0.00888886 -0.0581719 -0.759462
0.00961567 -0.0581719 -0.759458
0.0103425 -0.0581719 -0.759455
0.00888886 -0.0588987 -0.759463
0.00961567 -0.0588987 -0.759459
0.0103425 -0.0588987 -0.759455
0.00888886 -0.0596255 -0.759463
0.00961567 -0.0596255 -0.75946
0.0103425 -0.0596255 -0.759456
0.00888886 -0.0603523 -0.759464
0.00961567 -0.0603523 -0.75946
0.0103425 -0.0603523 -0.759457
