-0.00628648 0.0249079 -0.66388
-0.00594397 0.0249079 -0.663881
-0.00560146 0.0249079 -0.663883
-0.00628648 0.0245654 -0.663881
-0.00594397 0.0245654 -0.663882
-0.00560146 0.0245654 -0.663883
-0.00628648 0.0242229 -0.663882
-0.00594397 0.0242229 -0.663883
-0.00560146 0.0242229 -0.663884
-0.00628648 0.0238804 -0.663882
-0.00594397 0.0238804 -0.663883
-0.00560146 0.0238804 -0.663885
-0.00628648 0.0235378 -0.663883
-0.00594397 0.0235378 -0.663884
-0.00560146 0.0235378 -0.663885
-0.00628648 0.0231953 -0.663884
-0.00594397 0.0231953 -0.663885
-0.00560146 0.0231953 -0.663886
-0.00628648 0.0228528 -0.663884
-0.00594397 0.0228528 -0.663885
-0.00560146 0.0228528 -0.663887
-0.00628648 0.0225103 -0.663885
-0.00594397 0.0225103 -0.663886
-0.00560146 0.0225103 -0.663887
-0.00628648 0.0221678 -0.663886
-0.00594397 0.0221678 -0.663887
-0.00560146 0.0221678 -0.663888
-0.00628648 0.0218253 -0.663886
-0.00594397 0.0218253 -0.663887
-0.00560146 0.0218253 -0.663889
-0.00628648 0.0214828 -0.663887
-0.00594397 0.0214828 -0.663888
-0.00560146 0.0214828 -0.663889
-0.00628648 0.0211403 -0.663887
-0.00594397 0.0211403 -0.663889
-0.00560146 0.0211403 -0.66389
-0.00628648 0.0207978 -0.663888
-0.00594397 0.0207978 -0.663889
-0.00560146 0.0207978 -0.66389
-0.00628648 0.0204553 -0.663889
-0.00594397 0.0204553 -0.66389
-0.00560146 0.0204553 -0.663891
-0.00628648 0.0201128 -0.663889
-0.00594397 0.0201128 -0.663891
-0.00560146 0.0201128 -0.663892
-0.00628648 0.0197703 -0.66389
-0.00594397 0.0197703 -0.663891
-0.00560146 0.0197703 -0.663892
-0.00628648 0.0194278 -0.663891
-0.00594397 0.0194278 -0.663892
-0.00560146 0.0194278 -0.663893
-0.00628648 0.0190852 -0.663891
-0.00594397 0.0190852 -0.663893
-0.00560146 0.0190852 -0.663894
-0.00628648 0.0187427 -0.663892
-0.00594397 0.0187427 -0.663893
-0.00560146 0.0187427 -0.663894
-0.00628648 0.0184002 -0.663893
-0.00594397 0.0184002 -0.663894
-0.00560146 0.0184002 -0.663895
-0.00628648 0.0180577 -0.663893
-0.00594397 0.0180577 -0.663894
-0.00560146 0.0180577 -0.663896
-0.00628648 0.0177152 -0.663894
-0.00594397 0.0177152 -0.663895
-0.00560146 0.0177152 -0.663896
-0.00628648 0.0173727 -0.663895
-0.00594397 0.0173727 -0.663896
-0.00560146 0.0173727 -0.663897
-0.00628648 0.0170302 -0.663895
-0.00594397 0.0170302 -0.663896
-0.00560146 0.0170302 -0.663898
-0.00628648 0.0166877 -0.663896
-0.00594397 0.0166877 -0.663897
-0.00560146 0.0166877 -0.663898
-0.00628648 0.0163452 -0.663897
-0.00594397 0.0163452 -0.663898
-0.00560146 0.0163452 -0.663899
-0.00628648 0.0160027 -0.663897
-0.00594397 0.0160027 -0.663898
-0.00560146 0.0160027 -0.6639
-0.00628648 0.0156602 -0.663898
-0.00594397 0.0156602 -0.663899
-0.00560146 0.0156602 -0.6639
-0.00628648 0.0153177 -0.663898
-0.00594397 0.0153177 -0.6639
-0.00560146 0.0153177 -0.663901
-0.00628648 0.0149751 -0.663899
-0.00594397 0.0149751 -0.6639
-0.00560146 0.0149751 -0.663902
-0.00628648 0.0146326 -0.6639
-0.00594397 0.0146326 -0.663901
-0.00560146 0.0146326 -0.663902
-0.00628648 0.0142901 -0.6639
-0.00594397 0.0142901 -0.663902
-0.00560146 0.0142901 -0.663903
-0.00628648 0.0139476 -0.663901
-0.00594397 0.0139476 -0.663902
-0.00560146 0.0139476 -0.663903
-0.00628648 0.0136051 -0.663902
-0.00594397 0.0136051 -0.663903
-0.00560146 0.0136051 -0.663904
-0.00628648 0.0132626 -0.663902
-0.00594397 0.0132626 -0.663904
-0.00560146 0.0132626 -0.663905
-0.00628648 0.0129201 -0.663903
-0.00594397 0.0129201 -0.663904
-0.00560146 0.0129201 -0.663905
-0.00628648 0.0125776 -0.663904
-0.00594397 0.0125776 -0.663905
-0.00560146 0.0125776 -0.663906
-0.00628648 0.0122351 -0.663904
-0.00594397 0.0122351 -0.663906
-0.00560146 0.0122351 -0.663907
-0.00628648 0.0118926 -0.663905
-0.00594397 0.0118926 -0.663906
-0.00560146 0.0118926 -0.663907
-0.00628648 0.0115501 -0.663906
-0.00594397 0.0115501 -0.663907
-0.00560146 0.0115501 -0.663908
-0.00628648 0.0112076 -0.663906
-0.00594397 0.0112076 -0.663907
-0.00560146 0.0112076 -0.663909
-0.00628648 0.010865 -0.663907
-0.00594397 0.010865 -0.663908
-0.00560146 0.010865 -0.663909
-0.00628648 0.0105225 -0.663908
-0.00594397 0.0105225 -0.663909
-0.00560146 0.0105225 -0.66391
-0.00628648 0.01018 -0.663908
-0.00594397 0.01018 -0.663909
-0.00560146 0.01018 -0.663911
-0.00628648 0.00983752 -0.663909
-0.00594397 0.00983752 -0.66391
-0.00560146 0.00983752 -0.663911
-0.00628648 0.00949501 -0.663909
-0.00594397 0.00949501 -0.663911
-0.00560146 0.00949501 -0.663912
-0.00628648 0.0091525 -0.66391
-0.00594397 0.0091525 -0.663911
-0.00560146 0.0091525 -0.663913
-0.00628648 0.00880999 -0.663911
-0.00594397 0.00880999 -0.663912
-0.00560146 0.00880999 -0.663913
-0.00628648 0.00846749 -0.663911
-0.00594397 0.00846749 -0.663913
-0.00560146 0.00846749 -0.663914
-0.00628648 0.00812498 -0.663912
-0.00594397 0.00812498 -0.663913
-0.00560146 0.00812498 -0.663914
-0.00628648 0.00778247 -0.663913
-0.00594397 0.00778247 -0.663914
-0.00560146 0.00778247 -0.663915
-0.00628648 0.00743996 -0.663913
-0.00594397 0.00743996 -0.663915
-0.00560146 0.00743996 -0.663916
-0.00628648 0.00709745 -0.663914
-0.00594397 0.00709745 -0.663915
-0.00560146 0.00709745 -0.663916
-0.00628648 0.00675494 -0.663915
-0.00594397 0.00675494 -0.663916
-0.00560146 0.00675494 -0.663917
-0.00628648 0.00641244 -0.663915
-0.00594397 0.00641244 -0.663917
-0.00560146 0.00641244 -0.663918
-0.00628648 0.00606993 -0.663916
-0.00594397 0.00606993 -0.663917
-0.00560146 0.00606993 -0.663918
-0.00628648 0.00572742 -0.663917
-0.00594397 0.00572742 -0.663918
-0.00560146 0.00572742 -0.663919
-0.00628648 0.00538491 -0.663917
-0.00594397 0.00538491 -0.663918
-0.00560146 0.00538491 -0.66392
-0.00628648 0.0050424 -0.663918
-0.00594397 0.0050424 -0.663919
-0.00560146 0.0050424 -0.66392
-0.00628648 0.00469989 -0.663919
-0.00594397 0.00469989 -0.66392
-0.00560146 0.00469989 -0.663921
-0.00628648 0.00435739 -0.663919
-0.00594397 0.00435739 -0.66392
-0.00560146 0.00435739 -0.663922
-0.00628648 0.00401488 -0.66392
-0.00594397 0.00401488 -0.663921
-0.00560146 0.00401488 -0.663922
-0.00628648 0.00367237 -0.663921
-0.00594397 0.00367237 -0.663922
-0.00560146 0.00367237 -0.663923
-0.00628648 0.00332986 -0.663921
-0.00594397 0.00332986 -0.663922
-0.00560146 0.00332986 -0.663924
-0.00628648 0.00298735 -0.663922
-0.00594397 0.00298735 -0.663923
-0.00560146 0.00298735 -0.663924
-0.00628648 0.00264484 -0.663922
-0.00594397 0.00264484 -0.663924
-0.00560146 0.00264484 -0.663925
-0.00628648 0.00230234 -0.663923
-0.00594397 0.00230234 -0.663924
-0.00560146 0.00230234 -0.663925
-0.00628648 0.00195983 -0.663924
-0.00594397 0.00195983 -0.663925
-0.00560146 0.00195983 -0.663926
-0.00628648 0.00161732 -0.663924
-0.00594397 0.00161732 -0.663926
-0.00560146 0.00161732 -0.663927
-0.00628648 0.00127481 -0.663925
-0.00594397 0.00127481 -0.663926
-0.00560146 0.00127481 -0.663927
-0.00628648 0.000932303 -0.663926
-0.00594397 0.000932303 -0.663927
-0.00560146 0.000932303 -0.663928
-0.00628648 0.000589795 -0.663926
-0.00594397 0.000589795 -0.663928
-0.00560146 0.000589795 -0.663929
-0.00628648 0.000247287 -0.663927
-0.00594397 0.000247287 -0.663928
-0.00560146 0.000247287 -0.663929
-0.00628648 -9.52214e-05 -0.663928
-0.00594397 -9.52214e-05 -0.663929
-0.00560146 -9.52214e-05 -0.66393
-0.00628648 -0.00043773 -0.663928
-0.00594397 -0.00043773 -0.66393
-0.00560146 -0.00043773 -0.663931
-0.00628648 -0.000780238 -0.663929
-0.00594397 -0.000780238 -0.66393
-0.00560146 -0.000780238 -0.663931
-0.00628648 -0.00112275 -0.66393
-0.00594397 -0.00112275 -0.663931
-0.00560146 -0.00112275 -0.663932
-0.00628648 -0.00146525 -0.66393
-0.00594397 -0.00146525 -0.663931
-0.00560146 -0.00146525 -0.663933
-0.00628648 -0.00180776 -0.663931
-0.00594397 -0.00180776 -0.663932
-0.00560146 -0.00180776 -0.663933
-0.00628648 -0.00215027 -0.663932
-0.00594397 -0.00215027 -0.663933
-0.00560146 -0.00215027 -0.663934
-0.00628648 -0.00249278 -0.663932
-0.00594397 -0.00249278 -0.663933
-0.00560146 -0.00249278 -0.663935
-0.00628648 -0.00283529 -0.663933
-0.00594397 -0.00283529 -0.663934
-0.00560146 -0.00283529 -0.663935
-0.00628648 -0.0031778 -0.663934
-0.00594397 -0.0031778 -0.663935
-0.00560146 -0.0031778 -0.663936
-0.00628648 -0.0035203 -0.663934
-0.00594397 -0.0035203 -0.663935
-0.00560146 -0.0035203 -0.663936
-0.00628648 -0.00386281 -0.663935
-0.00594397 -0.00386281 -0.663936
-0.00560146 -0.00386281 -0.663937
-0.00628648 -0.00420532 -0.663935
-0.00594397 -0.00420532 -0.663937
-0.00560146 -0.00420532 -0.663938
-0.00628648 -0.00454783 -0.663936
-0.00594397 -0.00454783 -0.663937
-0.00560146 -0.00454783 -0.663938
-0.00628648 -0.00489034 -0.663937
-0.00594397 -0.00489034 -0.663938
-0.00560146 -0.00489034 -0.663939
-0.00628648 -0.00523285 -0.663937
-0.00594397 -0.00523285 -0.663939
-0.00560146 -0.00523285 -0.66394
-0.00628648 -0.00557535 -0.663938
-0.00594397 -0.00557535 -0.663939
-0.00560146 -0.00557535 -0.66394
-0.00628648 -0.00591786 -0.663939
-0.00594397 -0.00591786 -0.66394
-0.00560146 -0.00591786 -0.663941
-0.00628648 -0.00626037 -0.663939
-0.00594397 -0.00626037 -0.663941
-0.00560146 -0.00626037 -0.663942
-0.00628648 -0.00660288 -0.66394
-0.00594397 -0.00660288 -0.663941
-0.00560146 -0.00660288 -0.663942
-0.00628648 -0.00694539 -0.663941
-0.00594397 -0.00694539 -0.663942
-0.00560146 -0.00694539 -0.663943
-0.00628648 -0.00728789 -0.663941
-0.00594397 -0.00728789 -0.663942
-0.00560146 -0.00728789 -0.663944
-0.00628648 -0.0076304 -0.663942
-0.00594397 -0.0076304 -0.663943
-0.00560146 -0.0076304 -0.663944
-0.00628648 -0.00797291 -0.663943
-0.00594397 -0.00797291 -0.663944
-0.00560146 -0.00797291 -0.663945
-0.00628648 -0.00831542 -0.663943
-0.00594397 -0.00831542 -0.663944
-0.00560146 -0.00831542 -0.663946
-0.00628648 -0.00865793 -0.663944
-0.00594397 -0.00865793 -0.663945
-0.00560146 -0.00865793 -0.663946
-0.00628648 -0.00900044 -0.663945
-0.00594397 -0.00900044 -0.663946
-0.00560146 -0.00900044 -0.663947
-0.00628648 -0.00934294 -0.663945
-0.00594397 -0.00934294 -0.663946
-0.00560146 -0.00934294 -0.663948
-0.00628648 -0.00968545 -0.663946
-0.00594397 -0.00968545 -0.663947
-0.00560146 -0.00968545 -0.663948
-0.00628648 -0.010028 -0.663947
-0.00594397 -0.010028 -0.663948
-0.00560146 -0.010028 -0.663949
-0.00628648 -0.0103705 -0.663947
-0.00594397 -0.0103705 -0.663948
-0.00560146 -0.0103705 -0.663949
-0.00628648 -0.010713 -0.663948
-0.00594397 -0.010713 -0.663949
-0.00560146 -0.010713 -0.66395
-0.00628648 -0.0110555 -0.663948
-0.00594397 -0.0110555 -0.66395
-0.00560146 -0.0110555 -0.663951
-0.00628648 -0.011398 -0.663949
-0.00594397 -0.011398 -0.66395
-0.00560146 -0.011398 -0.663951
-0.00628648 -0.0117405 -0.66395
-0.00594397 -0.0117405 -0.663951
-0.00560146 -0.0117405 -0.663952
-0.00628648 -0.012083 -0.66395
-0.00594397 -0.012083 -0.663952
-0.00560146 -0.012083 -0.663953
-0.00628648 -0.0124255 -0.663951
-0.00594397 -0.0124255 -0.663952
-0.00560146 -0.0124255 -0.663953
-0.00628648 -0.012768 -0.663952
-0.00594397 -0.012768 -0.663953
-0.00560146 -0.012768 -0.663954
