-0.0081306 -0.0343657 -0.686728
-0.00846034 -0.0343657 -0.68673
-0.00879007 -0.0343657 -0.686733
-0.0081306 -0.034036 -0.686728
-0.00846034 -0.034036 -0.686731
-0.00879007 -0.034036 -0.686734
-0.0081306 -0.0337062 -0.686729
-0.00846034 -0.0337062 -0.686731
-0.00879007 -0.0337062 -0.686734
-0.0081306 -0.0333765 -0.686729
-0.00846034 -0.0333765 -0.686732
-0.00879007 -0.0333765 -0.686735
-0.0081306 -0.0330468 -0.68673
-0.00846034 -0.0330468 -0.686733
-0.00879007 -0.0330468 -0.686735
-0.0081306 -0.032717 -0.68673
-0.00846034 -0.032717 -0.686733
-0.00879007 -0.032717 -0.686736
-0.0081306 -0.0323873 -0.686731
-0.00846034 -0.0323873 -0.686734
-0.00879007 -0.0323873 -0.686736
-0.0081306 -0.0320576 -0.686732
-0.00846034 -0.0320576 -0.686734
-0.00879007 -0.0320576 -0.686737
-0.0081306 -0.0317278 -0.686732
-0.00846034 -0.0317278 -0.686735
-0.00879007 -0.0317278 -0.686738
-0.0081306 -0.0313981 -0.686733
-0.00846034 -0.0313981 -0.686736
-0.00879007 -0.0313981 -0.686738
-0.0081306 -0.0310684 -0.686733
-0.00846034 -0.0310684 -0.686736
-0.00879007 -0.0310684 -0.686739
-0.0081306 -0.0307386 -0.686734
-0.00846034 -0.0307386 -0.686737
-0.00879007 -0.0307386 -0.686739
-0.0081306 -0.0304089 -0.686735
-0.00846034 -0.0304089 -0.686737
-0.00879007 -0.0304089 -0.68674
-0.0081306 -0.0300792 -0.686735
-0.00846034 -0.0300792 -0.686738
-0.00879007 -0.0300792 -0.686741
-0.0081306 -0.0297494 -0.686736
-0.00846034 -0.0297494 -0.686738
-0.00879007 -0.0297494 -0.686741
-0.0081306 -0.0294197 -0.686736
-0.00846034 -0.0294197 -0.686739
-0.00879007 -0.0294197 -0.686742
-0.0081306 -0.02909 -0.686737
-0.00846034 -0.02909 -0.68674
-0.00879007 -0.02909 -0.686742
-0.0081306 -0.0287602 -0.686737
-0.00846034 -0.0287602 -0.68674
-0.00879007 -0.0287602 -0.686743
-0.0081306 -0.0284305 -0.686738
-0.00846034 -0.0284305 -0.686741
-0.00879007 -0.0284305 -0.686743
-0.0081306 -0.0281008 -0.686739
-0.00846034 -0.0281008 -0.686741
-0.00879007 -0.0281008 -0.686744
-0.0081306 -0.027771 -0.686739
-0.00846034 -0.027771 -0.686742
-0.00879007 -0.027771 -0.686745
-0.0081306 -0.0274413 -0.68674
-0.00846034 -0.0274413 -0.686743
-0.00879007 -0.0274413 -0.686745
-0.0081306 -0.0271115 -0.68674
-0.00846034 -0.0271115 -0.686743
-0.00879007 -0.0271115 -0.686746
-0.0081306 -0.0267818 -0.686741
-0.00846034 -0.0267818 -0.686744
-0.00879007 -0.0267818 -0.686746
-0.0081306 -0.0264521 -0.686742
-0.00846034 -0.0264521 -0.686744
-0.00879007 -0.0264521 -0.686747
-0.0081306 -0.0261223 -0.686742
-0.00846034 -0.0261223 -0.686745
-0.00879007 -0.0261223 -0.686748
-0.0081306 -0.0257926 -0.686743
-0.00846034 -0.0257926 -0.686745
-0.00879007 -0.0257926 -0.686748
-0.0081306 -0.0254629 -0.686743
-0.00846034 -0.0254629 -0.686746
-0.00879007 -0.0254629 -0.686749
-0.0081306 -0.0251331 -0.686744
-0.00846034 -0.0251331 -0.686747
-0.00879007 -0.0251331 -0.686749
-0.0081306 -0.0248034 -0.686745
-0.00846034 -0.0248034 -0.686747
-0.00879007 -0.0248034 -0.68675
-0.0081306 -0.0244737 -0.686745
-0.00846034 -0.0244737 -0.686748
-0.00879007 -0.0244737 -0.686751
-0.0081306 -0.0241439 -0.686746
-0.00846034 -0.0241439 -0.686748
-0.00879007 -0.0241439 -0.686751
-0.0081306 -0.0238142 -0.686746
-0.00846034 -0.0238142 -0.686749
-0.00879007 -0.0238142 -0.686752
-0.0081306 -0.0234845 -0.686747
-0.00846034 -0.0234845 -0.68675
-0.00879007 -0.0234845 -0.686752
-0.0081306 -0.0231547 -0.686747
-0.00846034 -0.0231547 -0.68675
-0.00879007 -0.0231547 -0.686753
-0.0081306 -0.022825 -0.686748
-0.00846034 -0.022825 -0.686751
-0.00879007 -0.022825 -0.686753
-0.0081306 -0.0224953 -0.686749
-0.00846034 -0.0224953 -0.686751
-0.00879007 -0.0224953 -0.686754
-0.0081306 -0.0221655 -0.686749
-0.00846034 -0.0221655 -0.686752
-0.00879007 -0.0221655 -0.686755
-0.0081306 -0.0218358 -0.68675
-0.00846034 -0.0218358 -0.686752
-0.00879007 -0.0218358 -0.686755
-0.0081306 -0.0215061 -0.68675
-0.00846034 -0.0215061 -0.686753
-0.00879007 -0.0215061 -0.686756
-0.0081306 -0.0211763 -0.686751
-0.00846034 -0.0211763 -0.686754
-0.00879007 -0.0211763 -0.686756
-0.0081306 -0.0208466 -0.686751
-0.00846034 -0.0208466 -0.686754
-0.00879007 -0.0208466 -0.686757
-0.0081306 -0.0205169 -0.686752
-0.00846034 -0.0205169 -0.686755
-0.00879007 -0.0205169 -0.686758
-0.0081306 -0.0201871 -0.686753
-0.00846034 -0.0201871 -0.686755
-0.00879007 -0.0201871 -0.686758
-0.0081306 -0.0198574 -0.686753
-0.00846034 -0.0198574 -0.686756
-0.00879007 -0.0198574 -0.686759
-0.0081306 -0.0195277 -0.686754
-0.00846034 -0.0195277 -0.686757
-0.00879007 -0.0195277 -0.686759
-0.0081306 -0.0191979 -0.686754
-0.00846034 -0.0191979 -0.686757
-0.00879007 -0.0191979 -0.68676
-0.0081306 -0.0188682 -0.686755
-0.00846034 -0.0188682 -0.686758
-0.00879007 -0.0188682 -0.68676
-0.0081306 -0.0185385 -0.686756
-0.00846034 -0.0185385 -0.686758
-0.00879007 -0.0185385 -0.686761
-0.0081306 -0.0182087 -0.686756
-0.00846034 -0.0182087 -0.686759
-0.00879007 -0.0182087 -0.686762
-0.0081306 -0.017879 -0.686757
-0.00846034 -0.017879 -0.68676
-0.00879007 -0.017879 -0.686762
-0.0081306 -0.0175493 -0.686757
-0.00846034 -0.0175493 -0.68676
-0.00879007 -0.0175493 -0.686763
-0.0081306 -0.0172195 -0.686758
-0.00846034 -0.0172195 -0.686761
-0.00879007 -0.0172195 -0.686763
-0.0081306 -0.0168898 -0.686759
-0.00846034 -0.0168898 -0.686761
-0.00879007 -0.0168898 -0.686764
-0.0081306 -0.0165601 -0.686759
-0.00846034 -0.0165601 -0.686762
-0.00879007 -0.0165601 -0.686765
-0.0081306 -0.0162303 -0.68676
-0.00846034 -0.0162303 -0.686762
-0.00879007 -0.0162303 -0.686765
-0.0081306 -0.0159006 -0.68676
-0.00846034 -0.0159006 -0.686763
-0.00879007 -0.0159006 -0.686766
-0.0081306 -0.0155709 -0.686761
-0.00846034 -0.0155709 -0.686764
-0.00879007 -0.0155709 -0.686766
-0.0081306 -0.0152411 -0.686761
-0.00846034 -0.0152411 -0.686764
-0.00879007 -0.0152411 -0.686767
-0.0081306 -0.0149114 -0.686762
-0.00846034 -0.0149114 -0.686765
-0.00879007 -0.0149114 -0.686768
-0.0081306 -0.0145817 -0.686763
-0.00846034 -0.0145817 -0.686765
-0.00879007 -0.0145817 -0.686768
-0.0081306 -0.0142519 -0.686763
-0.00846034 -0.0142519 -0.686766
-0.00879007 -0.0142519 -0.686769
-0.0081306 -0.0139222 -0.686764
-0.00846034 -0.0139222 -0.686767
-0.00879007 -0.0139222 -0.686769
-0.0081306 -0.0135925 -0.686764
-0.00846034 -0.0135925 -0.686767
-0.00879007 -0.0135925 -0.68677
-0.0081306 -0.0132627 -0.686765
-0.00846034 -0.0132627 -0.686768
-0.00879007 -0.0132627 -0.68677
-0.0081306 -0.012933 -0.686766
-0.00846034 -0.012933 -0.686768
-0.00879007 -0.012933 -0.686771
-0.0081306 -0.0126033 -0.686766
-0.00846034 -0.0126033 -0.686769
-0.00879007 -0.0126033 -0.686772
-0.0081306 -0.0122735 -0.686767
-0.00846034 -0.0122735 -0.686769
-0.00879007 -0.0122735 -0.686772
-0.0081306 -0.0119438 -0.686767
-0.00846034 -0.0119438 -0.68677
-0.00879007 -0.0119438 -0.686773
-0.0081306 -0.011614 -0.686768
-0.00846034 -0.011614 -0.686771
-0.00879007 -0.011614 -0.686773
-0.0081306 -0.0112843 -0.686768
-0.00846034 -0.0112843 -0.686771
-0.00879007 -0.0112843 -0.686774
-0.0081306 -0.0109546 -0.686769
-0.00846034 -0.0109546 -0.686772
-0.00879007 -0.0109546 -0.686775
-0.0081306 -0.0106248 -0.68677
-0.00846034 -0.0106248 -0.686772
-0.00879007 -0.0106248 -0.686775
-0.0081306 -0.0102951 -0.68677
-0.00846034 -0.0102951 -0.686773
-0.00879007 -0.0102951 -0.686776
-0.0081306 -0.00996538 -0.686771
-0.00846034 -0.00996538 -0.686774
-0.00879007 -0.00996538 -0.686776
-0.0081306 -0.00963564 -0.686771
-0.00846034 -0.00963564 -0.686774
-0.00879007 -0.00963564 -0.686777
-0.0081306 -0.00930591 -0.686772
-0.00846034 -0.00930591 -0.686775
-0.00879007 -0.00930591 -0.686777
-0.0081306 -0.00897618 -0.686773
-0.00846034 -0.00897618 -0.686775
-0.00879007 -0.00897618 -0.686778
-0.0081306 -0.00864644 -0.686773
-0.00846034 -0.00864644 -0.686776
-0.00879007 -0.00864644 -0.686779
-0.0081306 -0.00831671 -0.686774
-0.00846034 -0.00831671 -0.686777
-0.00879007 -0.00831671 -0.686779
-0.0081306 -0.00798697 -0.686774
-0.00846034 -0.00798697 -0.686777
-0.00879007 -0.00798697 -0.68678
-0.0081306 -0.00765724 -0.686775
-0.00846034 -0.00765724 -0.686778
-0.00879007 -0.00765724 -0.68678
-0.0081306 -0.00732751 -0.686776
-0.00846034 -0.00732751 -0.686778
-0.00879007 -0.00732751 -0.686781
-0.0081306 -0.00699777 -0.686776
-0.00846034 -0.00699777 -0.686779
-0.00879007 -0.00699777 -0.686782
-0.0081306 -0.00666804 -0.686777
-0.00846034 -0.00666804 -0.686779
-0.00879007 -0.00666804 -0.686782
-0.0081306 -0.0063383 -0.686777
-0.00846034 -0.0063383 -0.68678
-0.00879007 -0.0063383 -0.686783
-0.0081306 -0.00600857 -0.686778
-0.00846034 -0.00600857 -0.686781
-0.00879007 -0.00600857 -0.686783
-0.0081306 -0.00567884 -0.686778
-0.00846034 -0.00567884 -0.686781
-0.00879007 -0.00567884 -0.686784
-0.0081306 -0.0053491 -0.686779
-0.00846034 -0.0053491 -0.686782
-0.00879007 -0.0053491 -0.686785
-0.0081306 -0.00501937 -0.68678
-0.00846034 -0.00501937 -0.686782
-0.00879007 -0.00501937 -0.686785
-0.0081306 -0.00468963 -0.68678
-0.00846034 -0.00468963 -0.686783
-0.00879007 -0.00468963 -0.686786
-0.0081306 -0.0043599 -0.686781
-0.00846034 -0.0043599 -0.686783
-0.00879007 -0.0043599 -0.686786
-0.0081306 -0.00403017 -0.686781
-0.00846034 -0.00403017 -0.686784
-0.00879007 -0.00403017 -0.686787
-0.0081306 -0.00370043 -0.686782
-0.00846034 -0.00370043 -0.686785
-0.00879007 -0.00370043 -0.686787
-0.0081306 -0.0033707 -0.686783
-0.00846034 -0.0033707 -0.686785
-0.00879007 -0.0033707 -0.686788
-0.0081306 -0.00304096 -0.686783
-0.00846034 -0.00304096 -0.686786
-0.00879007 -0.00304096 -0.686789
-0.0081306 -0.00271123 -0.686784
-0.00846034 -0.00271123 -0.686786
-0.00879007 -0.00271123 -0.686789
-0.0081306 -0.0023815 -0.686784
-0.00846034 -0.0023815 -0.686787
-0.00879007 -0.0023815 -0.68679
-0.0081306 -0.00205176 -0.686785
-0.00846034 -0.00205176 -0.686788
-0.00879007 -0.00205176 -0.68679
-0.0081306 -0.00172203 -0.686785
-0.00846034 -0.00172203 -0.686788
-0.00879007 -0.00172203 -0.686791
-0.0081306 -0.00139229 -0.686786
-0.00846034 -0.00139229 -0.686789
-0.00879007 -0.00139229 -0.686792
-0.0081306 -0.00106256 -0.686787
-0.00846034 -0.00106256 -0.686789
-0.00879007 -0.00106256 -0.686792
-0.0081306 -0.000732825 -0.686787
-0.00846034 -0.000732825 -0.68679
-0.00879007 -0.000732825 -0.686793
-0.0081306 -0.000403091 -0.686788
-0.00846034 -0.000403091 -0.686791
-0.00879007 -0.000403091 -0.686793
-0.0081306 -7.33569e-05 -0.686788
-0.00846034 -7.33569e-05 -0.686791
-0.00879007 -7.33569e-05 -0.686794
-0.0081306 0.000256377 -0.686789
-0.00846034 0.000256377 -0.686792
-0.00879007 0.000256377 -0.686794
-0.0081306 0.000586111 -0.68679
-0.00846034 0.000586111 -0.686792
-0.00879007 0.000586111 -0.686795
-0.0081306 0.000915845 -0.68679
-0.00846034 0.000915845 -0.686793
-0.00879007 0.000915845 -0.686796
-0.0081306 0.00124558 -0.686791
-0.00846034 0.00124558 -0.686794
-0.00879007 0.00124558 -0.686796
-0.0081306 0.00157531 -0.686791
-0.00846034 0.00157531 -0.686794
-0.00879007 0.00157531 -0.686797
-0.0081306 0.00190505 -0.686792
-0.00846034 0.00190505 -0.686795
-0.00879007 0.00190505 -0.686797
