-0.00105014 -0.0115351 -0.57939
-0.00110587 -0.0115351 -0.579389
-0.0011616 -0.0115351 -0.579388
-0.00105014 -0.0114794 -0.579391
-0.00110587 -0.0114794 -0.57939
-0.0011616 -0.0114794 -0.57939
-0.00105014 -0.0114236 -0.579392
-0.00110587 -0.0114236 -0.579391
-0.0011616 -0.0114236 -0.579391
-0.00105014 -0.0113679 -0.579393
-0.00110587 -0.0113679 -0.579393
-0.0011616 -0.0113679 -0.579392
-0.00105014 -0.0113122 -0.579394
-0.00110587 -0.0113122 -0.579394
-0.0011616 -0.0113122 -0.579393
-0.00105014 -0.0112565 -0.579395
-0.00110587 -0.0112565 -0.579395
-0.0011616 -0.0112565 -0.579394
-0.00105014 -0.0112007 -0.579397
-0.00110587 -0.0112007 -0.579396
-0.0011616 -0.0112007 -0.579395
-0.00105014 -0.011145 -0.579398
-0.00110587 -0.011145 -0.579397
-0.0011616 -0.011145 -0.579396
-0.00105014 -0.0110893 -0.579399
-0.00110587 -0.0110893 -0.579398
-0.0011616 -0.0110893 -0.579397
-0.00105014 -0.0110335 -0.5794
-0.00110587 -0.0110335 -0.579399
-0.0011616 -0.0110335 -0.579399
-0.00105014 -0.0109778 -0.579401
-0.00110587 -0.0109778 -0.5794
-0.0011616 -0.0109778 -0.5794
-0.00105014 -0.0109221 -0.579402
-0.00110587 -0.0109221 -0.579402
-0.0011616 -0.0109221 -0.579401
-0.00105014 -0.0108664 -0.579403
-0.00110587 -0.0108664 -0.579403
-0.0011616 -0.0108664 -0.579402
-0.00105014 -0.0108106 -0.579405
-0.00110587 -0.0108106 -0.579404
-0.0011616 -0.0108106 -0.579403
-0.00105014 -0.0107549 -0.579406
-0.00110587 -0.0107549 -0.579405
-0.0011616 -0.0107549 -0.579404
-0.00105014 -0.0106992 -0.579407
-0.00110587 -0.0106992 -0.579406
-0.0011616 -0.0106992 -0.579405
-0.00105014 -0.0106434 -0.579408
-0.00110587 -0.0106434 -0.579407
-0.0011616 -0.0106434 -0.579406
-0.00105014 -0.0105877 -0.579409
-0.00110587 -0.0105877 -0.579408
-0.0011616 -0.0105877 -0.579408
-0.00105014 -0.010532 -0.57941
-0.00110587 -0.010532 -0.579409
-0.0011616 -0.010532 -0.579409
-0.00105014 -0.0104763 -0.579411
-0.00110587 -0.0104763 -0.579411
-0.0011616 -0.0104763 -0.57941
-0.00105014 -0.0104205 -0.579412
-0.00110587 -0.0104205 -0.579412
-0.0011616 -0.0104205 -0.579411
-0.00105014 -0.0103648 -0.579414
-0.00110587 -0.0103648 -0.579413
-0.0011616 -0.0103648 -0.579412
-0.00105014 -0.0103091 -0.579415
-0.00110587 -0.0103091 -0.579414
-0.0011616 -0.0103091 -0.579413
-0.00105014 -0.0102534 -0.579416
-0.00110587 -0.0102534 -0.579415
-0.0011616 -0.0102534 -0.579414
-0.00105014 -0.0101976 -0.579417
-0.00110587 -0.0101976 -0.579416
-0.0011616 -0.0101976 -0.579416
-0.00105014 -0.0101419 -0.579418
-0.00110587 -0.0101419 -0.579417
-0.0011616 -0.0101419 -0.579417
-0.00105014 -0.0100862 -0.579419
-0.00110587 -0.0100862 -0.579418
-0.0011616 -0.0100862 -0.579418
-0.00105014 -0.0100304 -0.57942
-0.00110587 -0.0100304 -0.57942
-0.0011616 -0.0100304 -0.579419
-0.00105014 -0.00997472 -0.579421
-0.00110587 -0.00997472 -0.579421
-0.0011616 -0.00997472 -0.57942
-0.00105014 -0.00991899 -0.579423
-0.00110587 -0.00991899 -0.579422
-0.0011616 -0.00991899 -0.579421
-0.00105014 -0.00986326 -0.579424
-0.00110587 -0.00986326 -0.579423
-0.0011616 -0.00986326 -0.579422
-0.00105014 -0.00980753 -0.579425
-0.00110587 -0.00980753 -0.579424
-0.0011616 -0.00980753 -0.579423
-0.00105014 -0.00975181 -0.579426
-0.00110587 -0.00975181 -0.579425
-0.0011616 -0.00975181 -0.579425
-0.00105014 -0.00969608 -0.579427
-0.00110587 -0.00969608 -0.579426
-0.0011616 -0.00969608 -0.579426
-0.00105014 -0.00964035 -0.579428
-0.00110587 -0.00964035 -0.579428
-0.0011616 -0.00964035 -0.579427
-0.00105014 -0.00958462 -0.579429
-0.00110587 -0.00958462 -0.579429
-0.0011616 -0.00958462 -0.579428
-0.00105014 -0.0095289 -0.57943
-0.00110587 -0.0095289 -0.57943
-0.0011616 -0.0095289 -0.579429
-0.00105014 -0.00947317 -0.579432
-0.00110587 -0.00947317 -0.579431
-0.0011616 -0.00947317 -0.57943
-0.00105014 -0.00941744 -0.579433
-0.00110587 -0.00941744 -0.579432
-0.0011616 -0.00941744 -0.579431
-0.00105014 -0.00936171 -0.579434
-0.00110587 -0.00936171 -0.579433
-0.0011616 -0.00936171 -0.579432
-0.00105014 -0.00930599 -0.579435
-0.00110587 -0.00930599 -0.579434
-0.0011616 -0.00930599 -0.579434
-0.00105014 -0.00925026 -0.579436
-0.00110587 -0.00925026 -0.579435
-0.0011616 -0.00925026 -0.579435
-0.00105014 -0.00919453 -0.579437
-0.00110587 -0.00919453 -0.579437
-0.0011616 -0.00919453 -0.579436
-0.00105014 -0.0091388 -0.579438
-0.00110587 -0.0091388 -0.579438
-0.0011616 -0.0091388 -0.579437
-0.00105014 -0.00908308 -0.57944
-0.00110587 -0.00908308 -0.579439
-0.0011616 -0.00908308 -0.579438
-0.00105014 -0.00902735 -0.579441
-0.00110587 -0.00902735 -0.57944
-0.0011616 -0.00902735 -0.579439
-0.00105014 -0.00897162 -0.579442
-0.00110587 -0.00897162 -0.579441
-0.0011616 -0.00897162 -0.57944
-0.00105014 -0.00891589 -0.579443
-0.00110587 -0.00891589 -0.579442
-0.0011616 -0.00891589 -0.579441
-0.00105014 -0.00886017 -0.579444
-0.00110587 -0.00886017 -0.579443
-0.0011616 -0.00886017 -0.579443
-0.00105014 -0.00880444 -0.579445
-0.00110587 -0.00880444 -0.579444
-0.0011616 -0.00880444 -0.579444
-0.00105014 -0.00874871 -0.579446
-0.00110587 -0.00874871 -0.579446
-0.0011616 -0.00874871 -0.579445
-0.00105014 -0.00869298 -0.579447
-0.00110587 -0.00869298 -0.579447
-0.0011616 -0.00869298 -0.579446
-0.00105014 -0.00863726 -0.579449
-0.00110587 -0.00863726 -0.579448
-0.0011616 -0.00863726 -0.579447
-0.00105014 -0.00858153 -0.57945
-0.00110587 -0.00858153 -0.579449
-0.0011616 -0.00858153 -0.579448
-0.00105014 -0.0085258 -0.579451
-0.00110587 -0.0085258 -0.57945
-0.0011616 -0.0085258 -0.579449
-0.00105014 -0.00847007 -0.579452
-0.00110587 -0.00847007 -0.579451
-0.0011616 -0.00847007 -0.579451
-0.00105014 -0.00841434 -0.579453
-0.00110587 -0.00841434 -0.579452
-0.0011616 -0.00841434 -0.579452
-0.00105014 -0.00835862 -0.579454
-0.00110587 -0.00835862 -0.579453
-0.0011616 -0.00835862 -0.579453
-0.00105014 -0.00830289 -0.579455
-0.00110587 -0.00830289 -0.579455
-0.0011616 -0.00830289 -0.579454
-0.00105014 -0.00824716 -0.579456
-0.00110587 -0.00824716 -0.579456
-0.0011616 -0.00824716 -0.579455
-0.00105014 -0.00819143 -0.579458
-0.00110587 -0.00819143 -0.579457
-0.0011616 -0.00819143 -0.579456
-0.00105014 -0.00813571 -0.579459
-0.00110587 -0.00813571 -0.579458
-0.0011616 -0.00813571 -0.579457
-0.00105014 -0.00807998 -0.57946
-0.00110587 -0.00807998 -0.579459
-0.0011616 -0.00807998 -0.579458
-0.00105014 -0.00802425 -0.579461
-0.00110587 -0.00802425 -0.57946
-0.0011616 -0.00802425 -0.57946
-0.00105014 -0.00796852 -0.579462
-0.00110587 -0.00796852 -0.579461
-0.0011616 -0.00796852 -0.579461
-0.00105014 -0.0079128 -0.579463
-0.00110587 -0.0079128 -0.579463
-0.0011616 -0.0079128 -0.579462
-0.00105014 -0.00785707 -0.579464
-0.00110587 -0.00785707 -0.579464
-0.0011616 -0.00785707 -0.579463
-0.00105014 -0.00780134 -0.579466
-0.00110587 -0.00780134 -0.579465
-0.0011616 -0.00780134 -0.579464
-0.00105014 -0.00774561 -0.579467
-0.00110587 -0.00774561 -0.579466
-0.0011616 -0.00774561 -0.579465
-0.00105014 -0.00768989 -0.579468
-0.00110587 -0.00768989 -0.579467
-0.0011616 -0.00768989 -0.579466
-0.00105014 -0.00763416 -0.579469
-0.00110587 -0.00763416 -0.579468
-0.0011616 -0.00763416 -0.579467
-0.00105014 -0.00757843 -0.57947
-0.00110587 -0.00757843 -0.579469
-0.0011616 -0.00757843 -0.579469
-0.00105014 -0.0075227 -0.579471
-0.00110587 -0.0075227 -0.57947
-0.0011616 -0.0075227 -0.57947
-0.00105014 -0.00746698 -0.579472
-0.00110587 -0.00746698 -0.579472
-0.0011616 -0.00746698 -0.579471
-0.00105014 -0.00741125 -0.579473
-0.00110587 -0.00741125 -0.579473
-0.0011616 -0.00741125 -0.579472
-0.00105014 -0.00735552 -0.579475
-0.00110587 -0.00735552 -0.579474
-0.0011616 -0.00735552 -0.579473
-0.00105014 -0.00729979 -0.579476
-0.00110587 -0.00729979 -0.579475
-0.0011616 -0.00729979 -0.579474
-0.00105014 -0.00724407 -0.579477
-0.00110587 -0.00724407 -0.579476
-0.0011616 -0.00724407 -0.579475
-0.00105014 -0.00718834 -0.579478
-0.00110587 -0.00718834 -0.579477
-0.0011616 -0.00718834 -0.579476
-0.00105014 -0.00713261 -0.579479
-0.00110587 -0.00713261 -0.579478
-0.0011616 -0.00713261 -0.579478
-0.00105014 -0.00707688 -0.57948
-0.00110587 -0.00707688 -0.579479
-0.0011616 -0.00707688 -0.579479
-0.00105014 -0.00702116 -0.579481
-0.00110587 -0.00702116 -0.579481
-0.0011616 -0.00702116 -0.57948
-0.00105014 -0.00696543 -0.579482
-0.00110587 -0.00696543 -0.579482
-0.0011616 -0.00696543 -0.579481
-0.00105014 -0.0069097 -0.579484
-0.00110587 -0.0069097 -0.579483
-0.0011616 -0.0069097 -0.579482
-0.00105014 -0.00685397 -0.579485
-0.00110587 -0.00685397 -0.579484
-0.0011616 -0.00685397 -0.579483
-0.00105014 -0.00679825 -0.579486
-0.00110587 -0.00679825 -0.579485
-0.0011616 -0.00679825 -0.579484
-0.00105014 -0.00674252 -0.579487
-0.00110587 -0.00674252 -0.579486
-0.0011616 -0.00674252 -0.579486
-0.00105014 -0.00668679 -0.579488
-0.00110587 -0.00668679 -0.579487
-0.0011616 -0.00668679 -0.579487
-0.00105014 -0.00663106 -0.579489
-0.00110587 -0.00663106 -0.579489
-0.0011616 -0.00663106 -0.579488
-0.00105014 -0.00657534 -0.57949
-0.00110587 -0.00657534 -0.57949
-0.0011616 -0.00657534 -0.579489
-0.00105014 -0.00651961 -0.579491
-0.00110587 -0.00651961 -0.579491
-0.0011616 -0.00651961 -0.57949
-0.00105014 -0.00646388 -0.579493
-0.00110587 -0.00646388 -0.579492
-0.0011616 -0.00646388 -0.579491
-0.00105014 -0.00640815 -0.579494
-0.00110587 -0.00640815 -0.579493
-0.0011616 -0.00640815 -0.579492
-0.00105014 -0.00635243 -0.579495
-0.00110587 -0.00635243 -0.579494
-0.0011616 -0.00635243 -0.579493
-0.00105014 -0.0062967 -0.579496
-0.00110587 -0.0062967 -0.579495
-0.0011616 -0.0062967 -0.579495
-0.00105014 -0.00624097 -0.579497
-0.00110587 -0.00624097 -0.579496
-0.0011616 -0.00624097 -0.579496
-0.00105014 -0.00618524 -0.579498
-0.00110587 -0.00618524 -0.579498
-0.0011616 -0.00618524 -0.579497
-0.00105014 -0.00612951 -0.579499
-0.00110587 -0.00612951 -0.579499
-0.0011616 -0.00612951 -0.579498
-0.00105014 -0.00607379 -0.5795
-0.00110587 -0.00607379 -0.5795
-0.0011616 -0.00607379 -0.579499
-0.00105014 -0.00601806 -0.579502
-0.00110587 -0.00601806 -0.579501
-0.0011616 -0.00601806 -0.5795
-0.00105014 -0.00596233 -0.579503
-0.00110587 -0.00596233 -0.579502
-0.0011616 -0.00596233 -0.579501
-0.00105014 -0.0059066 -0.579504
-0.00110587 -0.0059066 -0.579503
-0.0011616 -0.0059066 -0.579502
-0.00105014 -0.00585088 -0.579505
-0.00110587 -0.00585088 -0.579504
-0.0011616 -0.00585088 -0.579504
-0.00105014 -0.00579515 -0.579506
-0.00110587 -0.00579515 -0.579505
-0.0011616 -0.00579515 -0.579505
-0.00105014 -0.00573942 -0.579507
-0.00110587 -0.00573942 -0.579507
-0.0011616 -0.00573942 -0.579506
-0.00105014 -0.00568369 -0.579508
-0.00110587 -0.00568369 -0.579508
-0.0011616 -0.00568369 -0.579507
-0.00105014 -0.00562797 -0.579509
-0.00110587 -0.00562797 -0.579509
-0.0011616 -0.00562797 -0.579508
-0.00105014 -0.00557224 -0.579511
-0.00110587 -0.00557224 -0.57951
-0.0011616 -0.00557224 -0.579509
-0.00105014 -0.00551651 -0.579512
-0.00110587 -0.00551651 -0.579511
-0.0011616 -0.00551651 -0.57951
-0.00105014 -0.00546078 -0.579513
-0.00110587 -0.00546078 -0.579512
-0.0011616 -0.00546078 -0.579512
-0.00105014 -0.00540506 -0.579514
-0.00110587 -0.00540506 -0.579513
-0.0011616 -0.00540506 -0.579513
