0.00195132 0.0179359 -0.756163
0.00272354 0.0179359 -0.756166
0.00349576 0.0179359 -0.756169
0.00195132 0.0171637 -0.756164
0.00272354 0.0171637 -0.756167
0.00349576 0.0171637 -0.75617
0.00195132 0.0163915 -0.756165
0.00272354 0.0163915 -0.756168
0.00349576 0.0163915 -0.756171
0.00195132 0.0156193 -0.756165
0.00272354 0.0156193 -0.756168
0.00349576 0.0156193 -0.756171
0.00195132 0.0148471 -0.756166
0.00272354 0.0148471 -0.756169
0.00349576 0.0148471 -0.756172
0.00195132 0.0140749 -0.756167
0.00272354 0.0140749 -0.75617
0.00349576 0.0140749 -0.756173
0.00195132 0.0133026 -0.756168
0.00272354 0.0133026 -0.756171
0.00349576 0.0133026 -0.756174
0.00195132 0.0125304 -0.756168
0.00272354 0.0125304 -0.756171
0.00349576 0.0125304 -0.756174
0.00195132 0.0117582 -0.756169
0.00272354 0.0117582 -0.756172
0.00349576 0.0117582 -0.756175
0.00195132 0.010986 -0.75617
0.00272354 0.010986 -0.756173
0.00349576 0.010986 -0.756176
0.00195132 0.0102138 -0.756171
0.00272354 0.0102138 -0.756174
0.00349576 0.0102138 -0.756177
0.00195132 0.00944154 -0.756172
0.00272354 0.00944154 -0.756175
0.00349576 0.00944154 -0.756177
0.00195132 0.00866932 -0.756172
0.00272354 0.00866932 -0.756175
0.00349576 0.00866932 -0.756178
0.00195132 0.0078971 -0.756173
0.00272354 0.0078971 -0.756176
0.00349576 0.0078971 -0.756179
0.00195132 0.00712489 -0.756174
0.00272354 0.00712489 -0.756177
0.00349576 0.00712489 -0.75618
0.00195132 0.00635267 -0.756175
0.00272354 0.00635267 -0.756178
0.00349576 0.00635267 -0.756181
0.00195132 0.00558045 -0.756175
0.00272354 0.00558045 -0.756178
0.00349576 0.00558045 -0.756181
0.00195132 0.00480823 -0.756176
0.00272354 0.00480823 -0.756179
0.00349576 0.00480823 -0.756182
0.00195132 0.00403601 -0.756177
0.00272354 0.00403601 -0.75618
0.00349576 0.00403601 -0.756183
0.00195132 0.00326379 -0.756178
0.00272354 0.00326379 -0.756181
0.00349576 0.00326379 -0.756184
0.00195132 0.00249157 -0.756178
0.00272354 0.00249157 -0.756181
0.00349576 0.00249157 -0.756184
0.00195132 0.00171936 -0.756179
0.00272354 0.00171936 -0.756182
0.00349576 0.00171936 -0.756185
0.00195132 0.000947137 -0.75618
0.00272354 0.000947137 -0.756183
0.00349576 0.000947137 -0.756186
0.00195132 0.000174918 -0.756181
0.00272354 0.000174918 -0.756184
0.00349576 0.000174918 -0.756187
0.00195132 -0.000597301 -0.756181
0.00272354 -0.000597301 -0.756184
0.00349576 -0.000597301 -0.756187
0.00195132 -0.00136952 -0.756182
0.00272354 -0.00136952 -0.756185
0.00349576 -0.00136952 -0.756188
0.00195132 -0.00214174 -0.756183
0.00272354 -0.00214174 -0.756186
0.00349576 -0.00214174 -0.756189
0.00195132 -0.00291396 -0.756184
0.00272354 -0.00291396 -0.756187
0.00349576 -0.00291396 -0.75619
0.00195132 -0.00368617 -0.756185
0.00272354 -0.00368617 -0.756188
0.00349576 -0.00368617 -0.756191
0.00195132 -0.00445839 -0.756185
0.00272354 -0.00445839 -0.756188
0.00349576 -0.00445839 -0.756191
0.00195132 -0.00523061 -0.756186
0.00272354 -0.00523061 -0.756189
0.00349576 -0.00523061 -0.756192
0.00195132 -0.00600283 -0.756187
0.00272354 -0.00600283 -0.75619
0.00349576 -0.00600283 -0.756193
0.00195132 -0.00677505 -0.756188
0.00272354 -0.00677505 -0.756191
0.00349576 -0.00677505 -0.756194
0.00195132 -0.00754727 -0.756188
0.00272354 -0.00754727 -0.756191
0.00349576 -0.00754727 -0.756194
0.00195132 -0.00831949 -0.756189
0.00272354 -0.00831949 -0.756192
0.00349576 -0.00831949 -0.756195
0.00195132 -0.00909171 -0.75619
0.00272354 -0.00909171 -0.756193
0.00349576 -0.00909171 -0.756196
0.00195132 -0.00986392 -0.756191
0.00272354 -0.00986392 -0.756194
0.00349576 -0.00986392 -0.756197
0.00195132 -0.0106361 -0.756191
0.00272354 -0.0106361 -0.756194
0.00349576 -0.0106361 -0.756197
0.00195132 -0.0114084 -0.756192
0.00272354 -0.0114084 -0.756195
0.00349576 -0.0114084 -0.756198
0.00195132 -0.0121806 -0.756193
0.00272354 -0.0121806 -0.756196
0.00349576 -0.0121806 -0.756199
0.00195132 -0.0129528 -0.756194
0.00272354 -0.0129528 -0.756197
0.00349576 -0.0129528 -0.7562
0.00195132 -0.013725 -0.756195
0.00272354 -0.013725 -0.756198
0.00349576 -0.013725 -0.7562
0.00195132 -0.0144972 -0.756195
0.00272354 -0.0144972 -0.756198
0.00349576 -0.0144972 -0.756201
0.00195132 -0.0152695 -0.756196
0.00272354 -0.0152695 -0.756199
0.00349576 -0.0152695 -0.756202
0.00195132 -0.0160417 -0.756197
0.00272354 -0.0160417 -0.7562
0.00349576 -0.0160417 -0.756203
0.00195132 -0.0168139 -0.756198
0.00272354 -0.0168139 -0.756201
0.00349576 -0.0168139 -0.756204
0.00195132 -0.0175861 -0.756198
0.00272354 -0.0175861 -0.756201
0.00349576 -0.0175861 -0.756204
0.00195132 -0.0183583 -0.756199
0.00272354 -0.0183583 -0.756202
0.00349576 -0.0183583 -0.756205
0.00195132 -0.0191305 -0.7562
0.00272354 -0.0191305 -0.756203
0.00349576 -0.0191305 -0.756206
0.00195132 -0.0199028 -0.756201
0.00272354 -0.0199028 -0.756204
0.00349576 -0.0199028 -0.756207
0.00195132 -0.020675 -0.756201
0.00272354 -0.020675 -0.756204
0.00349576 -0.020675 -0.756207
0.00195132 -0.0214472 -0.756202
0.00272354 -0.0214472 -0.756205
0.00349576 -0.0214472 -0.756208
0.00195132 -0.0222194 -0.756203
0.00272354 -0.0222194 -0.756206
0.00349576 -0.0222194 -0.756209
0.00195132 -0.0229916 -0.756204
0.00272354 -0.0229916 -0.756207
0.00349576 -0.0229916 -0.75621
0.00195132 -0.0237639 -0.756204
0.00272354 -0.0237639 -0.756207
0.00349576 -0.0237639 -0.756211
0.00195132 -0.0245361 -0.756205
0.00272354 -0.0245361 -0.756208
0.00349576 -0.0245361 -0.756211
0.00195132 -0.0253083 -0.756206
0.00272354 -0.0253083 -0.756209
0.00349576 -0.0253083 -0.756212
0.00195132 -0.0260805 -0.756207
0.00272354 -0.0260805 -0.75621
0.00349576 -0.0260805 -0.756213
0.00195132 -0.0268527 -0.756208
0.00272354 -0.0268527 -0.756211
0.00349576 -0.0268527 -0.756214
0.00195132 -0.027625 -0.756208
0.00272354 -0.027625 -0.756211
0.00349576 -0.027625 -0.756214
0.00195132 -0.0283972 -0.756209
0.00272354 -0.0283972 -0.756212
0.00349576 -0.0283972 -0.756215
0.00195132 -0.0291694 -0.75621
0.00272354 -0.0291694 -0.756213
0.00349576 -0.0291694 -0.756216
0.00195132 -0.0299416 -0.756211
0.00272354 -0.0299416 -0.756214
0.00349576 -0.0299416 -0.756217
0.00195132 -0.0307138 -0.756211
0.00272354 -0.0307138 -0.756214
0.00349576 -0.0307138 -0.756217
0.00195132 -0.031486 -0.756212
0.00272354 -0.031486 -0.756215
0.00349576 -0.031486 -0.756218
0.00195132 -0.0322583 -0.756213
0.00272354 -0.0322583 -0.756216
0.00349576 -0.0322583 -0.756219
0.00195132 -0.0330305 -0.756214
0.00272354 -0.0330305 -0.756217
0.00349576 -0.0330305 -0.75622
0.00195132 -0.0338027 -0.756214
0.00272354 -0.0338027 -0.756217
0.00349576 -0.0338027 -0.75622
0.00195132 -0.0345749 -0.756215
0.00272354 -0.0345749 -0.756218
0.00349576 -0.0345749 -0.756221
0.00195132 -0.0353471 -0.756216
0.00272354 -0.0353471 -0.756219
0.00349576 -0.0353471 -0.756222
0.00195132 -0.0361194 -0.756217
0.00272354 -0.0361194 -0.75622
0.00349576 -0.0361194 -0.756223
0.00195132 -0.0368916 -0.756218
0.00272354 -0.0368916 -0.756221
0.00349576 -0.0368916 -0.756223
0.00195132 -0.0376638 -0.756218
0.00272354 -0.0376638 -0.756221
0.00349576 -0.0376638 -0.756224
0.00195132 -0.038436 -0.756219
0.00272354 -0.038436 -0.756222
0.00349576 -0.038436 -0.756225
0.00195132 -0.0392082 -0.75622
0.00272354 -0.0392082 -0.756223
0.00349576 -0.0392082 -0.756226
0.00195132 -0.0399804 -0.756221
0.00272354 -0.0399804 -0.756224
0.00349576 -0.0399804 -0.756227
0.00195132 -0.0407527 -0.756221
0.00272354 -0.0407527 -0.756224
0.00349576 -0.0407527 -0.756227
0.00195132 -0.0415249 -0.756222
0.00272354 -0.0415249 -0.756225
0.00349576 -0.0415249 -0.756228
0.00195132 -0.0422971 -0.756223
0.00272354 -0.0422971 -0.756226
0.00349576 -0.0422971 -0.756229
0.00195132 -0.0430693 -0.756224
0.00272354 -0.0430693 -0.756227
0.00349576 -0.0430693 -0.75623
0.00195132 -0.0438415 -0.756224
0.00272354 -0.0438415 -0.756227
0.00349576 -0.0438415 -0.75623
0.00195132 -0.0446138 -0.756225
0.00272354 -0.0446138 -0.756228
0.00349576 -0.0446138 -0.756231
0.00195132 -0.045386 -0.756226
0.00272354 -0.045386 -0.756229
0.00349576 -0.045386 -0.756232
0.00195132 -0.0461582 -0.756227
0.00272354 -0.0461582 -0.75623
0.00349576 -0.0461582 -0.756233
0.00195132 -0.0469304 -0.756228
0.00272354 -0.0469304 -0.756231
0.00349576 -0.0469304 -0.756234
0.00195132 -0.0477026 -0.756228
0.00272354 -0.0477026 -0.756231
0.00349576 -0.0477026 -0.756234
0.00195132 -0.0484749 -0.756229
0.00272354 -0.0484749 -0.756232
0.00349576 -0.0484749 -0.756235
0.00195132 -0.0492471 -0.75623
0.00272354 -0.0492471 -0.756233
0.00349576 -0.0492471 -0.756236
0.00195132 -0.0500193 -0.756231
0.00272354 -0.0500193 -0.756234
0.00349576 -0.0500193 -0.756237
0.00195132 -0.0507915 -0.756231
0.00272354 -0.0507915 -0.756234
0.00349576 -0.0507915 -0.756237
0.00195132 -0.0515637 -0.756232
0.00272354 -0.0515637 -0.756235
0.00349576 -0.0515637 -0.756238
0.00195132 -0.0523359 -0.756233
0.00272354 -0.0523359 -0.756236
0.00349576 -0.0523359 -0.756239
0.00195132 -0.0531082 -0.756234
0.00272354 -0.0531082 -0.756237
0.00349576 -0.0531082 -0.75624
0.00195132 -0.0538804 -0.756234
0.00272354 -0.0538804 -0.756237
0.00349576 -0.0538804 -0.75624
0.00195132 -0.0546526 -0.756235
0.00272354 -0.0546526 -0.756238
0.00349576 -0.0546526 -0.756241
0.00195132 -0.0554248 -0.756236
0.00272354 -0.0554248 -0.756239
0.00349576 -0.0554248 -0.756242
0.00195132 -0.056197 -0.756237
0.00272354 -0.056197 -0.75624
0.00349576 -0.056197 -0.756243
0.00195132 -0.0569693 -0.756238
0.00272354 -0.0569693 -0.75624
0.00349576 -0.0569693 -0.756243
0.00195132 -0.0577415 -0.756238
0.00272354 -0.0577415 -0.756241
0.00349576 -0.0577415 -0.756244
0.00195132 -0.0585137 -0.756239
0.00272354 -0.0585137 -0.756242
0.00349576 -0.0585137 -0.756245
0.00195132 -0.0592859 -0.75624
0.00272354 -0.0592859 -0.756243
0.00349576 -0.0592859 -0.756246
0.00195132 -0.0600581 -0.756241
0.00272354 -0.0600581 -0.756244
0.00349576 -0.0600581 -0.756247
0.00195132 -0.0608304 -0.756241
0.00272354 -0.0608304 -0.756244
0.00349576 -0.0608304 -0.756247
0.00195132 -0.0616026 -0.756242
0.00272354 -0.0616026 -0.756245
0.00349576 -0.0616026 -0.756248
0.00195132 -0.0623748 -0.756243
0.00272354 -0.0623748 -0.756246
0.00349576 -0.0623748 -0.756249
0.00195132 -0.063147 -0.756244
0.00272354 -0.063147 -0.756247
0.00349576 -0.063147 -0.75625
0.00195132 -0.0639192 -0.756244
0.00272354 -0.0639192 -0.756247
0.00349576 -0.0639192 -0.75625
0.00195132 -0.0646914 -0.756245
0.00272354 -0.0646914 -0.756248
0.00349576 -0.0646914 -0.756251
0.00195132 -0.0654637 -0.756246
0.00272354 -0.0654637 -0.756249
0.00349576 -0.0654637 -0.756252
0.00195132 -0.0662359 -0.756247
0.00272354 -0.0662359 -0.75625
0.00349576 -0.0662359 -0.756253
0.00195132 -0.0670081 -0.756247
0.00272354 -0.0670081 -0.75625
0.00349576 -0.0670081 -0.756253
