-0.00464978 -0.112454 -0.665243
-0.00665009 -0.112454 -0.665242
-0.00865041 -0.112454 -0.66524
-0.00464978 -0.110454 -0.665244
-0.00665009 -0.110454 -0.665243
-0.00865041 -0.110454 -0.665241
-0.00464978 -0.108453 -0.665245
-0.00665009 -0.108453 -0.665243
-0.00865041 -0.108453 -0.665242
-0.00464978 -0.106453 -0.665246
-0.00665009 -0.106453 -0.665244
-0.00865041 -0.106453 -0.665242
-0.00464978 -0.104453 -0.665246
-0.00665009 -0.104453 -0.665245
-0.00865041 -0.104453 -0.665243
-0.00464978 -0.102452 -0.665247
-0.00665009 -0.102452 -0.665245
-0.00865041 -0.102452 -0.665244
-0.00464978 -0.100452 -0.665248
-0.00665009 -0.100452 -0.665246
-0.00865041 -0.100452 -0.665245
-0.00464978 -0.0984516 -0.665248
-0.00665009 -0.0984516 -0.665247
-0.00865041 -0.0984516 -0.665245
-0.00464978 -0.0964513 -0.665249
-0.00665009 -0.0964513 -0.665248
-0.00865041 -0.0964513 -0.665246
-0.00464978 -0.094451 -0.66525
-0.00665009 -0.094451 -0.665248
-0.00865041 -0.094451 -0.665247
-0.00464978 -0.0924507 -0.665251
-0.00665009 -0.0924507 -0.665249
-0.00865041 -0.0924507 -0.665248
-0.00464978 -0.0904504 -0.665251
-0.00665009 -0.0904504 -0.66525
-0.00865041 -0.0904504 -0.665248
-0.00464978 -0.0884501 -0.665252
-0.00665009 -0.0884501 -0.665251
-0.00865041 -0.0884501 -0.665249
-0.00464978 -0.0864497 -0.665253
-0.00665009 -0.0864497 -0.665251
-0.00865041 -0.0864497 -0.66525
-0.00464978 -0.0844494 -0.665254
-0.00665009 -0.0844494 -0.665252
-0.00865041 -0.0844494 -0.66525
-0.00464978 -0.0824491 -0.665254
-0.00665009 -0.0824491 -0.665253
-0.00865041 -0.0824491 -0.665251
-0.00464978 -0.0804488 -0.665255
-0.00665009 -0.0804488 -0.665253
-0.00865041 -0.0804488 -0.665252
-0.00464978 -0.0784485 -0.665256
-0.00665009 -0.0784485 -0.665254
-0.00865041 -0.0784485 -0.665253
-0.00464978 -0.0764482 -0.665256
-0.00665009 -0.0764482 -0.665255
-0.00865041 -0.0764482 -0.665253
-0.00464978 -0.0744478 -0.665257
-0.00665009 -0.0744478 -0.665256
-0.00865041 -0.0744478 -0.665254
-0.00464978 -0.0724475 -0.665258
-0.00665009 -0.0724475 -0.665256
-0.00865041 -0.0724475 -0.665255
-0.00464978 -0.0704472 -0.665259
-0.00665009 -0.0704472 -0.665257
-0.00865041 -0.0704472 -0.665256
-0.00464978 -0.0684469 -0.665259
-0.00665009 -0.0684469 -0.665258
-0.00865041 -0.0684469 -0.665256
-0.00464978 -0.0664466 -0.66526
-0.00665009 -0.0664466 -0.665259
-0.00865041 -0.0664466 -0.665257
-0.00464978 -0.0644463 -0.665261
-0.00665009 -0.0644463 -0.665259
-0.00865041 -0.0644463 -0.665258
-0.00464978 -0.0624459 -0.665262
-0.00665009 -0.0624459 -0.66526
-0.00865041 -0.0624459 -0.665258
-0.00464978 -0.0604456 -0.665262
-0.00665009 -0.0604456 -0.665261
-0.00865041 -0.0604456 -0.665259
-0.00464978 -0.0584453 -0.665263
-0.00665009 -0.0584453 -0.665261
-0.00865041 -0.0584453 -0.66526
-0.00464978 -0.056445 -0.665264
-0.00665009 -0.056445 -0.665262
-0.00865041 -0.056445 -0.665261
-0.00464978 -0.0544447 -0.665264
-0.00665009 -0.0544447 -0.665263
-0.00865041 -0.0544447 -0.665261
-0.00464978 -0.0524443 -0.665265
-0.00665009 -0.0524443 -0.665264
-0.00865041 -0.0524443 -0.665262
-0.00464978 -0.050444 -0.665266
-0.00665009 -0.050444 -0.665264
-0.00865041 -0.050444 -0.665263
-0.00464978 -0.0484437 -0.665267
-0.00665009 -0.0484437 -0.665265
-0.00865041 -0.0484437 -0.665264
-0.00464978 -0.0464434 -0.665267
-0.00665009 -0.0464434 -0.665266
-0.00865041 -0.0464434 -0.665264
-0.00464978 -0.0444431 -0.665268
-0.00665009 -0.0444431 -0.665267
-0.00865041 -0.0444431 -0.665265
-0.00464978 -0.0424428 -0.665269
-0.00665009 -0.0424428 -0.665267
-0.00865041 -0.0424428 -0.665266
-0.00464978 -0.0404424 -0.66527
-0.00665009 -0.0404424 -0.665268
-0.00865041 -0.0404424 -0.665266
-0.00464978 -0.0384421 -0.66527
-0.00665009 -0.0384421 -0.665269
-0.00865041 -0.0384421 -0.665267
-0.00464978 -0.0364418 -0.665271
-0.00665009 -0.0364418 -0.665269
-0.00865041 -0.0364418 -0.665268
-0.00464978 -0.0344415 -0.665272
-0.00665009 -0.0344415 -0.66527
-0.00865041 -0.0344415 -0.665269
-0.00464978 -0.0324412 -0.665272
-0.00665009 -0.0324412 -0.665271
-0.00865041 -0.0324412 -0.665269
-0.00464978 -0.0304409 -0.665273
-0.00665009 -0.0304409 -0.665272
-0.00865041 -0.0304409 -0.66527
-0.00464978 -0.0284405 -0.665274
-0.00665009 -0.0284405 -0.665272
-0.00865041 -0.0284405 -0.665271
-0.00464978 -0.0264402 -0.665275
-0.00665009 -0.0264402 -0.665273
-0.00865041 -0.0264402 -0.665272
-0.00464978 -0.0244399 -0.665275
-0.00665009 -0.0244399 -0.665274
-0.00865041 -0.0244399 -0.665272
-0.00464978 -0.0224396 -0.665276
-0.00665009 -0.0224396 -0.665275
-0.00865041 -0.0224396 -0.665273
-0.00464978 -0.0204393 -0.665277
-0.00665009 -0.0204393 -0.665275
-0.00865041 -0.0204393 -0.665274
-0.00464978 -0.018439 -0.665278
-0.00665009 -0.018439 -0.665276
-0.00865041 -0.018439 -0.665275
-0.00464978 -0.0164386 -0.665278
-0.00665009 -0.0164386 -0.665277
-0.00865041 -0.0164386 -0.665275
-0.00464978 -0.0144383 -0.665279
-0.00665009 -0.0144383 -0.665277
-0.00865041 -0.0144383 -0.665276
-0.00464978 -0.012438 -0.66528
-0.00665009 -0.012438 -0.665278
-0.00865041 -0.012438 -0.665277
-0.00464978 -0.0104377 -0.66528
-0.00665009 -0.0104377 -0.665279
-0.00865041 -0.0104377 -0.665277
-0.00464978 -0.00843738 -0.665281
-0.00665009 -0.00843738 -0.66528
-0.00865041 -0.00843738 -0.665278
-0.00464978 -0.00643706 -0.665282
-0.00665009 -0.00643706 -0.66528
-0.00865041 -0.00643706 -0.665279
-0.00464978 -0.00443674 -0.665283
-0.00665009 -0.00443674 -0.665281
-0.00865041 -0.00443674 -0.66528
-0.00464978 -0.00243643 -0.665283
-0.00665009 -0.00243643 -0.665282
-0.00865041 -0.00243643 -0.66528
-0.00464978 -0.000436111 -0.665284
-0.00665009 -0.000436111 -0.665283
-0.00865041 -0.000436111 -0.665281
-0.00464978 0.00156421 -0.665285
-0.00665009 0.00156421 -0.665283
-0.00865041 0.00156421 -0.665282
-0.00464978 0.00356452 -0.665286
-0.00665009 0.00356452 -0.665284
-0.00865041 0.00356452 -0.665282
-0.00464978 0.00556484 -0.665286
-0.00665009 0.00556484 -0.665285
-0.00865041 0.00556484 -0.665283
-0.00464978 0.00756516 -0.665287
-0.00665009 0.00756516 -0.665285
-0.00865041 0.00756516 -0.665284
-0.00464978 0.00956547 -0.665288
-0.00665009 0.00956547 -0.665286
-0.00865041 0.00956547 -0.665285
-0.00464978 0.0115658 -0.665288
-0.00665009 0.0115658 -0.665287
-0.00865041 0.0115658 -0.665285
-0.00464978 0.0135661 -0.665289
-0.00665009 0.0135661 -0.665288
-0.00865041 0.0135661 -0.665286
-0.00464978 0.0155664 -0.66529
-0.00665009 0.0155664 -0.665288
-0.00865041 0.0155664 -0.665287
-0.00464978 0.0175667 -0.665291
-0.00665009 0.0175667 -0.665289
-0.00865041 0.0175667 -0.665288
-0.00464978 0.0195671 -0.665291
-0.00665009 0.0195671 -0.66529
-0.00865041 0.0195671 -0.665288
-0.00464978 0.0215674 -0.665292
-0.00665009 0.0215674 -0.665291
-0.00865041 0.0215674 -0.665289
-0.00464978 0.0235677 -0.665293
-0.00665009 0.0235677 -0.665291
-0.00865041 0.0235677 -0.66529
-0.00464978 0.025568 -0.665294
-0.00665009 0.025568 -0.665292
-0.00865041 0.025568 -0.66529
-0.00464978 0.0275683 -0.665294
-0.00665009 0.0275683 -0.665293
-0.00865041 0.0275683 -0.665291
-0.00464978 0.0295686 -0.665295
-0.00665009 0.0295686 -0.665293
-0.00865041 0.0295686 -0.665292
-0.00464978 0.031569 -0.665296
-0.00665009 0.031569 -0.665294
-0.00865041 0.031569 -0.665293
-0.00464978 0.0335693 -0.665296
-0.00665009 0.0335693 -0.665295
-0.00865041 0.0335693 -0.665293
-0.00464978 0.0355696 -0.665297
-0.00665009 0.0355696 -0.665296
-0.00865041 0.0355696 -0.665294
-0.00464978 0.0375699 -0.665298
-0.00665009 0.0375699 -0.665296
-0.00865041 0.0375699 -0.665295
-0.00464978 0.0395702 -0.665299
-0.00665009 0.0395702 -0.665297
-0.00865041 0.0395702 -0.665296
-0.00464978 0.0415705 -0.665299
-0.00665009 0.0415705 -0.665298
-0.00865041 0.0415705 -0.665296
-0.00464978 0.0435709 -0.6653
-0.00665009 0.0435709 -0.665299
-0.00865041 0.0435709 -0.665297
-0.00464978 0.0455712 -0.665301
-0.00665009 0.0455712 -0.665299
-0.00865041 0.0455712 -0.665298
-0.00464978 0.0475715 -0.665302
-0.00665009 0.0475715 -0.6653
-0.00865041 0.0475715 -0.665298
-0.00464978 0.0495718 -0.665302
-0.00665009 0.0495718 -0.665301
-0.00865041 0.0495718 -0.665299
-0.00464978 0.0515721 -0.665303
-0.00665009 0.0515721 -0.665301
-0.00865041 0.0515721 -0.6653
-0.00464978 0.0535724 -0.665304
-0.00665009 0.0535724 -0.665302
-0.00865041 0.0535724 -0.665301
-0.00464978 0.0555728 -0.665304
-0.00665009 0.0555728 -0.665303
-0.00865041 0.0555728 -0.665301
-0.00464978 0.0575731 -0.665305
-0.00665009 0.0575731 -0.665304
-0.00865041 0.0575731 -0.665302
-0.00464978 0.0595734 -0.665306
-0.00665009 0.0595734 -0.665304
-0.00865041 0.0595734 -0.665303
-0.00464978 0.0615737 -0.665307
-0.00665009 0.0615737 -0.665305
-0.00865041 0.0615737 -0.665304
-0.00464978 0.063574 -0.665307
-0.00665009 0.063574 -0.665306
-0.00865041 0.063574 -0.665304
-0.00464978 0.0655743 -0.665308
-0.00665009 0.0655743 -0.665307
-0.00865041 0.0655743 -0.665305
-0.00464978 0.0675747 -0.665309
-0.00665009 0.0675747 -0.665307
-0.00865041 0.0675747 -0.665306
-0.00464978 0.069575 -0.66531
-0.00665009 0.069575 -0.665308
-0.00865041 0.069575 -0.665306
-0.00464978 0.0715753 -0.66531
-0.00665009 0.0715753 -0.665309
-0.00865041 0.0715753 -0.665307
-0.00464978 0.0735756 -0.665311
-0.00665009 0.0735756 -0.665309
-0.00865041 0.0735756 -0.665308
-0.00464978 0.0755759 -0.665312
-0.00665009 0.0755759 -0.66531
-0.00865041 0.0755759 -0.665309
-0.00464978 0.0775762 -0.665312
-0.00665009 0.0775762 -0.665311
-0.00865041 0.0775762 -0.665309
-0.00464978 0.0795766 -0.665313
-0.00665009 0.0795766 -0.665312
-0.00865041 0.0795766 -0.66531
-0.00464978 0.0815769 -0.665314
-0.00665009 0.0815769 -0.665312
-0.00865041 0.0815769 -0.665311
-0.00464978 0.0835772 -0.665315
-0.00665009 0.0835772 -0.665313
-0.00865041 0.0835772 -0.665312
-0.00464978 0.0855775 -0.665315
-0.00665009 0.0855775 -0.665314
-0.00865041 0.0855775 -0.665312
-0.00464978 0.0875778 -0.665316
-0.00665009 0.0875778 -0.665315
-0.00865041 0.0875778 -0.665313
-0.00464978 0.0895782 -0.665317
-0.00665009 0.0895782 -0.665315
-0.00865041 0.0895782 -0.665314
-0.00464978 0.0915785 -0.665318
-0.00665009 0.0915785 -0.665316
-0.00865041 0.0915785 -0.665314
-0.00464978 0.0935788 -0.665318
-0.00665009 0.0935788 -0.665317
-0.00865041 0.0935788 -0.665315
-0.00464978 0.0955791 -0.665319
-0.00665009 0.0955791 -0.665317
-0.00865041 0.0955791 -0.665316
-0.00464978 0.0975794 -0.66532
-0.00665009 0.0975794 -0.665318
-0.00865041 0.0975794 -0.665317
-0.00464978 0.0995797 -0.66532
-0.00665009 0.0995797 -0.665319
-0.00865041 0.0995797 -0.665317
-0.00464978 0.10158 -0.665321
-0.00665009 0.10158 -0.66532
-0.00865041 0.10158 -0.665318
-0.00464978 0.10358 -0.665322
-0.00665009 0.10358 -0.66532
-0.00865041 0.10358 -0.665319
-0.00464978 0.105581 -0.665323
-0.00665009 0.105581 -0.665321
-0.00865041 0.105581 -0.66532
-0.00464978 0.107581 -0.665323
-0.00665009 0.107581 -0.665322
-0.00865041 0.107581 -0.66532
