-0.0083543 0.0293098 -0.50114
-0.00763208 0.0293098 -0.501139
-0.00690986 0.0293098 -0.501139
-0.0083543 0.0285876 -0.50114
-0.00763208 0.0285876 -0.501139
-0.00690986 0.0285876 -0.501139
-0.0083543 0.0278654 -0.50114
-0.00763208 0.0278654 -0.501139
-0.00690986 0.0278654 -0.501139
-0.0083543 0.0271431 -0.50114
-0.00763208 0.0271431 -0.501139
-0.00690986 0.0271431 -0.501139
-0.0083543 0.0264209 -0.50114
-0.00763208 0.0264209 -0.50114
-0.00690986 0.0264209 -0.501139
-0.0083543 0.0256987 -0.50114
-0.00763208 0.0256987 -0.50114
-0.00690986 0.0256987 -0.501139
-0.0083543 0.0249765 -0.50114
-0.00763208 0.0249765 -0.50114
-0.00690986 0.0249765 -0.501139
-0.0083543 0.0242543 -0.50114
-0.00763208 0.0242543 -0.50114
-0.00690986 0.0242543 -0.501139
-0.0083543 0.023532 -0.50114
-0.00763208 0.023532 -0.50114
-0.00690986 0.023532 -0.50114
-0.0083543 0.0228098 -0.50114
-0.00763208 0.0228098 -0.50114
-0.00690986 0.0228098 -0.50114
-0.0083543 0.0220876 -0.501141
-0.00763208 0.0220876 -0.50114
-0.00690986 0.0220876 -0.50114
-0.0083543 0.0213654 -0.501141
-0.00763208 0.0213654 -0.50114
-0.00690986 0.0213654 -0.50114
-0.0083543 0.0206432 -0.501141
-0.00763208 0.0206432 -0.50114
-0.00690986 0.0206432 -0.50114
-0.0083543 0.019921 -0.501141
-0.00763208 0.019921 -0.50114
-0.00690986 0.019921 -0.50114
-0.0083543 0.0191987 -0.501141
-0.00763208 0.0191987 -0.501141
-0.00690986 0.0191987 -0.50114
-0.0083543 0.0184765 -0.501141
-0.00763208 0.0184765 -0.501141
-0.00690986 0.0184765 -0.50114
-0.0083543 0.0177543 -0.501141
-0.00763208 0.0177543 -0.501141
-0.00690986 0.0177543 -0.50114
-0.0083543 0.0170321 -0.501141
-0.00763208 0.0170321 -0.501141
-0.00690986 0.0170321 -0.50114
-0.0083543 0.0163099 -0.501141
-0.00763208 0.0163099 -0.501141
-0.00690986 0.0163099 -0.501141
-0.0083543 0.0155876 -0.501142
-0.00763208 0.0155876 -0.501141
-0.00690986 0.0155876 -0.501141
-0.0083543 0.0148654 -0.501142
-0.00763208 0.0148654 -0.501141
-0.00690986 0.0148654 -0.501141
-0.0083543 0.0141432 -0.501142
-0.00763208 0.0141432 -0.501141
-0.00690986 0.0141432 -0.501141
-0.0083543 0.013421 -0.501142
-0.00763208 0.013421 -0.501141
-0.00690986 0.013421 -0.501141
-0.0083543 0.0126988 -0.501142
-0.00763208 0.0126988 -0.501142
-0.00690986 0.0126988 -0.501141
-0.0083543 0.0119765 -0.501142
-0.00763208 0.0119765 -0.501142
-0.00690986 0.0119765 -0.501141
-0.0083543 0.0112543 -0.501142
-0.00763208 0.0112543 -0.501142
-0.00690986 0.0112543 -0.501141
-0.0083543 0.0105321 -0.501142
-0.00763208 0.0105321 -0.501142
-0.00690986 0.0105321 -0.501141
-0.0083543 0.00980989 -0.501142
-0.00763208 0.00980989 -0.501142
-0.00690986 0.00980989 -0.501142
-0.0083543 0.00908767 -0.501143
-0.00763208 0.00908767 -0.501142
-0.00690986 0.00908767 -0.501142
-0.0083543 0.00836545 -0.501143
-0.00763208 0.00836545 -0.501142
-0.00690986 0.00836545 -0.501142
-0.0083543 0.00764323 -0.501143
-0.00763208 0.00764323 -0.501142
-0.00690986 0.00764323 -0.501142
-0.0083543 0.00692101 -0.501143
-0.00763208 0.00692101 -0.501142
-0.00690986 0.00692101 -0.501142
-0.0083543 0.0061988 -0.501143
-0.00763208 0.0061988 -0.501143
-0.00690986 0.0061988 -0.501142
-0.0083543 0.00547658 -0.501143
-0.00763208 0.00547658 -0.501143
-0.00690986 0.00547658 -0.501142
-0.0083543 0.00475436 -0.501143
-0.00763208 0.00475436 -0.501143
-0.00690986 0.00475436 -0.501142
-0.0083543 0.00403214 -0.501143
-0.00763208 0.00403214 -0.501143
-0.00690986 0.00403214 -0.501142
-0.0083543 0.00330992 -0.501143
-0.00763208 0.00330992 -0.501143
-0.00690986 0.00330992 -0.501143
-0.0083543 0.0025877 -0.501144
-0.00763208 0.0025877 -0.501143
-0.00690986 0.0025877 -0.501143
-0.0083543 0.00186548 -0.501144
-0.00763208 0.00186548 -0.501143
-0.00690986 0.00186548 -0.501143
-0.0083543 0.00114326 -0.501144
-0.00763208 0.00114326 -0.501143
-0.00690986 0.00114326 -0.501143
-0.0083543 0.000421046 -0.501144
-0.00763208 0.000421046 -0.501143
-0.00690986 0.000421046 -0.501143
-0.0083543 -0.000301173 -0.501144
-0.00763208 -0.000301173 -0.501143
-0.00690986 -0.000301173 -0.501143
-0.0083543 -0.00102339 -0.501144
-0.00763208 -0.00102339 -0.501144
-0.00690986 -0.00102339 -0.501143
-0.0083543 -0.00174561 -0.501144
-0.00763208 -0.00174561 -0.501144
-0.00690986 -0.00174561 -0.501143
-0.0083543 -0.00246783 -0.501144
-0.00763208 -0.00246783 -0.501144
-0.00690986 -0.00246783 -0.501143
-0.0083543 -0.00319005 -0.501144
-0.00763208 -0.00319005 -0.501144
-0.00690986 -0.00319005 -0.501143
-0.0083543 -0.00391227 -0.501144
-0.00763208 -0.00391227 -0.501144
-0.00690986 -0.00391227 -0.501144
-0.0083543 -0.00463449 -0.501145
-0.00763208 -0.00463449 -0.501144
-0.00690986 -0.00463449 -0.501144
-0.0083543 -0.0053567 -0.501145
-0.00763208 -0.0053567 -0.501144
-0.00690986 -0.0053567 -0.501144
-0.0083543 -0.00607892 -0.501145
-0.00763208 -0.00607892 -0.501144
-0.00690986 -0.00607892 -0.501144
-0.0083543 -0.00680114 -0.501145
-0.00763208 -0.00680114 -0.501144
-0.00690986 -0.00680114 -0.501144
-0.0083543 -0.00752336 -0.501145
-0.00763208 -0.00752336 -0.501145
-0.00690986 -0.00752336 -0.501144
-0.0083543 -0.00824558 -0.501145
-0.00763208 -0.00824558 -0.501145
-0.00690986 -0.00824558 -0.501144
-0.0083543 -0.0089678 -0.501145
-0.00763208 -0.0089678 -0.501145
-0.00690986 -0.0089678 -0.501144
-0.0083543 -0.00969002 -0.501145
-0.00763208 -0.00969002 -0.501145
-0.00690986 -0.00969002 -0.501144
-0.0083543 -0.0104122 -0.501145
-0.00763208 -0.0104122 -0.501145
-0.00690986 -0.0104122 -0.501145
-0.0083543 -0.0111345 -0.501146
-0.00763208 -0.0111345 -0.501145
-0.00690986 -0.0111345 -0.501145
-0.0083543 -0.0118567 -0.501146
-0.00763208 -0.0118567 -0.501145
-0.00690986 -0.0118567 -0.501145
-0.0083543 -0.0125789 -0.501146
-0.00763208 -0.0125789 -0.501145
-0.00690986 -0.0125789 -0.501145
-0.0083543 -0.0133011 -0.501146
-0.00763208 -0.0133011 -0.501145
-0.00690986 -0.0133011 -0.501145
-0.0083543 -0.0140233 -0.501146
-0.00763208 -0.0140233 -0.501146
-0.00690986 -0.0140233 -0.501145
-0.0083543 -0.0147455 -0.501146
-0.00763208 -0.0147455 -0.501146
-0.00690986 -0.0147455 -0.501145
-0.0083543 -0.0154678 -0.501146
-0.00763208 -0.0154678 -0.501146
-0.00690986 -0.0154678 -0.501145
-0.0083543 -0.01619 -0.501146
-0.00763208 -0.01619 -0.501146
-0.00690986 -0.01619 -0.501145
-0.0083543 -0.0169122 -0.501146
-0.00763208 -0.0169122 -0.501146
-0.00690986 -0.0169122 -0.501145
-0.0083543 -0.0176344 -0.501146
-0.00763208 -0.0176344 -0.501146
-0.00690986 -0.0176344 -0.501146
-0.0083543 -0.0183566 -0.501147
-0.00763208 -0.0183566 -0.501146
-0.00690986 -0.0183566 -0.501146
-0.0083543 -0.0190789 -0.501147
-0.00763208 -0.0190789 -0.501146
-0.00690986 -0.0190789 -0.501146
-0.0083543 -0.0198011 -0.501147
-0.00763208 -0.0198011 -0.501146
-0.00690986 -0.0198011 -0.501146
-0.0083543 -0.0205233 -0.501147
-0.00763208 -0.0205233 -0.501146
-0.00690986 -0.0205233 -0.501146
-0.0083543 -0.0212455 -0.501147
-0.00763208 -0.0212455 -0.501147
-0.00690986 -0.0212455 -0.501146
-0.0083543 -0.0219677 -0.501147
-0.00763208 -0.0219677 -0.501147
-0.00690986 -0.0219677 -0.501146
-0.0083543 -0.02269 -0.501147
-0.00763208 -0.02269 -0.501147
-0.00690986 -0.02269 -0.501146
-0.0083543 -0.0234122 -0.501147
-0.00763208 -0.0234122 -0.501147
-0.00690986 -0.0234122 -0.501146
-0.0083543 -0.0241344 -0.501147
-0.00763208 -0.0241344 -0.501147
-0.00690986 -0.0241344 -0.501147
-0.0083543 -0.0248566 -0.501148
-0.00763208 -0.0248566 -0.501147
-0.00690986 -0.0248566 -0.501147
-0.0083543 -0.0255788 -0.501148
-0.00763208 -0.0255788 -0.501147
-0.00690986 -0.0255788 -0.501147
-0.0083543 -0.026301 -0.501148
-0.00763208 -0.026301 -0.501147
-0.00690986 -0.026301 -0.501147
-0.0083543 -0.0270233 -0.501148
-0.00763208 -0.0270233 -0.501147
-0.00690986 -0.0270233 -0.501147
-0.0083543 -0.0277455 -0.501148
-0.00763208 -0.0277455 -0.501148
-0.00690986 -0.0277455 -0.501147
-0.0083543 -0.0284677 -0.501148
-0.00763208 -0.0284677 -0.501148
-0.00690986 -0.0284677 -0.501147
-0.0083543 -0.0291899 -0.501148
-0.00763208 -0.0291899 -0.501148
-0.00690986 -0.0291899 -0.501147
-0.0083543 -0.0299121 -0.501148
-0.00763208 -0.0299121 -0.501148
-0.00690986 -0.0299121 -0.501147
-0.0083543 -0.0306344 -0.501148
-0.00763208 -0.0306344 -0.501148
-0.00690986 -0.0306344 -0.501148
-0.0083543 -0.0313566 -0.501149
-0.00763208 -0.0313566 -0.501148
-0.00690986 -0.0313566 -0.501148
-0.0083543 -0.0320788 -0.501149
-0.00763208 -0.0320788 -0.501148
-0.00690986 -0.0320788 -0.501148
-0.0083543 -0.032801 -0.501149
-0.00763208 -0.032801 -0.501148
-0.00690986 -0.032801 -0.501148
-0.0083543 -0.0335232 -0.501149
-0.00763208 -0.0335232 -0.501148
-0.00690986 -0.0335232 -0.501148
-0.0083543 -0.0342455 -0.501149
-0.00763208 -0.0342455 -0.501149
-0.00690986 -0.0342455 -0.501148
-0.0083543 -0.0349677 -0.501149
-0.00763208 -0.0349677 -0.501149
-0.00690986 -0.0349677 -0.501148
-0.0083543 -0.0356899 -0.501149
-0.00763208 -0.0356899 -0.501149
-0.00690986 -0.0356899 -0.501148
-0.0083543 -0.0364121 -0.501149
-0.00763208 -0.0364121 -0.501149
-0.00690986 -0.0364121 -0.501148
-0.0083543 -0.0371343 -0.501149
-0.00763208 -0.0371343 -0.501149
-0.00690986 -0.0371343 -0.501149
-0.0083543 -0.0378565 -0.501149
-0.00763208 -0.0378565 -0.501149
-0.00690986 -0.0378565 -0.501149
-0.0083543 -0.0385788 -0.50115
-0.00763208 -0.0385788 -0.501149
-0.00690986 -0.0385788 -0.501149
-0.0083543 -0.039301 -0.50115
-0.00763208 -0.039301 -0.501149
-0.00690986 -0.039301 -0.501149
-0.0083543 -0.0400232 -0.50115
-0.00763208 -0.0400232 -0.501149
-0.00690986 -0.0400232 -0.501149
-0.0083543 -0.0407454 -0.50115
-0.00763208 -0.0407454 -0.501149
-0.00690986 -0.0407454 -0.501149
-0.0083543 -0.0414676 -0.50115
-0.00763208 -0.0414676 -0.50115
-0.00690986 -0.0414676 -0.501149
-0.0083543 -0.0421899 -0.50115
-0.00763208 -0.0421899 -0.50115
-0.00690986 -0.0421899 -0.501149
-0.0083543 -0.0429121 -0.50115
-0.00763208 -0.0429121 -0.50115
-0.00690986 -0.0429121 -0.501149
-0.0083543 -0.0436343 -0.50115
-0.00763208 -0.0436343 -0.50115
-0.00690986 -0.0436343 -0.501149
-0.0083543 -0.0443565 -0.50115
-0.00763208 -0.0443565 -0.50115
-0.00690986 -0.0443565 -0.50115
-0.0083543 -0.0450787 -0.501151
-0.00763208 -0.0450787 -0.50115
-0.00690986 -0.0450787 -0.50115
-0.0083543 -0.045801 -0.501151
-0.00763208 -0.045801 -0.50115
-0.00690986 -0.045801 -0.50115
-0.0083543 -0.0465232 -0.501151
-0.00763208 -0.0465232 -0.50115
-0.00690986 -0.0465232 -0.50115
-0.0083543 -0.0472454 -0.501151
-0.00763208 -0.0472454 -0.50115
-0.00690986 -0.0472454 -0.50115
-0.0083543 -0.0479676 -0.501151
-0.00763208 -0.0479676 -0.501151
-0.00690986 -0.0479676 -0.50115
-0.0083543 -0.0486898 -0.501151
-0.00763208 -0.0486898 -0.501151
-0.00690986 -0.0486898 -0.50115
-0.0083543 -0.049412 -0.501151
-0.00763208 -0.049412 -0.501151
-0.00690986 -0.049412 -0.50115
-0.0083543 -0.0501343 -0.501151
-0.00763208 -0.0501343 -0.501151
-0.00690986 -0.0501343 -0.50115
