-0.0045983 -0.0581012 -0.441246
-0.00519732 -0.0581012 -0.441246
-0.00579635 -0.0581012 -0.441245
-0.0045983 -0.0575022 -0.441246
-0.00519732 -0.0575022 -0.441246
-0.00579635 -0.0575022 -0.441245
-0.0045983 -0.0569032 -0.441247
-0.00519732 -0.0569032 -0.441246
-0.00579635 -0.0569032 -0.441246
-0.0045983 -0.0563042 -0.441247
-0.00519732 -0.0563042 -0.441246
-0.00579635 -0.0563042 -0.441246
-0.0045983 -0.0557051 -0.441247
-0.00519732 -0.0557051 -0.441246
-0.00579635 -0.0557051 -0.441246
-0.0045983 -0.0551061 -0.441247
-0.00519732 -0.0551061 -0.441247
-0.00579635 -0.0551061 -0.441246
-0.0045983 -0.0545071 -0.441247
-0.00519732 -0.0545071 -0.441247
-0.00579635 -0.0545071 -0.441246
-0.0045983 -0.0539081 -0.441247
-0.00519732 -0.0539081 -0.441247
-0.00579635 -0.0539081 -0.441246
-0.0045983 -0.053309 -0.441247
-0.00519732 -0.053309 -0.441247
-0.00579635 -0.053309 -0.441246
-0.0045983 -0.05271 -0.441248
-0.00519732 -0.05271 -0.441247
-0.00579635 -0.05271 -0.441247
-0.0045983 -0.052111 -0.441248
-0.00519732 -0.052111 -0.441247
-0.00579635 -0.052111 -0.441247
-0.0045983 -0.051512 -0.441248
-0.00519732 -0.051512 -0.441247
-0.00579635 -0.051512 -0.441247
-0.0045983 -0.0509129 -0.441248
-0.00519732 -0.0509129 -0.441248
-0.00579635 -0.0509129 -0.441247
-0.0045983 -0.0503139 -0.441248
-0.00519732 -0.0503139 -0.441248
-0.00579635 -0.0503139 -0.441247
-0.0045983 -0.0497149 -0.441248
-0.00519732 -0.0497149 -0.441248
-0.00579635 -0.0497149 -0.441247
-0.0045983 -0.0491159 -0.441248
-0.00519732 -0.0491159 -0.441248
-0.00579635 -0.0491159 -0.441247
-0.0045983 -0.0485168 -0.441249
-0.00519732 -0.0485168 -0.441248
-0.00579635 -0.0485168 -0.441248
-0.0045983 -0.0479178 -0.441249
-0.00519732 -0.0479178 -0.441248
-0.00579635 -0.0479178 -0.441248
-0.0045983 -0.0473188 -0.441249
-0.00519732 -0.0473188 -0.441248
-0.00579635 -0.0473188 -0.441248
-0.0045983 -0.0467198 -0.441249
-0.00519732 -0.0467198 -0.441249
-0.00579635 -0.0467198 -0.441248
-0.0045983 -0.0461207 -0.441249
-0.00519732 -0.0461207 -0.441249
-0.00579635 -0.0461207 -0.441248
-0.0045983 -0.0455217 -0.441249
-0.00519732 -0.0455217 -0.441249
-0.00579635 -0.0455217 -0.441248
-0.0045983 -0.0449227 -0.441249
-0.00519732 -0.0449227 -0.441249
-0.00579635 -0.0449227 -0.441248
-0.0045983 -0.0443237 -0.44125
-0.00519732 -0.0443237 -0.441249
-0.00579635 -0.0443237 -0.441249
-0.0045983 -0.0437246 -0.44125
-0.00519732 -0.0437246 -0.441249
-0.00579635 -0.0437246 -0.441249
-0.0045983 -0.0431256 -0.44125
-0.00519732 -0.0431256 -0.441249
-0.00579635 -0.0431256 -0.441249
-0.0045983 -0.0425266 -0.44125
-0.00519732 -0.0425266 -0.44125
-0.00579635 -0.0425266 -0.441249
-0.0045983 -0.0419276 -0.44125
-0.00519732 -0.0419276 -0.44125
-0.00579635 -0.0419276 -0.441249
-0.0045983 -0.0413285 -0.44125
-0.00519732 -0.0413285 -0.44125
-0.00579635 -0.0413285 -0.441249
-0.0045983 -0.0407295 -0.44125
-0.00519732 -0.0407295 -0.44125
-0.00579635 -0.0407295 -0.441249
-0.0045983 -0.0401305 -0.441251
-0.00519732 -0.0401305 -0.44125
-0.00579635 -0.0401305 -0.44125
-0.0045983 -0.0395315 -0.441251
-0.00519732 -0.0395315 -0.44125
-0.00579635 -0.0395315 -0.44125
-0.0045983 -0.0389324 -0.441251
-0.00519732 -0.0389324 -0.44125
-0.00579635 -0.0389324 -0.44125
-0.0045983 -0.0383334 -0.441251
-0.00519732 -0.0383334 -0.441251
-0.00579635 -0.0383334 -0.44125
-0.0045983 -0.0377344 -0.441251
-0.00519732 -0.0377344 -0.441251
-0.00579635 -0.0377344 -0.44125
-0.0045983 -0.0371354 -0.441251
-0.00519732 -0.0371354 -0.441251
-0.00579635 -0.0371354 -0.44125
-0.0045983 -0.0365363 -0.441251
-0.00519732 -0.0365363 -0.441251
-0.00579635 -0.0365363 -0.44125
-0.0045983 -0.0359373 -0.441252
-0.00519732 -0.0359373 -0.441251
-0.00579635 -0.0359373 -0.441251
-0.0045983 -0.0353383 -0.441252
-0.00519732 -0.0353383 -0.441251
-0.00579635 -0.0353383 -0.441251
-0.0045983 -0.0347393 -0.441252
-0.00519732 -0.0347393 -0.441251
-0.00579635 -0.0347393 -0.441251
-0.0045983 -0.0341402 -0.441252
-0.00519732 -0.0341402 -0.441251
-0.00579635 -0.0341402 -0.441251
-0.0045983 -0.0335412 -0.441252
-0.00519732 -0.0335412 -0.441252
-0.00579635 -0.0335412 -0.441251
-0.0045983 -0.0329422 -0.441252
-0.00519732 -0.0329422 -0.441252
-0.00579635 -0.0329422 -0.441251
-0.0045983 -0.0323432 -0.441252
-0.00519732 -0.0323432 -0.441252
-0.00579635 -0.0323432 -0.441251
-0.0045983 -0.0317441 -0.441253
-0.00519732 -0.0317441 -0.441252
-0.00579635 -0.0317441 -0.441252
-0.0045983 -0.0311451 -0.441253
-0.00519732 -0.0311451 -0.441252
-0.00579635 -0.0311451 -0.441252
-0.0045983 -0.0305461 -0.441253
-0.00519732 -0.0305461 -0.441252
-0.00579635 -0.0305461 -0.441252
-0.0045983 -0.0299471 -0.441253
-0.00519732 -0.0299471 -0.441252
-0.00579635 -0.0299471 -0.441252
-0.0045983 -0.029348 -0.441253
-0.00519732 -0.029348 -0.441253
-0.00579635 -0.029348 -0.441252
-0.0045983 -0.028749 -0.441253
-0.00519732 -0.028749 -0.441253
-0.00579635 -0.028749 -0.441252
-0.0045983 -0.02815 -0.441253
-0.00519732 -0.02815 -0.441253
-0.00579635 -0.02815 -0.441252
-0.0045983 -0.027551 -0.441254
-0.00519732 -0.027551 -0.441253
-0.00579635 -0.027551 -0.441253
-0.0045983 -0.026952 -0.441254
-0.00519732 -0.026952 -0.441253
-0.00579635 -0.026952 -0.441253
-0.0045983 -0.0263529 -0.441254
-0.00519732 -0.0263529 -0.441253
-0.00579635 -0.0263529 -0.441253
-0.0045983 -0.0257539 -0.441254
-0.00519732 -0.0257539 -0.441253
-0.00579635 -0.0257539 -0.441253
-0.0045983 -0.0251549 -0.441254
-0.00519732 -0.0251549 -0.441254
-0.00579635 -0.0251549 -0.441253
-0.0045983 -0.0245559 -0.441254
-0.00519732 -0.0245559 -0.441254
-0.00579635 -0.0245559 -0.441253
-0.0045983 -0.0239568 -0.441254
-0.00519732 -0.0239568 -0.441254
-0.00579635 -0.0239568 -0.441253
-0.0045983 -0.0233578 -0.441255
-0.00519732 -0.0233578 -0.441254
-0.00579635 -0.0233578 -0.441254
-0.0045983 -0.0227588 -0.441255
-0.00519732 -0.0227588 -0.441254
-0.00579635 -0.0227588 -0.441254
-0.0045983 -0.0221598 -0.441255
-0.00519732 -0.0221598 -0.441254
-0.00579635 -0.0221598 -0.441254
-0.0045983 -0.0215607 -0.441255
-0.00519732 -0.0215607 -0.441254
-0.00579635 -0.0215607 -0.441254
-0.0045983 -0.0209617 -0.441255
-0.00519732 -0.0209617 -0.441255
-0.00579635 -0.0209617 -0.441254
-0.0045983 -0.0203627 -0.441255
-0.00519732 -0.0203627 -0.441255
-0.00579635 -0.0203627 -0.441254
-0.0045983 -0.0197637 -0.441255
-0.00519732 -0.0197637 -0.441255
-0.00579635 -0.0197637 -0.441254
-0.0045983 -0.0191646 -0.441256
-0.00519732 -0.0191646 -0.441255
-0.00579635 -0.0191646 -0.441255
-0.0045983 -0.0185656 -0.441256
-0.00519732 -0.0185656 -0.441255
-0.00579635 -0.0185656 -0.441255
-0.0045983 -0.0179666 -0.441256
-0.00519732 -0.0179666 -0.441255
-0.00579635 -0.0179666 -0.441255
-0.0045983 -0.0173676 -0.441256
-0.00519732 -0.0173676 -0.441255
-0.00579635 -0.0173676 -0.441255
-0.0045983 -0.0167685 -0.441256
-0.00519732 -0.0167685 -0.441256
-0.00579635 -0.0167685 -0.441255
-0.0045983 -0.0161695 -0.441256
-0.00519732 -0.0161695 -0.441256
-0.00579635 -0.0161695 -0.441255
-0.0045983 -0.0155705 -0.441256
-0.00519732 -0.0155705 -0.441256
-0.00579635 -0.0155705 -0.441255
-0.0045983 -0.0149715 -0.441257
-0.00519732 -0.0149715 -0.441256
-0.00579635 -0.0149715 -0.441256
-0.0045983 -0.0143724 -0.441257
-0.00519732 -0.0143724 -0.441256
-0.00579635 -0.0143724 -0.441256
-0.0045983 -0.0137734 -0.441257
-0.00519732 -0.0137734 -0.441256
-0.00579635 -0.0137734 -0.441256
-0.0045983 -0.0131744 -0.441257
-0.00519732 -0.0131744 -0.441256
-0.00579635 -0.0131744 -0.441256
-0.0045983 -0.0125754 -0.441257
-0.00519732 -0.0125754 -0.441257
-0.00579635 -0.0125754 -0.441256
-0.0045983 -0.0119763 -0.441257
-0.00519732 -0.0119763 -0.441257
-0.00579635 -0.0119763 -0.441256
-0.0045983 -0.0113773 -0.441257
-0.00519732 -0.0113773 -0.441257
-0.00579635 -0.0113773 -0.441256
-0.0045983 -0.0107783 -0.441258
-0.00519732 -0.0107783 -0.441257
-0.00579635 -0.0107783 -0.441257
-0.0045983 -0.0101793 -0.441258
-0.00519732 -0.0101793 -0.441257
-0.00579635 -0.0101793 -0.441257
-0.0045983 -0.00958023 -0.441258
-0.00519732 -0.00958023 -0.441257
-0.00579635 -0.00958023 -0.441257
-0.0045983 -0.00898121 -0.441258
-0.00519732 -0.00898121 -0.441257
-0.00579635 -0.00898121 -0.441257
-0.0045983 -0.00838218 -0.441258
-0.00519732 -0.00838218 -0.441258
-0.00579635 -0.00838218 -0.441257
-0.0045983 -0.00778316 -0.441258
-0.00519732 -0.00778316 -0.441258
-0.00579635 -0.00778316 -0.441257
-0.0045983 -0.00718413 -0.441258
-0.00519732 -0.00718413 -0.441258
-0.00579635 -0.00718413 -0.441257
-0.0045983 -0.00658511 -0.441259
-0.00519732 -0.00658511 -0.441258
-0.00579635 -0.00658511 -0.441258
-0.0045983 -0.00598608 -0.441259
-0.00519732 -0.00598608 -0.441258
-0.00579635 -0.00598608 -0.441258
-0.0045983 -0.00538706 -0.441259
-0.00519732 -0.00538706 -0.441258
-0.00579635 -0.00538706 -0.441258
-0.0045983 -0.00478803 -0.441259
-0.00519732 -0.00478803 -0.441258
-0.00579635 -0.00478803 -0.441258
-0.0045983 -0.00418901 -0.441259
-0.00519732 -0.00418901 -0.441259
-0.00579635 -0.00418901 -0.441258
-0.0045983 -0.00358998 -0.441259
-0.00519732 -0.00358998 -0.441259
-0.00579635 -0.00358998 -0.441258
-0.0045983 -0.00299096 -0.441259
-0.00519732 -0.00299096 -0.441259
-0.00579635 -0.00299096 -0.441258
-0.0045983 -0.00239194 -0.44126
-0.00519732 -0.00239194 -0.441259
-0.00579635 -0.00239194 -0.441259
-0.0045983 -0.00179291 -0.44126
-0.00519732 -0.00179291 -0.441259
-0.00579635 -0.00179291 -0.441259
-0.0045983 -0.00119389 -0.44126
-0.00519732 -0.00119389 -0.441259
-0.00579635 -0.00119389 -0.441259
-0.0045983 -0.000594861 -0.44126
-0.00519732 -0.000594861 -0.441259
-0.00579635 -0.000594861 -0.441259
-0.0045983 4.16403e-06 -0.44126
-0.00519732 4.16403e-06 -0.44126
-0.00579635 4.16403e-06 -0.441259
-0.0045983 0.000603189 -0.44126
-0.00519732 0.000603189 -0.44126
-0.00579635 0.000603189 -0.441259
-0.0045983 0.00120221 -0.44126
-0.00519732 0.00120221 -0.44126
-0.00579635 0.00120221 -0.441259
-0.0045983 0.00180124 -0.441261
-0.00519732 0.00180124 -0.44126
-0.00579635 0.00180124 -0.44126
-0.0045983 0.00240026 -0.441261
-0.00519732 0.00240026 -0.44126
-0.00579635 0.00240026 -0.44126
-0.0045983 0.00299929 -0.441261
-0.00519732 0.00299929 -0.44126
-0.00579635 0.00299929 -0.44126
-0.0045983 0.00359831 -0.441261
-0.00519732 0.00359831 -0.44126
-0.00579635 0.00359831 -0.44126
-0.0045983 0.00419734 -0.441261
-0.00519732 0.00419734 -0.441261
-0.00579635 0.00419734 -0.44126
-0.0045983 0.00479636 -0.441261
-0.00519732 0.00479636 -0.441261
-0.00579635 0.00479636 -0.44126
-0.0045983 0.00539539 -0.441261
-0.00519732 0.00539539 -0.441261
-0.00579635 0.00539539 -0.44126
-0.0045983 0.00599441 -0.441262
-0.00519732 0.00599441 -0.441261
-0.00579635 0.00599441 -0.44126
-0.0045983 0.00659344 -0.441262
-0.00519732 0.00659344 -0.441261
-0.00579635 0.00659344 -0.441261
-0.0045983 0.00719246 -0.441262
-0.00519732 0.00719246 -0.441261
-0.00579635 0.00719246 -0.441261
-0.0045983 0.00779149 -0.441262
-0.00519732 0.00779149 -0.441261
-0.00579635 0.00779149 -0.441261
