-0.00491641 -0.00564954 -0.601835
-0.00497251 -0.00564954 -0.601834
-0.00502861 -0.00564954 -0.601833
-0.00491641 -0.00559344 -0.601835
-0.00497251 -0.00559344 -0.601834
-0.00502861 -0.00559344 -0.601833
-0.00491641 -0.00553734 -0.601835
-0.00497251 -0.00553734 -0.601834
-0.00502861 -0.00553734 -0.601833
-0.00491641 -0.00548124 -0.601835
-0.00497251 -0.00548124 -0.601834
-0.00502861 -0.00548124 -0.601833
-0.00491641 -0.00542515 -0.601835
-0.00497251 -0.00542515 -0.601834
-0.00502861 -0.00542515 -0.601834
-0.00491641 -0.00536905 -0.601836
-0.00497251 -0.00536905 -0.601835
-0.00502861 -0.00536905 -0.601834
-0.00491641 -0.00531295 -0.601836
-0.00497251 -0.00531295 -0.601835
-0.00502861 -0.00531295 -0.601834
-0.00491641 -0.00525686 -0.601836
-0.00497251 -0.00525686 -0.601835
-0.00502861 -0.00525686 -0.601834
-0.00491641 -0.00520076 -0.601836
-0.00497251 -0.00520076 -0.601835
-0.00502861 -0.00520076 -0.601834
-0.00491641 -0.00514466 -0.601836
-0.00497251 -0.00514466 -0.601835
-0.00502861 -0.00514466 -0.601834
-0.00491641 -0.00508857 -0.601836
-0.00497251 -0.00508857 -0.601835
-0.00502861 -0.00508857 -0.601834
-0.00491641 -0.00503247 -0.601836
-0.00497251 -0.00503247 -0.601835
-0.00502861 -0.00503247 -0.601834
-0.00491641 -0.00497637 -0.601836
-0.00497251 -0.00497637 -0.601835
-0.00502861 -0.00497637 -0.601834
-0.00491641 -0.00492027 -0.601836
-0.00497251 -0.00492027 -0.601835
-0.00502861 -0.00492027 -0.601834
-0.00491641 -0.00486418 -0.601836
-0.00497251 -0.00486418 -0.601835
-0.00502861 -0.00486418 -0.601834
-0.00491641 -0.00480808 -0.601836
-0.00497251 -0.00480808 -0.601835
-0.00502861 -0.00480808 -0.601834
-0.00491641 -0.00475198 -0.601836
-0.00497251 -0.00475198 -0.601835
-0.00502861 -0.00475198 -0.601834
-0.00491641 -0.00469589 -0.601836
-0.00497251 -0.00469589 -0.601835
-0.00502861 -0.00469589 -0.601834
-0.00491641 -0.00463979 -0.601836
-0.00497251 -0.00463979 -0.601835
-0.00502861 -0.00463979 -0.601834
-0.00491641 -0.00458369 -0.601837
-0.00497251 -0.00458369 -0.601836
-0.00502861 -0.00458369 -0.601835
-0.00491641 -0.00452759 -0.601837
-0.00497251 -0.00452759 -0.601836
-0.00502861 -0.00452759 -0.601835
-0.00491641 -0.0044715 -0.601837
-0.00497251 -0.0044715 -0.601836
-0.00502861 -0.0044715 -0.601835
-0.00491641 -0.0044154 -0.601837
-0.00497251 -0.0044154 -0.601836
-0.00502861 -0.0044154 -0.601835
-0.00491641 -0.0043593 -0.601837
-0.00497251 -0.0043593 -0.601836
-0.00502861 -0.0043593 -0.601835
-0.00491641 -0.00430321 -0.601837
-0.00497251 -0.00430321 -0.601836
-0.00502861 -0.00430321 -0.601835
-0.00491641 -0.00424711 -0.601837
-0.00497251 -0.00424711 -0.601836
-0.00502861 -0.00424711 -0.601835
-0.00491641 -0.00419101 -0.601837
-0.00497251 -0.00419101 -0.601836
-0.00502861 -0.00419101 -0.601835
-0.00491641 -0.00413492 -0.601837
-0.00497251 -0.00413492 -0.601836
-0.00502861 -0.00413492 -0.601835
-0.00491641 -0.00407882 -0.601837
-0.00497251 -0.00407882 -0.601836
-0.00502861 -0.00407882 -0.601835
-0.00491641 -0.00402272 -0.601837
-0.00497251 -0.00402272 -0.601836
-0.00502861 -0.00402272 -0.601835
-0.00491641 -0.00396662 -0.601837
-0.00497251 -0.00396662 -0.601836
-0.00502861 -0.00396662 -0.601835
-0.00491641 -0.00391053 -0.601837
-0.00497251 -0.00391053 -0.601836
-0.00502861 -0.00391053 -0.601835
-0.00491641 -0.00385443 -0.601837
-0.00497251 -0.00385443 -0.601836
-0.00502861 -0.00385443 -0.601835
-0.00491641 -0.00379833 -0.601838
-0.00497251 -0.00379833 -0.601837
-0.00502861 -0.00379833 -0.601835
-0.00491641 -0.00374224 -0.601838
-0.00497251 -0.00374224 -0.601837
-0.00502861 -0.00374224 -0.601836
-0.00491641 -0.00368614 -0.601838
-0.00497251 -0.00368614 -0.601837
-0.00502861 -0.00368614 -0.601836
-0.00491641 -0.00363004 -0.601838
-0.00497251 -0.00363004 -0.601837
-0.00502861 -0.00363004 -0.601836
-0.00491641 -0.00357395 -0.601838
-0.00497251 -0.00357395 -0.601837
-0.00502861 -0.00357395 -0.601836
-0.00491641 -0.00351785 -0.601838
-0.00497251 -0.00351785 -0.601837
-0.00502861 -0.00351785 -0.601836
-0.00491641 -0.00346175 -0.601838
-0.00497251 -0.00346175 -0.601837
-0.00502861 -0.00346175 -0.601836
-0.00491641 -0.00340565 -0.601838
-0.00497251 -0.00340565 -0.601837
-0.00502861 -0.00340565 -0.601836
-0.00491641 -0.00334956 -0.601838
-0.00497251 -0.00334956 -0.601837
-0.00502861 -0.00334956 -0.601836
-0.00491641 -0.00329346 -0.601838
-0.00497251 -0.00329346 -0.601837
-0.00502861 -0.00329346 -0.601836
-0.00491641 -0.00323736 -0.601838
-0.00497251 -0.00323736 -0.601837
-0.00502861 -0.00323736 -0.601836
-0.00491641 -0.00318127 -0.601838
-0.00497251 -0.00318127 -0.601837
-0.00502861 -0.00318127 -0.601836
-0.00491641 -0.00312517 -0.601838
-0.00497251 -0.00312517 -0.601837
-0.00502861 -0.00312517 -0.601836
-0.00491641 -0.00306907 -0.601838
-0.00497251 -0.00306907 -0.601837
-0.00502861 -0.00306907 -0.601836
-0.00491641 -0.00301297 -0.601838
-0.00497251 -0.00301297 -0.601838
-0.00502861 -0.00301297 -0.601837
-0.00491641 -0.00295688 -0.601839
-0.00497251 -0.00295688 -0.601838
-0.00502861 -0.00295688 -0.601837
-0.00491641 -0.00290078 -0.601839
-0.00497251 -0.00290078 -0.601838
-0.00502861 -0.00290078 -0.601837
-0.00491641 -0.00284468 -0.601839
-0.00497251 -0.00284468 -0.601838
-0.00502861 -0.00284468 -0.601837
-0.00491641 -0.00278859 -0.601839
-0.00497251 -0.00278859 -0.601838
-0.00502861 -0.00278859 -0.601837
-0.00491641 -0.00273249 -0.601839
-0.00497251 -0.00273249 -0.601838
-0.00502861 -0.00273249 -0.601837
-0.00491641 -0.00267639 -0.601839
-0.00497251 -0.00267639 -0.601838
-0.00502861 -0.00267639 -0.601837
-0.00491641 -0.0026203 -0.601839
-0.00497251 -0.0026203 -0.601838
-0.00502861 -0.0026203 -0.601837
-0.00491641 -0.0025642 -0.601839
-0.00497251 -0.0025642 -0.601838
-0.00502861 -0.0025642 -0.601837
-0.00491641 -0.0025081 -0.601839
-0.00497251 -0.0025081 -0.601838
-0.00502861 -0.0025081 -0.601837
-0.00491641 -0.002452 -0.601839
-0.00497251 -0.002452 -0.601838
-0.00502861 -0.002452 -0.601837
-0.00491641 -0.00239591 -0.601839
-0.00497251 -0.00239591 -0.601838
-0.00502861 -0.00239591 -0.601837
-0.00491641 -0.00233981 -0.601839
-0.00497251 -0.00233981 -0.601838
-0.00502861 -0.00233981 -0.601837
-0.00491641 -0.00228371 -0.601839
-0.00497251 -0.00228371 -0.601838
-0.00502861 -0.00228371 -0.601837
-0.00491641 -0.00222762 -0.601839
-0.00497251 -0.00222762 -0.601838
-0.00502861 -0.00222762 -0.601837
-0.00491641 -0.00217152 -0.60184
-0.00497251 -0.00217152 -0.601839
-0.00502861 -0.00217152 -0.601838
-0.00491641 -0.00211542 -0.60184
-0.00497251 -0.00211542 -0.601839
-0.00502861 -0.00211542 -0.601838
-0.00491641 -0.00205932 -0.60184
-0.00497251 -0.00205932 -0.601839
-0.00502861 -0.00205932 -0.601838
-0.00491641 -0.00200323 -0.60184
-0.00497251 -0.00200323 -0.601839
-0.00502861 -0.00200323 -0.601838
-0.00491641 -0.00194713 -0.60184
-0.00497251 -0.00194713 -0.601839
-0.00502861 -0.00194713 -0.601838
-0.00491641 -0.00189103 -0.60184
-0.00497251 -0.00189103 -0.601839
-0.00502861 -0.00189103 -0.601838
-0.00491641 -0.00183494 -0.60184
-0.00497251 -0.00183494 -0.601839
-0.00502861 -0.00183494 -0.601838
-0.00491641 -0.00177884 -0.60184
-0.00497251 -0.00177884 -0.601839
-0.00502861 -0.00177884 -0.601838
-0.00491641 -0.00172274 -0.60184
-0.00497251 -0.00172274 -0.601839
-0.00502861 -0.00172274 -0.601838
-0.00491641 -0.00166665 -0.60184
-0.00497251 -0.00166665 -0.601839
-0.00502861 -0.00166665 -0.601838
-0.00491641 -0.00161055 -0.60184
-0.00497251 -0.00161055 -0.601839
-0.00502861 -0.00161055 -0.601838
-0.00491641 -0.00155445 -0.60184
-0.00497251 -0.00155445 -0.601839
-0.00502861 -0.00155445 -0.601838
-0.00491641 -0.00149835 -0.60184
-0.00497251 -0.00149835 -0.601839
-0.00502861 -0.00149835 -0.601838
-0.00491641 -0.00144226 -0.60184
-0.00497251 -0.00144226 -0.601839
-0.00502861 -0.00144226 -0.601838
-0.00491641 -0.00138616 -0.60184
-0.00497251 -0.00138616 -0.60184
-0.00502861 -0.00138616 -0.601839
-0.00491641 -0.00133006 -0.601841
-0.00497251 -0.00133006 -0.60184
-0.00502861 -0.00133006 -0.601839
-0.00491641 -0.00127397 -0.601841
-0.00497251 -0.00127397 -0.60184
-0.00502861 -0.00127397 -0.601839
-0.00491641 -0.00121787 -0.601841
-0.00497251 -0.00121787 -0.60184
-0.00502861 -0.00121787 -0.601839
-0.00491641 -0.00116177 -0.601841
-0.00497251 -0.00116177 -0.60184
-0.00502861 -0.00116177 -0.601839
-0.00491641 -0.00110567 -0.601841
-0.00497251 -0.00110567 -0.60184
-0.00502861 -0.00110567 -0.601839
-0.00491641 -0.00104958 -0.601841
-0.00497251 -0.00104958 -0.60184
-0.00502861 -0.00104958 -0.601839
-0.00491641 -0.000993481 -0.601841
-0.00497251 -0.000993481 -0.60184
-0.00502861 -0.000993481 -0.601839
-0.00491641 -0.000937384 -0.601841
-0.00497251 -0.000937384 -0.60184
-0.00502861 -0.000937384 -0.601839
-0.00491641 -0.000881287 -0.601841
-0.00497251 -0.000881287 -0.60184
-0.00502861 -0.000881287 -0.601839
-0.00491641 -0.000825189 -0.601841
-0.00497251 -0.000825189 -0.60184
-0.00502861 -0.000825189 -0.601839
-0.00491641 -0.000769092 -0.601841
-0.00497251 -0.000769092 -0.60184
-0.00502861 -0.000769092 -0.601839
-0.00491641 -0.000712995 -0.601841
-0.00497251 -0.000712995 -0.60184
-0.00502861 -0.000712995 -0.601839
-0.00491641 -0.000656898 -0.601841
-0.00497251 -0.000656898 -0.60184
-0.00502861 -0.000656898 -0.601839
-0.00491641 -0.000600801 -0.601842
-0.00497251 -0.000600801 -0.60184
-0.00502861 -0.000600801 -0.601839
-0.00491641 -0.000544704 -0.601842
-0.00497251 -0.000544704 -0.601841
-0.00502861 -0.000544704 -0.60184
-0.00491641 -0.000488607 -0.601842
-0.00497251 -0.000488607 -0.601841
-0.00502861 -0.000488607 -0.60184
-0.00491641 -0.00043251 -0.601842
-0.00497251 -0.00043251 -0.601841
-0.00502861 -0.00043251 -0.60184
-0.00491641 -0.000376413 -0.601842
-0.00497251 -0.000376413 -0.601841
-0.00502861 -0.000376413 -0.60184
-0.00491641 -0.000320316 -0.601842
-0.00497251 -0.000320316 -0.601841
-0.00502861 -0.000320316 -0.60184
-0.00491641 -0.000264219 -0.601842
-0.00497251 -0.000264219 -0.601841
-0.00502861 -0.000264219 -0.60184
-0.00491641 -0.000208122 -0.601842
-0.00497251 -0.000208122 -0.601841
-0.00502861 -0.000208122 -0.60184
-0.00491641 -0.000152025 -0.601842
-0.00497251 -0.000152025 -0.601841
-0.00502861 -0.000152025 -0.60184
-0.00491641 -9.59278e-05 -0.601842
-0.00497251 -9.59278e-05 -0.601841
-0.00502861 -9.59278e-05 -0.60184
-0.00491641 -3.98307e-05 -0.601842
-0.00497251 -3.98307e-05 -0.601841
-0.00502861 -3.98307e-05 -0.60184
-0.00491641 1.62663e-05 -0.601842
-0.00497251 1.62663e-05 -0.601841
-0.00502861 1.62663e-05 -0.60184
-0.00491641 7.23634e-05 -0.601842
-0.00497251 7.23634e-05 -0.601841
-0.00502861 7.23634e-05 -0.60184
-0.00491641 0.00012846 -0.601842
-0.00497251 0.00012846 -0.601841
-0.00502861 0.00012846 -0.60184
-0.00491641 0.000184557 -0.601842
-0.00497251 0.000184557 -0.601841
-0.00502861 0.000184557 -0.60184
-0.00491641 0.000240655 -0.601843
-0.00497251 0.000240655 -0.601842
-0.00502861 0.000240655 -0.601841
-0.00491641 0.000296752 -0.601843
-0.00497251 0.000296752 -0.601842
-0.00502861 0.000296752 -0.601841
-0.00491641 0.000352849 -0.601843
-0.00497251 0.000352849 -0.601842
-0.00502861 0.000352849 -0.601841
-0.00491641 0.000408946 -0.601843
-0.00497251 0.000408946 -0.601842
-0.00502861 0.000408946 -0.601841
-0.00491641 0.000465043 -0.601843
-0.00497251 0.000465043 -0.601842
-0.00502861 0.000465043 -0.601841
-0.00491641 0.00052114 -0.601843
-0.00497251 0.00052114 -0.601842
-0.00502861 0.00052114 -0.601841
