-0.00756262 -0.0552705 -0.468769
-0.00874465 -0.0552705 -0.468769
-0.00992669 -0.0552705 -0.468768
-0.00756262 -0.0540885 -0.46877
-0.00874465 -0.0540885 -0.468769
-0.00992669 -0.0540885 -0.468769
-0.00756262 -0.0529064 -0.46877
-0.00874465 -0.0529064 -0.46877
-0.00992669 -0.0529064 -0.46877
-0.00756262 -0.0517244 -0.468771
-0.00874465 -0.0517244 -0.468771
-0.00992669 -0.0517244 -0.468771
-0.00756262 -0.0505424 -0.468772
-0.00874465 -0.0505424 -0.468772
-0.00992669 -0.0505424 -0.468772
-0.00756262 -0.0493603 -0.468773
-0.00874465 -0.0493603 -0.468773
-0.00992669 -0.0493603 -0.468772
-0.00756262 -0.0481783 -0.468774
-0.00874465 -0.0481783 -0.468773
-0.00992669 -0.0481783 -0.468773
-0.00756262 -0.0469962 -0.468774
-0.00874465 -0.0469962 -0.468774
-0.00992669 -0.0469962 -0.468774
-0.00756262 -0.0458142 -0.468775
-0.00874465 -0.0458142 -0.468775
-0.00992669 -0.0458142 -0.468775
-0.00756262 -0.0446322 -0.468776
-0.00874465 -0.0446322 -0.468776
-0.00992669 -0.0446322 -0.468776
-0.00756262 -0.0434501 -0.468777
-0.00874465 -0.0434501 -0.468777
-0.00992669 -0.0434501 -0.468776
-0.00756262 -0.0422681 -0.468778
-0.00874465 -0.0422681 -0.468777
-0.00992669 -0.0422681 -0.468777
-0.00756262 -0.0410861 -0.468778
-0.00874465 -0.0410861 -0.468778
-0.00992669 -0.0410861 -0.468778
-0.00756262 -0.039904 -0.468779
-0.00874465 -0.039904 -0.468779
-0.00992669 -0.039904 -0.468779
-0.00756262 -0.038722 -0.46878
-0.00874465 -0.038722 -0.46878
-0.00992669 -0.038722 -0.46878
-0.00756262 -0.0375399 -0.468781
-0.00874465 -0.0375399 -0.468781
-0.00992669 -0.0375399 -0.46878
-0.00756262 -0.0363579 -0.468782
-0.00874465 -0.0363579 -0.468781
-0.00992669 -0.0363579 -0.468781
-0.00756262 -0.0351759 -0.468782
-0.00874465 -0.0351759 -0.468782
-0.00992669 -0.0351759 -0.468782
-0.00756262 -0.0339938 -0.468783
-0.00874465 -0.0339938 -0.468783
-0.00992669 -0.0339938 -0.468783
-0.00756262 -0.0328118 -0.468784
-0.00874465 -0.0328118 -0.468784
-0.00992669 -0.0328118 -0.468784
-0.00756262 -0.0316297 -0.468785
-0.00874465 -0.0316297 -0.468785
-0.00992669 -0.0316297 -0.468784
-0.00756262 -0.0304477 -0.468786
-0.00874465 -0.0304477 -0.468785
-0.00992669 -0.0304477 -0.468785
-0.00756262 -0.0292657 -0.468786
-0.00874465 -0.0292657 -0.468786
-0.00992669 -0.0292657 -0.468786
-0.00756262 -0.0280836 -0.468787
-0.00874465 -0.0280836 -0.468787
-0.00992669 -0.0280836 -0.468787
-0.00756262 -0.0269016 -0.468788
-0.00874465 -0.0269016 -0.468788
-0.00992669 -0.0269016 -0.468787
-0.00756262 -0.0257196 -0.468789
-0.00874465 -0.0257196 -0.468789
-0.00992669 -0.0257196 -0.468788
-0.00756262 -0.0245375 -0.46879
-0.00874465 -0.0245375 -0.468789
-0.00992669 -0.0245375 -0.468789
-0.00756262 -0.0233555 -0.46879
-0.00874465 -0.0233555 -0.46879
-0.00992669 -0.0233555 -0.46879
-0.00756262 -0.0221734 -0.468791
-0.00874465 -0.0221734 -0.468791
-0.00992669 -0.0221734 -0.468791
-0.00756262 -0.0209914 -0.468792
-0.00874465 -0.0209914 -0.468792
-0.00992669 -0.0209914 -0.468791
-0.00756262 -0.0198094 -0.468793
-0.00874465 -0.0198094 -0.468792
-0.00992669 -0.0198094 -0.468792
-0.00756262 -0.0186273 -0.468794
-0.00874465 -0.0186273 -0.468793
-0.00992669 -0.0186273 -0.468793
-0.00756262 -0.0174453 -0.468794
-0.00874465 -0.0174453 -0.468794
-0.00992669 -0.0174453 -0.468794
-0.00756262 -0.0162633 -0.468795
-0.00874465 -0.0162633 -0.468795
-0.00992669 -0.0162633 -0.468795
-0.00756262 -0.0150812 -0.468796
-0.00874465 -0.0150812 -0.468796
-0.00992669 -0.0150812 -0.468795
-0.00756262 -0.0138992 -0.468797
-0.00874465 -0.0138992 -0.468796
-0.00992669 -0.0138992 -0.468796
-0.00756262 -0.0127171 -0.468798
-0.00874465 -0.0127171 -0.468797
-0.00992669 -0.0127171 -0.468797
-0.00756262 -0.0115351 -0.468798
-0.00874465 -0.0115351 -0.468798
-0.00992669 -0.0115351 -0.468798
-0.00756262 -0.0103531 -0.468799
-0.00874465 -0.0103531 -0.468799
-0.00992669 -0.0103531 -0.468799
-0.00756262 -0.00917102 -0.4688
-0.00874465 -0.00917102 -0.4688
-0.00992669 -0.00917102 -0.468799
-0.00756262 -0.00798898 -0.468801
-0.00874465 -0.00798898 -0.4688
-0.00992669 -0.00798898 -0.4688
-0.00756262 -0.00680694 -0.468801
-0.00874465 -0.00680694 -0.468801
-0.00992669 -0.00680694 -0.468801
-0.00756262 -0.00562491 -0.468802
-0.00874465 -0.00562491 -0.468802
-0.00992669 -0.00562491 -0.468802
-0.00756262 -0.00444287 -0.468803
-0.00874465 -0.00444287 -0.468803
-0.00992669 -0.00444287 -0.468803
-0.00756262 -0.00326083 -0.468804
-0.00874465 -0.00326083 -0.468804
-0.00992669 -0.00326083 -0.468803
-0.00756262 -0.00207879 -0.468805
-0.00874465 -0.00207879 -0.468804
-0.00992669 -0.00207879 -0.468804
-0.00756262 -0.000896754 -0.468805
-0.00874465 -0.000896754 -0.468805
-0.00992669 -0.000896754 -0.468805
-0.00756262 0.000285285 -0.468806
-0.00874465 0.000285285 -0.468806
-0.00992669 0.000285285 -0.468806
-0.00756262 0.00146732 -0.468807
-0.00874465 0.00146732 -0.468807
-0.00992669 0.00146732 -0.468807
-0.00756262 0.00264936 -0.468808
-0.00874465 0.00264936 -0.468808
-0.00992669 0.00264936 -0.468807
-0.00756262 0.0038314 -0.468809
-0.00874465 0.0038314 -0.468808
-0.00992669 0.0038314 -0.468808
-0.00756262 0.00501344 -0.468809
-0.00874465 0.00501344 -0.468809
-0.00992669 0.00501344 -0.468809
-0.00756262 0.00619548 -0.46881
-0.00874465 0.00619548 -0.46881
-0.00992669 0.00619548 -0.46881
-0.00756262 0.00737751 -0.468811
-0.00874465 0.00737751 -0.468811
-0.00992669 0.00737751 -0.468811
-0.00756262 0.00855955 -0.468812
-0.00874465 0.00855955 -0.468812
-0.00992669 0.00855955 -0.468811
-0.00756262 0.00974159 -0.468813
-0.00874465 0.00974159 -0.468812
-0.00992669 0.00974159 -0.468812
-0.00756262 0.0109236 -0.468813
-0.00874465 0.0109236 -0.468813
-0.00992669 0.0109236 -0.468813
-0.00756262 0.0121057 -0.468814
-0.00874465 0.0121057 -0.468814
-0.00992669 0.0121057 -0.468814
-0.00756262 0.0132877 -0.468815
-0.00874465 0.0132877 -0.468815
-0.00992669 0.0132877 -0.468815
-0.00756262 0.0144697 -0.468816
-0.00874465 0.0144697 -0.468816
-0.00992669 0.0144697 -0.468815
-0.00756262 0.0156518 -0.468817
-0.00874465 0.0156518 -0.468816
-0.00992669 0.0156518 -0.468816
-0.00756262 0.0168338 -0.468817
-0.00874465 0.0168338 -0.468817
-0.00992669 0.0168338 -0.468817
-0.00756262 0.0180159 -0.468818
-0.00874465 0.0180159 -0.468818
-0.00992669 0.0180159 -0.468818
-0.00756262 0.0191979 -0.468819
-0.00874465 0.0191979 -0.468819
-0.00992669 0.0191979 -0.468819
-0.00756262 0.0203799 -0.46882
-0.00874465 0.0203799 -0.46882
-0.00992669 0.0203799 -0.468819
-0.00756262 0.021562 -0.468821
-0.00874465 0.021562 -0.46882
-0.00992669 0.021562 -0.46882
-0.00756262 0.022744 -0.468821
-0.00874465 0.022744 -0.468821
-0.00992669 0.022744 -0.468821
-0.00756262 0.023926 -0.468822
-0.00874465 0.023926 -0.468822
-0.00992669 0.023926 -0.468822
-0.00756262 0.0251081 -0.468823
-0.00874465 0.0251081 -0.468823
-0.00992669 0.0251081 -0.468822
-0.00756262 0.0262901 -0.468824
-0.00874465 0.0262901 -0.468824
-0.00992669 0.0262901 -0.468823
-0.00756262 0.0274722 -0.468825
-0.00874465 0.0274722 -0.468824
-0.00992669 0.0274722 -0.468824
-0.00756262 0.0286542 -0.468825
-0.00874465 0.0286542 -0.468825
-0.00992669 0.0286542 -0.468825
-0.00756262 0.0298362 -0.468826
-0.00874465 0.0298362 -0.468826
-0.00992669 0.0298362 -0.468826
-0.00756262 0.0310183 -0.468827
-0.00874465 0.0310183 -0.468827
-0.00992669 0.0310183 -0.468826
-0.00756262 0.0322003 -0.468828
-0.00874465 0.0322003 -0.468827
-0.00992669 0.0322003 -0.468827
-0.00756262 0.0333824 -0.468829
-0.00874465 0.0333824 -0.468828
-0.00992669 0.0333824 -0.468828
-0.00756262 0.0345644 -0.468829
-0.00874465 0.0345644 -0.468829
-0.00992669 0.0345644 -0.468829
-0.00756262 0.0357464 -0.46883
-0.00874465 0.0357464 -0.46883
-0.00992669 0.0357464 -0.46883
-0.00756262 0.0369285 -0.468831
-0.00874465 0.0369285 -0.468831
-0.00992669 0.0369285 -0.46883
-0.00756262 0.0381105 -0.468832
-0.00874465 0.0381105 -0.468831
-0.00992669 0.0381105 -0.468831
-0.00756262 0.0392925 -0.468832
-0.00874465 0.0392925 -0.468832
-0.00992669 0.0392925 -0.468832
-0.00756262 0.0404746 -0.468833
-0.00874465 0.0404746 -0.468833
-0.00992669 0.0404746 -0.468833
-0.00756262 0.0416566 -0.468834
-0.00874465 0.0416566 -0.468834
-0.00992669 0.0416566 -0.468834
-0.00756262 0.0428387 -0.468835
-0.00874465 0.0428387 -0.468835
-0.00992669 0.0428387 -0.468834
-0.00756262 0.0440207 -0.468836
-0.00874465 0.0440207 -0.468835
-0.00992669 0.0440207 -0.468835
-0.00756262 0.0452027 -0.468836
-0.00874465 0.0452027 -0.468836
-0.00992669 0.0452027 -0.468836
-0.00756262 0.0463848 -0.468837
-0.00874465 0.0463848 -0.468837
-0.00992669 0.0463848 -0.468837
-0.00756262 0.0475668 -0.468838
-0.00874465 0.0475668 -0.468838
-0.00992669 0.0475668 -0.468838
-0.00756262 0.0487489 -0.468839
-0.00874465 0.0487489 -0.468839
-0.00992669 0.0487489 -0.468838
-0.00756262 0.0499309 -0.46884
-0.00874465 0.0499309 -0.468839
-0.00992669 0.0499309 -0.468839
-0.00756262 0.0511129 -0.46884
-0.00874465 0.0511129 -0.46884
-0.00992669 0.0511129 -0.46884
-0.00756262 0.052295 -0.468841
-0.00874465 0.052295 -0.468841
-0.00992669 0.052295 -0.468841
-0.00756262 0.053477 -0.468842
-0.00874465 0.053477 -0.468842
-0.00992669 0.053477 -0.468842
-0.00756262 0.054659 -0.468843
-0.00874465 0.054659 -0.468843
-0.00992669 0.054659 -0.468842
-0.00756262 0.0558411 -0.468844
-0.00874465 0.0558411 -0.468843
-0.00992669 0.0558411 -0.468843
-0.00756262 0.0570231 -0.468844
-0.00874465 0.0570231 -0.468844
-0.00992669 0.0570231 -0.468844
-0.00756262 0.0582052 -0.468845
-0.00874465 0.0582052 -0.468845
-0.00992669 0.0582052 -0.468845
-0.00756262 0.0593872 -0.468846
-0.00874465 0.0593872 -0.468846
-0.00992669 0.0593872 -0.468846
-0.00756262 0.0605692 -0.468847
-0.00874465 0.0605692 -0.468847
-0.00992669 0.0605692 -0.468846
-0.00756262 0.0617513 -0.468848
-0.00874465 0.0617513 -0.468847
-0.00992669 0.0617513 -0.468847
-0.00756262 0.0629333 -0.468848
-0.00874465 0.0629333 -0.468848
-0.00992669 0.0629333 -0.468848
-0.00756262 0.0641154 -0.468849
-0.00874465 0.0641154 -0.468849
-0.00992669 0.0641154 -0.468849
-0.00756262 0.0652974 -0.46885
-0.00874465 0.0652974 -0.46885
-0.00992669 0.0652974 -0.46885
-0.00756262 0.0664794 -0.468851
-0.00874465 0.0664794 -0.468851
-0.00992669 0.0664794 -0.46885
-0.00756262 0.0676615 -0.468852
-0.00874465 0.0676615 -0.468851
-0.00992669 0.0676615 -0.468851
-0.00756262 0.0688435 -0.468852
-0.00874465 0.0688435 -0.468852
-0.00992669 0.0688435 -0.468852
-0.00756262 0.0700255 -0.468853
-0.00874465 0.0700255 -0.468853
-0.00992669 0.0700255 -0.468853
-0.00756262 0.0712076 -0.468854
-0.00874465 0.0712076 -0.468854
-0.00992669 0.0712076 -0.468854
-0.00756262 0.0723896 -0.468855
-0.00874465 0.0723896 -0.468855
-0.00992669 0.0723896 -0.468854
-0.00756262 0.0735717 -0.468856
-0.00874465 0.0735717 -0.468855
-0.00992669 0.0735717 -0.468855
-0.00756262 0.0747537 -0.468856
-0.00874465 0.0747537 -0.468856
-0.00992669 0.0747537 -0.468856
