-0.00882619 -0.0186474 -0.579466
-0.0089228 -0.0186474 -0.579465
-0.00901942 -0.0186474 -0.579464
-0.00882619 -0.0185508 -0.579466
-0.0089228 -0.0185508 -0.579465
-0.00901942 -0.0185508 -0.579464
-0.00882619 -0.0184542 -0.579466
-0.0089228 -0.0184542 -0.579465
-0.00901942 -0.0184542 -0.579464
-0.00882619 -0.0183576 -0.579466
-0.0089228 -0.0183576 -0.579465
-0.00901942 -0.0183576 -0.579464
-0.00882619 -0.0182609 -0.579466
-0.0089228 -0.0182609 -0.579465
-0.00901942 -0.0182609 -0.579464
-0.00882619 -0.0181643 -0.579466
-0.0089228 -0.0181643 -0.579465
-0.00901942 -0.0181643 -0.579464
-0.00882619 -0.0180677 -0.579467
-0.0089228 -0.0180677 -0.579465
-0.00901942 -0.0180677 -0.579464
-0.00882619 -0.0179711 -0.579467
-0.0089228 -0.0179711 -0.579466
-0.00901942 -0.0179711 -0.579464
-0.00882619 -0.0178745 -0.579467
-0.0089228 -0.0178745 -0.579466
-0.00901942 -0.0178745 -0.579465
-0.00882619 -0.0177779 -0.579467
-0.0089228 -0.0177779 -0.579466
-0.00901942 -0.0177779 -0.579465
-0.00882619 -0.0176812 -0.579467
-0.0089228 -0.0176812 -0.579466
-0.00901942 -0.0176812 -0.579465
-0.00882619 -0.0175846 -0.579467
-0.0089228 -0.0175846 -0.579466
-0.00901942 -0.0175846 -0.579465
-0.00882619 -0.017488 -0.579467
-0.0089228 -0.017488 -0.579466
-0.00901942 -0.017488 -0.579465
-0.00882619 -0.0173914 -0.579467
-0.0089228 -0.0173914 -0.579466
-0.00901942 -0.0173914 -0.579465
-0.00882619 -0.0172948 -0.579467
-0.0089228 -0.0172948 -0.579466
-0.00901942 -0.0172948 -0.579465
-0.00882619 -0.0171981 -0.579468
-0.0089228 -0.0171981 -0.579466
-0.00901942 -0.0171981 -0.579465
-0.00882619 -0.0171015 -0.579468
-0.0089228 -0.0171015 -0.579467
-0.00901942 -0.0171015 -0.579465
-0.00882619 -0.0170049 -0.579468
-0.0089228 -0.0170049 -0.579467
-0.00901942 -0.0170049 -0.579466
-0.00882619 -0.0169083 -0.579468
-0.0089228 -0.0169083 -0.579467
-0.00901942 -0.0169083 -0.579466
-0.00882619 -0.0168117 -0.579468
-0.0089228 -0.0168117 -0.579467
-0.00901942 -0.0168117 -0.579466
-0.00882619 -0.0167151 -0.579468
-0.0089228 -0.0167151 -0.579467
-0.00901942 -0.0167151 -0.579466
-0.00882619 -0.0166184 -0.579468
-0.0089228 -0.0166184 -0.579467
-0.00901942 -0.0166184 -0.579466
-0.00882619 -0.0165218 -0.579468
-0.0089228 -0.0165218 -0.579467
-0.00901942 -0.0165218 -0.579466
-0.00882619 -0.0164252 -0.579468
-0.0089228 -0.0164252 -0.579467
-0.00901942 -0.0164252 -0.579466
-0.00882619 -0.0163286 -0.579469
-0.0089228 -0.0163286 -0.579467
-0.00901942 -0.0163286 -0.579466
-0.00882619 -0.016232 -0.579469
-0.0089228 -0.016232 -0.579468
-0.00901942 -0.016232 -0.579466
-0.00882619 -0.0161354 -0.579469
-0.0089228 -0.0161354 -0.579468
-0.00901942 -0.0161354 -0.579467
-0.00882619 -0.0160387 -0.579469
-0.0089228 -0.0160387 -0.579468
-0.00901942 -0.0160387 -0.579467
-0.00882619 -0.0159421 -0.579469
-0.0089228 -0.0159421 -0.579468
-0.00901942 -0.0159421 -0.579467
-0.00882619 -0.0158455 -0.579469
-0.0089228 -0.0158455 -0.579468
-0.00901942 -0.0158455 -0.579467
-0.00882619 -0.0157489 -0.579469
-0.0089228 -0.0157489 -0.579468
-0.00901942 -0.0157489 -0.579467
-0.00882619 -0.0156523 -0.579469
-0.0089228 -0.0156523 -0.579468
-0.00901942 -0.0156523 -0.579467
-0.00882619 -0.0155557 -0.579469
-0.0089228 -0.0155557 -0.579468
-0.00901942 -0.0155557 -0.579467
-0.00882619 -0.015459 -0.57947
-0.0089228 -0.015459 -0.579468
-0.00901942 -0.015459 -0.579467
-0.00882619 -0.0153624 -0.57947
-0.0089228 -0.0153624 -0.579469
-0.00901942 -0.0153624 -0.579467
-0.00882619 -0.0152658 -0.57947
-0.0089228 -0.0152658 -0.579469
-0.00901942 -0.0152658 -0.579468
-0.00882619 -0.0151692 -0.57947
-0.0089228 -0.0151692 -0.579469
-0.00901942 -0.0151692 -0.579468
-0.00882619 -0.0150726 -0.57947
-0.0089228 -0.0150726 -0.579469
-0.00901942 -0.0150726 -0.579468
-0.00882619 -0.014976 -0.57947
-0.0089228 -0.014976 -0.579469
-0.00901942 -0.014976 -0.579468
-0.00882619 -0.0148793 -0.57947
-0.0089228 -0.0148793 -0.579469
-0.00901942 -0.0148793 -0.579468
-0.00882619 -0.0147827 -0.57947
-0.0089228 -0.0147827 -0.579469
-0.00901942 -0.0147827 -0.579468
-0.00882619 -0.0146861 -0.57947
-0.0089228 -0.0146861 -0.579469
-0.00901942 -0.0146861 -0.579468
-0.00882619 -0.0145895 -0.579471
-0.0089228 -0.0145895 -0.579469
-0.00901942 -0.0145895 -0.579468
-0.00882619 -0.0144929 -0.579471
-0.0089228 -0.0144929 -0.57947
-0.00901942 -0.0144929 -0.579468
-0.00882619 -0.0143963 -0.579471
-0.0089228 -0.0143963 -0.57947
-0.00901942 -0.0143963 -0.579469
-0.00882619 -0.0142996 -0.579471
-0.0089228 -0.0142996 -0.57947
-0.00901942 -0.0142996 -0.579469
-0.00882619 -0.014203 -0.579471
-0.0089228 -0.014203 -0.57947
-0.00901942 -0.014203 -0.579469
-0.00882619 -0.0141064 -0.579471
-0.0089228 -0.0141064 -0.57947
-0.00901942 -0.0141064 -0.579469
-0.00882619 -0.0140098 -0.579471
-0.0089228 -0.0140098 -0.57947
-0.00901942 -0.0140098 -0.579469
-0.00882619 -0.0139132 -0.579471
-0.0089228 -0.0139132 -0.57947
-0.00901942 -0.0139132 -0.579469
-0.00882619 -0.0138165 -0.579471
-0.0089228 -0.0138165 -0.57947
-0.00901942 -0.0138165 -0.579469
-0.00882619 -0.0137199 -0.579472
-0.0089228 -0.0137199 -0.57947
-0.00901942 -0.0137199 -0.579469
-0.00882619 -0.0136233 -0.579472
-0.0089228 -0.0136233 -0.579471
-0.00901942 -0.0136233 -0.57947
-0.00882619 -0.0135267 -0.579472
-0.0089228 -0.0135267 -0.579471
-0.00901942 -0.0135267 -0.57947
-0.00882619 -0.0134301 -0.579472
-0.0089228 -0.0134301 -0.579471
-0.00901942 -0.0134301 -0.57947
-0.00882619 -0.0133335 -0.579472
-0.0089228 -0.0133335 -0.579471
-0.00901942 -0.0133335 -0.57947
-0.00882619 -0.0132368 -0.579472
-0.0089228 -0.0132368 -0.579471
-0.00901942 -0.0132368 -0.57947
-0.00882619 -0.0131402 -0.579472
-0.0089228 -0.0131402 -0.579471
-0.00901942 -0.0131402 -0.57947
-0.00882619 -0.0130436 -0.579472
-0.0089228 -0.0130436 -0.579471
-0.00901942 -0.0130436 -0.57947
-0.00882619 -0.012947 -0.579472
-0.0089228 -0.012947 -0.579471
-0.00901942 -0.012947 -0.57947
-0.00882619 -0.0128504 -0.579473
-0.0089228 -0.0128504 -0.579471
-0.00901942 -0.0128504 -0.57947
-0.00882619 -0.0127538 -0.579473
-0.0089228 -0.0127538 -0.579472
-0.00901942 -0.0127538 -0.579471
-0.00882619 -0.0126571 -0.579473
-0.0089228 -0.0126571 -0.579472
-0.00901942 -0.0126571 -0.579471
-0.00882619 -0.0125605 -0.579473
-0.0089228 -0.0125605 -0.579472
-0.00901942 -0.0125605 -0.579471
-0.00882619 -0.0124639 -0.579473
-0.0089228 -0.0124639 -0.579472
-0.00901942 -0.0124639 -0.579471
-0.00882619 -0.0123673 -0.579473
-0.0089228 -0.0123673 -0.579472
-0.00901942 -0.0123673 -0.579471
-0.00882619 -0.0122707 -0.579473
-0.0089228 -0.0122707 -0.579472
-0.00901942 -0.0122707 -0.579471
-0.00882619 -0.0121741 -0.579473
-0.0089228 -0.0121741 -0.579472
-0.00901942 -0.0121741 -0.579471
-0.00882619 -0.0120774 -0.579473
-0.0089228 -0.0120774 -0.579472
-0.00901942 -0.0120774 -0.579471
-0.00882619 -0.0119808 -0.579474
-0.0089228 -0.0119808 -0.579472
-0.00901942 -0.0119808 -0.579471
-0.00882619 -0.0118842 -0.579474
-0.0089228 -0.0118842 -0.579473
-0.00901942 -0.0118842 -0.579471
-0.00882619 -0.0117876 -0.579474
-0.0089228 -0.0117876 -0.579473
-0.00901942 -0.0117876 -0.579472
-0.00882619 -0.011691 -0.579474
-0.0089228 -0.011691 -0.579473
-0.00901942 -0.011691 -0.579472
-0.00882619 -0.0115944 -0.579474
-0.0089228 -0.0115944 -0.579473
-0.00901942 -0.0115944 -0.579472
-0.00882619 -0.0114977 -0.579474
-0.0089228 -0.0114977 -0.579473
-0.00901942 -0.0114977 -0.579472
-0.00882619 -0.0114011 -0.579474
-0.0089228 -0.0114011 -0.579473
-0.00901942 -0.0114011 -0.579472
-0.00882619 -0.0113045 -0.579474
-0.0089228 -0.0113045 -0.579473
-0.00901942 -0.0113045 -0.579472
-0.00882619 -0.0112079 -0.579474
-0.0089228 -0.0112079 -0.579473
-0.00901942 -0.0112079 -0.579472
-0.00882619 -0.0111113 -0.579475
-0.0089228 -0.0111113 -0.579473
-0.00901942 -0.0111113 -0.579472
-0.00882619 -0.0110146 -0.579475
-0.0089228 -0.0110146 -0.579474
-0.00901942 -0.0110146 -0.579472
-0.00882619 -0.010918 -0.579475
-0.0089228 -0.010918 -0.579474
-0.00901942 -0.010918 -0.579473
-0.00882619 -0.0108214 -0.579475
-0.0089228 -0.0108214 -0.579474
-0.00901942 -0.0108214 -0.579473
-0.00882619 -0.0107248 -0.579475
-0.0089228 -0.0107248 -0.579474
-0.00901942 -0.0107248 -0.579473
-0.00882619 -0.0106282 -0.579475
-0.0089228 -0.0106282 -0.579474
-0.00901942 -0.0106282 -0.579473
-0.00882619 -0.0105316 -0.579475
-0.0089228 -0.0105316 -0.579474
-0.00901942 -0.0105316 -0.579473
-0.00882619 -0.0104349 -0.579475
-0.0089228 -0.0104349 -0.579474
-0.00901942 -0.0104349 -0.579473
-0.00882619 -0.0103383 -0.579475
-0.0089228 -0.0103383 -0.579474
-0.00901942 -0.0103383 -0.579473
-0.00882619 -0.0102417 -0.579476
-0.0089228 -0.0102417 -0.579475
-0.00901942 -0.0102417 -0.579473
-0.00882619 -0.0101451 -0.579476
-0.0089228 -0.0101451 -0.579475
-0.00901942 -0.0101451 -0.579473
-0.00882619 -0.0100485 -0.579476
-0.0089228 -0.0100485 -0.579475
-0.00901942 -0.0100485 -0.579474
-0.00882619 -0.00995186 -0.579476
-0.0089228 -0.00995186 -0.579475
-0.00901942 -0.00995186 -0.579474
-0.00882619 -0.00985524 -0.579476
-0.0089228 -0.00985524 -0.579475
-0.00901942 -0.00985524 -0.579474
-0.00882619 -0.00975863 -0.579476
-0.0089228 -0.00975863 -0.579475
-0.00901942 -0.00975863 -0.579474
-0.00882619 -0.00966201 -0.579476
-0.0089228 -0.00966201 -0.579475
-0.00901942 -0.00966201 -0.579474
-0.00882619 -0.00956539 -0.579476
-0.0089228 -0.00956539 -0.579475
-0.00901942 -0.00956539 -0.579474
-0.00882619 -0.00946878 -0.579476
-0.0089228 -0.00946878 -0.579475
-0.00901942 -0.00946878 -0.579474
-0.00882619 -0.00937216 -0.579477
-0.0089228 -0.00937216 -0.579475
-0.00901942 -0.00937216 -0.579474
-0.00882619 -0.00927554 -0.579477
-0.0089228 -0.00927554 -0.579476
-0.00901942 -0.00927554 -0.579475
-0.00882619 -0.00917892 -0.579477
-0.0089228 -0.00917892 -0.579476
-0.00901942 -0.00917892 -0.579475
-0.00882619 -0.00908231 -0.579477
-0.0089228 -0.00908231 -0.579476
-0.00901942 -0.00908231 -0.579475
-0.00882619 -0.00898569 -0.579477
-0.0089228 -0.00898569 -0.579476
-0.00901942 -0.00898569 -0.579475
-0.00882619 -0.00888907 -0.579477
-0.0089228 -0.00888907 -0.579476
-0.00901942 -0.00888907 -0.579475
-0.00882619 -0.00879245 -0.579477
-0.0089228 -0.00879245 -0.579476
-0.00901942 -0.00879245 -0.579475
-0.00882619 -0.00869584 -0.579477
-0.0089228 -0.00869584 -0.579476
-0.00901942 -0.00869584 -0.579475
-0.00882619 -0.00859922 -0.579477
-0.0089228 -0.00859922 -0.579476
-0.00901942 -0.00859922 -0.579475
-0.00882619 -0.0085026 -0.579478
-0.0089228 -0.0085026 -0.579476
-0.00901942 -0.0085026 -0.579475
-0.00882619 -0.00840599 -0.579478
-0.0089228 -0.00840599 -0.579477
-0.00901942 -0.00840599 -0.579476
-0.00882619 -0.00830937 -0.579478
-0.0089228 -0.00830937 -0.579477
-0.00901942 -0.00830937 -0.579476
-0.00882619 -0.00821275 -0.579478
-0.0089228 -0.00821275 -0.579477
-0.00901942 -0.00821275 -0.579476
-0.00882619 -0.00811613 -0.579478
-0.0089228 -0.00811613 -0.579477
-0.00901942 -0.00811613 -0.579476
-0.00882619 -0.00801952 -0.579478
-0.0089228 -0.00801952 -0.579477
-0.00901942 -0.00801952 -0.579476
