-0.000234509 0.0154971 -0.588377
0.000157591 0.0154971 -0.588376
0.000549692 0.0154971 -0.588375
-0.000234509 0.015105 -0.588377
0.000157591 0.015105 -0.588376
0.000549692 0.015105 -0.588375
-0.000234509 0.0147129 -0.588377
0.000157591 0.0147129 -0.588376
0.000549692 0.0147129 -0.588375
-0.000234509 0.0143208 -0.588377
0.000157591 0.0143208 -0.588377
0.000549692 0.0143208 -0.588376
-0.000234509 0.0139287 -0.588378
0.000157591 0.0139287 -0.588377
0.000549692 0.0139287 -0.588376
-0.000234509 0.0135366 -0.588378
0.000157591 0.0135366 -0.588377
0.000549692 0.0135366 -0.588376
-0.000234509 0.0131445 -0.588378
0.000157591 0.0131445 -0.588377
0.000549692 0.0131445 -0.588376
-0.000234509 0.0127524 -0.588378
0.000157591 0.0127524 -0.588377
0.000549692 0.0127524 -0.588376
-0.000234509 0.0123603 -0.588378
0.000157591 0.0123603 -0.588377
0.000549692 0.0123603 -0.588376
-0.000234509 0.0119682 -0.588378
0.000157591 0.0119682 -0.588377
0.000549692 0.0119682 -0.588376
-0.000234509 0.0115761 -0.588378
0.000157591 0.0115761 -0.588377
0.000549692 0.0115761 -0.588376
-0.000234509 0.011184 -0.588378
0.000157591 0.011184 -0.588377
0.000549692 0.011184 -0.588376
-0.000234509 0.0107919 -0.588378
0.000157591 0.0107919 -0.588377
0.000549692 0.0107919 -0.588376
-0.000234509 0.0103998 -0.588378
0.000157591 0.0103998 -0.588377
0.000549692 0.0103998 -0.588377
-0.000234509 0.0100077 -0.588379
0.000157591 0.0100077 -0.588378
0.000549692 0.0100077 -0.588377
-0.000234509 0.00961555 -0.588379
0.000157591 0.00961555 -0.588378
0.000549692 0.00961555 -0.588377
-0.000234509 0.00922345 -0.588379
0.000157591 0.00922345 -0.588378
0.000549692 0.00922345 -0.588377
-0.000234509 0.00883135 -0.588379
0.000157591 0.00883135 -0.588378
0.000549692 0.00883135 -0.588377
-0.000234509 0.00843925 -0.588379
0.000157591 0.00843925 -0.588378
0.000549692 0.00843925 -0.588377
-0.000234509 0.00804715 -0.588379
0.000157591 0.00804715 -0.588378
0.000549692 0.00804715 -0.588377
-0.000234509 0.00765505 -0.588379
0.000157591 0.00765505 -0.588378
0.000549692 0.00765505 -0.588377
-0.000234509 0.00726295 -0.588379
0.000157591 0.00726295 -0.588378
0.000549692 0.00726295 -0.588377
-0.000234509 0.00687085 -0.588379
0.000157591 0.00687085 -0.588378
0.000549692 0.00687085 -0.588377
-0.000234509 0.00647875 -0.588379
0.000157591 0.00647875 -0.588378
0.000549692 0.00647875 -0.588378
-0.000234509 0.00608664 -0.58838
0.000157591 0.00608664 -0.588379
0.000549692 0.00608664 -0.588378
-0.000234509 0.00569454 -0.58838
0.000157591 0.00569454 -0.588379
0.000549692 0.00569454 -0.588378
-0.000234509 0.00530244 -0.58838
0.000157591 0.00530244 -0.588379
0.000549692 0.00530244 -0.588378
-0.000234509 0.00491034 -0.58838
0.000157591 0.00491034 -0.588379
0.000549692 0.00491034 -0.588378
-0.000234509 0.00451824 -0.58838
0.000157591 0.00451824 -0.588379
0.000549692 0.00451824 -0.588378
-0.000234509 0.00412614 -0.58838
0.000157591 0.00412614 -0.588379
0.000549692 0.00412614 -0.588378
-0.000234509 0.00373404 -0.58838
0.000157591 0.00373404 -0.588379
0.000549692 0.00373404 -0.588378
-0.000234509 0.00334194 -0.58838
0.000157591 0.00334194 -0.588379
0.000549692 0.00334194 -0.588378
-0.000234509 0.00294984 -0.58838
0.000157591 0.00294984 -0.588379
0.000549692 0.00294984 -0.588378
-0.000234509 0.00255774 -0.58838
0.000157591 0.00255774 -0.588379
0.000549692 0.00255774 -0.588379
-0.000234509 0.00216564 -0.588381
0.000157591 0.00216564 -0.58838
0.000549692 0.00216564 -0.588379
-0.000234509 0.00177354 -0.588381
0.000157591 0.00177354 -0.58838
0.000549692 0.00177354 -0.588379
-0.000234509 0.00138144 -0.588381
0.000157591 0.00138144 -0.58838
0.000549692 0.00138144 -0.588379
-0.000234509 0.000989336 -0.588381
0.000157591 0.000989336 -0.58838
0.000549692 0.000989336 -0.588379
-0.000234509 0.000597235 -0.588381
0.000157591 0.000597235 -0.58838
0.000549692 0.000597235 -0.588379
-0.000234509 0.000205135 -0.588381
0.000157591 0.000205135 -0.58838
0.000549692 0.000205135 -0.588379
-0.000234509 -0.000186966 -0.588381
0.000157591 -0.000186966 -0.58838
0.000549692 -0.000186966 -0.588379
-0.000234509 -0.000579067 -0.588381
0.000157591 -0.000579067 -0.58838
0.000549692 -0.000579067 -0.588379
-0.000234509 -0.000971167 -0.588381
0.000157591 -0.000971167 -0.58838
0.000549692 -0.000971167 -0.588379
-0.000234509 -0.00136327 -0.588381
0.000157591 -0.00136327 -0.58838
0.000549692 -0.00136327 -0.58838
-0.000234509 -0.00175537 -0.588381
0.000157591 -0.00175537 -0.588381
0.000549692 -0.00175537 -0.58838
-0.000234509 -0.00214747 -0.588382
0.000157591 -0.00214747 -0.588381
0.000549692 -0.00214747 -0.58838
-0.000234509 -0.00253957 -0.588382
0.000157591 -0.00253957 -0.588381
0.000549692 -0.00253957 -0.58838
-0.000234509 -0.00293167 -0.588382
0.000157591 -0.00293167 -0.588381
0.000549692 -0.00293167 -0.58838
-0.000234509 -0.00332377 -0.588382
0.000157591 -0.00332377 -0.588381
0.000549692 -0.00332377 -0.58838
-0.000234509 -0.00371587 -0.588382
0.000157591 -0.00371587 -0.588381
0.000549692 -0.00371587 -0.58838
-0.000234509 -0.00410797 -0.588382
0.000157591 -0.00410797 -0.588381
0.000549692 -0.00410797 -0.58838
-0.000234509 -0.00450007 -0.588382
0.000157591 -0.00450007 -0.588381
0.000549692 -0.00450007 -0.58838
-0.000234509 -0.00489217 -0.588382
0.000157591 -0.00489217 -0.588381
0.000549692 -0.00489217 -0.58838
-0.000234509 -0.00528427 -0.588382
0.000157591 -0.00528427 -0.588381
0.000549692 -0.00528427 -0.588381
-0.000234509 -0.00567638 -0.588382
0.000157591 -0.00567638 -0.588382
0.000549692 -0.00567638 -0.588381
-0.000234509 -0.00606848 -0.588383
0.000157591 -0.00606848 -0.588382
0.000549692 -0.00606848 -0.588381
-0.000234509 -0.00646058 -0.588383
0.000157591 -0.00646058 -0.588382
0.000549692 -0.00646058 -0.588381
-0.000234509 -0.00685268 -0.588383
0.000157591 -0.00685268 -0.588382
0.000549692 -0.00685268 -0.588381
-0.000234509 -0.00724478 -0.588383
0.000157591 -0.00724478 -0.588382
0.000549692 -0.00724478 -0.588381
-0.000234509 -0.00763688 -0.588383
0.000157591 -0.00763688 -0.588382
0.000549692 -0.00763688 -0.588381
-0.000234509 -0.00802898 -0.588383
0.000157591 -0.00802898 -0.588382
0.000549692 -0.00802898 -0.588381
-0.000234509 -0.00842108 -0.588383
0.000157591 -0.00842108 -0.588382
0.000549692 -0.00842108 -0.588381
-0.000234509 -0.00881318 -0.588383
0.000157591 -0.00881318 -0.588382
0.000549692 -0.00881318 -0.588381
-0.000234509 -0.00920528 -0.588383
0.000157591 -0.00920528 -0.588382
0.000549692 -0.00920528 -0.588381
-0.000234509 -0.00959738 -0.588383
0.000157591 -0.00959738 -0.588383
0.000549692 -0.00959738 -0.588382
-0.000234509 -0.00998948 -0.588384
0.000157591 -0.00998948 -0.588383
0.000549692 -0.00998948 -0.588382
-0.000234509 -0.0103816 -0.588384
0.000157591 -0.0103816 -0.588383
0.000549692 -0.0103816 -0.588382
-0.000234509 -0.0107737 -0.588384
0.000157591 -0.0107737 -0.588383
0.000549692 -0.0107737 -0.588382
-0.000234509 -0.0111658 -0.588384
0.000157591 -0.0111658 -0.588383
0.000549692 -0.0111658 -0.588382
-0.000234509 -0.0115579 -0.588384
0.000157591 -0.0115579 -0.588383
0.000549692 -0.0115579 -0.588382
-0.000234509 -0.01195 -0.588384
0.000157591 -0.01195 -0.588383
0.000549692 -0.01195 -0.588382
-0.000234509 -0.0123421 -0.588384
0.000157591 -0.0123421 -0.588383
0.000549692 -0.0123421 -0.588382
-0.000234509 -0.0127342 -0.588384
0.000157591 -0.0127342 -0.588383
0.000549692 -0.0127342 -0.588382
-0.000234509 -0.0131263 -0.588384
0.000157591 -0.0131263 -0.588383
0.000549692 -0.0131263 -0.588382
-0.000234509 -0.0135184 -0.588384
0.000157591 -0.0135184 -0.588383
0.000549692 -0.0135184 -0.588383
-0.000234509 -0.0139105 -0.588385
0.000157591 -0.0139105 -0.588384
0.000549692 -0.0139105 -0.588383
-0.000234509 -0.0143026 -0.588385
0.000157591 -0.0143026 -0.588384
0.000549692 -0.0143026 -0.588383
-0.000234509 -0.0146947 -0.588385
0.000157591 -0.0146947 -0.588384
0.000549692 -0.0146947 -0.588383
-0.000234509 -0.0150868 -0.588385
0.000157591 -0.0150868 -0.588384
0.000549692 -0.0150868 -0.588383
-0.000234509 -0.0154789 -0.588385
0.000157591 -0.0154789 -0.588384
0.000549692 -0.0154789 -0.588383
-0.000234509 -0.015871 -0.588385
0.000157591 -0.015871 -0.588384
0.000549692 -0.015871 -0.588383
-0.000234509 -0.0162631 -0.588385
0.000157591 -0.0162631 -0.588384
0.000549692 -0.0162631 -0.588383
-0.000234509 -0.0166552 -0.588385
0.000157591 -0.0166552 -0.588384
0.000549692 -0.0166552 -0.588383
-0.000234509 -0.0170473 -0.588385
0.000157591 -0.0170473 -0.588384
0.000549692 -0.0170473 -0.588383
-0.000234509 -0.0174394 -0.588385
0.000157591 -0.0174394 -0.588385
0.000549692 -0.0174394 -0.588384
-0.000234509 -0.0178315 -0.588386
0.000157591 -0.0178315 -0.588385
0.000549692 -0.0178315 -0.588384
-0.000234509 -0.0182236 -0.588386
0.000157591 -0.0182236 -0.588385
0.000549692 -0.0182236 -0.588384
-0.000234509 -0.0186157 -0.588386
0.000157591 -0.0186157 -0.588385
0.000549692 -0.0186157 -0.588384
-0.000234509 -0.0190078 -0.588386
0.000157591 -0.0190078 -0.588385
0.000549692 -0.0190078 -0.588384
-0.000234509 -0.0193999 -0.588386
0.000157591 -0.0193999 -0.588385
0.000549692 -0.0193999 -0.588384
-0.000234509 -0.019792 -0.588386
0.000157591 -0.019792 -0.588385
0.000549692 -0.019792 -0.588384
-0.000234509 -0.0201841 -0.588386
0.000157591 -0.0201841 -0.588385
0.000549692 -0.0201841 -0.588384
-0.000234509 -0.0205762 -0.588386
0.000157591 -0.0205762 -0.588385
0.000549692 -0.0205762 -0.588384
-0.000234509 -0.0209683 -0.588386
0.000157591 -0.0209683 -0.588385
0.000549692 -0.0209683 -0.588384
-0.000234509 -0.0213604 -0.588386
0.000157591 -0.0213604 -0.588385
0.000549692 -0.0213604 -0.588385
-0.000234509 -0.0217525 -0.588387
0.000157591 -0.0217525 -0.588386
0.000549692 -0.0217525 -0.588385
-0.000234509 -0.0221446 -0.588387
0.000157591 -0.0221446 -0.588386
0.000549692 -0.0221446 -0.588385
-0.000234509 -0.0225367 -0.588387
0.000157591 -0.0225367 -0.588386
0.000549692 -0.0225367 -0.588385
-0.000234509 -0.0229288 -0.588387
0.000157591 -0.0229288 -0.588386
0.000549692 -0.0229288 -0.588385
-0.000234509 -0.0233209 -0.588387
0.000157591 -0.0233209 -0.588386
0.000549692 -0.0233209 -0.588385
-0.000234509 -0.023713 -0.588387
0.000157591 -0.023713 -0.588386
0.000549692 -0.023713 -0.588385
-0.000234509 -0.0241051 -0.588387
0.000157591 -0.0241051 -0.588386
0.000549692 -0.0241051 -0.588385
-0.000234509 -0.0244972 -0.588387
0.000157591 -0.0244972 -0.588386
0.000549692 -0.0244972 -0.588385
-0.000234509 -0.0248893 -0.588387
0.000157591 -0.0248893 -0.588386
0.000549692 -0.0248893 -0.588385
-0.000234509 -0.0252814 -0.588387
0.000157591 -0.0252814 -0.588386
0.000549692 -0.0252814 -0.588386
-0.000234509 -0.0256735 -0.588387
0.000157591 -0.0256735 -0.588387
0.000549692 -0.0256735 -0.588386
-0.000234509 -0.0260656 -0.588388
0.000157591 -0.0260656 -0.588387
0.000549692 -0.0260656 -0.588386
-0.000234509 -0.0264577 -0.588388
0.000157591 -0.0264577 -0.588387
0.000549692 -0.0264577 -0.588386
-0.000234509 -0.0268498 -0.588388
0.000157591 -0.0268498 -0.588387
0.000549692 -0.0268498 -0.588386
-0.000234509 -0.0272419 -0.588388
0.000157591 -0.0272419 -0.588387
0.000549692 -0.0272419 -0.588386
-0.000234509 -0.027634 -0.588388
0.000157591 -0.027634 -0.588387
0.000549692 -0.027634 -0.588386
