-0.00493633 0.014697 -0.605265
-0.00478839 0.014697 -0.605264
-0.00464046 0.014697 -0.605264
-0.00493633 0.014549 -0.605265
-0.00478839 0.014549 -0.605264
-0.00464046 0.014549 -0.605264
-0.00493633 0.0144011 -0.605265
-0.00478839 0.0144011 -0.605265
-0.00464046 0.0144011 -0.605264
-0.00493633 0.0142532 -0.605265
-0.00478839 0.0142532 -0.605265
-0.00464046 0.0142532 -0.605264
-0.00493633 0.0141052 -0.605265
-0.00478839 0.0141052 -0.605265
-0.00464046 0.0141052 -0.605264
-0.00493633 0.0139573 -0.605265
-0.00478839 0.0139573 -0.605265
-0.00464046 0.0139573 -0.605264
-0.00493633 0.0138094 -0.605266
-0.00478839 0.0138094 -0.605265
-0.00464046 0.0138094 -0.605264
-0.00493633 0.0136614 -0.605266
-0.00478839 0.0136614 -0.605265
-0.00464046 0.0136614 -0.605264
-0.00493633 0.0135135 -0.605266
-0.00478839 0.0135135 -0.605265
-0.00464046 0.0135135 -0.605264
-0.00493633 0.0133656 -0.605266
-0.00478839 0.0133656 -0.605265
-0.00464046 0.0133656 -0.605265
-0.00493633 0.0132176 -0.605266
-0.00478839 0.0132176 -0.605265
-0.00464046 0.0132176 -0.605265
-0.00493633 0.0130697 -0.605266
-0.00478839 0.0130697 -0.605265
-0.00464046 0.0130697 -0.605265
-0.00493633 0.0129217 -0.605266
-0.00478839 0.0129217 -0.605265
-0.00464046 0.0129217 -0.605265
-0.00493633 0.0127738 -0.605266
-0.00478839 0.0127738 -0.605266
-0.00464046 0.0127738 -0.605265
-0.00493633 0.0126259 -0.605266
-0.00478839 0.0126259 -0.605266
-0.00464046 0.0126259 -0.605265
-0.00493633 0.0124779 -0.605266
-0.00478839 0.0124779 -0.605266
-0.00464046 0.0124779 -0.605265
-0.00493633 0.01233 -0.605267
-0.00478839 0.01233 -0.605266
-0.00464046 0.01233 -0.605265
-0.00493633 0.0121821 -0.605267
-0.00478839 0.0121821 -0.605266
-0.00464046 0.0121821 -0.605265
-0.00493633 0.0120341 -0.605267
-0.00478839 0.0120341 -0.605266
-0.00464046 0.0120341 -0.605265
-0.00493633 0.0118862 -0.605267
-0.00478839 0.0118862 -0.605266
-0.00464046 0.0118862 -0.605265
-0.00493633 0.0117383 -0.605267
-0.00478839 0.0117383 -0.605266
-0.00464046 0.0117383 -0.605266
-0.00493633 0.0115903 -0.605267
-0.00478839 0.0115903 -0.605266
-0.00464046 0.0115903 -0.605266
-0.00493633 0.0114424 -0.605267
-0.00478839 0.0114424 -0.605266
-0.00464046 0.0114424 -0.605266
-0.00493633 0.0112945 -0.605267
-0.00478839 0.0112945 -0.605267
-0.00464046 0.0112945 -0.605266
-0.00493633 0.0111465 -0.605267
-0.00478839 0.0111465 -0.605267
-0.00464046 0.0111465 -0.605266
-0.00493633 0.0109986 -0.605267
-0.00478839 0.0109986 -0.605267
-0.00464046 0.0109986 -0.605266
-0.00493633 0.0108507 -0.605268
-0.00478839 0.0108507 -0.605267
-0.00464046 0.0108507 -0.605266
-0.00493633 0.0107027 -0.605268
-0.00478839 0.0107027 -0.605267
-0.00464046 0.0107027 -0.605266
-0.00493633 0.0105548 -0.605268
-0.00478839 0.0105548 -0.605267
-0.00464046 0.0105548 -0.605266
-0.00493633 0.0104069 -0.605268
-0.00478839 0.0104069 -0.605267
-0.00464046 0.0104069 -0.605267
-0.00493633 0.0102589 -0.605268
-0.00478839 0.0102589 -0.605267
-0.00464046 0.0102589 -0.605267
-0.00493633 0.010111 -0.605268
-0.00478839 0.010111 -0.605267
-0.00464046 0.010111 -0.605267
-0.00493633 0.00996306 -0.605268
-0.00478839 0.00996306 -0.605267
-0.00464046 0.00996306 -0.605267
-0.00493633 0.00981513 -0.605268
-0.00478839 0.00981513 -0.605268
-0.00464046 0.00981513 -0.605267
-0.00493633 0.0096672 -0.605268
-0.00478839 0.0096672 -0.605268
-0.00464046 0.0096672 -0.605267
-0.00493633 0.00951926 -0.605268
-0.00478839 0.00951926 -0.605268
-0.00464046 0.00951926 -0.605267
-0.00493633 0.00937133 -0.605268
-0.00478839 0.00937133 -0.605268
-0.00464046 0.00937133 -0.605267
-0.00493633 0.00922339 -0.605269
-0.00478839 0.00922339 -0.605268
-0.00464046 0.00922339 -0.605267
-0.00493633 0.00907546 -0.605269
-0.00478839 0.00907546 -0.605268
-0.00464046 0.00907546 -0.605267
-0.00493633 0.00892753 -0.605269
-0.00478839 0.00892753 -0.605268
-0.00464046 0.00892753 -0.605267
-0.00493633 0.00877959 -0.605269
-0.00478839 0.00877959 -0.605268
-0.00464046 0.00877959 -0.605268
-0.00493633 0.00863166 -0.605269
-0.00478839 0.00863166 -0.605268
-0.00464046 0.00863166 -0.605268
-0.00493633 0.00848372 -0.605269
-0.00478839 0.00848372 -0.605268
-0.00464046 0.00848372 -0.605268
-0.00493633 0.00833579 -0.605269
-0.00478839 0.00833579 -0.605268
-0.00464046 0.00833579 -0.605268
-0.00493633 0.00818785 -0.605269
-0.00478839 0.00818785 -0.605269
-0.00464046 0.00818785 -0.605268
-0.00493633 0.00803992 -0.605269
-0.00478839 0.00803992 -0.605269
-0.00464046 0.00803992 -0.605268
-0.00493633 0.00789198 -0.605269
-0.00478839 0.00789198 -0.605269
-0.00464046 0.00789198 -0.605268
-0.00493633 0.00774405 -0.60527
-0.00478839 0.00774405 -0.605269
-0.00464046 0.00774405 -0.605268
-0.00493633 0.00759612 -0.60527
-0.00478839 0.00759612 -0.605269
-0.00464046 0.00759612 -0.605268
-0.00493633 0.00744818 -0.60527
-0.00478839 0.00744818 -0.605269
-0.00464046 0.00744818 -0.605268
-0.00493633 0.00730025 -0.60527
-0.00478839 0.00730025 -0.605269
-0.00464046 0.00730025 -0.605269
-0.00493633 0.00715231 -0.60527
-0.00478839 0.00715231 -0.605269
-0.00464046 0.00715231 -0.605269
-0.00493633 0.00700438 -0.60527
-0.00478839 0.00700438 -0.605269
-0.00464046 0.00700438 -0.605269
-0.00493633 0.00685645 -0.60527
-0.00478839 0.00685645 -0.605269
-0.00464046 0.00685645 -0.605269
-0.00493633 0.00670851 -0.60527
-0.00478839 0.00670851 -0.60527
-0.00464046 0.00670851 -0.605269
-0.00493633 0.00656058 -0.60527
-0.00478839 0.00656058 -0.60527
-0.00464046 0.00656058 -0.605269
-0.00493633 0.00641264 -0.60527
-0.00478839 0.00641264 -0.60527
-0.00464046 0.00641264 -0.605269
-0.00493633 0.00626471 -0.605271
-0.00478839 0.00626471 -0.60527
-0.00464046 0.00626471 -0.605269
-0.00493633 0.00611677 -0.605271
-0.00478839 0.00611677 -0.60527
-0.00464046 0.00611677 -0.605269
-0.00493633 0.00596884 -0.605271
-0.00478839 0.00596884 -0.60527
-0.00464046 0.00596884 -0.605269
-0.00493633 0.00582091 -0.605271
-0.00478839 0.00582091 -0.60527
-0.00464046 0.00582091 -0.605269
-0.00493633 0.00567297 -0.605271
-0.00478839 0.00567297 -0.60527
-0.00464046 0.00567297 -0.60527
-0.00493633 0.00552504 -0.605271
-0.00478839 0.00552504 -0.60527
-0.00464046 0.00552504 -0.60527
-0.00493633 0.0053771 -0.605271
-0.00478839 0.0053771 -0.60527
-0.00464046 0.0053771 -0.60527
-0.00493633 0.00522917 -0.605271
-0.00478839 0.00522917 -0.605271
-0.00464046 0.00522917 -0.60527
-0.00493633 0.00508123 -0.605271
-0.00478839 0.00508123 -0.605271
-0.00464046 0.00508123 -0.60527
-0.00493633 0.0049333 -0.605271
-0.00478839 0.0049333 -0.605271
-0.00464046 0.0049333 -0.60527
-0.00493633 0.00478537 -0.605272
-0.00478839 0.00478537 -0.605271
-0.00464046 0.00478537 -0.60527
-0.00493633 0.00463743 -0.605272
-0.00478839 0.00463743 -0.605271
-0.00464046 0.00463743 -0.60527
-0.00493633 0.0044895 -0.605272
-0.00478839 0.0044895 -0.605271
-0.00464046 0.0044895 -0.60527
-0.00493633 0.00434156 -0.605272
-0.00478839 0.00434156 -0.605271
-0.00464046 0.00434156 -0.60527
-0.00493633 0.00419363 -0.605272
-0.00478839 0.00419363 -0.605271
-0.00464046 0.00419363 -0.605271
-0.00493633 0.00404569 -0.605272
-0.00478839 0.00404569 -0.605271
-0.00464046 0.00404569 -0.605271
-0.00493633 0.00389776 -0.605272
-0.00478839 0.00389776 -0.605271
-0.00464046 0.00389776 -0.605271
-0.00493633 0.00374983 -0.605272
-0.00478839 0.00374983 -0.605272
-0.00464046 0.00374983 -0.605271
-0.00493633 0.00360189 -0.605272
-0.00478839 0.00360189 -0.605272
-0.00464046 0.00360189 -0.605271
-0.00493633 0.00345396 -0.605272
-0.00478839 0.00345396 -0.605272
-0.00464046 0.00345396 -0.605271
-0.00493633 0.00330602 -0.605272
-0.00478839 0.00330602 -0.605272
-0.00464046 0.00330602 -0.605271
-0.00493633 0.00315809 -0.605273
-0.00478839 0.00315809 -0.605272
-0.00464046 0.00315809 -0.605271
-0.00493633 0.00301015 -0.605273
-0.00478839 0.00301015 -0.605272
-0.00464046 0.00301015 -0.605271
-0.00493633 0.00286222 -0.605273
-0.00478839 0.00286222 -0.605272
-0.00464046 0.00286222 -0.605271
-0.00493633 0.00271429 -0.605273
-0.00478839 0.00271429 -0.605272
-0.00464046 0.00271429 -0.605272
-0.00493633 0.00256635 -0.605273
-0.00478839 0.00256635 -0.605272
-0.00464046 0.00256635 -0.605272
-0.00493633 0.00241842 -0.605273
-0.00478839 0.00241842 -0.605272
-0.00464046 0.00241842 -0.605272
-0.00493633 0.00227048 -0.605273
-0.00478839 0.00227048 -0.605272
-0.00464046 0.00227048 -0.605272
-0.00493633 0.00212255 -0.605273
-0.00478839 0.00212255 -0.605273
-0.00464046 0.00212255 -0.605272
-0.00493633 0.00197462 -0.605273
-0.00478839 0.00197462 -0.605273
-0.00464046 0.00197462 -0.605272
-0.00493633 0.00182668 -0.605273
-0.00478839 0.00182668 -0.605273
-0.00464046 0.00182668 -0.605272
-0.00493633 0.00167875 -0.605274
-0.00478839 0.00167875 -0.605273
-0.00464046 0.00167875 -0.605272
-0.00493633 0.00153081 -0.605274
-0.00478839 0.00153081 -0.605273
-0.00464046 0.00153081 -0.605272
-0.00493633 0.00138288 -0.605274
-0.00478839 0.00138288 -0.605273
-0.00464046 0.00138288 -0.605272
-0.00493633 0.00123494 -0.605274
-0.00478839 0.00123494 -0.605273
-0.00464046 0.00123494 -0.605273
-0.00493633 0.00108701 -0.605274
-0.00478839 0.00108701 -0.605273
-0.00464046 0.00108701 -0.605273
-0.00493633 0.000939075 -0.605274
-0.00478839 0.000939075 -0.605273
-0.00464046 0.000939075 -0.605273
-0.00493633 0.000791141 -0.605274
-0.00478839 0.000791141 -0.605273
-0.00464046 0.000791141 -0.605273
-0.00493633 0.000643207 -0.605274
-0.00478839 0.000643207 -0.605274
-0.00464046 0.000643207 -0.605273
-0.00493633 0.000495273 -0.605274
-0.00478839 0.000495273 -0.605274
-0.00464046 0.000495273 -0.605273
-0.00493633 0.000347338 -0.605274
-0.00478839 0.000347338 -0.605274
-0.00464046 0.000347338 -0.605273
-0.00493633 0.000199404 -0.605274
-0.00478839 0.000199404 -0.605274
-0.00464046 0.000199404 -0.605273
-0.00493633 5.14698e-05 -0.605275
-0.00478839 5.14698e-05 -0.605274
-0.00464046 5.14698e-05 -0.605273
-0.00493633 -9.64644e-05 -0.605275
-0.00478839 -9.64644e-05 -0.605274
-0.00464046 -9.64644e-05 -0.605273
-0.00493633 -0.000244399 -0.605275
-0.00478839 -0.000244399 -0.605274
-0.00464046 -0.000244399 -0.605273
-0.00493633 -0.000392333 -0.605275
-0.00478839 -0.000392333 -0.605274
-0.00464046 -0.000392333 -0.605274
-0.00493633 -0.000540267 -0.605275
-0.00478839 -0.000540267 -0.605274
-0.00464046 -0.000540267 -0.605274
-0.00493633 -0.000688201 -0.605275
-0.00478839 -0.000688201 -0.605274
-0.00464046 -0.000688201 -0.605274
-0.00493633 -0.000836136 -0.605275
-0.00478839 -0.000836136 -0.605274
-0.00464046 -0.000836136 -0.605274
-0.00493633 -0.00098407 -0.605275
-0.00478839 -0.00098407 -0.605275
-0.00464046 -0.00098407 -0.605274
-0.00493633 -0.001132 -0.605275
-0.00478839 -0.001132 -0.605275
-0.00464046 -0.001132 -0.605274
-0.00493633 -0.00127994 -0.605275
-0.00478839 -0.00127994 -0.605275
-0.00464046 -0.00127994 -0.605274
-0.00493633 -0.00142787 -0.605276
-0.00478839 -0.00142787 -0.605275
-0.00464046 -0.00142787 -0.605274
-0.00493633 -0.00157581 -0.605276
-0.00478839 -0.00157581 -0.605275
-0.00464046 -0.00157581 -0.605274
