-0.00628186 -0.0242263 -0.536458
-0.00649595 -0.0242263 -0.536458
-0.00671003 -0.0242263 -0.536457
-0.00628186 -0.0240122 -0.536458
-0.00649595 -0.0240122 -0.536458
-0.00671003 -0.0240122 -0.536457
-0.00628186 -0.0237981 -0.536459
-0.00649595 -0.0237981 -0.536458
-0.00671003 -0.0237981 -0.536457
-0.00628186 -0.0235841 -0.536459
-0.00649595 -0.0235841 -0.536458
-0.00671003 -0.0235841 -0.536458
-0.00628186 -0.02337 -0.536459
-0.00649595 -0.02337 -0.536458
-0.00671003 -0.02337 -0.536458
-0.00628186 -0.0231559 -0.536459
-0.00649595 -0.0231559 -0.536459
-0.00671003 -0.0231559 -0.536458
-0.00628186 -0.0229418 -0.536459
-0.00649595 -0.0229418 -0.536459
-0.00671003 -0.0229418 -0.536458
-0.00628186 -0.0227277 -0.53646
-0.00649595 -0.0227277 -0.536459
-0.00671003 -0.0227277 -0.536458
-0.00628186 -0.0225136 -0.53646
-0.00649595 -0.0225136 -0.536459
-0.00671003 -0.0225136 -0.536459
-0.00628186 -0.0222996 -0.53646
-0.00649595 -0.0222996 -0.536459
-0.00671003 -0.0222996 -0.536459
-0.00628186 -0.0220855 -0.53646
-0.00649595 -0.0220855 -0.53646
-0.00671003 -0.0220855 -0.536459
-0.00628186 -0.0218714 -0.53646
-0.00649595 -0.0218714 -0.53646
-0.00671003 -0.0218714 -0.536459
-0.00628186 -0.0216573 -0.53646
-0.00649595 -0.0216573 -0.53646
-0.00671003 -0.0216573 -0.536459
-0.00628186 -0.0214432 -0.536461
-0.00649595 -0.0214432 -0.53646
-0.00671003 -0.0214432 -0.53646
-0.00628186 -0.0212291 -0.536461
-0.00649595 -0.0212291 -0.53646
-0.00671003 -0.0212291 -0.53646
-0.00628186 -0.021015 -0.536461
-0.00649595 -0.021015 -0.53646
-0.00671003 -0.021015 -0.53646
-0.00628186 -0.020801 -0.536461
-0.00649595 -0.020801 -0.536461
-0.00671003 -0.020801 -0.53646
-0.00628186 -0.0205869 -0.536461
-0.00649595 -0.0205869 -0.536461
-0.00671003 -0.0205869 -0.53646
-0.00628186 -0.0203728 -0.536462
-0.00649595 -0.0203728 -0.536461
-0.00671003 -0.0203728 -0.53646
-0.00628186 -0.0201587 -0.536462
-0.00649595 -0.0201587 -0.536461
-0.00671003 -0.0201587 -0.536461
-0.00628186 -0.0199446 -0.536462
-0.00649595 -0.0199446 -0.536461
-0.00671003 -0.0199446 -0.536461
-0.00628186 -0.0197305 -0.536462
-0.00649595 -0.0197305 -0.536462
-0.00671003 -0.0197305 -0.536461
-0.00628186 -0.0195165 -0.536462
-0.00649595 -0.0195165 -0.536462
-0.00671003 -0.0195165 -0.536461
-0.00628186 -0.0193024 -0.536462
-0.00649595 -0.0193024 -0.536462
-0.00671003 -0.0193024 -0.536461
-0.00628186 -0.0190883 -0.536463
-0.00649595 -0.0190883 -0.536462
-0.00671003 -0.0190883 -0.536462
-0.00628186 -0.0188742 -0.536463
-0.00649595 -0.0188742 -0.536462
-0.00671003 -0.0188742 -0.536462
-0.00628186 -0.0186601 -0.536463
-0.00649595 -0.0186601 -0.536462
-0.00671003 -0.0186601 -0.536462
-0.00628186 -0.018446 -0.536463
-0.00649595 -0.018446 -0.536463
-0.00671003 -0.018446 -0.536462
-0.00628186 -0.018232 -0.536463
-0.00649595 -0.018232 -0.536463
-0.00671003 -0.018232 -0.536462
-0.00628186 -0.0180179 -0.536464
-0.00649595 -0.0180179 -0.536463
-0.00671003 -0.0180179 -0.536463
-0.00628186 -0.0178038 -0.536464
-0.00649595 -0.0178038 -0.536463
-0.00671003 -0.0178038 -0.536463
-0.00628186 -0.0175897 -0.536464
-0.00649595 -0.0175897 -0.536463
-0.00671003 -0.0175897 -0.536463
-0.00628186 -0.0173756 -0.536464
-0.00649595 -0.0173756 -0.536464
-0.00671003 -0.0173756 -0.536463
-0.00628186 -0.0171615 -0.536464
-0.00649595 -0.0171615 -0.536464
-0.00671003 -0.0171615 -0.536463
-0.00628186 -0.0169475 -0.536465
-0.00649595 -0.0169475 -0.536464
-0.00671003 -0.0169475 -0.536463
-0.00628186 -0.0167334 -0.536465
-0.00649595 -0.0167334 -0.536464
-0.00671003 -0.0167334 -0.536464
-0.00628186 -0.0165193 -0.536465
-0.00649595 -0.0165193 -0.536464
-0.00671003 -0.0165193 -0.536464
-0.00628186 -0.0163052 -0.536465
-0.00649595 -0.0163052 -0.536465
-0.00671003 -0.0163052 -0.536464
-0.00628186 -0.0160911 -0.536465
-0.00649595 -0.0160911 -0.536465
-0.00671003 -0.0160911 -0.536464
-0.00628186 -0.015877 -0.536466
-0.00649595 -0.015877 -0.536465
-0.00671003 -0.015877 -0.536464
-0.00628186 -0.015663 -0.536466
-0.00649595 -0.015663 -0.536465
-0.00671003 -0.015663 -0.536465
-0.00628186 -0.0154489 -0.536466
-0.00649595 -0.0154489 -0.536465
-0.00671003 -0.0154489 -0.536465
-0.00628186 -0.0152348 -0.536466
-0.00649595 -0.0152348 -0.536466
-0.00671003 -0.0152348 -0.536465
-0.00628186 -0.0150207 -0.536466
-0.00649595 -0.0150207 -0.536466
-0.00671003 -0.0150207 -0.536465
-0.00628186 -0.0148066 -0.536466
-0.00649595 -0.0148066 -0.536466
-0.00671003 -0.0148066 -0.536465
-0.00628186 -0.0145925 -0.536467
-0.00649595 -0.0145925 -0.536466
-0.00671003 -0.0145925 -0.536466
-0.00628186 -0.0143785 -0.536467
-0.00649595 -0.0143785 -0.536466
-0.00671003 -0.0143785 -0.536466
-0.00628186 -0.0141644 -0.536467
-0.00649595 -0.0141644 -0.536466
-0.00671003 -0.0141644 -0.536466
-0.00628186 -0.0139503 -0.536467
-0.00649595 -0.0139503 -0.536467
-0.00671003 -0.0139503 -0.536466
-0.00628186 -0.0137362 -0.536467
-0.00649595 -0.0137362 -0.536467
-0.00671003 -0.0137362 -0.536466
-0.00628186 -0.0135221 -0.536468
-0.00649595 -0.0135221 -0.536467
-0.00671003 -0.0135221 -0.536466
-0.00628186 -0.013308 -0.536468
-0.00649595 -0.013308 -0.536467
-0.00671003 -0.013308 -0.536467
-0.00628186 -0.013094 -0.536468
-0.00649595 -0.013094 -0.536467
-0.00671003 -0.013094 -0.536467
-0.00628186 -0.0128799 -0.536468
-0.00649595 -0.0128799 -0.536468
-0.00671003 -0.0128799 -0.536467
-0.00628186 -0.0126658 -0.536468
-0.00649595 -0.0126658 -0.536468
-0.00671003 -0.0126658 -0.536467
-0.00628186 -0.0124517 -0.536469
-0.00649595 -0.0124517 -0.536468
-0.00671003 -0.0124517 -0.536467
-0.00628186 -0.0122376 -0.536469
-0.00649595 -0.0122376 -0.536468
-0.00671003 -0.0122376 -0.536468
-0.00628186 -0.0120235 -0.536469
-0.00649595 -0.0120235 -0.536468
-0.00671003 -0.0120235 -0.536468
-0.00628186 -0.0118094 -0.536469
-0.00649595 -0.0118094 -0.536469
-0.00671003 -0.0118094 -0.536468
-0.00628186 -0.0115954 -0.536469
-0.00649595 -0.0115954 -0.536469
-0.00671003 -0.0115954 -0.536468
-0.00628186 -0.0113813 -0.536469
-0.00649595 -0.0113813 -0.536469
-0.00671003 -0.0113813 -0.536468
-0.00628186 -0.0111672 -0.53647
-0.00649595 -0.0111672 -0.536469
-0.00671003 -0.0111672 -0.536469
-0.00628186 -0.0109531 -0.53647
-0.00649595 -0.0109531 -0.536469
-0.00671003 -0.0109531 -0.536469
-0.00628186 -0.010739 -0.53647
-0.00649595 -0.010739 -0.53647
-0.00671003 -0.010739 -0.536469
-0.00628186 -0.0105249 -0.53647
-0.00649595 -0.0105249 -0.53647
-0.00671003 -0.0105249 -0.536469
-0.00628186 -0.0103109 -0.53647
-0.00649595 -0.0103109 -0.53647
-0.00671003 -0.0103109 -0.536469
-0.00628186 -0.0100968 -0.536471
-0.00649595 -0.0100968 -0.53647
-0.00671003 -0.0100968 -0.53647
-0.00628186 -0.0098827 -0.536471
-0.00649595 -0.0098827 -0.53647
-0.00671003 -0.0098827 -0.53647
-0.00628186 -0.00966861 -0.536471
-0.00649595 -0.00966861 -0.53647
-0.00671003 -0.00966861 -0.53647
-0.00628186 -0.00945453 -0.536471
-0.00649595 -0.00945453 -0.536471
-0.00671003 -0.00945453 -0.53647
-0.00628186 -0.00924044 -0.536471
-0.00649595 -0.00924044 -0.536471
-0.00671003 -0.00924044 -0.53647
-0.00628186 -0.00902636 -0.536472
-0.00649595 -0.00902636 -0.536471
-0.00671003 -0.00902636 -0.53647
-0.00628186 -0.00881228 -0.536472
-0.00649595 -0.00881228 -0.536471
-0.00671003 -0.00881228 -0.536471
-0.00628186 -0.00859819 -0.536472
-0.00649595 -0.00859819 -0.536471
-0.00671003 -0.00859819 -0.536471
-0.00628186 -0.00838411 -0.536472
-0.00649595 -0.00838411 -0.536472
-0.00671003 -0.00838411 -0.536471
-0.00628186 -0.00817003 -0.536472
-0.00649595 -0.00817003 -0.536472
-0.00671003 -0.00817003 -0.536471
-0.00628186 -0.00795594 -0.536472
-0.00649595 -0.00795594 -0.536472
-0.00671003 -0.00795594 -0.536471
-0.00628186 -0.00774186 -0.536473
-0.00649595 -0.00774186 -0.536472
-0.00671003 -0.00774186 -0.536472
-0.00628186 -0.00752777 -0.536473
-0.00649595 -0.00752777 -0.536472
-0.00671003 -0.00752777 -0.536472
-0.00628186 -0.00731369 -0.536473
-0.00649595 -0.00731369 -0.536472
-0.00671003 -0.00731369 -0.536472
-0.00628186 -0.00709961 -0.536473
-0.00649595 -0.00709961 -0.536473
-0.00671003 -0.00709961 -0.536472
-0.00628186 -0.00688552 -0.536473
-0.00649595 -0.00688552 -0.536473
-0.00671003 -0.00688552 -0.536472
-0.00628186 -0.00667144 -0.536474
-0.00649595 -0.00667144 -0.536473
-0.00671003 -0.00667144 -0.536472
-0.00628186 -0.00645736 -0.536474
-0.00649595 -0.00645736 -0.536473
-0.00671003 -0.00645736 -0.536473
-0.00628186 -0.00624327 -0.536474
-0.00649595 -0.00624327 -0.536473
-0.00671003 -0.00624327 -0.536473
-0.00628186 -0.00602919 -0.536474
-0.00649595 -0.00602919 -0.536474
-0.00671003 -0.00602919 -0.536473
-0.00628186 -0.0058151 -0.536474
-0.00649595 -0.0058151 -0.536474
-0.00671003 -0.0058151 -0.536473
-0.00628186 -0.00560102 -0.536475
-0.00649595 -0.00560102 -0.536474
-0.00671003 -0.00560102 -0.536473
-0.00628186 -0.00538694 -0.536475
-0.00649595 -0.00538694 -0.536474
-0.00671003 -0.00538694 -0.536474
-0.00628186 -0.00517285 -0.536475
-0.00649595 -0.00517285 -0.536474
-0.00671003 -0.00517285 -0.536474
-0.00628186 -0.00495877 -0.536475
-0.00649595 -0.00495877 -0.536475
-0.00671003 -0.00495877 -0.536474
-0.00628186 -0.00474469 -0.536475
-0.00649595 -0.00474469 -0.536475
-0.00671003 -0.00474469 -0.536474
-0.00628186 -0.0045306 -0.536476
-0.00649595 -0.0045306 -0.536475
-0.00671003 -0.0045306 -0.536474
-0.00628186 -0.00431652 -0.536476
-0.00649595 -0.00431652 -0.536475
-0.00671003 -0.00431652 -0.536475
-0.00628186 -0.00410243 -0.536476
-0.00649595 -0.00410243 -0.536475
-0.00671003 -0.00410243 -0.536475
-0.00628186 -0.00388835 -0.536476
-0.00649595 -0.00388835 -0.536476
-0.00671003 -0.00388835 -0.536475
-0.00628186 -0.00367427 -0.536476
-0.00649595 -0.00367427 -0.536476
-0.00671003 -0.00367427 -0.536475
-0.00628186 -0.00346018 -0.536476
-0.00649595 -0.00346018 -0.536476
-0.00671003 -0.00346018 -0.536475
-0.00628186 -0.0032461 -0.536477
-0.00649595 -0.0032461 -0.536476
-0.00671003 -0.0032461 -0.536476
-0.00628186 -0.00303202 -0.536477
-0.00649595 -0.00303202 -0.536476
-0.00671003 -0.00303202 -0.536476
-0.00628186 -0.00281793 -0.536477
-0.00649595 -0.00281793 -0.536476
-0.00671003 -0.00281793 -0.536476
-0.00628186 -0.00260385 -0.536477
-0.00649595 -0.00260385 -0.536477
-0.00671003 -0.00260385 -0.536476
-0.00628186 -0.00238977 -0.536477
-0.00649595 -0.00238977 -0.536477
-0.00671003 -0.00238977 -0.536476
-0.00628186 -0.00217568 -0.536478
-0.00649595 -0.00217568 -0.536477
-0.00671003 -0.00217568 -0.536476
-0.00628186 -0.0019616 -0.536478
-0.00649595 -0.0019616 -0.536477
-0.00671003 -0.0019616 -0.536477
-0.00628186 -0.00174751 -0.536478
-0.00649595 -0.00174751 -0.536477
-0.00671003 -0.00174751 -0.536477
-0.00628186 -0.00153343 -0.536478
-0.00649595 -0.00153343 -0.536478
-0.00671003 -0.00153343 -0.536477
-0.00628186 -0.00131935 -0.536478
-0.00649595 -0.00131935 -0.536478
-0.00671003 -0.00131935 -0.536477
-0.00628186 -0.00110526 -0.536479
-0.00649595 -0.00110526 -0.536478
-0.00671003 -0.00110526 -0.536477
-0.00628186 -0.000891179 -0.536479
-0.00649595 -0.000891179 -0.536478
-0.00671003 -0.000891179 -0.536478
-0.00628186 -0.000677095 -0.536479
-0.00649595 -0.000677095 -0.536478
-0.00671003 -0.000677095 -0.536478
