0.00547362 -0.130471 -1.50421
0.00413891 -0.130471 -1.50421
0.00280421 -0.130471 -1.50421
0.00547362 -0.129136 -1.50421
0.00413891 -0.129136 -1.50421
0.00280421 -0.129136 -1.50421
0.00547362 -0.127801 -1.50421
0.00413891 -0.127801 -1.50421
0.00280421 -0.127801 -1.50421
0.00547362 -0.126466 -1.50421
0.00413891 -0.126466 -1.50421
0.00280421 -0.126466 -1.50421
0.00547362 -0.125132 -1.50421
0.00413891 -0.125132 -1.50421
0.00280421 -0.125132 -1.5042
0.00547362 -0.123797 -1.50421
0.00413891 -0.123797 -1.50421
0.00280421 -0.123797 -1.5042
0.00547362 -0.122462 -1.50421
0.00413891 -0.122462 -1.50421
0.00280421 -0.122462 -1.5042
0.00547362 -0.121128 -1.50421
0.00413891 -0.121128 -1.5042
0.00280421 -0.121128 -1.5042
0.00547362 -0.119793 -1.50421
0.00413891 -0.119793 -1.5042
0.00280421 -0.119793 -1.5042
0.00547362 -0.118458 -1.50421
0.00413891 -0.118458 -1.5042
0.00280421 -0.118458 -1.5042
0.00547362 -0.117123 -1.5042
0.00413891 -0.117123 -1.5042
0.00280421 -0.117123 -1.5042
0.00547362 -0.115789 -1.5042
0.00413891 -0.115789 -1.5042
0.00280421 -0.115789 -1.5042
0.00547362 -0.114454 -1.5042
0.00413891 -0.114454 -1.5042
0.00280421 -0.114454 -1.5042
0.00547362 -0.113119 -1.5042
0.00413891 -0.113119 -1.5042
0.00280421 -0.113119 -1.5042
0.00547362 -0.111785 -1.5042
0.00413891 -0.111785 -1.5042
0.00280421 -0.111785 -1.5042
0.00547362 -0.11045 -1.5042
0.00413891 -0.11045 -1.5042
0.00280421 -0.11045 -1.5042
0.00547362 -0.109115 -1.5042
0.00413891 -0.109115 -1.5042
0.00280421 -0.109115 -1.5042
0.00547362 -0.107781 -1.5042
0.00413891 -0.107781 -1.5042
0.00280421 -0.107781 -1.5042
0.00547362 -0.106446 -1.5042
0.00413891 -0.106446 -1.5042
0.00280421 -0.106446 -1.5042
0.00547362 -0.105111 -1.5042
0.00413891 -0.105111 -1.5042
0.00280421 -0.105111 -1.5042
0.00547362 -0.103776 -1.5042
0.00413891 -0.103776 -1.5042
0.00280421 -0.103776 -1.5042
0.00547362 -0.102442 -1.5042
0.00413891 -0.102442 -1.5042
0.00280421 -0.102442 -1.5042
0.00547362 -0.101107 -1.5042
0.00413891 -0.101107 -1.5042
0.00280421 -0.101107 -1.5042
0.00547362 -0.0997723 -1.5042
0.00413891 -0.0997723 -1.5042
0.00280421 -0.0997723 -1.5042
0.00547362 -0.0984376 -1.5042
0.00413891 -0.0984376 -1.5042
0.00280421 -0.0984376 -1.5042
0.00547362 -0.0971029 -1.5042
0.00413891 -0.0971029 -1.5042
0.00280421 -0.0971029 -1.5042
0.00547362 -0.0957682 -1.5042
0.00413891 -0.0957682 -1.5042
0.00280421 -0.0957682 -1.5042
0.00547362 -0.0944335 -1.5042
0.00413891 -0.0944335 -1.5042
0.00280421 -0.0944335 -1.5042
0.00547362 -0.0930988 -1.5042
0.00413891 -0.0930988 -1.5042
0.00280421 -0.0930988 -1.5042
0.00547362 -0.0917641 -1.5042
0.00413891 -0.0917641 -1.5042
0.00280421 -0.0917641 -1.50419
0.00547362 -0.0904294 -1.5042
0.00413891 -0.0904294 -1.5042
0.00280421 -0.0904294 -1.50419
0.00547362 -0.0890947 -1.5042
0.00413891 -0.0890947 -1.5042
0.00280421 -0.0890947 -1.50419
0.00547362 -0.0877599 -1.5042
0.00413891 -0.0877599 -1.50419
0.00280421 -0.0877599 -1.50419
0.00547362 -0.0864252 -1.5042
0.00413891 -0.0864252 -1.50419
0.00280421 -0.0864252 -1.50419
0.00547362 -0.0850905 -1.50419
0.00413891 -0.0850905 -1.50419
0.00280421 -0.0850905 -1.50419
0.00547362 -0.0837558 -1.50419
0.00413891 -0.0837558 -1.50419
0.00280421 -0.0837558 -1.50419
0.00547362 -0.0824211 -1.50419
0.00413891 -0.0824211 -1.50419
0.00280421 -0.0824211 -1.50419
0.00547362 -0.0810864 -1.50419
0.00413891 -0.0810864 -1.50419
0.00280421 -0.0810864 -1.50419
0.00547362 -0.0797517 -1.50419
0.00413891 -0.0797517 -1.50419
0.00280421 -0.0797517 -1.50419
0.00547362 -0.078417 -1.50419
0.00413891 -0.078417 -1.50419
0.00280421 -0.078417 -1.50419
0.00547362 -0.0770823 -1.50419
0.00413891 -0.0770823 -1.50419
0.00280421 -0.0770823 -1.50419
0.00547362 -0.0757476 -1.50419
0.00413891 -0.0757476 -1.50419
0.00280421 -0.0757476 -1.50419
0.00547362 -0.0744129 -1.50419
0.00413891 -0.0744129 -1.50419
0.00280421 -0.0744129 -1.50419
0.00547362 -0.0730782 -1.50419
0.00413891 -0.0730782 -1.50419
0.00280421 -0.0730782 -1.50419
0.00547362 -0.0717435 -1.50419
0.00413891 -0.0717435 -1.50419
0.00280421 -0.0717435 -1.50419
0.00547362 -0.0704088 -1.50419
0.00413891 -0.0704088 -1.50419
0.00280421 -0.0704088 -1.50419
0.00547362 -0.0690741 -1.50419
0.00413891 -0.0690741 -1.50419
0.00280421 -0.0690741 -1.50419
0.00547362 -0.0677394 -1.50419
0.00413891 -0.0677394 -1.50419
0.00280421 -0.0677394 -1.50419
0.00547362 -0.0664046 -1.50419
0.00413891 -0.0664046 -1.50419
0.00280421 -0.0664046 -1.50419
0.00547362 -0.0650699 -1.50419
0.00413891 -0.0650699 -1.50419
0.00280421 -0.0650699 -1.50419
0.00547362 -0.0637352 -1.50419
0.00413891 -0.0637352 -1.50419
0.00280421 -0.0637352 -1.50419
0.00547362 -0.0624005 -1.50419
0.00413891 -0.0624005 -1.50419
0.00280421 -0.0624005 -1.50419
0.00547362 -0.0610658 -1.50419
0.00413891 -0.0610658 -1.50419
0.00280421 -0.0610658 -1.50419
0.00547362 -0.0597311 -1.50419
0.00413891 -0.0597311 -1.50419
0.00280421 -0.0597311 -1.50418
0.00547362 -0.0583964 -1.50419
0.00413891 -0.0583964 -1.50419
0.00280421 -0.0583964 -1.50418
0.00547362 -0.0570617 -1.50419
0.00413891 -0.0570617 -1.50419
0.00280421 -0.0570617 -1.50418
0.00547362 -0.055727 -1.50419
0.00413891 -0.055727 -1.50418
0.00280421 -0.055727 -1.50418
0.00547362 -0.0543923 -1.50419
0.00413891 -0.0543923 -1.50418
0.00280421 -0.0543923 -1.50418
0.00547362 -0.0530576 -1.50419
0.00413891 -0.0530576 -1.50418
0.00280421 -0.0530576 -1.50418
0.00547362 -0.0517229 -1.50418
0.00413891 -0.0517229 -1.50418
0.00280421 -0.0517229 -1.50418
0.00547362 -0.0503882 -1.50418
0.00413891 -0.0503882 -1.50418
0.00280421 -0.0503882 -1.50418
0.00547362 -0.0490535 -1.50418
0.00413891 -0.0490535 -1.50418
0.00280421 -0.0490535 -1.50418
0.00547362 -0.0477188 -1.50418
0.00413891 -0.0477188 -1.50418
0.00280421 -0.0477188 -1.50418
0.00547362 -0.0463841 -1.50418
0.00413891 -0.0463841 -1.50418
0.00280421 -0.0463841 -1.50418
0.00547362 -0.0450494 -1.50418
0.00413891 -0.0450494 -1.50418
0.00280421 -0.0450494 -1.50418
0.00547362 -0.0437146 -1.50418
0.00413891 -0.0437146 -1.50418
0.00280421 -0.0437146 -1.50418
0.00547362 -0.0423799 -1.50418
0.00413891 -0.0423799 -1.50418
0.00280421 -0.0423799 -1.50418
0.00547362 -0.0410452 -1.50418
0.00413891 -0.0410452 -1.50418
0.00280421 -0.0410452 -1.50418
0.00547362 -0.0397105 -1.50418
0.00413891 -0.0397105 -1.50418
0.00280421 -0.0397105 -1.50418
0.00547362 -0.0383758 -1.50418
0.00413891 -0.0383758 -1.50418
0.00280421 -0.0383758 -1.50418
0.00547362 -0.0370411 -1.50418
0.00413891 -0.0370411 -1.50418
0.00280421 -0.0370411 -1.50418
0.00547362 -0.0357064 -1.50418
0.00413891 -0.0357064 -1.50418
0.00280421 -0.0357064 -1.50418
0.00547362 -0.0343717 -1.50418
0.00413891 -0.0343717 -1.50418
0.00280421 -0.0343717 -1.50418
0.00547362 -0.033037 -1.50418
0.00413891 -0.033037 -1.50418
0.00280421 -0.033037 -1.50418
0.00547362 -0.0317023 -1.50418
0.00413891 -0.0317023 -1.50418
0.00280421 -0.0317023 -1.50418
0.00547362 -0.0303676 -1.50418
0.00413891 -0.0303676 -1.50418
0.00280421 -0.0303676 -1.50418
0.00547362 -0.0290329 -1.50418
0.00413891 -0.0290329 -1.50418
0.00280421 -0.0290329 -1.50418
0.00547362 -0.0276982 -1.50418
0.00413891 -0.0276982 -1.50418
0.00280421 -0.0276982 -1.50418
0.00547362 -0.0263635 -1.50418
0.00413891 -0.0263635 -1.50418
0.00280421 -0.0263635 -1.50417
0.00547362 -0.0250288 -1.50418
0.00413891 -0.0250288 -1.50418
0.00280421 -0.0250288 -1.50417
0.00547362 -0.023694 -1.50418
0.00413891 -0.023694 -1.50418
0.00280421 -0.023694 -1.50417
0.00547362 -0.0223593 -1.50418
0.00413891 -0.0223593 -1.50417
0.00280421 -0.0223593 -1.50417
0.00547362 -0.0210246 -1.50418
0.00413891 -0.0210246 -1.50417
0.00280421 -0.0210246 -1.50417
0.00547362 -0.0196899 -1.50417
0.00413891 -0.0196899 -1.50417
0.00280421 -0.0196899 -1.50417
0.00547362 -0.0183552 -1.50417
0.00413891 -0.0183552 -1.50417
0.00280421 -0.0183552 -1.50417
0.00547362 -0.0170205 -1.50417
0.00413891 -0.0170205 -1.50417
0.00280421 -0.0170205 -1.50417
0.00547362 -0.0156858 -1.50417
0.00413891 -0.0156858 -1.50417
0.00280421 -0.0156858 -1.50417
0.00547362 -0.0143511 -1.50417
0.00413891 -0.0143511 -1.50417
0.00280421 -0.0143511 -1.50417
0.00547362 -0.0130164 -1.50417
0.00413891 -0.0130164 -1.50417
0.00280421 -0.0130164 -1.50417
0.00547362 -0.0116817 -1.50417
0.00413891 -0.0116817 -1.50417
0.00280421 -0.0116817 -1.50417
0.00547362 -0.010347 -1.50417
0.00413891 -0.010347 -1.50417
0.00280421 -0.010347 -1.50417
0.00547362 -0.00901228 -1.50417
0.00413891 -0.00901228 -1.50417
0.00280421 -0.00901228 -1.50417
0.00547362 -0.00767758 -1.50417
0.00413891 -0.00767758 -1.50417
0.00280421 -0.00767758 -1.50417
0.00547362 -0.00634287 -1.50417
0.00413891 -0.00634287 -1.50417
0.00280421 -0.00634287 -1.50417
0.00547362 -0.00500816 -1.50417
0.00413891 -0.00500816 -1.50417
0.00280421 -0.00500816 -1.50417
0.00547362 -0.00367346 -1.50417
0.00413891 -0.00367346 -1.50417
0.00280421 -0.00367346 -1.50417
0.00547362 -0.00233875 -1.50417
0.00413891 -0.00233875 -1.50417
0.00280421 -0.00233875 -1.50417
0.00547362 -0.00100405 -1.50417
0.00413891 -0.00100405 -1.50417
0.00280421 -0.00100405 -1.50417
0.00547362 0.00033066 -1.50417
0.00413891 0.00033066 -1.50417
0.00280421 0.00033066 -1.50417
0.00547362 0.00166537 -1.50417
0.00413891 0.00166537 -1.50417
0.00280421 0.00166537 -1.50417
0.00547362 0.00300007 -1.50417
0.00413891 0.00300007 -1.50417
0.00280421 0.00300007 -1.50417
0.00547362 0.00433478 -1.50417
0.00413891 0.00433478 -1.50417
0.00280421 0.00433478 -1.50417
0.00547362 0.00566948 -1.50417
0.00413891 0.00566948 -1.50417
0.00280421 0.00566948 -1.50417
0.00547362 0.00700419 -1.50417
0.00413891 0.00700419 -1.50417
0.00280421 0.00700419 -1.50416
0.00547362 0.0083389 -1.50417
0.00413891 0.0083389 -1.50417
0.00280421 0.0083389 -1.50416
0.00547362 0.0096736 -1.50417
0.00413891 0.0096736 -1.50416
0.00280421 0.0096736 -1.50416
0.00547362 0.0110083 -1.50417
0.00413891 0.0110083 -1.50416
0.00280421 0.0110083 -1.50416
0.00547362 0.012343 -1.50417
0.00413891 0.012343 -1.50416
0.00280421 0.012343 -1.50416
0.00547362 0.0136777 -1.50416
0.00413891 0.0136777 -1.50416
0.00280421 0.0136777 -1.50416
0.00547362 0.0150124 -1.50416
0.00413891 0.0150124 -1.50416
0.00280421 0.0150124 -1.50416
0.00547362 0.0163471 -1.50416
0.00413891 0.0163471 -1.50416
0.00280421 0.0163471 -1.50416
