0.00868974 -0.0546584 -1.51977
0.00774748 -0.0546584 -1.51976
0.00680523 -0.0546584 -1.51976
0.00868974 -0.0537162 -1.51977
0.00774748 -0.0537162 -1.51976
0.00680523 -0.0537162 -1.51976
0.00868974 -0.0527739 -1.51977
0.00774748 -0.0527739 -1.51976
0.00680523 -0.0527739 -1.51976
0.00868974 -0.0518317 -1.51977
0.00774748 -0.0518317 -1.51976
0.00680523 -0.0518317 -1.51975
0.00868974 -0.0508894 -1.51977
0.00774748 -0.0508894 -1.51976
0.00680523 -0.0508894 -1.51975
0.00868974 -0.0499472 -1.51977
0.00774748 -0.0499472 -1.51976
0.00680523 -0.0499472 -1.51975
0.00868974 -0.0490049 -1.51976
0.00774748 -0.0490049 -1.51976
0.00680523 -0.0490049 -1.51975
0.00868974 -0.0480626 -1.51976
0.00774748 -0.0480626 -1.51976
0.00680523 -0.0480626 -1.51975
0.00868974 -0.0471204 -1.51976
0.00774748 -0.0471204 -1.51976
0.00680523 -0.0471204 -1.51975
0.00868974 -0.0461781 -1.51976
0.00774748 -0.0461781 -1.51976
0.00680523 -0.0461781 -1.51975
0.00868974 -0.0452359 -1.51976
0.00774748 -0.0452359 -1.51976
0.00680523 -0.0452359 -1.51975
0.00868974 -0.0442936 -1.51976
0.00774748 -0.0442936 -1.51976
0.00680523 -0.0442936 -1.51975
0.00868974 -0.0433514 -1.51976
0.00774748 -0.0433514 -1.51976
0.00680523 -0.0433514 -1.51975
0.00868974 -0.0424091 -1.51976
0.00774748 -0.0424091 -1.51976
0.00680523 -0.0424091 -1.51975
0.00868974 -0.0414669 -1.51976
0.00774748 -0.0414669 -1.51976
0.00680523 -0.0414669 -1.51975
0.00868974 -0.0405246 -1.51976
0.00774748 -0.0405246 -1.51976
0.00680523 -0.0405246 -1.51975
0.00868974 -0.0395823 -1.51976
0.00774748 -0.0395823 -1.51976
0.00680523 -0.0395823 -1.51975
0.00868974 -0.0386401 -1.51976
0.00774748 -0.0386401 -1.51976
0.00680523 -0.0386401 -1.51975
0.00868974 -0.0376978 -1.51976
0.00774748 -0.0376978 -1.51976
0.00680523 -0.0376978 -1.51975
0.00868974 -0.0367556 -1.51976
0.00774748 -0.0367556 -1.51976
0.00680523 -0.0367556 -1.51975
0.00868974 -0.0358133 -1.51976
0.00774748 -0.0358133 -1.51976
0.00680523 -0.0358133 -1.51975
0.00868974 -0.0348711 -1.51976
0.00774748 -0.0348711 -1.51976
0.00680523 -0.0348711 -1.51975
0.00868974 -0.0339288 -1.51976
0.00774748 -0.0339288 -1.51976
0.00680523 -0.0339288 -1.51975
0.00868974 -0.0329865 -1.51976
0.00774748 -0.0329865 -1.51976
0.00680523 -0.0329865 -1.51975
0.00868974 -0.0320443 -1.51976
0.00774748 -0.0320443 -1.51976
0.00680523 -0.0320443 -1.51975
0.00868974 -0.031102 -1.51976
0.00774748 -0.031102 -1.51976
0.00680523 -0.031102 -1.51975
0.00868974 -0.0301598 -1.51976
0.00774748 -0.0301598 -1.51976
0.00680523 -0.0301598 -1.51975
0.00868974 -0.0292175 -1.51976
0.00774748 -0.0292175 -1.51976
0.00680523 -0.0292175 -1.51975
0.00868974 -0.0282753 -1.51976
0.00774748 -0.0282753 -1.51976
0.00680523 -0.0282753 -1.51975
0.00868974 -0.027333 -1.51976
0.00774748 -0.027333 -1.51976
0.00680523 -0.027333 -1.51975
0.00868974 -0.0263907 -1.51976
0.00774748 -0.0263907 -1.51975
0.00680523 -0.0263907 -1.51975
0.00868974 -0.0254485 -1.51976
0.00774748 -0.0254485 -1.51975
0.00680523 -0.0254485 -1.51975
0.00868974 -0.0245062 -1.51976
0.00774748 -0.0245062 -1.51975
0.00680523 -0.0245062 -1.51975
0.00868974 -0.023564 -1.51976
0.00774748 -0.023564 -1.51975
0.00680523 -0.023564 -1.51975
0.00868974 -0.0226217 -1.51976
0.00774748 -0.0226217 -1.51975
0.00680523 -0.0226217 -1.51975
0.00868974 -0.0216795 -1.51976
0.00774748 -0.0216795 -1.51975
0.00680523 -0.0216795 -1.51975
0.00868974 -0.0207372 -1.51976
0.00774748 -0.0207372 -1.51975
0.00680523 -0.0207372 -1.51975
0.00868974 -0.0197949 -1.51976
0.00774748 -0.0197949 -1.51975
0.00680523 -0.0197949 -1.51975
0.00868974 -0.0188527 -1.51976
0.00774748 -0.0188527 -1.51975
0.00680523 -0.0188527 -1.51975
0.00868974 -0.0179104 -1.51976
0.00774748 -0.0179104 -1.51975
0.00680523 -0.0179104 -1.51975
0.00868974 -0.0169682 -1.51976
0.00774748 -0.0169682 -1.51975
0.00680523 -0.0169682 -1.51975
0.00868974 -0.0160259 -1.51976
0.00774748 -0.0160259 -1.51975
0.00680523 -0.0160259 -1.51975
0.00868974 -0.0150837 -1.51976
0.00774748 -0.0150837 -1.51975
0.00680523 -0.0150837 -1.51975
0.00868974 -0.0141414 -1.51976
0.00774748 -0.0141414 -1.51975
0.00680523 -0.0141414 -1.51975
0.00868974 -0.0131992 -1.51976
0.00774748 -0.0131992 -1.51975
0.00680523 -0.0131992 -1.51975
0.00868974 -0.0122569 -1.51976
0.00774748 -0.0122569 -1.51975
0.00680523 -0.0122569 -1.51975
0.00868974 -0.0113146 -1.51976
0.00774748 -0.0113146 -1.51975
0.00680523 -0.0113146 -1.51975
0.00868974 -0.0103724 -1.51976
0.00774748 -0.0103724 -1.51975
0.00680523 -0.0103724 -1.51975
0.00868974 -0.00943012 -1.51976
0.00774748 -0.00943012 -1.51975
0.00680523 -0.00943012 -1.51975
0.00868974 -0.00848787 -1.51976
0.00774748 -0.00848787 -1.51975
0.00680523 -0.00848787 -1.51975
0.00868974 -0.00754561 -1.51976
0.00774748 -0.00754561 -1.51975
0.00680523 -0.00754561 -1.51975
0.00868974 -0.00660335 -1.51976
0.00774748 -0.00660335 -1.51975
0.00680523 -0.00660335 -1.51975
0.00868974 -0.0056611 -1.51976
0.00774748 -0.0056611 -1.51975
0.00680523 -0.0056611 -1.51975
0.00868974 -0.00471884 -1.51976
0.00774748 -0.00471884 -1.51975
0.00680523 -0.00471884 -1.51974
0.00868974 -0.00377658 -1.51976
0.00774748 -0.00377658 -1.51975
0.00680523 -0.00377658 -1.51974
0.00868974 -0.00283433 -1.51976
0.00774748 -0.00283433 -1.51975
0.00680523 -0.00283433 -1.51974
0.00868974 -0.00189207 -1.51976
0.00774748 -0.00189207 -1.51975
0.00680523 -0.00189207 -1.51974
0.00868974 -0.000949814 -1.51975
0.00774748 -0.000949814 -1.51975
0.00680523 -0.000949814 -1.51974
0.00868974 -7.55686e-06 -1.51975
0.00774748 -7.55686e-06 -1.51975
0.00680523 -7.55686e-06 -1.51974
0.00868974 0.0009347 -1.51975
0.00774748 0.0009347 -1.51975
0.00680523 0.0009347 -1.51974
0.00868974 0.00187696 -1.51975
0.00774748 0.00187696 -1.51975
0.00680523 0.00187696 -1.51974
0.00868974 0.00281921 -1.51975
0.00774748 0.00281921 -1.51975
0.00680523 0.00281921 -1.51974
0.00868974 0.00376147 -1.51975
0.00774748 0.00376147 -1.51975
0.00680523 0.00376147 -1.51974
0.00868974 0.00470373 -1.51975
0.00774748 0.00470373 -1.51975
0.00680523 0.00470373 -1.51974
0.00868974 0.00564598 -1.51975
0.00774748 0.00564598 -1.51975
0.00680523 0.00564598 -1.51974
0.00868974 0.00658824 -1.51975
0.00774748 0.00658824 -1.51975
0.00680523 0.00658824 -1.51974
0.00868974 0.0075305 -1.51975
0.00774748 0.0075305 -1.51975
0.00680523 0.0075305 -1.51974
0.00868974 0.00847275 -1.51975
0.00774748 0.00847275 -1.51975
0.00680523 0.00847275 -1.51974
0.00868974 0.00941501 -1.51975
0.00774748 0.00941501 -1.51975
0.00680523 0.00941501 -1.51974
0.00868974 0.0103573 -1.51975
0.00774748 0.0103573 -1.51975
0.00680523 0.0103573 -1.51974
0.00868974 0.0112995 -1.51975
0.00774748 0.0112995 -1.51975
0.00680523 0.0112995 -1.51974
0.00868974 0.0122418 -1.51975
0.00774748 0.0122418 -1.51975
0.00680523 0.0122418 -1.51974
0.00868974 0.013184 -1.51975
0.00774748 0.013184 -1.51975
0.00680523 0.013184 -1.51974
0.00868974 0.0141263 -1.51975
0.00774748 0.0141263 -1.51975
0.00680523 0.0141263 -1.51974
0.00868974 0.0150686 -1.51975
0.00774748 0.0150686 -1.51975
0.00680523 0.0150686 -1.51974
0.00868974 0.0160108 -1.51975
0.00774748 0.0160108 -1.51975
0.00680523 0.0160108 -1.51974
0.00868974 0.0169531 -1.51975
0.00774748 0.0169531 -1.51975
0.00680523 0.0169531 -1.51974
0.00868974 0.0178953 -1.51975
0.00774748 0.0178953 -1.51975
0.00680523 0.0178953 -1.51974
0.00868974 0.0188376 -1.51975
0.00774748 0.0188376 -1.51975
0.00680523 0.0188376 -1.51974
0.00868974 0.0197798 -1.51975
0.00774748 0.0197798 -1.51975
0.00680523 0.0197798 -1.51974
0.00868974 0.0207221 -1.51975
0.00774748 0.0207221 -1.51974
0.00680523 0.0207221 -1.51974
0.00868974 0.0216643 -1.51975
0.00774748 0.0216643 -1.51974
0.00680523 0.0216643 -1.51974
0.00868974 0.0226066 -1.51975
0.00774748 0.0226066 -1.51974
0.00680523 0.0226066 -1.51974
0.00868974 0.0235489 -1.51975
0.00774748 0.0235489 -1.51974
0.00680523 0.0235489 -1.51974
0.00868974 0.0244911 -1.51975
0.00774748 0.0244911 -1.51974
0.00680523 0.0244911 -1.51974
0.00868974 0.0254334 -1.51975
0.00774748 0.0254334 -1.51974
0.00680523 0.0254334 -1.51974
0.00868974 0.0263756 -1.51975
0.00774748 0.0263756 -1.51974
0.00680523 0.0263756 -1.51974
0.00868974 0.0273179 -1.51975
0.00774748 0.0273179 -1.51974
0.00680523 0.0273179 -1.51974
0.00868974 0.0282601 -1.51975
0.00774748 0.0282601 -1.51974
0.00680523 0.0282601 -1.51974
0.00868974 0.0292024 -1.51975
0.00774748 0.0292024 -1.51974
0.00680523 0.0292024 -1.51974
0.00868974 0.0301447 -1.51975
0.00774748 0.0301447 -1.51974
0.00680523 0.0301447 -1.51974
0.00868974 0.0310869 -1.51975
0.00774748 0.0310869 -1.51974
0.00680523 0.0310869 -1.51974
0.00868974 0.0320292 -1.51975
0.00774748 0.0320292 -1.51974
0.00680523 0.0320292 -1.51974
0.00868974 0.0329714 -1.51975
0.00774748 0.0329714 -1.51974
0.00680523 0.0329714 -1.51974
0.00868974 0.0339137 -1.51975
0.00774748 0.0339137 -1.51974
0.00680523 0.0339137 -1.51974
0.00868974 0.0348559 -1.51975
0.00774748 0.0348559 -1.51974
0.00680523 0.0348559 -1.51974
0.00868974 0.0357982 -1.51975
0.00774748 0.0357982 -1.51974
0.00680523 0.0357982 -1.51974
0.00868974 0.0367405 -1.51975
0.00774748 0.0367405 -1.51974
0.00680523 0.0367405 -1.51974
0.00868974 0.0376827 -1.51975
0.00774748 0.0376827 -1.51974
0.00680523 0.0376827 -1.51974
0.00868974 0.038625 -1.51975
0.00774748 0.038625 -1.51974
0.00680523 0.038625 -1.51974
0.00868974 0.0395672 -1.51975
0.00774748 0.0395672 -1.51974
0.00680523 0.0395672 -1.51974
0.00868974 0.0405095 -1.51975
0.00774748 0.0405095 -1.51974
0.00680523 0.0405095 -1.51974
0.00868974 0.0414517 -1.51975
0.00774748 0.0414517 -1.51974
0.00680523 0.0414517 -1.51974
0.00868974 0.042394 -1.51975
0.00774748 0.042394 -1.51974
0.00680523 0.042394 -1.51973
0.00868974 0.0433363 -1.51975
0.00774748 0.0433363 -1.51974
0.00680523 0.0433363 -1.51973
0.00868974 0.0442785 -1.51975
0.00774748 0.0442785 -1.51974
0.00680523 0.0442785 -1.51973
0.00868974 0.0452208 -1.51975
0.00774748 0.0452208 -1.51974
0.00680523 0.0452208 -1.51973
0.00868974 0.046163 -1.51974
0.00774748 0.046163 -1.51974
0.00680523 0.046163 -1.51973
0.00868974 0.0471053 -1.51974
0.00774748 0.0471053 -1.51974
0.00680523 0.0471053 -1.51973
0.00868974 0.0480475 -1.51974
0.00774748 0.0480475 -1.51974
0.00680523 0.0480475 -1.51973
0.00868974 0.0489898 -1.51974
0.00774748 0.0489898 -1.51974
0.00680523 0.0489898 -1.51973
