-0.00145338 0.0856132 -1.28825
-0.000114356 0.0856132 -1.28825
0.00122467 0.0856132 -1.28825
-0.00145338 0.0842742 -1.28825
-0.000114356 0.0842742 -1.28825
0.00122467 0.0842742 -1.28825
-0.00145338 0.0829352 -1.28825
-0.000114356 0.0829352 -1.28825
0.00122467 0.0829352 -1.28825
-0.00145338 0.0815962 -1.28825
-0.000114356 0.0815962 -1.28825
0.00122467 0.0815962 -1.28825
-0.00145338 0.0802571 -1.28825
-0.000114356 0.0802571 -1.28825
0.00122467 0.0802571 -1.28825
-0.00145338 0.0789181 -1.28825
-0.000114356 0.0789181 -1.28825
0.00122467 0.0789181 -1.28825
-0.00145338 0.0775791 -1.28825
-0.000114356 0.0775791 -1.28825
0.00122467 0.0775791 -1.28825
-0.00145338 0.0762401 -1.28825
-0.000114356 0.0762401 -1.28825
0.00122467 0.0762401 -1.28825
-0.00145338 0.0749011 -1.28825
-0.000114356 0.0749011 -1.28825
0.00122467 0.0749011 -1.28825
-0.00145338 0.073562 -1.28825
-0.000114356 0.073562 -1.28825
0.00122467 0.073562 -1.28825
-0.00145338 0.072223 -1.28825
-0.000114356 0.072223 -1.28825
0.00122467 0.072223 -1.28825
-0.00145338 0.070884 -1.28825
-0.000114356 0.070884 -1.28825
0.00122467 0.070884 -1.28825
-0.00145338 0.069545 -1.28825
-0.000114356 0.069545 -1.28825
0.00122467 0.069545 -1.28825
-0.00145338 0.0682059 -1.28825
-0.000114356 0.0682059 -1.28825
0.00122467 0.0682059 -1.28825
-0.00145338 0.0668669 -1.28825
-0.000114356 0.0668669 -1.28825
0.00122467 0.0668669 -1.28825
-0.00145338 0.0655279 -1.28825
-0.000114356 0.0655279 -1.28825
0.00122467 0.0655279 -1.28825
-0.00145338 0.0641889 -1.28825
-0.000114356 0.0641889 -1.28825
0.00122467 0.0641889 -1.28825
-0.00145338 0.0628499 -1.28825
-0.000114356 0.0628499 -1.28825
0.00122467 0.0628499 -1.28825
-0.00145338 0.0615108 -1.28825
-0.000114356 0.0615108 -1.28825
0.00122467 0.0615108 -1.28825
-0.00145338 0.0601718 -1.28825
-0.000114356 0.0601718 -1.28825
0.00122467 0.0601718 -1.28825
-0.00145338 0.0588328 -1.28825
-0.000114356 0.0588328 -1.28825
0.00122467 0.0588328 -1.28825
-0.00145338 0.0574938 -1.28825
-0.000114356 0.0574938 -1.28825
0.00122467 0.0574938 -1.28825
-0.00145338 0.0561547 -1.28825
-0.000114356 0.0561547 -1.28825
0.00122467 0.0561547 -1.28825
-0.00145338 0.0548157 -1.28825
-0.000114356 0.0548157 -1.28825
0.00122467 0.0548157 -1.28825
-0.00145338 0.0534767 -1.28825
-0.000114356 0.0534767 -1.28825
0.00122467 0.0534767 -1.28825
-0.00145338 0.0521377 -1.28825
-0.000114356 0.0521377 -1.28825
0.00122467 0.0521377 -1.28825
-0.00145338 0.0507987 -1.28825
-0.000114356 0.0507987 -1.28825
0.00122467 0.0507987 -1.28825
-0.00145338 0.0494596 -1.28825
-0.000114356 0.0494596 -1.28825
0.00122467 0.0494596 -1.28825
-0.00145338 0.0481206 -1.28825
-0.000114356 0.0481206 -1.28825
0.00122467 0.0481206 -1.28825
-0.00145338 0.0467816 -1.28825
-0.000114356 0.0467816 -1.28825
0.00122467 0.0467816 -1.28825
-0.00145338 0.0454426 -1.28825
-0.000114356 0.0454426 -1.28825
0.00122467 0.0454426 -1.28825
-0.00145338 0.0441035 -1.28825
-0.000114356 0.0441035 -1.28825
0.00122467 0.0441035 -1.28825
-0.00145338 0.0427645 -1.28825
-0.000114356 0.0427645 -1.28825
0.00122467 0.0427645 -1.28825
-0.00145338 0.0414255 -1.28825
-0.000114356 0.0414255 -1.28825
0.00122467 0.0414255 -1.28825
-0.00145338 0.0400865 -1.28825
-0.000114356 0.0400865 -1.28825
0.00122467 0.0400865 -1.28825
-0.00145338 0.0387475 -1.28825
-0.000114356 0.0387475 -1.28825
0.00122467 0.0387475 -1.28825
-0.00145338 0.0374084 -1.28825
-0.000114356 0.0374084 -1.28825
0.00122467 0.0374084 -1.28825
-0.00145338 0.0360694 -1.28825
-0.000114356 0.0360694 -1.28825
0.00122467 0.0360694 -1.28825
-0.00145338 0.0347304 -1.28825
-0.000114356 0.0347304 -1.28825
0.00122467 0.0347304 -1.28825
-0.00145338 0.0333914 -1.28825
-0.000114356 0.0333914 -1.28825
0.00122467 0.0333914 -1.28825
-0.00145338 0.0320523 -1.28825
-0.000114356 0.0320523 -1.28825
0.00122467 0.0320523 -1.28825
-0.00145338 0.0307133 -1.28825
-0.000114356 0.0307133 -1.28825
0.00122467 0.0307133 -1.28825
-0.00145338 0.0293743 -1.28825
-0.000114356 0.0293743 -1.28825
0.00122467 0.0293743 -1.28825
-0.00145338 0.0280353 -1.28825
-0.000114356 0.0280353 -1.28825
0.00122467 0.0280353 -1.28825
-0.00145338 0.0266962 -1.28825
-0.000114356 0.0266962 -1.28825
0.00122467 0.0266962 -1.28825
-0.00145338 0.0253572 -1.28825
-0.000114356 0.0253572 -1.28825
0.00122467 0.0253572 -1.28825
-0.00145338 0.0240182 -1.28825
-0.000114356 0.0240182 -1.28825
0.00122467 0.0240182 -1.28825
-0.00145338 0.0226792 -1.28825
-0.000114356 0.0226792 -1.28825
0.00122467 0.0226792 -1.28825
-0.00145338 0.0213402 -1.28825
-0.000114356 0.0213402 -1.28825
0.00122467 0.0213402 -1.28825
-0.00145338 0.0200011 -1.28825
-0.000114356 0.0200011 -1.28825
0.00122467 0.0200011 -1.28825
-0.00145338 0.0186621 -1.28825
-0.000114356 0.0186621 -1.28825
0.00122467 0.0186621 -1.28825
-0.00145338 0.0173231 -1.28825
-0.000114356 0.0173231 -1.28825
0.00122467 0.0173231 -1.28825
-0.00145338 0.0159841 -1.28825
-0.000114356 0.0159841 -1.28825
0.00122467 0.0159841 -1.28825
-0.00145338 0.014645 -1.28825
-0.000114356 0.014645 -1.28825
0.00122467 0.014645 -1.28825
-0.00145338 0.013306 -1.28825
-0.000114356 0.013306 -1.28825
0.00122467 0.013306 -1.28825
-0.00145338 0.011967 -1.28825
-0.000114356 0.011967 -1.28825
0.00122467 0.011967 -1.28825
-0.00145338 0.010628 -1.28825
-0.000114356 0.010628 -1.28825
0.00122467 0.010628 -1.28825
-0.00145338 0.00928896 -1.28825
-0.000114356 0.00928896 -1.28825
0.00122467 0.00928896 -1.28825
-0.00145338 0.00794994 -1.28825
-0.000114356 0.00794994 -1.28825
0.00122467 0.00794994 -1.28825
-0.00145338 0.00661091 -1.28825
-0.000114356 0.00661091 -1.28825
0.00122467 0.00661091 -1.28825
-0.00145338 0.00527189 -1.28825
-0.000114356 0.00527189 -1.28825
0.00122467 0.00527189 -1.28825
-0.00145338 0.00393287 -1.28825
-0.000114356 0.00393287 -1.28825
0.00122467 0.00393287 -1.28825
-0.00145338 0.00259385 -1.28825
-0.000114356 0.00259385 -1.28825
0.00122467 0.00259385 -1.28825
-0.00145338 0.00125482 -1.28825
-0.000114356 0.00125482 -1.28825
0.00122467 0.00125482 -1.28825
-0.00145338 -8.41996e-05 -1.28825
-0.000114356 -8.41996e-05 -1.28825
0.00122467 -8.41996e-05 -1.28825
-0.00145338 -0.00142322 -1.28825
-0.000114356 -0.00142322 -1.28825
0.00122467 -0.00142322 -1.28825
-0.00145338 -0.00276224 -1.28825
-0.000114356 -0.00276224 -1.28825
0.00122467 -0.00276224 -1.28825
-0.00145338 -0.00410127 -1.28825
-0.000114356 -0.00410127 -1.28825
0.00122467 -0.00410127 -1.28825
-0.00145338 -0.00544029 -1.28825
-0.000114356 -0.00544029 -1.28825
0.00122467 -0.00544029 -1.28825
-0.00145338 -0.00677931 -1.28825
-0.000114356 -0.00677931 -1.28825
0.00122467 -0.00677931 -1.28825
-0.00145338 -0.00811833 -1.28825
-0.000114356 -0.00811833 -1.28825
0.00122467 -0.00811833 -1.28825
-0.00145338 -0.00945736 -1.28825
-0.000114356 -0.00945736 -1.28825
0.00122467 -0.00945736 -1.28825
-0.00145338 -0.0107964 -1.28825
-0.000114356 -0.0107964 -1.28825
0.00122467 -0.0107964 -1.28825
-0.00145338 -0.0121354 -1.28825
-0.000114356 -0.0121354 -1.28825
0.00122467 -0.0121354 -1.28825
-0.00145338 -0.0134744 -1.28825
-0.000114356 -0.0134744 -1.28825
0.00122467 -0.0134744 -1.28825
-0.00145338 -0.0148134 -1.28825
-0.000114356 -0.0148134 -1.28825
0.00122467 -0.0148134 -1.28825
-0.00145338 -0.0161525 -1.28825
-0.000114356 -0.0161525 -1.28825
0.00122467 -0.0161525 -1.28825
-0.00145338 -0.0174915 -1.28825
-0.000114356 -0.0174915 -1.28825
0.00122467 -0.0174915 -1.28825
-0.00145338 -0.0188305 -1.28825
-0.000114356 -0.0188305 -1.28825
0.00122467 -0.0188305 -1.28825
-0.00145338 -0.0201695 -1.28825
-0.000114356 -0.0201695 -1.28825
0.00122467 -0.0201695 -1.28825
-0.00145338 -0.0215086 -1.28825
-0.000114356 -0.0215086 -1.28825
0.00122467 -0.0215086 -1.28825
-0.00145338 -0.0228476 -1.28825
-0.000114356 -0.0228476 -1.28825
0.00122467 -0.0228476 -1.28825
-0.00145338 -0.0241866 -1.28825
-0.000114356 -0.0241866 -1.28825
0.00122467 -0.0241866 -1.28825
-0.00145338 -0.0255256 -1.28825
-0.000114356 -0.0255256 -1.28825
0.00122467 -0.0255256 -1.28825
-0.00145338 -0.0268646 -1.28825
-0.000114356 -0.0268646 -1.28825
0.00122467 -0.0268646 -1.28825
-0.00145338 -0.0282037 -1.28825
-0.000114356 -0.0282037 -1.28825
0.00122467 -0.0282037 -1.28825
-0.00145338 -0.0295427 -1.28825
-0.000114356 -0.0295427 -1.28825
0.00122467 -0.0295427 -1.28825
-0.00145338 -0.0308817 -1.28825
-0.000114356 -0.0308817 -1.28825
0.00122467 -0.0308817 -1.28825
-0.00145338 -0.0322207 -1.28825
-0.000114356 -0.0322207 -1.28825
0.00122467 -0.0322207 -1.28825
-0.00145338 -0.0335598 -1.28825
-0.000114356 -0.0335598 -1.28825
0.00122467 -0.0335598 -1.28825
-0.00145338 -0.0348988 -1.28825
-0.000114356 -0.0348988 -1.28825
0.00122467 -0.0348988 -1.28825
-0.00145338 -0.0362378 -1.28825
-0.000114356 -0.0362378 -1.28825
0.00122467 -0.0362378 -1.28825
-0.00145338 -0.0375768 -1.28825
-0.000114356 -0.0375768 -1.28825
0.00122467 -0.0375768 -1.28825
-0.00145338 -0.0389159 -1.28825
-0.000114356 -0.0389159 -1.28825
0.00122467 -0.0389159 -1.28825
-0.00145338 -0.0402549 -1.28824
-0.000114356 -0.0402549 -1.28825
0.00122467 -0.0402549 -1.28825
-0.00145338 -0.0415939 -1.28824
-0.000114356 -0.0415939 -1.28825
0.00122467 -0.0415939 -1.28825
-0.00145338 -0.0429329 -1.28824
-0.000114356 -0.0429329 -1.28825
0.00122467 -0.0429329 -1.28825
-0.00145338 -0.0442719 -1.28824
-0.000114356 -0.0442719 -1.28825
0.00122467 -0.0442719 -1.28825
-0.00145338 -0.045611 -1.28824
-0.000114356 -0.045611 -1.28825
0.00122467 -0.045611 -1.28825
-0.00145338 -0.04695 -1.28824
-0.000114356 -0.04695 -1.28825
0.00122467 -0.04695 -1.28825
-0.00145338 -0.048289 -1.28824
-0.000114356 -0.048289 -1.28825
0.00122467 -0.048289 -1.28825
-0.00145338 -0.049628 -1.28824
-0.000114356 -0.049628 -1.28825
0.00122467 -0.049628 -1.28825
-0.00145338 -0.0509671 -1.28824
-0.000114356 -0.0509671 -1.28825
0.00122467 -0.0509671 -1.28825
-0.00145338 -0.0523061 -1.28824
-0.000114356 -0.0523061 -1.28825
0.00122467 -0.0523061 -1.28825
-0.00145338 -0.0536451 -1.28824
-0.000114356 -0.0536451 -1.28825
0.00122467 -0.0536451 -1.28825
-0.00145338 -0.0549841 -1.28824
-0.000114356 -0.0549841 -1.28825
0.00122467 -0.0549841 -1.28825
-0.00145338 -0.0563231 -1.28824
-0.000114356 -0.0563231 -1.28825
0.00122467 -0.0563231 -1.28825
-0.00145338 -0.0576622 -1.28824
-0.000114356 -0.0576622 -1.28825
0.00122467 -0.0576622 -1.28825
-0.00145338 -0.0590012 -1.28824
-0.000114356 -0.0590012 -1.28825
0.00122467 -0.0590012 -1.28825
-0.00145338 -0.0603402 -1.28824
-0.000114356 -0.0603402 -1.28825
0.00122467 -0.0603402 -1.28825
-0.00145338 -0.0616792 -1.28824
-0.000114356 -0.0616792 -1.28825
0.00122467 -0.0616792 -1.28825
