-0.000244734 -0.0107861 -1.33803
-0.000235095 -0.0107861 -1.33803
-0.000225456 -0.0107861 -1.33802
-0.000244734 -0.0107957 -1.33803
-0.000235095 -0.0107957 -1.33802
-0.000225456 -0.0107957 -1.33802
-0.000244734 -0.0108053 -1.33803
-0.000235095 -0.0108053 -1.33802
-0.000225456 -0.0108053 -1.33802
-0.000244734 -0.010815 -1.33803
-0.000235095 -0.010815 -1.33802
-0.000225456 -0.010815 -1.33802
-0.000244734 -0.0108246 -1.33802
-0.000235095 -0.0108246 -1.33802
-0.000225456 -0.0108246 -1.33802
-0.000244734 -0.0108343 -1.33802
-0.000235095 -0.0108343 -1.33802
-0.000225456 -0.0108343 -1.33802
-0.000244734 -0.0108439 -1.33802
-0.000235095 -0.0108439 -1.33802
-0.000225456 -0.0108439 -1.33802
-0.000244734 -0.0108535 -1.33802
-0.000235095 -0.0108535 -1.33802
-0.000225456 -0.0108535 -1.33802
-0.000244734 -0.0108632 -1.33802
-0.000235095 -0.0108632 -1.33802
-0.000225456 -0.0108632 -1.33802
-0.000244734 -0.0108728 -1.33802
-0.000235095 -0.0108728 -1.33802
-0.000225456 -0.0108728 -1.33802
-0.000244734 -0.0108825 -1.33802
-0.000235095 -0.0108825 -1.33802
-0.000225456 -0.0108825 -1.33802
-0.000244734 -0.0108921 -1.33802
-0.000235095 -0.0108921 -1.33802
-0.000225456 -0.0108921 -1.33802
-0.000244734 -0.0109017 -1.33802
-0.000235095 -0.0109017 -1.33802
-0.000225456 -0.0109017 -1.33802
-0.000244734 -0.0109114 -1.33802
-0.000235095 -0.0109114 -1.33802
-0.000225456 -0.0109114 -1.33802
-0.000244734 -0.010921 -1.33802
-0.000235095 -0.010921 -1.33802
-0.000225456 -0.010921 -1.33802
-0.000244734 -0.0109307 -1.33802
-0.000235095 -0.0109307 -1.33802
-0.000225456 -0.0109307 -1.33802
-0.000244734 -0.0109403 -1.33802
-0.000235095 -0.0109403 -1.33802
-0.000225456 -0.0109403 -1.33802
-0.000244734 -0.0109499 -1.33802
-0.000235095 -0.0109499 -1.33802
-0.000225456 -0.0109499 -1.33802
-0.000244734 -0.0109596 -1.33802
-0.000235095 -0.0109596 -1.33802
-0.000225456 -0.0109596 -1.33802
-0.000244734 -0.0109692 -1.33802
-0.000235095 -0.0109692 -1.33802
-0.000225456 -0.0109692 -1.33802
-0.000244734 -0.0109788 -1.33802
-0.000235095 -0.0109788 -1.33802
-0.000225456 -0.0109788 -1.33802
-0.000244734 -0.0109885 -1.33802
-0.000235095 -0.0109885 -1.33802
-0.000225456 -0.0109885 -1.33802
-0.000244734 -0.0109981 -1.33802
-0.000235095 -0.0109981 -1.33802
-0.000225456 -0.0109981 -1.33802
-0.000244734 -0.0110078 -1.33802
-0.000235095 -0.0110078 -1.33802
-0.000225456 -0.0110078 -1.33801
-0.000244734 -0.0110174 -1.33802
-0.000235095 -0.0110174 -1.33802
-0.000225456 -0.0110174 -1.33801
-0.000244734 -0.011027 -1.33802
-0.000235095 -0.011027 -1.33802
-0.000225456 -0.011027 -1.33801
-0.000244734 -0.0110367 -1.33802
-0.000235095 -0.0110367 -1.33801
-0.000225456 -0.0110367 -1.33801
-0.000244734 -0.0110463 -1.33802
-0.000235095 -0.0110463 -1.33801
-0.000225456 -0.0110463 -1.33801
-0.000244734 -0.011056 -1.33801
-0.000235095 -0.011056 -1.33801
-0.000225456 -0.011056 -1.33801
-0.000244734 -0.0110656 -1.33801
-0.000235095 -0.0110656 -1.33801
-0.000225456 -0.0110656 -1.33801
-0.000244734 -0.0110752 -1.33801
-0.000235095 -0.0110752 -1.33801
-0.000225456 -0.0110752 -1.33801
-0.000244734 -0.0110849 -1.33801
-0.000235095 -0.0110849 -1.33801
-0.000225456 -0.0110849 -1.33801
-0.000244734 -0.0110945 -1.33801
-0.000235095 -0.0110945 -1.33801
-0.000225456 -0.0110945 -1.33801
-0.000244734 -0.0111042 -1.33801
-0.000235095 -0.0111042 -1.33801
-0.000225456 -0.0111042 -1.33801
-0.000244734 -0.0111138 -1.33801
-0.000235095 -0.0111138 -1.33801
-0.000225456 -0.0111138 -1.33801
-0.000244734 -0.0111234 -1.33801
-0.000235095 -0.0111234 -1.33801
-0.000225456 -0.0111234 -1.33801
-0.000244734 -0.0111331 -1.33801
-0.000235095 -0.0111331 -1.33801
-0.000225456 -0.0111331 -1.33801
-0.000244734 -0.0111427 -1.33801
-0.000235095 -0.0111427 -1.33801
-0.000225456 -0.0111427 -1.33801
-0.000244734 -0.0111524 -1.33801
-0.000235095 -0.0111524 -1.33801
-0.000225456 -0.0111524 -1.33801
-0.000244734 -0.011162 -1.33801
-0.000235095 -0.011162 -1.33801
-0.000225456 -0.011162 -1.33801
-0.000244734 -0.0111716 -1.33801
-0.000235095 -0.0111716 -1.33801
-0.000225456 -0.0111716 -1.33801
-0.000244734 -0.0111813 -1.33801
-0.000235095 -0.0111813 -1.33801
-0.000225456 -0.0111813 -1.33801
-0.000244734 -0.0111909 -1.33801
-0.000235095 -0.0111909 -1.33801
-0.000225456 -0.0111909 -1.33801
-0.000244734 -0.0112005 -1.33801
-0.000235095 -0.0112005 -1.33801
-0.000225456 -0.0112005 -1.33801
-0.000244734 -0.0112102 -1.33801
-0.000235095 -0.0112102 -1.33801
-0.000225456 -0.0112102 -1.33801
-0.000244734 -0.0112198 -1.33801
-0.000235095 -0.0112198 -1.33801
-0.000225456 -0.0112198 -1.33801
-0.000244734 -0.0112295 -1.33801
-0.000235095 -0.0112295 -1.33801
-0.000225456 -0.0112295 -1.33801
-0.000244734 -0.0112391 -1.33801
-0.000235095 -0.0112391 -1.33801
-0.000225456 -0.0112391 -1.338
-0.000244734 -0.0112487 -1.33801
-0.000235095 -0.0112487 -1.33801
-0.000225456 -0.0112487 -1.338
-0.000244734 -0.0112584 -1.33801
-0.000235095 -0.0112584 -1.33801
-0.000225456 -0.0112584 -1.338
-0.000244734 -0.011268 -1.33801
-0.000235095 -0.011268 -1.338
-0.000225456 -0.011268 -1.338
-0.000244734 -0.0112777 -1.33801
-0.000235095 -0.0112777 -1.338
-0.000225456 -0.0112777 -1.338
-0.000244734 -0.0112873 -1.33801
-0.000235095 -0.0112873 -1.338
-0.000225456 -0.0112873 -1.338
-0.000244734 -0.0112969 -1.338
-0.000235095 -0.0112969 -1.338
-0.000225456 -0.0112969 -1.338
-0.000244734 -0.0113066 -1.338
-0.000235095 -0.0113066 -1.338
-0.000225456 -0.0113066 -1.338
-0.000244734 -0.0113162 -1.338
-0.000235095 -0.0113162 -1.338
-0.000225456 -0.0113162 -1.338
-0.000244734 -0.0113259 -1.338
-0.000235095 -0.0113259 -1.338
-0.000225456 -0.0113259 -1.338
-0.000244734 -0.0113355 -1.338
-0.000235095 -0.0113355 -1.338
-0.000225456 -0.0113355 -1.338
-0.000244734 -0.0113451 -1.338
-0.000235095 -0.0113451 -1.338
-0.000225456 -0.0113451 -1.338
-0.000244734 -0.0113548 -1.338
-0.000235095 -0.0113548 -1.338
-0.000225456 -0.0113548 -1.338
-0.000244734 -0.0113644 -1.338
-0.000235095 -0.0113644 -1.338
-0.000225456 -0.0113644 -1.338
-0.000244734 -0.0113741 -1.338
-0.000235095 -0.0113741 -1.338
-0.000225456 -0.0113741 -1.338
-0.000244734 -0.0113837 -1.338
-0.000235095 -0.0113837 -1.338
-0.000225456 -0.0113837 -1.338
-0.000244734 -0.0113933 -1.338
-0.000235095 -0.0113933 -1.338
-0.000225456 -0.0113933 -1.338
-0.000244734 -0.011403 -1.338
-0.000235095 -0.011403 -1.338
-0.000225456 -0.011403 -1.338
-0.000244734 -0.0114126 -1.338
-0.000235095 -0.0114126 -1.338
-0.000225456 -0.0114126 -1.338
-0.000244734 -0.0114222 -1.338
-0.000235095 -0.0114222 -1.338
-0.000225456 -0.0114222 -1.338
-0.000244734 -0.0114319 -1.338
-0.000235095 -0.0114319 -1.338
-0.000225456 -0.0114319 -1.338
-0.000244734 -0.0114415 -1.338
-0.000235095 -0.0114415 -1.338
-0.000225456 -0.0114415 -1.338
-0.000244734 -0.0114512 -1.338
-0.000235095 -0.0114512 -1.338
-0.000225456 -0.0114512 -1.338
-0.000244734 -0.0114608 -1.338
-0.000235095 -0.0114608 -1.338
-0.000225456 -0.0114608 -1.338
-0.000244734 -0.0114704 -1.338
-0.000235095 -0.0114704 -1.338
-0.000225456 -0.0114704 -1.338
-0.000244734 -0.0114801 -1.338
-0.000235095 -0.0114801 -1.338
-0.000225456 -0.0114801 -1.33799
-0.000244734 -0.0114897 -1.338
-0.000235095 -0.0114897 -1.338
-0.000225456 -0.0114897 -1.33799
-0.000244734 -0.0114994 -1.338
-0.000235095 -0.0114994 -1.338
-0.000225456 -0.0114994 -1.33799
-0.000244734 -0.011509 -1.338
-0.000235095 -0.011509 -1.33799
-0.000225456 -0.011509 -1.33799
-0.000244734 -0.0115186 -1.338
-0.000235095 -0.0115186 -1.33799
-0.000225456 -0.0115186 -1.33799
-0.000244734 -0.0115283 -1.338
-0.000235095 -0.0115283 -1.33799
-0.000225456 -0.0115283 -1.33799
-0.000244734 -0.0115379 -1.33799
-0.000235095 -0.0115379 -1.33799
-0.000225456 -0.0115379 -1.33799
-0.000244734 -0.0115476 -1.33799
-0.000235095 -0.0115476 -1.33799
-0.000225456 -0.0115476 -1.33799
-0.000244734 -0.0115572 -1.33799
-0.000235095 -0.0115572 -1.33799
-0.000225456 -0.0115572 -1.33799
-0.000244734 -0.0115668 -1.33799
-0.000235095 -0.0115668 -1.33799
-0.000225456 -0.0115668 -1.33799
-0.000244734 -0.0115765 -1.33799
-0.000235095 -0.0115765 -1.33799
-0.000225456 -0.0115765 -1.33799
-0.000244734 -0.0115861 -1.33799
-0.000235095 -0.0115861 -1.33799
-0.000225456 -0.0115861 -1.33799
-0.000244734 -0.0115958 -1.33799
-0.000235095 -0.0115958 -1.33799
-0.000225456 -0.0115958 -1.33799
-0.000244734 -0.0116054 -1.33799
-0.000235095 -0.0116054 -1.33799
-0.000225456 -0.0116054 -1.33799
-0.000244734 -0.011615 -1.33799
-0.000235095 -0.011615 -1.33799
-0.000225456 -0.011615 -1.33799
-0.000244734 -0.0116247 -1.33799
-0.000235095 -0.0116247 -1.33799
-0.000225456 -0.0116247 -1.33799
-0.000244734 -0.0116343 -1.33799
-0.000235095 -0.0116343 -1.33799
-0.000225456 -0.0116343 -1.33799
-0.000244734 -0.0116439 -1.33799
-0.000235095 -0.0116439 -1.33799
-0.000225456 -0.0116439 -1.33799
-0.000244734 -0.0116536 -1.33799
-0.000235095 -0.0116536 -1.33799
-0.000225456 -0.0116536 -1.33799
-0.000244734 -0.0116632 -1.33799
-0.000235095 -0.0116632 -1.33799
-0.000225456 -0.0116632 -1.33799
-0.000244734 -0.0116729 -1.33799
-0.000235095 -0.0116729 -1.33799
-0.000225456 -0.0116729 -1.33799
-0.000244734 -0.0116825 -1.33799
-0.000235095 -0.0116825 -1.33799
-0.000225456 -0.0116825 -1.33799
-0.000244734 -0.0116921 -1.33799
-0.000235095 -0.0116921 -1.33799
-0.000225456 -0.0116921 -1.33799
-0.000244734 -0.0117018 -1.33799
-0.000235095 -0.0117018 -1.33799
-0.000225456 -0.0117018 -1.33799
-0.000244734 -0.0117114 -1.33799
-0.000235095 -0.0117114 -1.33799
-0.000225456 -0.0117114 -1.33799
-0.000244734 -0.0117211 -1.33799
-0.000235095 -0.0117211 -1.33799
-0.000225456 -0.0117211 -1.33798
-0.000244734 -0.0117307 -1.33799
-0.000235095 -0.0117307 -1.33799
-0.000225456 -0.0117307 -1.33798
-0.000244734 -0.0117403 -1.33799
-0.000235095 -0.0117403 -1.33799
-0.000225456 -0.0117403 -1.33798
-0.000244734 -0.01175 -1.33799
-0.000235095 -0.01175 -1.33798
-0.000225456 -0.01175 -1.33798
-0.000244734 -0.0117596 -1.33799
-0.000235095 -0.0117596 -1.33798
-0.000225456 -0.0117596 -1.33798
-0.000244734 -0.0117693 -1.33798
-0.000235095 -0.0117693 -1.33798
-0.000225456 -0.0117693 -1.33798
-0.000244734 -0.0117789 -1.33798
-0.000235095 -0.0117789 -1.33798
-0.000225456 -0.0117789 -1.33798
-0.000244734 -0.0117885 -1.33798
-0.000235095 -0.0117885 -1.33798
-0.000225456 -0.0117885 -1.33798
-0.000244734 -0.0117982 -1.33798
-0.000235095 -0.0117982 -1.33798
-0.000225456 -0.0117982 -1.33798
-0.000244734 -0.0118078 -1.33798
-0.000235095 -0.0118078 -1.33798
-0.000225456 -0.0118078 -1.33798
-0.000244734 -0.0118175 -1.33798
-0.000235095 -0.0118175 -1.33798
-0.000225456 -0.0118175 -1.33798
-0.000244734 -0.0118271 -1.33798
-0.000235095 -0.0118271 -1.33798
-0.000225456 -0.0118271 -1.33798
-0.000244734 -0.0118367 -1.33798
-0.000235095 -0.0118367 -1.33798
-0.000225456 -0.0118367 -1.33798
-0.000244734 -0.0118464 -1.33798
-0.000235095 -0.0118464 -1.33798
-0.000225456 -0.0118464 -1.33798
