-0.00616969 -0.0970956 -1.42302
-0.00817665 -0.0970956 -1.42302
-0.0101836 -0.0970956 -1.42301
-0.00616969 -0.0950886 -1.42302
-0.00817665 -0.0950886 -1.42302
-0.0101836 -0.0950886 -1.42301
-0.00616969 -0.0930816 -1.42302
-0.00817665 -0.0930816 -1.42302
-0.0101836 -0.0930816 -1.42301
-0.00616969 -0.0910747 -1.42302
-0.00817665 -0.0910747 -1.42302
-0.0101836 -0.0910747 -1.42301
-0.00616969 -0.0890677 -1.42302
-0.00817665 -0.0890677 -1.42302
-0.0101836 -0.0890677 -1.42301
-0.00616969 -0.0870608 -1.42302
-0.00817665 -0.0870608 -1.42302
-0.0101836 -0.0870608 -1.42301
-0.00616969 -0.0850538 -1.42302
-0.00817665 -0.0850538 -1.42301
-0.0101836 -0.0850538 -1.42301
-0.00616969 -0.0830469 -1.42302
-0.00817665 -0.0830469 -1.42301
-0.0101836 -0.0830469 -1.42301
-0.00616969 -0.0810399 -1.42302
-0.00817665 -0.0810399 -1.42301
-0.0101836 -0.0810399 -1.42301
-0.00616969 -0.079033 -1.42302
-0.00817665 -0.079033 -1.42301
-0.0101836 -0.079033 -1.42301
-0.00616969 -0.077026 -1.42302
-0.00817665 -0.077026 -1.42301
-0.0101836 -0.077026 -1.42301
-0.00616969 -0.0750191 -1.42302
-0.00817665 -0.0750191 -1.42301
-0.0101836 -0.0750191 -1.42301
-0.00616969 -0.0730121 -1.42302
-0.00817665 -0.0730121 -1.42301
-0.0101836 -0.0730121 -1.42301
-0.00616969 -0.0710051 -1.42301
-0.00817665 -0.0710051 -1.42301
-0.0101836 -0.0710051 -1.42301
-0.00616969 -0.0689982 -1.42301
-0.00817665 -0.0689982 -1.42301
-0.0101836 -0.0689982 -1.42301
-0.00616969 -0.0669912 -1.42301
-0.00817665 -0.0669912 -1.42301
-0.0101836 -0.0669912 -1.42301
-0.00616969 -0.0649843 -1.42301
-0.00817665 -0.0649843 -1.42301
-0.0101836 -0.0649843 -1.42301
-0.00616969 -0.0629773 -1.42301
-0.00817665 -0.0629773 -1.42301
-0.0101836 -0.0629773 -1.42301
-0.00616969 -0.0609704 -1.42301
-0.00817665 -0.0609704 -1.42301
-0.0101836 -0.0609704 -1.42301
-0.00616969 -0.0589634 -1.42301
-0.00817665 -0.0589634 -1.42301
-0.0101836 -0.0589634 -1.42301
-0.00616969 -0.0569565 -1.42301
-0.00817665 -0.0569565 -1.42301
-0.0101836 -0.0569565 -1.42301
-0.00616969 -0.0549495 -1.42301
-0.00817665 -0.0549495 -1.42301
-0.0101836 -0.0549495 -1.42301
-0.00616969 -0.0529425 -1.42301
-0.00817665 -0.0529425 -1.42301
-0.0101836 -0.0529425 -1.42301
-0.00616969 -0.0509356 -1.42301
-0.00817665 -0.0509356 -1.42301
-0.0101836 -0.0509356 -1.42301
-0.00616969 -0.0489286 -1.42301
-0.00817665 -0.0489286 -1.42301
-0.0101836 -0.0489286 -1.42301
-0.00616969 -0.0469217 -1.42301
-0.00817665 -0.0469217 -1.42301
-0.0101836 -0.0469217 -1.42301
-0.00616969 -0.0449147 -1.42301
-0.00817665 -0.0449147 -1.42301
-0.0101836 -0.0449147 -1.42301
-0.00616969 -0.0429078 -1.42301
-0.00817665 -0.0429078 -1.42301
-0.0101836 -0.0429078 -1.42301
-0.00616969 -0.0409008 -1.42301
-0.00817665 -0.0409008 -1.42301
-0.0101836 -0.0409008 -1.42301
-0.00616969 -0.0388939 -1.42301
-0.00817665 -0.0388939 -1.42301
-0.0101836 -0.0388939 -1.42301
-0.00616969 -0.0368869 -1.42301
-0.00817665 -0.0368869 -1.42301
-0.0101836 -0.0368869 -1.423
-0.00616969 -0.03488 -1.42301
-0.00817665 -0.03488 -1.42301
-0.0101836 -0.03488 -1.423
-0.00616969 -0.032873 -1.42301
-0.00817665 -0.032873 -1.42301
-0.0101836 -0.032873 -1.423
-0.00616969 -0.030866 -1.42301
-0.00817665 -0.030866 -1.42301
-0.0101836 -0.030866 -1.423
-0.00616969 -0.0288591 -1.42301
-0.00817665 -0.0288591 -1.42301
-0.0101836 -0.0288591 -1.423
-0.00616969 -0.0268521 -1.42301
-0.00817665 -0.0268521 -1.42301
-0.0101836 -0.0268521 -1.423
-0.00616969 -0.0248452 -1.42301
-0.00817665 -0.0248452 -1.42301
-0.0101836 -0.0248452 -1.423
-0.00616969 -0.0228382 -1.42301
-0.00817665 -0.0228382 -1.423
-0.0101836 -0.0228382 -1.423
-0.00616969 -0.0208313 -1.42301
-0.00817665 -0.0208313 -1.423
-0.0101836 -0.0208313 -1.423
-0.00616969 -0.0188243 -1.42301
-0.00817665 -0.0188243 -1.423
-0.0101836 -0.0188243 -1.423
-0.00616969 -0.0168174 -1.42301
-0.00817665 -0.0168174 -1.423
-0.0101836 -0.0168174 -1.423
-0.00616969 -0.0148104 -1.42301
-0.00817665 -0.0148104 -1.423
-0.0101836 -0.0148104 -1.423
-0.00616969 -0.0128034 -1.42301
-0.00817665 -0.0128034 -1.423
-0.0101836 -0.0128034 -1.423
-0.00616969 -0.0107965 -1.423
-0.00817665 -0.0107965 -1.423
-0.0101836 -0.0107965 -1.423
-0.00616969 -0.00878954 -1.423
-0.00817665 -0.00878954 -1.423
-0.0101836 -0.00878954 -1.423
-0.00616969 -0.00678258 -1.423
-0.00817665 -0.00678258 -1.423
-0.0101836 -0.00678258 -1.423
-0.00616969 -0.00477563 -1.423
-0.00817665 -0.00477563 -1.423
-0.0101836 -0.00477563 -1.423
-0.00616969 -0.00276867 -1.423
-0.00817665 -0.00276867 -1.423
-0.0101836 -0.00276867 -1.423
-0.00616969 -0.000761717 -1.423
-0.00817665 -0.000761717 -1.423
-0.0101836 -0.000761717 -1.423
-0.00616969 0.00124524 -1.423
-0.00817665 0.00124524 -1.423
-0.0101836 0.00124524 -1.423
-0.00616969 0.00325219 -1.423
-0.00817665 0.00325219 -1.423
-0.0101836 0.00325219 -1.423
-0.00616969 0.00525915 -1.423
-0.00817665 0.00525915 -1.423
-0.0101836 0.00525915 -1.423
-0.00616969 0.0072661 -1.423
-0.00817665 0.0072661 -1.423
-0.0101836 0.0072661 -1.423
-0.00616969 0.00927306 -1.423
-0.00817665 0.00927306 -1.423
-0.0101836 0.00927306 -1.423
-0.00616969 0.01128 -1.423
-0.00817665 0.01128 -1.423
-0.0101836 0.01128 -1.423
-0.00616969 0.013287 -1.423
-0.00817665 0.013287 -1.423
-0.0101836 0.013287 -1.423
-0.00616969 0.0152939 -1.423
-0.00817665 0.0152939 -1.423
-0.0101836 0.0152939 -1.423
-0.00616969 0.0173009 -1.423
-0.00817665 0.0173009 -1.423
-0.0101836 0.0173009 -1.423
-0.00616969 0.0193078 -1.423
-0.00817665 0.0193078 -1.423
-0.0101836 0.0193078 -1.423
-0.00616969 0.0213148 -1.423
-0.00817665 0.0213148 -1.423
-0.0101836 0.0213148 -1.423
-0.00616969 0.0233217 -1.423
-0.00817665 0.0233217 -1.423
-0.0101836 0.0233217 -1.42299
-0.00616969 0.0253287 -1.423
-0.00817665 0.0253287 -1.423
-0.0101836 0.0253287 -1.42299
-0.00616969 0.0273357 -1.423
-0.00817665 0.0273357 -1.423
-0.0101836 0.0273357 -1.42299
-0.00616969 0.0293426 -1.423
-0.00817665 0.0293426 -1.423
-0.0101836 0.0293426 -1.42299
-0.00616969 0.0313496 -1.423
-0.00817665 0.0313496 -1.423
-0.0101836 0.0313496 -1.42299
-0.00616969 0.0333565 -1.423
-0.00817665 0.0333565 -1.423
-0.0101836 0.0333565 -1.42299
-0.00616969 0.0353635 -1.423
-0.00817665 0.0353635 -1.423
-0.0101836 0.0353635 -1.42299
-0.00616969 0.0373704 -1.423
-0.00817665 0.0373704 -1.42299
-0.0101836 0.0373704 -1.42299
-0.00616969 0.0393774 -1.423
-0.00817665 0.0393774 -1.42299
-0.0101836 0.0393774 -1.42299
-0.00616969 0.0413843 -1.423
-0.00817665 0.0413843 -1.42299
-0.0101836 0.0413843 -1.42299
-0.00616969 0.0433913 -1.423
-0.00817665 0.0433913 -1.42299
-0.0101836 0.0433913 -1.42299
-0.00616969 0.0453982 -1.423
-0.00817665 0.0453982 -1.42299
-0.0101836 0.0453982 -1.42299
-0.00616969 0.0474052 -1.423
-0.00817665 0.0474052 -1.42299
-0.0101836 0.0474052 -1.42299
-0.00616969 0.0494122 -1.423
-0.00817665 0.0494122 -1.42299
-0.0101836 0.0494122 -1.42299
-0.00616969 0.0514191 -1.42299
-0.00817665 0.0514191 -1.42299
-0.0101836 0.0514191 -1.42299
-0.00616969 0.0534261 -1.42299
-0.00817665 0.0534261 -1.42299
-0.0101836 0.0534261 -1.42299
-0.00616969 0.055433 -1.42299
-0.00817665 0.055433 -1.42299
-0.0101836 0.055433 -1.42299
-0.00616969 0.05744 -1.42299
-0.00817665 0.05744 -1.42299
-0.0101836 0.05744 -1.42299
-0.00616969 0.0594469 -1.42299
-0.00817665 0.0594469 -1.42299
-0.0101836 0.0594469 -1.42299
-0.00616969 0.0614539 -1.42299
-0.00817665 0.0614539 -1.42299
-0.0101836 0.0614539 -1.42299
-0.00616969 0.0634608 -1.42299
-0.00817665 0.0634608 -1.42299
-0.0101836 0.0634608 -1.42299
-0.00616969 0.0654678 -1.42299
-0.00817665 0.0654678 -1.42299
-0.0101836 0.0654678 -1.42299
-0.00616969 0.0674748 -1.42299
-0.00817665 0.0674748 -1.42299
-0.0101836 0.0674748 -1.42299
-0.00616969 0.0694817 -1.42299
-0.00817665 0.0694817 -1.42299
-0.0101836 0.0694817 -1.42299
-0.00616969 0.0714887 -1.42299
-0.00817665 0.0714887 -1.42299
-0.0101836 0.0714887 -1.42299
-0.00616969 0.0734956 -1.42299
-0.00817665 0.0734956 -1.42299
-0.0101836 0.0734956 -1.42299
-0.00616969 0.0755026 -1.42299
-0.00817665 0.0755026 -1.42299
-0.0101836 0.0755026 -1.42299
-0.00616969 0.0775095 -1.42299
-0.00817665 0.0775095 -1.42299
-0.0101836 0.0775095 -1.42299
-0.00616969 0.0795165 -1.42299
-0.00817665 0.0795165 -1.42299
-0.0101836 0.0795165 -1.42299
-0.00616969 0.0815234 -1.42299
-0.00817665 0.0815234 -1.42299
-0.0101836 0.0815234 -1.42299
-0.00616969 0.0835304 -1.42299
-0.00817665 0.0835304 -1.42299
-0.0101836 0.0835304 -1.42299
-0.00616969 0.0855373 -1.42299
-0.00817665 0.0855373 -1.42299
-0.0101836 0.0855373 -1.42298
-0.00616969 0.0875443 -1.42299
-0.00817665 0.0875443 -1.42299
-0.0101836 0.0875443 -1.42298
-0.00616969 0.0895513 -1.42299
-0.00817665 0.0895513 -1.42299
-0.0101836 0.0895513 -1.42298
-0.00616969 0.0915582 -1.42299
-0.00817665 0.0915582 -1.42299
-0.0101836 0.0915582 -1.42298
-0.00616969 0.0935652 -1.42299
-0.00817665 0.0935652 -1.42299
-0.0101836 0.0935652 -1.42298
-0.00616969 0.0955721 -1.42299
-0.00817665 0.0955721 -1.42299
-0.0101836 0.0955721 -1.42298
-0.00616969 0.0975791 -1.42299
-0.00817665 0.0975791 -1.42299
-0.0101836 0.0975791 -1.42298
-0.00616969 0.099586 -1.42299
-0.00817665 0.099586 -1.42298
-0.0101836 0.099586 -1.42298
-0.00616969 0.101593 -1.42299
-0.00817665 0.101593 -1.42298
-0.0101836 0.101593 -1.42298
-0.00616969 0.1036 -1.42299
-0.00817665 0.1036 -1.42298
-0.0101836 0.1036 -1.42298
-0.00616969 0.105607 -1.42299
-0.00817665 0.105607 -1.42298
-0.0101836 0.105607 -1.42298
-0.00616969 0.107614 -1.42299
-0.00817665 0.107614 -1.42298
-0.0101836 0.107614 -1.42298
-0.00616969 0.109621 -1.42299
-0.00817665 0.109621 -1.42298
-0.0101836 0.109621 -1.42298
-0.00616969 0.111628 -1.42298
-0.00817665 0.111628 -1.42298
-0.0101836 0.111628 -1.42298
-0.00616969 0.113635 -1.42298
-0.00817665 0.113635 -1.42298
-0.0101836 0.113635 -1.42298
-0.00616969 0.115642 -1.42298
-0.00817665 0.115642 -1.42298
-0.0101836 0.115642 -1.42298
-0.00616969 0.117649 -1.42298
-0.00817665 0.117649 -1.42298
-0.0101836 0.117649 -1.42298
-0.00616969 0.119656 -1.42298
-0.00817665 0.119656 -1.42298
-0.0101836 0.119656 -1.42298
-0.00616969 0.121663 -1.42298
-0.00817665 0.121663 -1.42298
-0.0101836 0.121663 -1.42298
-0.00616969 0.123669 -1.42298
-0.00817665 0.123669 -1.42298
-0.0101836 0.123669 -1.42298
