0.00421022 0.0879005 -1.45039
0.0055958 0.0879005 -1.45039
0.00698138 0.0879005 -1.45038
0.00421022 0.0865149 -1.45039
0.0055958 0.0865149 -1.45039
0.00698138 0.0865149 -1.45038
0.00421022 0.0851293 -1.45039
0.0055958 0.0851293 -1.45039
0.00698138 0.0851293 -1.45038
0.00421022 0.0837438 -1.45039
0.0055958 0.0837438 -1.45039
0.00698138 0.0837438 -1.45038
0.00421022 0.0823582 -1.45039
0.0055958 0.0823582 -1.45039
0.00698138 0.0823582 -1.45038
0.00421022 0.0809726 -1.45039
0.0055958 0.0809726 -1.45038
0.00698138 0.0809726 -1.45038
0.00421022 0.079587 -1.45039
0.0055958 0.079587 -1.45038
0.00698138 0.079587 -1.45038
0.00421022 0.0782014 -1.45039
0.0055958 0.0782014 -1.45038
0.00698138 0.0782014 -1.45038
0.00421022 0.0768158 -1.45039
0.0055958 0.0768158 -1.45038
0.00698138 0.0768158 -1.45038
0.00421022 0.0754303 -1.45039
0.0055958 0.0754303 -1.45038
0.00698138 0.0754303 -1.45038
0.00421022 0.0740447 -1.45039
0.0055958 0.0740447 -1.45038
0.00698138 0.0740447 -1.45038
0.00421022 0.0726591 -1.45038
0.0055958 0.0726591 -1.45038
0.00698138 0.0726591 -1.45038
0.00421022 0.0712735 -1.45038
0.0055958 0.0712735 -1.45038
0.00698138 0.0712735 -1.45038
0.00421022 0.0698879 -1.45038
0.0055958 0.0698879 -1.45038
0.00698138 0.0698879 -1.45038
0.00421022 0.0685023 -1.45038
0.0055958 0.0685023 -1.45038
0.00698138 0.0685023 -1.45037
0.00421022 0.0671167 -1.45038
0.0055958 0.0671167 -1.45038
0.00698138 0.0671167 -1.45037
0.00421022 0.0657312 -1.45038
0.0055958 0.0657312 -1.45038
0.00698138 0.0657312 -1.45037
0.00421022 0.0643456 -1.45038
0.0055958 0.0643456 -1.45038
0.00698138 0.0643456 -1.45037
0.00421022 0.06296 -1.45038
0.0055958 0.06296 -1.45038
0.00698138 0.06296 -1.45037
0.00421022 0.0615744 -1.45038
0.0055958 0.0615744 -1.45038
0.00698138 0.0615744 -1.45037
0.00421022 0.0601888 -1.45038
0.0055958 0.0601888 -1.45037
0.00698138 0.0601888 -1.45037
0.00421022 0.0588032 -1.45038
0.0055958 0.0588032 -1.45037
0.00698138 0.0588032 -1.45037
0.00421022 0.0574177 -1.45038
0.0055958 0.0574177 -1.45037
0.00698138 0.0574177 -1.45037
0.00421022 0.0560321 -1.45038
0.0055958 0.0560321 -1.45037
0.00698138 0.0560321 -1.45037
0.00421022 0.0546465 -1.45038
0.0055958 0.0546465 -1.45037
0.00698138 0.0546465 -1.45037
0.00421022 0.0532609 -1.45037
0.0055958 0.0532609 -1.45037
0.00698138 0.0532609 -1.45037
0.00421022 0.0518753 -1.45037
0.0055958 0.0518753 -1.45037
0.00698138 0.0518753 -1.45037
0.00421022 0.0504897 -1.45037
0.0055958 0.0504897 -1.45037
0.00698138 0.0504897 -1.45037
0.00421022 0.0491042 -1.45037
0.0055958 0.0491042 -1.45037
0.00698138 0.0491042 -1.45036
0.00421022 0.0477186 -1.45037
0.0055958 0.0477186 -1.45037
0.00698138 0.0477186 -1.45036
0.00421022 0.046333 -1.45037
0.0055958 0.046333 -1.45037
0.00698138 0.046333 -1.45036
0.00421022 0.0449474 -1.45037
0.0055958 0.0449474 -1.45037
0.00698138 0.0449474 -1.45036
0.00421022 0.0435618 -1.45037
0.0055958 0.0435618 -1.45037
0.00698138 0.0435618 -1.45036
0.00421022 0.0421762 -1.45037
0.0055958 0.0421762 -1.45037
0.00698138 0.0421762 -1.45036
0.00421022 0.0407907 -1.45037
0.0055958 0.0407907 -1.45036
0.00698138 0.0407907 -1.45036
0.00421022 0.0394051 -1.45037
0.0055958 0.0394051 -1.45036
0.00698138 0.0394051 -1.45036
0.00421022 0.0380195 -1.45037
0.0055958 0.0380195 -1.45036
0.00698138 0.0380195 -1.45036
0.00421022 0.0366339 -1.45037
0.0055958 0.0366339 -1.45036
0.00698138 0.0366339 -1.45036
0.00421022 0.0352483 -1.45037
0.0055958 0.0352483 -1.45036
0.00698138 0.0352483 -1.45036
0.00421022 0.0338627 -1.45037
0.0055958 0.0338627 -1.45036
0.00698138 0.0338627 -1.45036
0.00421022 0.0324772 -1.45036
0.0055958 0.0324772 -1.45036
0.00698138 0.0324772 -1.45036
0.00421022 0.0310916 -1.45036
0.0055958 0.0310916 -1.45036
0.00698138 0.0310916 -1.45036
0.00421022 0.029706 -1.45036
0.0055958 0.029706 -1.45036
0.00698138 0.029706 -1.45036
0.00421022 0.0283204 -1.45036
0.0055958 0.0283204 -1.45036
0.00698138 0.0283204 -1.45035
0.00421022 0.0269348 -1.45036
0.0055958 0.0269348 -1.45036
0.00698138 0.0269348 -1.45035
0.00421022 0.0255492 -1.45036
0.0055958 0.0255492 -1.45036
0.00698138 0.0255492 -1.45035
0.00421022 0.0241636 -1.45036
0.0055958 0.0241636 -1.45036
0.00698138 0.0241636 -1.45035
0.00421022 0.0227781 -1.45036
0.0055958 0.0227781 -1.45036
0.00698138 0.0227781 -1.45035
0.00421022 0.0213925 -1.45036
0.0055958 0.0213925 -1.45035
0.00698138 0.0213925 -1.45035
0.00421022 0.0200069 -1.45036
0.0055958 0.0200069 -1.45035
0.00698138 0.0200069 -1.45035
0.00421022 0.0186213 -1.45036
0.0055958 0.0186213 -1.45035
0.00698138 0.0186213 -1.45035
0.00421022 0.0172357 -1.45036
0.0055958 0.0172357 -1.45035
0.00698138 0.0172357 -1.45035
0.00421022 0.0158501 -1.45036
0.0055958 0.0158501 -1.45035
0.00698138 0.0158501 -1.45035
0.00421022 0.0144646 -1.45036
0.0055958 0.0144646 -1.45035
0.00698138 0.0144646 -1.45035
0.00421022 0.013079 -1.45035
0.0055958 0.013079 -1.45035
0.00698138 0.013079 -1.45035
0.00421022 0.0116934 -1.45035
0.0055958 0.0116934 -1.45035
0.00698138 0.0116934 -1.45035
0.00421022 0.0103078 -1.45035
0.0055958 0.0103078 -1.45035
0.00698138 0.0103078 -1.45035
0.00421022 0.00892222 -1.45035
0.0055958 0.00892222 -1.45035
0.00698138 0.00892222 -1.45034
0.00421022 0.00753664 -1.45035
0.0055958 0.00753664 -1.45035
0.00698138 0.00753664 -1.45034
0.00421022 0.00615106 -1.45035
0.0055958 0.00615106 -1.45035
0.00698138 0.00615106 -1.45034
0.00421022 0.00476547 -1.45035
0.0055958 0.00476547 -1.45035
0.00698138 0.00476547 -1.45034
0.00421022 0.00337989 -1.45035
0.0055958 0.00337989 -1.45035
0.00698138 0.00337989 -1.45034
0.00421022 0.0019943 -1.45035
0.0055958 0.0019943 -1.45035
0.00698138 0.0019943 -1.45034
0.00421022 0.000608721 -1.45035
0.0055958 0.000608721 -1.45034
0.00698138 0.000608721 -1.45034
0.00421022 -0.000776863 -1.45035
0.0055958 -0.000776863 -1.45034
0.00698138 -0.000776863 -1.45034
0.00421022 -0.00216245 -1.45035
0.0055958 -0.00216245 -1.45034
0.00698138 -0.00216245 -1.45034
0.00421022 -0.00354803 -1.45035
0.0055958 -0.00354803 -1.45034
0.00698138 -0.00354803 -1.45034
0.00421022 -0.00493361 -1.45035
0.0055958 -0.00493361 -1.45034
0.00698138 -0.00493361 -1.45034
0.00421022 -0.0063192 -1.45035
0.0055958 -0.0063192 -1.45034
0.00698138 -0.0063192 -1.45034
0.00421022 -0.00770478 -1.45034
0.0055958 -0.00770478 -1.45034
0.00698138 -0.00770478 -1.45034
0.00421022 -0.00909037 -1.45034
0.0055958 -0.00909037 -1.45034
0.00698138 -0.00909037 -1.45034
0.00421022 -0.010476 -1.45034
0.0055958 -0.010476 -1.45034
0.00698138 -0.010476 -1.45033
0.00421022 -0.0118615 -1.45034
0.0055958 -0.0118615 -1.45034
0.00698138 -0.0118615 -1.45033
0.00421022 -0.0132471 -1.45034
0.0055958 -0.0132471 -1.45034
0.00698138 -0.0132471 -1.45033
0.00421022 -0.0146327 -1.45034
0.0055958 -0.0146327 -1.45034
0.00698138 -0.0146327 -1.45033
0.00421022 -0.0160183 -1.45034
0.0055958 -0.0160183 -1.45034
0.00698138 -0.0160183 -1.45033
0.00421022 -0.0174039 -1.45034
0.0055958 -0.0174039 -1.45034
0.00698138 -0.0174039 -1.45033
0.00421022 -0.0187895 -1.45034
0.0055958 -0.0187895 -1.45033
0.00698138 -0.0187895 -1.45033
0.00421022 -0.020175 -1.45034
0.0055958 -0.020175 -1.45033
0.00698138 -0.020175 -1.45033
0.00421022 -0.0215606 -1.45034
0.0055958 -0.0215606 -1.45033
0.00698138 -0.0215606 -1.45033
0.00421022 -0.0229462 -1.45034
0.0055958 -0.0229462 -1.45033
0.00698138 -0.0229462 -1.45033
0.00421022 -0.0243318 -1.45034
0.0055958 -0.0243318 -1.45033
0.00698138 -0.0243318 -1.45033
0.00421022 -0.0257174 -1.45034
0.0055958 -0.0257174 -1.45033
0.00698138 -0.0257174 -1.45033
0.00421022 -0.027103 -1.45033
0.0055958 -0.027103 -1.45033
0.00698138 -0.027103 -1.45033
0.00421022 -0.0284885 -1.45033
0.0055958 -0.0284885 -1.45033
0.00698138 -0.0284885 -1.45033
0.00421022 -0.0298741 -1.45033
0.0055958 -0.0298741 -1.45033
0.00698138 -0.0298741 -1.45033
0.00421022 -0.0312597 -1.45033
0.0055958 -0.0312597 -1.45033
0.00698138 -0.0312597 -1.45032
0.00421022 -0.0326453 -1.45033
0.0055958 -0.0326453 -1.45033
0.00698138 -0.0326453 -1.45032
0.00421022 -0.0340309 -1.45033
0.0055958 -0.0340309 -1.45033
0.00698138 -0.0340309 -1.45032
0.00421022 -0.0354165 -1.45033
0.0055958 -0.0354165 -1.45033
0.00698138 -0.0354165 -1.45032
0.00421022 -0.036802 -1.45033
0.0055958 -0.036802 -1.45033
0.00698138 -0.036802 -1.45032
0.00421022 -0.0381876 -1.45033
0.0055958 -0.0381876 -1.45033
0.00698138 -0.0381876 -1.45032
0.00421022 -0.0395732 -1.45033
0.0055958 -0.0395732 -1.45032
0.00698138 -0.0395732 -1.45032
0.00421022 -0.0409588 -1.45033
0.0055958 -0.0409588 -1.45032
0.00698138 -0.0409588 -1.45032
0.00421022 -0.0423444 -1.45033
0.0055958 -0.0423444 -1.45032
0.00698138 -0.0423444 -1.45032
0.00421022 -0.04373 -1.45033
0.0055958 -0.04373 -1.45032
0.00698138 -0.04373 -1.45032
0.00421022 -0.0451155 -1.45033
0.0055958 -0.0451155 -1.45032
0.00698138 -0.0451155 -1.45032
0.00421022 -0.0465011 -1.45032
0.0055958 -0.0465011 -1.45032
0.00698138 -0.0465011 -1.45032
0.00421022 -0.0478867 -1.45032
0.0055958 -0.0478867 -1.45032
0.00698138 -0.0478867 -1.45032
0.00421022 -0.0492723 -1.45032
0.0055958 -0.0492723 -1.45032
0.00698138 -0.0492723 -1.45032
0.00421022 -0.0506579 -1.45032
0.0055958 -0.0506579 -1.45032
0.00698138 -0.0506579 -1.45031
0.00421022 -0.0520435 -1.45032
0.0055958 -0.0520435 -1.45032
0.00698138 -0.0520435 -1.45031
0.00421022 -0.053429 -1.45032
0.0055958 -0.053429 -1.45032
0.00698138 -0.053429 -1.45031
0.00421022 -0.0548146 -1.45032
0.0055958 -0.0548146 -1.45032
0.00698138 -0.0548146 -1.45031
0.00421022 -0.0562002 -1.45032
0.0055958 -0.0562002 -1.45032
0.00698138 -0.0562002 -1.45031
0.00421022 -0.0575858 -1.45032
0.0055958 -0.0575858 -1.45032
0.00698138 -0.0575858 -1.45031
0.00421022 -0.0589714 -1.45032
0.0055958 -0.0589714 -1.45031
0.00698138 -0.0589714 -1.45031
0.00421022 -0.060357 -1.45032
0.0055958 -0.060357 -1.45031
0.00698138 -0.060357 -1.45031
0.00421022 -0.0617426 -1.45032
0.0055958 -0.0617426 -1.45031
0.00698138 -0.0617426 -1.45031
0.00421022 -0.0631281 -1.45032
0.0055958 -0.0631281 -1.45031
0.00698138 -0.0631281 -1.45031
0.00421022 -0.0645137 -1.45032
0.0055958 -0.0645137 -1.45031
0.00698138 -0.0645137 -1.45031
