0.00045608 0.0129457 -1.16907
0.000541324 0.0129457 -1.16907
0.000626567 0.0129457 -1.16907
0.00045608 0.0128605 -1.16906
0.000541324 0.0128605 -1.16906
0.000626567 0.0128605 -1.16906
0.00045608 0.0127752 -1.16906
0.000541324 0.0127752 -1.16906
0.000626567 0.0127752 -1.16906
0.00045608 0.01269 -1.16906
0.000541324 0.01269 -1.16906
0.000626567 0.01269 -1.16906
0.00045608 0.0126048 -1.16906
0.000541324 0.0126048 -1.16906
0.000626567 0.0126048 -1.16906
0.00045608 0.0125195 -1.16906
0.000541324 0.0125195 -1.16906
0.000626567 0.0125195 -1.16906
0.00045608 0.0124343 -1.16906
0.000541324 0.0124343 -1.16906
0.000626567 0.0124343 -1.16906
0.00045608 0.012349 -1.16906
0.000541324 0.012349 -1.16906
0.000626567 0.012349 -1.16906
0.00045608 0.0122638 -1.16906
0.000541324 0.0122638 -1.16906
0.000626567 0.0122638 -1.16906
0.00045608 0.0121785 -1.16906
0.000541324 0.0121785 -1.16906
0.000626567 0.0121785 -1.16906
0.00045608 0.0120933 -1.16906
0.000541324 0.0120933 -1.16906
0.000626567 0.0120933 -1.16906
0.00045608 0.0120081 -1.16906
0.000541324 0.0120081 -1.16906
0.000626567 0.0120081 -1.16906
0.00045608 0.0119228 -1.16905
0.000541324 0.0119228 -1.16905
0.000626567 0.0119228 -1.16905
0.00045608 0.0118376 -1.16905
0.000541324 0.0118376 -1.16905
0.000626567 0.0118376 -1.16905
0.00045608 0.0117523 -1.16905
0.000541324 0.0117523 -1.16905
0.000626567 0.0117523 -1.16905
0.00045608 0.0116671 -1.16905
0.000541324 0.0116671 -1.16905
0.000626567 0.0116671 -1.16905
0.00045608 0.0115818 -1.16905
0.000541324 0.0115818 -1.16905
0.000626567 0.0115818 -1.16905
0.00045608 0.0114966 -1.16905
0.000541324 0.0114966 -1.16905
0.000626567 0.0114966 -1.16905
0.00045608 0.0114114 -1.16905
0.000541324 0.0114114 -1.16905
0.000626567 0.0114114 -1.16905
0.00045608 0.0113261 -1.16905
0.000541324 0.0113261 -1.16905
0.000626567 0.0113261 -1.16905
0.00045608 0.0112409 -1.16905
0.000541324 0.0112409 -1.16905
0.000626567 0.0112409 -1.16905
0.00045608 0.0111556 -1.16905
0.000541324 0.0111556 -1.16905
0.000626567 0.0111556 -1.16905
0.00045608 0.0110704 -1.16905
0.000541324 0.0110704 -1.16905
0.000626567 0.0110704 -1.16905
0.00045608 0.0109851 -1.16904
0.000541324 0.0109851 -1.16904
0.000626567 0.0109851 -1.16904
0.00045608 0.0108999 -1.16904
0.000541324 0.0108999 -1.16904
0.000626567 0.0108999 -1.16904
0.00045608 0.0108147 -1.16904
0.000541324 0.0108147 -1.16904
0.000626567 0.0108147 -1.16904
0.00045608 0.0107294 -1.16904
0.000541324 0.0107294 -1.16904
0.000626567 0.0107294 -1.16904
0.00045608 0.0106442 -1.16904
0.000541324 0.0106442 -1.16904
0.000626567 0.0106442 -1.16904
0.00045608 0.0105589 -1.16904
0.000541324 0.0105589 -1.16904
0.000626567 0.0105589 -1.16904
0.00045608 0.0104737 -1.16904
0.000541324 0.0104737 -1.16904
0.000626567 0.0104737 -1.16904
0.00045608 0.0103884 -1.16904
0.000541324 0.0103884 -1.16904
0.000626567 0.0103884 -1.16904
0.00045608 0.0103032 -1.16904
0.000541324 0.0103032 -1.16904
0.000626567 0.0103032 -1.16904
0.00045608 0.010218 -1.16904
0.000541324 0.010218 -1.16904
0.000626567 0.010218 -1.16904
0.00045608 0.0101327 -1.16904
0.000541324 0.0101327 -1.16904
0.000626567 0.0101327 -1.16904
0.00045608 0.0100475 -1.16903
0.000541324 0.0100475 -1.16903
0.000626567 0.0100475 -1.16903
0.00045608 0.00996222 -1.16903
0.000541324 0.00996222 -1.16903
0.000626567 0.00996222 -1.16903
0.00045608 0.00987698 -1.16903
0.000541324 0.00987698 -1.16903
0.000626567 0.00987698 -1.16903
0.00045608 0.00979174 -1.16903
0.000541324 0.00979174 -1.16903
0.000626567 0.00979174 -1.16903
0.00045608 0.00970649 -1.16903
0.000541324 0.00970649 -1.16903
0.000626567 0.00970649 -1.16903
0.00045608 0.00962125 -1.16903
0.000541324 0.00962125 -1.16903
0.000626567 0.00962125 -1.16903
0.00045608 0.00953601 -1.16903
0.000541324 0.00953601 -1.16903
0.000626567 0.00953601 -1.16903
0.00045608 0.00945076 -1.16903
0.000541324 0.00945076 -1.16903
0.000626567 0.00945076 -1.16903
0.00045608 0.00936552 -1.16903
0.000541324 0.00936552 -1.16903
0.000626567 0.00936552 -1.16903
0.00045608 0.00928028 -1.16903
0.000541324 0.00928028 -1.16903
0.000626567 0.00928028 -1.16903
0.00045608 0.00919503 -1.16903
0.000541324 0.00919503 -1.16903
0.000626567 0.00919503 -1.16903
0.00045608 0.00910979 -1.16903
0.000541324 0.00910979 -1.16902
0.000626567 0.00910979 -1.16902
0.00045608 0.00902455 -1.16902
0.000541324 0.00902455 -1.16902
0.000626567 0.00902455 -1.16902
0.00045608 0.00893931 -1.16902
0.000541324 0.00893931 -1.16902
0.000626567 0.00893931 -1.16902
0.00045608 0.00885406 -1.16902
0.000541324 0.00885406 -1.16902
0.000626567 0.00885406 -1.16902
0.00045608 0.00876882 -1.16902
0.000541324 0.00876882 -1.16902
0.000626567 0.00876882 -1.16902
0.00045608 0.00868358 -1.16902
0.000541324 0.00868358 -1.16902
0.000626567 0.00868358 -1.16902
0.00045608 0.00859833 -1.16902
0.000541324 0.00859833 -1.16902
0.000626567 0.00859833 -1.16902
0.00045608 0.00851309 -1.16902
0.000541324 0.00851309 -1.16902
0.000626567 0.00851309 -1.16902
0.00045608 0.00842785 -1.16902
0.000541324 0.00842785 -1.16902
0.000626567 0.00842785 -1.16902
0.00045608 0.0083426 -1.16902
0.000541324 0.0083426 -1.16902
0.000626567 0.0083426 -1.16902
0.00045608 0.00825736 -1.16902
0.000541324 0.00825736 -1.16902
0.000626567 0.00825736 -1.16902
0.00045608 0.00817212 -1.16902
0.000541324 0.00817212 -1.16902
0.000626567 0.00817212 -1.16901
0.00045608 0.00808688 -1.16901
0.000541324 0.00808688 -1.16901
0.000626567 0.00808688 -1.16901
0.00045608 0.00800163 -1.16901
0.000541324 0.00800163 -1.16901
0.000626567 0.00800163 -1.16901
0.00045608 0.00791639 -1.16901
0.000541324 0.00791639 -1.16901
0.000626567 0.00791639 -1.16901
0.00045608 0.00783115 -1.16901
0.000541324 0.00783115 -1.16901
0.000626567 0.00783115 -1.16901
0.00045608 0.0077459 -1.16901
0.000541324 0.0077459 -1.16901
0.000626567 0.0077459 -1.16901
0.00045608 0.00766066 -1.16901
0.000541324 0.00766066 -1.16901
0.000626567 0.00766066 -1.16901
0.00045608 0.00757542 -1.16901
0.000541324 0.00757542 -1.16901
0.000626567 0.00757542 -1.16901
0.00045608 0.00749017 -1.16901
0.000541324 0.00749017 -1.16901
0.000626567 0.00749017 -1.16901
0.00045608 0.00740493 -1.16901
0.000541324 0.00740493 -1.16901
0.000626567 0.00740493 -1.16901
0.00045608 0.00731969 -1.16901
0.000541324 0.00731969 -1.16901
0.000626567 0.00731969 -1.16901
0.00045608 0.00723445 -1.16901
0.000541324 0.00723445 -1.16901
0.000626567 0.00723445 -1.169
0.00045608 0.0071492 -1.169
0.000541324 0.0071492 -1.169
0.000626567 0.0071492 -1.169
0.00045608 0.00706396 -1.169
0.000541324 0.00706396 -1.169
0.000626567 0.00706396 -1.169
0.00045608 0.00697872 -1.169
0.000541324 0.00697872 -1.169
0.000626567 0.00697872 -1.169
0.00045608 0.00689347 -1.169
0.000541324 0.00689347 -1.169
0.000626567 0.00689347 -1.169
0.00045608 0.00680823 -1.169
0.000541324 0.00680823 -1.169
0.000626567 0.00680823 -1.169
0.00045608 0.00672299 -1.169
0.000541324 0.00672299 -1.169
0.000626567 0.00672299 -1.169
0.00045608 0.00663774 -1.169
0.000541324 0.00663774 -1.169
0.000626567 0.00663774 -1.169
0.00045608 0.0065525 -1.169
0.000541324 0.0065525 -1.169
0.000626567 0.0065525 -1.169
0.00045608 0.00646726 -1.169
0.000541324 0.00646726 -1.169
0.000626567 0.00646726 -1.169
0.00045608 0.00638202 -1.169
0.000541324 0.00638202 -1.169
0.000626567 0.00638202 -1.169
0.00045608 0.00629677 -1.169
0.000541324 0.00629677 -1.169
0.000626567 0.00629677 -1.169
0.00045608 0.00621153 -1.16899
0.000541324 0.00621153 -1.16899
0.000626567 0.00621153 -1.16899
0.00045608 0.00612629 -1.16899
0.000541324 0.00612629 -1.16899
0.000626567 0.00612629 -1.16899
0.00045608 0.00604104 -1.16899
0.000541324 0.00604104 -1.16899
0.000626567 0.00604104 -1.16899
0.00045608 0.0059558 -1.16899
0.000541324 0.0059558 -1.16899
0.000626567 0.0059558 -1.16899
0.00045608 0.00587056 -1.16899
0.000541324 0.00587056 -1.16899
0.000626567 0.00587056 -1.16899
0.00045608 0.00578531 -1.16899
0.000541324 0.00578531 -1.16899
0.000626567 0.00578531 -1.16899
0.00045608 0.00570007 -1.16899
0.000541324 0.00570007 -1.16899
0.000626567 0.00570007 -1.16899
0.00045608 0.00561483 -1.16899
0.000541324 0.00561483 -1.16899
0.000626567 0.00561483 -1.16899
0.00045608 0.00552958 -1.16899
0.000541324 0.00552958 -1.16899
0.000626567 0.00552958 -1.16899
0.00045608 0.00544434 -1.16899
0.000541324 0.00544434 -1.16899
0.000626567 0.00544434 -1.16899
0.00045608 0.0053591 -1.16899
0.000541324 0.0053591 -1.16899
0.000626567 0.0053591 -1.16899
0.00045608 0.00527386 -1.16898
0.000541324 0.00527386 -1.16898
0.000626567 0.00527386 -1.16898
0.00045608 0.00518861 -1.16898
0.000541324 0.00518861 -1.16898
0.000626567 0.00518861 -1.16898
0.00045608 0.00510337 -1.16898
0.000541324 0.00510337 -1.16898
0.000626567 0.00510337 -1.16898
0.00045608 0.00501813 -1.16898
0.000541324 0.00501813 -1.16898
0.000626567 0.00501813 -1.16898
0.00045608 0.00493288 -1.16898
0.000541324 0.00493288 -1.16898
0.000626567 0.00493288 -1.16898
0.00045608 0.00484764 -1.16898
0.000541324 0.00484764 -1.16898
0.000626567 0.00484764 -1.16898
0.00045608 0.0047624 -1.16898
0.000541324 0.0047624 -1.16898
0.000626567 0.0047624 -1.16898
0.00045608 0.00467715 -1.16898
0.000541324 0.00467715 -1.16898
0.000626567 0.00467715 -1.16898
0.00045608 0.00459191 -1.16898
0.000541324 0.00459191 -1.16898
0.000626567 0.00459191 -1.16898
0.00045608 0.00450667 -1.16898
0.000541324 0.00450667 -1.16898
0.000626567 0.00450667 -1.16898
0.00045608 0.00442143 -1.16898
0.000541324 0.00442143 -1.16898
0.000626567 0.00442143 -1.16898
0.00045608 0.00433618 -1.16897
0.000541324 0.00433618 -1.16897
0.000626567 0.00433618 -1.16897
0.00045608 0.00425094 -1.16897
0.000541324 0.00425094 -1.16897
0.000626567 0.00425094 -1.16897
0.00045608 0.0041657 -1.16897
0.000541324 0.0041657 -1.16897
0.000626567 0.0041657 -1.16897
0.00045608 0.00408045 -1.16897
0.000541324 0.00408045 -1.16897
0.000626567 0.00408045 -1.16897
0.00045608 0.00399521 -1.16897
0.000541324 0.00399521 -1.16897
0.000626567 0.00399521 -1.16897
0.00045608 0.00390997 -1.16897
0.000541324 0.00390997 -1.16897
0.000626567 0.00390997 -1.16897
0.00045608 0.00382472 -1.16897
0.000541324 0.00382472 -1.16897
0.000626567 0.00382472 -1.16897
0.00045608 0.00373948 -1.16897
0.000541324 0.00373948 -1.16897
0.000626567 0.00373948 -1.16897
0.00045608 0.00365424 -1.16897
0.000541324 0.00365424 -1.16897
0.000626567 0.00365424 -1.16897
0.00045608 0.003569 -1.16897
0.000541324 0.003569 -1.16897
0.000626567 0.003569 -1.16897
