-0.00149659 0.026841 -1.0383
-0.00148724 0.026841 -1.0383
-0.0014779 0.026841 -1.03831
-0.00149659 0.0268317 -1.0383
-0.00148724 0.0268317 -1.0383
-0.0014779 0.0268317 -1.03831
-0.00149659 0.0268224 -1.0383
-0.00148724 0.0268224 -1.0383
-0.0014779 0.0268224 -1.03831
-0.00149659 0.026813 -1.0383
-0.00148724 0.026813 -1.0383
-0.0014779 0.026813 -1.03831
-0.00149659 0.0268037 -1.0383
-0.00148724 0.0268037 -1.0383
-0.0014779 0.0268037 -1.03831
-0.00149659 0.0267943 -1.0383
-0.00148724 0.0267943 -1.0383
-0.0014779 0.0267943 -1.03831
-0.00149659 0.026785 -1.0383
-0.00148724 0.026785 -1.03831
-0.0014779 0.026785 -1.03831
-0.00149659 0.0267756 -1.0383
-0.00148724 0.0267756 -1.03831
-0.0014779 0.0267756 -1.03831
-0.00149659 0.0267663 -1.0383
-0.00148724 0.0267663 -1.03831
-0.0014779 0.0267663 -1.03831
-0.00149659 0.026757 -1.0383
-0.00148724 0.026757 -1.03831
-0.0014779 0.026757 -1.03831
-0.00149659 0.0267476 -1.0383
-0.00148724 0.0267476 -1.03831
-0.0014779 0.0267476 -1.03831
-0.00149659 0.0267383 -1.0383
-0.00148724 0.0267383 -1.03831
-0.0014779 0.0267383 -1.03831
-0.00149659 0.0267289 -1.0383
-0.00148724 0.0267289 -1.03831
-0.0014779 0.0267289 -1.03831
-0.00149659 0.0267196 -1.03831
-0.00148724 0.0267196 -1.03831
-0.0014779 0.0267196 -1.03831
-0.00149659 0.0267102 -1.03831
-0.00148724 0.0267102 -1.03831
-0.0014779 0.0267102 -1.03831
-0.00149659 0.0267009 -1.03831
-0.00148724 0.0267009 -1.03831
-0.0014779 0.0267009 -1.03831
-0.00149659 0.0266916 -1.03831
-0.00148724 0.0266916 -1.03831
-0.0014779 0.0266916 -1.03831
-0.00149659 0.0266822 -1.03831
-0.00148724 0.0266822 -1.03831
-0.0014779 0.0266822 -1.03831
-0.00149659 0.0266729 -1.03831
-0.00148724 0.0266729 -1.03831
-0.0014779 0.0266729 -1.03831
-0.00149659 0.0266635 -1.03831
-0.00148724 0.0266635 -1.03831
-0.0014779 0.0266635 -1.03831
-0.00149659 0.0266542 -1.03831
-0.00148724 0.0266542 -1.03831
-0.0014779 0.0266542 -1.03831
-0.00149659 0.0266448 -1.03831
-0.00148724 0.0266448 -1.03831
-0.0014779 0.0266448 -1.03831
-0.00149659 0.0266355 -1.03831
-0.00148724 0.0266355 -1.03831
-0.0014779 0.0266355 -1.03832
-0.00149659 0.0266262 -1.03831
-0.00148724 0.0266262 -1.03831
-0.0014779 0.0266262 -1.03832
-0.00149659 0.0266168 -1.03831
-0.00148724 0.0266168 -1.03831
-0.0014779 0.0266168 -1.03832
-0.00149659 0.0266075 -1.03831
-0.00148724 0.0266075 -1.03831
-0.0014779 0.0266075 -1.03832
-0.00149659 0.0265981 -1.03831
-0.00148724 0.0265981 -1.03831
-0.0014779 0.0265981 -1.03832
-0.00149659 0.0265888 -1.03831
-0.00148724 0.0265888 -1.03831
-0.0014779 0.0265888 -1.03832
-0.00149659 0.0265794 -1.03831
-0.00148724 0.0265794 -1.03831
-0.0014779 0.0265794 -1.03832
-0.00149659 0.0265701 -1.03831
-0.00148724 0.0265701 -1.03832
-0.0014779 0.0265701 -1.03832
-0.00149659 0.0265608 -1.03831
-0.00148724 0.0265608 -1.03832
-0.0014779 0.0265608 -1.03832
-0.00149659 0.0265514 -1.03831
-0.00148724 0.0265514 -1.03832
-0.0014779 0.0265514 -1.03832
-0.00149659 0.0265421 -1.03831
-0.00148724 0.0265421 -1.03832
-0.0014779 0.0265421 -1.03832
-0.00149659 0.0265327 -1.03831
-0.00148724 0.0265327 -1.03832
-0.0014779 0.0265327 -1.03832
-0.00149659 0.0265234 -1.03831
-0.00148724 0.0265234 -1.03832
-0.0014779 0.0265234 -1.03832
-0.00149659 0.026514 -1.03831
-0.00148724 0.026514 -1.03832
-0.0014779 0.026514 -1.03832
-0.00149659 0.0265047 -1.03832
-0.00148724 0.0265047 -1.03832
-0.0014779 0.0265047 -1.03832
-0.00149659 0.0264954 -1.03832
-0.00148724 0.0264954 -1.03832
-0.0014779 0.0264954 -1.03832
-0.00149659 0.026486 -1.03832
-0.00148724 0.026486 -1.03832
-0.0014779 0.026486 -1.03832
-0.00149659 0.0264767 -1.03832
-0.00148724 0.0264767 -1.03832
-0.0014779 0.0264767 -1.03832
-0.00149659 0.0264673 -1.03832
-0.00148724 0.0264673 -1.03832
-0.0014779 0.0264673 -1.03832
-0.00149659 0.026458 -1.03832
-0.00148724 0.026458 -1.03832
-0.0014779 0.026458 -1.03832
-0.00149659 0.0264486 -1.03832
-0.00148724 0.0264486 -1.03832
-0.0014779 0.0264486 -1.03832
-0.00149659 0.0264393 -1.03832
-0.00148724 0.0264393 -1.03832
-0.0014779 0.0264393 -1.03832
-0.00149659 0.02643 -1.03832
-0.00148724 0.02643 -1.03832
-0.0014779 0.02643 -1.03832
-0.00149659 0.0264206 -1.03832
-0.00148724 0.0264206 -1.03832
-0.0014779 0.0264206 -1.03832
-0.00149659 0.0264113 -1.03832
-0.00148724 0.0264113 -1.03832
-0.0014779 0.0264113 -1.03833
-0.00149659 0.0264019 -1.03832
-0.00148724 0.0264019 -1.03832
-0.0014779 0.0264019 -1.03833
-0.00149659 0.0263926 -1.03832
-0.00148724 0.0263926 -1.03832
-0.0014779 0.0263926 -1.03833
-0.00149659 0.0263832 -1.03832
-0.00148724 0.0263832 -1.03832
-0.0014779 0.0263832 -1.03833
-0.00149659 0.0263739 -1.03832
-0.00148724 0.0263739 -1.03832
-0.0014779 0.0263739 -1.03833
-0.00149659 0.0263646 -1.03832
-0.00148724 0.0263646 -1.03832
-0.0014779 0.0263646 -1.03833
-0.00149659 0.0263552 -1.03832
-0.00148724 0.0263552 -1.03832
-0.0014779 0.0263552 -1.03833
-0.00149659 0.0263459 -1.03832
-0.00148724 0.0263459 -1.03833
-0.0014779 0.0263459 -1.03833
-0.00149659 0.0263365 -1.03832
-0.00148724 0.0263365 -1.03833
-0.0014779 0.0263365 -1.03833
-0.00149659 0.0263272 -1.03832
-0.00148724 0.0263272 -1.03833
-0.0014779 0.0263272 -1.03833
-0.00149659 0.0263178 -1.03832
-0.00148724 0.0263178 -1.03833
-0.0014779 0.0263178 -1.03833
-0.00149659 0.0263085 -1.03832
-0.00148724 0.0263085 -1.03833
-0.0014779 0.0263085 -1.03833
-0.00149659 0.0262992 -1.03832
-0.00148724 0.0262992 -1.03833
-0.0014779 0.0262992 -1.03833
-0.00149659 0.0262898 -1.03832
-0.00148724 0.0262898 -1.03833
-0.0014779 0.0262898 -1.03833
-0.00149659 0.0262805 -1.03833
-0.00148724 0.0262805 -1.03833
-0.0014779 0.0262805 -1.03833
-0.00149659 0.0262711 -1.03833
-0.00148724 0.0262711 -1.03833
-0.0014779 0.0262711 -1.03833
-0.00149659 0.0262618 -1.03833
-0.00148724 0.0262618 -1.03833
-0.0014779 0.0262618 -1.03833
-0.00149659 0.0262524 -1.03833
-0.00148724 0.0262524 -1.03833
-0.0014779 0.0262524 -1.03833
-0.00149659 0.0262431 -1.03833
-0.00148724 0.0262431 -1.03833
-0.0014779 0.0262431 -1.03833
-0.00149659 0.0262338 -1.03833
-0.00148724 0.0262338 -1.03833
-0.0014779 0.0262338 -1.03833
-0.00149659 0.0262244 -1.03833
-0.00148724 0.0262244 -1.03833
-0.0014779 0.0262244 -1.03833
-0.00149659 0.0262151 -1.03833
-0.00148724 0.0262151 -1.03833
-0.0014779 0.0262151 -1.03833
-0.00149659 0.0262057 -1.03833
-0.00148724 0.0262057 -1.03833
-0.0014779 0.0262057 -1.03833
-0.00149659 0.0261964 -1.03833
-0.00148724 0.0261964 -1.03833
-0.0014779 0.0261964 -1.03834
-0.00149659 0.026187 -1.03833
-0.00148724 0.026187 -1.03833
-0.0014779 0.026187 -1.03834
-0.00149659 0.0261777 -1.03833
-0.00148724 0.0261777 -1.03833
-0.0014779 0.0261777 -1.03834
-0.00149659 0.0261684 -1.03833
-0.00148724 0.0261684 -1.03833
-0.0014779 0.0261684 -1.03834
-0.00149659 0.026159 -1.03833
-0.00148724 0.026159 -1.03833
-0.0014779 0.026159 -1.03834
-0.00149659 0.0261497 -1.03833
-0.00148724 0.0261497 -1.03833
-0.0014779 0.0261497 -1.03834
-0.00149659 0.0261403 -1.03833
-0.00148724 0.0261403 -1.03833
-0.0014779 0.0261403 -1.03834
-0.00149659 0.026131 -1.03833
-0.00148724 0.026131 -1.03834
-0.0014779 0.026131 -1.03834
-0.00149659 0.0261216 -1.03833
-0.00148724 0.0261216 -1.03834
-0.0014779 0.0261216 -1.03834
-0.00149659 0.0261123 -1.03833
-0.00148724 0.0261123 -1.03834
-0.0014779 0.0261123 -1.03834
-0.00149659 0.026103 -1.03833
-0.00148724 0.026103 -1.03834
-0.0014779 0.026103 -1.03834
-0.00149659 0.0260936 -1.03833
-0.00148724 0.0260936 -1.03834
-0.0014779 0.0260936 -1.03834
-0.00149659 0.0260843 -1.03833
-0.00148724 0.0260843 -1.03834
-0.0014779 0.0260843 -1.03834
-0.00149659 0.0260749 -1.03833
-0.00148724 0.0260749 -1.03834
-0.0014779 0.0260749 -1.03834
-0.00149659 0.0260656 -1.03834
-0.00148724 0.0260656 -1.03834
-0.0014779 0.0260656 -1.03834
-0.00149659 0.0260562 -1.03834
-0.00148724 0.0260562 -1.03834
-0.0014779 0.0260562 -1.03834
-0.00149659 0.0260469 -1.03834
-0.00148724 0.0260469 -1.03834
-0.0014779 0.0260469 -1.03834
-0.00149659 0.0260376 -1.03834
-0.00148724 0.0260376 -1.03834
-0.0014779 0.0260376 -1.03834
-0.00149659 0.0260282 -1.03834
-0.00148724 0.0260282 -1.03834
-0.0014779 0.0260282 -1.03834
-0.00149659 0.0260189 -1.03834
-0.00148724 0.0260189 -1.03834
-0.0014779 0.0260189 -1.03834
-0.00149659 0.0260095 -1.03834
-0.00148724 0.0260095 -1.03834
-0.0014779 0.0260095 -1.03834
-0.00149659 0.0260002 -1.03834
-0.00148724 0.0260002 -1.03834
-0.0014779 0.0260002 -1.03834
-0.00149659 0.0259908 -1.03834
-0.00148724 0.0259908 -1.03834
-0.0014779 0.0259908 -1.03834
-0.00149659 0.0259815 -1.03834
-0.00148724 0.0259815 -1.03834
-0.0014779 0.0259815 -1.03834
-0.00149659 0.0259722 -1.03834
-0.00148724 0.0259722 -1.03834
-0.0014779 0.0259722 -1.03835
-0.00149659 0.0259628 -1.03834
-0.00148724 0.0259628 -1.03834
-0.0014779 0.0259628 -1.03835
-0.00149659 0.0259535 -1.03834
-0.00148724 0.0259535 -1.03834
-0.0014779 0.0259535 -1.03835
-0.00149659 0.0259441 -1.03834
-0.00148724 0.0259441 -1.03834
-0.0014779 0.0259441 -1.03835
-0.00149659 0.0259348 -1.03834
-0.00148724 0.0259348 -1.03834
-0.0014779 0.0259348 -1.03835
-0.00149659 0.0259254 -1.03834
-0.00148724 0.0259254 -1.03834
-0.0014779 0.0259254 -1.03835
-0.00149659 0.0259161 -1.03834
-0.00148724 0.0259161 -1.03834
-0.0014779 0.0259161 -1.03835
-0.00149659 0.0259068 -1.03834
-0.00148724 0.0259068 -1.03835
-0.0014779 0.0259068 -1.03835
-0.00149659 0.0258974 -1.03834
-0.00148724 0.0258974 -1.03835
-0.0014779 0.0258974 -1.03835
-0.00149659 0.0258881 -1.03834
-0.00148724 0.0258881 -1.03835
-0.0014779 0.0258881 -1.03835
-0.00149659 0.0258787 -1.03834
-0.00148724 0.0258787 -1.03835
-0.0014779 0.0258787 -1.03835
-0.00149659 0.0258694 -1.03834
-0.00148724 0.0258694 -1.03835
-0.0014779 0.0258694 -1.03835
-0.00149659 0.02586 -1.03834
-0.00148724 0.02586 -1.03835
-0.0014779 0.02586 -1.03835
-0.00149659 0.0258507 -1.03834
-0.00148724 0.0258507 -1.03835
-0.0014779 0.0258507 -1.03835
-0.00149659 0.0258414 -1.03835
-0.00148724 0.0258414 -1.03835
-0.0014779 0.0258414 -1.03835
-0.00149659 0.025832 -1.03835
-0.00148724 0.025832 -1.03835
-0.0014779 0.025832 -1.03835
-0.00149659 0.0258227 -1.03835
-0.00148724 0.0258227 -1.03835
-0.0014779 0.0258227 -1.03835
-0.00149659 0.0258133 -1.03835
-0.00148724 0.0258133 -1.03835
-0.0014779 0.0258133 -1.03835
