0.00974 -0.0318127 -1.20411
0.00853057 -0.0318127 -1.20411
0.00732115 -0.0318127 -1.20412
0.00974 -0.0306032 -1.20411
0.00853057 -0.0306032 -1.20411
0.00732115 -0.0306032 -1.20412
0.00974 -0.0293938 -1.20411
0.00853057 -0.0293938 -1.20411
0.00732115 -0.0293938 -1.20412
0.00974 -0.0281844 -1.20411
0.00853057 -0.0281844 -1.20411
0.00732115 -0.0281844 -1.20412
0.00974 -0.026975 -1.20411
0.00853057 -0.026975 -1.20411
0.00732115 -0.026975 -1.20412
0.00974 -0.0257655 -1.20411
0.00853057 -0.0257655 -1.20411
0.00732115 -0.0257655 -1.20412
0.00974 -0.0245561 -1.20411
0.00853057 -0.0245561 -1.20412
0.00732115 -0.0245561 -1.20412
0.00974 -0.0233467 -1.20411
0.00853057 -0.0233467 -1.20412
0.00732115 -0.0233467 -1.20412
0.00974 -0.0221373 -1.20411
0.00853057 -0.0221373 -1.20412
0.00732115 -0.0221373 -1.20412
0.00974 -0.0209279 -1.20411
0.00853057 -0.0209279 -1.20412
0.00732115 -0.0209279 -1.20412
0.00974 -0.0197184 -1.20411
0.00853057 -0.0197184 -1.20412
0.00732115 -0.0197184 -1.20412
0.00974 -0.018509 -1.20411
0.00853057 -0.018509 -1.20412
0.00732115 -0.018509 -1.20412
0.00974 -0.0172996 -1.20411
0.00853057 -0.0172996 -1.20412
0.00732115 -0.0172996 -1.20412
0.00974 -0.0160902 -1.20412
0.00853057 -0.0160902 -1.20412
0.00732115 -0.0160902 -1.20412
0.00974 -0.0148807 -1.20412
0.00853057 -0.0148807 -1.20412
0.00732115 -0.0148807 -1.20412
0.00974 -0.0136713 -1.20412
0.00853057 -0.0136713 -1.20412
0.00732115 -0.0136713 -1.20412
0.00974 -0.0124619 -1.20412
0.00853057 -0.0124619 -1.20412
0.00732115 -0.0124619 -1.20412
0.00974 -0.0112525 -1.20412
0.00853057 -0.0112525 -1.20412
0.00732115 -0.0112525 -1.20412
0.00974 -0.0100431 -1.20412
0.00853057 -0.0100431 -1.20412
0.00732115 -0.0100431 -1.20412
0.00974 -0.00883364 -1.20412
0.00853057 -0.00883364 -1.20412
0.00732115 -0.00883364 -1.20412
0.00974 -0.00762421 -1.20412
0.00853057 -0.00762421 -1.20412
0.00732115 -0.00762421 -1.20412
0.00974 -0.00641479 -1.20412
0.00853057 -0.00641479 -1.20412
0.00732115 -0.00641479 -1.20412
0.00974 -0.00520537 -1.20412
0.00853057 -0.00520537 -1.20412
0.00732115 -0.00520537 -1.20412
0.00974 -0.00399595 -1.20412
0.00853057 -0.00399595 -1.20412
0.00732115 -0.00399595 -1.20412
0.00974 -0.00278653 -1.20412
0.00853057 -0.00278653 -1.20412
0.00732115 -0.00278653 -1.20412
0.00974 -0.0015771 -1.20412
0.00853057 -0.0015771 -1.20412
0.00732115 -0.0015771 -1.20412
0.00974 -0.000367682 -1.20412
0.00853057 -0.000367682 -1.20412
0.00732115 -0.000367682 -1.20412
0.00974 0.00084174 -1.20412
0.00853057 0.00084174 -1.20412
0.00732115 0.00084174 -1.20412
0.00974 0.00205116 -1.20412
0.00853057 0.00205116 -1.20412
0.00732115 0.00205116 -1.20413
0.00974 0.00326058 -1.20412
0.00853057 0.00326058 -1.20412
0.00732115 0.00326058 -1.20413
0.00974 0.00447001 -1.20412
0.00853057 0.00447001 -1.20412
0.00732115 0.00447001 -1.20413
0.00974 0.00567943 -1.20412
0.00853057 0.00567943 -1.20412
0.00732115 0.00567943 -1.20413
0.00974 0.00688885 -1.20412
0.00853057 0.00688885 -1.20412
0.00732115 0.00688885 -1.20413
0.00974 0.00809827 -1.20412
0.00853057 0.00809827 -1.20412
0.00732115 0.00809827 -1.20413
0.00974 0.00930769 -1.20412
0.00853057 0.00930769 -1.20412
0.00732115 0.00930769 -1.20413
0.00974 0.0105171 -1.20412
0.00853057 0.0105171 -1.20413
0.00732115 0.0105171 -1.20413
0.00974 0.0117265 -1.20412
0.00853057 0.0117265 -1.20413
0.00732115 0.0117265 -1.20413
0.00974 0.012936 -1.20412
0.00853057 0.012936 -1.20413
0.00732115 0.012936 -1.20413
0.00974 0.0141454 -1.20412
0.00853057 0.0141454 -1.20413
0.00732115 0.0141454 -1.20413
0.00974 0.0153548 -1.20412
0.00853057 0.0153548 -1.20413
0.00732115 0.0153548 -1.20413
0.00974 0.0165642 -1.20412
0.00853057 0.0165642 -1.20413
0.00732115 0.0165642 -1.20413
0.00974 0.0177736 -1.20413
0.00853057 0.0177736 -1.20413
0.00732115 0.0177736 -1.20413
0.00974 0.0189831 -1.20413
0.00853057 0.0189831 -1.20413
0.00732115 0.0189831 -1.20413
0.00974 0.0201925 -1.20413
0.00853057 0.0201925 -1.20413
0.00732115 0.0201925 -1.20413
0.00974 0.0214019 -1.20413
0.00853057 0.0214019 -1.20413
0.00732115 0.0214019 -1.20413
0.00974 0.0226113 -1.20413
0.00853057 0.0226113 -1.20413
0.00732115 0.0226113 -1.20413
0.00974 0.0238208 -1.20413
0.00853057 0.0238208 -1.20413
0.00732115 0.0238208 -1.20413
0.00974 0.0250302 -1.20413
0.00853057 0.0250302 -1.20413
0.00732115 0.0250302 -1.20413
0.00974 0.0262396 -1.20413
0.00853057 0.0262396 -1.20413
0.00732115 0.0262396 -1.20413
0.00974 0.027449 -1.20413
0.00853057 0.027449 -1.20413
0.00732115 0.027449 -1.20413
0.00974 0.0286584 -1.20413
0.00853057 0.0286584 -1.20413
0.00732115 0.0286584 -1.20413
0.00974 0.0298679 -1.20413
0.00853057 0.0298679 -1.20413
0.00732115 0.0298679 -1.20413
0.00974 0.0310773 -1.20413
0.00853057 0.0310773 -1.20413
0.00732115 0.0310773 -1.20413
0.00974 0.0322867 -1.20413
0.00853057 0.0322867 -1.20413
0.00732115 0.0322867 -1.20413
0.00974 0.0334961 -1.20413
0.00853057 0.0334961 -1.20413
0.00732115 0.0334961 -1.20413
0.00974 0.0347056 -1.20413
0.00853057 0.0347056 -1.20413
0.00732115 0.0347056 -1.20413
0.00974 0.035915 -1.20413
0.00853057 0.035915 -1.20413
0.00732115 0.035915 -1.20414
0.00974 0.0371244 -1.20413
0.00853057 0.0371244 -1.20413
0.00732115 0.0371244 -1.20414
0.00974 0.0383338 -1.20413
0.00853057 0.0383338 -1.20413
0.00732115 0.0383338 -1.20414
0.00974 0.0395432 -1.20413
0.00853057 0.0395432 -1.20413
0.00732115 0.0395432 -1.20414
0.00974 0.0407527 -1.20413
0.00853057 0.0407527 -1.20413
0.00732115 0.0407527 -1.20414
0.00974 0.0419621 -1.20413
0.00853057 0.0419621 -1.20413
0.00732115 0.0419621 -1.20414
0.00974 0.0431715 -1.20413
0.00853057 0.0431715 -1.20413
0.00732115 0.0431715 -1.20414
0.00974 0.0443809 -1.20413
0.00853057 0.0443809 -1.20414
0.00732115 0.0443809 -1.20414
0.00974 0.0455904 -1.20413
0.00853057 0.0455904 -1.20414
0.00732115 0.0455904 -1.20414
0.00974 0.0467998 -1.20413
0.00853057 0.0467998 -1.20414
0.00732115 0.0467998 -1.20414
0.00974 0.0480092 -1.20413
0.00853057 0.0480092 -1.20414
0.00732115 0.0480092 -1.20414
0.00974 0.0492186 -1.20413
0.00853057 0.0492186 -1.20414
0.00732115 0.0492186 -1.20414
0.00974 0.050428 -1.20413
0.00853057 0.050428 -1.20414
0.00732115 0.050428 -1.20414
0.00974 0.0516375 -1.20413
0.00853057 0.0516375 -1.20414
0.00732115 0.0516375 -1.20414
0.00974 0.0528469 -1.20414
0.00853057 0.0528469 -1.20414
0.00732115 0.0528469 -1.20414
0.00974 0.0540563 -1.20414
0.00853057 0.0540563 -1.20414
0.00732115 0.0540563 -1.20414
0.00974 0.0552657 -1.20414
0.00853057 0.0552657 -1.20414
0.00732115 0.0552657 -1.20414
0.00974 0.0564752 -1.20414
0.00853057 0.0564752 -1.20414
0.00732115 0.0564752 -1.20414
0.00974 0.0576846 -1.20414
0.00853057 0.0576846 -1.20414
0.00732115 0.0576846 -1.20414
0.00974 0.058894 -1.20414
0.00853057 0.058894 -1.20414
0.00732115 0.058894 -1.20414
0.00974 0.0601034 -1.20414
0.00853057 0.0601034 -1.20414
0.00732115 0.0601034 -1.20414
0.00974 0.0613128 -1.20414
0.00853057 0.0613128 -1.20414
0.00732115 0.0613128 -1.20414
0.00974 0.0625223 -1.20414
0.00853057 0.0625223 -1.20414
0.00732115 0.0625223 -1.20414
0.00974 0.0637317 -1.20414
0.00853057 0.0637317 -1.20414
0.00732115 0.0637317 -1.20414
0.00974 0.0649411 -1.20414
0.00853057 0.0649411 -1.20414
0.00732115 0.0649411 -1.20414
0.00974 0.0661505 -1.20414
0.00853057 0.0661505 -1.20414
0.00732115 0.0661505 -1.20414
0.00974 0.06736 -1.20414
0.00853057 0.06736 -1.20414
0.00732115 0.06736 -1.20414
0.00974 0.0685694 -1.20414
0.00853057 0.0685694 -1.20414
0.00732115 0.0685694 -1.20414
0.00974 0.0697788 -1.20414
0.00853057 0.0697788 -1.20414
0.00732115 0.0697788 -1.20414
0.00974 0.0709882 -1.20414
0.00853057 0.0709882 -1.20414
0.00732115 0.0709882 -1.20415
0.00974 0.0721976 -1.20414
0.00853057 0.0721976 -1.20414
0.00732115 0.0721976 -1.20415
0.00974 0.0734071 -1.20414
0.00853057 0.0734071 -1.20414
0.00732115 0.0734071 -1.20415
0.00974 0.0746165 -1.20414
0.00853057 0.0746165 -1.20414
0.00732115 0.0746165 -1.20415
0.00974 0.0758259 -1.20414
0.00853057 0.0758259 -1.20414
0.00732115 0.0758259 -1.20415
0.00974 0.0770353 -1.20414
0.00853057 0.0770353 -1.20414
0.00732115 0.0770353 -1.20415
0.00974 0.0782448 -1.20414
0.00853057 0.0782448 -1.20414
0.00732115 0.0782448 -1.20415
0.00974 0.0794542 -1.20414
0.00853057 0.0794542 -1.20415
0.00732115 0.0794542 -1.20415
0.00974 0.0806636 -1.20414
0.00853057 0.0806636 -1.20415
0.00732115 0.0806636 -1.20415
0.00974 0.081873 -1.20414
0.00853057 0.081873 -1.20415
0.00732115 0.081873 -1.20415
0.00974 0.0830824 -1.20414
0.00853057 0.0830824 -1.20415
0.00732115 0.0830824 -1.20415
0.00974 0.0842919 -1.20414
0.00853057 0.0842919 -1.20415
0.00732115 0.0842919 -1.20415
0.00974 0.0855013 -1.20414
0.00853057 0.0855013 -1.20415
0.00732115 0.0855013 -1.20415
0.00974 0.0867107 -1.20414
0.00853057 0.0867107 -1.20415
0.00732115 0.0867107 -1.20415
0.00974 0.0879201 -1.20415
0.00853057 0.0879201 -1.20415
0.00732115 0.0879201 -1.20415
0.00974 0.0891296 -1.20415
0.00853057 0.0891296 -1.20415
0.00732115 0.0891296 -1.20415
0.00974 0.090339 -1.20415
0.00853057 0.090339 -1.20415
0.00732115 0.090339 -1.20415
0.00974 0.0915484 -1.20415
0.00853057 0.0915484 -1.20415
0.00732115 0.0915484 -1.20415
0.00974 0.0927578 -1.20415
0.00853057 0.0927578 -1.20415
0.00732115 0.0927578 -1.20415
0.00974 0.0939672 -1.20415
0.00853057 0.0939672 -1.20415
0.00732115 0.0939672 -1.20415
0.00974 0.0951767 -1.20415
0.00853057 0.0951767 -1.20415
0.00732115 0.0951767 -1.20415
0.00974 0.0963861 -1.20415
0.00853057 0.0963861 -1.20415
0.00732115 0.0963861 -1.20415
0.00974 0.0975955 -1.20415
0.00853057 0.0975955 -1.20415
0.00732115 0.0975955 -1.20415
0.00974 0.0988049 -1.20415
0.00853057 0.0988049 -1.20415
0.00732115 0.0988049 -1.20415
0.00974 0.100014 -1.20415
0.00853057 0.100014 -1.20415
0.00732115 0.100014 -1.20415
0.00974 0.101224 -1.20415
0.00853057 0.101224 -1.20415
0.00732115 0.101224 -1.20415
