-0.0125395 -0.0360305 -1.07662
-0.01298 -0.0360305 -1.07662
-0.0134205 -0.0360305 -1.07662
-0.0125395 -0.03559 -1.07662
-0.01298 -0.03559 -1.07662
-0.0134205 -0.03559 -1.07662
-0.0125395 -0.0351495 -1.07662
-0.01298 -0.0351495 -1.07662
-0.0134205 -0.0351495 -1.07663
-0.0125395 -0.034709 -1.07662
-0.01298 -0.034709 -1.07662
-0.0134205 -0.034709 -1.07663
-0.0125395 -0.0342685 -1.07662
-0.01298 -0.0342685 -1.07662
-0.0134205 -0.0342685 -1.07663
-0.0125395 -0.0338279 -1.07662
-0.01298 -0.0338279 -1.07662
-0.0134205 -0.0338279 -1.07663
-0.0125395 -0.0333874 -1.07662
-0.01298 -0.0333874 -1.07662
-0.0134205 -0.0333874 -1.07663
-0.0125395 -0.0329469 -1.07662
-0.01298 -0.0329469 -1.07662
-0.0134205 -0.0329469 -1.07663
-0.0125395 -0.0325064 -1.07662
-0.01298 -0.0325064 -1.07662
-0.0134205 -0.0325064 -1.07663
-0.0125395 -0.0320659 -1.07662
-0.01298 -0.0320659 -1.07663
-0.0134205 -0.0320659 -1.07663
-0.0125395 -0.0316254 -1.07662
-0.01298 -0.0316254 -1.07663
-0.0134205 -0.0316254 -1.07663
-0.0125395 -0.0311848 -1.07662
-0.01298 -0.0311848 -1.07663
-0.0134205 -0.0311848 -1.07663
-0.0125395 -0.0307443 -1.07662
-0.01298 -0.0307443 -1.07663
-0.0134205 -0.0307443 -1.07663
-0.0125395 -0.0303038 -1.07662
-0.01298 -0.0303038 -1.07663
-0.0134205 -0.0303038 -1.07663
-0.0125395 -0.0298633 -1.07662
-0.01298 -0.0298633 -1.07663
-0.0134205 -0.0298633 -1.07663
-0.0125395 -0.0294228 -1.07662
-0.01298 -0.0294228 -1.07663
-0.0134205 -0.0294228 -1.07663
-0.0125395 -0.0289822 -1.07662
-0.01298 -0.0289822 -1.07663
-0.0134205 -0.0289822 -1.07663
-0.0125395 -0.0285417 -1.07663
-0.01298 -0.0285417 -1.07663
-0.0134205 -0.0285417 -1.07663
-0.0125395 -0.0281012 -1.07663
-0.01298 -0.0281012 -1.07663
-0.0134205 -0.0281012 -1.07663
-0.0125395 -0.0276607 -1.07663
-0.01298 -0.0276607 -1.07663
-0.0134205 -0.0276607 -1.07663
-0.0125395 -0.0272202 -1.07663
-0.01298 -0.0272202 -1.07663
-0.0134205 -0.0272202 -1.07663
-0.0125395 -0.0267797 -1.07663
-0.01298 -0.0267797 -1.07663
-0.0134205 -0.0267797 -1.07663
-0.0125395 -0.0263391 -1.07663
-0.01298 -0.0263391 -1.07663
-0.0134205 -0.0263391 -1.07663
-0.0125395 -0.0258986 -1.07663
-0.01298 -0.0258986 -1.07663
-0.0134205 -0.0258986 -1.07664
-0.0125395 -0.0254581 -1.07663
-0.01298 -0.0254581 -1.07663
-0.0134205 -0.0254581 -1.07664
-0.0125395 -0.0250176 -1.07663
-0.01298 -0.0250176 -1.07663
-0.0134205 -0.0250176 -1.07664
-0.0125395 -0.0245771 -1.07663
-0.01298 -0.0245771 -1.07663
-0.0134205 -0.0245771 -1.07664
-0.0125395 -0.0241365 -1.07663
-0.01298 -0.0241365 -1.07663
-0.0134205 -0.0241365 -1.07664
-0.0125395 -0.023696 -1.07663
-0.01298 -0.023696 -1.07663
-0.0134205 -0.023696 -1.07664
-0.0125395 -0.0232555 -1.07663
-0.01298 -0.0232555 -1.07663
-0.0134205 -0.0232555 -1.07664
-0.0125395 -0.022815 -1.07663
-0.01298 -0.022815 -1.07664
-0.0134205 -0.022815 -1.07664
-0.0125395 -0.0223745 -1.07663
-0.01298 -0.0223745 -1.07664
-0.0134205 -0.0223745 -1.07664
-0.0125395 -0.021934 -1.07663
-0.01298 -0.021934 -1.07664
-0.0134205 -0.021934 -1.07664
-0.0125395 -0.0214934 -1.07663
-0.01298 -0.0214934 -1.07664
-0.0134205 -0.0214934 -1.07664
-0.0125395 -0.0210529 -1.07663
-0.01298 -0.0210529 -1.07664
-0.0134205 -0.0210529 -1.07664
-0.0125395 -0.0206124 -1.07663
-0.01298 -0.0206124 -1.07664
-0.0134205 -0.0206124 -1.07664
-0.0125395 -0.0201719 -1.07663
-0.01298 -0.0201719 -1.07664
-0.0134205 -0.0201719 -1.07664
-0.0125395 -0.0197314 -1.07663
-0.01298 -0.0197314 -1.07664
-0.0134205 -0.0197314 -1.07664
-0.0125395 -0.0192908 -1.07664
-0.01298 -0.0192908 -1.07664
-0.0134205 -0.0192908 -1.07664
-0.0125395 -0.0188503 -1.07664
-0.01298 -0.0188503 -1.07664
-0.0134205 -0.0188503 -1.07664
-0.0125395 -0.0184098 -1.07664
-0.01298 -0.0184098 -1.07664
-0.0134205 -0.0184098 -1.07664
-0.0125395 -0.0179693 -1.07664
-0.01298 -0.0179693 -1.07664
-0.0134205 -0.0179693 -1.07664
-0.0125395 -0.0175288 -1.07664
-0.01298 -0.0175288 -1.07664
-0.0134205 -0.0175288 -1.07664
-0.0125395 -0.0170883 -1.07664
-0.01298 -0.0170883 -1.07664
-0.0134205 -0.0170883 -1.07664
-0.0125395 -0.0166477 -1.07664
-0.01298 -0.0166477 -1.07664
-0.0134205 -0.0166477 -1.07665
-0.0125395 -0.0162072 -1.07664
-0.01298 -0.0162072 -1.07664
-0.0134205 -0.0162072 -1.07665
-0.0125395 -0.0157667 -1.07664
-0.01298 -0.0157667 -1.07664
-0.0134205 -0.0157667 -1.07665
-0.0125395 -0.0153262 -1.07664
-0.01298 -0.0153262 -1.07664
-0.0134205 -0.0153262 -1.07665
-0.0125395 -0.0148857 -1.07664
-0.01298 -0.0148857 -1.07664
-0.0134205 -0.0148857 -1.07665
-0.0125395 -0.0144451 -1.07664
-0.01298 -0.0144451 -1.07664
-0.0134205 -0.0144451 -1.07665
-0.0125395 -0.0140046 -1.07664
-0.01298 -0.0140046 -1.07664
-0.0134205 -0.0140046 -1.07665
-0.0125395 -0.0135641 -1.07664
-0.01298 -0.0135641 -1.07664
-0.0134205 -0.0135641 -1.07665
-0.0125395 -0.0131236 -1.07664
-0.01298 -0.0131236 -1.07665
-0.0134205 -0.0131236 -1.07665
-0.0125395 -0.0126831 -1.07664
-0.01298 -0.0126831 -1.07665
-0.0134205 -0.0126831 -1.07665
-0.0125395 -0.0122426 -1.07664
-0.01298 -0.0122426 -1.07665
-0.0134205 -0.0122426 -1.07665
-0.0125395 -0.011802 -1.07664
-0.01298 -0.011802 -1.07665
-0.0134205 -0.011802 -1.07665
-0.0125395 -0.0113615 -1.07664
-0.01298 -0.0113615 -1.07665
-0.0134205 -0.0113615 -1.07665
-0.0125395 -0.010921 -1.07664
-0.01298 -0.010921 -1.07665
-0.0134205 -0.010921 -1.07665
-0.0125395 -0.0104805 -1.07664
-0.01298 -0.0104805 -1.07665
-0.0134205 -0.0104805 -1.07665
-0.0125395 -0.01004 -1.07665
-0.01298 -0.01004 -1.07665
-0.0134205 -0.01004 -1.07665
-0.0125395 -0.00959945 -1.07665
-0.01298 -0.00959945 -1.07665
-0.0134205 -0.00959945 -1.07665
-0.0125395 -0.00915893 -1.07665
-0.01298 -0.00915893 -1.07665
-0.0134205 -0.00915893 -1.07665
-0.0125395 -0.00871841 -1.07665
-0.01298 -0.00871841 -1.07665
-0.0134205 -0.00871841 -1.07665
-0.0125395 -0.00827789 -1.07665
-0.01298 -0.00827789 -1.07665
-0.0134205 -0.00827789 -1.07665
-0.0125395 -0.00783737 -1.07665
-0.01298 -0.00783737 -1.07665
-0.0134205 -0.00783737 -1.07665
-0.0125395 -0.00739686 -1.07665
-0.01298 -0.00739686 -1.07665
-0.0134205 -0.00739686 -1.07666
-0.0125395 -0.00695634 -1.07665
-0.01298 -0.00695634 -1.07665
-0.0134205 -0.00695634 -1.07666
-0.0125395 -0.00651582 -1.07665
-0.01298 -0.00651582 -1.07665
-0.0134205 -0.00651582 -1.07666
-0.0125395 -0.0060753 -1.07665
-0.01298 -0.0060753 -1.07665
-0.0134205 -0.0060753 -1.07666
-0.0125395 -0.00563478 -1.07665
-0.01298 -0.00563478 -1.07665
-0.0134205 -0.00563478 -1.07666
-0.0125395 -0.00519427 -1.07665
-0.01298 -0.00519427 -1.07665
-0.0134205 -0.00519427 -1.07666
-0.0125395 -0.00475375 -1.07665
-0.01298 -0.00475375 -1.07665
-0.0134205 -0.00475375 -1.07666
-0.0125395 -0.00431323 -1.07665
-0.01298 -0.00431323 -1.07665
-0.0134205 -0.00431323 -1.07666
-0.0125395 -0.00387271 -1.07665
-0.01298 -0.00387271 -1.07666
-0.0134205 -0.00387271 -1.07666
-0.0125395 -0.00343219 -1.07665
-0.01298 -0.00343219 -1.07666
-0.0134205 -0.00343219 -1.07666
-0.0125395 -0.00299167 -1.07665
-0.01298 -0.00299167 -1.07666
-0.0134205 -0.00299167 -1.07666
-0.0125395 -0.00255116 -1.07665
-0.01298 -0.00255116 -1.07666
-0.0134205 -0.00255116 -1.07666
-0.0125395 -0.00211064 -1.07665
-0.01298 -0.00211064 -1.07666
-0.0134205 -0.00211064 -1.07666
-0.0125395 -0.00167012 -1.07665
-0.01298 -0.00167012 -1.07666
-0.0134205 -0.00167012 -1.07666
-0.0125395 -0.0012296 -1.07665
-0.01298 -0.0012296 -1.07666
-0.0134205 -0.0012296 -1.07666
-0.0125395 -0.000789084 -1.07666
-0.01298 -0.000789084 -1.07666
-0.0134205 -0.000789084 -1.07666
-0.0125395 -0.000348566 -1.07666
-0.01298 -0.000348566 -1.07666
-0.0134205 -0.000348566 -1.07666
-0.0125395 9.19523e-05 -1.07666
-0.01298 9.19523e-05 -1.07666
-0.0134205 9.19523e-05 -1.07666
-0.0125395 0.00053247 -1.07666
-0.01298 0.00053247 -1.07666
-0.0134205 0.00053247 -1.07666
-0.0125395 0.000972989 -1.07666
-0.01298 0.000972989 -1.07666
-0.0134205 0.000972989 -1.07666
-0.0125395 0.00141351 -1.07666
-0.01298 0.00141351 -1.07666
-0.0134205 0.00141351 -1.07666
-0.0125395 0.00185402 -1.07666
-0.01298 0.00185402 -1.07666
-0.0134205 0.00185402 -1.07666
-0.0125395 0.00229454 -1.07666
-0.01298 0.00229454 -1.07666
-0.0134205 0.00229454 -1.07667
-0.0125395 0.00273506 -1.07666
-0.01298 0.00273506 -1.07666
-0.0134205 0.00273506 -1.07667
-0.0125395 0.00317558 -1.07666
-0.01298 0.00317558 -1.07666
-0.0134205 0.00317558 -1.07667
-0.0125395 0.0036161 -1.07666
-0.01298 0.0036161 -1.07666
-0.0134205 0.0036161 -1.07667
-0.0125395 0.00405662 -1.07666
-0.01298 0.00405662 -1.07666
-0.0134205 0.00405662 -1.07667
-0.0125395 0.00449713 -1.07666
-0.01298 0.00449713 -1.07666
-0.0134205 0.00449713 -1.07667
-0.0125395 0.00493765 -1.07666
-0.01298 0.00493765 -1.07666
-0.0134205 0.00493765 -1.07667
-0.0125395 0.00537817 -1.07666
-0.01298 0.00537817 -1.07667
-0.0134205 0.00537817 -1.07667
-0.0125395 0.00581869 -1.07666
-0.01298 0.00581869 -1.07667
-0.0134205 0.00581869 -1.07667
-0.0125395 0.00625921 -1.07666
-0.01298 0.00625921 -1.07667
-0.0134205 0.00625921 -1.07667
-0.0125395 0.00669972 -1.07666
-0.01298 0.00669972 -1.07667
-0.0134205 0.00669972 -1.07667
-0.0125395 0.00714024 -1.07666
-0.01298 0.00714024 -1.07667
-0.0134205 0.00714024 -1.07667
-0.0125395 0.00758076 -1.07666
-0.01298 0.00758076 -1.07667
-0.0134205 0.00758076 -1.07667
-0.0125395 0.00802128 -1.07666
-0.01298 0.00802128 -1.07667
-0.0134205 0.00802128 -1.07667
-0.0125395 0.0084618 -1.07666
-0.01298 0.0084618 -1.07667
-0.0134205 0.0084618 -1.07667
-0.0125395 0.00890232 -1.07667
-0.01298 0.00890232 -1.07667
-0.0134205 0.00890232 -1.07667
-0.0125395 0.00934283 -1.07667
-0.01298 0.00934283 -1.07667
-0.0134205 0.00934283 -1.07667
-0.0125395 0.00978335 -1.07667
-0.01298 0.00978335 -1.07667
-0.0134205 0.00978335 -1.07667
-0.0125395 0.0102239 -1.07667
-0.01298 0.0102239 -1.07667
-0.0134205 0.0102239 -1.07667
-0.0125395 0.0106644 -1.07667
-0.01298 0.0106644 -1.07667
-0.0134205 0.0106644 -1.07667
-0.0125395 0.0111049 -1.07667
-0.01298 0.0111049 -1.07667
-0.0134205 0.0111049 -1.07667
-0.0125395 0.0115454 -1.07667
-0.01298 0.0115454 -1.07667
-0.0134205 0.0115454 -1.07668
-0.0125395 0.0119859 -1.07667
-0.01298 0.0119859 -1.07667
-0.0134205 0.0119859 -1.07668
-0.0125395 0.0124265 -1.07667
-0.01298 0.0124265 -1.07667
-0.0134205 0.0124265 -1.07668
