-0.00216544 0.0119254 -0.953695
-0.00165736 0.0119254 -0.9537
-0.00114928 0.0119254 -0.953706
-0.00216544 0.0114173 -0.953696
-0.00165736 0.0114173 -0.953701
-0.00114928 0.0114173 -0.953707
-0.00216544 0.0109092 -0.953696
-0.00165736 0.0109092 -0.953702
-0.00114928 0.0109092 -0.953707
-0.00216544 0.0104011 -0.953697
-0.00165736 0.0104011 -0.953703
-0.00114928 0.0104011 -0.953708
-0.00216544 0.00989306 -0.953698
-0.00165736 0.00989306 -0.953703
-0.00114928 0.00989306 -0.953709
-0.00216544 0.00938497 -0.953699
-0.00165736 0.00938497 -0.953704
-0.00114928 0.00938497 -0.95371
-0.00216544 0.00887689 -0.9537
-0.00165736 0.00887689 -0.953705
-0.00114928 0.00887689 -0.95371
-0.00216544 0.00836881 -0.9537
-0.00165736 0.00836881 -0.953706
-0.00114928 0.00836881 -0.953711
-0.00216544 0.00786072 -0.953701
-0.00165736 0.00786072 -0.953707
-0.00114928 0.00786072 -0.953712
-0.00216544 0.00735264 -0.953702
-0.00165736 0.00735264 -0.953707
-0.00114928 0.00735264 -0.953713
-0.00216544 0.00684456 -0.953703
-0.00165736 0.00684456 -0.953708
-0.00114928 0.00684456 -0.953714
-0.00216544 0.00633647 -0.953703
-0.00165736 0.00633647 -0.953709
-0.00114928 0.00633647 -0.953714
-0.00216544 0.00582839 -0.953704
-0.00165736 0.00582839 -0.95371
-0.00114928 0.00582839 -0.953715
-0.00216544 0.00532031 -0.953705
-0.00165736 0.00532031 -0.95371
-0.00114928 0.00532031 -0.953716
-0.00216544 0.00481222 -0.953706
-0.00165736 0.00481222 -0.953711
-0.00114928 0.00481222 -0.953717
-0.00216544 0.00430414 -0.953707
-0.00165736 0.00430414 -0.953712
-0.00114928 0.00430414 -0.953718
-0.00216544 0.00379605 -0.953707
-0.00165736 0.00379605 -0.953713
-0.00114928 0.00379605 -0.953718
-0.00216544 0.00328797 -0.953708
-0.00165736 0.00328797 -0.953714
-0.00114928 0.00328797 -0.953719
-0.00216544 0.00277989 -0.953709
-0.00165736 0.00277989 -0.953714
-0.00114928 0.00277989 -0.95372
-0.00216544 0.0022718 -0.95371
-0.00165736 0.0022718 -0.953715
-0.00114928 0.0022718 -0.953721
-0.00216544 0.00176372 -0.95371
-0.00165736 0.00176372 -0.953716
-0.00114928 0.00176372 -0.953721
-0.00216544 0.00125564 -0.953711
-0.00165736 0.00125564 -0.953717
-0.00114928 0.00125564 -0.953722
-0.00216544 0.000747553 -0.953712
-0.00165736 0.000747553 -0.953717
-0.00114928 0.000747553 -0.953723
-0.00216544 0.00023947 -0.953713
-0.00165736 0.00023947 -0.953718
-0.00114928 0.00023947 -0.953724
-0.00216544 -0.000268614 -0.953714
-0.00165736 -0.000268614 -0.953719
-0.00114928 -0.000268614 -0.953725
-0.00216544 -0.000776697 -0.953714
-0.00165736 -0.000776697 -0.95372
-0.00114928 -0.000776697 -0.953725
-0.00216544 -0.00128478 -0.953715
-0.00165736 -0.00128478 -0.953721
-0.00114928 -0.00128478 -0.953726
-0.00216544 -0.00179286 -0.953716
-0.00165736 -0.00179286 -0.953721
-0.00114928 -0.00179286 -0.953727
-0.00216544 -0.00230095 -0.953717
-0.00165736 -0.00230095 -0.953722
-0.00114928 -0.00230095 -0.953728
-0.00216544 -0.00280903 -0.953717
-0.00165736 -0.00280903 -0.953723
-0.00114928 -0.00280903 -0.953728
-0.00216544 -0.00331712 -0.953718
-0.00165736 -0.00331712 -0.953724
-0.00114928 -0.00331712 -0.953729
-0.00216544 -0.0038252 -0.953719
-0.00165736 -0.0038252 -0.953725
-0.00114928 -0.0038252 -0.95373
-0.00216544 -0.00433328 -0.95372
-0.00165736 -0.00433328 -0.953725
-0.00114928 -0.00433328 -0.953731
-0.00216544 -0.00484137 -0.953721
-0.00165736 -0.00484137 -0.953726
-0.00114928 -0.00484137 -0.953732
-0.00216544 -0.00534945 -0.953721
-0.00165736 -0.00534945 -0.953727
-0.00114928 -0.00534945 -0.953732
-0.00216544 -0.00585753 -0.953722
-0.00165736 -0.00585753 -0.953728
-0.00114928 -0.00585753 -0.953733
-0.00216544 -0.00636562 -0.953723
-0.00165736 -0.00636562 -0.953728
-0.00114928 -0.00636562 -0.953734
-0.00216544 -0.0068737 -0.953724
-0.00165736 -0.0068737 -0.953729
-0.00114928 -0.0068737 -0.953735
-0.00216544 -0.00738178 -0.953724
-0.00165736 -0.00738178 -0.95373
-0.00114928 -0.00738178 -0.953735
-0.00216544 -0.00788987 -0.953725
-0.00165736 -0.00788987 -0.953731
-0.00114928 -0.00788987 -0.953736
-0.00216544 -0.00839795 -0.953726
-0.00165736 -0.00839795 -0.953732
-0.00114928 -0.00839795 -0.953737
-0.00216544 -0.00890603 -0.953727
-0.00165736 -0.00890603 -0.953732
-0.00114928 -0.00890603 -0.953738
-0.00216544 -0.00941412 -0.953728
-0.00165736 -0.00941412 -0.953733
-0.00114928 -0.00941412 -0.953739
-0.00216544 -0.0099222 -0.953728
-0.00165736 -0.0099222 -0.953734
-0.00114928 -0.0099222 -0.953739
-0.00216544 -0.0104303 -0.953729
-0.00165736 -0.0104303 -0.953735
-0.00114928 -0.0104303 -0.95374
-0.00216544 -0.0109384 -0.95373
-0.00165736 -0.0109384 -0.953735
-0.00114928 -0.0109384 -0.953741
-0.00216544 -0.0114465 -0.953731
-0.00165736 -0.0114465 -0.953736
-0.00114928 -0.0114465 -0.953742
-0.00216544 -0.0119545 -0.953731
-0.00165736 -0.0119545 -0.953737
-0.00114928 -0.0119545 -0.953742
-0.00216544 -0.0124626 -0.953732
-0.00165736 -0.0124626 -0.953738
-0.00114928 -0.0124626 -0.953743
-0.00216544 -0.0129707 -0.953733
-0.00165736 -0.0129707 -0.953739
-0.00114928 -0.0129707 -0.953744
-0.00216544 -0.0134788 -0.953734
-0.00165736 -0.0134788 -0.953739
-0.00114928 -0.0134788 -0.953745
-0.00216544 -0.0139869 -0.953735
-0.00165736 -0.0139869 -0.95374
-0.00114928 -0.0139869 -0.953746
-0.00216544 -0.014495 -0.953735
-0.00165736 -0.014495 -0.953741
-0.00114928 -0.014495 -0.953746
-0.00216544 -0.015003 -0.953736
-0.00165736 -0.015003 -0.953742
-0.00114928 -0.015003 -0.953747
-0.00216544 -0.0155111 -0.953737
-0.00165736 -0.0155111 -0.953742
-0.00114928 -0.0155111 -0.953748
-0.00216544 -0.0160192 -0.953738
-0.00165736 -0.0160192 -0.953743
-0.00114928 -0.0160192 -0.953749
-0.00216544 -0.0165273 -0.953739
-0.00165736 -0.0165273 -0.953744
-0.00114928 -0.0165273 -0.953749
-0.00216544 -0.0170354 -0.953739
-0.00165736 -0.0170354 -0.953745
-0.00114928 -0.0170354 -0.95375
-0.00216544 -0.0175435 -0.95374
-0.00165736 -0.0175435 -0.953746
-0.00114928 -0.0175435 -0.953751
-0.00216544 -0.0180515 -0.953741
-0.00165736 -0.0180515 -0.953746
-0.00114928 -0.0180515 -0.953752
-0.00216544 -0.0185596 -0.953742
-0.00165736 -0.0185596 -0.953747
-0.00114928 -0.0185596 -0.953753
-0.00216544 -0.0190677 -0.953742
-0.00165736 -0.0190677 -0.953748
-0.00114928 -0.0190677 -0.953753
-0.00216544 -0.0195758 -0.953743
-0.00165736 -0.0195758 -0.953749
-0.00114928 -0.0195758 -0.953754
-0.00216544 -0.0200839 -0.953744
-0.00165736 -0.0200839 -0.953749
-0.00114928 -0.0200839 -0.953755
-0.00216544 -0.020592 -0.953745
-0.00165736 -0.020592 -0.95375
-0.00114928 -0.020592 -0.953756
-0.00216544 -0.0211 -0.953746
-0.00165736 -0.0211 -0.953751
-0.00114928 -0.0211 -0.953757
-0.00216544 -0.0216081 -0.953746
-0.00165736 -0.0216081 -0.953752
-0.00114928 -0.0216081 -0.953757
-0.00216544 -0.0221162 -0.953747
-0.00165736 -0.0221162 -0.953753
-0.00114928 -0.0221162 -0.953758
-0.00216544 -0.0226243 -0.953748
-0.00165736 -0.0226243 -0.953753
-0.00114928 -0.0226243 -0.953759
-0.00216544 -0.0231324 -0.953749
-0.00165736 -0.0231324 -0.953754
-0.00114928 -0.0231324 -0.95376
-0.00216544 -0.0236405 -0.953749
-0.00165736 -0.0236405 -0.953755
-0.00114928 -0.0236405 -0.95376
-0.00216544 -0.0241485 -0.95375
-0.00165736 -0.0241485 -0.953756
-0.00114928 -0.0241485 -0.953761
-0.00216544 -0.0246566 -0.953751
-0.00165736 -0.0246566 -0.953756
-0.00114928 -0.0246566 -0.953762
-0.00216544 -0.0251647 -0.953752
-0.00165736 -0.0251647 -0.953757
-0.00114928 -0.0251647 -0.953763
-0.00216544 -0.0256728 -0.953753
-0.00165736 -0.0256728 -0.953758
-0.00114928 -0.0256728 -0.953763
-0.00216544 -0.0261809 -0.953753
-0.00165736 -0.0261809 -0.953759
-0.00114928 -0.0261809 -0.953764
-0.00216544 -0.026689 -0.953754
-0.00165736 -0.026689 -0.95376
-0.00114928 -0.026689 -0.953765
-0.00216544 -0.027197 -0.953755
-0.00165736 -0.027197 -0.95376
-0.00114928 -0.027197 -0.953766
-0.00216544 -0.0277051 -0.953756
-0.00165736 -0.0277051 -0.953761
-0.00114928 -0.0277051 -0.953767
-0.00216544 -0.0282132 -0.953756
-0.00165736 -0.0282132 -0.953762
-0.00114928 -0.0282132 -0.953767
-0.00216544 -0.0287213 -0.953757
-0.00165736 -0.0287213 -0.953763
-0.00114928 -0.0287213 -0.953768
-0.00216544 -0.0292294 -0.953758
-0.00165736 -0.0292294 -0.953763
-0.00114928 -0.0292294 -0.953769
-0.00216544 -0.0297375 -0.953759
-0.00165736 -0.0297375 -0.953764
-0.00114928 -0.0297375 -0.95377
-0.00216544 -0.0302455 -0.95376
-0.00165736 -0.0302455 -0.953765
-0.00114928 -0.0302455 -0.953771
-0.00216544 -0.0307536 -0.95376
-0.00165736 -0.0307536 -0.953766
-0.00114928 -0.0307536 -0.953771
-0.00216544 -0.0312617 -0.953761
-0.00165736 -0.0312617 -0.953767
-0.00114928 -0.0312617 -0.953772
-0.00216544 -0.0317698 -0.953762
-0.00165736 -0.0317698 -0.953767
-0.00114928 -0.0317698 -0.953773
-0.00216544 -0.0322779 -0.953763
-0.00165736 -0.0322779 -0.953768
-0.00114928 -0.0322779 -0.953774
-0.00216544 -0.032786 -0.953763
-0.00165736 -0.032786 -0.953769
-0.00114928 -0.032786 -0.953774
-0.00216544 -0.033294 -0.953764
-0.00165736 -0.033294 -0.95377
-0.00114928 -0.033294 -0.953775
-0.00216544 -0.0338021 -0.953765
-0.00165736 -0.0338021 -0.95377
-0.00114928 -0.0338021 -0.953776
-0.00216544 -0.0343102 -0.953766
-0.00165736 -0.0343102 -0.953771
-0.00114928 -0.0343102 -0.953777
-0.00216544 -0.0348183 -0.953767
-0.00165736 -0.0348183 -0.953772
-0.00114928 -0.0348183 -0.953778
-0.00216544 -0.0353264 -0.953767
-0.00165736 -0.0353264 -0.953773
-0.00114928 -0.0353264 -0.953778
-0.00216544 -0.0358345 -0.953768
-0.00165736 -0.0358345 -0.953774
-0.00114928 -0.0358345 -0.953779
-0.00216544 -0.0363426 -0.953769
-0.00165736 -0.0363426 -0.953774
-0.00114928 -0.0363426 -0.95378
-0.00216544 -0.0368506 -0.95377
-0.00165736 -0.0368506 -0.953775
-0.00114928 -0.0368506 -0.953781
-0.00216544 -0.0373587 -0.95377
-0.00165736 -0.0373587 -0.953776
-0.00114928 -0.0373587 -0.953781
-0.00216544 -0.0378668 -0.953771
-0.00165736 -0.0378668 -0.953777
-0.00114928 -0.0378668 -0.953782
-0.00216544 -0.0383749 -0.953772
-0.00165736 -0.0383749 -0.953777
-0.00114928 -0.0383749 -0.953783
-0.00216544 -0.038883 -0.953773
-0.00165736 -0.038883 -0.953778
-0.00114928 -0.038883 -0.953784
-0.00216544 -0.0393911 -0.953774
-0.00165736 -0.0393911 -0.953779
-0.00114928 -0.0393911 -0.953785
-0.00216544 -0.0398991 -0.953774
-0.00165736 -0.0398991 -0.95378
-0.00114928 -0.0398991 -0.953785
-0.00216544 -0.0404072 -0.953775
-0.00165736 -0.0404072 -0.953781
-0.00114928 -0.0404072 -0.953786
-0.00216544 -0.0409153 -0.953776
-0.00165736 -0.0409153 -0.953781
-0.00114928 -0.0409153 -0.953787
-0.00216544 -0.0414234 -0.953777
-0.00165736 -0.0414234 -0.953782
-0.00114928 -0.0414234 -0.953788
-0.00216544 -0.0419315 -0.953777
-0.00165736 -0.0419315 -0.953783
-0.00114928 -0.0419315 -0.953788
-0.00216544 -0.0424396 -0.953778
-0.00165736 -0.0424396 -0.953784
-0.00114928 -0.0424396 -0.953789
-0.00216544 -0.0429476 -0.953779
-0.00165736 -0.0429476 -0.953785
-0.00114928 -0.0429476 -0.95379
-0.00216544 -0.0434557 -0.95378
-0.00165736 -0.0434557 -0.953785
-0.00114928 -0.0434557 -0.953791
-0.00216544 -0.0439638 -0.953781
-0.00165736 -0.0439638 -0.953786
-0.00114928 -0.0439638 -0.953792
