-0.00198337 -0.0320127 -0.898663
-0.00248521 -0.0320127 -0.898664
-0.00298704 -0.0320127 -0.898665
-0.00198337 -0.0315109 -0.898664
-0.00248521 -0.0315109 -0.898666
-0.00298704 -0.0315109 -0.898667
-0.00198337 -0.0310091 -0.898666
-0.00248521 -0.0310091 -0.898667
-0.00298704 -0.0310091 -0.898668
-0.00198337 -0.0305073 -0.898667
-0.00248521 -0.0305073 -0.898668
-0.00298704 -0.0305073 -0.898669
-0.00198337 -0.0300054 -0.898668
-0.00248521 -0.0300054 -0.898669
-0.00298704 -0.0300054 -0.89867
-0.00198337 -0.0295036 -0.898669
-0.00248521 -0.0295036 -0.89867
-0.00298704 -0.0295036 -0.898672
-0.00198337 -0.0290018 -0.898671
-0.00248521 -0.0290018 -0.898672
-0.00298704 -0.0290018 -0.898673
-0.00198337 -0.0284999 -0.898672
-0.00248521 -0.0284999 -0.898673
-0.00298704 -0.0284999 -0.898674
-0.00198337 -0.0279981 -0.898673
-0.00248521 -0.0279981 -0.898674
-0.00298704 -0.0279981 -0.898675
-0.00198337 -0.0274963 -0.898674
-0.00248521 -0.0274963 -0.898675
-0.00298704 -0.0274963 -0.898676
-0.00198337 -0.0269944 -0.898676
-0.00248521 -0.0269944 -0.898677
-0.00298704 -0.0269944 -0.898678
-0.00198337 -0.0264926 -0.898677
-0.00248521 -0.0264926 -0.898678
-0.00298704 -0.0264926 -0.898679
-0.00198337 -0.0259908 -0.898678
-0.00248521 -0.0259908 -0.898679
-0.00298704 -0.0259908 -0.89868
-0.00198337 -0.0254889 -0.898679
-0.00248521 -0.0254889 -0.89868
-0.00298704 -0.0254889 -0.898681
-0.00198337 -0.0249871 -0.89868
-0.00248521 -0.0249871 -0.898681
-0.00298704 -0.0249871 -0.898683
-0.00198337 -0.0244853 -0.898682
-0.00248521 -0.0244853 -0.898683
-0.00298704 -0.0244853 -0.898684
-0.00198337 -0.0239834 -0.898683
-0.00248521 -0.0239834 -0.898684
-0.00298704 -0.0239834 -0.898685
-0.00198337 -0.0234816 -0.898684
-0.00248521 -0.0234816 -0.898685
-0.00298704 -0.0234816 -0.898686
-0.00198337 -0.0229798 -0.898685
-0.00248521 -0.0229798 -0.898686
-0.00298704 -0.0229798 -0.898687
-0.00198337 -0.022478 -0.898686
-0.00248521 -0.022478 -0.898688
-0.00298704 -0.022478 -0.898689
-0.00198337 -0.0219761 -0.898688
-0.00248521 -0.0219761 -0.898689
-0.00298704 -0.0219761 -0.89869
-0.00198337 -0.0214743 -0.898689
-0.00248521 -0.0214743 -0.89869
-0.00298704 -0.0214743 -0.898691
-0.00198337 -0.0209725 -0.89869
-0.00248521 -0.0209725 -0.898691
-0.00298704 -0.0209725 -0.898692
-0.00198337 -0.0204706 -0.898691
-0.00248521 -0.0204706 -0.898692
-0.00298704 -0.0204706 -0.898694
-0.00198337 -0.0199688 -0.898693
-0.00248521 -0.0199688 -0.898694
-0.00298704 -0.0199688 -0.898695
-0.00198337 -0.019467 -0.898694
-0.00248521 -0.019467 -0.898695
-0.00298704 -0.019467 -0.898696
-0.00198337 -0.0189651 -0.898695
-0.00248521 -0.0189651 -0.898696
-0.00298704 -0.0189651 -0.898697
-0.00198337 -0.0184633 -0.898696
-0.00248521 -0.0184633 -0.898697
-0.00298704 -0.0184633 -0.898699
-0.00198337 -0.0179615 -0.898697
-0.00248521 -0.0179615 -0.898699
-0.00298704 -0.0179615 -0.8987
-0.00198337 -0.0174596 -0.898699
-0.00248521 -0.0174596 -0.8987
-0.00298704 -0.0174596 -0.898701
-0.00198337 -0.0169578 -0.8987
-0.00248521 -0.0169578 -0.898701
-0.00298704 -0.0169578 -0.898702
-0.00198337 -0.016456 -0.898701
-0.00248521 -0.016456 -0.898702
-0.00298704 -0.016456 -0.898703
-0.00198337 -0.0159541 -0.898702
-0.00248521 -0.0159541 -0.898704
-0.00298704 -0.0159541 -0.898705
-0.00198337 -0.0154523 -0.898704
-0.00248521 -0.0154523 -0.898705
-0.00298704 -0.0154523 -0.898706
-0.00198337 -0.0149505 -0.898705
-0.00248521 -0.0149505 -0.898706
-0.00298704 -0.0149505 -0.898707
-0.00198337 -0.0144487 -0.898706
-0.00248521 -0.0144487 -0.898707
-0.00298704 -0.0144487 -0.898708
-0.00198337 -0.0139468 -0.898707
-0.00248521 -0.0139468 -0.898708
-0.00298704 -0.0139468 -0.898709
-0.00198337 -0.013445 -0.898709
-0.00248521 -0.013445 -0.89871
-0.00298704 -0.013445 -0.898711
-0.00198337 -0.0129432 -0.89871
-0.00248521 -0.0129432 -0.898711
-0.00298704 -0.0129432 -0.898712
-0.00198337 -0.0124413 -0.898711
-0.00248521 -0.0124413 -0.898712
-0.00298704 -0.0124413 -0.898713
-0.00198337 -0.0119395 -0.898712
-0.00248521 -0.0119395 -0.898713
-0.00298704 -0.0119395 -0.898714
-0.00198337 -0.0114377 -0.898713
-0.00248521 -0.0114377 -0.898715
-0.00298704 -0.0114377 -0.898716
-0.00198337 -0.0109358 -0.898715
-0.00248521 -0.0109358 -0.898716
-0.00298704 -0.0109358 -0.898717
-0.00198337 -0.010434 -0.898716
-0.00248521 -0.010434 -0.898717
-0.00298704 -0.010434 -0.898718
-0.00198337 -0.00993217 -0.898717
-0.00248521 -0.00993217 -0.898718
-0.00298704 -0.00993217 -0.898719
-0.00198337 -0.00943034 -0.898718
-0.00248521 -0.00943034 -0.898719
-0.00298704 -0.00943034 -0.898721
-0.00198337 -0.00892851 -0.89872
-0.00248521 -0.00892851 -0.898721
-0.00298704 -0.00892851 -0.898722
-0.00198337 -0.00842668 -0.898721
-0.00248521 -0.00842668 -0.898722
-0.00298704 -0.00842668 -0.898723
-0.00198337 -0.00792485 -0.898722
-0.00248521 -0.00792485 -0.898723
-0.00298704 -0.00792485 -0.898724
-0.00198337 -0.00742302 -0.898723
-0.00248521 -0.00742302 -0.898724
-0.00298704 -0.00742302 -0.898725
-0.00198337 -0.00692118 -0.898724
-0.00248521 -0.00692118 -0.898726
-0.00298704 -0.00692118 -0.898727
-0.00198337 -0.00641935 -0.898726
-0.00248521 -0.00641935 -0.898727
-0.00298704 -0.00641935 -0.898728
-0.00198337 -0.00591752 -0.898727
-0.00248521 -0.00591752 -0.898728
-0.00298704 -0.00591752 -0.898729
-0.00198337 -0.00541569 -0.898728
-0.00248521 -0.00541569 -0.898729
-0.00298704 -0.00541569 -0.89873
-0.00198337 -0.00491386 -0.898729
-0.00248521 -0.00491386 -0.89873
-0.00298704 -0.00491386 -0.898732
-0.00198337 -0.00441203 -0.898731
-0.00248521 -0.00441203 -0.898732
-0.00298704 -0.00441203 -0.898733
-0.00198337 -0.0039102 -0.898732
-0.00248521 -0.0039102 -0.898733
-0.00298704 -0.0039102 -0.898734
-0.00198337 -0.00340837 -0.898733
-0.00248521 -0.00340837 -0.898734
-0.00298704 -0.00340837 -0.898735
-0.00198337 -0.00290653 -0.898734
-0.00248521 -0.00290653 -0.898735
-0.00298704 -0.00290653 -0.898736
-0.00198337 -0.0024047 -0.898735
-0.00248521 -0.0024047 -0.898737
-0.00298704 -0.0024047 -0.898738
-0.00198337 -0.00190287 -0.898737
-0.00248521 -0.00190287 -0.898738
-0.00298704 -0.00190287 -0.898739
-0.00198337 -0.00140104 -0.898738
-0.00248521 -0.00140104 -0.898739
-0.00298704 -0.00140104 -0.89874
-0.00198337 -0.000899209 -0.898739
-0.00248521 -0.000899209 -0.89874
-0.00298704 -0.000899209 -0.898741
-0.00198337 -0.000397378 -0.89874
-0.00248521 -0.000397378 -0.898741
-0.00298704 -0.000397378 -0.898743
-0.00198337 0.000104454 -0.898742
-0.00248521 0.000104454 -0.898743
-0.00298704 0.000104454 -0.898744
-0.00198337 0.000606285 -0.898743
-0.00248521 0.000606285 -0.898744
-0.00298704 0.000606285 -0.898745
-0.00198337 0.00110812 -0.898744
-0.00248521 0.00110812 -0.898745
-0.00298704 0.00110812 -0.898746
-0.00198337 0.00160995 -0.898745
-0.00248521 0.00160995 -0.898746
-0.00298704 0.00160995 -0.898747
-0.00198337 0.00211178 -0.898746
-0.00248521 0.00211178 -0.898748
-0.00298704 0.00211178 -0.898749
-0.00198337 0.00261361 -0.898748
-0.00248521 0.00261361 -0.898749
-0.00298704 0.00261361 -0.89875
-0.00198337 0.00311544 -0.898749
-0.00248521 0.00311544 -0.89875
-0.00298704 0.00311544 -0.898751
-0.00198337 0.00361727 -0.89875
-0.00248521 0.00361727 -0.898751
-0.00298704 0.00361727 -0.898752
-0.00198337 0.0041191 -0.898751
-0.00248521 0.0041191 -0.898752
-0.00298704 0.0041191 -0.898754
-0.00198337 0.00462093 -0.898753
-0.00248521 0.00462093 -0.898754
-0.00298704 0.00462093 -0.898755
-0.00198337 0.00512277 -0.898754
-0.00248521 0.00512277 -0.898755
-0.00298704 0.00512277 -0.898756
-0.00198337 0.0056246 -0.898755
-0.00248521 0.0056246 -0.898756
-0.00298704 0.0056246 -0.898757
-0.00198337 0.00612643 -0.898756
-0.00248521 0.00612643 -0.898757
-0.00298704 0.00612643 -0.898758
-0.00198337 0.00662826 -0.898757
-0.00248521 0.00662826 -0.898759
-0.00298704 0.00662826 -0.89876
-0.00198337 0.00713009 -0.898759
-0.00248521 0.00713009 -0.89876
-0.00298704 0.00713009 -0.898761
-0.00198337 0.00763192 -0.89876
-0.00248521 0.00763192 -0.898761
-0.00298704 0.00763192 -0.898762
-0.00198337 0.00813375 -0.898761
-0.00248521 0.00813375 -0.898762
-0.00298704 0.00813375 -0.898763
-0.00198337 0.00863559 -0.898762
-0.00248521 0.00863559 -0.898763
-0.00298704 0.00863559 -0.898765
-0.00198337 0.00913742 -0.898764
-0.00248521 0.00913742 -0.898765
-0.00298704 0.00913742 -0.898766
-0.00198337 0.00963925 -0.898765
-0.00248521 0.00963925 -0.898766
-0.00298704 0.00963925 -0.898767
-0.00198337 0.0101411 -0.898766
-0.00248521 0.0101411 -0.898767
-0.00298704 0.0101411 -0.898768
-0.00198337 0.0106429 -0.898767
-0.00248521 0.0106429 -0.898768
-0.00298704 0.0106429 -0.898769
-0.00198337 0.0111447 -0.898768
-0.00248521 0.0111447 -0.89877
-0.00298704 0.0111447 -0.898771
-0.00198337 0.0116466 -0.89877
-0.00248521 0.0116466 -0.898771
-0.00298704 0.0116466 -0.898772
-0.00198337 0.0121484 -0.898771
-0.00248521 0.0121484 -0.898772
-0.00298704 0.0121484 -0.898773
-0.00198337 0.0126502 -0.898772
-0.00248521 0.0126502 -0.898773
-0.00298704 0.0126502 -0.898774
-0.00198337 0.0131521 -0.898773
-0.00248521 0.0131521 -0.898774
-0.00298704 0.0131521 -0.898776
-0.00198337 0.0136539 -0.898775
-0.00248521 0.0136539 -0.898776
-0.00298704 0.0136539 -0.898777
-0.00198337 0.0141557 -0.898776
-0.00248521 0.0141557 -0.898777
-0.00298704 0.0141557 -0.898778
-0.00198337 0.0146576 -0.898777
-0.00248521 0.0146576 -0.898778
-0.00298704 0.0146576 -0.898779
-0.00198337 0.0151594 -0.898778
-0.00248521 0.0151594 -0.898779
-0.00298704 0.0151594 -0.89878
-0.00198337 0.0156612 -0.89878
-0.00248521 0.0156612 -0.898781
-0.00298704 0.0156612 -0.898782
-0.00198337 0.0161631 -0.898781
-0.00248521 0.0161631 -0.898782
-0.00298704 0.0161631 -0.898783
-0.00198337 0.0166649 -0.898782
-0.00248521 0.0166649 -0.898783
-0.00298704 0.0166649 -0.898784
-0.00198337 0.0171667 -0.898783
-0.00248521 0.0171667 -0.898784
-0.00298704 0.0171667 -0.898785
-0.00198337 0.0176685 -0.898784
-0.00248521 0.0176685 -0.898785
-0.00298704 0.0176685 -0.898787
-0.00198337 0.0181704 -0.898786
-0.00248521 0.0181704 -0.898787
-0.00298704 0.0181704 -0.898788
-0.00198337 0.0186722 -0.898787
-0.00248521 0.0186722 -0.898788
-0.00298704 0.0186722 -0.898789
-0.00198337 0.019174 -0.898788
-0.00248521 0.019174 -0.898789
-0.00298704 0.019174 -0.89879
-0.00198337 0.0196759 -0.898789
-0.00248521 0.0196759 -0.89879
-0.00298704 0.0196759 -0.898791
-0.00198337 0.0201777 -0.89879
-0.00248521 0.0201777 -0.898792
-0.00298704 0.0201777 -0.898793
-0.00198337 0.0206795 -0.898792
-0.00248521 0.0206795 -0.898793
-0.00298704 0.0206795 -0.898794
-0.00198337 0.0211814 -0.898793
-0.00248521 0.0211814 -0.898794
-0.00298704 0.0211814 -0.898795
-0.00198337 0.0216832 -0.898794
-0.00248521 0.0216832 -0.898795
-0.00298704 0.0216832 -0.898796
-0.00198337 0.022185 -0.898795
-0.00248521 0.022185 -0.898796
-0.00298704 0.022185 -0.898798
-0.00198337 0.0226869 -0.898797
-0.00248521 0.0226869 -0.898798
-0.00298704 0.0226869 -0.898799
-0.00198337 0.0231887 -0.898798
-0.00248521 0.0231887 -0.898799
-0.00298704 0.0231887 -0.8988
