-0.00201214 0.147912 -1.1598
0.000374295 0.147912 -1.15981
0.00276073 0.147912 -1.15981
-0.00201214 0.145525 -1.1598
0.000374295 0.145525 -1.15981
0.00276073 0.145525 -1.15981
-0.00201214 0.143139 -1.1598
0.000374295 0.143139 -1.15981
0.00276073 0.143139 -1.15981
-0.00201214 0.140752 -1.1598
0.000374295 0.140752 -1.15981
0.00276073 0.140752 -1.15981
-0.00201214 0.138366 -1.1598
0.000374295 0.138366 -1.15981
0.00276073 0.138366 -1.15981
-0.00201214 0.135979 -1.1598
0.000374295 0.135979 -1.15981
0.00276073 0.135979 -1.15981
-0.00201214 0.133593 -1.15981
0.000374295 0.133593 -1.15981
0.00276073 0.133593 -1.15981
-0.00201214 0.131207 -1.15981
0.000374295 0.131207 -1.15981
0.00276073 0.131207 -1.15981
-0.00201214 0.12882 -1.15981
0.000374295 0.12882 -1.15981
0.00276073 0.12882 -1.15981
-0.00201214 0.126434 -1.15981
0.000374295 0.126434 -1.15981
0.00276073 0.126434 -1.15981
-0.00201214 0.124047 -1.15981
0.000374295 0.124047 -1.15981
0.00276073 0.124047 -1.15981
-0.00201214 0.121661 -1.15981
0.000374295 0.121661 -1.15981
0.00276073 0.121661 -1.15981
-0.00201214 0.119274 -1.15981
0.000374295 0.119274 -1.15981
0.00276073 0.119274 -1.15981
-0.00201214 0.116888 -1.15981
0.000374295 0.116888 -1.15981
0.00276073 0.116888 -1.15981
-0.00201214 0.114502 -1.15981
0.000374295 0.114502 -1.15981
0.00276073 0.114502 -1.15981
-0.00201214 0.112115 -1.15981
0.000374295 0.112115 -1.15981
0.00276073 0.112115 -1.15981
-0.00201214 0.109729 -1.15981
0.000374295 0.109729 -1.15981
0.00276073 0.109729 -1.15982
-0.00201214 0.107342 -1.15981
0.000374295 0.107342 -1.15981
0.00276073 0.107342 -1.15982
-0.00201214 0.104956 -1.15981
0.000374295 0.104956 -1.15981
0.00276073 0.104956 -1.15982
-0.00201214 0.102569 -1.15981
0.000374295 0.102569 -1.15981
0.00276073 0.102569 -1.15982
-0.00201214 0.100183 -1.15981
0.000374295 0.100183 -1.15981
0.00276073 0.100183 -1.15982
-0.00201214 0.0977965 -1.15981
0.000374295 0.0977965 -1.15981
0.00276073 0.0977965 -1.15982
-0.00201214 0.0954101 -1.15981
0.000374295 0.0954101 -1.15981
0.00276073 0.0954101 -1.15982
-0.00201214 0.0930237 -1.15981
0.000374295 0.0930237 -1.15981
0.00276073 0.0930237 -1.15982
-0.00201214 0.0906372 -1.15981
0.000374295 0.0906372 -1.15981
0.00276073 0.0906372 -1.15982
-0.00201214 0.0882508 -1.15981
0.000374295 0.0882508 -1.15981
0.00276073 0.0882508 -1.15982
-0.00201214 0.0858644 -1.15981
0.000374295 0.0858644 -1.15982
0.00276073 0.0858644 -1.15982
-0.00201214 0.0834779 -1.15981
0.000374295 0.0834779 -1.15982
0.00276073 0.0834779 -1.15982
-0.00201214 0.0810915 -1.15981
0.000374295 0.0810915 -1.15982
0.00276073 0.0810915 -1.15982
-0.00201214 0.078705 -1.15981
0.000374295 0.078705 -1.15982
0.00276073 0.078705 -1.15982
-0.00201214 0.0763186 -1.15981
0.000374295 0.0763186 -1.15982
0.00276073 0.0763186 -1.15982
-0.00201214 0.0739322 -1.15981
0.000374295 0.0739322 -1.15982
0.00276073 0.0739322 -1.15982
-0.00201214 0.0715457 -1.15981
0.000374295 0.0715457 -1.15982
0.00276073 0.0715457 -1.15982
-0.00201214 0.0691593 -1.15981
0.000374295 0.0691593 -1.15982
0.00276073 0.0691593 -1.15982
-0.00201214 0.0667729 -1.15981
0.000374295 0.0667729 -1.15982
0.00276073 0.0667729 -1.15982
-0.00201214 0.0643864 -1.15981
0.000374295 0.0643864 -1.15982
0.00276073 0.0643864 -1.15982
-0.00201214 0.062 -1.15982
0.000374295 0.062 -1.15982
0.00276073 0.062 -1.15982
-0.00201214 0.0596136 -1.15982
0.000374295 0.0596136 -1.15982
0.00276073 0.0596136 -1.15982
-0.00201214 0.0572271 -1.15982
0.000374295 0.0572271 -1.15982
0.00276073 0.0572271 -1.15982
-0.00201214 0.0548407 -1.15982
0.000374295 0.0548407 -1.15982
0.00276073 0.0548407 -1.15982
-0.00201214 0.0524543 -1.15982
0.000374295 0.0524543 -1.15982
0.00276073 0.0524543 -1.15982
-0.00201214 0.0500678 -1.15982
0.000374295 0.0500678 -1.15982
0.00276073 0.0500678 -1.15982
-0.00201214 0.0476814 -1.15982
0.000374295 0.0476814 -1.15982
0.00276073 0.0476814 -1.15982
-0.00201214 0.0452949 -1.15982
0.000374295 0.0452949 -1.15982
0.00276073 0.0452949 -1.15982
-0.00201214 0.0429085 -1.15982
0.000374295 0.0429085 -1.15982
0.00276073 0.0429085 -1.15982
-0.00201214 0.0405221 -1.15982
0.000374295 0.0405221 -1.15982
0.00276073 0.0405221 -1.15982
-0.00201214 0.0381356 -1.15982
0.000374295 0.0381356 -1.15982
0.00276073 0.0381356 -1.15982
-0.00201214 0.0357492 -1.15982
0.000374295 0.0357492 -1.15982
0.00276073 0.0357492 -1.15983
-0.00201214 0.0333628 -1.15982
0.000374295 0.0333628 -1.15982
0.00276073 0.0333628 -1.15983
-0.00201214 0.0309763 -1.15982
0.000374295 0.0309763 -1.15982
0.00276073 0.0309763 -1.15983
-0.00201214 0.0285899 -1.15982
0.000374295 0.0285899 -1.15982
0.00276073 0.0285899 -1.15983
-0.00201214 0.0262035 -1.15982
0.000374295 0.0262035 -1.15982
0.00276073 0.0262035 -1.15983
-0.00201214 0.023817 -1.15982
0.000374295 0.023817 -1.15982
0.00276073 0.023817 -1.15983
-0.00201214 0.0214306 -1.15982
0.000374295 0.0214306 -1.15982
0.00276073 0.0214306 -1.15983
-0.00201214 0.0190442 -1.15982
0.000374295 0.0190442 -1.15982
0.00276073 0.0190442 -1.15983
-0.00201214 0.0166577 -1.15982
0.000374295 0.0166577 -1.15982
0.00276073 0.0166577 -1.15983
-0.00201214 0.0142713 -1.15982
0.000374295 0.0142713 -1.15982
0.00276073 0.0142713 -1.15983
-0.00201214 0.0118849 -1.15982
0.000374295 0.0118849 -1.15983
0.00276073 0.0118849 -1.15983
-0.00201214 0.00949842 -1.15982
0.000374295 0.00949842 -1.15983
0.00276073 0.00949842 -1.15983
-0.00201214 0.00711198 -1.15982
0.000374295 0.00711198 -1.15983
0.00276073 0.00711198 -1.15983
-0.00201214 0.00472555 -1.15982
0.000374295 0.00472555 -1.15983
0.00276073 0.00472555 -1.15983
-0.00201214 0.00233911 -1.15982
0.000374295 0.00233911 -1.15983
0.00276073 0.00233911 -1.15983
-0.00201214 -4.73232e-05 -1.15982
0.000374295 -4.73232e-05 -1.15983
0.00276073 -4.73232e-05 -1.15983
-0.00201214 -0.00243376 -1.15982
0.000374295 -0.00243376 -1.15983
0.00276073 -0.00243376 -1.15983
-0.00201214 -0.00482019 -1.15982
0.000374295 -0.00482019 -1.15983
0.00276073 -0.00482019 -1.15983
-0.00201214 -0.00720663 -1.15982
0.000374295 -0.00720663 -1.15983
0.00276073 -0.00720663 -1.15983
-0.00201214 -0.00959306 -1.15982
0.000374295 -0.00959306 -1.15983
0.00276073 -0.00959306 -1.15983
-0.00201214 -0.0119795 -1.15983
0.000374295 -0.0119795 -1.15983
0.00276073 -0.0119795 -1.15983
-0.00201214 -0.0143659 -1.15983
0.000374295 -0.0143659 -1.15983
0.00276073 -0.0143659 -1.15983
-0.00201214 -0.0167524 -1.15983
0.000374295 -0.0167524 -1.15983
0.00276073 -0.0167524 -1.15983
-0.00201214 -0.0191388 -1.15983
0.000374295 -0.0191388 -1.15983
0.00276073 -0.0191388 -1.15983
-0.00201214 -0.0215252 -1.15983
0.000374295 -0.0215252 -1.15983
0.00276073 -0.0215252 -1.15983
-0.00201214 -0.0239117 -1.15983
0.000374295 -0.0239117 -1.15983
0.00276073 -0.0239117 -1.15983
-0.00201214 -0.0262981 -1.15983
0.000374295 -0.0262981 -1.15983
0.00276073 -0.0262981 -1.15983
-0.00201214 -0.0286845 -1.15983
0.000374295 -0.0286845 -1.15983
0.00276073 -0.0286845 -1.15983
-0.00201214 -0.031071 -1.15983
0.000374295 -0.031071 -1.15983
0.00276073 -0.031071 -1.15983
-0.00201214 -0.0334574 -1.15983
0.000374295 -0.0334574 -1.15983
0.00276073 -0.0334574 -1.15983
-0.00201214 -0.0358439 -1.15983
0.000374295 -0.0358439 -1.15983
0.00276073 -0.0358439 -1.15983
-0.00201214 -0.0382303 -1.15983
0.000374295 -0.0382303 -1.15983
0.00276073 -0.0382303 -1.15984
-0.00201214 -0.0406167 -1.15983
0.000374295 -0.0406167 -1.15983
0.00276073 -0.0406167 -1.15984
-0.00201214 -0.0430032 -1.15983
0.000374295 -0.0430032 -1.15983
0.00276073 -0.0430032 -1.15984
-0.00201214 -0.0453896 -1.15983
0.000374295 -0.0453896 -1.15983
0.00276073 -0.0453896 -1.15984
-0.00201214 -0.047776 -1.15983
0.000374295 -0.047776 -1.15983
0.00276073 -0.047776 -1.15984
-0.00201214 -0.0501625 -1.15983
0.000374295 -0.0501625 -1.15983
0.00276073 -0.0501625 -1.15984
-0.00201214 -0.0525489 -1.15983
0.000374295 -0.0525489 -1.15983
0.00276073 -0.0525489 -1.15984
-0.00201214 -0.0549353 -1.15983
0.000374295 -0.0549353 -1.15983
0.00276073 -0.0549353 -1.15984
-0.00201214 -0.0573218 -1.15983
0.000374295 -0.0573218 -1.15983
0.00276073 -0.0573218 -1.15984
-0.00201214 -0.0597082 -1.15983
0.000374295 -0.0597082 -1.15983
0.00276073 -0.0597082 -1.15984
-0.00201214 -0.0620946 -1.15983
0.000374295 -0.0620946 -1.15984
0.00276073 -0.0620946 -1.15984
-0.00201214 -0.0644811 -1.15983
0.000374295 -0.0644811 -1.15984
0.00276073 -0.0644811 -1.15984
-0.00201214 -0.0668675 -1.15983
0.000374295 -0.0668675 -1.15984
0.00276073 -0.0668675 -1.15984
-0.00201214 -0.069254 -1.15983
0.000374295 -0.069254 -1.15984
0.00276073 -0.069254 -1.15984
-0.00201214 -0.0716404 -1.15983
0.000374295 -0.0716404 -1.15984
0.00276073 -0.0716404 -1.15984
-0.00201214 -0.0740268 -1.15983
0.000374295 -0.0740268 -1.15984
0.00276073 -0.0740268 -1.15984
-0.00201214 -0.0764133 -1.15983
0.000374295 -0.0764133 -1.15984
0.00276073 -0.0764133 -1.15984
-0.00201214 -0.0787997 -1.15983
0.000374295 -0.0787997 -1.15984
0.00276073 -0.0787997 -1.15984
-0.00201214 -0.0811861 -1.15983
0.000374295 -0.0811861 -1.15984
0.00276073 -0.0811861 -1.15984
-0.00201214 -0.0835726 -1.15983
0.000374295 -0.0835726 -1.15984
0.00276073 -0.0835726 -1.15984
-0.00201214 -0.085959 -1.15984
0.000374295 -0.085959 -1.15984
0.00276073 -0.085959 -1.15984
-0.00201214 -0.0883454 -1.15984
0.000374295 -0.0883454 -1.15984
0.00276073 -0.0883454 -1.15984
-0.00201214 -0.0907319 -1.15984
0.000374295 -0.0907319 -1.15984
0.00276073 -0.0907319 -1.15984
-0.00201214 -0.0931183 -1.15984
0.000374295 -0.0931183 -1.15984
0.00276073 -0.0931183 -1.15984
-0.00201214 -0.0955047 -1.15984
0.000374295 -0.0955047 -1.15984
0.00276073 -0.0955047 -1.15984
-0.00201214 -0.0978912 -1.15984
0.000374295 -0.0978912 -1.15984
0.00276073 -0.0978912 -1.15984
-0.00201214 -0.100278 -1.15984
0.000374295 -0.100278 -1.15984
0.00276073 -0.100278 -1.15984
-0.00201214 -0.102664 -1.15984
0.000374295 -0.102664 -1.15984
0.00276073 -0.102664 -1.15984
-0.00201214 -0.10505 -1.15984
0.000374295 -0.10505 -1.15984
0.00276073 -0.10505 -1.15984
-0.00201214 -0.107437 -1.15984
0.000374295 -0.107437 -1.15984
0.00276073 -0.107437 -1.15984
-0.00201214 -0.109823 -1.15984
0.000374295 -0.109823 -1.15984
0.00276073 -0.109823 -1.15985
-0.00201214 -0.11221 -1.15984
0.000374295 -0.11221 -1.15984
0.00276073 -0.11221 -1.15985
-0.00201214 -0.114596 -1.15984
0.000374295 -0.114596 -1.15984
0.00276073 -0.114596 -1.15985
