0.00584862 -0.0204932 -1.13664
0.00543603 -0.0204932 -1.13664
0.00502345 -0.0204932 -1.13664
0.00584862 -0.0200806 -1.13664
0.00543603 -0.0200806 -1.13664
0.00502345 -0.0200806 -1.13664
0.00584862 -0.0196681 -1.13664
0.00543603 -0.0196681 -1.13664
0.00502345 -0.0196681 -1.13664
0.00584862 -0.0192555 -1.13664
0.00543603 -0.0192555 -1.13664
0.00502345 -0.0192555 -1.13664
0.00584862 -0.0188429 -1.13664
0.00543603 -0.0188429 -1.13664
0.00502345 -0.0188429 -1.13664
0.00584862 -0.0184303 -1.13664
0.00543603 -0.0184303 -1.13664
0.00502345 -0.0184303 -1.13664
0.00584862 -0.0180177 -1.13664
0.00543603 -0.0180177 -1.13664
0.00502345 -0.0180177 -1.13664
0.00584862 -0.0176051 -1.13664
0.00543603 -0.0176051 -1.13664
0.00502345 -0.0176051 -1.13664
0.00584862 -0.0171926 -1.13664
0.00543603 -0.0171926 -1.13664
0.00502345 -0.0171926 -1.13664
0.00584862 -0.01678 -1.13664
0.00543603 -0.01678 -1.13664
0.00502345 -0.01678 -1.13664
0.00584862 -0.0163674 -1.13664
0.00543603 -0.0163674 -1.13664
0.00502345 -0.0163674 -1.13664
0.00584862 -0.0159548 -1.13664
0.00543603 -0.0159548 -1.13664
0.00502345 -0.0159548 -1.13664
0.00584862 -0.0155422 -1.13664
0.00543603 -0.0155422 -1.13664
0.00502345 -0.0155422 -1.13664
0.00584862 -0.0151297 -1.13664
0.00543603 -0.0151297 -1.13664
0.00502345 -0.0151297 -1.13664
0.00584862 -0.0147171 -1.13664
0.00543603 -0.0147171 -1.13664
0.00502345 -0.0147171 -1.13664
0.00584862 -0.0143045 -1.13664
0.00543603 -0.0143045 -1.13664
0.00502345 -0.0143045 -1.13664
0.00584862 -0.0138919 -1.13664
0.00543603 -0.0138919 -1.13664
0.00502345 -0.0138919 -1.13664
0.00584862 -0.0134793 -1.13664
0.00543603 -0.0134793 -1.13664
0.00502345 -0.0134793 -1.13664
0.00584862 -0.0130667 -1.13664
0.00543603 -0.0130667 -1.13664
0.00502345 -0.0130667 -1.13664
0.00584862 -0.0126542 -1.13664
0.00543603 -0.0126542 -1.13664
0.00502345 -0.0126542 -1.13664
0.00584862 -0.0122416 -1.13664
0.00543603 -0.0122416 -1.13664
0.00502345 -0.0122416 -1.13664
0.00584862 -0.011829 -1.13664
0.00543603 -0.011829 -1.13664
0.00502345 -0.011829 -1.13664
0.00584862 -0.0114164 -1.13664
0.00543603 -0.0114164 -1.13664
0.00502345 -0.0114164 -1.13664
0.00584862 -0.0110038 -1.13664
0.00543603 -0.0110038 -1.13664
0.00502345 -0.0110038 -1.13664
0.00584862 -0.0105912 -1.13664
0.00543603 -0.0105912 -1.13664
0.00502345 -0.0105912 -1.13664
0.00584862 -0.0101787 -1.13664
0.00543603 -0.0101787 -1.13664
0.00502345 -0.0101787 -1.13664
0.00584862 -0.00976609 -1.13664
0.00543603 -0.00976609 -1.13664
0.00502345 -0.00976609 -1.13664
0.00584862 -0.0093535 -1.13664
0.00543603 -0.0093535 -1.13664
0.00502345 -0.0093535 -1.13664
0.00584862 -0.00894092 -1.13664
0.00543603 -0.00894092 -1.13664
0.00502345 -0.00894092 -1.13664
0.00584862 -0.00852834 -1.13664
0.00543603 -0.00852834 -1.13664
0.00502345 -0.00852834 -1.13664
0.00584862 -0.00811576 -1.13664
0.00543603 -0.00811576 -1.13664
0.00502345 -0.00811576 -1.13664
0.00584862 -0.00770318 -1.13664
0.00543603 -0.00770318 -1.13664
0.00502345 -0.00770318 -1.13664
0.00584862 -0.0072906 -1.13664
0.00543603 -0.0072906 -1.13664
0.00502345 -0.0072906 -1.13664
0.00584862 -0.00687801 -1.13664
0.00543603 -0.00687801 -1.13664
0.00502345 -0.00687801 -1.13664
0.00584862 -0.00646543 -1.13664
0.00543603 -0.00646543 -1.13664
0.00502345 -0.00646543 -1.13664
0.00584862 -0.00605285 -1.13664
0.00543603 -0.00605285 -1.13664
0.00502345 -0.00605285 -1.13664
0.00584862 -0.00564027 -1.13664
0.00543603 -0.00564027 -1.13664
0.00502345 -0.00564027 -1.13664
0.00584862 -0.00522769 -1.13664
0.00543603 -0.00522769 -1.13664
0.00502345 -0.00522769 -1.13664
0.00584862 -0.0048151 -1.13664
0.00543603 -0.0048151 -1.13664
0.00502345 -0.0048151 -1.13664
0.00584862 -0.00440252 -1.13664
0.00543603 -0.00440252 -1.13664
0.00502345 -0.00440252 -1.13664
0.00584862 -0.00398994 -1.13664
0.00543603 -0.00398994 -1.13664
0.00502345 -0.00398994 -1.13664
0.00584862 -0.00357736 -1.13664
0.00543603 -0.00357736 -1.13664
0.00502345 -0.00357736 -1.13664
0.00584862 -0.00316478 -1.13664
0.00543603 -0.00316478 -1.13664
0.00502345 -0.00316478 -1.13664
0.00584862 -0.00275219 -1.13664
0.00543603 -0.00275219 -1.13664
0.00502345 -0.00275219 -1.13664
0.00584862 -0.00233961 -1.13664
0.00543603 -0.00233961 -1.13664
0.00502345 -0.00233961 -1.13664
0.00584862 -0.00192703 -1.13664
0.00543603 -0.00192703 -1.13664
0.00502345 -0.00192703 -1.13664
0.00584862 -0.00151445 -1.13664
0.00543603 -0.00151445 -1.13664
0.00502345 -0.00151445 -1.13664
0.00584862 -0.00110187 -1.13664
0.00543603 -0.00110187 -1.13664
0.00502345 -0.00110187 -1.13664
0.00584862 -0.000689285 -1.13664
0.00543603 -0.000689285 -1.13664
0.00502345 -0.000689285 -1.13664
0.00584862 -0.000276703 -1.13664
0.00543603 -0.000276703 -1.13664
0.00502345 -0.000276703 -1.13664
0.00584862 0.000135879 -1.13664
0.00543603 0.000135879 -1.13664
0.00502345 0.000135879 -1.13664
0.00584862 0.000548461 -1.13664
0.00543603 0.000548461 -1.13664
0.00502345 0.000548461 -1.13664
0.00584862 0.000961043 -1.13664
0.00543603 0.000961043 -1.13664
0.00502345 0.000961043 -1.13664
0.00584862 0.00137362 -1.13664
0.00543603 0.00137362 -1.13664
0.00502345 0.00137362 -1.13664
0.00584862 0.00178621 -1.13664
0.00543603 0.00178621 -1.13664
0.00502345 0.00178621 -1.13664
0.00584862 0.00219879 -1.13664
0.00543603 0.00219879 -1.13664
0.00502345 0.00219879 -1.13664
0.00584862 0.00261137 -1.13664
0.00543603 0.00261137 -1.13664
0.00502345 0.00261137 -1.13664
0.00584862 0.00302395 -1.13664
0.00543603 0.00302395 -1.13664
0.00502345 0.00302395 -1.13664
0.00584862 0.00343653 -1.13664
0.00543603 0.00343653 -1.13664
0.00502345 0.00343653 -1.13664
0.00584862 0.00384912 -1.13664
0.00543603 0.00384912 -1.13664
0.00502345 0.00384912 -1.13664
0.00584862 0.0042617 -1.13664
0.00543603 0.0042617 -1.13664
0.00502345 0.0042617 -1.13664
0.00584862 0.00467428 -1.13664
0.00543603 0.00467428 -1.13664
0.00502345 0.00467428 -1.13664
0.00584862 0.00508686 -1.13664
0.00543603 0.00508686 -1.13664
0.00502345 0.00508686 -1.13664
0.00584862 0.00549944 -1.13664
0.00543603 0.00549944 -1.13664
0.00502345 0.00549944 -1.13664
0.00584862 0.00591203 -1.13664
0.00543603 0.00591203 -1.13664
0.00502345 0.00591203 -1.13664
0.00584862 0.00632461 -1.13664
0.00543603 0.00632461 -1.13664
0.00502345 0.00632461 -1.13664
0.00584862 0.00673719 -1.13664
0.00543603 0.00673719 -1.13664
0.00502345 0.00673719 -1.13664
0.00584862 0.00714977 -1.13664
0.00543603 0.00714977 -1.13664
0.00502345 0.00714977 -1.13664
0.00584862 0.00756235 -1.13664
0.00543603 0.00756235 -1.13664
0.00502345 0.00756235 -1.13664
0.00584862 0.00797493 -1.13664
0.00543603 0.00797493 -1.13664
0.00502345 0.00797493 -1.13664
0.00584862 0.00838752 -1.13664
0.00543603 0.00838752 -1.13664
0.00502345 0.00838752 -1.13664
0.00584862 0.0088001 -1.13664
0.00543603 0.0088001 -1.13664
0.00502345 0.0088001 -1.13664
0.00584862 0.00921268 -1.13664
0.00543603 0.00921268 -1.13664
0.00502345 0.00921268 -1.13664
0.00584862 0.00962526 -1.13664
0.00543603 0.00962526 -1.13664
0.00502345 0.00962526 -1.13664
0.00584862 0.0100378 -1.13664
0.00543603 0.0100378 -1.13664
0.00502345 0.0100378 -1.13664
0.00584862 0.0104504 -1.13664
0.00543603 0.0104504 -1.13664
0.00502345 0.0104504 -1.13664
0.00584862 0.010863 -1.13664
0.00543603 0.010863 -1.13664
0.00502345 0.010863 -1.13664
0.00584862 0.0112756 -1.13664
0.00543603 0.0112756 -1.13664
0.00502345 0.0112756 -1.13664
0.00584862 0.0116882 -1.13664
0.00543603 0.0116882 -1.13664
0.00502345 0.0116882 -1.13664
0.00584862 0.0121008 -1.13664
0.00543603 0.0121008 -1.13664
0.00502345 0.0121008 -1.13664
0.00584862 0.0125133 -1.13664
0.00543603 0.0125133 -1.13664
0.00502345 0.0125133 -1.13664
0.00584862 0.0129259 -1.13664
0.00543603 0.0129259 -1.13664
0.00502345 0.0129259 -1.13664
0.00584862 0.0133385 -1.13664
0.00543603 0.0133385 -1.13664
0.00502345 0.0133385 -1.13664
0.00584862 0.0137511 -1.13664
0.00543603 0.0137511 -1.13664
0.00502345 0.0137511 -1.13664
0.00584862 0.0141637 -1.13664
0.00543603 0.0141637 -1.13664
0.00502345 0.0141637 -1.13664
0.00584862 0.0145762 -1.13664
0.00543603 0.0145762 -1.13664
0.00502345 0.0145762 -1.13664
0.00584862 0.0149888 -1.13664
0.00543603 0.0149888 -1.13664
0.00502345 0.0149888 -1.13664
0.00584862 0.0154014 -1.13664
0.00543603 0.0154014 -1.13664
0.00502345 0.0154014 -1.13664
0.00584862 0.015814 -1.13664
0.00543603 0.015814 -1.13664
0.00502345 0.015814 -1.13664
0.00584862 0.0162266 -1.13664
0.00543603 0.0162266 -1.13664
0.00502345 0.0162266 -1.13664
0.00584862 0.0166392 -1.13664
0.00543603 0.0166392 -1.13664
0.00502345 0.0166392 -1.13664
0.00584862 0.0170517 -1.13664
0.00543603 0.0170517 -1.13664
0.00502345 0.0170517 -1.13664
0.00584862 0.0174643 -1.13663
0.00543603 0.0174643 -1.13664
0.00502345 0.0174643 -1.13664
0.00584862 0.0178769 -1.13663
0.00543603 0.0178769 -1.13664
0.00502345 0.0178769 -1.13664
0.00584862 0.0182895 -1.13663
0.00543603 0.0182895 -1.13664
0.00502345 0.0182895 -1.13664
0.00584862 0.0187021 -1.13663
0.00543603 0.0187021 -1.13664
0.00502345 0.0187021 -1.13664
0.00584862 0.0191146 -1.13663
0.00543603 0.0191146 -1.13664
0.00502345 0.0191146 -1.13664
0.00584862 0.0195272 -1.13663
0.00543603 0.0195272 -1.13664
0.00502345 0.0195272 -1.13664
0.00584862 0.0199398 -1.13663
0.00543603 0.0199398 -1.13664
0.00502345 0.0199398 -1.13664
0.00584862 0.0203524 -1.13663
0.00543603 0.0203524 -1.13664
0.00502345 0.0203524 -1.13664
0.00584862 0.020765 -1.13663
0.00543603 0.020765 -1.13663
0.00502345 0.020765 -1.13664
0.00584862 0.0211776 -1.13663
0.00543603 0.0211776 -1.13663
0.00502345 0.0211776 -1.13664
0.00584862 0.0215901 -1.13663
0.00543603 0.0215901 -1.13663
0.00502345 0.0215901 -1.13664
0.00584862 0.0220027 -1.13663
0.00543603 0.0220027 -1.13663
0.00502345 0.0220027 -1.13664
0.00584862 0.0224153 -1.13663
0.00543603 0.0224153 -1.13663
0.00502345 0.0224153 -1.13664
0.00584862 0.0228279 -1.13663
0.00543603 0.0228279 -1.13663
0.00502345 0.0228279 -1.13664
0.00584862 0.0232405 -1.13663
0.00543603 0.0232405 -1.13663
0.00502345 0.0232405 -1.13664
0.00584862 0.023653 -1.13663
0.00543603 0.023653 -1.13663
0.00502345 0.023653 -1.13664
0.00584862 0.0240656 -1.13663
0.00543603 0.0240656 -1.13663
0.00502345 0.0240656 -1.13663
0.00584862 0.0244782 -1.13663
0.00543603 0.0244782 -1.13663
0.00502345 0.0244782 -1.13663
0.00584862 0.0248908 -1.13663
0.00543603 0.0248908 -1.13663
0.00502345 0.0248908 -1.13663
