-0.00418596 0.0465694 -1.18008
-0.00346554 0.0465694 -1.18008
-0.00274513 0.0465694 -1.18008
-0.00418596 0.045849 -1.18008
-0.00346554 0.045849 -1.18008
-0.00274513 0.045849 -1.18008
-0.00418596 0.0451286 -1.18008
-0.00346554 0.0451286 -1.18008
-0.00274513 0.0451286 -1.18008
-0.00418596 0.0444082 -1.18008
-0.00346554 0.0444082 -1.18008
-0.00274513 0.0444082 -1.18008
-0.00418596 0.0436878 -1.18008
-0.00346554 0.0436878 -1.18008
-0.00274513 0.0436878 -1.18008
-0.00418596 0.0429674 -1.18008
-0.00346554 0.0429674 -1.18008
-0.00274513 0.0429674 -1.18008
-0.00418596 0.042247 -1.18008
-0.00346554 0.042247 -1.18008
-0.00274513 0.042247 -1.18008
-0.00418596 0.0415265 -1.18008
-0.00346554 0.0415265 -1.18008
-0.00274513 0.0415265 -1.18008
-0.00418596 0.0408061 -1.18008
-0.00346554 0.0408061 -1.18008
-0.00274513 0.0408061 -1.18008
-0.00418596 0.0400857 -1.18008
-0.00346554 0.0400857 -1.18008
-0.00274513 0.0400857 -1.18008
-0.00418596 0.0393653 -1.18008
-0.00346554 0.0393653 -1.18008
-0.00274513 0.0393653 -1.18008
-0.00418596 0.0386449 -1.18008
-0.00346554 0.0386449 -1.18008
-0.00274513 0.0386449 -1.18008
-0.00418596 0.0379245 -1.18008
-0.00346554 0.0379245 -1.18008
-0.00274513 0.0379245 -1.18008
-0.00418596 0.0372041 -1.18008
-0.00346554 0.0372041 -1.18008
-0.00274513 0.0372041 -1.18008
-0.00418596 0.0364836 -1.18008
-0.00346554 0.0364836 -1.18008
-0.00274513 0.0364836 -1.18008
-0.00418596 0.0357632 -1.18008
-0.00346554 0.0357632 -1.18008
-0.00274513 0.0357632 -1.18008
-0.00418596 0.0350428 -1.18008
-0.00346554 0.0350428 -1.18008
-0.00274513 0.0350428 -1.18008
-0.00418596 0.0343224 -1.18008
-0.00346554 0.0343224 -1.18008
-0.00274513 0.0343224 -1.18008
-0.00418596 0.033602 -1.18008
-0.00346554 0.033602 -1.18008
-0.00274513 0.033602 -1.18008
-0.00418596 0.0328816 -1.18008
-0.00346554 0.0328816 -1.18008
-0.00274513 0.0328816 -1.18008
-0.00418596 0.0321612 -1.18008
-0.00346554 0.0321612 -1.18008
-0.00274513 0.0321612 -1.18008
-0.00418596 0.0314407 -1.18008
-0.00346554 0.0314407 -1.18008
-0.00274513 0.0314407 -1.18008
-0.00418596 0.0307203 -1.18008
-0.00346554 0.0307203 -1.18008
-0.00274513 0.0307203 -1.18008
-0.00418596 0.0299999 -1.18008
-0.00346554 0.0299999 -1.18008
-0.00274513 0.0299999 -1.18008
-0.00418596 0.0292795 -1.18008
-0.00346554 0.0292795 -1.18008
-0.00274513 0.0292795 -1.18008
-0.00418596 0.0285591 -1.18008
-0.00346554 0.0285591 -1.18008
-0.00274513 0.0285591 -1.18008
-0.00418596 0.0278387 -1.18008
-0.00346554 0.0278387 -1.18008
-0.00274513 0.0278387 -1.18008
-0.00418596 0.0271183 -1.18008
-0.00346554 0.0271183 -1.18008
-0.00274513 0.0271183 -1.18008
-0.00418596 0.0263979 -1.18008
-0.00346554 0.0263979 -1.18008
-0.00274513 0.0263979 -1.18008
-0.00418596 0.0256774 -1.18008
-0.00346554 0.0256774 -1.18008
-0.00274513 0.0256774 -1.18008
-0.00418596 0.024957 -1.18008
-0.00346554 0.024957 -1.18008
-0.00274513 0.024957 -1.18008
-0.00418596 0.0242366 -1.18008
-0.00346554 0.0242366 -1.18008
-0.00274513 0.0242366 -1.18008
-0.00418596 0.0235162 -1.18008
-0.00346554 0.0235162 -1.18008
-0.00274513 0.0235162 -1.18008
-0.00418596 0.0227958 -1.18008
-0.00346554 0.0227958 -1.18008
-0.00274513 0.0227958 -1.18008
-0.00418596 0.0220754 -1.18008
-0.00346554 0.0220754 -1.18008
-0.00274513 0.0220754 -1.18008
-0.00418596 0.021355 -1.18008
-0.00346554 0.021355 -1.18008
-0.00274513 0.021355 -1.18008
-0.00418596 0.0206345 -1.18008
-0.00346554 0.0206345 -1.18008
-0.00274513 0.0206345 -1.18008
-0.00418596 0.0199141 -1.18008
-0.00346554 0.0199141 -1.18008
-0.00274513 0.0199141 -1.18008
-0.00418596 0.0191937 -1.18008
-0.00346554 0.0191937 -1.18008
-0.00274513 0.0191937 -1.18008
-0.00418596 0.0184733 -1.18008
-0.00346554 0.0184733 -1.18008
-0.00274513 0.0184733 -1.18008
-0.00418596 0.0177529 -1.18008
-0.00346554 0.0177529 -1.18008
-0.00274513 0.0177529 -1.18008
-0.00418596 0.0170325 -1.18008
-0.00346554 0.0170325 -1.18008
-0.00274513 0.0170325 -1.18008
-0.00418596 0.0163121 -1.18008
-0.00346554 0.0163121 -1.18008
-0.00274513 0.0163121 -1.18008
-0.00418596 0.0155916 -1.18008
-0.00346554 0.0155916 -1.18008
-0.00274513 0.0155916 -1.18008
-0.00418596 0.0148712 -1.18008
-0.00346554 0.0148712 -1.18008
-0.00274513 0.0148712 -1.18008
-0.00418596 0.0141508 -1.18009
-0.00346554 0.0141508 -1.18008
-0.00274513 0.0141508 -1.18008
-0.00418596 0.0134304 -1.18009
-0.00346554 0.0134304 -1.18008
-0.00274513 0.0134304 -1.18008
-0.00418596 0.01271 -1.18009
-0.00346554 0.01271 -1.18008
-0.00274513 0.01271 -1.18008
-0.00418596 0.0119896 -1.18009
-0.00346554 0.0119896 -1.18008
-0.00274513 0.0119896 -1.18008
-0.00418596 0.0112692 -1.18009
-0.00346554 0.0112692 -1.18008
-0.00274513 0.0112692 -1.18008
-0.00418596 0.0105487 -1.18009
-0.00346554 0.0105487 -1.18008
-0.00274513 0.0105487 -1.18008
-0.00418596 0.00982833 -1.18009
-0.00346554 0.00982833 -1.18008
-0.00274513 0.00982833 -1.18008
-0.00418596 0.00910792 -1.18009
-0.00346554 0.00910792 -1.18008
-0.00274513 0.00910792 -1.18008
-0.00418596 0.00838751 -1.18009
-0.00346554 0.00838751 -1.18008
-0.00274513 0.00838751 -1.18008
-0.00418596 0.00766709 -1.18009
-0.00346554 0.00766709 -1.18008
-0.00274513 0.00766709 -1.18008
-0.00418596 0.00694668 -1.18009
-0.00346554 0.00694668 -1.18008
-0.00274513 0.00694668 -1.18008
-0.00418596 0.00622627 -1.18009
-0.00346554 0.00622627 -1.18008
-0.00274513 0.00622627 -1.18008
-0.00418596 0.00550585 -1.18009
-0.00346554 0.00550585 -1.18008
-0.00274513 0.00550585 -1.18008
-0.00418596 0.00478544 -1.18009
-0.00346554 0.00478544 -1.18008
-0.00274513 0.00478544 -1.18008
-0.00418596 0.00406503 -1.18009
-0.00346554 0.00406503 -1.18008
-0.00274513 0.00406503 -1.18008
-0.00418596 0.00334461 -1.18009
-0.00346554 0.00334461 -1.18008
-0.00274513 0.00334461 -1.18008
-0.00418596 0.0026242 -1.18009
-0.00346554 0.0026242 -1.18008
-0.00274513 0.0026242 -1.18008
-0.00418596 0.00190378 -1.18009
-0.00346554 0.00190378 -1.18008
-0.00274513 0.00190378 -1.18008
-0.00418596 0.00118337 -1.18009
-0.00346554 0.00118337 -1.18008
-0.00274513 0.00118337 -1.18008
-0.00418596 0.000462956 -1.18009
-0.00346554 0.000462956 -1.18008
-0.00274513 0.000462956 -1.18008
-0.00418596 -0.000257457 -1.18009
-0.00346554 -0.000257457 -1.18008
-0.00274513 -0.000257457 -1.18008
-0.00418596 -0.000977871 -1.18009
-0.00346554 -0.000977871 -1.18008
-0.00274513 -0.000977871 -1.18008
-0.00418596 -0.00169828 -1.18009
-0.00346554 -0.00169828 -1.18008
-0.00274513 -0.00169828 -1.18008
-0.00418596 -0.0024187 -1.18009
-0.00346554 -0.0024187 -1.18009
-0.00274513 -0.0024187 -1.18008
-0.00418596 -0.00313911 -1.18009
-0.00346554 -0.00313911 -1.18009
-0.00274513 -0.00313911 -1.18008
-0.00418596 -0.00385953 -1.18009
-0.00346554 -0.00385953 -1.18009
-0.00274513 -0.00385953 -1.18008
-0.00418596 -0.00457994 -1.18009
-0.00346554 -0.00457994 -1.18009
-0.00274513 -0.00457994 -1.18008
-0.00418596 -0.00530035 -1.18009
-0.00346554 -0.00530035 -1.18009
-0.00274513 -0.00530035 -1.18008
-0.00418596 -0.00602077 -1.18009
-0.00346554 -0.00602077 -1.18009
-0.00274513 -0.00602077 -1.18008
-0.00418596 -0.00674118 -1.18009
-0.00346554 -0.00674118 -1.18009
-0.00274513 -0.00674118 -1.18008
-0.00418596 -0.00746159 -1.18009
-0.00346554 -0.00746159 -1.18009
-0.00274513 -0.00746159 -1.18008
-0.00418596 -0.00818201 -1.18009
-0.00346554 -0.00818201 -1.18009
-0.00274513 -0.00818201 -1.18008
-0.00418596 -0.00890242 -1.18009
-0.00346554 -0.00890242 -1.18009
-0.00274513 -0.00890242 -1.18008
-0.00418596 -0.00962284 -1.18009
-0.00346554 -0.00962284 -1.18009
-0.00274513 -0.00962284 -1.18008
-0.00418596 -0.0103432 -1.18009
-0.00346554 -0.0103432 -1.18009
-0.00274513 -0.0103432 -1.18008
-0.00418596 -0.0110637 -1.18009
-0.00346554 -0.0110637 -1.18009
-0.00274513 -0.0110637 -1.18008
-0.00418596 -0.0117841 -1.18009
-0.00346554 -0.0117841 -1.18009
-0.00274513 -0.0117841 -1.18008
-0.00418596 -0.0125045 -1.18009
-0.00346554 -0.0125045 -1.18009
-0.00274513 -0.0125045 -1.18008
-0.00418596 -0.0132249 -1.18009
-0.00346554 -0.0132249 -1.18009
-0.00274513 -0.0132249 -1.18008
-0.00418596 -0.0139453 -1.18009
-0.00346554 -0.0139453 -1.18009
-0.00274513 -0.0139453 -1.18008
-0.00418596 -0.0146657 -1.18009
-0.00346554 -0.0146657 -1.18009
-0.00274513 -0.0146657 -1.18008
-0.00418596 -0.0153861 -1.18009
-0.00346554 -0.0153861 -1.18009
-0.00274513 -0.0153861 -1.18008
-0.00418596 -0.0161066 -1.18009
-0.00346554 -0.0161066 -1.18009
-0.00274513 -0.0161066 -1.18008
-0.00418596 -0.016827 -1.18009
-0.00346554 -0.016827 -1.18009
-0.00274513 -0.016827 -1.18008
-0.00418596 -0.0175474 -1.18009
-0.00346554 -0.0175474 -1.18009
-0.00274513 -0.0175474 -1.18008
-0.00418596 -0.0182678 -1.18009
-0.00346554 -0.0182678 -1.18009
-0.00274513 -0.0182678 -1.18009
-0.00418596 -0.0189882 -1.18009
-0.00346554 -0.0189882 -1.18009
-0.00274513 -0.0189882 -1.18009
-0.00418596 -0.0197086 -1.18009
-0.00346554 -0.0197086 -1.18009
-0.00274513 -0.0197086 -1.18009
-0.00418596 -0.020429 -1.18009
-0.00346554 -0.020429 -1.18009
-0.00274513 -0.020429 -1.18009
-0.00418596 -0.0211495 -1.18009
-0.00346554 -0.0211495 -1.18009
-0.00274513 -0.0211495 -1.18009
-0.00418596 -0.0218699 -1.18009
-0.00346554 -0.0218699 -1.18009
-0.00274513 -0.0218699 -1.18009
-0.00418596 -0.0225903 -1.18009
-0.00346554 -0.0225903 -1.18009
-0.00274513 -0.0225903 -1.18009
-0.00418596 -0.0233107 -1.18009
-0.00346554 -0.0233107 -1.18009
-0.00274513 -0.0233107 -1.18009
-0.00418596 -0.0240311 -1.18009
-0.00346554 -0.0240311 -1.18009
-0.00274513 -0.0240311 -1.18009
-0.00418596 -0.0247515 -1.18009
-0.00346554 -0.0247515 -1.18009
-0.00274513 -0.0247515 -1.18009
-0.00418596 -0.0254719 -1.18009
-0.00346554 -0.0254719 -1.18009
-0.00274513 -0.0254719 -1.18009
-0.00418596 -0.0261924 -1.18009
-0.00346554 -0.0261924 -1.18009
-0.00274513 -0.0261924 -1.18009
-0.00418596 -0.0269128 -1.18009
-0.00346554 -0.0269128 -1.18009
-0.00274513 -0.0269128 -1.18009
-0.00418596 -0.0276332 -1.18009
-0.00346554 -0.0276332 -1.18009
-0.00274513 -0.0276332 -1.18009
-0.00418596 -0.0283536 -1.18009
-0.00346554 -0.0283536 -1.18009
-0.00274513 -0.0283536 -1.18009
-0.00418596 -0.029074 -1.18009
-0.00346554 -0.029074 -1.18009
-0.00274513 -0.029074 -1.18009
-0.00418596 -0.0297944 -1.18009
-0.00346554 -0.0297944 -1.18009
-0.00274513 -0.0297944 -1.18009
-0.00418596 -0.0305148 -1.18009
-0.00346554 -0.0305148 -1.18009
-0.00274513 -0.0305148 -1.18009
-0.00418596 -0.0312352 -1.18009
-0.00346554 -0.0312352 -1.18009
-0.00274513 -0.0312352 -1.18009
-0.00418596 -0.0319557 -1.18009
-0.00346554 -0.0319557 -1.18009
-0.00274513 -0.0319557 -1.18009
-0.00418596 -0.0326761 -1.18009
-0.00346554 -0.0326761 -1.18009
-0.00274513 -0.0326761 -1.18009
