-0.00269456 -0.0394614 -1.12338
-0.00324023 -0.0394614 -1.12337
-0.0037859 -0.0394614 -1.12337
-0.00269456 -0.0389157 -1.12338
-0.00324023 -0.0389157 -1.12337
-0.0037859 -0.0389157 -1.12337
-0.00269456 -0.03837 -1.12338
-0.00324023 -0.03837 -1.12337
-0.0037859 -0.03837 -1.12337
-0.00269456 -0.0378244 -1.12338
-0.00324023 -0.0378244 -1.12337
-0.0037859 -0.0378244 -1.12337
-0.00269456 -0.0372787 -1.12338
-0.00324023 -0.0372787 -1.12337
-0.0037859 -0.0372787 -1.12337
-0.00269456 -0.036733 -1.12338
-0.00324023 -0.036733 -1.12337
-0.0037859 -0.036733 -1.12337
-0.00269456 -0.0361874 -1.12338
-0.00324023 -0.0361874 -1.12337
-0.0037859 -0.0361874 -1.12337
-0.00269456 -0.0356417 -1.12338
-0.00324023 -0.0356417 -1.12337
-0.0037859 -0.0356417 -1.12337
-0.00269456 -0.035096 -1.12338
-0.00324023 -0.035096 -1.12337
-0.0037859 -0.035096 -1.12337
-0.00269456 -0.0345503 -1.12338
-0.00324023 -0.0345503 -1.12337
-0.0037859 -0.0345503 -1.12337
-0.00269456 -0.0340047 -1.12338
-0.00324023 -0.0340047 -1.12337
-0.0037859 -0.0340047 -1.12337
-0.00269456 -0.033459 -1.12338
-0.00324023 -0.033459 -1.12337
-0.0037859 -0.033459 -1.12337
-0.00269456 -0.0329133 -1.12338
-0.00324023 -0.0329133 -1.12337
-0.0037859 -0.0329133 -1.12337
-0.00269456 -0.0323677 -1.12338
-0.00324023 -0.0323677 -1.12337
-0.0037859 -0.0323677 -1.12337
-0.00269456 -0.031822 -1.12338
-0.00324023 -0.031822 -1.12338
-0.0037859 -0.031822 -1.12337
-0.00269456 -0.0312763 -1.12338
-0.00324023 -0.0312763 -1.12338
-0.0037859 -0.0312763 -1.12337
-0.00269456 -0.0307306 -1.12338
-0.00324023 -0.0307306 -1.12338
-0.0037859 -0.0307306 -1.12337
-0.00269456 -0.030185 -1.12338
-0.00324023 -0.030185 -1.12338
-0.0037859 -0.030185 -1.12337
-0.00269456 -0.0296393 -1.12338
-0.00324023 -0.0296393 -1.12338
-0.0037859 -0.0296393 -1.12337
-0.00269456 -0.0290936 -1.12338
-0.00324023 -0.0290936 -1.12338
-0.0037859 -0.0290936 -1.12337
-0.00269456 -0.028548 -1.12338
-0.00324023 -0.028548 -1.12338
-0.0037859 -0.028548 -1.12337
-0.00269456 -0.0280023 -1.12338
-0.00324023 -0.0280023 -1.12338
-0.0037859 -0.0280023 -1.12337
-0.00269456 -0.0274566 -1.12338
-0.00324023 -0.0274566 -1.12338
-0.0037859 -0.0274566 -1.12337
-0.00269456 -0.0269109 -1.12338
-0.00324023 -0.0269109 -1.12338
-0.0037859 -0.0269109 -1.12337
-0.00269456 -0.0263653 -1.12338
-0.00324023 -0.0263653 -1.12338
-0.0037859 -0.0263653 -1.12337
-0.00269456 -0.0258196 -1.12338
-0.00324023 -0.0258196 -1.12338
-0.0037859 -0.0258196 -1.12337
-0.00269456 -0.0252739 -1.12338
-0.00324023 -0.0252739 -1.12338
-0.0037859 -0.0252739 -1.12337
-0.00269456 -0.0247283 -1.12338
-0.00324023 -0.0247283 -1.12338
-0.0037859 -0.0247283 -1.12337
-0.00269456 -0.0241826 -1.12338
-0.00324023 -0.0241826 -1.12338
-0.0037859 -0.0241826 -1.12337
-0.00269456 -0.0236369 -1.12338
-0.00324023 -0.0236369 -1.12338
-0.0037859 -0.0236369 -1.12337
-0.00269456 -0.0230912 -1.12338
-0.00324023 -0.0230912 -1.12338
-0.0037859 -0.0230912 -1.12337
-0.00269456 -0.0225456 -1.12338
-0.00324023 -0.0225456 -1.12338
-0.0037859 -0.0225456 -1.12337
-0.00269456 -0.0219999 -1.12338
-0.00324023 -0.0219999 -1.12338
-0.0037859 -0.0219999 -1.12338
-0.00269456 -0.0214542 -1.12338
-0.00324023 -0.0214542 -1.12338
-0.0037859 -0.0214542 -1.12338
-0.00269456 -0.0209086 -1.12338
-0.00324023 -0.0209086 -1.12338
-0.0037859 -0.0209086 -1.12338
-0.00269456 -0.0203629 -1.12338
-0.00324023 -0.0203629 -1.12338
-0.0037859 -0.0203629 -1.12338
-0.00269456 -0.0198172 -1.12338
-0.00324023 -0.0198172 -1.12338
-0.0037859 -0.0198172 -1.12338
-0.00269456 -0.0192715 -1.12338
-0.00324023 -0.0192715 -1.12338
-0.0037859 -0.0192715 -1.12338
-0.00269456 -0.0187259 -1.12338
-0.00324023 -0.0187259 -1.12338
-0.0037859 -0.0187259 -1.12338
-0.00269456 -0.0181802 -1.12338
-0.00324023 -0.0181802 -1.12338
-0.0037859 -0.0181802 -1.12338
-0.00269456 -0.0176345 -1.12338
-0.00324023 -0.0176345 -1.12338
-0.0037859 -0.0176345 -1.12338
-0.00269456 -0.0170889 -1.12338
-0.00324023 -0.0170889 -1.12338
-0.0037859 -0.0170889 -1.12338
-0.00269456 -0.0165432 -1.12338
-0.00324023 -0.0165432 -1.12338
-0.0037859 -0.0165432 -1.12338
-0.00269456 -0.0159975 -1.12338
-0.00324023 -0.0159975 -1.12338
-0.0037859 -0.0159975 -1.12338
-0.00269456 -0.0154519 -1.12338
-0.00324023 -0.0154519 -1.12338
-0.0037859 -0.0154519 -1.12338
-0.00269456 -0.0149062 -1.12338
-0.00324023 -0.0149062 -1.12338
-0.0037859 -0.0149062 -1.12338
-0.00269456 -0.0143605 -1.12338
-0.00324023 -0.0143605 -1.12338
-0.0037859 -0.0143605 -1.12338
-0.00269456 -0.0138148 -1.12338
-0.00324023 -0.0138148 -1.12338
-0.0037859 -0.0138148 -1.12338
-0.00269456 -0.0132692 -1.12338
-0.00324023 -0.0132692 -1.12338
-0.0037859 -0.0132692 -1.12338
-0.00269456 -0.0127235 -1.12338
-0.00324023 -0.0127235 -1.12338
-0.0037859 -0.0127235 -1.12338
-0.00269456 -0.0121778 -1.12338
-0.00324023 -0.0121778 -1.12338
-0.0037859 -0.0121778 -1.12338
-0.00269456 -0.0116322 -1.12338
-0.00324023 -0.0116322 -1.12338
-0.0037859 -0.0116322 -1.12338
-0.00269456 -0.0110865 -1.12338
-0.00324023 -0.0110865 -1.12338
-0.0037859 -0.0110865 -1.12338
-0.00269456 -0.0105408 -1.12338
-0.00324023 -0.0105408 -1.12338
-0.0037859 -0.0105408 -1.12338
-0.00269456 -0.00999514 -1.12338
-0.00324023 -0.00999514 -1.12338
-0.0037859 -0.00999514 -1.12338
-0.00269456 -0.00944947 -1.12338
-0.00324023 -0.00944947 -1.12338
-0.0037859 -0.00944947 -1.12338
-0.00269456 -0.0089038 -1.12338
-0.00324023 -0.0089038 -1.12338
-0.0037859 -0.0089038 -1.12338
-0.00269456 -0.00835812 -1.12338
-0.00324023 -0.00835812 -1.12338
-0.0037859 -0.00835812 -1.12338
-0.00269456 -0.00781245 -1.12338
-0.00324023 -0.00781245 -1.12338
-0.0037859 -0.00781245 -1.12338
-0.00269456 -0.00726678 -1.12338
-0.00324023 -0.00726678 -1.12338
-0.0037859 -0.00726678 -1.12338
-0.00269456 -0.00672111 -1.12338
-0.00324023 -0.00672111 -1.12338
-0.0037859 -0.00672111 -1.12338
-0.00269456 -0.00617544 -1.12338
-0.00324023 -0.00617544 -1.12338
-0.0037859 -0.00617544 -1.12338
-0.00269456 -0.00562977 -1.12338
-0.00324023 -0.00562977 -1.12338
-0.0037859 -0.00562977 -1.12338
-0.00269456 -0.0050841 -1.12338
-0.00324023 -0.0050841 -1.12338
-0.0037859 -0.0050841 -1.12338
-0.00269456 -0.00453843 -1.12338
-0.00324023 -0.00453843 -1.12338
-0.0037859 -0.00453843 -1.12338
-0.00269456 -0.00399275 -1.12338
-0.00324023 -0.00399275 -1.12338
-0.0037859 -0.00399275 -1.12338
-0.00269456 -0.00344708 -1.12338
-0.00324023 -0.00344708 -1.12338
-0.0037859 -0.00344708 -1.12338
-0.00269456 -0.00290141 -1.12338
-0.00324023 -0.00290141 -1.12338
-0.0037859 -0.00290141 -1.12338
-0.00269456 -0.00235574 -1.12338
-0.00324023 -0.00235574 -1.12338
-0.0037859 -0.00235574 -1.12338
-0.00269456 -0.00181007 -1.12338
-0.00324023 -0.00181007 -1.12338
-0.0037859 -0.00181007 -1.12338
-0.00269456 -0.0012644 -1.12338
-0.00324023 -0.0012644 -1.12338
-0.0037859 -0.0012644 -1.12338
-0.00269456 -0.000718728 -1.12338
-0.00324023 -0.000718728 -1.12338
-0.0037859 -0.000718728 -1.12338
-0.00269456 -0.000173056 -1.12338
-0.00324023 -0.000173056 -1.12338
-0.0037859 -0.000173056 -1.12338
-0.00269456 0.000372615 -1.12338
-0.00324023 0.000372615 -1.12338
-0.0037859 0.000372615 -1.12338
-0.00269456 0.000918286 -1.12339
-0.00324023 0.000918286 -1.12338
-0.0037859 0.000918286 -1.12338
-0.00269456 0.00146396 -1.12339
-0.00324023 0.00146396 -1.12338
-0.0037859 0.00146396 -1.12338
-0.00269456 0.00200963 -1.12339
-0.00324023 0.00200963 -1.12338
-0.0037859 0.00200963 -1.12338
-0.00269456 0.0025553 -1.12339
-0.00324023 0.0025553 -1.12338
-0.0037859 0.0025553 -1.12338
-0.00269456 0.00310097 -1.12339
-0.00324023 0.00310097 -1.12338
-0.0037859 0.00310097 -1.12338
-0.00269456 0.00364664 -1.12339
-0.00324023 0.00364664 -1.12338
-0.0037859 0.00364664 -1.12338
-0.00269456 0.00419231 -1.12339
-0.00324023 0.00419231 -1.12338
-0.0037859 0.00419231 -1.12338
-0.00269456 0.00473798 -1.12339
-0.00324023 0.00473798 -1.12338
-0.0037859 0.00473798 -1.12338
-0.00269456 0.00528366 -1.12339
-0.00324023 0.00528366 -1.12338
-0.0037859 0.00528366 -1.12338
-0.00269456 0.00582933 -1.12339
-0.00324023 0.00582933 -1.12338
-0.0037859 0.00582933 -1.12338
-0.00269456 0.006375 -1.12339
-0.00324023 0.006375 -1.12338
-0.0037859 0.006375 -1.12338
-0.00269456 0.00692067 -1.12339
-0.00324023 0.00692067 -1.12338
-0.0037859 0.00692067 -1.12338
-0.00269456 0.00746634 -1.12339
-0.00324023 0.00746634 -1.12338
-0.0037859 0.00746634 -1.12338
-0.00269456 0.00801201 -1.12339
-0.00324023 0.00801201 -1.12338
-0.0037859 0.00801201 -1.12338
-0.00269456 0.00855768 -1.12339
-0.00324023 0.00855768 -1.12338
-0.0037859 0.00855768 -1.12338
-0.00269456 0.00910335 -1.12339
-0.00324023 0.00910335 -1.12338
-0.0037859 0.00910335 -1.12338
-0.00269456 0.00964903 -1.12339
-0.00324023 0.00964903 -1.12338
-0.0037859 0.00964903 -1.12338
-0.00269456 0.0101947 -1.12339
-0.00324023 0.0101947 -1.12338
-0.0037859 0.0101947 -1.12338
-0.00269456 0.0107404 -1.12339
-0.00324023 0.0107404 -1.12339
-0.0037859 0.0107404 -1.12338
-0.00269456 0.011286 -1.12339
-0.00324023 0.011286 -1.12339
-0.0037859 0.011286 -1.12338
-0.00269456 0.0118317 -1.12339
-0.00324023 0.0118317 -1.12339
-0.0037859 0.0118317 -1.12338
-0.00269456 0.0123774 -1.12339
-0.00324023 0.0123774 -1.12339
-0.0037859 0.0123774 -1.12338
-0.00269456 0.0129231 -1.12339
-0.00324023 0.0129231 -1.12339
-0.0037859 0.0129231 -1.12338
-0.00269456 0.0134687 -1.12339
-0.00324023 0.0134687 -1.12339
-0.0037859 0.0134687 -1.12338
-0.00269456 0.0140144 -1.12339
-0.00324023 0.0140144 -1.12339
-0.0037859 0.0140144 -1.12338
-0.00269456 0.0145601 -1.12339
-0.00324023 0.0145601 -1.12339
-0.0037859 0.0145601 -1.12338
-0.00269456 0.0151057 -1.12339
-0.00324023 0.0151057 -1.12339
-0.0037859 0.0151057 -1.12338
-0.00269456 0.0156514 -1.12339
-0.00324023 0.0156514 -1.12339
-0.0037859 0.0156514 -1.12338
-0.00269456 0.0161971 -1.12339
-0.00324023 0.0161971 -1.12339
-0.0037859 0.0161971 -1.12338
-0.00269456 0.0167428 -1.12339
-0.00324023 0.0167428 -1.12339
-0.0037859 0.0167428 -1.12338
-0.00269456 0.0172884 -1.12339
-0.00324023 0.0172884 -1.12339
-0.0037859 0.0172884 -1.12338
-0.00269456 0.0178341 -1.12339
-0.00324023 0.0178341 -1.12339
-0.0037859 0.0178341 -1.12338
-0.00269456 0.0183798 -1.12339
-0.00324023 0.0183798 -1.12339
-0.0037859 0.0183798 -1.12338
-0.00269456 0.0189254 -1.12339
-0.00324023 0.0189254 -1.12339
-0.0037859 0.0189254 -1.12338
-0.00269456 0.0194711 -1.12339
-0.00324023 0.0194711 -1.12339
-0.0037859 0.0194711 -1.12338
-0.00269456 0.0200168 -1.12339
-0.00324023 0.0200168 -1.12339
-0.0037859 0.0200168 -1.12338
-0.00269456 0.0205625 -1.12339
-0.00324023 0.0205625 -1.12339
-0.0037859 0.0205625 -1.12339
