-0.00133367 -0.0227769 -1.07225
-0.0010534 -0.0227769 -1.07225
-0.000773135 -0.0227769 -1.07226
-0.00133367 -0.0230571 -1.07225
-0.0010534 -0.0230571 -1.07225
-0.000773135 -0.0230571 -1.07226
-0.00133367 -0.0233374 -1.07225
-0.0010534 -0.0233374 -1.07226
-0.000773135 -0.0233374 -1.07226
-0.00133367 -0.0236177 -1.07225
-0.0010534 -0.0236177 -1.07226
-0.000773135 -0.0236177 -1.07226
-0.00133367 -0.0238979 -1.07225
-0.0010534 -0.0238979 -1.07226
-0.000773135 -0.0238979 -1.07227
-0.00133367 -0.0241782 -1.07225
-0.0010534 -0.0241782 -1.07226
-0.000773135 -0.0241782 -1.07227
-0.00133367 -0.0244585 -1.07225
-0.0010534 -0.0244585 -1.07226
-0.000773135 -0.0244585 -1.07227
-0.00133367 -0.0247387 -1.07226
-0.0010534 -0.0247387 -1.07226
-0.000773135 -0.0247387 -1.07227
-0.00133367 -0.025019 -1.07226
-0.0010534 -0.025019 -1.07226
-0.000773135 -0.025019 -1.07227
-0.00133367 -0.0252993 -1.07226
-0.0010534 -0.0252993 -1.07227
-0.000773135 -0.0252993 -1.07227
-0.00133367 -0.0255795 -1.07226
-0.0010534 -0.0255795 -1.07227
-0.000773135 -0.0255795 -1.07227
-0.00133367 -0.0258598 -1.07226
-0.0010534 -0.0258598 -1.07227
-0.000773135 -0.0258598 -1.07228
-0.00133367 -0.0261401 -1.07226
-0.0010534 -0.0261401 -1.07227
-0.000773135 -0.0261401 -1.07228
-0.00133367 -0.0264203 -1.07226
-0.0010534 -0.0264203 -1.07227
-0.000773135 -0.0264203 -1.07228
-0.00133367 -0.0267006 -1.07227
-0.0010534 -0.0267006 -1.07227
-0.000773135 -0.0267006 -1.07228
-0.00133367 -0.0269809 -1.07227
-0.0010534 -0.0269809 -1.07227
-0.000773135 -0.0269809 -1.07228
-0.00133367 -0.0272611 -1.07227
-0.0010534 -0.0272611 -1.07228
-0.000773135 -0.0272611 -1.07228
-0.00133367 -0.0275414 -1.07227
-0.0010534 -0.0275414 -1.07228
-0.000773135 -0.0275414 -1.07228
-0.00133367 -0.0278217 -1.07227
-0.0010534 -0.0278217 -1.07228
-0.000773135 -0.0278217 -1.07229
-0.00133367 -0.0281019 -1.07227
-0.0010534 -0.0281019 -1.07228
-0.000773135 -0.0281019 -1.07229
-0.00133367 -0.0283822 -1.07227
-0.0010534 -0.0283822 -1.07228
-0.000773135 -0.0283822 -1.07229
-0.00133367 -0.0286625 -1.07228
-0.0010534 -0.0286625 -1.07228
-0.000773135 -0.0286625 -1.07229
-0.00133367 -0.0289427 -1.07228
-0.0010534 -0.0289427 -1.07228
-0.000773135 -0.0289427 -1.07229
-0.00133367 -0.029223 -1.07228
-0.0010534 -0.029223 -1.07229
-0.000773135 -0.029223 -1.07229
-0.00133367 -0.0295033 -1.07228
-0.0010534 -0.0295033 -1.07229
-0.000773135 -0.0295033 -1.07229
-0.00133367 -0.0297835 -1.07228
-0.0010534 -0.0297835 -1.07229
-0.000773135 -0.0297835 -1.0723
-0.00133367 -0.0300638 -1.07228
-0.0010534 -0.0300638 -1.07229
-0.000773135 -0.0300638 -1.0723
-0.00133367 -0.0303441 -1.07228
-0.0010534 -0.0303441 -1.07229
-0.000773135 -0.0303441 -1.0723
-0.00133367 -0.0306243 -1.07229
-0.0010534 -0.0306243 -1.07229
-0.000773135 -0.0306243 -1.0723
-0.00133367 -0.0309046 -1.07229
-0.0010534 -0.0309046 -1.07229
-0.000773135 -0.0309046 -1.0723
-0.00133367 -0.0311849 -1.07229
-0.0010534 -0.0311849 -1.0723
-0.000773135 -0.0311849 -1.0723
-0.00133367 -0.0314651 -1.07229
-0.0010534 -0.0314651 -1.0723
-0.000773135 -0.0314651 -1.0723
-0.00133367 -0.0317454 -1.07229
-0.0010534 -0.0317454 -1.0723
-0.000773135 -0.0317454 -1.07231
-0.00133367 -0.0320257 -1.07229
-0.0010534 -0.0320257 -1.0723
-0.000773135 -0.0320257 -1.07231
-0.00133367 -0.0323059 -1.07229
-0.0010534 -0.0323059 -1.0723
-0.000773135 -0.0323059 -1.07231
-0.00133367 -0.0325862 -1.0723
-0.0010534 -0.0325862 -1.0723
-0.000773135 -0.0325862 -1.07231
-0.00133367 -0.0328665 -1.0723
-0.0010534 -0.0328665 -1.07231
-0.000773135 -0.0328665 -1.07231
-0.00133367 -0.0331467 -1.0723
-0.0010534 -0.0331467 -1.07231
-0.000773135 -0.0331467 -1.07231
-0.00133367 -0.033427 -1.0723
-0.0010534 -0.033427 -1.07231
-0.000773135 -0.033427 -1.07232
-0.00133367 -0.0337073 -1.0723
-0.0010534 -0.0337073 -1.07231
-0.000773135 -0.0337073 -1.07232
-0.00133367 -0.0339875 -1.0723
-0.0010534 -0.0339875 -1.07231
-0.000773135 -0.0339875 -1.07232
-0.00133367 -0.0342678 -1.07231
-0.0010534 -0.0342678 -1.07231
-0.000773135 -0.0342678 -1.07232
-0.00133367 -0.0345481 -1.07231
-0.0010534 -0.0345481 -1.07231
-0.000773135 -0.0345481 -1.07232
-0.00133367 -0.0348283 -1.07231
-0.0010534 -0.0348283 -1.07232
-0.000773135 -0.0348283 -1.07232
-0.00133367 -0.0351086 -1.07231
-0.0010534 -0.0351086 -1.07232
-0.000773135 -0.0351086 -1.07232
-0.00133367 -0.0353889 -1.07231
-0.0010534 -0.0353889 -1.07232
-0.000773135 -0.0353889 -1.07233
-0.00133367 -0.0356691 -1.07231
-0.0010534 -0.0356691 -1.07232
-0.000773135 -0.0356691 -1.07233
-0.00133367 -0.0359494 -1.07231
-0.0010534 -0.0359494 -1.07232
-0.000773135 -0.0359494 -1.07233
-0.00133367 -0.0362297 -1.07232
-0.0010534 -0.0362297 -1.07232
-0.000773135 -0.0362297 -1.07233
-0.00133367 -0.0365099 -1.07232
-0.0010534 -0.0365099 -1.07232
-0.000773135 -0.0365099 -1.07233
-0.00133367 -0.0367902 -1.07232
-0.0010534 -0.0367902 -1.07233
-0.000773135 -0.0367902 -1.07233
-0.00133367 -0.0370705 -1.07232
-0.0010534 -0.0370705 -1.07233
-0.000773135 -0.0370705 -1.07233
-0.00133367 -0.0373507 -1.07232
-0.0010534 -0.0373507 -1.07233
-0.000773135 -0.0373507 -1.07234
-0.00133367 -0.037631 -1.07232
-0.0010534 -0.037631 -1.07233
-0.000773135 -0.037631 -1.07234
-0.00133367 -0.0379113 -1.07232
-0.0010534 -0.0379113 -1.07233
-0.000773135 -0.0379113 -1.07234
-0.00133367 -0.0381915 -1.07233
-0.0010534 -0.0381915 -1.07233
-0.000773135 -0.0381915 -1.07234
-0.00133367 -0.0384718 -1.07233
-0.0010534 -0.0384718 -1.07233
-0.000773135 -0.0384718 -1.07234
-0.00133367 -0.0387521 -1.07233
-0.0010534 -0.0387521 -1.07234
-0.000773135 -0.0387521 -1.07234
-0.00133367 -0.0390323 -1.07233
-0.0010534 -0.0390323 -1.07234
-0.000773135 -0.0390323 -1.07234
-0.00133367 -0.0393126 -1.07233
-0.0010534 -0.0393126 -1.07234
-0.000773135 -0.0393126 -1.07235
-0.00133367 -0.0395929 -1.07233
-0.0010534 -0.0395929 -1.07234
-0.000773135 -0.0395929 -1.07235
-0.00133367 -0.0398731 -1.07233
-0.0010534 -0.0398731 -1.07234
-0.000773135 -0.0398731 -1.07235
-0.00133367 -0.0401534 -1.07234
-0.0010534 -0.0401534 -1.07234
-0.000773135 -0.0401534 -1.07235
-0.00133367 -0.0404336 -1.07234
-0.0010534 -0.0404336 -1.07234
-0.000773135 -0.0404336 -1.07235
-0.00133367 -0.0407139 -1.07234
-0.0010534 -0.0407139 -1.07235
-0.000773135 -0.0407139 -1.07235
-0.00133367 -0.0409942 -1.07234
-0.0010534 -0.0409942 -1.07235
-0.000773135 -0.0409942 -1.07235
-0.00133367 -0.0412745 -1.07234
-0.0010534 -0.0412745 -1.07235
-0.000773135 -0.0412745 -1.07236
-0.00133367 -0.0415547 -1.07234
-0.0010534 -0.0415547 -1.07235
-0.000773135 -0.0415547 -1.07236
-0.00133367 -0.041835 -1.07234
-0.0010534 -0.041835 -1.07235
-0.000773135 -0.041835 -1.07236
-0.00133367 -0.0421152 -1.07235
-0.0010534 -0.0421152 -1.07235
-0.000773135 -0.0421152 -1.07236
-0.00133367 -0.0423955 -1.07235
-0.0010534 -0.0423955 -1.07236
-0.000773135 -0.0423955 -1.07236
-0.00133367 -0.0426758 -1.07235
-0.0010534 -0.0426758 -1.07236
-0.000773135 -0.0426758 -1.07236
-0.00133367 -0.042956 -1.07235
-0.0010534 -0.042956 -1.07236
-0.000773135 -0.042956 -1.07237
-0.00133367 -0.0432363 -1.07235
-0.0010534 -0.0432363 -1.07236
-0.000773135 -0.0432363 -1.07237
-0.00133367 -0.0435166 -1.07235
-0.0010534 -0.0435166 -1.07236
-0.000773135 -0.0435166 -1.07237
-0.00133367 -0.0437968 -1.07236
-0.0010534 -0.0437968 -1.07236
-0.000773135 -0.0437968 -1.07237
-0.00133367 -0.0440771 -1.07236
-0.0010534 -0.0440771 -1.07236
-0.000773135 -0.0440771 -1.07237
-0.00133367 -0.0443574 -1.07236
-0.0010534 -0.0443574 -1.07237
-0.000773135 -0.0443574 -1.07237
-0.00133367 -0.0446376 -1.07236
-0.0010534 -0.0446376 -1.07237
-0.000773135 -0.0446376 -1.07237
-0.00133367 -0.0449179 -1.07236
-0.0010534 -0.0449179 -1.07237
-0.000773135 -0.0449179 -1.07238
-0.00133367 -0.0451982 -1.07236
-0.0010534 -0.0451982 -1.07237
-0.000773135 -0.0451982 -1.07238
-0.00133367 -0.0454784 -1.07236
-0.0010534 -0.0454784 -1.07237
-0.000773135 -0.0454784 -1.07238
-0.00133367 -0.0457587 -1.07237
-0.0010534 -0.0457587 -1.07237
-0.000773135 -0.0457587 -1.07238
-0.00133367 -0.046039 -1.07237
-0.0010534 -0.046039 -1.07237
-0.000773135 -0.046039 -1.07238
-0.00133367 -0.0463192 -1.07237
-0.0010534 -0.0463192 -1.07238
-0.000773135 -0.0463192 -1.07238
-0.00133367 -0.0465995 -1.07237
-0.0010534 -0.0465995 -1.07238
-0.000773135 -0.0465995 -1.07238
-0.00133367 -0.0468798 -1.07237
-0.0010534 -0.0468798 -1.07238
-0.000773135 -0.0468798 -1.07239
-0.00133367 -0.04716 -1.07237
-0.0010534 -0.04716 -1.07238
-0.000773135 -0.04716 -1.07239
-0.00133367 -0.0474403 -1.07237
-0.0010534 -0.0474403 -1.07238
-0.000773135 -0.0474403 -1.07239
-0.00133367 -0.0477206 -1.07238
-0.0010534 -0.0477206 -1.07238
-0.000773135 -0.0477206 -1.07239
-0.00133367 -0.0480008 -1.07238
-0.0010534 -0.0480008 -1.07238
-0.000773135 -0.0480008 -1.07239
-0.00133367 -0.0482811 -1.07238
-0.0010534 -0.0482811 -1.07239
-0.000773135 -0.0482811 -1.07239
-0.00133367 -0.0485614 -1.07238
-0.0010534 -0.0485614 -1.07239
-0.000773135 -0.0485614 -1.07239
-0.00133367 -0.0488416 -1.07238
-0.0010534 -0.0488416 -1.07239
-0.000773135 -0.0488416 -1.0724
-0.00133367 -0.0491219 -1.07238
-0.0010534 -0.0491219 -1.07239
-0.000773135 -0.0491219 -1.0724
-0.00133367 -0.0494022 -1.07238
-0.0010534 -0.0494022 -1.07239
-0.000773135 -0.0494022 -1.0724
-0.00133367 -0.0496824 -1.07239
-0.0010534 -0.0496824 -1.07239
-0.000773135 -0.0496824 -1.0724
-0.00133367 -0.0499627 -1.07239
-0.0010534 -0.0499627 -1.07239
-0.000773135 -0.0499627 -1.0724
-0.00133367 -0.050243 -1.07239
-0.0010534 -0.050243 -1.0724
-0.000773135 -0.050243 -1.0724
-0.00133367 -0.0505232 -1.07239
-0.0010534 -0.0505232 -1.0724
-0.000773135 -0.0505232 -1.0724
-0.00133367 -0.0508035 -1.07239
-0.0010534 -0.0508035 -1.0724
-0.000773135 -0.0508035 -1.07241
-0.00133367 -0.0510838 -1.07239
-0.0010534 -0.0510838 -1.0724
-0.000773135 -0.0510838 -1.07241
-0.00133367 -0.051364 -1.07239
-0.0010534 -0.051364 -1.0724
-0.000773135 -0.051364 -1.07241
-0.00133367 -0.0516443 -1.0724
-0.0010534 -0.0516443 -1.0724
-0.000773135 -0.0516443 -1.07241
-0.00133367 -0.0519246 -1.0724
-0.0010534 -0.0519246 -1.0724
-0.000773135 -0.0519246 -1.07241
-0.00133367 -0.0522048 -1.0724
-0.0010534 -0.0522048 -1.07241
-0.000773135 -0.0522048 -1.07241
-0.00133367 -0.0524851 -1.0724
-0.0010534 -0.0524851 -1.07241
-0.000773135 -0.0524851 -1.07241
-0.00133367 -0.0527654 -1.0724
-0.0010534 -0.0527654 -1.07241
-0.000773135 -0.0527654 -1.07242
-0.00133367 -0.0530456 -1.0724
-0.0010534 -0.0530456 -1.07241
-0.000773135 -0.0530456 -1.07242
-0.00133367 -0.0533259 -1.07241
-0.0010534 -0.0533259 -1.07241
-0.000773135 -0.0533259 -1.07242
-0.00133367 -0.0536062 -1.07241
-0.0010534 -0.0536062 -1.07241
-0.000773135 -0.0536062 -1.07242
