3.54758e-05 0.0275041 -1.17715
0.000327896 0.0275041 -1.17715
0.000620316 0.0275041 -1.17714
3.54758e-05 0.0272117 -1.17715
0.000327896 0.0272117 -1.17715
0.000620316 0.0272117 -1.17714
3.54758e-05 0.0269192 -1.17715
0.000327896 0.0269192 -1.17715
0.000620316 0.0269192 -1.17714
3.54758e-05 0.0266268 -1.17715
0.000327896 0.0266268 -1.17715
0.000620316 0.0266268 -1.17714
3.54758e-05 0.0263344 -1.17715
0.000327896 0.0263344 -1.17715
0.000620316 0.0263344 -1.17714
3.54758e-05 0.026042 -1.17715
0.000327896 0.026042 -1.17715
0.000620316 0.026042 -1.17714
3.54758e-05 0.0257496 -1.17715
0.000327896 0.0257496 -1.17715
0.000620316 0.0257496 -1.17714
3.54758e-05 0.0254571 -1.17715
0.000327896 0.0254571 -1.17715
0.000620316 0.0254571 -1.17714
3.54758e-05 0.0251647 -1.17715
0.000327896 0.0251647 -1.17715
0.000620316 0.0251647 -1.17714
3.54758e-05 0.0248723 -1.17715
0.000327896 0.0248723 -1.17715
0.000620316 0.0248723 -1.17714
3.54758e-05 0.0245799 -1.17715
0.000327896 0.0245799 -1.17715
0.000620316 0.0245799 -1.17714
3.54758e-05 0.0242875 -1.17715
0.000327896 0.0242875 -1.17715
0.000620316 0.0242875 -1.17714
3.54758e-05 0.023995 -1.17715
0.000327896 0.023995 -1.17715
0.000620316 0.023995 -1.17714
3.54758e-05 0.0237026 -1.17715
0.000327896 0.0237026 -1.17715
0.000620316 0.0237026 -1.17714
3.54758e-05 0.0234102 -1.17715
0.000327896 0.0234102 -1.17715
0.000620316 0.0234102 -1.17714
3.54758e-05 0.0231178 -1.17716
0.000327896 0.0231178 -1.17715
0.000620316 0.0231178 -1.17714
3.54758e-05 0.0228254 -1.17716
0.000327896 0.0228254 -1.17715
0.000620316 0.0228254 -1.17714
3.54758e-05 0.0225329 -1.17716
0.000327896 0.0225329 -1.17715
0.000620316 0.0225329 -1.17714
3.54758e-05 0.0222405 -1.17716
0.000327896 0.0222405 -1.17715
0.000620316 0.0222405 -1.17714
3.54758e-05 0.0219481 -1.17716
0.000327896 0.0219481 -1.17715
0.000620316 0.0219481 -1.17715
3.54758e-05 0.0216557 -1.17716
0.000327896 0.0216557 -1.17715
0.000620316 0.0216557 -1.17715
3.54758e-05 0.0213633 -1.17716
0.000327896 0.0213633 -1.17715
0.000620316 0.0213633 -1.17715
3.54758e-05 0.0210708 -1.17716
0.000327896 0.0210708 -1.17715
0.000620316 0.0210708 -1.17715
3.54758e-05 0.0207784 -1.17716
0.000327896 0.0207784 -1.17715
0.000620316 0.0207784 -1.17715
3.54758e-05 0.020486 -1.17716
0.000327896 0.020486 -1.17715
0.000620316 0.020486 -1.17715
3.54758e-05 0.0201936 -1.17716
0.000327896 0.0201936 -1.17715
0.000620316 0.0201936 -1.17715
3.54758e-05 0.0199012 -1.17716
0.000327896 0.0199012 -1.17715
0.000620316 0.0199012 -1.17715
3.54758e-05 0.0196087 -1.17716
0.000327896 0.0196087 -1.17715
0.000620316 0.0196087 -1.17715
3.54758e-05 0.0193163 -1.17716
0.000327896 0.0193163 -1.17715
0.000620316 0.0193163 -1.17715
3.54758e-05 0.0190239 -1.17716
0.000327896 0.0190239 -1.17715
0.000620316 0.0190239 -1.17715
3.54758e-05 0.0187315 -1.17716
0.000327896 0.0187315 -1.17715
0.000620316 0.0187315 -1.17715
3.54758e-05 0.0184391 -1.17716
0.000327896 0.0184391 -1.17715
0.000620316 0.0184391 -1.17715
3.54758e-05 0.0181466 -1.17716
0.000327896 0.0181466 -1.17715
0.000620316 0.0181466 -1.17715
3.54758e-05 0.0178542 -1.17716
0.000327896 0.0178542 -1.17715
0.000620316 0.0178542 -1.17715
3.54758e-05 0.0175618 -1.17716
0.000327896 0.0175618 -1.17715
0.000620316 0.0175618 -1.17715
3.54758e-05 0.0172694 -1.17716
0.000327896 0.0172694 -1.17715
0.000620316 0.0172694 -1.17715
3.54758e-05 0.016977 -1.17716
0.000327896 0.016977 -1.17715
0.000620316 0.016977 -1.17715
3.54758e-05 0.0166845 -1.17716
0.000327896 0.0166845 -1.17715
0.000620316 0.0166845 -1.17715
3.54758e-05 0.0163921 -1.17716
0.000327896 0.0163921 -1.17715
0.000620316 0.0163921 -1.17715
3.54758e-05 0.0160997 -1.17716
0.000327896 0.0160997 -1.17715
0.000620316 0.0160997 -1.17715
3.54758e-05 0.0158073 -1.17716
0.000327896 0.0158073 -1.17715
0.000620316 0.0158073 -1.17715
3.54758e-05 0.0155149 -1.17716
0.000327896 0.0155149 -1.17715
0.000620316 0.0155149 -1.17715
3.54758e-05 0.0152224 -1.17716
0.000327896 0.0152224 -1.17715
0.000620316 0.0152224 -1.17715
3.54758e-05 0.01493 -1.17716
0.000327896 0.01493 -1.17715
0.000620316 0.01493 -1.17715
3.54758e-05 0.0146376 -1.17716
0.000327896 0.0146376 -1.17715
0.000620316 0.0146376 -1.17715
3.54758e-05 0.0143452 -1.17716
0.000327896 0.0143452 -1.17715
0.000620316 0.0143452 -1.17715
3.54758e-05 0.0140528 -1.17716
0.000327896 0.0140528 -1.17715
0.000620316 0.0140528 -1.17715
3.54758e-05 0.0137603 -1.17716
0.000327896 0.0137603 -1.17715
0.000620316 0.0137603 -1.17715
3.54758e-05 0.0134679 -1.17716
0.000327896 0.0134679 -1.17715
0.000620316 0.0134679 -1.17715
3.54758e-05 0.0131755 -1.17716
0.000327896 0.0131755 -1.17715
0.000620316 0.0131755 -1.17715
3.54758e-05 0.0128831 -1.17716
0.000327896 0.0128831 -1.17715
0.000620316 0.0128831 -1.17715
3.54758e-05 0.0125907 -1.17716
0.000327896 0.0125907 -1.17715
0.000620316 0.0125907 -1.17715
3.54758e-05 0.0122982 -1.17716
0.000327896 0.0122982 -1.17716
0.000620316 0.0122982 -1.17715
3.54758e-05 0.0120058 -1.17716
0.000327896 0.0120058 -1.17716
0.000620316 0.0120058 -1.17715
3.54758e-05 0.0117134 -1.17716
0.000327896 0.0117134 -1.17716
0.000620316 0.0117134 -1.17715
3.54758e-05 0.011421 -1.17716
0.000327896 0.011421 -1.17716
0.000620316 0.011421 -1.17715
3.54758e-05 0.0111286 -1.17716
0.000327896 0.0111286 -1.17716
0.000620316 0.0111286 -1.17715
3.54758e-05 0.0108361 -1.17716
0.000327896 0.0108361 -1.17716
0.000620316 0.0108361 -1.17715
3.54758e-05 0.0105437 -1.17716
0.000327896 0.0105437 -1.17716
0.000620316 0.0105437 -1.17715
3.54758e-05 0.0102513 -1.17716
0.000327896 0.0102513 -1.17716
0.000620316 0.0102513 -1.17715
3.54758e-05 0.00995887 -1.17716
0.000327896 0.00995887 -1.17716
0.000620316 0.00995887 -1.17715
3.54758e-05 0.00966645 -1.17716
0.000327896 0.00966645 -1.17716
0.000620316 0.00966645 -1.17715
3.54758e-05 0.00937403 -1.17716
0.000327896 0.00937403 -1.17716
0.000620316 0.00937403 -1.17715
3.54758e-05 0.00908161 -1.17716
0.000327896 0.00908161 -1.17716
0.000620316 0.00908161 -1.17715
3.54758e-05 0.00878919 -1.17716
0.000327896 0.00878919 -1.17716
0.000620316 0.00878919 -1.17715
3.54758e-05 0.00849677 -1.17716
0.000327896 0.00849677 -1.17716
0.000620316 0.00849677 -1.17715
3.54758e-05 0.00820435 -1.17716
0.000327896 0.00820435 -1.17716
0.000620316 0.00820435 -1.17715
3.54758e-05 0.00791193 -1.17716
0.000327896 0.00791193 -1.17716
0.000620316 0.00791193 -1.17715
3.54758e-05 0.00761951 -1.17716
0.000327896 0.00761951 -1.17716
0.000620316 0.00761951 -1.17715
3.54758e-05 0.00732709 -1.17716
0.000327896 0.00732709 -1.17716
0.000620316 0.00732709 -1.17715
3.54758e-05 0.00703467 -1.17716
0.000327896 0.00703467 -1.17716
0.000620316 0.00703467 -1.17715
3.54758e-05 0.00674225 -1.17716
0.000327896 0.00674225 -1.17716
0.000620316 0.00674225 -1.17715
3.54758e-05 0.00644983 -1.17716
0.000327896 0.00644983 -1.17716
0.000620316 0.00644983 -1.17715
3.54758e-05 0.00615741 -1.17716
0.000327896 0.00615741 -1.17716
0.000620316 0.00615741 -1.17715
3.54758e-05 0.00586499 -1.17716
0.000327896 0.00586499 -1.17716
0.000620316 0.00586499 -1.17715
3.54758e-05 0.00557257 -1.17716
0.000327896 0.00557257 -1.17716
0.000620316 0.00557257 -1.17715
3.54758e-05 0.00528015 -1.17716
0.000327896 0.00528015 -1.17716
0.000620316 0.00528015 -1.17715
3.54758e-05 0.00498773 -1.17716
0.000327896 0.00498773 -1.17716
0.000620316 0.00498773 -1.17715
3.54758e-05 0.00469531 -1.17716
0.000327896 0.00469531 -1.17716
0.000620316 0.00469531 -1.17715
3.54758e-05 0.00440289 -1.17716
0.000327896 0.00440289 -1.17716
0.000620316 0.00440289 -1.17715
3.54758e-05 0.00411047 -1.17716
0.000327896 0.00411047 -1.17716
0.000620316 0.00411047 -1.17715
3.54758e-05 0.00381805 -1.17716
0.000327896 0.00381805 -1.17716
0.000620316 0.00381805 -1.17715
3.54758e-05 0.00352563 -1.17716
0.000327896 0.00352563 -1.17716
0.000620316 0.00352563 -1.17715
3.54758e-05 0.00323321 -1.17716
0.000327896 0.00323321 -1.17716
0.000620316 0.00323321 -1.17715
3.54758e-05 0.00294079 -1.17716
0.000327896 0.00294079 -1.17716
0.000620316 0.00294079 -1.17715
3.54758e-05 0.00264837 -1.17717
0.000327896 0.00264837 -1.17716
0.000620316 0.00264837 -1.17715
3.54758e-05 0.00235595 -1.17717
0.000327896 0.00235595 -1.17716
0.000620316 0.00235595 -1.17715
3.54758e-05 0.00206353 -1.17717
0.000327896 0.00206353 -1.17716
0.000620316 0.00206353 -1.17715
3.54758e-05 0.00177111 -1.17717
0.000327896 0.00177111 -1.17716
0.000620316 0.00177111 -1.17715
3.54758e-05 0.00147869 -1.17717
0.000327896 0.00147869 -1.17716
0.000620316 0.00147869 -1.17716
3.54758e-05 0.00118627 -1.17717
0.000327896 0.00118627 -1.17716
0.000620316 0.00118627 -1.17716
3.54758e-05 0.000893853 -1.17717
0.000327896 0.000893853 -1.17716
0.000620316 0.000893853 -1.17716
3.54758e-05 0.000601433 -1.17717
0.000327896 0.000601433 -1.17716
0.000620316 0.000601433 -1.17716
3.54758e-05 0.000309013 -1.17717
0.000327896 0.000309013 -1.17716
0.000620316 0.000309013 -1.17716
3.54758e-05 1.65931e-05 -1.17717
0.000327896 1.65931e-05 -1.17716
0.000620316 1.65931e-05 -1.17716
3.54758e-05 -0.000275827 -1.17717
0.000327896 -0.000275827 -1.17716
0.000620316 -0.000275827 -1.17716
3.54758e-05 -0.000568247 -1.17717
0.000327896 -0.000568247 -1.17716
0.000620316 -0.000568247 -1.17716
3.54758e-05 -0.000860667 -1.17717
0.000327896 -0.000860667 -1.17716
0.000620316 -0.000860667 -1.17716
3.54758e-05 -0.00115309 -1.17717
0.000327896 -0.00115309 -1.17716
0.000620316 -0.00115309 -1.17716
3.54758e-05 -0.00144551 -1.17717
0.000327896 -0.00144551 -1.17716
0.000620316 -0.00144551 -1.17716
3.54758e-05 -0.00173793 -1.17717
0.000327896 -0.00173793 -1.17716
0.000620316 -0.00173793 -1.17716
3.54758e-05 -0.00203035 -1.17717
0.000327896 -0.00203035 -1.17716
0.000620316 -0.00203035 -1.17716
3.54758e-05 -0.00232277 -1.17717
0.000327896 -0.00232277 -1.17716
0.000620316 -0.00232277 -1.17716
3.54758e-05 -0.00261519 -1.17717
0.000327896 -0.00261519 -1.17716
0.000620316 -0.00261519 -1.17716
3.54758e-05 -0.00290761 -1.17717
0.000327896 -0.00290761 -1.17716
0.000620316 -0.00290761 -1.17716
3.54758e-05 -0.00320003 -1.17717
0.000327896 -0.00320003 -1.17716
0.000620316 -0.00320003 -1.17716
3.54758e-05 -0.00349245 -1.17717
0.000327896 -0.00349245 -1.17716
0.000620316 -0.00349245 -1.17716
3.54758e-05 -0.00378487 -1.17717
0.000327896 -0.00378487 -1.17716
0.000620316 -0.00378487 -1.17716
3.54758e-05 -0.00407729 -1.17717
0.000327896 -0.00407729 -1.17716
0.000620316 -0.00407729 -1.17716
3.54758e-05 -0.00436971 -1.17717
0.000327896 -0.00436971 -1.17716
0.000620316 -0.00436971 -1.17716
3.54758e-05 -0.00466213 -1.17717
0.000327896 -0.00466213 -1.17716
0.000620316 -0.00466213 -1.17716
