0.000872145 -0.0351325 -1.05061
0.000373928 -0.0351325 -1.05061
-0.000124289 -0.0351325 -1.05061
0.000872145 -0.0346343 -1.05061
0.000373928 -0.0346343 -1.05061
-0.000124289 -0.0346343 -1.05061
0.000872145 -0.034136 -1.05061
0.000373928 -0.034136 -1.05061
-0.000124289 -0.034136 -1.05061
0.000872145 -0.0336378 -1.05061
0.000373928 -0.0336378 -1.05061
-0.000124289 -0.0336378 -1.05061
0.000872145 -0.0331396 -1.05061
0.000373928 -0.0331396 -1.05062
-0.000124289 -0.0331396 -1.05062
0.000872145 -0.0326414 -1.05062
0.000373928 -0.0326414 -1.05062
-0.000124289 -0.0326414 -1.05062
0.000872145 -0.0321432 -1.05062
0.000373928 -0.0321432 -1.05062
-0.000124289 -0.0321432 -1.05062
0.000872145 -0.031645 -1.05062
0.000373928 -0.031645 -1.05062
-0.000124289 -0.031645 -1.05062
0.000872145 -0.0311467 -1.05062
0.000373928 -0.0311467 -1.05062
-0.000124289 -0.0311467 -1.05062
0.000872145 -0.0306485 -1.05062
0.000373928 -0.0306485 -1.05062
-0.000124289 -0.0306485 -1.05062
0.000872145 -0.0301503 -1.05062
0.000373928 -0.0301503 -1.05062
-0.000124289 -0.0301503 -1.05062
0.000872145 -0.0296521 -1.05062
0.000373928 -0.0296521 -1.05062
-0.000124289 -0.0296521 -1.05062
0.000872145 -0.0291539 -1.05062
0.000373928 -0.0291539 -1.05062
-0.000124289 -0.0291539 -1.05062
0.000872145 -0.0286557 -1.05063
0.000373928 -0.0286557 -1.05063
-0.000124289 -0.0286557 -1.05063
0.000872145 -0.0281574 -1.05063
0.000373928 -0.0281574 -1.05063
-0.000124289 -0.0281574 -1.05063
0.000872145 -0.0276592 -1.05063
0.000373928 -0.0276592 -1.05063
-0.000124289 -0.0276592 -1.05063
0.000872145 -0.027161 -1.05063
0.000373928 -0.027161 -1.05063
-0.000124289 -0.027161 -1.05063
0.000872145 -0.0266628 -1.05063
0.000373928 -0.0266628 -1.05063
-0.000124289 -0.0266628 -1.05063
0.000872145 -0.0261646 -1.05063
0.000373928 -0.0261646 -1.05063
-0.000124289 -0.0261646 -1.05063
0.000872145 -0.0256664 -1.05063
0.000373928 -0.0256664 -1.05063
-0.000124289 -0.0256664 -1.05063
0.000872145 -0.0251681 -1.05063
0.000373928 -0.0251681 -1.05063
-0.000124289 -0.0251681 -1.05063
0.000872145 -0.0246699 -1.05063
0.000373928 -0.0246699 -1.05064
-0.000124289 -0.0246699 -1.05064
0.000872145 -0.0241717 -1.05064
0.000373928 -0.0241717 -1.05064
-0.000124289 -0.0241717 -1.05064
0.000872145 -0.0236735 -1.05064
0.000373928 -0.0236735 -1.05064
-0.000124289 -0.0236735 -1.05064
0.000872145 -0.0231753 -1.05064
0.000373928 -0.0231753 -1.05064
-0.000124289 -0.0231753 -1.05064
0.000872145 -0.0226771 -1.05064
0.000373928 -0.0226771 -1.05064
-0.000124289 -0.0226771 -1.05064
0.000872145 -0.0221788 -1.05064
0.000373928 -0.0221788 -1.05064
-0.000124289 -0.0221788 -1.05064
0.000872145 -0.0216806 -1.05064
0.000373928 -0.0216806 -1.05064
-0.000124289 -0.0216806 -1.05064
0.000872145 -0.0211824 -1.05064
0.000373928 -0.0211824 -1.05064
-0.000124289 -0.0211824 -1.05064
0.000872145 -0.0206842 -1.05064
0.000373928 -0.0206842 -1.05064
-0.000124289 -0.0206842 -1.05065
0.000872145 -0.020186 -1.05065
0.000373928 -0.020186 -1.05065
-0.000124289 -0.020186 -1.05065
0.000872145 -0.0196878 -1.05065
0.000373928 -0.0196878 -1.05065
-0.000124289 -0.0196878 -1.05065
0.000872145 -0.0191895 -1.05065
0.000373928 -0.0191895 -1.05065
-0.000124289 -0.0191895 -1.05065
0.000872145 -0.0186913 -1.05065
0.000373928 -0.0186913 -1.05065
-0.000124289 -0.0186913 -1.05065
0.000872145 -0.0181931 -1.05065
0.000373928 -0.0181931 -1.05065
-0.000124289 -0.0181931 -1.05065
0.000872145 -0.0176949 -1.05065
0.000373928 -0.0176949 -1.05065
-0.000124289 -0.0176949 -1.05065
0.000872145 -0.0171967 -1.05065
0.000373928 -0.0171967 -1.05065
-0.000124289 -0.0171967 -1.05065
0.000872145 -0.0166984 -1.05065
0.000373928 -0.0166984 -1.05065
-0.000124289 -0.0166984 -1.05065
0.000872145 -0.0162002 -1.05066
0.000373928 -0.0162002 -1.05066
-0.000124289 -0.0162002 -1.05066
0.000872145 -0.015702 -1.05066
0.000373928 -0.015702 -1.05066
-0.000124289 -0.015702 -1.05066
0.000872145 -0.0152038 -1.05066
0.000373928 -0.0152038 -1.05066
-0.000124289 -0.0152038 -1.05066
0.000872145 -0.0147056 -1.05066
0.000373928 -0.0147056 -1.05066
-0.000124289 -0.0147056 -1.05066
0.000872145 -0.0142074 -1.05066
0.000373928 -0.0142074 -1.05066
-0.000124289 -0.0142074 -1.05066
0.000872145 -0.0137091 -1.05066
0.000373928 -0.0137091 -1.05066
-0.000124289 -0.0137091 -1.05066
0.000872145 -0.0132109 -1.05066
0.000373928 -0.0132109 -1.05066
-0.000124289 -0.0132109 -1.05066
0.000872145 -0.0127127 -1.05066
0.000373928 -0.0127127 -1.05066
-0.000124289 -0.0127127 -1.05066
0.000872145 -0.0122145 -1.05066
0.000373928 -0.0122145 -1.05067
-0.000124289 -0.0122145 -1.05067
0.000872145 -0.0117163 -1.05067
0.000373928 -0.0117163 -1.05067
-0.000124289 -0.0117163 -1.05067
0.000872145 -0.0112181 -1.05067
0.000373928 -0.0112181 -1.05067
-0.000124289 -0.0112181 -1.05067
0.000872145 -0.0107198 -1.05067
0.000373928 -0.0107198 -1.05067
-0.000124289 -0.0107198 -1.05067
0.000872145 -0.0102216 -1.05067
0.000373928 -0.0102216 -1.05067
-0.000124289 -0.0102216 -1.05067
0.000872145 -0.00972341 -1.05067
0.000373928 -0.00972341 -1.05067
-0.000124289 -0.00972341 -1.05067
0.000872145 -0.00922519 -1.05067
0.000373928 -0.00922519 -1.05067
-0.000124289 -0.00922519 -1.05067
0.000872145 -0.00872698 -1.05067
0.000373928 -0.00872698 -1.05067
-0.000124289 -0.00872698 -1.05067
0.000872145 -0.00822876 -1.05067
0.000373928 -0.00822876 -1.05067
-0.000124289 -0.00822876 -1.05067
0.000872145 -0.00773054 -1.05068
0.000373928 -0.00773054 -1.05068
-0.000124289 -0.00773054 -1.05068
0.000872145 -0.00723233 -1.05068
0.000373928 -0.00723233 -1.05068
-0.000124289 -0.00723233 -1.05068
0.000872145 -0.00673411 -1.05068
0.000373928 -0.00673411 -1.05068
-0.000124289 -0.00673411 -1.05068
0.000872145 -0.00623589 -1.05068
0.000373928 -0.00623589 -1.05068
-0.000124289 -0.00623589 -1.05068
0.000872145 -0.00573768 -1.05068
0.000373928 -0.00573768 -1.05068
-0.000124289 -0.00573768 -1.05068
0.000872145 -0.00523946 -1.05068
0.000373928 -0.00523946 -1.05068
-0.000124289 -0.00523946 -1.05068
0.000872145 -0.00474124 -1.05068
0.000373928 -0.00474124 -1.05068
-0.000124289 -0.00474124 -1.05068
0.000872145 -0.00424303 -1.05068
0.000373928 -0.00424303 -1.05068
-0.000124289 -0.00424303 -1.05068
0.000872145 -0.00374481 -1.05068
0.000373928 -0.00374481 -1.05069
-0.000124289 -0.00374481 -1.05069
0.000872145 -0.00324659 -1.05069
0.000373928 -0.00324659 -1.05069
-0.000124289 -0.00324659 -1.05069
0.000872145 -0.00274837 -1.05069
0.000373928 -0.00274837 -1.05069
-0.000124289 -0.00274837 -1.05069
0.000872145 -0.00225016 -1.05069
0.000373928 -0.00225016 -1.05069
-0.000124289 -0.00225016 -1.05069
0.000872145 -0.00175194 -1.05069
0.000373928 -0.00175194 -1.05069
-0.000124289 -0.00175194 -1.05069
0.000872145 -0.00125372 -1.05069
0.000373928 -0.00125372 -1.05069
-0.000124289 -0.00125372 -1.05069
0.000872145 -0.000755506 -1.05069
0.000373928 -0.000755506 -1.05069
-0.000124289 -0.000755506 -1.05069
0.000872145 -0.000257289 -1.05069
0.000373928 -0.000257289 -1.05069
-0.000124289 -0.000257289 -1.05069
0.000872145 0.000240928 -1.05069
0.000373928 0.000240928 -1.05069
-0.000124289 0.000240928 -1.0507
0.000872145 0.000739145 -1.0507
0.000373928 0.000739145 -1.0507
-0.000124289 0.000739145 -1.0507
0.000872145 0.00123736 -1.0507
0.000373928 0.00123736 -1.0507
-0.000124289 0.00123736 -1.0507
0.000872145 0.00173558 -1.0507
0.000373928 0.00173558 -1.0507
-0.000124289 0.00173558 -1.0507
0.000872145 0.0022338 -1.0507
0.000373928 0.0022338 -1.0507
-0.000124289 0.0022338 -1.0507
0.000872145 0.00273201 -1.0507
0.000373928 0.00273201 -1.0507
-0.000124289 0.00273201 -1.0507
0.000872145 0.00323023 -1.0507
0.000373928 0.00323023 -1.0507
-0.000124289 0.00323023 -1.0507
0.000872145 0.00372845 -1.0507
0.000373928 0.00372845 -1.0507
-0.000124289 0.00372845 -1.0507
0.000872145 0.00422666 -1.0507
0.000373928 0.00422666 -1.0507
-0.000124289 0.00422666 -1.0507
0.000872145 0.00472488 -1.05071
0.000373928 0.00472488 -1.05071
-0.000124289 0.00472488 -1.05071
0.000872145 0.0052231 -1.05071
0.000373928 0.0052231 -1.05071
-0.000124289 0.0052231 -1.05071
0.000872145 0.00572131 -1.05071
0.000373928 0.00572131 -1.05071
-0.000124289 0.00572131 -1.05071
0.000872145 0.00621953 -1.05071
0.000373928 0.00621953 -1.05071
-0.000124289 0.00621953 -1.05071
0.000872145 0.00671775 -1.05071
0.000373928 0.00671775 -1.05071
-0.000124289 0.00671775 -1.05071
0.000872145 0.00721597 -1.05071
0.000373928 0.00721597 -1.05071
-0.000124289 0.00721597 -1.05071
0.000872145 0.00771418 -1.05071
0.000373928 0.00771418 -1.05071
-0.000124289 0.00771418 -1.05071
0.000872145 0.0082124 -1.05071
0.000373928 0.0082124 -1.05071
-0.000124289 0.0082124 -1.05071
0.000872145 0.00871062 -1.05071
0.000373928 0.00871062 -1.05071
-0.000124289 0.00871062 -1.05072
0.000872145 0.00920883 -1.05072
0.000373928 0.00920883 -1.05072
-0.000124289 0.00920883 -1.05072
0.000872145 0.00970705 -1.05072
0.000373928 0.00970705 -1.05072
-0.000124289 0.00970705 -1.05072
0.000872145 0.0102053 -1.05072
0.000373928 0.0102053 -1.05072
-0.000124289 0.0102053 -1.05072
0.000872145 0.0107035 -1.05072
0.000373928 0.0107035 -1.05072
-0.000124289 0.0107035 -1.05072
0.000872145 0.0112017 -1.05072
0.000373928 0.0112017 -1.05072
-0.000124289 0.0112017 -1.05072
0.000872145 0.0116999 -1.05072
0.000373928 0.0116999 -1.05072
-0.000124289 0.0116999 -1.05072
0.000872145 0.0121981 -1.05072
0.000373928 0.0121981 -1.05072
-0.000124289 0.0121981 -1.05072
0.000872145 0.0126964 -1.05072
0.000373928 0.0126964 -1.05072
-0.000124289 0.0126964 -1.05072
0.000872145 0.0131946 -1.05073
0.000373928 0.0131946 -1.05073
-0.000124289 0.0131946 -1.05073
0.000872145 0.0136928 -1.05073
0.000373928 0.0136928 -1.05073
-0.000124289 0.0136928 -1.05073
0.000872145 0.014191 -1.05073
0.000373928 0.014191 -1.05073
-0.000124289 0.014191 -1.05073
0.000872145 0.0146892 -1.05073
0.000373928 0.0146892 -1.05073
-0.000124289 0.0146892 -1.05073
0.000872145 0.0151874 -1.05073
0.000373928 0.0151874 -1.05073
-0.000124289 0.0151874 -1.05073
0.000872145 0.0156857 -1.05073
0.000373928 0.0156857 -1.05073
-0.000124289 0.0156857 -1.05073
0.000872145 0.0161839 -1.05073
0.000373928 0.0161839 -1.05073
-0.000124289 0.0161839 -1.05073
0.000872145 0.0166821 -1.05073
0.000373928 0.0166821 -1.05073
-0.000124289 0.0166821 -1.05073
0.000872145 0.0171803 -1.05073
0.000373928 0.0171803 -1.05074
-0.000124289 0.0171803 -1.05074
0.000872145 0.0176785 -1.05074
0.000373928 0.0176785 -1.05074
-0.000124289 0.0176785 -1.05074
0.000872145 0.0181767 -1.05074
0.000373928 0.0181767 -1.05074
-0.000124289 0.0181767 -1.05074
0.000872145 0.018675 -1.05074
0.000373928 0.018675 -1.05074
-0.000124289 0.018675 -1.05074
0.000872145 0.0191732 -1.05074
0.000373928 0.0191732 -1.05074
-0.000124289 0.0191732 -1.05074
0.000872145 0.0196714 -1.05074
0.000373928 0.0196714 -1.05074
-0.000124289 0.0196714 -1.05074
