0.015445 -0.0341326 -1.0016
0.0147714 -0.0341326 -1.00161
0.0140978 -0.0341326 -1.00161
0.015445 -0.033459 -1.0016
0.0147714 -0.033459 -1.00161
0.0140978 -0.033459 -1.00161
0.015445 -0.0327854 -1.0016
0.0147714 -0.0327854 -1.00161
0.0140978 -0.0327854 -1.00161
0.015445 -0.0321118 -1.0016
0.0147714 -0.0321118 -1.00161
0.0140978 -0.0321118 -1.00161
0.015445 -0.0314382 -1.0016
0.0147714 -0.0314382 -1.00161
0.0140978 -0.0314382 -1.00161
0.015445 -0.0307646 -1.0016
0.0147714 -0.0307646 -1.00161
0.0140978 -0.0307646 -1.00161
0.015445 -0.030091 -1.0016
0.0147714 -0.030091 -1.00161
0.0140978 -0.030091 -1.00161
0.015445 -0.0294174 -1.0016
0.0147714 -0.0294174 -1.00161
0.0140978 -0.0294174 -1.00161
0.015445 -0.0287438 -1.0016
0.0147714 -0.0287438 -1.00161
0.0140978 -0.0287438 -1.00162
0.015445 -0.0280702 -1.0016
0.0147714 -0.0280702 -1.00161
0.0140978 -0.0280702 -1.00162
0.015445 -0.0273966 -1.0016
0.0147714 -0.0273966 -1.00161
0.0140978 -0.0273966 -1.00162
0.015445 -0.026723 -1.00161
0.0147714 -0.026723 -1.00161
0.0140978 -0.026723 -1.00162
0.015445 -0.0260494 -1.00161
0.0147714 -0.0260494 -1.00161
0.0140978 -0.0260494 -1.00162
0.015445 -0.0253758 -1.00161
0.0147714 -0.0253758 -1.00161
0.0140978 -0.0253758 -1.00162
0.015445 -0.0247022 -1.00161
0.0147714 -0.0247022 -1.00161
0.0140978 -0.0247022 -1.00162
0.015445 -0.0240286 -1.00161
0.0147714 -0.0240286 -1.00161
0.0140978 -0.0240286 -1.00162
0.015445 -0.023355 -1.00161
0.0147714 -0.023355 -1.00161
0.0140978 -0.023355 -1.00162
0.015445 -0.0226814 -1.00161
0.0147714 -0.0226814 -1.00161
0.0140978 -0.0226814 -1.00162
0.015445 -0.0220078 -1.00161
0.0147714 -0.0220078 -1.00161
0.0140978 -0.0220078 -1.00162
0.015445 -0.0213342 -1.00161
0.0147714 -0.0213342 -1.00161
0.0140978 -0.0213342 -1.00162
0.015445 -0.0206606 -1.00161
0.0147714 -0.0206606 -1.00162
0.0140978 -0.0206606 -1.00162
0.015445 -0.019987 -1.00161
0.0147714 -0.019987 -1.00162
0.0140978 -0.019987 -1.00162
0.015445 -0.0193134 -1.00161
0.0147714 -0.0193134 -1.00162
0.0140978 -0.0193134 -1.00162
0.015445 -0.0186398 -1.00161
0.0147714 -0.0186398 -1.00162
0.0140978 -0.0186398 -1.00162
0.015445 -0.0179662 -1.00161
0.0147714 -0.0179662 -1.00162
0.0140978 -0.0179662 -1.00162
0.015445 -0.0172926 -1.00161
0.0147714 -0.0172926 -1.00162
0.0140978 -0.0172926 -1.00162
0.015445 -0.016619 -1.00161
0.0147714 -0.016619 -1.00162
0.0140978 -0.016619 -1.00162
0.015445 -0.0159454 -1.00161
0.0147714 -0.0159454 -1.00162
0.0140978 -0.0159454 -1.00162
0.015445 -0.0152718 -1.00161
0.0147714 -0.0152718 -1.00162
0.0140978 -0.0152718 -1.00162
0.015445 -0.0145982 -1.00161
0.0147714 -0.0145982 -1.00162
0.0140978 -0.0145982 -1.00163
0.015445 -0.0139246 -1.00161
0.0147714 -0.0139246 -1.00162
0.0140978 -0.0139246 -1.00163
0.015445 -0.013251 -1.00161
0.0147714 -0.013251 -1.00162
0.0140978 -0.013251 -1.00163
0.015445 -0.0125774 -1.00161
0.0147714 -0.0125774 -1.00162
0.0140978 -0.0125774 -1.00163
0.015445 -0.0119038 -1.00162
0.0147714 -0.0119038 -1.00162
0.0140978 -0.0119038 -1.00163
0.015445 -0.0112302 -1.00162
0.0147714 -0.0112302 -1.00162
0.0140978 -0.0112302 -1.00163
0.015445 -0.0105566 -1.00162
0.0147714 -0.0105566 -1.00162
0.0140978 -0.0105566 -1.00163
0.015445 -0.00988303 -1.00162
0.0147714 -0.00988303 -1.00162
0.0140978 -0.00988303 -1.00163
0.015445 -0.00920943 -1.00162
0.0147714 -0.00920943 -1.00162
0.0140978 -0.00920943 -1.00163
0.015445 -0.00853583 -1.00162
0.0147714 -0.00853583 -1.00162
0.0140978 -0.00853583 -1.00163
0.015445 -0.00786223 -1.00162
0.0147714 -0.00786223 -1.00162
0.0140978 -0.00786223 -1.00163
0.015445 -0.00718863 -1.00162
0.0147714 -0.00718863 -1.00162
0.0140978 -0.00718863 -1.00163
0.015445 -0.00651503 -1.00162
0.0147714 -0.00651503 -1.00162
0.0140978 -0.00651503 -1.00163
0.015445 -0.00584143 -1.00162
0.0147714 -0.00584143 -1.00163
0.0140978 -0.00584143 -1.00163
0.015445 -0.00516783 -1.00162
0.0147714 -0.00516783 -1.00163
0.0140978 -0.00516783 -1.00163
0.015445 -0.00449423 -1.00162
0.0147714 -0.00449423 -1.00163
0.0140978 -0.00449423 -1.00163
0.015445 -0.00382064 -1.00162
0.0147714 -0.00382064 -1.00163
0.0140978 -0.00382064 -1.00163
0.015445 -0.00314704 -1.00162
0.0147714 -0.00314704 -1.00163
0.0140978 -0.00314704 -1.00163
0.015445 -0.00247344 -1.00162
0.0147714 -0.00247344 -1.00163
0.0140978 -0.00247344 -1.00163
0.015445 -0.00179984 -1.00162
0.0147714 -0.00179984 -1.00163
0.0140978 -0.00179984 -1.00163
0.015445 -0.00112624 -1.00162
0.0147714 -0.00112624 -1.00163
0.0140978 -0.00112624 -1.00163
0.015445 -0.000452639 -1.00162
0.0147714 -0.000452639 -1.00163
0.0140978 -0.000452639 -1.00163
0.015445 0.00022096 -1.00162
0.0147714 0.00022096 -1.00163
0.0140978 0.00022096 -1.00164
0.015445 0.00089456 -1.00162
0.0147714 0.00089456 -1.00163
0.0140978 0.00089456 -1.00164
0.015445 0.00156816 -1.00162
0.0147714 0.00156816 -1.00163
0.0140978 0.00156816 -1.00164
0.015445 0.00224176 -1.00163
0.0147714 0.00224176 -1.00163
0.0140978 0.00224176 -1.00164
0.015445 0.00291536 -1.00163
0.0147714 0.00291536 -1.00163
0.0140978 0.00291536 -1.00164
0.015445 0.00358896 -1.00163
0.0147714 0.00358896 -1.00163
0.0140978 0.00358896 -1.00164
0.015445 0.00426256 -1.00163
0.0147714 0.00426256 -1.00163
0.0140978 0.00426256 -1.00164
0.015445 0.00493616 -1.00163
0.0147714 0.00493616 -1.00163
0.0140978 0.00493616 -1.00164
0.015445 0.00560975 -1.00163
0.0147714 0.00560975 -1.00163
0.0140978 0.00560975 -1.00164
0.015445 0.00628335 -1.00163
0.0147714 0.00628335 -1.00163
0.0140978 0.00628335 -1.00164
0.015445 0.00695695 -1.00163
0.0147714 0.00695695 -1.00163
0.0140978 0.00695695 -1.00164
0.015445 0.00763055 -1.00163
0.0147714 0.00763055 -1.00163
0.0140978 0.00763055 -1.00164
0.015445 0.00830415 -1.00163
0.0147714 0.00830415 -1.00164
0.0140978 0.00830415 -1.00164
0.015445 0.00897775 -1.00163
0.0147714 0.00897775 -1.00164
0.0140978 0.00897775 -1.00164
0.015445 0.00965135 -1.00163
0.0147714 0.00965135 -1.00164
0.0140978 0.00965135 -1.00164
0.015445 0.010325 -1.00163
0.0147714 0.010325 -1.00164
0.0140978 0.010325 -1.00164
0.015445 0.0109985 -1.00163
0.0147714 0.0109985 -1.00164
0.0140978 0.0109985 -1.00164
0.015445 0.0116721 -1.00163
0.0147714 0.0116721 -1.00164
0.0140978 0.0116721 -1.00164
0.015445 0.0123457 -1.00163
0.0147714 0.0123457 -1.00164
0.0140978 0.0123457 -1.00164
0.015445 0.0130193 -1.00163
0.0147714 0.0130193 -1.00164
0.0140978 0.0130193 -1.00164
0.015445 0.0136929 -1.00163
0.0147714 0.0136929 -1.00164
0.0140978 0.0136929 -1.00164
0.015445 0.0143665 -1.00163
0.0147714 0.0143665 -1.00164
0.0140978 0.0143665 -1.00165
0.015445 0.0150401 -1.00163
0.0147714 0.0150401 -1.00164
0.0140978 0.0150401 -1.00165
0.015445 0.0157137 -1.00163
0.0147714 0.0157137 -1.00164
0.0140978 0.0157137 -1.00165
0.015445 0.0163873 -1.00163
0.0147714 0.0163873 -1.00164
0.0140978 0.0163873 -1.00165
0.015445 0.0170609 -1.00164
0.0147714 0.0170609 -1.00164
0.0140978 0.0170609 -1.00165
0.015445 0.0177345 -1.00164
0.0147714 0.0177345 -1.00164
0.0140978 0.0177345 -1.00165
0.015445 0.0184081 -1.00164
0.0147714 0.0184081 -1.00164
0.0140978 0.0184081 -1.00165
0.015445 0.0190817 -1.00164
0.0147714 0.0190817 -1.00164
0.0140978 0.0190817 -1.00165
0.015445 0.0197553 -1.00164
0.0147714 0.0197553 -1.00164
0.0140978 0.0197553 -1.00165
0.015445 0.0204289 -1.00164
0.0147714 0.0204289 -1.00164
0.0140978 0.0204289 -1.00165
0.015445 0.0211025 -1.00164
0.0147714 0.0211025 -1.00164
0.0140978 0.0211025 -1.00165
0.015445 0.0217761 -1.00164
0.0147714 0.0217761 -1.00164
0.0140978 0.0217761 -1.00165
0.015445 0.0224497 -1.00164
0.0147714 0.0224497 -1.00164
0.0140978 0.0224497 -1.00165
0.015445 0.0231233 -1.00164
0.0147714 0.0231233 -1.00165
0.0140978 0.0231233 -1.00165
0.015445 0.0237969 -1.00164
0.0147714 0.0237969 -1.00165
0.0140978 0.0237969 -1.00165
0.015445 0.0244705 -1.00164
0.0147714 0.0244705 -1.00165
0.0140978 0.0244705 -1.00165
0.015445 0.0251441 -1.00164
0.0147714 0.0251441 -1.00165
0.0140978 0.0251441 -1.00165
0.015445 0.0258177 -1.00164
0.0147714 0.0258177 -1.00165
0.0140978 0.0258177 -1.00165
0.015445 0.0264913 -1.00164
0.0147714 0.0264913 -1.00165
0.0140978 0.0264913 -1.00165
0.015445 0.0271649 -1.00164
0.0147714 0.0271649 -1.00165
0.0140978 0.0271649 -1.00165
0.015445 0.0278385 -1.00164
0.0147714 0.0278385 -1.00165
0.0140978 0.0278385 -1.00165
0.015445 0.0285121 -1.00164
0.0147714 0.0285121 -1.00165
0.0140978 0.0285121 -1.00165
0.015445 0.0291857 -1.00164
0.0147714 0.0291857 -1.00165
0.0140978 0.0291857 -1.00166
0.015445 0.0298593 -1.00164
0.0147714 0.0298593 -1.00165
0.0140978 0.0298593 -1.00166
0.015445 0.0305329 -1.00164
0.0147714 0.0305329 -1.00165
0.0140978 0.0305329 -1.00166
0.015445 0.0312065 -1.00165
0.0147714 0.0312065 -1.00165
0.0140978 0.0312065 -1.00166
0.015445 0.0318801 -1.00165
0.0147714 0.0318801 -1.00165
0.0140978 0.0318801 -1.00166
0.015445 0.0325537 -1.00165
0.0147714 0.0325537 -1.00165
0.0140978 0.0325537 -1.00166
0.015445 0.0332273 -1.00165
0.0147714 0.0332273 -1.00165
0.0140978 0.0332273 -1.00166
0.015445 0.0339009 -1.00165
0.0147714 0.0339009 -1.00165
0.0140978 0.0339009 -1.00166
0.015445 0.0345745 -1.00165
0.0147714 0.0345745 -1.00165
0.0140978 0.0345745 -1.00166
0.015445 0.0352481 -1.00165
0.0147714 0.0352481 -1.00165
0.0140978 0.0352481 -1.00166
0.015445 0.0359217 -1.00165
0.0147714 0.0359217 -1.00165
0.0140978 0.0359217 -1.00166
0.015445 0.0365953 -1.00165
0.0147714 0.0365953 -1.00165
0.0140978 0.0365953 -1.00166
0.015445 0.0372689 -1.00165
0.0147714 0.0372689 -1.00166
0.0140978 0.0372689 -1.00166
0.015445 0.0379425 -1.00165
0.0147714 0.0379425 -1.00166
0.0140978 0.0379425 -1.00166
0.015445 0.0386161 -1.00165
0.0147714 0.0386161 -1.00166
0.0140978 0.0386161 -1.00166
0.015445 0.0392897 -1.00165
0.0147714 0.0392897 -1.00166
0.0140978 0.0392897 -1.00166
0.015445 0.0399633 -1.00165
0.0147714 0.0399633 -1.00166
0.0140978 0.0399633 -1.00166
