-0.014222 -0.0100415 -1.17837
-0.0142794 -0.0100415 -1.17837
-0.0143368 -0.0100415 -1.17837
-0.014222 -0.00998406 -1.17837
-0.0142794 -0.00998406 -1.17837
-0.0143368 -0.00998406 -1.17837
-0.014222 -0.00992665 -1.17837
-0.0142794 -0.00992665 -1.17837
-0.0143368 -0.00992665 -1.17837
-0.014222 -0.00986924 -1.17837
-0.0142794 -0.00986924 -1.17837
-0.0143368 -0.00986924 -1.17837
-0.014222 -0.00981183 -1.17837
-0.0142794 -0.00981183 -1.17837
-0.0143368 -0.00981183 -1.17837
-0.014222 -0.00975442 -1.17837
-0.0142794 -0.00975442 -1.17837
-0.0143368 -0.00975442 -1.17838
-0.014222 -0.00969701 -1.17837
-0.0142794 -0.00969701 -1.17837
-0.0143368 -0.00969701 -1.17838
-0.014222 -0.0096396 -1.17837
-0.0142794 -0.0096396 -1.17837
-0.0143368 -0.0096396 -1.17838
-0.014222 -0.00958219 -1.17837
-0.0142794 -0.00958219 -1.17837
-0.0143368 -0.00958219 -1.17838
-0.014222 -0.00952478 -1.17837
-0.0142794 -0.00952478 -1.17838
-0.0143368 -0.00952478 -1.17838
-0.014222 -0.00946737 -1.17837
-0.0142794 -0.00946737 -1.17838
-0.0143368 -0.00946737 -1.17838
-0.014222 -0.00940996 -1.17837
-0.0142794 -0.00940996 -1.17838
-0.0143368 -0.00940996 -1.17838
-0.014222 -0.00935255 -1.17837
-0.0142794 -0.00935255 -1.17838
-0.0143368 -0.00935255 -1.17838
-0.014222 -0.00929514 -1.17838
-0.0142794 -0.00929514 -1.17838
-0.0143368 -0.00929514 -1.17838
-0.014222 -0.00923773 -1.17838
-0.0142794 -0.00923773 -1.17838
-0.0143368 -0.00923773 -1.17838
-0.014222 -0.00918032 -1.17838
-0.0142794 -0.00918032 -1.17838
-0.0143368 -0.00918032 -1.17838
-0.014222 -0.00912291 -1.17838
-0.0142794 -0.00912291 -1.17838
-0.0143368 -0.00912291 -1.17838
-0.014222 -0.0090655 -1.17838
-0.0142794 -0.0090655 -1.17838
-0.0143368 -0.0090655 -1.17838
-0.014222 -0.00900809 -1.17838
-0.0142794 -0.00900809 -1.17838
-0.0143368 -0.00900809 -1.17838
-0.014222 -0.00895068 -1.17838
-0.0142794 -0.00895068 -1.17838
-0.0143368 -0.00895068 -1.17838
-0.014222 -0.00889327 -1.17838
-0.0142794 -0.00889327 -1.17838
-0.0143368 -0.00889327 -1.17838
-0.014222 -0.00883586 -1.17838
-0.0142794 -0.00883586 -1.17838
-0.0143368 -0.00883586 -1.17838
-0.014222 -0.00877845 -1.17838
-0.0142794 -0.00877845 -1.17838
-0.0143368 -0.00877845 -1.17838
-0.014222 -0.00872105 -1.17838
-0.0142794 -0.00872105 -1.17838
-0.0143368 -0.00872105 -1.17838
-0.014222 -0.00866364 -1.17838
-0.0142794 -0.00866364 -1.17838
-0.0143368 -0.00866364 -1.17838
-0.014222 -0.00860623 -1.17838
-0.0142794 -0.00860623 -1.17838
-0.0143368 -0.00860623 -1.17839
-0.014222 -0.00854882 -1.17838
-0.0142794 -0.00854882 -1.17838
-0.0143368 -0.00854882 -1.17839
-0.014222 -0.00849141 -1.17838
-0.0142794 -0.00849141 -1.17838
-0.0143368 -0.00849141 -1.17839
-0.014222 -0.008434 -1.17838
-0.0142794 -0.008434 -1.17838
-0.0143368 -0.008434 -1.17839
-0.014222 -0.00837659 -1.17838
-0.0142794 -0.00837659 -1.17839
-0.0143368 -0.00837659 -1.17839
-0.014222 -0.00831918 -1.17838
-0.0142794 -0.00831918 -1.17839
-0.0143368 -0.00831918 -1.17839
-0.014222 -0.00826177 -1.17838
-0.0142794 -0.00826177 -1.17839
-0.0143368 -0.00826177 -1.17839
-0.014222 -0.00820436 -1.17838
-0.0142794 -0.00820436 -1.17839
-0.0143368 -0.00820436 -1.17839
-0.014222 -0.00814695 -1.17839
-0.0142794 -0.00814695 -1.17839
-0.0143368 -0.00814695 -1.17839
-0.014222 -0.00808954 -1.17839
-0.0142794 -0.00808954 -1.17839
-0.0143368 -0.00808954 -1.17839
-0.014222 -0.00803213 -1.17839
-0.0142794 -0.00803213 -1.17839
-0.0143368 -0.00803213 -1.17839
-0.014222 -0.00797472 -1.17839
-0.0142794 -0.00797472 -1.17839
-0.0143368 -0.00797472 -1.17839
-0.014222 -0.00791731 -1.17839
-0.0142794 -0.00791731 -1.17839
-0.0143368 -0.00791731 -1.17839
-0.014222 -0.0078599 -1.17839
-0.0142794 -0.0078599 -1.17839
-0.0143368 -0.0078599 -1.17839
-0.014222 -0.00780249 -1.17839
-0.0142794 -0.00780249 -1.17839
-0.0143368 -0.00780249 -1.17839
-0.014222 -0.00774508 -1.17839
-0.0142794 -0.00774508 -1.17839
-0.0143368 -0.00774508 -1.17839
-0.014222 -0.00768767 -1.17839
-0.0142794 -0.00768767 -1.17839
-0.0143368 -0.00768767 -1.17839
-0.014222 -0.00763026 -1.17839
-0.0142794 -0.00763026 -1.17839
-0.0143368 -0.00763026 -1.17839
-0.014222 -0.00757285 -1.17839
-0.0142794 -0.00757285 -1.17839
-0.0143368 -0.00757285 -1.17839
-0.014222 -0.00751544 -1.17839
-0.0142794 -0.00751544 -1.17839
-0.0143368 -0.00751544 -1.17839
-0.014222 -0.00745803 -1.17839
-0.0142794 -0.00745803 -1.17839
-0.0143368 -0.00745803 -1.1784
-0.014222 -0.00740062 -1.17839
-0.0142794 -0.00740062 -1.17839
-0.0143368 -0.00740062 -1.1784
-0.014222 -0.00734321 -1.17839
-0.0142794 -0.00734321 -1.17839
-0.0143368 -0.00734321 -1.1784
-0.014222 -0.0072858 -1.17839
-0.0142794 -0.0072858 -1.17839
-0.0143368 -0.0072858 -1.1784
-0.014222 -0.00722839 -1.17839
-0.0142794 -0.00722839 -1.1784
-0.0143368 -0.00722839 -1.1784
-0.014222 -0.00717098 -1.17839
-0.0142794 -0.00717098 -1.1784
-0.0143368 -0.00717098 -1.1784
-0.014222 -0.00711357 -1.17839
-0.0142794 -0.00711357 -1.1784
-0.0143368 -0.00711357 -1.1784
-0.014222 -0.00705616 -1.17839
-0.0142794 -0.00705616 -1.1784
-0.0143368 -0.00705616 -1.1784
-0.014222 -0.00699875 -1.1784
-0.0142794 -0.00699875 -1.1784
-0.0143368 -0.00699875 -1.1784
-0.014222 -0.00694134 -1.1784
-0.0142794 -0.00694134 -1.1784
-0.0143368 -0.00694134 -1.1784
-0.014222 -0.00688393 -1.1784
-0.0142794 -0.00688393 -1.1784
-0.0143368 -0.00688393 -1.1784
-0.014222 -0.00682652 -1.1784
-0.0142794 -0.00682652 -1.1784
-0.0143368 -0.00682652 -1.1784
-0.014222 -0.00676911 -1.1784
-0.0142794 -0.00676911 -1.1784
-0.0143368 -0.00676911 -1.1784
-0.014222 -0.0067117 -1.1784
-0.0142794 -0.0067117 -1.1784
-0.0143368 -0.0067117 -1.1784
-0.014222 -0.00665429 -1.1784
-0.0142794 -0.00665429 -1.1784
-0.0143368 -0.00665429 -1.1784
-0.014222 -0.00659688 -1.1784
-0.0142794 -0.00659688 -1.1784
-0.0143368 -0.00659688 -1.1784
-0.014222 -0.00653947 -1.1784
-0.0142794 -0.00653947 -1.1784
-0.0143368 -0.00653947 -1.1784
-0.014222 -0.00648206 -1.1784
-0.0142794 -0.00648206 -1.1784
-0.0143368 -0.00648206 -1.1784
-0.014222 -0.00642465 -1.1784
-0.0142794 -0.00642465 -1.1784
-0.0143368 -0.00642465 -1.1784
-0.014222 -0.00636724 -1.1784
-0.0142794 -0.00636724 -1.1784
-0.0143368 -0.00636724 -1.1784
-0.014222 -0.00630983 -1.1784
-0.0142794 -0.00630983 -1.1784
-0.0143368 -0.00630983 -1.17841
-0.014222 -0.00625242 -1.1784
-0.0142794 -0.00625242 -1.1784
-0.0143368 -0.00625242 -1.17841
-0.014222 -0.00619501 -1.1784
-0.0142794 -0.00619501 -1.1784
-0.0143368 -0.00619501 -1.17841
-0.014222 -0.0061376 -1.1784
-0.0142794 -0.0061376 -1.1784
-0.0143368 -0.0061376 -1.17841
-0.014222 -0.00608019 -1.1784
-0.0142794 -0.00608019 -1.17841
-0.0143368 -0.00608019 -1.17841
-0.014222 -0.00602278 -1.1784
-0.0142794 -0.00602278 -1.17841
-0.0143368 -0.00602278 -1.17841
-0.014222 -0.00596537 -1.1784
-0.0142794 -0.00596537 -1.17841
-0.0143368 -0.00596537 -1.17841
-0.014222 -0.00590796 -1.1784
-0.0142794 -0.00590796 -1.17841
-0.0143368 -0.00590796 -1.17841
-0.014222 -0.00585055 -1.1784
-0.0142794 -0.00585055 -1.17841
-0.0143368 -0.00585055 -1.17841
-0.014222 -0.00579314 -1.17841
-0.0142794 -0.00579314 -1.17841
-0.0143368 -0.00579314 -1.17841
-0.014222 -0.00573573 -1.17841
-0.0142794 -0.00573573 -1.17841
-0.0143368 -0.00573573 -1.17841
-0.014222 -0.00567832 -1.17841
-0.0142794 -0.00567832 -1.17841
-0.0143368 -0.00567832 -1.17841
-0.014222 -0.00562092 -1.17841
-0.0142794 -0.00562092 -1.17841
-0.0143368 -0.00562092 -1.17841
-0.014222 -0.00556351 -1.17841
-0.0142794 -0.00556351 -1.17841
-0.0143368 -0.00556351 -1.17841
-0.014222 -0.0055061 -1.17841
-0.0142794 -0.0055061 -1.17841
-0.0143368 -0.0055061 -1.17841
-0.014222 -0.00544869 -1.17841
-0.0142794 -0.00544869 -1.17841
-0.0143368 -0.00544869 -1.17841
-0.014222 -0.00539128 -1.17841
-0.0142794 -0.00539128 -1.17841
-0.0143368 -0.00539128 -1.17841
-0.014222 -0.00533387 -1.17841
-0.0142794 -0.00533387 -1.17841
-0.0143368 -0.00533387 -1.17841
-0.014222 -0.00527646 -1.17841
-0.0142794 -0.00527646 -1.17841
-0.0143368 -0.00527646 -1.17841
-0.014222 -0.00521905 -1.17841
-0.0142794 -0.00521905 -1.17841
-0.0143368 -0.00521905 -1.17841
-0.014222 -0.00516164 -1.17841
-0.0142794 -0.00516164 -1.17841
-0.0143368 -0.00516164 -1.17842
-0.014222 -0.00510423 -1.17841
-0.0142794 -0.00510423 -1.17841
-0.0143368 -0.00510423 -1.17842
-0.014222 -0.00504682 -1.17841
-0.0142794 -0.00504682 -1.17841
-0.0143368 -0.00504682 -1.17842
-0.014222 -0.00498941 -1.17841
-0.0142794 -0.00498941 -1.17841
-0.0143368 -0.00498941 -1.17842
-0.014222 -0.004932 -1.17841
-0.0142794 -0.004932 -1.17841
-0.0143368 -0.004932 -1.17842
-0.014222 -0.00487459 -1.17841
-0.0142794 -0.00487459 -1.17842
-0.0143368 -0.00487459 -1.17842
-0.014222 -0.00481718 -1.17841
-0.0142794 -0.00481718 -1.17842
-0.0143368 -0.00481718 -1.17842
-0.014222 -0.00475977 -1.17841
-0.0142794 -0.00475977 -1.17842
-0.0143368 -0.00475977 -1.17842
-0.014222 -0.00470236 -1.17841
-0.0142794 -0.00470236 -1.17842
-0.0143368 -0.00470236 -1.17842
-0.014222 -0.00464495 -1.17842
-0.0142794 -0.00464495 -1.17842
-0.0143368 -0.00464495 -1.17842
-0.014222 -0.00458754 -1.17842
-0.0142794 -0.00458754 -1.17842
-0.0143368 -0.00458754 -1.17842
-0.014222 -0.00453013 -1.17842
-0.0142794 -0.00453013 -1.17842
-0.0143368 -0.00453013 -1.17842
-0.014222 -0.00447272 -1.17842
-0.0142794 -0.00447272 -1.17842
-0.0143368 -0.00447272 -1.17842
-0.014222 -0.00441531 -1.17842
-0.0142794 -0.00441531 -1.17842
-0.0143368 -0.00441531 -1.17842
-0.014222 -0.0043579 -1.17842
-0.0142794 -0.0043579 -1.17842
-0.0143368 -0.0043579 -1.17842
-0.014222 -0.00430049 -1.17842
-0.0142794 -0.00430049 -1.17842
-0.0143368 -0.00430049 -1.17842
-0.014222 -0.00424308 -1.17842
-0.0142794 -0.00424308 -1.17842
-0.0143368 -0.00424308 -1.17842
-0.014222 -0.00418567 -1.17842
-0.0142794 -0.00418567 -1.17842
-0.0143368 -0.00418567 -1.17842
-0.014222 -0.00412826 -1.17842
-0.0142794 -0.00412826 -1.17842
-0.0143368 -0.00412826 -1.17842
-0.014222 -0.00407085 -1.17842
-0.0142794 -0.00407085 -1.17842
-0.0143368 -0.00407085 -1.17842
-0.014222 -0.00401344 -1.17842
-0.0142794 -0.00401344 -1.17842
-0.0143368 -0.00401344 -1.17842
-0.014222 -0.00395603 -1.17842
-0.0142794 -0.00395603 -1.17842
-0.0143368 -0.00395603 -1.17843
-0.014222 -0.00389862 -1.17842
-0.0142794 -0.00389862 -1.17842
-0.0143368 -0.00389862 -1.17843
-0.014222 -0.00384121 -1.17842
-0.0142794 -0.00384121 -1.17842
-0.0143368 -0.00384121 -1.17843
-0.014222 -0.0037838 -1.17842
-0.0142794 -0.0037838 -1.17842
-0.0143368 -0.0037838 -1.17843
-0.014222 -0.00372639 -1.17842
-0.0142794 -0.00372639 -1.17843
-0.0143368 -0.00372639 -1.17843
