-6.44784e-09 0.00401816 -1.05881e-06
-6.44784e-09 0.00401819 2.81669e-07
-4.30062e-08 0.00401818 -1.05881e-06
-4.30062e-08 0.00401821 2.81669e-07
-6.44784e-09 0.00401816 -1.04044e-06
-6.44784e-09 0.00401816 -1.02208e-06
-6.44784e-09 0.00401816 -1.00372e-06
-6.44784e-09 0.00401816 -9.85355e-07
-6.44784e-09 0.00401817 -9.66992e-07
-6.44784e-09 0.00401817 -9.48629e-07
-6.44784e-09 0.00401817 -9.30267e-07
-6.44784e-09 0.00401817 -9.11904e-07
-6.44784e-09 0.00401817 -8.93541e-07
-6.44784e-09 0.00401817 -8.75179e-07
-6.44784e-09 0.00401817 -8.56816e-07
-6.44784e-09 0.00401817 -8.38453e-07
-6.44784e-09 0.00401817 -8.20091e-07
-6.44784e-09 0.00401817 -8.01728e-07
-6.44784e-09 0.00401817 -7.83365e-07
-6.44784e-09 0.00401817 -7.65003e-07
-6.44784e-09 0.00401817 -7.4664e-07
-6.44784e-09 0.00401817 -7.28277e-07
-6.44784e-09 0.00401817 -7.09915e-07
-6.44784e-09 0.00401817 -6.91552e-07
-6.44784e-09 0.00401817 -6.73189e-07
-6.44784e-09 0.00401817 -6.54827e-07
-6.44784e-09 0.00401817 -6.36464e-07
-6.44784e-09 0.00401817 -6.18101e-07
-6.44784e-09 0.00401817 -5.99739e-07
-6.44784e-09 0.00401817 -5.81376e-07
-6.44784e-09 0.00401817 -5.63013e-07
-6.44784e-09 0.00401817 -5.44651e-07
-6.44784e-09 0.00401817 -5.26288e-07
-6.44784e-09 0.00401817 -5.07926e-07
-6.44784e-09 0.00401817 -4.89563e-07
-6.44784e-09 0.00401817 -4.712e-07
-6.44784e-09 0.00401818 -4.52838e-07
-6.44784e-09 0.00401818 -4.34475e-07
-6.44784e-09 0.00401818 -4.16112e-07
-6.44784e-09 0.00401818 -3.9775e-07
-6.44784e-09 0.00401818 -3.79387e-07
-6.44784e-09 0.00401818 -3.61024e-07
-6.44784e-09 0.00401818 -3.42662e-07
-6.44784e-09 0.00401818 -3.24299e-07
-6.44784e-09 0.00401818 -3.05936e-07
-6.44784e-09 0.00401818 -2.87574e-07
-6.44784e-09 0.00401818 -2.69211e-07
-6.44784e-09 0.00401818 -2.50848e-07
-6.44784e-09 0.00401818 -2.32486e-07
-6.44784e-09 0.00401818 -2.14123e-07
-6.44784e-09 0.00401818 -1.9576e-07
-6.44784e-09 0.00401818 -1.77398e-07
-6.44784e-09 0.00401818 -1.59035e-07
-6.44784e-09 0.00401818 -1.40672e-07
-6.44784e-09 0.00401818 -1.2231e-07
-6.44784e-09 0.00401818 -1.03947e-07
-6.44784e-09 0.00401818 -8.55844e-08
-6.44784e-09 0.00401818 -6.72217e-08
-6.44784e-09 0.00401818 -4.88591e-08
-6.44784e-09 0.00401818 -3.04964e-08
-6.44784e-09 0.00401818 -1.21337e-08
-6.44784e-09 0.00401818 6.22896e-09
-6.44784e-09 0.00401819 2.45915e-08
-6.44784e-09 0.00401819 4.29542e-08
-6.44784e-09 0.00401819 6.13169e-08
-6.44784e-09 0.00401819 7.96796e-08
-6.44784e-09 0.00401819 9.80422e-08
-6.44784e-09 0.00401819 1.16405e-07
-6.44784e-09 0.00401819 1.34768e-07
-6.44784e-09 0.00401819 1.5313e-07
-6.44784e-09 0.00401819 1.71493e-07
-6.44784e-09 0.00401819 1.89855e-07
-6.44784e-09 0.00401819 2.08218e-07
-6.44784e-09 0.00401819 2.26581e-07
-6.44784e-09 0.00401819 2.44943e-07
-6.44784e-09 0.00401819 2.63306e-07
-2.4727e-08 0.0040182 2.81669e-07
-2.4727e-08 0.00401817 -1.05881e-06
-4.30062e-08 0.00401821 2.63306e-07
-4.30062e-08 0.00401821 2.44943e-07
-4.30062e-08 0.00401821 2.26581e-07
-4.30062e-08 0.00401821 2.08218e-07
-4.30062e-08 0.00401821 1.89855e-07
-4.30062e-08 0.00401821 1.71493e-07
-4.30062e-08 0.00401821 1.5313e-07
-4.30062e-08 0.00401821 1.34768e-07
-4.30062e-08 0.00401821 1.16405e-07
-4.30062e-08 0.00401821 9.80422e-08
-4.30062e-08 0.00401821 7.96796e-08
-4.30062e-08 0.00401821 6.13169e-08
-4.30062e-08 0.00401821 4.29542e-08
-4.30062e-08 0.00401821 2.45915e-08
-4.30062e-08 0.0040182 6.22896e-09
-4.30062e-08 0.0040182 -1.21337e-08
-4.30062e-08 0.0040182 -3.04964e-08
-4.30062e-08 0.0040182 -4.88591e-08
-4.30062e-08 0.0040182 -6.72217e-08
-4.30062e-08 0.0040182 -8.55844e-08
-4.30062e-08 0.0040182 -1.03947e-07
-4.30062e-08 0.0040182 -1.2231e-07
-4.30062e-08 0.0040182 -1.40672e-07
-4.30062e-08 0.0040182 -1.59035e-07
-4.30062e-08 0.0040182 -1.77398e-07
-4.30062e-08 0.0040182 -1.9576e-07
-4.30062e-08 0.0040182 -2.14123e-07
-4.30062e-08 0.0040182 -2.32486e-07
-4.30062e-08 0.0040182 -2.50848e-07
-4.30062e-08 0.0040182 -2.69211e-07
-4.30062e-08 0.0040182 -2.87574e-07
-4.30062e-08 0.0040182 -3.05936e-07
-4.30062e-08 0.0040182 -3.24299e-07
-4.30062e-08 0.0040182 -3.42662e-07
-4.30062e-08 0.0040182 -3.61024e-07
-4.30062e-08 0.0040182 -3.79387e-07
-4.30062e-08 0.0040182 -3.9775e-07
-4.30062e-08 0.0040182 -4.16112e-07
-4.30062e-08 0.0040182 -4.34475e-07
-4.30062e-08 0.0040182 -4.52838e-07
-4.30062e-08 0.0040182 -4.712e-07
-4.30062e-08 0.00401819 -4.89563e-07
-4.30062e-08 0.00401819 -5.07926e-07
-4.30062e-08 0.00401819 -5.26288e-07
-4.30062e-08 0.00401819 -5.44651e-07
-4.30062e-08 0.00401819 -5.63013e-07
-4.30062e-08 0.00401819 -5.81376e-07
-4.30062e-08 0.00401819 -5.99739e-07
-4.30062e-08 0.00401819 -6.18101e-07
-4.30062e-08 0.00401819 -6.36464e-07
-4.30062e-08 0.00401819 -6.54827e-07
-4.30062e-08 0.00401819 -6.73189e-07
-4.30062e-08 0.00401819 -6.91552e-07
-4.30062e-08 0.00401819 -7.09915e-07
-4.30062e-08 0.00401819 -7.28277e-07
-4.30062e-08 0.00401819 -7.4664e-07
-4.30062e-08 0.00401819 -7.65003e-07
-4.30062e-08 0.00401819 -7.83365e-07
-4.30062e-08 0.00401819 -8.01728e-07
-4.30062e-08 0.00401819 -8.20091e-07
-4.30062e-08 0.00401819 -8.38453e-07
-4.30062e-08 0.00401819 -8.56816e-07
-4.30062e-08 0.00401819 -8.75179e-07
-4.30062e-08 0.00401819 -8.93541e-07
-4.30062e-08 0.00401819 -9.11904e-07
-4.30062e-08 0.00401819 -9.30267e-07
-4.30062e-08 0.00401819 -9.48629e-07
-4.30062e-08 0.00401819 -9.66992e-07
-4.30062e-08 0.00401818 -9.85355e-07
-4.30062e-08 0.00401818 -1.00372e-06
-4.30062e-08 0.00401818 -1.02208e-06
-4.30062e-08 0.00401818 -1.04044e-06
-2.4727e-08 0.0040182 2.63306e-07
-2.4727e-08 0.0040182 2.44943e-07
-2.4727e-08 0.0040182 2.26581e-07
-2.4727e-08 0.0040182 2.08218e-07
-2.4727e-08 0.0040182 1.89855e-07
-2.4727e-08 0.0040182 1.71493e-07
-2.4727e-08 0.0040182 1.5313e-07
-2.4727e-08 0.0040182 1.34768e-07
-2.4727e-08 0.0040182 1.16405e-07
-2.4727e-08 0.0040182 9.80422e-08
-2.4727e-08 0.0040182 7.96796e-08
-2.4727e-08 0.0040182 6.13169e-08
-2.4727e-08 0.0040182 4.29542e-08
-2.4727e-08 0.00401819 2.45915e-08
-2.4727e-08 0.00401819 6.22896e-09
-2.4727e-08 0.00401819 -1.21337e-08
-2.4727e-08 0.00401819 -3.04964e-08
-2.4727e-08 0.00401819 -4.88591e-08
-2.4727e-08 0.00401819 -6.72217e-08
-2.4727e-08 0.00401819 -8.55844e-08
-2.4727e-08 0.00401819 -1.03947e-07
-2.4727e-08 0.00401819 -1.2231e-07
-2.4727e-08 0.00401819 -1.40672e-07
-2.4727e-08 0.00401819 -1.59035e-07
-2.4727e-08 0.00401819 -1.77398e-07
-2.4727e-08 0.00401819 -1.9576e-07
-2.4727e-08 0.00401819 -2.14123e-07
-2.4727e-08 0.00401819 -2.32486e-07
-2.4727e-08 0.00401819 -2.50848e-07
-2.4727e-08 0.00401819 -2.69211e-07
-2.4727e-08 0.00401819 -2.87574e-07
-2.4727e-08 0.00401819 -3.05936e-07
-2.4727e-08 0.00401819 -3.24299e-07
-2.4727e-08 0.00401819 -3.42662e-07
-2.4727e-08 0.00401819 -3.61024e-07
-2.4727e-08 0.00401819 -3.79387e-07
-2.4727e-08 0.00401819 -3.9775e-07
-2.4727e-08 0.00401819 -4.16112e-07
-2.4727e-08 0.00401819 -4.34475e-07
-2.4727e-08 0.00401819 -4.52838e-07
-2.4727e-08 0.00401819 -4.712e-07
-2.4727e-08 0.00401818 -4.89563e-07
-2.4727e-08 0.00401818 -5.07926e-07
-2.4727e-08 0.00401818 -5.26288e-07
-2.4727e-08 0.00401818 -5.44651e-07
-2.4727e-08 0.00401818 -5.63013e-07
-2.4727e-08 0.00401818 -5.81376e-07
-2.4727e-08 0.00401818 -5.99739e-07
-2.4727e-08 0.00401818 -6.18101e-07
-2.4727e-08 0.00401818 -6.36464e-07
-2.4727e-08 0.00401818 -6.54827e-07
-2.4727e-08 0.00401818 -6.73189e-07
-2.4727e-08 0.00401818 -6.91552e-07
-2.4727e-08 0.00401818 -7.09915e-07
-2.4727e-08 0.00401818 -7.28277e-07
-2.4727e-08 0.00401818 -7.4664e-07
-2.4727e-08 0.00401818 -7.65003e-07
-2.4727e-08 0.00401818 -7.83365e-07
-2.4727e-08 0.00401818 -8.01728e-07
-2.4727e-08 0.00401818 -8.20091e-07
-2.4727e-08 0.00401818 -8.38453e-07
-2.4727e-08 0.00401818 -8.56816e-07
-2.4727e-08 0.00401818 -8.75179e-07
-2.4727e-08 0.00401818 -8.93541e-07
-2.4727e-08 0.00401818 -9.11904e-07
-2.4727e-08 0.00401818 -9.30267e-07
-2.4727e-08 0.00401818 -9.48629e-07
-2.4727e-08 0.00401817 -9.66992e-07
-2.4727e-08 0.00401817 -9.85355e-07
-2.4727e-08 0.00401817 -1.00372e-06
-2.4727e-08 0.00401817 -1.02208e-06
-2.4727e-08 0.00401817 -1.04044e-06
-5.51923e-08 0.00401819 -1.05881e-06
-4.30062e-08 0.00401818 -1.05881e-06
-5.51923e-08 0.00401819 -1.04044e-06
-4.30062e-08 0.00401818 -1.04044e-06
-5.51923e-08 0.00401819 -1.02208e-06
-4.30062e-08 0.00401818 -1.02208e-06
-5.51923e-08 0.00401819 -1.00372e-06
-4.30062e-08 0.00401818 -1.00372e-06
-5.51923e-08 0.00401819 -9.85355e-07
-4.30062e-08 0.00401818 -9.85355e-07
-5.51923e-08 0.00401819 -9.66992e-07
-4.30062e-08 0.00401819 -9.66992e-07
-5.51923e-08 0.00401819 -9.48629e-07
-4.30062e-08 0.00401819 -9.48629e-07
-5.51923e-08 0.00401819 -9.30267e-07
-4.30062e-08 0.00401819 -9.30267e-07
-5.51923e-08 0.00401819 -9.11904e-07
-4.30062e-08 0.00401819 -9.11904e-07
-5.51923e-08 0.00401819 -8.93541e-07
-4.30062e-08 0.00401819 -8.93541e-07
-5.51923e-08 0.00401819 -8.75179e-07
-4.30062e-08 0.00401819 -8.75179e-07
-5.51923e-08 0.00401819 -8.56816e-07
-4.30062e-08 0.00401819 -8.56816e-07
-5.51923e-08 0.00401819 -8.38453e-07
-4.30062e-08 0.00401819 -8.38453e-07
-5.51923e-08 0.00401819 -8.20091e-07
-4.30062e-08 0.00401819 -8.20091e-07
-5.51923e-08 0.0040182 -8.01728e-07
-4.30062e-08 0.00401819 -8.01728e-07
-5.51923e-08 0.0040182 -7.83365e-07
-4.30062e-08 0.00401819 -7.83365e-07
-5.51923e-08 0.0040182 -7.65003e-07
-4.30062e-08 0.00401819 -7.65003e-07
-5.51923e-08 0.0040182 -7.4664e-07
-4.30062e-08 0.00401819 -7.4664e-07
-5.51923e-08 0.0040182 -7.28277e-07
-4.30062e-08 0.00401819 -7.28277e-07
-5.51923e-08 0.0040182 -7.09915e-07
-4.30062e-08 0.00401819 -7.09915e-07
-5.51923e-08 0.0040182 -6.91552e-07
-4.30062e-08 0.00401819 -6.91552e-07
-5.51923e-08 0.0040182 -6.73189e-07
-4.30062e-08 0.00401819 -6.73189e-07
-5.51923e-08 0.0040182 -6.54827e-07
-4.30062e-08 0.00401819 -6.54827e-07
-5.51923e-08 0.0040182 -6.36464e-07
-4.30062e-08 0.00401819 -6.36464e-07
-5.51923e-08 0.0040182 -6.18101e-07
-4.30062e-08 0.00401819 -6.18101e-07
-5.51923e-08 0.0040182 -5.99739e-07
-4.30062e-08 0.00401819 -5.99739e-07
-5.51923e-08 0.0040182 -5.81376e-07
-4.30062e-08 0.00401819 -5.81376e-07
-5.51923e-08 0.0040182 -5.63013e-07
-4.30062e-08 0.00401819 -5.63013e-07
-5.51923e-08 0.0040182 -5.44651e-07
-4.30062e-08 0.00401819 -5.44651e-07
-5.51923e-08 0.0040182 -5.26288e-07
-4.30062e-08 0.00401819 -5.26288e-07
-5.51923e-08 0.0040182 -5.07926e-07
-4.30062e-08 0.00401819 -5.07926e-07
-5.51923e-08 0.0040182 -4.89563e-07
-4.30062e-08 0.00401819 -4.89563e-07
-5.51923e-08 0.0040182 -4.712e-07
-4.30062e-08 0.0040182 -4.712e-07
-5.51923e-08 0.0040182 -4.52838e-07
-4.30062e-08 0.0040182 -4.52838e-07
-5.51923e-08 0.0040182 -4.34475e-07
-4.30062e-08 0.0040182 -4.34475e-07
-5.51923e-08 0.0040182 -4.16112e-07
-4.30062e-08 0.0040182 -4.16112e-07
-5.51923e-08 0.0040182 -3.9775e-07
-4.30062e-08 0.0040182 -3.9775e-07
-5.51923e-08 0.0040182 -3.79387e-07
-4.30062e-08 0.0040182 -3.79387e-07
-5.51923e-08 0.0040182 -3.61024e-07
-4.30062e-08 0.0040182 -3.61024e-07
-5.51923e-08 0.0040182 -3.42662e-07
-4.30062e-08 0.0040182 -3.42662e-07
-5.51923e-08 0.0040182 -3.24299e-07
-4.30062e-08 0.0040182 -3.24299e-07
-5.51923e-08 0.00401821 -3.05936e-07
-4.30062e-08 0.0040182 -3.05936e-07
-5.51923e-08 0.00401821 -2.87574e-07
-4.30062e-08 0.0040182 -2.87574e-07
-5.51923e-08 0.00401821 -2.69211e-07
-4.30062e-08 0.0040182 -2.69211e-07
-5.51923e-08 0.00401821 -2.50848e-07
-4.30062e-08 0.0040182 -2.50848e-07
-5.51923e-08 0.00401821 -2.32486e-07
-4.30062e-08 0.0040182 -2.32486e-07
-5.51923e-08 0.00401821 -2.14123e-07
-4.30062e-08 0.0040182 -2.14123e-07
-5.51923e-08 0.00401821 -1.9576e-07
-4.30062e-08 0.0040182 -1.9576e-07
-5.51923e-08 0.00401821 -1.77398e-07
-4.30062e-08 0.0040182 -1.77398e-07
-5.51923e-08 0.00401821 -1.59035e-07
-4.30062e-08 0.0040182 -1.59035e-07
-5.51923e-08 0.00401821 -1.40672e-07
-4.30062e-08 0.0040182 -1.40672e-07
-5.51923e-08 0.00401821 -1.2231e-07
-4.30062e-08 0.0040182 -1.2231e-07
-5.51923e-08 0.00401821 -1.03947e-07
-4.30062e-08 0.0040182 -1.03947e-07
-5.51923e-08 0.00401821 -8.55844e-08
-4.30062e-08 0.0040182 -8.55844e-08
-5.51923e-08 0.00401821 -6.72217e-08
-4.30062e-08 0.0040182 -6.72217e-08
-5.51923e-08 0.00401821 -4.88591e-08
-4.30062e-08 0.0040182 -4.88591e-08
-5.51923e-08 0.00401821 -3.04964e-08
-4.30062e-08 0.0040182 -3.04964e-08
-5.51923e-08 0.00401821 -1.21337e-08
-4.30062e-08 0.0040182 -1.21337e-08
-5.51923e-08 0.00401821 6.22896e-09
-4.30062e-08 0.0040182 6.22896e-09
-5.51923e-08 0.00401821 2.45915e-08
-4.30062e-08 0.00401821 2.45915e-08
-5.51923e-08 0.00401821 4.29542e-08
-4.30062e-08 0.00401821 4.29542e-08
-5.51923e-08 0.00401821 6.13169e-08
-4.30062e-08 0.00401821 6.13169e-08
-5.51923e-08 0.00401821 7.96796e-08
-4.30062e-08 0.00401821 7.96796e-08
-5.51923e-08 0.00401821 9.80422e-08
-4.30062e-08 0.00401821 9.80422e-08
-5.51923e-08 0.00401821 1.16405e-07
-4.30062e-08 0.00401821 1.16405e-07
-5.51923e-08 0.00401821 1.34768e-07
-4.30062e-08 0.00401821 1.34768e-07
-5.51923e-08 0.00401821 1.5313e-07
-4.30062e-08 0.00401821 1.5313e-07
-5.51923e-08 0.00401821 1.71493e-07
-4.30062e-08 0.00401821 1.71493e-07
-5.51923e-08 0.00401822 1.89855e-07
-4.30062e-08 0.00401821 1.89855e-07
-5.51923e-08 0.00401822 2.08218e-07
-4.30062e-08 0.00401821 2.08218e-07
-5.51923e-08 0.00401822 2.26581e-07
-4.30062e-08 0.00401821 2.26581e-07
-5.51923e-08 0.00401822 2.44943e-07
-4.30062e-08 0.00401821 2.44943e-07
-5.51923e-08 0.00401822 2.63306e-07
-4.30062e-08 0.00401821 2.63306e-07
-5.51923e-08 0.00401822 2.81669e-07
-4.30062e-08 0.00401821 2.81669e-07
-6.44784e-09 0.00401816 -1.05881e-06
5.73829e-09 0.00401816 -1.05881e-06
-6.44784e-09 0.00401816 -1.04044e-06
5.73829e-09 0.00401816 -1.04044e-06
-6.44784e-09 0.00401816 -1.02208e-06
5.73829e-09 0.00401816 -1.02208e-06
-6.44784e-09 0.00401816 -1.00372e-06
5.73829e-09 0.00401816 -1.00372e-06
-6.44784e-09 0.00401816 -9.85355e-07
5.73829e-09 0.00401816 -9.85355e-07
-6.44784e-09 0.00401817 -9.66992e-07
5.73829e-09 0.00401816 -9.66992e-07
-6.44784e-09 0.00401817 -9.48629e-07
5.73829e-09 0.00401816 -9.48629e-07
-6.44784e-09 0.00401817 -9.30267e-07
5.73829e-09 0.00401816 -9.30267e-07
-6.44784e-09 0.00401817 -9.11904e-07
5.73829e-09 0.00401816 -9.11904e-07
-6.44784e-09 0.00401817 -8.93541e-07
5.73829e-09 0.00401816 -8.93541e-07
-6.44784e-09 0.00401817 -8.75179e-07
5.73829e-09 0.00401816 -8.75179e-07
-6.44784e-09 0.00401817 -8.56816e-07
5.73829e-09 0.00401816 -8.56816e-07
-6.44784e-09 0.00401817 -8.38453e-07
5.73829e-09 0.00401816 -8.38453e-07
-6.44784e-09 0.00401817 -8.20091e-07
5.73829e-09 0.00401816 -8.20091e-07
-6.44784e-09 0.00401817 -8.01728e-07
5.73829e-09 0.00401816 -8.01728e-07
-6.44784e-09 0.00401817 -7.83365e-07
5.73829e-09 0.00401816 -7.83365e-07
-6.44784e-09 0.00401817 -7.65003e-07
5.73829e-09 0.00401816 -7.65003e-07
-6.44784e-09 0.00401817 -7.4664e-07
5.73829e-09 0.00401816 -7.4664e-07
-6.44784e-09 0.00401817 -7.28277e-07
5.73829e-09 0.00401816 -7.28277e-07
-6.44784e-09 0.00401817 -7.09915e-07
5.73829e-09 0.00401816 -7.09915e-07
-6.44784e-09 0.00401817 -6.91552e-07
5.73829e-09 0.00401816 -6.91552e-07
-6.44784e-09 0.00401817 -6.73189e-07
5.73829e-09 0.00401816 -6.73189e-07
-6.44784e-09 0.00401817 -6.54827e-07
5.73829e-09 0.00401816 -6.54827e-07
-6.44784e-09 0.00401817 -6.36464e-07
5.73829e-09 0.00401817 -6.36464e-07
-6.44784e-09 0.00401817 -6.18101e-07
5.73829e-09 0.00401817 -6.18101e-07
-6.44784e-09 0.00401817 -5.99739e-07
5.73829e-09 0.00401817 -5.99739e-07
-6.44784e-09 0.00401817 -5.81376e-07
5.73829e-09 0.00401817 -5.81376e-07
-6.44784e-09 0.00401817 -5.63013e-07
5.73829e-09 0.00401817 -5.63013e-07
-6.44784e-09 0.00401817 -5.44651e-07
5.73829e-09 0.00401817 -5.44651e-07
-6.44784e-09 0.00401817 -5.26288e-07
5.73829e-09 0.00401817 -5.26288e-07
-6.44784e-09 0.00401817 -5.07926e-07
5.73829e-09 0.00401817 -5.07926e-07
-6.44784e-09 0.00401817 -4.89563e-07
5.73829e-09 0.00401817 -4.89563e-07
-6.44784e-09 0.00401817 -4.712e-07
5.73829e-09 0.00401817 -4.712e-07
-6.44784e-09 0.00401818 -4.52838e-07
5.73829e-09 0.00401817 -4.52838e-07
-6.44784e-09 0.00401818 -4.34475e-07
5.73829e-09 0.00401817 -4.34475e-07
-6.44784e-09 0.00401818 -4.16112e-07
5.73829e-09 0.00401817 -4.16112e-07
-6.44784e-09 0.00401818 -3.9775e-07
5.73829e-09 0.00401817 -3.9775e-07
-6.44784e-09 0.00401818 -3.79387e-07
5.73829e-09 0.00401817 -3.79387e-07
-6.44784e-09 0.00401818 -3.61024e-07
5.73829e-09 0.00401817 -3.61024e-07
-6.44784e-09 0.00401818 -3.42662e-07
5.73829e-09 0.00401817 -3.42662e-07
-6.44784e-09 0.00401818 -3.24299e-07
5.73829e-09 0.00401817 -3.24299e-07
-6.44784e-09 0.00401818 -3.05936e-07
5.73829e-09 0.00401817 -3.05936e-07
-6.44784e-09 0.00401818 -2.87574e-07
5.73829e-09 0.00401817 -2.87574e-07
-6.44784e-09 0.00401818 -2.69211e-07
5.73829e-09 0.00401817 -2.69211e-07
-6.44784e-09 0.00401818 -2.50848e-07
5.73829e-09 0.00401817 -2.50848e-07
-6.44784e-09 0.00401818 -2.32486e-07
5.73829e-09 0.00401817 -2.32486e-07
-6.44784e-09 0.00401818 -2.14123e-07
5.73829e-09 0.00401817 -2.14123e-07
-6.44784e-09 0.00401818 -1.9576e-07
5.73829e-09 0.00401817 -1.9576e-07
-6.44784e-09 0.00401818 -1.77398e-07
5.73829e-09 0.00401817 -1.77398e-07
-6.44784e-09 0.00401818 -1.59035e-07
5.73829e-09 0.00401817 -1.59035e-07
-6.44784e-09 0.00401818 -1.40672e-07
5.73829e-09 0.00401817 -1.40672e-07
-6.44784e-09 0.00401818 -1.2231e-07
5.73829e-09 0.00401818 -1.2231e-07
-6.44784e-09 0.00401818 -1.03947e-07
5.73829e-09 0.00401818 -1.03947e-07
-6.44784e-09 0.00401818 -8.55844e-08
5.73829e-09 0.00401818 -8.55844e-08
-6.44784e-09 0.00401818 -6.72217e-08
5.73829e-09 0.00401818 -6.72217e-08
-6.44784e-09 0.00401818 -4.88591e-08
5.73829e-09 0.00401818 -4.88591e-08
-6.44784e-09 0.00401818 -3.04964e-08
5.73829e-09 0.00401818 -3.04964e-08
-6.44784e-09 0.00401818 -1.21337e-08
5.73829e-09 0.00401818 -1.21337e-08
-6.44784e-09 0.00401818 6.22896e-09
5.73829e-09 0.00401818 6.22896e-09
-6.44784e-09 0.00401819 2.45915e-08
5.73829e-09 0.00401818 2.45915e-08
-6.44784e-09 0.00401819 4.29542e-08
5.73829e-09 0.00401818 4.29542e-08
-6.44784e-09 0.00401819 6.13169e-08
5.73829e-09 0.00401818 6.13169e-08
-6.44784e-09 0.00401819 7.96796e-08
5.73829e-09 0.00401818 7.96796e-08
-6.44784e-09 0.00401819 9.80422e-08
5.73829e-09 0.00401818 9.80422e-08
-6.44784e-09 0.00401819 1.16405e-07
5.73829e-09 0.00401818 1.16405e-07
-6.44784e-09 0.00401819 1.34768e-07
5.73829e-09 0.00401818 1.34768e-07
-6.44784e-09 0.00401819 1.5313e-07
5.73829e-09 0.00401818 1.5313e-07
-6.44784e-09 0.00401819 1.71493e-07
5.73829e-09 0.00401818 1.71493e-07
-6.44784e-09 0.00401819 1.89855e-07
5.73829e-09 0.00401818 1.89855e-07
-6.44784e-09 0.00401819 2.08218e-07
5.73829e-09 0.00401818 2.08218e-07
-6.44784e-09 0.00401819 2.26581e-07
5.73829e-09 0.00401818 2.26581e-07
-6.44784e-09 0.00401819 2.44943e-07
5.73829e-09 0.00401818 2.44943e-07
-6.44784e-09 0.00401819 2.63306e-07
5.73829e-09 0.00401818 2.63306e-07
-6.44784e-09 0.00401819 2.81669e-07
5.73829e-09 0.00401818 2.81669e-07
