-8.47095e-08 0.00400441 4.89124e-07
-8.47095e-08 0.00400455 -1.52078e-08
-7.0955e-08 0.00400441 4.89124e-07
-7.0955e-08 0.00400454 -1.52078e-08
-8.47095e-08 0.00400441 4.82215e-07
-8.47095e-08 0.00400442 4.75307e-07
-8.47095e-08 0.00400442 4.68398e-07
-8.47095e-08 0.00400442 4.61489e-07
-8.47095e-08 0.00400442 4.54581e-07
-8.47095e-08 0.00400442 4.47672e-07
-8.47095e-08 0.00400443 4.40763e-07
-8.47095e-08 0.00400443 4.33855e-07
-8.47095e-08 0.00400443 4.26946e-07
-8.47095e-08 0.00400443 4.20037e-07
-8.47095e-08 0.00400443 4.13129e-07
-8.47095e-08 0.00400444 4.0622e-07
-8.47095e-08 0.00400444 3.99311e-07
-8.47095e-08 0.00400444 3.92403e-07
-8.47095e-08 0.00400444 3.85494e-07
-8.47095e-08 0.00400444 3.78585e-07
-8.47095e-08 0.00400444 3.71677e-07
-8.47095e-08 0.00400445 3.64768e-07
-8.47095e-08 0.00400445 3.57859e-07
-8.47095e-08 0.00400445 3.50951e-07
-8.47095e-08 0.00400445 3.44042e-07
-8.47095e-08 0.00400445 3.37133e-07
-8.47095e-08 0.00400446 3.30225e-07
-8.47095e-08 0.00400446 3.23316e-07
-8.47095e-08 0.00400446 3.16407e-07
-8.47095e-08 0.00400446 3.09499e-07
-8.47095e-08 0.00400446 3.0259e-07
-8.47095e-08 0.00400447 2.95682e-07
-8.47095e-08 0.00400447 2.88773e-07
-8.47095e-08 0.00400447 2.81864e-07
-8.47095e-08 0.00400447 2.74956e-07
-8.47095e-08 0.00400447 2.68047e-07
-8.47095e-08 0.00400448 2.61138e-07
-8.47095e-08 0.00400448 2.5423e-07
-8.47095e-08 0.00400448 2.47321e-07
-8.47095e-08 0.00400448 2.40412e-07
-8.47095e-08 0.00400448 2.33504e-07
-8.47095e-08 0.00400448 2.26595e-07
-8.47095e-08 0.00400449 2.19686e-07
-8.47095e-08 0.00400449 2.12778e-07
-8.47095e-08 0.00400449 2.05869e-07
-8.47095e-08 0.00400449 1.9896e-07
-8.47095e-08 0.00400449 1.92052e-07
-8.47095e-08 0.0040045 1.85143e-07
-8.47095e-08 0.0040045 1.78234e-07
-8.47095e-08 0.0040045 1.71326e-07
-8.47095e-08 0.0040045 1.64417e-07
-8.47095e-08 0.0040045 1.57508e-07
-8.47095e-08 0.00400451 1.506e-07
-8.47095e-08 0.00400451 1.43691e-07
-8.47095e-08 0.00400451 1.36783e-07
-8.47095e-08 0.00400451 1.29874e-07
-8.47095e-08 0.00400451 1.22965e-07
-8.47095e-08 0.00400451 1.16057e-07
-8.47095e-08 0.00400452 1.09148e-07
-8.47095e-08 0.00400452 1.02239e-07
-8.47095e-08 0.00400452 9.53306e-08
-8.47095e-08 0.00400452 8.84219e-08
-8.47095e-08 0.00400452 8.15133e-08
-8.47095e-08 0.00400453 7.46047e-08
-8.47095e-08 0.00400453 6.7696e-08
-8.47095e-08 0.00400453 6.07873e-08
-8.47095e-08 0.00400453 5.38787e-08
-8.47095e-08 0.00400453 4.69701e-08
-8.47095e-08 0.00400454 4.00614e-08
-8.47095e-08 0.00400454 3.31527e-08
-8.47095e-08 0.00400454 2.62441e-08
-8.47095e-08 0.00400454 1.93354e-08
-8.47095e-08 0.00400454 1.24268e-08
-8.47095e-08 0.00400455 5.51812e-09
-8.47095e-08 0.00400455 -1.39051e-09
-8.47095e-08 0.00400455 -8.29917e-09
-7.78322e-08 0.00400455 -1.52078e-08
-7.78322e-08 0.00400441 4.89124e-07
-7.0955e-08 0.00400454 -8.29917e-09
-7.0955e-08 0.00400454 -1.39051e-09
-7.0955e-08 0.00400454 5.51812e-09
-7.0955e-08 0.00400454 1.24268e-08
-7.0955e-08 0.00400453 1.93354e-08
-7.0955e-08 0.00400453 2.62441e-08
-7.0955e-08 0.00400453 3.31527e-08
-7.0955e-08 0.00400453 4.00614e-08
-7.0955e-08 0.00400453 4.69701e-08
-7.0955e-08 0.00400453 5.38787e-08
-7.0955e-08 0.00400452 6.07873e-08
-7.0955e-08 0.00400452 6.7696e-08
-7.0955e-08 0.00400452 7.46047e-08
-7.0955e-08 0.00400452 8.15133e-08
-7.0955e-08 0.00400452 8.84219e-08
-7.0955e-08 0.00400451 9.53306e-08
-7.0955e-08 0.00400451 1.02239e-07
-7.0955e-08 0.00400451 1.09148e-07
-7.0955e-08 0.00400451 1.16057e-07
-7.0955e-08 0.00400451 1.22965e-07
-7.0955e-08 0.0040045 1.29874e-07
-7.0955e-08 0.0040045 1.36783e-07
-7.0955e-08 0.0040045 1.43691e-07
-7.0955e-08 0.0040045 1.506e-07
-7.0955e-08 0.0040045 1.57508e-07
-7.0955e-08 0.00400449 1.64417e-07
-7.0955e-08 0.00400449 1.71326e-07
-7.0955e-08 0.00400449 1.78234e-07
-7.0955e-08 0.00400449 1.85143e-07
-7.0955e-08 0.00400449 1.92052e-07
-7.0955e-08 0.00400449 1.9896e-07
-7.0955e-08 0.00400448 2.05869e-07
-7.0955e-08 0.00400448 2.12778e-07
-7.0955e-08 0.00400448 2.19686e-07
-7.0955e-08 0.00400448 2.26595e-07
-7.0955e-08 0.00400448 2.33504e-07
-7.0955e-08 0.00400447 2.40412e-07
-7.0955e-08 0.00400447 2.47321e-07
-7.0955e-08 0.00400447 2.5423e-07
-7.0955e-08 0.00400447 2.61138e-07
-7.0955e-08 0.00400447 2.68047e-07
-7.0955e-08 0.00400446 2.74956e-07
-7.0955e-08 0.00400446 2.81864e-07
-7.0955e-08 0.00400446 2.88773e-07
-7.0955e-08 0.00400446 2.95682e-07
-7.0955e-08 0.00400446 3.0259e-07
-7.0955e-08 0.00400446 3.09499e-07
-7.0955e-08 0.00400445 3.16407e-07
-7.0955e-08 0.00400445 3.23316e-07
-7.0955e-08 0.00400445 3.30225e-07
-7.0955e-08 0.00400445 3.37133e-07
-7.0955e-08 0.00400445 3.44042e-07
-7.0955e-08 0.00400444 3.50951e-07
-7.0955e-08 0.00400444 3.57859e-07
-7.0955e-08 0.00400444 3.64768e-07
-7.0955e-08 0.00400444 3.71677e-07
-7.0955e-08 0.00400444 3.78585e-07
-7.0955e-08 0.00400443 3.85494e-07
-7.0955e-08 0.00400443 3.92403e-07
-7.0955e-08 0.00400443 3.99311e-07
-7.0955e-08 0.00400443 4.0622e-07
-7.0955e-08 0.00400443 4.13129e-07
-7.0955e-08 0.00400442 4.20037e-07
-7.0955e-08 0.00400442 4.26946e-07
-7.0955e-08 0.00400442 4.33855e-07
-7.0955e-08 0.00400442 4.40763e-07
-7.0955e-08 0.00400442 4.47672e-07
-7.0955e-08 0.00400442 4.54581e-07
-7.0955e-08 0.00400441 4.61489e-07
-7.0955e-08 0.00400441 4.68398e-07
-7.0955e-08 0.00400441 4.75307e-07
-7.0955e-08 0.00400441 4.82215e-07
-7.78322e-08 0.00400455 -8.29917e-09
-7.78322e-08 0.00400454 -1.39051e-09
-7.78322e-08 0.00400454 5.51812e-09
-7.78322e-08 0.00400454 1.24268e-08
-7.78322e-08 0.00400454 1.93354e-08
-7.78322e-08 0.00400454 2.62441e-08
-7.78322e-08 0.00400453 3.31527e-08
-7.78322e-08 0.00400453 4.00614e-08
-7.78322e-08 0.00400453 4.69701e-08
-7.78322e-08 0.00400453 5.38787e-08
-7.78322e-08 0.00400453 6.07873e-08
-7.78322e-08 0.00400452 6.7696e-08
-7.78322e-08 0.00400452 7.46047e-08
-7.78322e-08 0.00400452 8.15133e-08
-7.78322e-08 0.00400452 8.84219e-08
-7.78322e-08 0.00400452 9.53306e-08
-7.78322e-08 0.00400452 1.02239e-07
-7.78322e-08 0.00400451 1.09148e-07
-7.78322e-08 0.00400451 1.16057e-07
-7.78322e-08 0.00400451 1.22965e-07
-7.78322e-08 0.00400451 1.29874e-07
-7.78322e-08 0.00400451 1.36783e-07
-7.78322e-08 0.0040045 1.43691e-07
-7.78322e-08 0.0040045 1.506e-07
-7.78322e-08 0.0040045 1.57508e-07
-7.78322e-08 0.0040045 1.64417e-07
-7.78322e-08 0.0040045 1.71326e-07
-7.78322e-08 0.00400449 1.78234e-07
-7.78322e-08 0.00400449 1.85143e-07
-7.78322e-08 0.00400449 1.92052e-07
-7.78322e-08 0.00400449 1.9896e-07
-7.78322e-08 0.00400449 2.05869e-07
-7.78322e-08 0.00400448 2.12778e-07
-7.78322e-08 0.00400448 2.19686e-07
-7.78322e-08 0.00400448 2.26595e-07
-7.78322e-08 0.00400448 2.33504e-07
-7.78322e-08 0.00400448 2.40412e-07
-7.78322e-08 0.00400448 2.47321e-07
-7.78322e-08 0.00400447 2.5423e-07
-7.78322e-08 0.00400447 2.61138e-07
-7.78322e-08 0.00400447 2.68047e-07
-7.78322e-08 0.00400447 2.74956e-07
-7.78322e-08 0.00400447 2.81864e-07
-7.78322e-08 0.00400446 2.88773e-07
-7.78322e-08 0.00400446 2.95682e-07
-7.78322e-08 0.00400446 3.0259e-07
-7.78322e-08 0.00400446 3.09499e-07
-7.78322e-08 0.00400446 3.16407e-07
-7.78322e-08 0.00400445 3.23316e-07
-7.78322e-08 0.00400445 3.30225e-07
-7.78322e-08 0.00400445 3.37133e-07
-7.78322e-08 0.00400445 3.44042e-07
-7.78322e-08 0.00400445 3.50951e-07
-7.78322e-08 0.00400445 3.57859e-07
-7.78322e-08 0.00400444 3.64768e-07
-7.78322e-08 0.00400444 3.71677e-07
-7.78322e-08 0.00400444 3.78585e-07
-7.78322e-08 0.00400444 3.85494e-07
-7.78322e-08 0.00400444 3.92403e-07
-7.78322e-08 0.00400443 3.99311e-07
-7.78322e-08 0.00400443 4.0622e-07
-7.78322e-08 0.00400443 4.13129e-07
-7.78322e-08 0.00400443 4.20037e-07
-7.78322e-08 0.00400443 4.26946e-07
-7.78322e-08 0.00400442 4.33855e-07
-7.78322e-08 0.00400442 4.40763e-07
-7.78322e-08 0.00400442 4.47672e-07
-7.78322e-08 0.00400442 4.54581e-07
-7.78322e-08 0.00400442 4.61489e-07
-7.78322e-08 0.00400442 4.68398e-07
-7.78322e-08 0.00400441 4.75307e-07
-7.78322e-08 0.00400441 4.82215e-07
-6.63701e-08 0.0040044 4.89124e-07
-7.0955e-08 0.00400441 4.89124e-07
-6.63701e-08 0.00400441 4.82215e-07
-7.0955e-08 0.00400441 4.82215e-07
-6.63701e-08 0.00400441 4.75307e-07
-7.0955e-08 0.00400441 4.75307e-07
-6.63701e-08 0.00400441 4.68398e-07
-7.0955e-08 0.00400441 4.68398e-07
-6.63701e-08 0.00400441 4.61489e-07
-7.0955e-08 0.00400441 4.61489e-07
-6.63701e-08 0.00400441 4.54581e-07
-7.0955e-08 0.00400442 4.54581e-07
-6.63701e-08 0.00400442 4.47672e-07
-7.0955e-08 0.00400442 4.47672e-07
-6.63701e-08 0.00400442 4.40763e-07
-7.0955e-08 0.00400442 4.40763e-07
-6.63701e-08 0.00400442 4.33855e-07
-7.0955e-08 0.00400442 4.33855e-07
-6.63701e-08 0.00400442 4.26946e-07
-7.0955e-08 0.00400442 4.26946e-07
-6.63701e-08 0.00400442 4.20037e-07
-7.0955e-08 0.00400442 4.20037e-07
-6.63701e-08 0.00400442 4.13129e-07
-7.0955e-08 0.00400443 4.13129e-07
-6.63701e-08 0.00400443 4.0622e-07
-7.0955e-08 0.00400443 4.0622e-07
-6.63701e-08 0.00400443 3.99311e-07
-7.0955e-08 0.00400443 3.99311e-07
-6.63701e-08 0.00400443 3.92403e-07
-7.0955e-08 0.00400443 3.92403e-07
-6.63701e-08 0.00400443 3.85494e-07
-7.0955e-08 0.00400443 3.85494e-07
-6.63701e-08 0.00400443 3.78585e-07
-7.0955e-08 0.00400444 3.78585e-07
-6.63701e-08 0.00400444 3.71677e-07
-7.0955e-08 0.00400444 3.71677e-07
-6.63701e-08 0.00400444 3.64768e-07
-7.0955e-08 0.00400444 3.64768e-07
-6.63701e-08 0.00400444 3.57859e-07
-7.0955e-08 0.00400444 3.57859e-07
-6.63701e-08 0.00400444 3.50951e-07
-7.0955e-08 0.00400444 3.50951e-07
-6.63701e-08 0.00400444 3.44042e-07
-7.0955e-08 0.00400445 3.44042e-07
-6.63701e-08 0.00400444 3.37133e-07
-7.0955e-08 0.00400445 3.37133e-07
-6.63701e-08 0.00400445 3.30225e-07
-7.0955e-08 0.00400445 3.30225e-07
-6.63701e-08 0.00400445 3.23316e-07
-7.0955e-08 0.00400445 3.23316e-07
-6.63701e-08 0.00400445 3.16407e-07
-7.0955e-08 0.00400445 3.16407e-07
-6.63701e-08 0.00400445 3.09499e-07
-7.0955e-08 0.00400446 3.09499e-07
-6.63701e-08 0.00400445 3.0259e-07
-7.0955e-08 0.00400446 3.0259e-07
-6.63701e-08 0.00400446 2.95682e-07
-7.0955e-08 0.00400446 2.95682e-07
-6.63701e-08 0.00400446 2.88773e-07
-7.0955e-08 0.00400446 2.88773e-07
-6.63701e-08 0.00400446 2.81864e-07
-7.0955e-08 0.00400446 2.81864e-07
-6.63701e-08 0.00400446 2.74956e-07
-7.0955e-08 0.00400446 2.74956e-07
-6.63701e-08 0.00400446 2.68047e-07
-7.0955e-08 0.00400447 2.68047e-07
-6.63701e-08 0.00400447 2.61138e-07
-7.0955e-08 0.00400447 2.61138e-07
-6.63701e-08 0.00400447 2.5423e-07
-7.0955e-08 0.00400447 2.5423e-07
-6.63701e-08 0.00400447 2.47321e-07
-7.0955e-08 0.00400447 2.47321e-07
-6.63701e-08 0.00400447 2.40412e-07
-7.0955e-08 0.00400447 2.40412e-07
-6.63701e-08 0.00400447 2.33504e-07
-7.0955e-08 0.00400448 2.33504e-07
-6.63701e-08 0.00400448 2.26595e-07
-7.0955e-08 0.00400448 2.26595e-07
-6.63701e-08 0.00400448 2.19686e-07
-7.0955e-08 0.00400448 2.19686e-07
-6.63701e-08 0.00400448 2.12778e-07
-7.0955e-08 0.00400448 2.12778e-07
-6.63701e-08 0.00400448 2.05869e-07
-7.0955e-08 0.00400448 2.05869e-07
-6.63701e-08 0.00400448 1.9896e-07
-7.0955e-08 0.00400449 1.9896e-07
-6.63701e-08 0.00400448 1.92052e-07
-7.0955e-08 0.00400449 1.92052e-07
-6.63701e-08 0.00400449 1.85143e-07
-7.0955e-08 0.00400449 1.85143e-07
-6.63701e-08 0.00400449 1.78234e-07
-7.0955e-08 0.00400449 1.78234e-07
-6.63701e-08 0.00400449 1.71326e-07
-7.0955e-08 0.00400449 1.71326e-07
-6.63701e-08 0.00400449 1.64417e-07
-7.0955e-08 0.00400449 1.64417e-07
-6.63701e-08 0.00400449 1.57508e-07
-7.0955e-08 0.0040045 1.57508e-07
-6.63701e-08 0.0040045 1.506e-07
-7.0955e-08 0.0040045 1.506e-07
-6.63701e-08 0.0040045 1.43691e-07
-7.0955e-08 0.0040045 1.43691e-07
-6.63701e-08 0.0040045 1.36783e-07
-7.0955e-08 0.0040045 1.36783e-07
-6.63701e-08 0.0040045 1.29874e-07
-7.0955e-08 0.0040045 1.29874e-07
-6.63701e-08 0.0040045 1.22965e-07
-7.0955e-08 0.00400451 1.22965e-07
-6.63701e-08 0.00400451 1.16057e-07
-7.0955e-08 0.00400451 1.16057e-07
-6.63701e-08 0.00400451 1.09148e-07
-7.0955e-08 0.00400451 1.09148e-07
-6.63701e-08 0.00400451 1.02239e-07
-7.0955e-08 0.00400451 1.02239e-07
-6.63701e-08 0.00400451 9.53306e-08
-7.0955e-08 0.00400451 9.53306e-08
-6.63701e-08 0.00400451 8.84219e-08
-7.0955e-08 0.00400452 8.84219e-08
-6.63701e-08 0.00400452 8.15133e-08
-7.0955e-08 0.00400452 8.15133e-08
-6.63701e-08 0.00400452 7.46047e-08
-7.0955e-08 0.00400452 7.46047e-08
-6.63701e-08 0.00400452 6.7696e-08
-7.0955e-08 0.00400452 6.7696e-08
-6.63701e-08 0.00400452 6.07873e-08
-7.0955e-08 0.00400452 6.07873e-08
-6.63701e-08 0.00400452 5.38787e-08
-7.0955e-08 0.00400453 5.38787e-08
-6.63701e-08 0.00400452 4.69701e-08
-7.0955e-08 0.00400453 4.69701e-08
-6.63701e-08 0.00400453 4.00614e-08
-7.0955e-08 0.00400453 4.00614e-08
-6.63701e-08 0.00400453 3.31527e-08
-7.0955e-08 0.00400453 3.31527e-08
-6.63701e-08 0.00400453 2.62441e-08
-7.0955e-08 0.00400453 2.62441e-08
-6.63701e-08 0.00400453 1.93354e-08
-7.0955e-08 0.00400453 1.93354e-08
-6.63701e-08 0.00400453 1.24268e-08
-7.0955e-08 0.00400454 1.24268e-08
-6.63701e-08 0.00400454 5.51812e-09
-7.0955e-08 0.00400454 5.51812e-09
-6.63701e-08 0.00400454 -1.39051e-09
-7.0955e-08 0.00400454 -1.39051e-09
-6.63701e-08 0.00400454 -8.29917e-09
-7.0955e-08 0.00400454 -8.29917e-09
-6.63701e-08 0.00400454 -1.52078e-08
-7.0955e-08 0.00400454 -1.52078e-08
-8.47095e-08 0.00400441 4.89124e-07
-8.92943e-08 0.00400442 4.89124e-07
-8.47095e-08 0.00400441 4.82215e-07
-8.92943e-08 0.00400442 4.82215e-07
-8.47095e-08 0.00400442 4.75307e-07
-8.92943e-08 0.00400442 4.75307e-07
-8.47095e-08 0.00400442 4.68398e-07
-8.92943e-08 0.00400442 4.68398e-07
-8.47095e-08 0.00400442 4.61489e-07
-8.92943e-08 0.00400442 4.61489e-07
-8.47095e-08 0.00400442 4.54581e-07
-8.92943e-08 0.00400442 4.54581e-07
-8.47095e-08 0.00400442 4.47672e-07
-8.92943e-08 0.00400443 4.47672e-07
-8.47095e-08 0.00400443 4.40763e-07
-8.92943e-08 0.00400443 4.40763e-07
-8.47095e-08 0.00400443 4.33855e-07
-8.92943e-08 0.00400443 4.33855e-07
-8.47095e-08 0.00400443 4.26946e-07
-8.92943e-08 0.00400443 4.26946e-07
-8.47095e-08 0.00400443 4.20037e-07
-8.92943e-08 0.00400443 4.20037e-07
-8.47095e-08 0.00400443 4.13129e-07
-8.92943e-08 0.00400444 4.13129e-07
-8.47095e-08 0.00400444 4.0622e-07
-8.92943e-08 0.00400444 4.0622e-07
-8.47095e-08 0.00400444 3.99311e-07
-8.92943e-08 0.00400444 3.99311e-07
-8.47095e-08 0.00400444 3.92403e-07
-8.92943e-08 0.00400444 3.92403e-07
-8.47095e-08 0.00400444 3.85494e-07
-8.92943e-08 0.00400444 3.85494e-07
-8.47095e-08 0.00400444 3.78585e-07
-8.92943e-08 0.00400445 3.78585e-07
-8.47095e-08 0.00400444 3.71677e-07
-8.92943e-08 0.00400445 3.71677e-07
-8.47095e-08 0.00400445 3.64768e-07
-8.92943e-08 0.00400445 3.64768e-07
-8.47095e-08 0.00400445 3.57859e-07
-8.92943e-08 0.00400445 3.57859e-07
-8.47095e-08 0.00400445 3.50951e-07
-8.92943e-08 0.00400445 3.50951e-07
-8.47095e-08 0.00400445 3.44042e-07
-8.92943e-08 0.00400445 3.44042e-07
-8.47095e-08 0.00400445 3.37133e-07
-8.92943e-08 0.00400446 3.37133e-07
-8.47095e-08 0.00400446 3.30225e-07
-8.92943e-08 0.00400446 3.30225e-07
-8.47095e-08 0.00400446 3.23316e-07
-8.92943e-08 0.00400446 3.23316e-07
-8.47095e-08 0.00400446 3.16407e-07
-8.92943e-08 0.00400446 3.16407e-07
-8.47095e-08 0.00400446 3.09499e-07
-8.92943e-08 0.00400446 3.09499e-07
-8.47095e-08 0.00400446 3.0259e-07
-8.92943e-08 0.00400447 3.0259e-07
-8.47095e-08 0.00400447 2.95682e-07
-8.92943e-08 0.00400447 2.95682e-07
-8.47095e-08 0.00400447 2.88773e-07
-8.92943e-08 0.00400447 2.88773e-07
-8.47095e-08 0.00400447 2.81864e-07
-8.92943e-08 0.00400447 2.81864e-07
-8.47095e-08 0.00400447 2.74956e-07
-8.92943e-08 0.00400447 2.74956e-07
-8.47095e-08 0.00400447 2.68047e-07
-8.92943e-08 0.00400448 2.68047e-07
-8.47095e-08 0.00400448 2.61138e-07
-8.92943e-08 0.00400448 2.61138e-07
-8.47095e-08 0.00400448 2.5423e-07
-8.92943e-08 0.00400448 2.5423e-07
-8.47095e-08 0.00400448 2.47321e-07
-8.92943e-08 0.00400448 2.47321e-07
-8.47095e-08 0.00400448 2.40412e-07
-8.92943e-08 0.00400448 2.40412e-07
-8.47095e-08 0.00400448 2.33504e-07
-8.92943e-08 0.00400448 2.33504e-07
-8.47095e-08 0.00400448 2.26595e-07
-8.92943e-08 0.00400449 2.26595e-07
-8.47095e-08 0.00400449 2.19686e-07
-8.92943e-08 0.00400449 2.19686e-07
-8.47095e-08 0.00400449 2.12778e-07
-8.92943e-08 0.00400449 2.12778e-07
-8.47095e-08 0.00400449 2.05869e-07
-8.92943e-08 0.00400449 2.05869e-07
-8.47095e-08 0.00400449 1.9896e-07
-8.92943e-08 0.00400449 1.9896e-07
-8.47095e-08 0.00400449 1.92052e-07
-8.92943e-08 0.0040045 1.92052e-07
-8.47095e-08 0.0040045 1.85143e-07
-8.92943e-08 0.0040045 1.85143e-07
-8.47095e-08 0.0040045 1.78234e-07
-8.92943e-08 0.0040045 1.78234e-07
-8.47095e-08 0.0040045 1.71326e-07
-8.92943e-08 0.0040045 1.71326e-07
-8.47095e-08 0.0040045 1.64417e-07
-8.92943e-08 0.0040045 1.64417e-07
-8.47095e-08 0.0040045 1.57508e-07
-8.92943e-08 0.00400451 1.57508e-07
-8.47095e-08 0.00400451 1.506e-07
-8.92943e-08 0.00400451 1.506e-07
-8.47095e-08 0.00400451 1.43691e-07
-8.92943e-08 0.00400451 1.43691e-07
-8.47095e-08 0.00400451 1.36783e-07
-8.92943e-08 0.00400451 1.36783e-07
-8.47095e-08 0.00400451 1.29874e-07
-8.92943e-08 0.00400451 1.29874e-07
-8.47095e-08 0.00400451 1.22965e-07
-8.92943e-08 0.00400452 1.22965e-07
-8.47095e-08 0.00400451 1.16057e-07
-8.92943e-08 0.00400452 1.16057e-07
-8.47095e-08 0.00400452 1.09148e-07
-8.92943e-08 0.00400452 1.09148e-07
-8.47095e-08 0.00400452 1.02239e-07
-8.92943e-08 0.00400452 1.02239e-07
-8.47095e-08 0.00400452 9.53306e-08
-8.92943e-08 0.00400452 9.53306e-08
-8.47095e-08 0.00400452 8.84219e-08
-8.92943e-08 0.00400453 8.84219e-08
-8.47095e-08 0.00400452 8.15133e-08
-8.92943e-08 0.00400453 8.15133e-08
-8.47095e-08 0.00400453 7.46047e-08
-8.92943e-08 0.00400453 7.46047e-08
-8.47095e-08 0.00400453 6.7696e-08
-8.92943e-08 0.00400453 6.7696e-08
-8.47095e-08 0.00400453 6.07873e-08
-8.92943e-08 0.00400453 6.07873e-08
-8.47095e-08 0.00400453 5.38787e-08
-8.92943e-08 0.00400453 5.38787e-08
-8.47095e-08 0.00400453 4.69701e-08
-8.92943e-08 0.00400454 4.69701e-08
-8.47095e-08 0.00400454 4.00614e-08
-8.92943e-08 0.00400454 4.00614e-08
-8.47095e-08 0.00400454 3.31527e-08
-8.92943e-08 0.00400454 3.31527e-08
-8.47095e-08 0.00400454 2.62441e-08
-8.92943e-08 0.00400454 2.62441e-08
-8.47095e-08 0.00400454 1.93354e-08
-8.92943e-08 0.00400454 1.93354e-08
-8.47095e-08 0.00400454 1.24268e-08
-8.92943e-08 0.00400455 1.24268e-08
-8.47095e-08 0.00400455 5.51812e-09
-8.92943e-08 0.00400455 5.51812e-09
-8.47095e-08 0.00400455 -1.39051e-09
-8.92943e-08 0.00400455 -1.39051e-09
-8.47095e-08 0.00400455 -8.29917e-09
-8.92943e-08 0.00400455 -8.29917e-09
-8.47095e-08 0.00400455 -1.52078e-08
-8.92943e-08 0.00400455 -1.52078e-08
