-6.54748e-09 0.000250107 -1.12343e-07
-6.54748e-09 0.000250115 -1.70799e-07
-4.9532e-09 0.000250109 -1.12343e-07
-4.9532e-09 0.000250117 -1.70799e-07
-6.54748e-09 0.000250107 -1.13143e-07
-6.54748e-09 0.000250107 -1.13944e-07
-6.54748e-09 0.000250107 -1.14745e-07
-6.54748e-09 0.000250107 -1.15546e-07
-6.54748e-09 0.000250107 -1.16346e-07
-6.54748e-09 0.000250107 -1.17147e-07
-6.54748e-09 0.000250107 -1.17948e-07
-6.54748e-09 0.000250108 -1.18749e-07
-6.54748e-09 0.000250108 -1.1955e-07
-6.54748e-09 0.000250108 -1.2035e-07
-6.54748e-09 0.000250108 -1.21151e-07
-6.54748e-09 0.000250108 -1.21952e-07
-6.54748e-09 0.000250108 -1.22753e-07
-6.54748e-09 0.000250108 -1.23554e-07
-6.54748e-09 0.000250108 -1.24354e-07
-6.54748e-09 0.000250109 -1.25155e-07
-6.54748e-09 0.000250109 -1.25956e-07
-6.54748e-09 0.000250109 -1.26757e-07
-6.54748e-09 0.000250109 -1.27557e-07
-6.54748e-09 0.000250109 -1.28358e-07
-6.54748e-09 0.000250109 -1.29159e-07
-6.54748e-09 0.000250109 -1.2996e-07
-6.54748e-09 0.000250109 -1.30761e-07
-6.54748e-09 0.000250109 -1.31561e-07
-6.54748e-09 0.00025011 -1.32362e-07
-6.54748e-09 0.00025011 -1.33163e-07
-6.54748e-09 0.00025011 -1.33964e-07
-6.54748e-09 0.00025011 -1.34764e-07
-6.54748e-09 0.00025011 -1.35565e-07
-6.54748e-09 0.00025011 -1.36366e-07
-6.54748e-09 0.00025011 -1.37167e-07
-6.54748e-09 0.00025011 -1.37968e-07
-6.54748e-09 0.000250111 -1.38768e-07
-6.54748e-09 0.000250111 -1.39569e-07
-6.54748e-09 0.000250111 -1.4037e-07
-6.54748e-09 0.000250111 -1.41171e-07
-6.54748e-09 0.000250111 -1.41971e-07
-6.54748e-09 0.000250111 -1.42772e-07
-6.54748e-09 0.000250111 -1.43573e-07
-6.54748e-09 0.000250111 -1.44374e-07
-6.54748e-09 0.000250111 -1.45175e-07
-6.54748e-09 0.000250112 -1.45975e-07
-6.54748e-09 0.000250112 -1.46776e-07
-6.54748e-09 0.000250112 -1.47577e-07
-6.54748e-09 0.000250112 -1.48378e-07
-6.54748e-09 0.000250112 -1.49178e-07
-6.54748e-09 0.000250112 -1.49979e-07
-6.54748e-09 0.000250112 -1.5078e-07
-6.54748e-09 0.000250112 -1.51581e-07
-6.54748e-09 0.000250113 -1.52382e-07
-6.54748e-09 0.000250113 -1.53182e-07
-6.54748e-09 0.000250113 -1.53983e-07
-6.54748e-09 0.000250113 -1.54784e-07
-6.54748e-09 0.000250113 -1.55585e-07
-6.54748e-09 0.000250113 -1.56385e-07
-6.54748e-09 0.000250113 -1.57186e-07
-6.54748e-09 0.000250113 -1.57987e-07
-6.54748e-09 0.000250114 -1.58788e-07
-6.54748e-09 0.000250114 -1.59589e-07
-6.54748e-09 0.000250114 -1.60389e-07
-6.54748e-09 0.000250114 -1.6119e-07
-6.54748e-09 0.000250114 -1.61991e-07
-6.54748e-09 0.000250114 -1.62792e-07
-6.54748e-09 0.000250114 -1.63592e-07
-6.54748e-09 0.000250114 -1.64393e-07
-6.54748e-09 0.000250114 -1.65194e-07
-6.54748e-09 0.000250115 -1.65995e-07
-6.54748e-09 0.000250115 -1.66796e-07
-6.54748e-09 0.000250115 -1.67596e-07
-6.54748e-09 0.000250115 -1.68397e-07
-6.54748e-09 0.000250115 -1.69198e-07
-6.54748e-09 0.000250115 -1.69999e-07
-5.75034e-09 0.000250116 -1.70799e-07
-5.75034e-09 0.000250108 -1.12343e-07
-4.9532e-09 0.000250117 -1.69999e-07
-4.9532e-09 0.000250117 -1.69198e-07
-4.9532e-09 0.000250117 -1.68397e-07
-4.9532e-09 0.000250117 -1.67596e-07
-4.9532e-09 0.000250117 -1.66796e-07
-4.9532e-09 0.000250117 -1.65995e-07
-4.9532e-09 0.000250117 -1.65194e-07
-4.9532e-09 0.000250116 -1.64393e-07
-4.9532e-09 0.000250116 -1.63592e-07
-4.9532e-09 0.000250116 -1.62792e-07
-4.9532e-09 0.000250116 -1.61991e-07
-4.9532e-09 0.000250116 -1.6119e-07
-4.9532e-09 0.000250116 -1.60389e-07
-4.9532e-09 0.000250116 -1.59589e-07
-4.9532e-09 0.000250116 -1.58788e-07
-4.9532e-09 0.000250115 -1.57987e-07
-4.9532e-09 0.000250115 -1.57186e-07
-4.9532e-09 0.000250115 -1.56385e-07
-4.9532e-09 0.000250115 -1.55585e-07
-4.9532e-09 0.000250115 -1.54784e-07
-4.9532e-09 0.000250115 -1.53983e-07
-4.9532e-09 0.000250115 -1.53182e-07
-4.9532e-09 0.000250115 -1.52382e-07
-4.9532e-09 0.000250115 -1.51581e-07
-4.9532e-09 0.000250114 -1.5078e-07
-4.9532e-09 0.000250114 -1.49979e-07
-4.9532e-09 0.000250114 -1.49178e-07
-4.9532e-09 0.000250114 -1.48378e-07
-4.9532e-09 0.000250114 -1.47577e-07
-4.9532e-09 0.000250114 -1.46776e-07
-4.9532e-09 0.000250114 -1.45975e-07
-4.9532e-09 0.000250114 -1.45175e-07
-4.9532e-09 0.000250113 -1.44374e-07
-4.9532e-09 0.000250113 -1.43573e-07
-4.9532e-09 0.000250113 -1.42772e-07
-4.9532e-09 0.000250113 -1.41971e-07
-4.9532e-09 0.000250113 -1.41171e-07
-4.9532e-09 0.000250113 -1.4037e-07
-4.9532e-09 0.000250113 -1.39569e-07
-4.9532e-09 0.000250113 -1.38768e-07
-4.9532e-09 0.000250113 -1.37968e-07
-4.9532e-09 0.000250112 -1.37167e-07
-4.9532e-09 0.000250112 -1.36366e-07
-4.9532e-09 0.000250112 -1.35565e-07
-4.9532e-09 0.000250112 -1.34764e-07
-4.9532e-09 0.000250112 -1.33964e-07
-4.9532e-09 0.000250112 -1.33163e-07
-4.9532e-09 0.000250112 -1.32362e-07
-4.9532e-09 0.000250112 -1.31561e-07
-4.9532e-09 0.000250111 -1.30761e-07
-4.9532e-09 0.000250111 -1.2996e-07
-4.9532e-09 0.000250111 -1.29159e-07
-4.9532e-09 0.000250111 -1.28358e-07
-4.9532e-09 0.000250111 -1.27557e-07
-4.9532e-09 0.000250111 -1.26757e-07
-4.9532e-09 0.000250111 -1.25956e-07
-4.9532e-09 0.000250111 -1.25155e-07
-4.9532e-09 0.00025011 -1.24354e-07
-4.9532e-09 0.00025011 -1.23554e-07
-4.9532e-09 0.00025011 -1.22753e-07
-4.9532e-09 0.00025011 -1.21952e-07
-4.9532e-09 0.00025011 -1.21151e-07
-4.9532e-09 0.00025011 -1.2035e-07
-4.9532e-09 0.00025011 -1.1955e-07
-4.9532e-09 0.00025011 -1.18749e-07
-4.9532e-09 0.00025011 -1.17948e-07
-4.9532e-09 0.000250109 -1.17147e-07
-4.9532e-09 0.000250109 -1.16346e-07
-4.9532e-09 0.000250109 -1.15546e-07
-4.9532e-09 0.000250109 -1.14745e-07
-4.9532e-09 0.000250109 -1.13944e-07
-4.9532e-09 0.000250109 -1.13143e-07
-5.75034e-09 0.000250116 -1.69999e-07
-5.75034e-09 0.000250116 -1.69198e-07
-5.75034e-09 0.000250116 -1.68397e-07
-5.75034e-09 0.000250116 -1.67596e-07
-5.75034e-09 0.000250116 -1.66796e-07
-5.75034e-09 0.000250116 -1.65995e-07
-5.75034e-09 0.000250116 -1.65194e-07
-5.75034e-09 0.000250115 -1.64393e-07
-5.75034e-09 0.000250115 -1.63592e-07
-5.75034e-09 0.000250115 -1.62792e-07
-5.75034e-09 0.000250115 -1.61991e-07
-5.75034e-09 0.000250115 -1.6119e-07
-5.75034e-09 0.000250115 -1.60389e-07
-5.75034e-09 0.000250115 -1.59589e-07
-5.75034e-09 0.000250115 -1.58788e-07
-5.75034e-09 0.000250114 -1.57987e-07
-5.75034e-09 0.000250114 -1.57186e-07
-5.75034e-09 0.000250114 -1.56385e-07
-5.75034e-09 0.000250114 -1.55585e-07
-5.75034e-09 0.000250114 -1.54784e-07
-5.75034e-09 0.000250114 -1.53983e-07
-5.75034e-09 0.000250114 -1.53182e-07
-5.75034e-09 0.000250114 -1.52382e-07
-5.75034e-09 0.000250113 -1.51581e-07
-5.75034e-09 0.000250113 -1.5078e-07
-5.75034e-09 0.000250113 -1.49979e-07
-5.75034e-09 0.000250113 -1.49178e-07
-5.75034e-09 0.000250113 -1.48378e-07
-5.75034e-09 0.000250113 -1.47577e-07
-5.75034e-09 0.000250113 -1.46776e-07
-5.75034e-09 0.000250113 -1.45975e-07
-5.75034e-09 0.000250113 -1.45175e-07
-5.75034e-09 0.000250112 -1.44374e-07
-5.75034e-09 0.000250112 -1.43573e-07
-5.75034e-09 0.000250112 -1.42772e-07
-5.75034e-09 0.000250112 -1.41971e-07
-5.75034e-09 0.000250112 -1.41171e-07
-5.75034e-09 0.000250112 -1.4037e-07
-5.75034e-09 0.000250112 -1.39569e-07
-5.75034e-09 0.000250112 -1.38768e-07
-5.75034e-09 0.000250111 -1.37968e-07
-5.75034e-09 0.000250111 -1.37167e-07
-5.75034e-09 0.000250111 -1.36366e-07
-5.75034e-09 0.000250111 -1.35565e-07
-5.75034e-09 0.000250111 -1.34764e-07
-5.75034e-09 0.000250111 -1.33964e-07
-5.75034e-09 0.000250111 -1.33163e-07
-5.75034e-09 0.000250111 -1.32362e-07
-5.75034e-09 0.000250111 -1.31561e-07
-5.75034e-09 0.00025011 -1.30761e-07
-5.75034e-09 0.00025011 -1.2996e-07
-5.75034e-09 0.00025011 -1.29159e-07
-5.75034e-09 0.00025011 -1.28358e-07
-5.75034e-09 0.00025011 -1.27557e-07
-5.75034e-09 0.00025011 -1.26757e-07
-5.75034e-09 0.00025011 -1.25956e-07
-5.75034e-09 0.00025011 -1.25155e-07
-5.75034e-09 0.000250109 -1.24354e-07
-5.75034e-09 0.000250109 -1.23554e-07
-5.75034e-09 0.000250109 -1.22753e-07
-5.75034e-09 0.000250109 -1.21952e-07
-5.75034e-09 0.000250109 -1.21151e-07
-5.75034e-09 0.000250109 -1.2035e-07
-5.75034e-09 0.000250109 -1.1955e-07
-5.75034e-09 0.000250109 -1.18749e-07
-5.75034e-09 0.000250108 -1.17948e-07
-5.75034e-09 0.000250108 -1.17147e-07
-5.75034e-09 0.000250108 -1.16346e-07
-5.75034e-09 0.000250108 -1.15546e-07
-5.75034e-09 0.000250108 -1.14745e-07
-5.75034e-09 0.000250108 -1.13944e-07
-5.75034e-09 0.000250108 -1.13143e-07
-4.42178e-09 0.000250109 -1.12343e-07
-4.9532e-09 0.000250109 -1.12343e-07
-4.42178e-09 0.00025011 -1.13143e-07
-4.9532e-09 0.000250109 -1.13143e-07
-4.42178e-09 0.00025011 -1.13944e-07
-4.9532e-09 0.000250109 -1.13944e-07
-4.42178e-09 0.00025011 -1.14745e-07
-4.9532e-09 0.000250109 -1.14745e-07
-4.42178e-09 0.00025011 -1.15546e-07
-4.9532e-09 0.000250109 -1.15546e-07
-4.42178e-09 0.00025011 -1.16346e-07
-4.9532e-09 0.000250109 -1.16346e-07
-4.42178e-09 0.00025011 -1.17147e-07
-4.9532e-09 0.000250109 -1.17147e-07
-4.42178e-09 0.00025011 -1.17948e-07
-4.9532e-09 0.00025011 -1.17948e-07
-4.42178e-09 0.00025011 -1.18749e-07
-4.9532e-09 0.00025011 -1.18749e-07
-4.42178e-09 0.00025011 -1.1955e-07
-4.9532e-09 0.00025011 -1.1955e-07
-4.42178e-09 0.000250111 -1.2035e-07
-4.9532e-09 0.00025011 -1.2035e-07
-4.42178e-09 0.000250111 -1.21151e-07
-4.9532e-09 0.00025011 -1.21151e-07
-4.42178e-09 0.000250111 -1.21952e-07
-4.9532e-09 0.00025011 -1.21952e-07
-4.42178e-09 0.000250111 -1.22753e-07
-4.9532e-09 0.00025011 -1.22753e-07
-4.42178e-09 0.000250111 -1.23554e-07
-4.9532e-09 0.00025011 -1.23554e-07
-4.42178e-09 0.000250111 -1.24354e-07
-4.9532e-09 0.00025011 -1.24354e-07
-4.42178e-09 0.000250111 -1.25155e-07
-4.9532e-09 0.000250111 -1.25155e-07
-4.42178e-09 0.000250111 -1.25956e-07
-4.9532e-09 0.000250111 -1.25956e-07
-4.42178e-09 0.000250112 -1.26757e-07
-4.9532e-09 0.000250111 -1.26757e-07
-4.42178e-09 0.000250112 -1.27557e-07
-4.9532e-09 0.000250111 -1.27557e-07
-4.42178e-09 0.000250112 -1.28358e-07
-4.9532e-09 0.000250111 -1.28358e-07
-4.42178e-09 0.000250112 -1.29159e-07
-4.9532e-09 0.000250111 -1.29159e-07
-4.42178e-09 0.000250112 -1.2996e-07
-4.9532e-09 0.000250111 -1.2996e-07
-4.42178e-09 0.000250112 -1.30761e-07
-4.9532e-09 0.000250111 -1.30761e-07
-4.42178e-09 0.000250112 -1.31561e-07
-4.9532e-09 0.000250112 -1.31561e-07
-4.42178e-09 0.000250112 -1.32362e-07
-4.9532e-09 0.000250112 -1.32362e-07
-4.42178e-09 0.000250112 -1.33163e-07
-4.9532e-09 0.000250112 -1.33163e-07
-4.42178e-09 0.000250113 -1.33964e-07
-4.9532e-09 0.000250112 -1.33964e-07
-4.42178e-09 0.000250113 -1.34764e-07
-4.9532e-09 0.000250112 -1.34764e-07
-4.42178e-09 0.000250113 -1.35565e-07
-4.9532e-09 0.000250112 -1.35565e-07
-4.42178e-09 0.000250113 -1.36366e-07
-4.9532e-09 0.000250112 -1.36366e-07
-4.42178e-09 0.000250113 -1.37167e-07
-4.9532e-09 0.000250112 -1.37167e-07
-4.42178e-09 0.000250113 -1.37968e-07
-4.9532e-09 0.000250113 -1.37968e-07
-4.42178e-09 0.000250113 -1.38768e-07
-4.9532e-09 0.000250113 -1.38768e-07
-4.42178e-09 0.000250113 -1.39569e-07
-4.9532e-09 0.000250113 -1.39569e-07
-4.42178e-09 0.000250114 -1.4037e-07
-4.9532e-09 0.000250113 -1.4037e-07
-4.42178e-09 0.000250114 -1.41171e-07
-4.9532e-09 0.000250113 -1.41171e-07
-4.42178e-09 0.000250114 -1.41971e-07
-4.9532e-09 0.000250113 -1.41971e-07
-4.42178e-09 0.000250114 -1.42772e-07
-4.9532e-09 0.000250113 -1.42772e-07
-4.42178e-09 0.000250114 -1.43573e-07
-4.9532e-09 0.000250113 -1.43573e-07
-4.42178e-09 0.000250114 -1.44374e-07
-4.9532e-09 0.000250113 -1.44374e-07
-4.42178e-09 0.000250114 -1.45175e-07
-4.9532e-09 0.000250114 -1.45175e-07
-4.42178e-09 0.000250114 -1.45975e-07
-4.9532e-09 0.000250114 -1.45975e-07
-4.42178e-09 0.000250115 -1.46776e-07
-4.9532e-09 0.000250114 -1.46776e-07
-4.42178e-09 0.000250115 -1.47577e-07
-4.9532e-09 0.000250114 -1.47577e-07
-4.42178e-09 0.000250115 -1.48378e-07
-4.9532e-09 0.000250114 -1.48378e-07
-4.42178e-09 0.000250115 -1.49178e-07
-4.9532e-09 0.000250114 -1.49178e-07
-4.42178e-09 0.000250115 -1.49979e-07
-4.9532e-09 0.000250114 -1.49979e-07
-4.42178e-09 0.000250115 -1.5078e-07
-4.9532e-09 0.000250114 -1.5078e-07
-4.42178e-09 0.000250115 -1.51581e-07
-4.9532e-09 0.000250115 -1.51581e-07
-4.42178e-09 0.000250115 -1.52382e-07
-4.9532e-09 0.000250115 -1.52382e-07
-4.42178e-09 0.000250115 -1.53182e-07
-4.9532e-09 0.000250115 -1.53182e-07
-4.42178e-09 0.000250116 -1.53983e-07
-4.9532e-09 0.000250115 -1.53983e-07
-4.42178e-09 0.000250116 -1.54784e-07
-4.9532e-09 0.000250115 -1.54784e-07
-4.42178e-09 0.000250116 -1.55585e-07
-4.9532e-09 0.000250115 -1.55585e-07
-4.42178e-09 0.000250116 -1.56385e-07
-4.9532e-09 0.000250115 -1.56385e-07
-4.42178e-09 0.000250116 -1.57186e-07
-4.9532e-09 0.000250115 -1.57186e-07
-4.42178e-09 0.000250116 -1.57987e-07
-4.9532e-09 0.000250115 -1.57987e-07
-4.42178e-09 0.000250116 -1.58788e-07
-4.9532e-09 0.000250116 -1.58788e-07
-4.42178e-09 0.000250116 -1.59589e-07
-4.9532e-09 0.000250116 -1.59589e-07
-4.42178e-09 0.000250117 -1.60389e-07
-4.9532e-09 0.000250116 -1.60389e-07
-4.42178e-09 0.000250117 -1.6119e-07
-4.9532e-09 0.000250116 -1.6119e-07
-4.42178e-09 0.000250117 -1.61991e-07
-4.9532e-09 0.000250116 -1.61991e-07
-4.42178e-09 0.000250117 -1.62792e-07
-4.9532e-09 0.000250116 -1.62792e-07
-4.42178e-09 0.000250117 -1.63592e-07
-4.9532e-09 0.000250116 -1.63592e-07
-4.42178e-09 0.000250117 -1.64393e-07
-4.9532e-09 0.000250116 -1.64393e-07
-4.42178e-09 0.000250117 -1.65194e-07
-4.9532e-09 0.000250117 -1.65194e-07
-4.42178e-09 0.000250117 -1.65995e-07
-4.9532e-09 0.000250117 -1.65995e-07
-4.42178e-09 0.000250118 -1.66796e-07
-4.9532e-09 0.000250117 -1.66796e-07
-4.42178e-09 0.000250118 -1.67596e-07
-4.9532e-09 0.000250117 -1.67596e-07
-4.42178e-09 0.000250118 -1.68397e-07
-4.9532e-09 0.000250117 -1.68397e-07
-4.42178e-09 0.000250118 -1.69198e-07
-4.9532e-09 0.000250117 -1.69198e-07
-4.42178e-09 0.000250118 -1.69999e-07
-4.9532e-09 0.000250117 -1.69999e-07
-4.42178e-09 0.000250118 -1.70799e-07
-4.9532e-09 0.000250117 -1.70799e-07
-6.54748e-09 0.000250107 -1.12343e-07
-7.07891e-09 0.000250106 -1.12343e-07
-6.54748e-09 0.000250107 -1.13143e-07
-7.07891e-09 0.000250106 -1.13143e-07
-6.54748e-09 0.000250107 -1.13944e-07
-7.07891e-09 0.000250106 -1.13944e-07
-6.54748e-09 0.000250107 -1.14745e-07
-7.07891e-09 0.000250106 -1.14745e-07
-6.54748e-09 0.000250107 -1.15546e-07
-7.07891e-09 0.000250106 -1.15546e-07
-6.54748e-09 0.000250107 -1.16346e-07
-7.07891e-09 0.000250107 -1.16346e-07
-6.54748e-09 0.000250107 -1.17147e-07
-7.07891e-09 0.000250107 -1.17147e-07
-6.54748e-09 0.000250107 -1.17948e-07
-7.07891e-09 0.000250107 -1.17948e-07
-6.54748e-09 0.000250108 -1.18749e-07
-7.07891e-09 0.000250107 -1.18749e-07
-6.54748e-09 0.000250108 -1.1955e-07
-7.07891e-09 0.000250107 -1.1955e-07
-6.54748e-09 0.000250108 -1.2035e-07
-7.07891e-09 0.000250107 -1.2035e-07
-6.54748e-09 0.000250108 -1.21151e-07
-7.07891e-09 0.000250107 -1.21151e-07
-6.54748e-09 0.000250108 -1.21952e-07
-7.07891e-09 0.000250107 -1.21952e-07
-6.54748e-09 0.000250108 -1.22753e-07
-7.07891e-09 0.000250107 -1.22753e-07
-6.54748e-09 0.000250108 -1.23554e-07
-7.07891e-09 0.000250108 -1.23554e-07
-6.54748e-09 0.000250108 -1.24354e-07
-7.07891e-09 0.000250108 -1.24354e-07
-6.54748e-09 0.000250109 -1.25155e-07
-7.07891e-09 0.000250108 -1.25155e-07
-6.54748e-09 0.000250109 -1.25956e-07
-7.07891e-09 0.000250108 -1.25956e-07
-6.54748e-09 0.000250109 -1.26757e-07
-7.07891e-09 0.000250108 -1.26757e-07
-6.54748e-09 0.000250109 -1.27557e-07
-7.07891e-09 0.000250108 -1.27557e-07
-6.54748e-09 0.000250109 -1.28358e-07
-7.07891e-09 0.000250108 -1.28358e-07
-6.54748e-09 0.000250109 -1.29159e-07
-7.07891e-09 0.000250108 -1.29159e-07
-6.54748e-09 0.000250109 -1.2996e-07
-7.07891e-09 0.000250109 -1.2996e-07
-6.54748e-09 0.000250109 -1.30761e-07
-7.07891e-09 0.000250109 -1.30761e-07
-6.54748e-09 0.000250109 -1.31561e-07
-7.07891e-09 0.000250109 -1.31561e-07
-6.54748e-09 0.00025011 -1.32362e-07
-7.07891e-09 0.000250109 -1.32362e-07
-6.54748e-09 0.00025011 -1.33163e-07
-7.07891e-09 0.000250109 -1.33163e-07
-6.54748e-09 0.00025011 -1.33964e-07
-7.07891e-09 0.000250109 -1.33964e-07
-6.54748e-09 0.00025011 -1.34764e-07
-7.07891e-09 0.000250109 -1.34764e-07
-6.54748e-09 0.00025011 -1.35565e-07
-7.07891e-09 0.000250109 -1.35565e-07
-6.54748e-09 0.00025011 -1.36366e-07
-7.07891e-09 0.000250109 -1.36366e-07
-6.54748e-09 0.00025011 -1.37167e-07
-7.07891e-09 0.00025011 -1.37167e-07
-6.54748e-09 0.00025011 -1.37968e-07
-7.07891e-09 0.00025011 -1.37968e-07
-6.54748e-09 0.000250111 -1.38768e-07
-7.07891e-09 0.00025011 -1.38768e-07
-6.54748e-09 0.000250111 -1.39569e-07
-7.07891e-09 0.00025011 -1.39569e-07
-6.54748e-09 0.000250111 -1.4037e-07
-7.07891e-09 0.00025011 -1.4037e-07
-6.54748e-09 0.000250111 -1.41171e-07
-7.07891e-09 0.00025011 -1.41171e-07
-6.54748e-09 0.000250111 -1.41971e-07
-7.07891e-09 0.00025011 -1.41971e-07
-6.54748e-09 0.000250111 -1.42772e-07
-7.07891e-09 0.00025011 -1.42772e-07
-6.54748e-09 0.000250111 -1.43573e-07
-7.07891e-09 0.000250111 -1.43573e-07
-6.54748e-09 0.000250111 -1.44374e-07
-7.07891e-09 0.000250111 -1.44374e-07
-6.54748e-09 0.000250111 -1.45175e-07
-7.07891e-09 0.000250111 -1.45175e-07
-6.54748e-09 0.000250112 -1.45975e-07
-7.07891e-09 0.000250111 -1.45975e-07
-6.54748e-09 0.000250112 -1.46776e-07
-7.07891e-09 0.000250111 -1.46776e-07
-6.54748e-09 0.000250112 -1.47577e-07
-7.07891e-09 0.000250111 -1.47577e-07
-6.54748e-09 0.000250112 -1.48378e-07
-7.07891e-09 0.000250111 -1.48378e-07
-6.54748e-09 0.000250112 -1.49178e-07
-7.07891e-09 0.000250111 -1.49178e-07
-6.54748e-09 0.000250112 -1.49979e-07
-7.07891e-09 0.000250112 -1.49979e-07
-6.54748e-09 0.000250112 -1.5078e-07
-7.07891e-09 0.000250112 -1.5078e-07
-6.54748e-09 0.000250112 -1.51581e-07
-7.07891e-09 0.000250112 -1.51581e-07
-6.54748e-09 0.000250113 -1.52382e-07
-7.07891e-09 0.000250112 -1.52382e-07
-6.54748e-09 0.000250113 -1.53182e-07
-7.07891e-09 0.000250112 -1.53182e-07
-6.54748e-09 0.000250113 -1.53983e-07
-7.07891e-09 0.000250112 -1.53983e-07
-6.54748e-09 0.000250113 -1.54784e-07
-7.07891e-09 0.000250112 -1.54784e-07
-6.54748e-09 0.000250113 -1.55585e-07
-7.07891e-09 0.000250112 -1.55585e-07
-6.54748e-09 0.000250113 -1.56385e-07
-7.07891e-09 0.000250112 -1.56385e-07
-6.54748e-09 0.000250113 -1.57186e-07
-7.07891e-09 0.000250113 -1.57186e-07
-6.54748e-09 0.000250113 -1.57987e-07
-7.07891e-09 0.000250113 -1.57987e-07
-6.54748e-09 0.000250114 -1.58788e-07
-7.07891e-09 0.000250113 -1.58788e-07
-6.54748e-09 0.000250114 -1.59589e-07
-7.07891e-09 0.000250113 -1.59589e-07
-6.54748e-09 0.000250114 -1.60389e-07
-7.07891e-09 0.000250113 -1.60389e-07
-6.54748e-09 0.000250114 -1.6119e-07
-7.07891e-09 0.000250113 -1.6119e-07
-6.54748e-09 0.000250114 -1.61991e-07
-7.07891e-09 0.000250113 -1.61991e-07
-6.54748e-09 0.000250114 -1.62792e-07
-7.07891e-09 0.000250113 -1.62792e-07
-6.54748e-09 0.000250114 -1.63592e-07
-7.07891e-09 0.000250114 -1.63592e-07
-6.54748e-09 0.000250114 -1.64393e-07
-7.07891e-09 0.000250114 -1.64393e-07
-6.54748e-09 0.000250114 -1.65194e-07
-7.07891e-09 0.000250114 -1.65194e-07
-6.54748e-09 0.000250115 -1.65995e-07
-7.07891e-09 0.000250114 -1.65995e-07
-6.54748e-09 0.000250115 -1.66796e-07
-7.07891e-09 0.000250114 -1.66796e-07
-6.54748e-09 0.000250115 -1.67596e-07
-7.07891e-09 0.000250114 -1.67596e-07
-6.54748e-09 0.000250115 -1.68397e-07
-7.07891e-09 0.000250114 -1.68397e-07
-6.54748e-09 0.000250115 -1.69198e-07
-7.07891e-09 0.000250114 -1.69198e-07
-6.54748e-09 0.000250115 -1.69999e-07
-7.07891e-09 0.000250114 -1.69999e-07
-6.54748e-09 0.000250115 -1.70799e-07
-7.07891e-09 0.000250115 -1.70799e-07
