-1.61905e-09 6.16773e-05 -2.90535e-08
-1.61905e-09 6.16793e-05 -5.1732e-08
-1.00054e-09 6.16744e-05 -2.90535e-08
-1.00054e-09 6.16765e-05 -5.1732e-08
-1.61905e-09 6.16773e-05 -2.93642e-08
-1.61905e-09 6.16774e-05 -2.96748e-08
-1.61905e-09 6.16774e-05 -2.99855e-08
-1.61905e-09 6.16774e-05 -3.02961e-08
-1.61905e-09 6.16775e-05 -3.06068e-08
-1.61905e-09 6.16775e-05 -3.09175e-08
-1.61905e-09 6.16775e-05 -3.12281e-08
-1.61905e-09 6.16775e-05 -3.15388e-08
-1.61905e-09 6.16776e-05 -3.18495e-08
-1.61905e-09 6.16776e-05 -3.21601e-08
-1.61905e-09 6.16776e-05 -3.24708e-08
-1.61905e-09 6.16777e-05 -3.27815e-08
-1.61905e-09 6.16777e-05 -3.30921e-08
-1.61905e-09 6.16777e-05 -3.34028e-08
-1.61905e-09 6.16777e-05 -3.37134e-08
-1.61905e-09 6.16778e-05 -3.40241e-08
-1.61905e-09 6.16778e-05 -3.43348e-08
-1.61905e-09 6.16778e-05 -3.46454e-08
-1.61905e-09 6.16778e-05 -3.49561e-08
-1.61905e-09 6.16779e-05 -3.52668e-08
-1.61905e-09 6.16779e-05 -3.55774e-08
-1.61905e-09 6.16779e-05 -3.58881e-08
-1.61905e-09 6.1678e-05 -3.61988e-08
-1.61905e-09 6.1678e-05 -3.65094e-08
-1.61905e-09 6.1678e-05 -3.68201e-08
-1.61905e-09 6.1678e-05 -3.71308e-08
-1.61905e-09 6.16781e-05 -3.74414e-08
-1.61905e-09 6.16781e-05 -3.77521e-08
-1.61905e-09 6.16781e-05 -3.80627e-08
-1.61905e-09 6.16781e-05 -3.83734e-08
-1.61905e-09 6.16782e-05 -3.86841e-08
-1.61905e-09 6.16782e-05 -3.89947e-08
-1.61905e-09 6.16782e-05 -3.93054e-08
-1.61905e-09 6.16783e-05 -3.96161e-08
-1.61905e-09 6.16783e-05 -3.99267e-08
-1.61905e-09 6.16783e-05 -4.02374e-08
-1.61905e-09 6.16783e-05 -4.05481e-08
-1.61905e-09 6.16784e-05 -4.08587e-08
-1.61905e-09 6.16784e-05 -4.11694e-08
-1.61905e-09 6.16784e-05 -4.148e-08
-1.61905e-09 6.16785e-05 -4.17907e-08
-1.61905e-09 6.16785e-05 -4.21014e-08
-1.61905e-09 6.16785e-05 -4.2412e-08
-1.61905e-09 6.16785e-05 -4.27227e-08
-1.61905e-09 6.16786e-05 -4.30334e-08
-1.61905e-09 6.16786e-05 -4.3344e-08
-1.61905e-09 6.16786e-05 -4.36547e-08
-1.61905e-09 6.16786e-05 -4.39654e-08
-1.61905e-09 6.16787e-05 -4.4276e-08
-1.61905e-09 6.16787e-05 -4.45867e-08
-1.61905e-09 6.16787e-05 -4.48974e-08
-1.61905e-09 6.16788e-05 -4.5208e-08
-1.61905e-09 6.16788e-05 -4.55187e-08
-1.61905e-09 6.16788e-05 -4.58293e-08
-1.61905e-09 6.16788e-05 -4.614e-08
-1.61905e-09 6.16789e-05 -4.64507e-08
-1.61905e-09 6.16789e-05 -4.67613e-08
-1.61905e-09 6.16789e-05 -4.7072e-08
-1.61905e-09 6.1679e-05 -4.73827e-08
-1.61905e-09 6.1679e-05 -4.76933e-08
-1.61905e-09 6.1679e-05 -4.8004e-08
-1.61905e-09 6.1679e-05 -4.83147e-08
-1.61905e-09 6.16791e-05 -4.86253e-08
-1.61905e-09 6.16791e-05 -4.8936e-08
-1.61905e-09 6.16791e-05 -4.92467e-08
-1.61905e-09 6.16792e-05 -4.95573e-08
-1.61905e-09 6.16792e-05 -4.9868e-08
-1.61905e-09 6.16792e-05 -5.01786e-08
-1.61905e-09 6.16792e-05 -5.04893e-08
-1.61905e-09 6.16793e-05 -5.08e-08
-1.61905e-09 6.16793e-05 -5.11106e-08
-1.61905e-09 6.16793e-05 -5.14213e-08
-1.30979e-09 6.16779e-05 -5.1732e-08
-1.30979e-09 6.16759e-05 -2.90535e-08
-1.00054e-09 6.16764e-05 -5.14213e-08
-1.00054e-09 6.16764e-05 -5.11106e-08
-1.00054e-09 6.16764e-05 -5.08e-08
-1.00054e-09 6.16764e-05 -5.04893e-08
-1.00054e-09 6.16763e-05 -5.01786e-08
-1.00054e-09 6.16763e-05 -4.9868e-08
-1.00054e-09 6.16763e-05 -4.95573e-08
-1.00054e-09 6.16762e-05 -4.92467e-08
-1.00054e-09 6.16762e-05 -4.8936e-08
-1.00054e-09 6.16762e-05 -4.86253e-08
-1.00054e-09 6.16762e-05 -4.83147e-08
-1.00054e-09 6.16761e-05 -4.8004e-08
-1.00054e-09 6.16761e-05 -4.76933e-08
-1.00054e-09 6.16761e-05 -4.73827e-08
-1.00054e-09 6.1676e-05 -4.7072e-08
-1.00054e-09 6.1676e-05 -4.67613e-08
-1.00054e-09 6.1676e-05 -4.64507e-08
-1.00054e-09 6.1676e-05 -4.614e-08
-1.00054e-09 6.16759e-05 -4.58293e-08
-1.00054e-09 6.16759e-05 -4.55187e-08
-1.00054e-09 6.16759e-05 -4.5208e-08
-1.00054e-09 6.16758e-05 -4.48974e-08
-1.00054e-09 6.16758e-05 -4.45867e-08
-1.00054e-09 6.16758e-05 -4.4276e-08
-1.00054e-09 6.16758e-05 -4.39654e-08
-1.00054e-09 6.16757e-05 -4.36547e-08
-1.00054e-09 6.16757e-05 -4.3344e-08
-1.00054e-09 6.16757e-05 -4.30334e-08
-1.00054e-09 6.16757e-05 -4.27227e-08
-1.00054e-09 6.16756e-05 -4.2412e-08
-1.00054e-09 6.16756e-05 -4.21014e-08
-1.00054e-09 6.16756e-05 -4.17907e-08
-1.00054e-09 6.16755e-05 -4.148e-08
-1.00054e-09 6.16755e-05 -4.11694e-08
-1.00054e-09 6.16755e-05 -4.08587e-08
-1.00054e-09 6.16755e-05 -4.05481e-08
-1.00054e-09 6.16754e-05 -4.02374e-08
-1.00054e-09 6.16754e-05 -3.99267e-08
-1.00054e-09 6.16754e-05 -3.96161e-08
-1.00054e-09 6.16753e-05 -3.93054e-08
-1.00054e-09 6.16753e-05 -3.89947e-08
-1.00054e-09 6.16753e-05 -3.86841e-08
-1.00054e-09 6.16753e-05 -3.83734e-08
-1.00054e-09 6.16752e-05 -3.80627e-08
-1.00054e-09 6.16752e-05 -3.77521e-08
-1.00054e-09 6.16752e-05 -3.74414e-08
-1.00054e-09 6.16751e-05 -3.71308e-08
-1.00054e-09 6.16751e-05 -3.68201e-08
-1.00054e-09 6.16751e-05 -3.65094e-08
-1.00054e-09 6.16751e-05 -3.61988e-08
-1.00054e-09 6.1675e-05 -3.58881e-08
-1.00054e-09 6.1675e-05 -3.55774e-08
-1.00054e-09 6.1675e-05 -3.52668e-08
-1.00054e-09 6.1675e-05 -3.49561e-08
-1.00054e-09 6.16749e-05 -3.46454e-08
-1.00054e-09 6.16749e-05 -3.43348e-08
-1.00054e-09 6.16749e-05 -3.40241e-08
-1.00054e-09 6.16748e-05 -3.37134e-08
-1.00054e-09 6.16748e-05 -3.34028e-08
-1.00054e-09 6.16748e-05 -3.30921e-08
-1.00054e-09 6.16748e-05 -3.27815e-08
-1.00054e-09 6.16747e-05 -3.24708e-08
-1.00054e-09 6.16747e-05 -3.21601e-08
-1.00054e-09 6.16747e-05 -3.18495e-08
-1.00054e-09 6.16747e-05 -3.15388e-08
-1.00054e-09 6.16746e-05 -3.12281e-08
-1.00054e-09 6.16746e-05 -3.09175e-08
-1.00054e-09 6.16746e-05 -3.06068e-08
-1.00054e-09 6.16745e-05 -3.02961e-08
-1.00054e-09 6.16745e-05 -2.99855e-08
-1.00054e-09 6.16745e-05 -2.96748e-08
-1.00054e-09 6.16745e-05 -2.93642e-08
-1.30979e-09 6.16779e-05 -5.14213e-08
-1.30979e-09 6.16778e-05 -5.11106e-08
-1.30979e-09 6.16778e-05 -5.08e-08
-1.30979e-09 6.16778e-05 -5.04893e-08
-1.30979e-09 6.16778e-05 -5.01786e-08
-1.30979e-09 6.16777e-05 -4.9868e-08
-1.30979e-09 6.16777e-05 -4.95573e-08
-1.30979e-09 6.16777e-05 -4.92467e-08
-1.30979e-09 6.16777e-05 -4.8936e-08
-1.30979e-09 6.16776e-05 -4.86253e-08
-1.30979e-09 6.16776e-05 -4.83147e-08
-1.30979e-09 6.16776e-05 -4.8004e-08
-1.30979e-09 6.16775e-05 -4.76933e-08
-1.30979e-09 6.16775e-05 -4.73827e-08
-1.30979e-09 6.16775e-05 -4.7072e-08
-1.30979e-09 6.16775e-05 -4.67613e-08
-1.30979e-09 6.16774e-05 -4.64507e-08
-1.30979e-09 6.16774e-05 -4.614e-08
-1.30979e-09 6.16774e-05 -4.58293e-08
-1.30979e-09 6.16773e-05 -4.55187e-08
-1.30979e-09 6.16773e-05 -4.5208e-08
-1.30979e-09 6.16773e-05 -4.48974e-08
-1.30979e-09 6.16773e-05 -4.45867e-08
-1.30979e-09 6.16772e-05 -4.4276e-08
-1.30979e-09 6.16772e-05 -4.39654e-08
-1.30979e-09 6.16772e-05 -4.36547e-08
-1.30979e-09 6.16772e-05 -4.3344e-08
-1.30979e-09 6.16771e-05 -4.30334e-08
-1.30979e-09 6.16771e-05 -4.27227e-08
-1.30979e-09 6.16771e-05 -4.2412e-08
-1.30979e-09 6.1677e-05 -4.21014e-08
-1.30979e-09 6.1677e-05 -4.17907e-08
-1.30979e-09 6.1677e-05 -4.148e-08
-1.30979e-09 6.1677e-05 -4.11694e-08
-1.30979e-09 6.16769e-05 -4.08587e-08
-1.30979e-09 6.16769e-05 -4.05481e-08
-1.30979e-09 6.16769e-05 -4.02374e-08
-1.30979e-09 6.16768e-05 -3.99267e-08
-1.30979e-09 6.16768e-05 -3.96161e-08
-1.30979e-09 6.16768e-05 -3.93054e-08
-1.30979e-09 6.16768e-05 -3.89947e-08
-1.30979e-09 6.16767e-05 -3.86841e-08
-1.30979e-09 6.16767e-05 -3.83734e-08
-1.30979e-09 6.16767e-05 -3.80627e-08
-1.30979e-09 6.16766e-05 -3.77521e-08
-1.30979e-09 6.16766e-05 -3.74414e-08
-1.30979e-09 6.16766e-05 -3.71308e-08
-1.30979e-09 6.16766e-05 -3.68201e-08
-1.30979e-09 6.16765e-05 -3.65094e-08
-1.30979e-09 6.16765e-05 -3.61988e-08
-1.30979e-09 6.16765e-05 -3.58881e-08
-1.30979e-09 6.16765e-05 -3.55774e-08
-1.30979e-09 6.16764e-05 -3.52668e-08
-1.30979e-09 6.16764e-05 -3.49561e-08
-1.30979e-09 6.16764e-05 -3.46454e-08
-1.30979e-09 6.16763e-05 -3.43348e-08
-1.30979e-09 6.16763e-05 -3.40241e-08
-1.30979e-09 6.16763e-05 -3.37134e-08
-1.30979e-09 6.16763e-05 -3.34028e-08
-1.30979e-09 6.16762e-05 -3.30921e-08
-1.30979e-09 6.16762e-05 -3.27815e-08
-1.30979e-09 6.16762e-05 -3.24708e-08
-1.30979e-09 6.16762e-05 -3.21601e-08
-1.30979e-09 6.16761e-05 -3.18495e-08
-1.30979e-09 6.16761e-05 -3.15388e-08
-1.30979e-09 6.16761e-05 -3.12281e-08
-1.30979e-09 6.1676e-05 -3.09175e-08
-1.30979e-09 6.1676e-05 -3.06068e-08
-1.30979e-09 6.1676e-05 -3.02961e-08
-1.30979e-09 6.1676e-05 -2.99855e-08
-1.30979e-09 6.16759e-05 -2.96748e-08
-1.30979e-09 6.16759e-05 -2.93642e-08
-7.94374e-10 6.16735e-05 -2.90535e-08
-1.00054e-09 6.16744e-05 -2.90535e-08
-7.94374e-10 6.16735e-05 -2.93642e-08
-1.00054e-09 6.16745e-05 -2.93642e-08
-7.94374e-10 6.16735e-05 -2.96748e-08
-1.00054e-09 6.16745e-05 -2.96748e-08
-7.94374e-10 6.16735e-05 -2.99855e-08
-1.00054e-09 6.16745e-05 -2.99855e-08
-7.94374e-10 6.16736e-05 -3.02961e-08
-1.00054e-09 6.16745e-05 -3.02961e-08
-7.94374e-10 6.16736e-05 -3.06068e-08
-1.00054e-09 6.16746e-05 -3.06068e-08
-7.94374e-10 6.16736e-05 -3.09175e-08
-1.00054e-09 6.16746e-05 -3.09175e-08
-7.94374e-10 6.16737e-05 -3.12281e-08
-1.00054e-09 6.16746e-05 -3.12281e-08
-7.94374e-10 6.16737e-05 -3.15388e-08
-1.00054e-09 6.16747e-05 -3.15388e-08
-7.94374e-10 6.16737e-05 -3.18495e-08
-1.00054e-09 6.16747e-05 -3.18495e-08
-7.94374e-10 6.16737e-05 -3.21601e-08
-1.00054e-09 6.16747e-05 -3.21601e-08
-7.94374e-10 6.16738e-05 -3.24708e-08
-1.00054e-09 6.16747e-05 -3.24708e-08
-7.94374e-10 6.16738e-05 -3.27815e-08
-1.00054e-09 6.16748e-05 -3.27815e-08
-7.94374e-10 6.16738e-05 -3.30921e-08
-1.00054e-09 6.16748e-05 -3.30921e-08
-7.94374e-10 6.16739e-05 -3.34028e-08
-1.00054e-09 6.16748e-05 -3.34028e-08
-7.94374e-10 6.16739e-05 -3.37134e-08
-1.00054e-09 6.16748e-05 -3.37134e-08
-7.94374e-10 6.16739e-05 -3.40241e-08
-1.00054e-09 6.16749e-05 -3.40241e-08
-7.94374e-10 6.16739e-05 -3.43348e-08
-1.00054e-09 6.16749e-05 -3.43348e-08
-7.94374e-10 6.1674e-05 -3.46454e-08
-1.00054e-09 6.16749e-05 -3.46454e-08
-7.94374e-10 6.1674e-05 -3.49561e-08
-1.00054e-09 6.1675e-05 -3.49561e-08
-7.94374e-10 6.1674e-05 -3.52668e-08
-1.00054e-09 6.1675e-05 -3.52668e-08
-7.94374e-10 6.16741e-05 -3.55774e-08
-1.00054e-09 6.1675e-05 -3.55774e-08
-7.94374e-10 6.16741e-05 -3.58881e-08
-1.00054e-09 6.1675e-05 -3.58881e-08
-7.94374e-10 6.16741e-05 -3.61988e-08
-1.00054e-09 6.16751e-05 -3.61988e-08
-7.94374e-10 6.16741e-05 -3.65094e-08
-1.00054e-09 6.16751e-05 -3.65094e-08
-7.94374e-10 6.16742e-05 -3.68201e-08
-1.00054e-09 6.16751e-05 -3.68201e-08
-7.94374e-10 6.16742e-05 -3.71308e-08
-1.00054e-09 6.16751e-05 -3.71308e-08
-7.94374e-10 6.16742e-05 -3.74414e-08
-1.00054e-09 6.16752e-05 -3.74414e-08
-7.94374e-10 6.16742e-05 -3.77521e-08
-1.00054e-09 6.16752e-05 -3.77521e-08
-7.94374e-10 6.16743e-05 -3.80627e-08
-1.00054e-09 6.16752e-05 -3.80627e-08
-7.94374e-10 6.16743e-05 -3.83734e-08
-1.00054e-09 6.16753e-05 -3.83734e-08
-7.94374e-10 6.16743e-05 -3.86841e-08
-1.00054e-09 6.16753e-05 -3.86841e-08
-7.94374e-10 6.16744e-05 -3.89947e-08
-1.00054e-09 6.16753e-05 -3.89947e-08
-7.94374e-10 6.16744e-05 -3.93054e-08
-1.00054e-09 6.16753e-05 -3.93054e-08
-7.94374e-10 6.16744e-05 -3.96161e-08
-1.00054e-09 6.16754e-05 -3.96161e-08
-7.94374e-10 6.16744e-05 -3.99267e-08
-1.00054e-09 6.16754e-05 -3.99267e-08
-7.94374e-10 6.16745e-05 -4.02374e-08
-1.00054e-09 6.16754e-05 -4.02374e-08
-7.94374e-10 6.16745e-05 -4.05481e-08
-1.00054e-09 6.16755e-05 -4.05481e-08
-7.94374e-10 6.16745e-05 -4.08587e-08
-1.00054e-09 6.16755e-05 -4.08587e-08
-7.94374e-10 6.16746e-05 -4.11694e-08
-1.00054e-09 6.16755e-05 -4.11694e-08
-7.94374e-10 6.16746e-05 -4.148e-08
-1.00054e-09 6.16755e-05 -4.148e-08
-7.94374e-10 6.16746e-05 -4.17907e-08
-1.00054e-09 6.16756e-05 -4.17907e-08
-7.94374e-10 6.16746e-05 -4.21014e-08
-1.00054e-09 6.16756e-05 -4.21014e-08
-7.94374e-10 6.16747e-05 -4.2412e-08
-1.00054e-09 6.16756e-05 -4.2412e-08
-7.94374e-10 6.16747e-05 -4.27227e-08
-1.00054e-09 6.16757e-05 -4.27227e-08
-7.94374e-10 6.16747e-05 -4.30334e-08
-1.00054e-09 6.16757e-05 -4.30334e-08
-7.94374e-10 6.16747e-05 -4.3344e-08
-1.00054e-09 6.16757e-05 -4.3344e-08
-7.94374e-10 6.16748e-05 -4.36547e-08
-1.00054e-09 6.16757e-05 -4.36547e-08
-7.94374e-10 6.16748e-05 -4.39654e-08
-1.00054e-09 6.16758e-05 -4.39654e-08
-7.94374e-10 6.16748e-05 -4.4276e-08
-1.00054e-09 6.16758e-05 -4.4276e-08
-7.94374e-10 6.16749e-05 -4.45867e-08
-1.00054e-09 6.16758e-05 -4.45867e-08
-7.94374e-10 6.16749e-05 -4.48974e-08
-1.00054e-09 6.16758e-05 -4.48974e-08
-7.94374e-10 6.16749e-05 -4.5208e-08
-1.00054e-09 6.16759e-05 -4.5208e-08
-7.94374e-10 6.16749e-05 -4.55187e-08
-1.00054e-09 6.16759e-05 -4.55187e-08
-7.94374e-10 6.1675e-05 -4.58293e-08
-1.00054e-09 6.16759e-05 -4.58293e-08
-7.94374e-10 6.1675e-05 -4.614e-08
-1.00054e-09 6.1676e-05 -4.614e-08
-7.94374e-10 6.1675e-05 -4.64507e-08
-1.00054e-09 6.1676e-05 -4.64507e-08
-7.94374e-10 6.16751e-05 -4.67613e-08
-1.00054e-09 6.1676e-05 -4.67613e-08
-7.94374e-10 6.16751e-05 -4.7072e-08
-1.00054e-09 6.1676e-05 -4.7072e-08
-7.94374e-10 6.16751e-05 -4.73827e-08
-1.00054e-09 6.16761e-05 -4.73827e-08
-7.94374e-10 6.16751e-05 -4.76933e-08
-1.00054e-09 6.16761e-05 -4.76933e-08
-7.94374e-10 6.16752e-05 -4.8004e-08
-1.00054e-09 6.16761e-05 -4.8004e-08
-7.94374e-10 6.16752e-05 -4.83147e-08
-1.00054e-09 6.16762e-05 -4.83147e-08
-7.94374e-10 6.16752e-05 -4.86253e-08
-1.00054e-09 6.16762e-05 -4.86253e-08
-7.94374e-10 6.16752e-05 -4.8936e-08
-1.00054e-09 6.16762e-05 -4.8936e-08
-7.94374e-10 6.16753e-05 -4.92467e-08
-1.00054e-09 6.16762e-05 -4.92467e-08
-7.94374e-10 6.16753e-05 -4.95573e-08
-1.00054e-09 6.16763e-05 -4.95573e-08
-7.94374e-10 6.16753e-05 -4.9868e-08
-1.00054e-09 6.16763e-05 -4.9868e-08
-7.94374e-10 6.16754e-05 -5.01786e-08
-1.00054e-09 6.16763e-05 -5.01786e-08
-7.94374e-10 6.16754e-05 -5.04893e-08
-1.00054e-09 6.16764e-05 -5.04893e-08
-7.94374e-10 6.16754e-05 -5.08e-08
-1.00054e-09 6.16764e-05 -5.08e-08
-7.94374e-10 6.16754e-05 -5.11106e-08
-1.00054e-09 6.16764e-05 -5.11106e-08
-7.94374e-10 6.16755e-05 -5.14213e-08
-1.00054e-09 6.16764e-05 -5.14213e-08
-7.94374e-10 6.16755e-05 -5.1732e-08
-1.00054e-09 6.16765e-05 -5.1732e-08
-1.61905e-09 6.16773e-05 -2.90535e-08
-1.82521e-09 6.16783e-05 -2.90535e-08
-1.61905e-09 6.16773e-05 -2.93642e-08
-1.82521e-09 6.16783e-05 -2.93642e-08
-1.61905e-09 6.16774e-05 -2.96748e-08
-1.82521e-09 6.16783e-05 -2.96748e-08
-1.61905e-09 6.16774e-05 -2.99855e-08
-1.82521e-09 6.16784e-05 -2.99855e-08
-1.61905e-09 6.16774e-05 -3.02961e-08
-1.82521e-09 6.16784e-05 -3.02961e-08
-1.61905e-09 6.16775e-05 -3.06068e-08
-1.82521e-09 6.16784e-05 -3.06068e-08
-1.61905e-09 6.16775e-05 -3.09175e-08
-1.82521e-09 6.16784e-05 -3.09175e-08
-1.61905e-09 6.16775e-05 -3.12281e-08
-1.82521e-09 6.16785e-05 -3.12281e-08
-1.61905e-09 6.16775e-05 -3.15388e-08
-1.82521e-09 6.16785e-05 -3.15388e-08
-1.61905e-09 6.16776e-05 -3.18495e-08
-1.82521e-09 6.16785e-05 -3.18495e-08
-1.61905e-09 6.16776e-05 -3.21601e-08
-1.82521e-09 6.16786e-05 -3.21601e-08
-1.61905e-09 6.16776e-05 -3.24708e-08
-1.82521e-09 6.16786e-05 -3.24708e-08
-1.61905e-09 6.16777e-05 -3.27815e-08
-1.82521e-09 6.16786e-05 -3.27815e-08
-1.61905e-09 6.16777e-05 -3.30921e-08
-1.82521e-09 6.16786e-05 -3.30921e-08
-1.61905e-09 6.16777e-05 -3.34028e-08
-1.82521e-09 6.16787e-05 -3.34028e-08
-1.61905e-09 6.16777e-05 -3.37134e-08
-1.82521e-09 6.16787e-05 -3.37134e-08
-1.61905e-09 6.16778e-05 -3.40241e-08
-1.82521e-09 6.16787e-05 -3.40241e-08
-1.61905e-09 6.16778e-05 -3.43348e-08
-1.82521e-09 6.16788e-05 -3.43348e-08
-1.61905e-09 6.16778e-05 -3.46454e-08
-1.82521e-09 6.16788e-05 -3.46454e-08
-1.61905e-09 6.16778e-05 -3.49561e-08
-1.82521e-09 6.16788e-05 -3.49561e-08
-1.61905e-09 6.16779e-05 -3.52668e-08
-1.82521e-09 6.16788e-05 -3.52668e-08
-1.61905e-09 6.16779e-05 -3.55774e-08
-1.82521e-09 6.16789e-05 -3.55774e-08
-1.61905e-09 6.16779e-05 -3.58881e-08
-1.82521e-09 6.16789e-05 -3.58881e-08
-1.61905e-09 6.1678e-05 -3.61988e-08
-1.82521e-09 6.16789e-05 -3.61988e-08
-1.61905e-09 6.1678e-05 -3.65094e-08
-1.82521e-09 6.16789e-05 -3.65094e-08
-1.61905e-09 6.1678e-05 -3.68201e-08
-1.82521e-09 6.1679e-05 -3.68201e-08
-1.61905e-09 6.1678e-05 -3.71308e-08
-1.82521e-09 6.1679e-05 -3.71308e-08
-1.61905e-09 6.16781e-05 -3.74414e-08
-1.82521e-09 6.1679e-05 -3.74414e-08
-1.61905e-09 6.16781e-05 -3.77521e-08
-1.82521e-09 6.16791e-05 -3.77521e-08
-1.61905e-09 6.16781e-05 -3.80627e-08
-1.82521e-09 6.16791e-05 -3.80627e-08
-1.61905e-09 6.16781e-05 -3.83734e-08
-1.82521e-09 6.16791e-05 -3.83734e-08
-1.61905e-09 6.16782e-05 -3.86841e-08
-1.82521e-09 6.16791e-05 -3.86841e-08
-1.61905e-09 6.16782e-05 -3.89947e-08
-1.82521e-09 6.16792e-05 -3.89947e-08
-1.61905e-09 6.16782e-05 -3.93054e-08
-1.82521e-09 6.16792e-05 -3.93054e-08
-1.61905e-09 6.16783e-05 -3.96161e-08
-1.82521e-09 6.16792e-05 -3.96161e-08
-1.61905e-09 6.16783e-05 -3.99267e-08
-1.82521e-09 6.16793e-05 -3.99267e-08
-1.61905e-09 6.16783e-05 -4.02374e-08
-1.82521e-09 6.16793e-05 -4.02374e-08
-1.61905e-09 6.16783e-05 -4.05481e-08
-1.82521e-09 6.16793e-05 -4.05481e-08
-1.61905e-09 6.16784e-05 -4.08587e-08
-1.82521e-09 6.16793e-05 -4.08587e-08
-1.61905e-09 6.16784e-05 -4.11694e-08
-1.82521e-09 6.16794e-05 -4.11694e-08
-1.61905e-09 6.16784e-05 -4.148e-08
-1.82521e-09 6.16794e-05 -4.148e-08
-1.61905e-09 6.16785e-05 -4.17907e-08
-1.82521e-09 6.16794e-05 -4.17907e-08
-1.61905e-09 6.16785e-05 -4.21014e-08
-1.82521e-09 6.16794e-05 -4.21014e-08
-1.61905e-09 6.16785e-05 -4.2412e-08
-1.82521e-09 6.16795e-05 -4.2412e-08
-1.61905e-09 6.16785e-05 -4.27227e-08
-1.82521e-09 6.16795e-05 -4.27227e-08
-1.61905e-09 6.16786e-05 -4.30334e-08
-1.82521e-09 6.16795e-05 -4.30334e-08
-1.61905e-09 6.16786e-05 -4.3344e-08
-1.82521e-09 6.16796e-05 -4.3344e-08
-1.61905e-09 6.16786e-05 -4.36547e-08
-1.82521e-09 6.16796e-05 -4.36547e-08
-1.61905e-09 6.16786e-05 -4.39654e-08
-1.82521e-09 6.16796e-05 -4.39654e-08
-1.61905e-09 6.16787e-05 -4.4276e-08
-1.82521e-09 6.16796e-05 -4.4276e-08
-1.61905e-09 6.16787e-05 -4.45867e-08
-1.82521e-09 6.16797e-05 -4.45867e-08
-1.61905e-09 6.16787e-05 -4.48974e-08
-1.82521e-09 6.16797e-05 -4.48974e-08
-1.61905e-09 6.16788e-05 -4.5208e-08
-1.82521e-09 6.16797e-05 -4.5208e-08
-1.61905e-09 6.16788e-05 -4.55187e-08
-1.82521e-09 6.16797e-05 -4.55187e-08
-1.61905e-09 6.16788e-05 -4.58293e-08
-1.82521e-09 6.16798e-05 -4.58293e-08
-1.61905e-09 6.16788e-05 -4.614e-08
-1.82521e-09 6.16798e-05 -4.614e-08
-1.61905e-09 6.16789e-05 -4.64507e-08
-1.82521e-09 6.16798e-05 -4.64507e-08
-1.61905e-09 6.16789e-05 -4.67613e-08
-1.82521e-09 6.16799e-05 -4.67613e-08
-1.61905e-09 6.16789e-05 -4.7072e-08
-1.82521e-09 6.16799e-05 -4.7072e-08
-1.61905e-09 6.1679e-05 -4.73827e-08
-1.82521e-09 6.16799e-05 -4.73827e-08
-1.61905e-09 6.1679e-05 -4.76933e-08
-1.82521e-09 6.16799e-05 -4.76933e-08
-1.61905e-09 6.1679e-05 -4.8004e-08
-1.82521e-09 6.168e-05 -4.8004e-08
-1.61905e-09 6.1679e-05 -4.83147e-08
-1.82521e-09 6.168e-05 -4.83147e-08
-1.61905e-09 6.16791e-05 -4.86253e-08
-1.82521e-09 6.168e-05 -4.86253e-08
-1.61905e-09 6.16791e-05 -4.8936e-08
-1.82521e-09 6.16801e-05 -4.8936e-08
-1.61905e-09 6.16791e-05 -4.92467e-08
-1.82521e-09 6.16801e-05 -4.92467e-08
-1.61905e-09 6.16792e-05 -4.95573e-08
-1.82521e-09 6.16801e-05 -4.95573e-08
-1.61905e-09 6.16792e-05 -4.9868e-08
-1.82521e-09 6.16801e-05 -4.9868e-08
-1.61905e-09 6.16792e-05 -5.01786e-08
-1.82521e-09 6.16802e-05 -5.01786e-08
-1.61905e-09 6.16792e-05 -5.04893e-08
-1.82521e-09 6.16802e-05 -5.04893e-08
-1.61905e-09 6.16793e-05 -5.08e-08
-1.82521e-09 6.16802e-05 -5.08e-08
-1.61905e-09 6.16793e-05 -5.11106e-08
-1.82521e-09 6.16802e-05 -5.11106e-08
-1.61905e-09 6.16793e-05 -5.14213e-08
-1.82521e-09 6.16803e-05 -5.14213e-08
-1.61905e-09 6.16793e-05 -5.1732e-08
-1.82521e-09 6.16803e-05 -5.1732e-08
