-3.35192e-09 0.000999758 -4.27773e-07
-3.35192e-09 0.000999764 -2.14876e-07
-9.15819e-09 0.000999767 -4.27773e-07
-9.15819e-09 0.000999773 -2.14876e-07
-3.35192e-09 0.000999758 -4.24857e-07
-3.35192e-09 0.000999758 -4.2194e-07
-3.35192e-09 0.000999758 -4.19024e-07
-3.35192e-09 0.000999758 -4.16107e-07
-3.35192e-09 0.000999759 -4.13191e-07
-3.35192e-09 0.000999759 -4.10275e-07
-3.35192e-09 0.000999759 -4.07358e-07
-3.35192e-09 0.000999759 -4.04442e-07
-3.35192e-09 0.000999759 -4.01525e-07
-3.35192e-09 0.000999759 -3.98609e-07
-3.35192e-09 0.000999759 -3.95693e-07
-3.35192e-09 0.000999759 -3.92776e-07
-3.35192e-09 0.000999759 -3.8986e-07
-3.35192e-09 0.000999759 -3.86944e-07
-3.35192e-09 0.000999759 -3.84027e-07
-3.35192e-09 0.000999759 -3.81111e-07
-3.35192e-09 0.00099976 -3.78194e-07
-3.35192e-09 0.00099976 -3.75278e-07
-3.35192e-09 0.00099976 -3.72362e-07
-3.35192e-09 0.00099976 -3.69445e-07
-3.35192e-09 0.00099976 -3.66529e-07
-3.35192e-09 0.00099976 -3.63612e-07
-3.35192e-09 0.00099976 -3.60696e-07
-3.35192e-09 0.00099976 -3.5778e-07
-3.35192e-09 0.00099976 -3.54863e-07
-3.35192e-09 0.00099976 -3.51947e-07
-3.35192e-09 0.00099976 -3.4903e-07
-3.35192e-09 0.00099976 -3.46114e-07
-3.35192e-09 0.00099976 -3.43198e-07
-3.35192e-09 0.00099976 -3.40281e-07
-3.35192e-09 0.000999761 -3.37365e-07
-3.35192e-09 0.000999761 -3.34448e-07
-3.35192e-09 0.000999761 -3.31532e-07
-3.35192e-09 0.000999761 -3.28616e-07
-3.35192e-09 0.000999761 -3.25699e-07
-3.35192e-09 0.000999761 -3.22783e-07
-3.35192e-09 0.000999761 -3.19867e-07
-3.35192e-09 0.000999761 -3.1695e-07
-3.35192e-09 0.000999761 -3.14034e-07
-3.35192e-09 0.000999761 -3.11117e-07
-3.35192e-09 0.000999761 -3.08201e-07
-3.35192e-09 0.000999761 -3.05285e-07
-3.35192e-09 0.000999761 -3.02368e-07
-3.35192e-09 0.000999762 -2.99452e-07
-3.35192e-09 0.000999762 -2.96535e-07
-3.35192e-09 0.000999762 -2.93619e-07
-3.35192e-09 0.000999762 -2.90703e-07
-3.35192e-09 0.000999762 -2.87786e-07
-3.35192e-09 0.000999762 -2.8487e-07
-3.35192e-09 0.000999762 -2.81953e-07
-3.35192e-09 0.000999762 -2.79037e-07
-3.35192e-09 0.000999762 -2.76121e-07
-3.35192e-09 0.000999762 -2.73204e-07
-3.35192e-09 0.000999762 -2.70288e-07
-3.35192e-09 0.000999762 -2.67372e-07
-3.35192e-09 0.000999762 -2.64455e-07
-3.35192e-09 0.000999763 -2.61539e-07
-3.35192e-09 0.000999763 -2.58622e-07
-3.35192e-09 0.000999763 -2.55706e-07
-3.35192e-09 0.000999763 -2.5279e-07
-3.35192e-09 0.000999763 -2.49873e-07
-3.35192e-09 0.000999763 -2.46957e-07
-3.35192e-09 0.000999763 -2.4404e-07
-3.35192e-09 0.000999763 -2.41124e-07
-3.35192e-09 0.000999763 -2.38208e-07
-3.35192e-09 0.000999763 -2.35291e-07
-3.35192e-09 0.000999763 -2.32375e-07
-3.35192e-09 0.000999763 -2.29458e-07
-3.35192e-09 0.000999763 -2.26542e-07
-3.35192e-09 0.000999763 -2.23626e-07
-3.35192e-09 0.000999764 -2.20709e-07
-3.35192e-09 0.000999764 -2.17793e-07
-6.25505e-09 0.000999768 -2.14876e-07
-6.25505e-09 0.000999763 -4.27773e-07
-9.15819e-09 0.000999772 -2.17793e-07
-9.15819e-09 0.000999772 -2.20709e-07
-9.15819e-09 0.000999772 -2.23626e-07
-9.15819e-09 0.000999772 -2.26542e-07
-9.15819e-09 0.000999772 -2.29458e-07
-9.15819e-09 0.000999772 -2.32375e-07
-9.15819e-09 0.000999772 -2.35291e-07
-9.15819e-09 0.000999772 -2.38208e-07
-9.15819e-09 0.000999772 -2.41124e-07
-9.15819e-09 0.000999772 -2.4404e-07
-9.15819e-09 0.000999772 -2.46957e-07
-9.15819e-09 0.000999772 -2.49873e-07
-9.15819e-09 0.000999772 -2.5279e-07
-9.15819e-09 0.000999772 -2.55706e-07
-9.15819e-09 0.000999771 -2.58622e-07
-9.15819e-09 0.000999771 -2.61539e-07
-9.15819e-09 0.000999771 -2.64455e-07
-9.15819e-09 0.000999771 -2.67372e-07
-9.15819e-09 0.000999771 -2.70288e-07
-9.15819e-09 0.000999771 -2.73204e-07
-9.15819e-09 0.000999771 -2.76121e-07
-9.15819e-09 0.000999771 -2.79037e-07
-9.15819e-09 0.000999771 -2.81953e-07
-9.15819e-09 0.000999771 -2.8487e-07
-9.15819e-09 0.000999771 -2.87786e-07
-9.15819e-09 0.000999771 -2.90703e-07
-9.15819e-09 0.00099977 -2.93619e-07
-9.15819e-09 0.00099977 -2.96535e-07
-9.15819e-09 0.00099977 -2.99452e-07
-9.15819e-09 0.00099977 -3.02368e-07
-9.15819e-09 0.00099977 -3.05285e-07
-9.15819e-09 0.00099977 -3.08201e-07
-9.15819e-09 0.00099977 -3.11117e-07
-9.15819e-09 0.00099977 -3.14034e-07
-9.15819e-09 0.00099977 -3.1695e-07
-9.15819e-09 0.00099977 -3.19867e-07
-9.15819e-09 0.00099977 -3.22783e-07
-9.15819e-09 0.00099977 -3.25699e-07
-9.15819e-09 0.00099977 -3.28616e-07
-9.15819e-09 0.00099977 -3.31532e-07
-9.15819e-09 0.000999769 -3.34448e-07
-9.15819e-09 0.000999769 -3.37365e-07
-9.15819e-09 0.000999769 -3.40281e-07
-9.15819e-09 0.000999769 -3.43198e-07
-9.15819e-09 0.000999769 -3.46114e-07
-9.15819e-09 0.000999769 -3.4903e-07
-9.15819e-09 0.000999769 -3.51947e-07
-9.15819e-09 0.000999769 -3.54863e-07
-9.15819e-09 0.000999769 -3.5778e-07
-9.15819e-09 0.000999769 -3.60696e-07
-9.15819e-09 0.000999769 -3.63612e-07
-9.15819e-09 0.000999769 -3.66529e-07
-9.15819e-09 0.000999768 -3.69445e-07
-9.15819e-09 0.000999768 -3.72362e-07
-9.15819e-09 0.000999768 -3.75278e-07
-9.15819e-09 0.000999768 -3.78194e-07
-9.15819e-09 0.000999768 -3.81111e-07
-9.15819e-09 0.000999768 -3.84027e-07
-9.15819e-09 0.000999768 -3.86944e-07
-9.15819e-09 0.000999768 -3.8986e-07
-9.15819e-09 0.000999768 -3.92776e-07
-9.15819e-09 0.000999768 -3.95693e-07
-9.15819e-09 0.000999768 -3.98609e-07
-9.15819e-09 0.000999768 -4.01525e-07
-9.15819e-09 0.000999768 -4.04442e-07
-9.15819e-09 0.000999768 -4.07358e-07
-9.15819e-09 0.000999767 -4.10275e-07
-9.15819e-09 0.000999767 -4.13191e-07
-9.15819e-09 0.000999767 -4.16107e-07
-9.15819e-09 0.000999767 -4.19024e-07
-9.15819e-09 0.000999767 -4.2194e-07
-9.15819e-09 0.000999767 -4.24857e-07
-6.25505e-09 0.000999768 -2.17793e-07
-6.25505e-09 0.000999768 -2.20709e-07
-6.25505e-09 0.000999768 -2.23626e-07
-6.25505e-09 0.000999768 -2.26542e-07
-6.25505e-09 0.000999768 -2.29458e-07
-6.25505e-09 0.000999768 -2.32375e-07
-6.25505e-09 0.000999768 -2.35291e-07
-6.25505e-09 0.000999768 -2.38208e-07
-6.25505e-09 0.000999767 -2.41124e-07
-6.25505e-09 0.000999767 -2.4404e-07
-6.25505e-09 0.000999767 -2.46957e-07
-6.25505e-09 0.000999767 -2.49873e-07
-6.25505e-09 0.000999767 -2.5279e-07
-6.25505e-09 0.000999767 -2.55706e-07
-6.25505e-09 0.000999767 -2.58622e-07
-6.25505e-09 0.000999767 -2.61539e-07
-6.25505e-09 0.000999767 -2.64455e-07
-6.25505e-09 0.000999767 -2.67372e-07
-6.25505e-09 0.000999767 -2.70288e-07
-6.25505e-09 0.000999767 -2.73204e-07
-6.25505e-09 0.000999767 -2.76121e-07
-6.25505e-09 0.000999767 -2.79037e-07
-6.25505e-09 0.000999766 -2.81953e-07
-6.25505e-09 0.000999766 -2.8487e-07
-6.25505e-09 0.000999766 -2.87786e-07
-6.25505e-09 0.000999766 -2.90703e-07
-6.25505e-09 0.000999766 -2.93619e-07
-6.25505e-09 0.000999766 -2.96535e-07
-6.25505e-09 0.000999766 -2.99452e-07
-6.25505e-09 0.000999766 -3.02368e-07
-6.25505e-09 0.000999766 -3.05285e-07
-6.25505e-09 0.000999766 -3.08201e-07
-6.25505e-09 0.000999766 -3.11117e-07
-6.25505e-09 0.000999766 -3.14034e-07
-6.25505e-09 0.000999765 -3.1695e-07
-6.25505e-09 0.000999765 -3.19867e-07
-6.25505e-09 0.000999765 -3.22783e-07
-6.25505e-09 0.000999765 -3.25699e-07
-6.25505e-09 0.000999765 -3.28616e-07
-6.25505e-09 0.000999765 -3.31532e-07
-6.25505e-09 0.000999765 -3.34448e-07
-6.25505e-09 0.000999765 -3.37365e-07
-6.25505e-09 0.000999765 -3.40281e-07
-6.25505e-09 0.000999765 -3.43198e-07
-6.25505e-09 0.000999765 -3.46114e-07
-6.25505e-09 0.000999765 -3.4903e-07
-6.25505e-09 0.000999765 -3.51947e-07
-6.25505e-09 0.000999765 -3.54863e-07
-6.25505e-09 0.000999764 -3.5778e-07
-6.25505e-09 0.000999764 -3.60696e-07
-6.25505e-09 0.000999764 -3.63612e-07
-6.25505e-09 0.000999764 -3.66529e-07
-6.25505e-09 0.000999764 -3.69445e-07
-6.25505e-09 0.000999764 -3.72362e-07
-6.25505e-09 0.000999764 -3.75278e-07
-6.25505e-09 0.000999764 -3.78194e-07
-6.25505e-09 0.000999764 -3.81111e-07
-6.25505e-09 0.000999764 -3.84027e-07
-6.25505e-09 0.000999764 -3.86944e-07
-6.25505e-09 0.000999764 -3.8986e-07
-6.25505e-09 0.000999763 -3.92776e-07
-6.25505e-09 0.000999763 -3.95693e-07
-6.25505e-09 0.000999763 -3.98609e-07
-6.25505e-09 0.000999763 -4.01525e-07
-6.25505e-09 0.000999763 -4.04442e-07
-6.25505e-09 0.000999763 -4.07358e-07
-6.25505e-09 0.000999763 -4.10275e-07
-6.25505e-09 0.000999763 -4.13191e-07
-6.25505e-09 0.000999763 -4.16107e-07
-6.25505e-09 0.000999763 -4.19024e-07
-6.25505e-09 0.000999763 -4.2194e-07
-6.25505e-09 0.000999763 -4.24857e-07
-1.10936e-08 0.00099977 -4.27773e-07
-9.15819e-09 0.000999767 -4.27773e-07
-1.10936e-08 0.00099977 -4.24857e-07
-9.15819e-09 0.000999767 -4.24857e-07
-1.10936e-08 0.00099977 -4.2194e-07
-9.15819e-09 0.000999767 -4.2194e-07
-1.10936e-08 0.00099977 -4.19024e-07
-9.15819e-09 0.000999767 -4.19024e-07
-1.10936e-08 0.00099977 -4.16107e-07
-9.15819e-09 0.000999767 -4.16107e-07
-1.10936e-08 0.00099977 -4.13191e-07
-9.15819e-09 0.000999767 -4.13191e-07
-1.10936e-08 0.00099977 -4.10275e-07
-9.15819e-09 0.000999767 -4.10275e-07
-1.10936e-08 0.00099977 -4.07358e-07
-9.15819e-09 0.000999768 -4.07358e-07
-1.10936e-08 0.000999771 -4.04442e-07
-9.15819e-09 0.000999768 -4.04442e-07
-1.10936e-08 0.000999771 -4.01525e-07
-9.15819e-09 0.000999768 -4.01525e-07
-1.10936e-08 0.000999771 -3.98609e-07
-9.15819e-09 0.000999768 -3.98609e-07
-1.10936e-08 0.000999771 -3.95693e-07
-9.15819e-09 0.000999768 -3.95693e-07
-1.10936e-08 0.000999771 -3.92776e-07
-9.15819e-09 0.000999768 -3.92776e-07
-1.10936e-08 0.000999771 -3.8986e-07
-9.15819e-09 0.000999768 -3.8986e-07
-1.10936e-08 0.000999771 -3.86944e-07
-9.15819e-09 0.000999768 -3.86944e-07
-1.10936e-08 0.000999771 -3.84027e-07
-9.15819e-09 0.000999768 -3.84027e-07
-1.10936e-08 0.000999771 -3.81111e-07
-9.15819e-09 0.000999768 -3.81111e-07
-1.10936e-08 0.000999771 -3.78194e-07
-9.15819e-09 0.000999768 -3.78194e-07
-1.10936e-08 0.000999771 -3.75278e-07
-9.15819e-09 0.000999768 -3.75278e-07
-1.10936e-08 0.000999771 -3.72362e-07
-9.15819e-09 0.000999768 -3.72362e-07
-1.10936e-08 0.000999772 -3.69445e-07
-9.15819e-09 0.000999768 -3.69445e-07
-1.10936e-08 0.000999772 -3.66529e-07
-9.15819e-09 0.000999769 -3.66529e-07
-1.10936e-08 0.000999772 -3.63612e-07
-9.15819e-09 0.000999769 -3.63612e-07
-1.10936e-08 0.000999772 -3.60696e-07
-9.15819e-09 0.000999769 -3.60696e-07
-1.10936e-08 0.000999772 -3.5778e-07
-9.15819e-09 0.000999769 -3.5778e-07
-1.10936e-08 0.000999772 -3.54863e-07
-9.15819e-09 0.000999769 -3.54863e-07
-1.10936e-08 0.000999772 -3.51947e-07
-9.15819e-09 0.000999769 -3.51947e-07
-1.10936e-08 0.000999772 -3.4903e-07
-9.15819e-09 0.000999769 -3.4903e-07
-1.10936e-08 0.000999772 -3.46114e-07
-9.15819e-09 0.000999769 -3.46114e-07
-1.10936e-08 0.000999772 -3.43198e-07
-9.15819e-09 0.000999769 -3.43198e-07
-1.10936e-08 0.000999772 -3.40281e-07
-9.15819e-09 0.000999769 -3.40281e-07
-1.10936e-08 0.000999772 -3.37365e-07
-9.15819e-09 0.000999769 -3.37365e-07
-1.10936e-08 0.000999772 -3.34448e-07
-9.15819e-09 0.000999769 -3.34448e-07
-1.10936e-08 0.000999772 -3.31532e-07
-9.15819e-09 0.00099977 -3.31532e-07
-1.10936e-08 0.000999773 -3.28616e-07
-9.15819e-09 0.00099977 -3.28616e-07
-1.10936e-08 0.000999773 -3.25699e-07
-9.15819e-09 0.00099977 -3.25699e-07
-1.10936e-08 0.000999773 -3.22783e-07
-9.15819e-09 0.00099977 -3.22783e-07
-1.10936e-08 0.000999773 -3.19867e-07
-9.15819e-09 0.00099977 -3.19867e-07
-1.10936e-08 0.000999773 -3.1695e-07
-9.15819e-09 0.00099977 -3.1695e-07
-1.10936e-08 0.000999773 -3.14034e-07
-9.15819e-09 0.00099977 -3.14034e-07
-1.10936e-08 0.000999773 -3.11117e-07
-9.15819e-09 0.00099977 -3.11117e-07
-1.10936e-08 0.000999773 -3.08201e-07
-9.15819e-09 0.00099977 -3.08201e-07
-1.10936e-08 0.000999773 -3.05285e-07
-9.15819e-09 0.00099977 -3.05285e-07
-1.10936e-08 0.000999773 -3.02368e-07
-9.15819e-09 0.00099977 -3.02368e-07
-1.10936e-08 0.000999773 -2.99452e-07
-9.15819e-09 0.00099977 -2.99452e-07
-1.10936e-08 0.000999773 -2.96535e-07
-9.15819e-09 0.00099977 -2.96535e-07
-1.10936e-08 0.000999774 -2.93619e-07
-9.15819e-09 0.00099977 -2.93619e-07
-1.10936e-08 0.000999774 -2.90703e-07
-9.15819e-09 0.000999771 -2.90703e-07
-1.10936e-08 0.000999774 -2.87786e-07
-9.15819e-09 0.000999771 -2.87786e-07
-1.10936e-08 0.000999774 -2.8487e-07
-9.15819e-09 0.000999771 -2.8487e-07
-1.10936e-08 0.000999774 -2.81953e-07
-9.15819e-09 0.000999771 -2.81953e-07
-1.10936e-08 0.000999774 -2.79037e-07
-9.15819e-09 0.000999771 -2.79037e-07
-1.10936e-08 0.000999774 -2.76121e-07
-9.15819e-09 0.000999771 -2.76121e-07
-1.10936e-08 0.000999774 -2.73204e-07
-9.15819e-09 0.000999771 -2.73204e-07
-1.10936e-08 0.000999774 -2.70288e-07
-9.15819e-09 0.000999771 -2.70288e-07
-1.10936e-08 0.000999774 -2.67372e-07
-9.15819e-09 0.000999771 -2.67372e-07
-1.10936e-08 0.000999774 -2.64455e-07
-9.15819e-09 0.000999771 -2.64455e-07
-1.10936e-08 0.000999774 -2.61539e-07
-9.15819e-09 0.000999771 -2.61539e-07
-1.10936e-08 0.000999774 -2.58622e-07
-9.15819e-09 0.000999771 -2.58622e-07
-1.10936e-08 0.000999774 -2.55706e-07
-9.15819e-09 0.000999772 -2.55706e-07
-1.10936e-08 0.000999775 -2.5279e-07
-9.15819e-09 0.000999772 -2.5279e-07
-1.10936e-08 0.000999775 -2.49873e-07
-9.15819e-09 0.000999772 -2.49873e-07
-1.10936e-08 0.000999775 -2.46957e-07
-9.15819e-09 0.000999772 -2.46957e-07
-1.10936e-08 0.000999775 -2.4404e-07
-9.15819e-09 0.000999772 -2.4404e-07
-1.10936e-08 0.000999775 -2.41124e-07
-9.15819e-09 0.000999772 -2.41124e-07
-1.10936e-08 0.000999775 -2.38208e-07
-9.15819e-09 0.000999772 -2.38208e-07
-1.10936e-08 0.000999775 -2.35291e-07
-9.15819e-09 0.000999772 -2.35291e-07
-1.10936e-08 0.000999775 -2.32375e-07
-9.15819e-09 0.000999772 -2.32375e-07
-1.10936e-08 0.000999775 -2.29458e-07
-9.15819e-09 0.000999772 -2.29458e-07
-1.10936e-08 0.000999775 -2.26542e-07
-9.15819e-09 0.000999772 -2.26542e-07
-1.10936e-08 0.000999775 -2.23626e-07
-9.15819e-09 0.000999772 -2.23626e-07
-1.10936e-08 0.000999775 -2.20709e-07
-9.15819e-09 0.000999772 -2.20709e-07
-1.10936e-08 0.000999775 -2.17793e-07
-9.15819e-09 0.000999772 -2.17793e-07
-1.10936e-08 0.000999775 -2.14876e-07
-9.15819e-09 0.000999773 -2.14876e-07
-3.35192e-09 0.000999758 -4.27773e-07
-1.4165e-09 0.000999755 -4.27773e-07
-3.35192e-09 0.000999758 -4.24857e-07
-1.4165e-09 0.000999755 -4.24857e-07
-3.35192e-09 0.000999758 -4.2194e-07
-1.4165e-09 0.000999755 -4.2194e-07
-3.35192e-09 0.000999758 -4.19024e-07
-1.4165e-09 0.000999755 -4.19024e-07
-3.35192e-09 0.000999758 -4.16107e-07
-1.4165e-09 0.000999756 -4.16107e-07
-3.35192e-09 0.000999759 -4.13191e-07
-1.4165e-09 0.000999756 -4.13191e-07
-3.35192e-09 0.000999759 -4.10275e-07
-1.4165e-09 0.000999756 -4.10275e-07
-3.35192e-09 0.000999759 -4.07358e-07
-1.4165e-09 0.000999756 -4.07358e-07
-3.35192e-09 0.000999759 -4.04442e-07
-1.4165e-09 0.000999756 -4.04442e-07
-3.35192e-09 0.000999759 -4.01525e-07
-1.4165e-09 0.000999756 -4.01525e-07
-3.35192e-09 0.000999759 -3.98609e-07
-1.4165e-09 0.000999756 -3.98609e-07
-3.35192e-09 0.000999759 -3.95693e-07
-1.4165e-09 0.000999756 -3.95693e-07
-3.35192e-09 0.000999759 -3.92776e-07
-1.4165e-09 0.000999756 -3.92776e-07
-3.35192e-09 0.000999759 -3.8986e-07
-1.4165e-09 0.000999756 -3.8986e-07
-3.35192e-09 0.000999759 -3.86944e-07
-1.4165e-09 0.000999756 -3.86944e-07
-3.35192e-09 0.000999759 -3.84027e-07
-1.4165e-09 0.000999756 -3.84027e-07
-3.35192e-09 0.000999759 -3.81111e-07
-1.4165e-09 0.000999757 -3.81111e-07
-3.35192e-09 0.00099976 -3.78194e-07
-1.4165e-09 0.000999757 -3.78194e-07
-3.35192e-09 0.00099976 -3.75278e-07
-1.4165e-09 0.000999757 -3.75278e-07
-3.35192e-09 0.00099976 -3.72362e-07
-1.4165e-09 0.000999757 -3.72362e-07
-3.35192e-09 0.00099976 -3.69445e-07
-1.4165e-09 0.000999757 -3.69445e-07
-3.35192e-09 0.00099976 -3.66529e-07
-1.4165e-09 0.000999757 -3.66529e-07
-3.35192e-09 0.00099976 -3.63612e-07
-1.4165e-09 0.000999757 -3.63612e-07
-3.35192e-09 0.00099976 -3.60696e-07
-1.4165e-09 0.000999757 -3.60696e-07
-3.35192e-09 0.00099976 -3.5778e-07
-1.4165e-09 0.000999757 -3.5778e-07
-3.35192e-09 0.00099976 -3.54863e-07
-1.4165e-09 0.000999757 -3.54863e-07
-3.35192e-09 0.00099976 -3.51947e-07
-1.4165e-09 0.000999757 -3.51947e-07
-3.35192e-09 0.00099976 -3.4903e-07
-1.4165e-09 0.000999757 -3.4903e-07
-3.35192e-09 0.00099976 -3.46114e-07
-1.4165e-09 0.000999757 -3.46114e-07
-3.35192e-09 0.00099976 -3.43198e-07
-1.4165e-09 0.000999757 -3.43198e-07
-3.35192e-09 0.00099976 -3.40281e-07
-1.4165e-09 0.000999758 -3.40281e-07
-3.35192e-09 0.000999761 -3.37365e-07
-1.4165e-09 0.000999758 -3.37365e-07
-3.35192e-09 0.000999761 -3.34448e-07
-1.4165e-09 0.000999758 -3.34448e-07
-3.35192e-09 0.000999761 -3.31532e-07
-1.4165e-09 0.000999758 -3.31532e-07
-3.35192e-09 0.000999761 -3.28616e-07
-1.4165e-09 0.000999758 -3.28616e-07
-3.35192e-09 0.000999761 -3.25699e-07
-1.4165e-09 0.000999758 -3.25699e-07
-3.35192e-09 0.000999761 -3.22783e-07
-1.4165e-09 0.000999758 -3.22783e-07
-3.35192e-09 0.000999761 -3.19867e-07
-1.4165e-09 0.000999758 -3.19867e-07
-3.35192e-09 0.000999761 -3.1695e-07
-1.4165e-09 0.000999758 -3.1695e-07
-3.35192e-09 0.000999761 -3.14034e-07
-1.4165e-09 0.000999758 -3.14034e-07
-3.35192e-09 0.000999761 -3.11117e-07
-1.4165e-09 0.000999758 -3.11117e-07
-3.35192e-09 0.000999761 -3.08201e-07
-1.4165e-09 0.000999758 -3.08201e-07
-3.35192e-09 0.000999761 -3.05285e-07
-1.4165e-09 0.000999758 -3.05285e-07
-3.35192e-09 0.000999761 -3.02368e-07
-1.4165e-09 0.000999758 -3.02368e-07
-3.35192e-09 0.000999762 -2.99452e-07
-1.4165e-09 0.000999759 -2.99452e-07
-3.35192e-09 0.000999762 -2.96535e-07
-1.4165e-09 0.000999759 -2.96535e-07
-3.35192e-09 0.000999762 -2.93619e-07
-1.4165e-09 0.000999759 -2.93619e-07
-3.35192e-09 0.000999762 -2.90703e-07
-1.4165e-09 0.000999759 -2.90703e-07
-3.35192e-09 0.000999762 -2.87786e-07
-1.4165e-09 0.000999759 -2.87786e-07
-3.35192e-09 0.000999762 -2.8487e-07
-1.4165e-09 0.000999759 -2.8487e-07
-3.35192e-09 0.000999762 -2.81953e-07
-1.4165e-09 0.000999759 -2.81953e-07
-3.35192e-09 0.000999762 -2.79037e-07
-1.4165e-09 0.000999759 -2.79037e-07
-3.35192e-09 0.000999762 -2.76121e-07
-1.4165e-09 0.000999759 -2.76121e-07
-3.35192e-09 0.000999762 -2.73204e-07
-1.4165e-09 0.000999759 -2.73204e-07
-3.35192e-09 0.000999762 -2.70288e-07
-1.4165e-09 0.000999759 -2.70288e-07
-3.35192e-09 0.000999762 -2.67372e-07
-1.4165e-09 0.000999759 -2.67372e-07
-3.35192e-09 0.000999762 -2.64455e-07
-1.4165e-09 0.00099976 -2.64455e-07
-3.35192e-09 0.000999763 -2.61539e-07
-1.4165e-09 0.00099976 -2.61539e-07
-3.35192e-09 0.000999763 -2.58622e-07
-1.4165e-09 0.00099976 -2.58622e-07
-3.35192e-09 0.000999763 -2.55706e-07
-1.4165e-09 0.00099976 -2.55706e-07
-3.35192e-09 0.000999763 -2.5279e-07
-1.4165e-09 0.00099976 -2.5279e-07
-3.35192e-09 0.000999763 -2.49873e-07
-1.4165e-09 0.00099976 -2.49873e-07
-3.35192e-09 0.000999763 -2.46957e-07
-1.4165e-09 0.00099976 -2.46957e-07
-3.35192e-09 0.000999763 -2.4404e-07
-1.4165e-09 0.00099976 -2.4404e-07
-3.35192e-09 0.000999763 -2.41124e-07
-1.4165e-09 0.00099976 -2.41124e-07
-3.35192e-09 0.000999763 -2.38208e-07
-1.4165e-09 0.00099976 -2.38208e-07
-3.35192e-09 0.000999763 -2.35291e-07
-1.4165e-09 0.00099976 -2.35291e-07
-3.35192e-09 0.000999763 -2.32375e-07
-1.4165e-09 0.00099976 -2.32375e-07
-3.35192e-09 0.000999763 -2.29458e-07
-1.4165e-09 0.00099976 -2.29458e-07
-3.35192e-09 0.000999763 -2.26542e-07
-1.4165e-09 0.00099976 -2.26542e-07
-3.35192e-09 0.000999763 -2.23626e-07
-1.4165e-09 0.000999761 -2.23626e-07
-3.35192e-09 0.000999764 -2.20709e-07
-1.4165e-09 0.000999761 -2.20709e-07
-3.35192e-09 0.000999764 -2.17793e-07
-1.4165e-09 0.000999761 -2.17793e-07
-3.35192e-09 0.000999764 -2.14876e-07
-1.4165e-09 0.000999761 -2.14876e-07
