1.20924e-07 0.00401367 9.60611e-06
1.20924e-07 0.00401339 6.15489e-06
2.15048e-07 0.00401348 9.60611e-06
2.15048e-07 0.00401319 6.15489e-06
1.20924e-07 0.00401367 9.55884e-06
1.20924e-07 0.00401367 9.51156e-06
1.20924e-07 0.00401366 9.46428e-06
1.20924e-07 0.00401366 9.417e-06
1.20924e-07 0.00401366 9.36973e-06
1.20924e-07 0.00401365 9.32245e-06
1.20924e-07 0.00401365 9.27517e-06
1.20924e-07 0.00401364 9.2279e-06
1.20924e-07 0.00401364 9.18062e-06
1.20924e-07 0.00401364 9.13334e-06
1.20924e-07 0.00401363 9.08606e-06
1.20924e-07 0.00401363 9.03879e-06
1.20924e-07 0.00401362 8.99151e-06
1.20924e-07 0.00401362 8.94423e-06
1.20924e-07 0.00401362 8.89696e-06
1.20924e-07 0.00401361 8.84968e-06
1.20924e-07 0.00401361 8.8024e-06
1.20924e-07 0.0040136 8.75513e-06
1.20924e-07 0.0040136 8.70785e-06
1.20924e-07 0.0040136 8.66057e-06
1.20924e-07 0.00401359 8.61329e-06
1.20924e-07 0.00401359 8.56602e-06
1.20924e-07 0.00401358 8.51874e-06
1.20924e-07 0.00401358 8.47146e-06
1.20924e-07 0.00401358 8.42419e-06
1.20924e-07 0.00401357 8.37691e-06
1.20924e-07 0.00401357 8.32963e-06
1.20924e-07 0.00401357 8.28235e-06
1.20924e-07 0.00401356 8.23508e-06
1.20924e-07 0.00401356 8.1878e-06
1.20924e-07 0.00401355 8.14052e-06
1.20924e-07 0.00401355 8.09325e-06
1.20924e-07 0.00401355 8.04597e-06
1.20924e-07 0.00401354 7.99869e-06
1.20924e-07 0.00401354 7.95141e-06
1.20924e-07 0.00401353 7.90414e-06
1.20924e-07 0.00401353 7.85686e-06
1.20924e-07 0.00401353 7.80958e-06
1.20924e-07 0.00401352 7.76231e-06
1.20924e-07 0.00401352 7.71503e-06
1.20924e-07 0.00401351 7.66775e-06
1.20924e-07 0.00401351 7.62048e-06
1.20924e-07 0.00401351 7.5732e-06
1.20924e-07 0.0040135 7.52592e-06
1.20924e-07 0.0040135 7.47864e-06
1.20924e-07 0.0040135 7.43137e-06
1.20924e-07 0.00401349 7.38409e-06
1.20924e-07 0.00401349 7.33681e-06
1.20924e-07 0.00401348 7.28954e-06
1.20924e-07 0.00401348 7.24226e-06
1.20924e-07 0.00401348 7.19498e-06
1.20924e-07 0.00401347 7.1477e-06
1.20924e-07 0.00401347 7.10043e-06
1.20924e-07 0.00401346 7.05315e-06
1.20924e-07 0.00401346 7.00587e-06
1.20924e-07 0.00401346 6.9586e-06
1.20924e-07 0.00401345 6.91132e-06
1.20924e-07 0.00401345 6.86404e-06
1.20924e-07 0.00401344 6.81677e-06
1.20924e-07 0.00401344 6.76949e-06
1.20924e-07 0.00401344 6.72221e-06
1.20924e-07 0.00401343 6.67493e-06
1.20924e-07 0.00401343 6.62766e-06
1.20924e-07 0.00401342 6.58038e-06
1.20924e-07 0.00401342 6.5331e-06
1.20924e-07 0.00401342 6.48583e-06
1.20924e-07 0.00401341 6.43855e-06
1.20924e-07 0.00401341 6.39127e-06
1.20924e-07 0.0040134 6.34399e-06
1.20924e-07 0.0040134 6.29672e-06
1.20924e-07 0.0040134 6.24944e-06
1.20924e-07 0.00401339 6.20216e-06
1.67986e-07 0.00401329 6.15489e-06
1.67986e-07 0.00401357 9.60611e-06
2.15048e-07 0.00401319 6.20216e-06
2.15048e-07 0.0040132 6.24944e-06
2.15048e-07 0.0040132 6.29672e-06
2.15048e-07 0.0040132 6.34399e-06
2.15048e-07 0.00401321 6.39127e-06
2.15048e-07 0.00401321 6.43855e-06
2.15048e-07 0.00401322 6.48583e-06
2.15048e-07 0.00401322 6.5331e-06
2.15048e-07 0.00401322 6.58038e-06
2.15048e-07 0.00401323 6.62766e-06
2.15048e-07 0.00401323 6.67493e-06
2.15048e-07 0.00401324 6.72221e-06
2.15048e-07 0.00401324 6.76949e-06
2.15048e-07 0.00401324 6.81677e-06
2.15048e-07 0.00401325 6.86404e-06
2.15048e-07 0.00401325 6.91132e-06
2.15048e-07 0.00401326 6.9586e-06
2.15048e-07 0.00401326 7.00587e-06
2.15048e-07 0.00401326 7.05315e-06
2.15048e-07 0.00401327 7.10043e-06
2.15048e-07 0.00401327 7.1477e-06
2.15048e-07 0.00401328 7.19498e-06
2.15048e-07 0.00401328 7.24226e-06
2.15048e-07 0.00401328 7.28954e-06
2.15048e-07 0.00401329 7.33681e-06
2.15048e-07 0.00401329 7.38409e-06
2.15048e-07 0.00401329 7.43137e-06
2.15048e-07 0.0040133 7.47864e-06
2.15048e-07 0.0040133 7.52592e-06
2.15048e-07 0.00401331 7.5732e-06
2.15048e-07 0.00401331 7.62048e-06
2.15048e-07 0.00401331 7.66775e-06
2.15048e-07 0.00401332 7.71503e-06
2.15048e-07 0.00401332 7.76231e-06
2.15048e-07 0.00401333 7.80958e-06
2.15048e-07 0.00401333 7.85686e-06
2.15048e-07 0.00401333 7.90414e-06
2.15048e-07 0.00401334 7.95141e-06
2.15048e-07 0.00401334 7.99869e-06
2.15048e-07 0.00401335 8.04597e-06
2.15048e-07 0.00401335 8.09325e-06
2.15048e-07 0.00401335 8.14052e-06
2.15048e-07 0.00401336 8.1878e-06
2.15048e-07 0.00401336 8.23508e-06
2.15048e-07 0.00401337 8.28235e-06
2.15048e-07 0.00401337 8.32963e-06
2.15048e-07 0.00401337 8.37691e-06
2.15048e-07 0.00401338 8.42419e-06
2.15048e-07 0.00401338 8.47146e-06
2.15048e-07 0.00401339 8.51874e-06
2.15048e-07 0.00401339 8.56602e-06
2.15048e-07 0.00401339 8.61329e-06
2.15048e-07 0.0040134 8.66057e-06
2.15048e-07 0.0040134 8.70785e-06
2.15048e-07 0.0040134 8.75513e-06
2.15048e-07 0.00401341 8.8024e-06
2.15048e-07 0.00401341 8.84968e-06
2.15048e-07 0.00401342 8.89696e-06
2.15048e-07 0.00401342 8.94423e-06
2.15048e-07 0.00401342 8.99151e-06
2.15048e-07 0.00401343 9.03879e-06
2.15048e-07 0.00401343 9.08606e-06
2.15048e-07 0.00401344 9.13334e-06
2.15048e-07 0.00401344 9.18062e-06
2.15048e-07 0.00401344 9.2279e-06
2.15048e-07 0.00401345 9.27517e-06
2.15048e-07 0.00401345 9.32245e-06
2.15048e-07 0.00401346 9.36973e-06
2.15048e-07 0.00401346 9.417e-06
2.15048e-07 0.00401346 9.46428e-06
2.15048e-07 0.00401347 9.51156e-06
2.15048e-07 0.00401347 9.55884e-06
1.67986e-07 0.00401329 6.20216e-06
1.67986e-07 0.0040133 6.24944e-06
1.67986e-07 0.0040133 6.29672e-06
1.67986e-07 0.00401331 6.34399e-06
1.67986e-07 0.00401331 6.39127e-06
1.67986e-07 0.00401331 6.43855e-06
1.67986e-07 0.00401332 6.48583e-06
1.67986e-07 0.00401332 6.5331e-06
1.67986e-07 0.00401332 6.58038e-06
1.67986e-07 0.00401333 6.62766e-06
1.67986e-07 0.00401333 6.67493e-06
1.67986e-07 0.00401334 6.72221e-06
1.67986e-07 0.00401334 6.76949e-06
1.67986e-07 0.00401334 6.81677e-06
1.67986e-07 0.00401335 6.86404e-06
1.67986e-07 0.00401335 6.91132e-06
1.67986e-07 0.00401336 6.9586e-06
1.67986e-07 0.00401336 7.00587e-06
1.67986e-07 0.00401336 7.05315e-06
1.67986e-07 0.00401337 7.10043e-06
1.67986e-07 0.00401337 7.1477e-06
1.67986e-07 0.00401338 7.19498e-06
1.67986e-07 0.00401338 7.24226e-06
1.67986e-07 0.00401338 7.28954e-06
1.67986e-07 0.00401339 7.33681e-06
1.67986e-07 0.00401339 7.38409e-06
1.67986e-07 0.00401339 7.43137e-06
1.67986e-07 0.0040134 7.47864e-06
1.67986e-07 0.0040134 7.52592e-06
1.67986e-07 0.00401341 7.5732e-06
1.67986e-07 0.00401341 7.62048e-06
1.67986e-07 0.00401341 7.66775e-06
1.67986e-07 0.00401342 7.71503e-06
1.67986e-07 0.00401342 7.76231e-06
1.67986e-07 0.00401343 7.80958e-06
1.67986e-07 0.00401343 7.85686e-06
1.67986e-07 0.00401343 7.90414e-06
1.67986e-07 0.00401344 7.95141e-06
1.67986e-07 0.00401344 7.99869e-06
1.67986e-07 0.00401345 8.04597e-06
1.67986e-07 0.00401345 8.09325e-06
1.67986e-07 0.00401345 8.14052e-06
1.67986e-07 0.00401346 8.1878e-06
1.67986e-07 0.00401346 8.23508e-06
1.67986e-07 0.00401347 8.28235e-06
1.67986e-07 0.00401347 8.32963e-06
1.67986e-07 0.00401347 8.37691e-06
1.67986e-07 0.00401348 8.42419e-06
1.67986e-07 0.00401348 8.47146e-06
1.67986e-07 0.00401348 8.51874e-06
1.67986e-07 0.00401349 8.56602e-06
1.67986e-07 0.00401349 8.61329e-06
1.67986e-07 0.0040135 8.66057e-06
1.67986e-07 0.0040135 8.70785e-06
1.67986e-07 0.0040135 8.75513e-06
1.67986e-07 0.00401351 8.8024e-06
1.67986e-07 0.00401351 8.84968e-06
1.67986e-07 0.00401352 8.89696e-06
1.67986e-07 0.00401352 8.94423e-06
1.67986e-07 0.00401352 8.99151e-06
1.67986e-07 0.00401353 9.03879e-06
1.67986e-07 0.00401353 9.08606e-06
1.67986e-07 0.00401354 9.13334e-06
1.67986e-07 0.00401354 9.18062e-06
1.67986e-07 0.00401354 9.2279e-06
1.67986e-07 0.00401355 9.27517e-06
1.67986e-07 0.00401355 9.32245e-06
1.67986e-07 0.00401356 9.36973e-06
1.67986e-07 0.00401356 9.417e-06
1.67986e-07 0.00401356 9.46428e-06
1.67986e-07 0.00401357 9.51156e-06
1.67986e-07 0.00401357 9.55884e-06
2.46423e-07 0.00401341 9.60611e-06
2.15048e-07 0.00401348 9.60611e-06
2.46423e-07 0.0040134 9.55884e-06
2.15048e-07 0.00401347 9.55884e-06
2.46423e-07 0.0040134 9.51156e-06
2.15048e-07 0.00401347 9.51156e-06
2.46423e-07 0.0040134 9.46428e-06
2.15048e-07 0.00401346 9.46428e-06
2.46423e-07 0.00401339 9.417e-06
2.15048e-07 0.00401346 9.417e-06
2.46423e-07 0.00401339 9.36973e-06
2.15048e-07 0.00401346 9.36973e-06
2.46423e-07 0.00401338 9.32245e-06
2.15048e-07 0.00401345 9.32245e-06
2.46423e-07 0.00401338 9.27517e-06
2.15048e-07 0.00401345 9.27517e-06
2.46423e-07 0.00401338 9.2279e-06
2.15048e-07 0.00401344 9.2279e-06
2.46423e-07 0.00401337 9.18062e-06
2.15048e-07 0.00401344 9.18062e-06
2.46423e-07 0.00401337 9.13334e-06
2.15048e-07 0.00401344 9.13334e-06
2.46423e-07 0.00401337 9.08606e-06
2.15048e-07 0.00401343 9.08606e-06
2.46423e-07 0.00401336 9.03879e-06
2.15048e-07 0.00401343 9.03879e-06
2.46423e-07 0.00401336 8.99151e-06
2.15048e-07 0.00401342 8.99151e-06
2.46423e-07 0.00401335 8.94423e-06
2.15048e-07 0.00401342 8.94423e-06
2.46423e-07 0.00401335 8.89696e-06
2.15048e-07 0.00401342 8.89696e-06
2.46423e-07 0.00401335 8.84968e-06
2.15048e-07 0.00401341 8.84968e-06
2.46423e-07 0.00401334 8.8024e-06
2.15048e-07 0.00401341 8.8024e-06
2.46423e-07 0.00401334 8.75513e-06
2.15048e-07 0.0040134 8.75513e-06
2.46423e-07 0.00401333 8.70785e-06
2.15048e-07 0.0040134 8.70785e-06
2.46423e-07 0.00401333 8.66057e-06
2.15048e-07 0.0040134 8.66057e-06
2.46423e-07 0.00401333 8.61329e-06
2.15048e-07 0.00401339 8.61329e-06
2.46423e-07 0.00401332 8.56602e-06
2.15048e-07 0.00401339 8.56602e-06
2.46423e-07 0.00401332 8.51874e-06
2.15048e-07 0.00401339 8.51874e-06
2.46423e-07 0.00401331 8.47146e-06
2.15048e-07 0.00401338 8.47146e-06
2.46423e-07 0.00401331 8.42419e-06
2.15048e-07 0.00401338 8.42419e-06
2.46423e-07 0.00401331 8.37691e-06
2.15048e-07 0.00401337 8.37691e-06
2.46423e-07 0.0040133 8.32963e-06
2.15048e-07 0.00401337 8.32963e-06
2.46423e-07 0.0040133 8.28235e-06
2.15048e-07 0.00401337 8.28235e-06
2.46423e-07 0.00401329 8.23508e-06
2.15048e-07 0.00401336 8.23508e-06
2.46423e-07 0.00401329 8.1878e-06
2.15048e-07 0.00401336 8.1878e-06
2.46423e-07 0.00401329 8.14052e-06
2.15048e-07 0.00401335 8.14052e-06
2.46423e-07 0.00401328 8.09325e-06
2.15048e-07 0.00401335 8.09325e-06
2.46423e-07 0.00401328 8.04597e-06
2.15048e-07 0.00401335 8.04597e-06
2.46423e-07 0.00401328 7.99869e-06
2.15048e-07 0.00401334 7.99869e-06
2.46423e-07 0.00401327 7.95141e-06
2.15048e-07 0.00401334 7.95141e-06
2.46423e-07 0.00401327 7.90414e-06
2.15048e-07 0.00401333 7.90414e-06
2.46423e-07 0.00401326 7.85686e-06
2.15048e-07 0.00401333 7.85686e-06
2.46423e-07 0.00401326 7.80958e-06
2.15048e-07 0.00401333 7.80958e-06
2.46423e-07 0.00401326 7.76231e-06
2.15048e-07 0.00401332 7.76231e-06
2.46423e-07 0.00401325 7.71503e-06
2.15048e-07 0.00401332 7.71503e-06
2.46423e-07 0.00401325 7.66775e-06
2.15048e-07 0.00401331 7.66775e-06
2.46423e-07 0.00401324 7.62048e-06
2.15048e-07 0.00401331 7.62048e-06
2.46423e-07 0.00401324 7.5732e-06
2.15048e-07 0.00401331 7.5732e-06
2.46423e-07 0.00401324 7.52592e-06
2.15048e-07 0.0040133 7.52592e-06
2.46423e-07 0.00401323 7.47864e-06
2.15048e-07 0.0040133 7.47864e-06
2.46423e-07 0.00401323 7.43137e-06
2.15048e-07 0.00401329 7.43137e-06
2.46423e-07 0.00401322 7.38409e-06
2.15048e-07 0.00401329 7.38409e-06
2.46423e-07 0.00401322 7.33681e-06
2.15048e-07 0.00401329 7.33681e-06
2.46423e-07 0.00401322 7.28954e-06
2.15048e-07 0.00401328 7.28954e-06
2.46423e-07 0.00401321 7.24226e-06
2.15048e-07 0.00401328 7.24226e-06
2.46423e-07 0.00401321 7.19498e-06
2.15048e-07 0.00401328 7.19498e-06
2.46423e-07 0.0040132 7.1477e-06
2.15048e-07 0.00401327 7.1477e-06
2.46423e-07 0.0040132 7.10043e-06
2.15048e-07 0.00401327 7.10043e-06
2.46423e-07 0.0040132 7.05315e-06
2.15048e-07 0.00401326 7.05315e-06
2.46423e-07 0.00401319 7.00587e-06
2.15048e-07 0.00401326 7.00587e-06
2.46423e-07 0.00401319 6.9586e-06
2.15048e-07 0.00401326 6.9586e-06
2.46423e-07 0.00401319 6.91132e-06
2.15048e-07 0.00401325 6.91132e-06
2.46423e-07 0.00401318 6.86404e-06
2.15048e-07 0.00401325 6.86404e-06
2.46423e-07 0.00401318 6.81677e-06
2.15048e-07 0.00401324 6.81677e-06
2.46423e-07 0.00401317 6.76949e-06
2.15048e-07 0.00401324 6.76949e-06
2.46423e-07 0.00401317 6.72221e-06
2.15048e-07 0.00401324 6.72221e-06
2.46423e-07 0.00401317 6.67493e-06
2.15048e-07 0.00401323 6.67493e-06
2.46423e-07 0.00401316 6.62766e-06
2.15048e-07 0.00401323 6.62766e-06
2.46423e-07 0.00401316 6.58038e-06
2.15048e-07 0.00401322 6.58038e-06
2.46423e-07 0.00401315 6.5331e-06
2.15048e-07 0.00401322 6.5331e-06
2.46423e-07 0.00401315 6.48583e-06
2.15048e-07 0.00401322 6.48583e-06
2.46423e-07 0.00401315 6.43855e-06
2.15048e-07 0.00401321 6.43855e-06
2.46423e-07 0.00401314 6.39127e-06
2.15048e-07 0.00401321 6.39127e-06
2.46423e-07 0.00401314 6.34399e-06
2.15048e-07 0.0040132 6.34399e-06
2.46423e-07 0.00401313 6.29672e-06
2.15048e-07 0.0040132 6.29672e-06
2.46423e-07 0.00401313 6.24944e-06
2.15048e-07 0.0040132 6.24944e-06
2.46423e-07 0.00401313 6.20216e-06
2.15048e-07 0.00401319 6.20216e-06
2.46423e-07 0.00401312 6.15489e-06
2.15048e-07 0.00401319 6.15489e-06
1.20924e-07 0.00401367 9.60611e-06
8.95491e-08 0.00401374 9.60611e-06
1.20924e-07 0.00401367 9.55884e-06
8.95491e-08 0.00401374 9.55884e-06
1.20924e-07 0.00401367 9.51156e-06
8.95491e-08 0.00401373 9.51156e-06
1.20924e-07 0.00401366 9.46428e-06
8.95491e-08 0.00401373 9.46428e-06
1.20924e-07 0.00401366 9.417e-06
8.95491e-08 0.00401373 9.417e-06
1.20924e-07 0.00401366 9.36973e-06
8.95491e-08 0.00401372 9.36973e-06
1.20924e-07 0.00401365 9.32245e-06
8.95491e-08 0.00401372 9.32245e-06
1.20924e-07 0.00401365 9.27517e-06
8.95491e-08 0.00401371 9.27517e-06
1.20924e-07 0.00401364 9.2279e-06
8.95491e-08 0.00401371 9.2279e-06
1.20924e-07 0.00401364 9.18062e-06
8.95491e-08 0.00401371 9.18062e-06
1.20924e-07 0.00401364 9.13334e-06
8.95491e-08 0.0040137 9.13334e-06
1.20924e-07 0.00401363 9.08606e-06
8.95491e-08 0.0040137 9.08606e-06
1.20924e-07 0.00401363 9.03879e-06
8.95491e-08 0.00401369 9.03879e-06
1.20924e-07 0.00401362 8.99151e-06
8.95491e-08 0.00401369 8.99151e-06
1.20924e-07 0.00401362 8.94423e-06
8.95491e-08 0.00401369 8.94423e-06
1.20924e-07 0.00401362 8.89696e-06
8.95491e-08 0.00401368 8.89696e-06
1.20924e-07 0.00401361 8.84968e-06
8.95491e-08 0.00401368 8.84968e-06
1.20924e-07 0.00401361 8.8024e-06
8.95491e-08 0.00401367 8.8024e-06
1.20924e-07 0.0040136 8.75513e-06
8.95491e-08 0.00401367 8.75513e-06
1.20924e-07 0.0040136 8.70785e-06
8.95491e-08 0.00401367 8.70785e-06
1.20924e-07 0.0040136 8.66057e-06
8.95491e-08 0.00401366 8.66057e-06
1.20924e-07 0.00401359 8.61329e-06
8.95491e-08 0.00401366 8.61329e-06
1.20924e-07 0.00401359 8.56602e-06
8.95491e-08 0.00401366 8.56602e-06
1.20924e-07 0.00401358 8.51874e-06
8.95491e-08 0.00401365 8.51874e-06
1.20924e-07 0.00401358 8.47146e-06
8.95491e-08 0.00401365 8.47146e-06
1.20924e-07 0.00401358 8.42419e-06
8.95491e-08 0.00401364 8.42419e-06
1.20924e-07 0.00401357 8.37691e-06
8.95491e-08 0.00401364 8.37691e-06
1.20924e-07 0.00401357 8.32963e-06
8.95491e-08 0.00401364 8.32963e-06
1.20924e-07 0.00401357 8.28235e-06
8.95491e-08 0.00401363 8.28235e-06
1.20924e-07 0.00401356 8.23508e-06
8.95491e-08 0.00401363 8.23508e-06
1.20924e-07 0.00401356 8.1878e-06
8.95491e-08 0.00401362 8.1878e-06
1.20924e-07 0.00401355 8.14052e-06
8.95491e-08 0.00401362 8.14052e-06
1.20924e-07 0.00401355 8.09325e-06
8.95491e-08 0.00401362 8.09325e-06
1.20924e-07 0.00401355 8.04597e-06
8.95491e-08 0.00401361 8.04597e-06
1.20924e-07 0.00401354 7.99869e-06
8.95491e-08 0.00401361 7.99869e-06
1.20924e-07 0.00401354 7.95141e-06
8.95491e-08 0.0040136 7.95141e-06
1.20924e-07 0.00401353 7.90414e-06
8.95491e-08 0.0040136 7.90414e-06
1.20924e-07 0.00401353 7.85686e-06
8.95491e-08 0.0040136 7.85686e-06
1.20924e-07 0.00401353 7.80958e-06
8.95491e-08 0.00401359 7.80958e-06
1.20924e-07 0.00401352 7.76231e-06
8.95491e-08 0.00401359 7.76231e-06
1.20924e-07 0.00401352 7.71503e-06
8.95491e-08 0.00401358 7.71503e-06
1.20924e-07 0.00401351 7.66775e-06
8.95491e-08 0.00401358 7.66775e-06
1.20924e-07 0.00401351 7.62048e-06
8.95491e-08 0.00401358 7.62048e-06
1.20924e-07 0.00401351 7.5732e-06
8.95491e-08 0.00401357 7.5732e-06
1.20924e-07 0.0040135 7.52592e-06
8.95491e-08 0.00401357 7.52592e-06
1.20924e-07 0.0040135 7.47864e-06
8.95491e-08 0.00401357 7.47864e-06
1.20924e-07 0.0040135 7.43137e-06
8.95491e-08 0.00401356 7.43137e-06
1.20924e-07 0.00401349 7.38409e-06
8.95491e-08 0.00401356 7.38409e-06
1.20924e-07 0.00401349 7.33681e-06
8.95491e-08 0.00401355 7.33681e-06
1.20924e-07 0.00401348 7.28954e-06
8.95491e-08 0.00401355 7.28954e-06
1.20924e-07 0.00401348 7.24226e-06
8.95491e-08 0.00401355 7.24226e-06
1.20924e-07 0.00401348 7.19498e-06
8.95491e-08 0.00401354 7.19498e-06
1.20924e-07 0.00401347 7.1477e-06
8.95491e-08 0.00401354 7.1477e-06
1.20924e-07 0.00401347 7.10043e-06
8.95491e-08 0.00401353 7.10043e-06
1.20924e-07 0.00401346 7.05315e-06
8.95491e-08 0.00401353 7.05315e-06
1.20924e-07 0.00401346 7.00587e-06
8.95491e-08 0.00401353 7.00587e-06
1.20924e-07 0.00401346 6.9586e-06
8.95491e-08 0.00401352 6.9586e-06
1.20924e-07 0.00401345 6.91132e-06
8.95491e-08 0.00401352 6.91132e-06
1.20924e-07 0.00401345 6.86404e-06
8.95491e-08 0.00401351 6.86404e-06
1.20924e-07 0.00401344 6.81677e-06
8.95491e-08 0.00401351 6.81677e-06
1.20924e-07 0.00401344 6.76949e-06
8.95491e-08 0.00401351 6.76949e-06
1.20924e-07 0.00401344 6.72221e-06
8.95491e-08 0.0040135 6.72221e-06
1.20924e-07 0.00401343 6.67493e-06
8.95491e-08 0.0040135 6.67493e-06
1.20924e-07 0.00401343 6.62766e-06
8.95491e-08 0.0040135 6.62766e-06
1.20924e-07 0.00401342 6.58038e-06
8.95491e-08 0.00401349 6.58038e-06
1.20924e-07 0.00401342 6.5331e-06
8.95491e-08 0.00401349 6.5331e-06
1.20924e-07 0.00401342 6.48583e-06
8.95491e-08 0.00401348 6.48583e-06
1.20924e-07 0.00401341 6.43855e-06
8.95491e-08 0.00401348 6.43855e-06
1.20924e-07 0.00401341 6.39127e-06
8.95491e-08 0.00401348 6.39127e-06
1.20924e-07 0.0040134 6.34399e-06
8.95491e-08 0.00401347 6.34399e-06
1.20924e-07 0.0040134 6.29672e-06
8.95491e-08 0.00401347 6.29672e-06
1.20924e-07 0.0040134 6.24944e-06
8.95491e-08 0.00401346 6.24944e-06
1.20924e-07 0.00401339 6.20216e-06
8.95491e-08 0.00401346 6.20216e-06
1.20924e-07 0.00401339 6.15489e-06
8.95491e-08 0.00401346 6.15489e-06
