-9.81283e-08 0.00401155 1.18817e-06
-9.81283e-08 0.00401168 8.04473e-07
-8.76637e-08 0.00401155 1.18817e-06
-8.76637e-08 0.00401168 8.04473e-07
-9.81283e-08 0.00401155 1.18292e-06
-9.81283e-08 0.00401156 1.17766e-06
-9.81283e-08 0.00401156 1.17241e-06
-9.81283e-08 0.00401156 1.16715e-06
-9.81283e-08 0.00401156 1.16189e-06
-9.81283e-08 0.00401156 1.15664e-06
-9.81283e-08 0.00401156 1.15138e-06
-9.81283e-08 0.00401157 1.14613e-06
-9.81283e-08 0.00401157 1.14087e-06
-9.81283e-08 0.00401157 1.13561e-06
-9.81283e-08 0.00401157 1.13036e-06
-9.81283e-08 0.00401157 1.1251e-06
-9.81283e-08 0.00401157 1.11984e-06
-9.81283e-08 0.00401158 1.11459e-06
-9.81283e-08 0.00401158 1.10933e-06
-9.81283e-08 0.00401158 1.10408e-06
-9.81283e-08 0.00401158 1.09882e-06
-9.81283e-08 0.00401158 1.09356e-06
-9.81283e-08 0.00401158 1.08831e-06
-9.81283e-08 0.00401159 1.08305e-06
-9.81283e-08 0.00401159 1.07779e-06
-9.81283e-08 0.00401159 1.07254e-06
-9.81283e-08 0.00401159 1.06728e-06
-9.81283e-08 0.00401159 1.06203e-06
-9.81283e-08 0.0040116 1.05677e-06
-9.81283e-08 0.0040116 1.05151e-06
-9.81283e-08 0.0040116 1.04626e-06
-9.81283e-08 0.0040116 1.041e-06
-9.81283e-08 0.0040116 1.03575e-06
-9.81283e-08 0.0040116 1.03049e-06
-9.81283e-08 0.00401161 1.02523e-06
-9.81283e-08 0.00401161 1.01998e-06
-9.81283e-08 0.00401161 1.01472e-06
-9.81283e-08 0.00401161 1.00946e-06
-9.81283e-08 0.00401161 1.00421e-06
-9.81283e-08 0.00401161 9.98952e-07
-9.81283e-08 0.00401162 9.93696e-07
-9.81283e-08 0.00401162 9.8844e-07
-9.81283e-08 0.00401162 9.83183e-07
-9.81283e-08 0.00401162 9.77927e-07
-9.81283e-08 0.00401162 9.72671e-07
-9.81283e-08 0.00401162 9.67415e-07
-9.81283e-08 0.00401163 9.62159e-07
-9.81283e-08 0.00401163 9.56902e-07
-9.81283e-08 0.00401163 9.51646e-07
-9.81283e-08 0.00401163 9.4639e-07
-9.81283e-08 0.00401163 9.41134e-07
-9.81283e-08 0.00401164 9.35878e-07
-9.81283e-08 0.00401164 9.30621e-07
-9.81283e-08 0.00401164 9.25365e-07
-9.81283e-08 0.00401164 9.20109e-07
-9.81283e-08 0.00401164 9.14853e-07
-9.81283e-08 0.00401164 9.09597e-07
-9.81283e-08 0.00401165 9.0434e-07
-9.81283e-08 0.00401165 8.99084e-07
-9.81283e-08 0.00401165 8.93828e-07
-9.81283e-08 0.00401165 8.88572e-07
-9.81283e-08 0.00401165 8.83316e-07
-9.81283e-08 0.00401165 8.78059e-07
-9.81283e-08 0.00401166 8.72803e-07
-9.81283e-08 0.00401166 8.67547e-07
-9.81283e-08 0.00401166 8.62291e-07
-9.81283e-08 0.00401166 8.57035e-07
-9.81283e-08 0.00401166 8.51778e-07
-9.81283e-08 0.00401166 8.46522e-07
-9.81283e-08 0.00401167 8.41266e-07
-9.81283e-08 0.00401167 8.3601e-07
-9.81283e-08 0.00401167 8.30754e-07
-9.81283e-08 0.00401167 8.25497e-07
-9.81283e-08 0.00401167 8.20241e-07
-9.81283e-08 0.00401168 8.14985e-07
-9.81283e-08 0.00401168 8.09729e-07
-9.2896e-08 0.00401168 8.04473e-07
-9.2896e-08 0.00401155 1.18817e-06
-8.76637e-08 0.00401167 8.09729e-07
-8.76637e-08 0.00401167 8.14985e-07
-8.76637e-08 0.00401167 8.20241e-07
-8.76637e-08 0.00401167 8.25497e-07
-8.76637e-08 0.00401167 8.30754e-07
-8.76637e-08 0.00401167 8.3601e-07
-8.76637e-08 0.00401166 8.41266e-07
-8.76637e-08 0.00401166 8.46522e-07
-8.76637e-08 0.00401166 8.51778e-07
-8.76637e-08 0.00401166 8.57035e-07
-8.76637e-08 0.00401166 8.62291e-07
-8.76637e-08 0.00401165 8.67547e-07
-8.76637e-08 0.00401165 8.72803e-07
-8.76637e-08 0.00401165 8.78059e-07
-8.76637e-08 0.00401165 8.83316e-07
-8.76637e-08 0.00401165 8.88572e-07
-8.76637e-08 0.00401165 8.93828e-07
-8.76637e-08 0.00401164 8.99084e-07
-8.76637e-08 0.00401164 9.0434e-07
-8.76637e-08 0.00401164 9.09597e-07
-8.76637e-08 0.00401164 9.14853e-07
-8.76637e-08 0.00401164 9.20109e-07
-8.76637e-08 0.00401164 9.25365e-07
-8.76637e-08 0.00401163 9.30621e-07
-8.76637e-08 0.00401163 9.35878e-07
-8.76637e-08 0.00401163 9.41134e-07
-8.76637e-08 0.00401163 9.4639e-07
-8.76637e-08 0.00401163 9.51646e-07
-8.76637e-08 0.00401162 9.56902e-07
-8.76637e-08 0.00401162 9.62159e-07
-8.76637e-08 0.00401162 9.67415e-07
-8.76637e-08 0.00401162 9.72671e-07
-8.76637e-08 0.00401162 9.77927e-07
-8.76637e-08 0.00401162 9.83183e-07
-8.76637e-08 0.00401161 9.8844e-07
-8.76637e-08 0.00401161 9.93696e-07
-8.76637e-08 0.00401161 9.98952e-07
-8.76637e-08 0.00401161 1.00421e-06
-8.76637e-08 0.00401161 1.00946e-06
-8.76637e-08 0.00401161 1.01472e-06
-8.76637e-08 0.0040116 1.01998e-06
-8.76637e-08 0.0040116 1.02523e-06
-8.76637e-08 0.0040116 1.03049e-06
-8.76637e-08 0.0040116 1.03575e-06
-8.76637e-08 0.0040116 1.041e-06
-8.76637e-08 0.0040116 1.04626e-06
-8.76637e-08 0.00401159 1.05151e-06
-8.76637e-08 0.00401159 1.05677e-06
-8.76637e-08 0.00401159 1.06203e-06
-8.76637e-08 0.00401159 1.06728e-06
-8.76637e-08 0.00401159 1.07254e-06
-8.76637e-08 0.00401158 1.07779e-06
-8.76637e-08 0.00401158 1.08305e-06
-8.76637e-08 0.00401158 1.08831e-06
-8.76637e-08 0.00401158 1.09356e-06
-8.76637e-08 0.00401158 1.09882e-06
-8.76637e-08 0.00401158 1.10408e-06
-8.76637e-08 0.00401157 1.10933e-06
-8.76637e-08 0.00401157 1.11459e-06
-8.76637e-08 0.00401157 1.11984e-06
-8.76637e-08 0.00401157 1.1251e-06
-8.76637e-08 0.00401157 1.13036e-06
-8.76637e-08 0.00401157 1.13561e-06
-8.76637e-08 0.00401156 1.14087e-06
-8.76637e-08 0.00401156 1.14613e-06
-8.76637e-08 0.00401156 1.15138e-06
-8.76637e-08 0.00401156 1.15664e-06
-8.76637e-08 0.00401156 1.16189e-06
-8.76637e-08 0.00401156 1.16715e-06
-8.76637e-08 0.00401155 1.17241e-06
-8.76637e-08 0.00401155 1.17766e-06
-8.76637e-08 0.00401155 1.18292e-06
-9.2896e-08 0.00401168 8.09729e-07
-9.2896e-08 0.00401167 8.14985e-07
-9.2896e-08 0.00401167 8.20241e-07
-9.2896e-08 0.00401167 8.25497e-07
-9.2896e-08 0.00401167 8.30754e-07
-9.2896e-08 0.00401167 8.3601e-07
-9.2896e-08 0.00401167 8.41266e-07
-9.2896e-08 0.00401166 8.46522e-07
-9.2896e-08 0.00401166 8.51778e-07
-9.2896e-08 0.00401166 8.57035e-07
-9.2896e-08 0.00401166 8.62291e-07
-9.2896e-08 0.00401166 8.67547e-07
-9.2896e-08 0.00401165 8.72803e-07
-9.2896e-08 0.00401165 8.78059e-07
-9.2896e-08 0.00401165 8.83316e-07
-9.2896e-08 0.00401165 8.88572e-07
-9.2896e-08 0.00401165 8.93828e-07
-9.2896e-08 0.00401165 8.99084e-07
-9.2896e-08 0.00401164 9.0434e-07
-9.2896e-08 0.00401164 9.09597e-07
-9.2896e-08 0.00401164 9.14853e-07
-9.2896e-08 0.00401164 9.20109e-07
-9.2896e-08 0.00401164 9.25365e-07
-9.2896e-08 0.00401164 9.30621e-07
-9.2896e-08 0.00401163 9.35878e-07
-9.2896e-08 0.00401163 9.41134e-07
-9.2896e-08 0.00401163 9.4639e-07
-9.2896e-08 0.00401163 9.51646e-07
-9.2896e-08 0.00401163 9.56902e-07
-9.2896e-08 0.00401162 9.62159e-07
-9.2896e-08 0.00401162 9.67415e-07
-9.2896e-08 0.00401162 9.72671e-07
-9.2896e-08 0.00401162 9.77927e-07
-9.2896e-08 0.00401162 9.83183e-07
-9.2896e-08 0.00401162 9.8844e-07
-9.2896e-08 0.00401161 9.93696e-07
-9.2896e-08 0.00401161 9.98952e-07
-9.2896e-08 0.00401161 1.00421e-06
-9.2896e-08 0.00401161 1.00946e-06
-9.2896e-08 0.00401161 1.01472e-06
-9.2896e-08 0.00401161 1.01998e-06
-9.2896e-08 0.0040116 1.02523e-06
-9.2896e-08 0.0040116 1.03049e-06
-9.2896e-08 0.0040116 1.03575e-06
-9.2896e-08 0.0040116 1.041e-06
-9.2896e-08 0.0040116 1.04626e-06
-9.2896e-08 0.0040116 1.05151e-06
-9.2896e-08 0.00401159 1.05677e-06
-9.2896e-08 0.00401159 1.06203e-06
-9.2896e-08 0.00401159 1.06728e-06
-9.2896e-08 0.00401159 1.07254e-06
-9.2896e-08 0.00401159 1.07779e-06
-9.2896e-08 0.00401158 1.08305e-06
-9.2896e-08 0.00401158 1.08831e-06
-9.2896e-08 0.00401158 1.09356e-06
-9.2896e-08 0.00401158 1.09882e-06
-9.2896e-08 0.00401158 1.10408e-06
-9.2896e-08 0.00401158 1.10933e-06
-9.2896e-08 0.00401157 1.11459e-06
-9.2896e-08 0.00401157 1.11984e-06
-9.2896e-08 0.00401157 1.1251e-06
-9.2896e-08 0.00401157 1.13036e-06
-9.2896e-08 0.00401157 1.13561e-06
-9.2896e-08 0.00401157 1.14087e-06
-9.2896e-08 0.00401156 1.14613e-06
-9.2896e-08 0.00401156 1.15138e-06
-9.2896e-08 0.00401156 1.15664e-06
-9.2896e-08 0.00401156 1.16189e-06
-9.2896e-08 0.00401156 1.16715e-06
-9.2896e-08 0.00401156 1.17241e-06
-9.2896e-08 0.00401155 1.17766e-06
-9.2896e-08 0.00401155 1.18292e-06
-8.41755e-08 0.00401155 1.18817e-06
-8.76637e-08 0.00401155 1.18817e-06
-8.41755e-08 0.00401155 1.18292e-06
-8.76637e-08 0.00401155 1.18292e-06
-8.41755e-08 0.00401155 1.17766e-06
-8.76637e-08 0.00401155 1.17766e-06
-8.41755e-08 0.00401155 1.17241e-06
-8.76637e-08 0.00401155 1.17241e-06
-8.41755e-08 0.00401155 1.16715e-06
-8.76637e-08 0.00401156 1.16715e-06
-8.41755e-08 0.00401156 1.16189e-06
-8.76637e-08 0.00401156 1.16189e-06
-8.41755e-08 0.00401156 1.15664e-06
-8.76637e-08 0.00401156 1.15664e-06
-8.41755e-08 0.00401156 1.15138e-06
-8.76637e-08 0.00401156 1.15138e-06
-8.41755e-08 0.00401156 1.14613e-06
-8.76637e-08 0.00401156 1.14613e-06
-8.41755e-08 0.00401156 1.14087e-06
-8.76637e-08 0.00401156 1.14087e-06
-8.41755e-08 0.00401156 1.13561e-06
-8.76637e-08 0.00401157 1.13561e-06
-8.41755e-08 0.00401157 1.13036e-06
-8.76637e-08 0.00401157 1.13036e-06
-8.41755e-08 0.00401157 1.1251e-06
-8.76637e-08 0.00401157 1.1251e-06
-8.41755e-08 0.00401157 1.11984e-06
-8.76637e-08 0.00401157 1.11984e-06
-8.41755e-08 0.00401157 1.11459e-06
-8.76637e-08 0.00401157 1.11459e-06
-8.41755e-08 0.00401157 1.10933e-06
-8.76637e-08 0.00401157 1.10933e-06
-8.41755e-08 0.00401158 1.10408e-06
-8.76637e-08 0.00401158 1.10408e-06
-8.41755e-08 0.00401158 1.09882e-06
-8.76637e-08 0.00401158 1.09882e-06
-8.41755e-08 0.00401158 1.09356e-06
-8.76637e-08 0.00401158 1.09356e-06
-8.41755e-08 0.00401158 1.08831e-06
-8.76637e-08 0.00401158 1.08831e-06
-8.41755e-08 0.00401158 1.08305e-06
-8.76637e-08 0.00401158 1.08305e-06
-8.41755e-08 0.00401158 1.07779e-06
-8.76637e-08 0.00401158 1.07779e-06
-8.41755e-08 0.00401159 1.07254e-06
-8.76637e-08 0.00401159 1.07254e-06
-8.41755e-08 0.00401159 1.06728e-06
-8.76637e-08 0.00401159 1.06728e-06
-8.41755e-08 0.00401159 1.06203e-06
-8.76637e-08 0.00401159 1.06203e-06
-8.41755e-08 0.00401159 1.05677e-06
-8.76637e-08 0.00401159 1.05677e-06
-8.41755e-08 0.00401159 1.05151e-06
-8.76637e-08 0.00401159 1.05151e-06
-8.41755e-08 0.00401159 1.04626e-06
-8.76637e-08 0.0040116 1.04626e-06
-8.41755e-08 0.0040116 1.041e-06
-8.76637e-08 0.0040116 1.041e-06
-8.41755e-08 0.0040116 1.03575e-06
-8.76637e-08 0.0040116 1.03575e-06
-8.41755e-08 0.0040116 1.03049e-06
-8.76637e-08 0.0040116 1.03049e-06
-8.41755e-08 0.0040116 1.02523e-06
-8.76637e-08 0.0040116 1.02523e-06
-8.41755e-08 0.0040116 1.01998e-06
-8.76637e-08 0.0040116 1.01998e-06
-8.41755e-08 0.0040116 1.01472e-06
-8.76637e-08 0.00401161 1.01472e-06
-8.41755e-08 0.00401161 1.00946e-06
-8.76637e-08 0.00401161 1.00946e-06
-8.41755e-08 0.00401161 1.00421e-06
-8.76637e-08 0.00401161 1.00421e-06
-8.41755e-08 0.00401161 9.98952e-07
-8.76637e-08 0.00401161 9.98952e-07
-8.41755e-08 0.00401161 9.93696e-07
-8.76637e-08 0.00401161 9.93696e-07
-8.41755e-08 0.00401161 9.8844e-07
-8.76637e-08 0.00401161 9.8844e-07
-8.41755e-08 0.00401162 9.83183e-07
-8.76637e-08 0.00401162 9.83183e-07
-8.41755e-08 0.00401162 9.77927e-07
-8.76637e-08 0.00401162 9.77927e-07
-8.41755e-08 0.00401162 9.72671e-07
-8.76637e-08 0.00401162 9.72671e-07
-8.41755e-08 0.00401162 9.67415e-07
-8.76637e-08 0.00401162 9.67415e-07
-8.41755e-08 0.00401162 9.62159e-07
-8.76637e-08 0.00401162 9.62159e-07
-8.41755e-08 0.00401162 9.56902e-07
-8.76637e-08 0.00401162 9.56902e-07
-8.41755e-08 0.00401163 9.51646e-07
-8.76637e-08 0.00401163 9.51646e-07
-8.41755e-08 0.00401163 9.4639e-07
-8.76637e-08 0.00401163 9.4639e-07
-8.41755e-08 0.00401163 9.41134e-07
-8.76637e-08 0.00401163 9.41134e-07
-8.41755e-08 0.00401163 9.35878e-07
-8.76637e-08 0.00401163 9.35878e-07
-8.41755e-08 0.00401163 9.30621e-07
-8.76637e-08 0.00401163 9.30621e-07
-8.41755e-08 0.00401163 9.25365e-07
-8.76637e-08 0.00401164 9.25365e-07
-8.41755e-08 0.00401164 9.20109e-07
-8.76637e-08 0.00401164 9.20109e-07
-8.41755e-08 0.00401164 9.14853e-07
-8.76637e-08 0.00401164 9.14853e-07
-8.41755e-08 0.00401164 9.09597e-07
-8.76637e-08 0.00401164 9.09597e-07
-8.41755e-08 0.00401164 9.0434e-07
-8.76637e-08 0.00401164 9.0434e-07
-8.41755e-08 0.00401164 8.99084e-07
-8.76637e-08 0.00401164 8.99084e-07
-8.41755e-08 0.00401164 8.93828e-07
-8.76637e-08 0.00401165 8.93828e-07
-8.41755e-08 0.00401165 8.88572e-07
-8.76637e-08 0.00401165 8.88572e-07
-8.41755e-08 0.00401165 8.83316e-07
-8.76637e-08 0.00401165 8.83316e-07
-8.41755e-08 0.00401165 8.78059e-07
-8.76637e-08 0.00401165 8.78059e-07
-8.41755e-08 0.00401165 8.72803e-07
-8.76637e-08 0.00401165 8.72803e-07
-8.41755e-08 0.00401165 8.67547e-07
-8.76637e-08 0.00401165 8.67547e-07
-8.41755e-08 0.00401166 8.62291e-07
-8.76637e-08 0.00401166 8.62291e-07
-8.41755e-08 0.00401166 8.57035e-07
-8.76637e-08 0.00401166 8.57035e-07
-8.41755e-08 0.00401166 8.51778e-07
-8.76637e-08 0.00401166 8.51778e-07
-8.41755e-08 0.00401166 8.46522e-07
-8.76637e-08 0.00401166 8.46522e-07
-8.41755e-08 0.00401166 8.41266e-07
-8.76637e-08 0.00401166 8.41266e-07
-8.41755e-08 0.00401166 8.3601e-07
-8.76637e-08 0.00401167 8.3601e-07
-8.41755e-08 0.00401167 8.30754e-07
-8.76637e-08 0.00401167 8.30754e-07
-8.41755e-08 0.00401167 8.25497e-07
-8.76637e-08 0.00401167 8.25497e-07
-8.41755e-08 0.00401167 8.20241e-07
-8.76637e-08 0.00401167 8.20241e-07
-8.41755e-08 0.00401167 8.14985e-07
-8.76637e-08 0.00401167 8.14985e-07
-8.41755e-08 0.00401167 8.09729e-07
-8.76637e-08 0.00401167 8.09729e-07
-8.41755e-08 0.00401167 8.04473e-07
-8.76637e-08 0.00401168 8.04473e-07
-9.81283e-08 0.00401155 1.18817e-06
-1.01617e-07 0.00401155 1.18817e-06
-9.81283e-08 0.00401155 1.18292e-06
-1.01617e-07 0.00401155 1.18292e-06
-9.81283e-08 0.00401156 1.17766e-06
-1.01617e-07 0.00401156 1.17766e-06
-9.81283e-08 0.00401156 1.17241e-06
-1.01617e-07 0.00401156 1.17241e-06
-9.81283e-08 0.00401156 1.16715e-06
-1.01617e-07 0.00401156 1.16715e-06
-9.81283e-08 0.00401156 1.16189e-06
-1.01617e-07 0.00401156 1.16189e-06
-9.81283e-08 0.00401156 1.15664e-06
-1.01617e-07 0.00401156 1.15664e-06
-9.81283e-08 0.00401156 1.15138e-06
-1.01617e-07 0.00401156 1.15138e-06
-9.81283e-08 0.00401157 1.14613e-06
-1.01617e-07 0.00401157 1.14613e-06
-9.81283e-08 0.00401157 1.14087e-06
-1.01617e-07 0.00401157 1.14087e-06
-9.81283e-08 0.00401157 1.13561e-06
-1.01617e-07 0.00401157 1.13561e-06
-9.81283e-08 0.00401157 1.13036e-06
-1.01617e-07 0.00401157 1.13036e-06
-9.81283e-08 0.00401157 1.1251e-06
-1.01617e-07 0.00401157 1.1251e-06
-9.81283e-08 0.00401157 1.11984e-06
-1.01617e-07 0.00401158 1.11984e-06
-9.81283e-08 0.00401158 1.11459e-06
-1.01617e-07 0.00401158 1.11459e-06
-9.81283e-08 0.00401158 1.10933e-06
-1.01617e-07 0.00401158 1.10933e-06
-9.81283e-08 0.00401158 1.10408e-06
-1.01617e-07 0.00401158 1.10408e-06
-9.81283e-08 0.00401158 1.09882e-06
-1.01617e-07 0.00401158 1.09882e-06
-9.81283e-08 0.00401158 1.09356e-06
-1.01617e-07 0.00401158 1.09356e-06
-9.81283e-08 0.00401158 1.08831e-06
-1.01617e-07 0.00401159 1.08831e-06
-9.81283e-08 0.00401159 1.08305e-06
-1.01617e-07 0.00401159 1.08305e-06
-9.81283e-08 0.00401159 1.07779e-06
-1.01617e-07 0.00401159 1.07779e-06
-9.81283e-08 0.00401159 1.07254e-06
-1.01617e-07 0.00401159 1.07254e-06
-9.81283e-08 0.00401159 1.06728e-06
-1.01617e-07 0.00401159 1.06728e-06
-9.81283e-08 0.00401159 1.06203e-06
-1.01617e-07 0.00401159 1.06203e-06
-9.81283e-08 0.0040116 1.05677e-06
-1.01617e-07 0.0040116 1.05677e-06
-9.81283e-08 0.0040116 1.05151e-06
-1.01617e-07 0.0040116 1.05151e-06
-9.81283e-08 0.0040116 1.04626e-06
-1.01617e-07 0.0040116 1.04626e-06
-9.81283e-08 0.0040116 1.041e-06
-1.01617e-07 0.0040116 1.041e-06
-9.81283e-08 0.0040116 1.03575e-06
-1.01617e-07 0.0040116 1.03575e-06
-9.81283e-08 0.0040116 1.03049e-06
-1.01617e-07 0.0040116 1.03049e-06
-9.81283e-08 0.00401161 1.02523e-06
-1.01617e-07 0.00401161 1.02523e-06
-9.81283e-08 0.00401161 1.01998e-06
-1.01617e-07 0.00401161 1.01998e-06
-9.81283e-08 0.00401161 1.01472e-06
-1.01617e-07 0.00401161 1.01472e-06
-9.81283e-08 0.00401161 1.00946e-06
-1.01617e-07 0.00401161 1.00946e-06
-9.81283e-08 0.00401161 1.00421e-06
-1.01617e-07 0.00401161 1.00421e-06
-9.81283e-08 0.00401161 9.98952e-07
-1.01617e-07 0.00401162 9.98952e-07
-9.81283e-08 0.00401162 9.93696e-07
-1.01617e-07 0.00401162 9.93696e-07
-9.81283e-08 0.00401162 9.8844e-07
-1.01617e-07 0.00401162 9.8844e-07
-9.81283e-08 0.00401162 9.83183e-07
-1.01617e-07 0.00401162 9.83183e-07
-9.81283e-08 0.00401162 9.77927e-07
-1.01617e-07 0.00401162 9.77927e-07
-9.81283e-08 0.00401162 9.72671e-07
-1.01617e-07 0.00401162 9.72671e-07
-9.81283e-08 0.00401162 9.67415e-07
-1.01617e-07 0.00401163 9.67415e-07
-9.81283e-08 0.00401163 9.62159e-07
-1.01617e-07 0.00401163 9.62159e-07
-9.81283e-08 0.00401163 9.56902e-07
-1.01617e-07 0.00401163 9.56902e-07
-9.81283e-08 0.00401163 9.51646e-07
-1.01617e-07 0.00401163 9.51646e-07
-9.81283e-08 0.00401163 9.4639e-07
-1.01617e-07 0.00401163 9.4639e-07
-9.81283e-08 0.00401163 9.41134e-07
-1.01617e-07 0.00401163 9.41134e-07
-9.81283e-08 0.00401164 9.35878e-07
-1.01617e-07 0.00401164 9.35878e-07
-9.81283e-08 0.00401164 9.30621e-07
-1.01617e-07 0.00401164 9.30621e-07
-9.81283e-08 0.00401164 9.25365e-07
-1.01617e-07 0.00401164 9.25365e-07
-9.81283e-08 0.00401164 9.20109e-07
-1.01617e-07 0.00401164 9.20109e-07
-9.81283e-08 0.00401164 9.14853e-07
-1.01617e-07 0.00401164 9.14853e-07
-9.81283e-08 0.00401164 9.09597e-07
-1.01617e-07 0.00401164 9.09597e-07
-9.81283e-08 0.00401165 9.0434e-07
-1.01617e-07 0.00401165 9.0434e-07
-9.81283e-08 0.00401165 8.99084e-07
-1.01617e-07 0.00401165 8.99084e-07
-9.81283e-08 0.00401165 8.93828e-07
-1.01617e-07 0.00401165 8.93828e-07
-9.81283e-08 0.00401165 8.88572e-07
-1.01617e-07 0.00401165 8.88572e-07
-9.81283e-08 0.00401165 8.83316e-07
-1.01617e-07 0.00401165 8.83316e-07
-9.81283e-08 0.00401165 8.78059e-07
-1.01617e-07 0.00401166 8.78059e-07
-9.81283e-08 0.00401166 8.72803e-07
-1.01617e-07 0.00401166 8.72803e-07
-9.81283e-08 0.00401166 8.67547e-07
-1.01617e-07 0.00401166 8.67547e-07
-9.81283e-08 0.00401166 8.62291e-07
-1.01617e-07 0.00401166 8.62291e-07
-9.81283e-08 0.00401166 8.57035e-07
-1.01617e-07 0.00401166 8.57035e-07
-9.81283e-08 0.00401166 8.51778e-07
-1.01617e-07 0.00401166 8.51778e-07
-9.81283e-08 0.00401166 8.46522e-07
-1.01617e-07 0.00401167 8.46522e-07
-9.81283e-08 0.00401167 8.41266e-07
-1.01617e-07 0.00401167 8.41266e-07
-9.81283e-08 0.00401167 8.3601e-07
-1.01617e-07 0.00401167 8.3601e-07
-9.81283e-08 0.00401167 8.30754e-07
-1.01617e-07 0.00401167 8.30754e-07
-9.81283e-08 0.00401167 8.25497e-07
-1.01617e-07 0.00401167 8.25497e-07
-9.81283e-08 0.00401167 8.20241e-07
-1.01617e-07 0.00401167 8.20241e-07
-9.81283e-08 0.00401168 8.14985e-07
-1.01617e-07 0.00401168 8.14985e-07
-9.81283e-08 0.00401168 8.09729e-07
-1.01617e-07 0.00401168 8.09729e-07
-9.81283e-08 0.00401168 8.04473e-07
-1.01617e-07 0.00401168 8.04473e-07
