-6.71039e-10 0.00401599 -7.39068e-07
-6.71039e-10 0.00401601 3.57473e-07
-3.05767e-08 0.00401603 -7.39068e-07
-3.05767e-08 0.00401605 3.57473e-07
-6.71039e-10 0.00401599 -7.24047e-07
-6.71039e-10 0.00401599 -7.09025e-07
-6.71039e-10 0.00401599 -6.94004e-07
-6.71039e-10 0.00401599 -6.78983e-07
-6.71039e-10 0.00401599 -6.63962e-07
-6.71039e-10 0.00401599 -6.48941e-07
-6.71039e-10 0.00401599 -6.3392e-07
-6.71039e-10 0.00401599 -6.18899e-07
-6.71039e-10 0.00401599 -6.03878e-07
-6.71039e-10 0.00401599 -5.88857e-07
-6.71039e-10 0.00401599 -5.73836e-07
-6.71039e-10 0.00401599 -5.58814e-07
-6.71039e-10 0.00401599 -5.43793e-07
-6.71039e-10 0.00401599 -5.28772e-07
-6.71039e-10 0.00401599 -5.13751e-07
-6.71039e-10 0.00401599 -4.9873e-07
-6.71039e-10 0.00401599 -4.83709e-07
-6.71039e-10 0.00401599 -4.68688e-07
-6.71039e-10 0.00401599 -4.53667e-07
-6.71039e-10 0.00401599 -4.38646e-07
-6.71039e-10 0.00401599 -4.23624e-07
-6.71039e-10 0.00401599 -4.08603e-07
-6.71039e-10 0.00401599 -3.93582e-07
-6.71039e-10 0.00401599 -3.78561e-07
-6.71039e-10 0.00401599 -3.6354e-07
-6.71039e-10 0.00401599 -3.48519e-07
-6.71039e-10 0.00401599 -3.33498e-07
-6.71039e-10 0.00401599 -3.18477e-07
-6.71039e-10 0.00401599 -3.03456e-07
-6.71039e-10 0.00401599 -2.88435e-07
-6.71039e-10 0.00401599 -2.73413e-07
-6.71039e-10 0.004016 -2.58392e-07
-6.71039e-10 0.004016 -2.43371e-07
-6.71039e-10 0.004016 -2.2835e-07
-6.71039e-10 0.004016 -2.13329e-07
-6.71039e-10 0.004016 -1.98308e-07
-6.71039e-10 0.004016 -1.83287e-07
-6.71039e-10 0.004016 -1.68266e-07
-6.71039e-10 0.004016 -1.53245e-07
-6.71039e-10 0.004016 -1.38224e-07
-6.71039e-10 0.004016 -1.23202e-07
-6.71039e-10 0.004016 -1.08181e-07
-6.71039e-10 0.004016 -9.31602e-08
-6.71039e-10 0.004016 -7.81391e-08
-6.71039e-10 0.004016 -6.3118e-08
-6.71039e-10 0.004016 -4.80969e-08
-6.71039e-10 0.004016 -3.30758e-08
-6.71039e-10 0.004016 -1.80547e-08
-6.71039e-10 0.004016 -3.03357e-09
-6.71039e-10 0.004016 1.19876e-08
-6.71039e-10 0.004016 2.70086e-08
-6.71039e-10 0.004016 4.20297e-08
-6.71039e-10 0.004016 5.70508e-08
-6.71039e-10 0.004016 7.2072e-08
-6.71039e-10 0.004016 8.7093e-08
-6.71039e-10 0.004016 1.02114e-07
-6.71039e-10 0.004016 1.17135e-07
-6.71039e-10 0.004016 1.32156e-07
-6.71039e-10 0.004016 1.47177e-07
-6.71039e-10 0.004016 1.62199e-07
-6.71039e-10 0.004016 1.7722e-07
-6.71039e-10 0.004016 1.92241e-07
-6.71039e-10 0.004016 2.07262e-07
-6.71039e-10 0.004016 2.22283e-07
-6.71039e-10 0.004016 2.37304e-07
-6.71039e-10 0.004016 2.52325e-07
-6.71039e-10 0.004016 2.67346e-07
-6.71039e-10 0.004016 2.82367e-07
-6.71039e-10 0.00401601 2.97389e-07
-6.71039e-10 0.00401601 3.1241e-07
-6.71039e-10 0.00401601 3.27431e-07
-6.71039e-10 0.00401601 3.42452e-07
-1.56239e-08 0.00401603 3.57473e-07
-1.56239e-08 0.00401601 -7.39068e-07
-3.05767e-08 0.00401605 3.42452e-07
-3.05767e-08 0.00401605 3.27431e-07
-3.05767e-08 0.00401605 3.1241e-07
-3.05767e-08 0.00401605 2.97389e-07
-3.05767e-08 0.00401605 2.82367e-07
-3.05767e-08 0.00401605 2.67346e-07
-3.05767e-08 0.00401605 2.52325e-07
-3.05767e-08 0.00401605 2.37304e-07
-3.05767e-08 0.00401605 2.22283e-07
-3.05767e-08 0.00401605 2.07262e-07
-3.05767e-08 0.00401605 1.92241e-07
-3.05767e-08 0.00401604 1.7722e-07
-3.05767e-08 0.00401604 1.62199e-07
-3.05767e-08 0.00401604 1.47177e-07
-3.05767e-08 0.00401604 1.32156e-07
-3.05767e-08 0.00401604 1.17135e-07
-3.05767e-08 0.00401604 1.02114e-07
-3.05767e-08 0.00401604 8.7093e-08
-3.05767e-08 0.00401604 7.2072e-08
-3.05767e-08 0.00401604 5.70508e-08
-3.05767e-08 0.00401604 4.20297e-08
-3.05767e-08 0.00401604 2.70086e-08
-3.05767e-08 0.00401604 1.19876e-08
-3.05767e-08 0.00401604 -3.03357e-09
-3.05767e-08 0.00401604 -1.80547e-08
-3.05767e-08 0.00401604 -3.30758e-08
-3.05767e-08 0.00401604 -4.80969e-08
-3.05767e-08 0.00401604 -6.3118e-08
-3.05767e-08 0.00401604 -7.81391e-08
-3.05767e-08 0.00401604 -9.31602e-08
-3.05767e-08 0.00401604 -1.08181e-07
-3.05767e-08 0.00401604 -1.23202e-07
-3.05767e-08 0.00401604 -1.38224e-07
-3.05767e-08 0.00401604 -1.53245e-07
-3.05767e-08 0.00401604 -1.68266e-07
-3.05767e-08 0.00401604 -1.83287e-07
-3.05767e-08 0.00401604 -1.98308e-07
-3.05767e-08 0.00401604 -2.13329e-07
-3.05767e-08 0.00401604 -2.2835e-07
-3.05767e-08 0.00401604 -2.43371e-07
-3.05767e-08 0.00401604 -2.58392e-07
-3.05767e-08 0.00401604 -2.73413e-07
-3.05767e-08 0.00401604 -2.88435e-07
-3.05767e-08 0.00401604 -3.03456e-07
-3.05767e-08 0.00401604 -3.18477e-07
-3.05767e-08 0.00401604 -3.33498e-07
-3.05767e-08 0.00401603 -3.48519e-07
-3.05767e-08 0.00401603 -3.6354e-07
-3.05767e-08 0.00401603 -3.78561e-07
-3.05767e-08 0.00401603 -3.93582e-07
-3.05767e-08 0.00401603 -4.08603e-07
-3.05767e-08 0.00401603 -4.23624e-07
-3.05767e-08 0.00401603 -4.38646e-07
-3.05767e-08 0.00401603 -4.53667e-07
-3.05767e-08 0.00401603 -4.68688e-07
-3.05767e-08 0.00401603 -4.83709e-07
-3.05767e-08 0.00401603 -4.9873e-07
-3.05767e-08 0.00401603 -5.13751e-07
-3.05767e-08 0.00401603 -5.28772e-07
-3.05767e-08 0.00401603 -5.43793e-07
-3.05767e-08 0.00401603 -5.58814e-07
-3.05767e-08 0.00401603 -5.73836e-07
-3.05767e-08 0.00401603 -5.88857e-07
-3.05767e-08 0.00401603 -6.03878e-07
-3.05767e-08 0.00401603 -6.18899e-07
-3.05767e-08 0.00401603 -6.3392e-07
-3.05767e-08 0.00401603 -6.48941e-07
-3.05767e-08 0.00401603 -6.63962e-07
-3.05767e-08 0.00401603 -6.78983e-07
-3.05767e-08 0.00401603 -6.94004e-07
-3.05767e-08 0.00401603 -7.09025e-07
-3.05767e-08 0.00401603 -7.24047e-07
-1.56239e-08 0.00401603 3.42452e-07
-1.56239e-08 0.00401603 3.27431e-07
-1.56239e-08 0.00401603 3.1241e-07
-1.56239e-08 0.00401603 2.97389e-07
-1.56239e-08 0.00401603 2.82367e-07
-1.56239e-08 0.00401603 2.67346e-07
-1.56239e-08 0.00401603 2.52325e-07
-1.56239e-08 0.00401602 2.37304e-07
-1.56239e-08 0.00401602 2.22283e-07
-1.56239e-08 0.00401602 2.07262e-07
-1.56239e-08 0.00401602 1.92241e-07
-1.56239e-08 0.00401602 1.7722e-07
-1.56239e-08 0.00401602 1.62199e-07
-1.56239e-08 0.00401602 1.47177e-07
-1.56239e-08 0.00401602 1.32156e-07
-1.56239e-08 0.00401602 1.17135e-07
-1.56239e-08 0.00401602 1.02114e-07
-1.56239e-08 0.00401602 8.7093e-08
-1.56239e-08 0.00401602 7.2072e-08
-1.56239e-08 0.00401602 5.70508e-08
-1.56239e-08 0.00401602 4.20297e-08
-1.56239e-08 0.00401602 2.70086e-08
-1.56239e-08 0.00401602 1.19876e-08
-1.56239e-08 0.00401602 -3.03357e-09
-1.56239e-08 0.00401602 -1.80547e-08
-1.56239e-08 0.00401602 -3.30758e-08
-1.56239e-08 0.00401602 -4.80969e-08
-1.56239e-08 0.00401602 -6.3118e-08
-1.56239e-08 0.00401602 -7.81391e-08
-1.56239e-08 0.00401602 -9.31602e-08
-1.56239e-08 0.00401602 -1.08181e-07
-1.56239e-08 0.00401602 -1.23202e-07
-1.56239e-08 0.00401602 -1.38224e-07
-1.56239e-08 0.00401602 -1.53245e-07
-1.56239e-08 0.00401602 -1.68266e-07
-1.56239e-08 0.00401602 -1.83287e-07
-1.56239e-08 0.00401602 -1.98308e-07
-1.56239e-08 0.00401602 -2.13329e-07
-1.56239e-08 0.00401602 -2.2835e-07
-1.56239e-08 0.00401602 -2.43371e-07
-1.56239e-08 0.00401602 -2.58392e-07
-1.56239e-08 0.00401602 -2.73413e-07
-1.56239e-08 0.00401602 -2.88435e-07
-1.56239e-08 0.00401602 -3.03456e-07
-1.56239e-08 0.00401601 -3.18477e-07
-1.56239e-08 0.00401601 -3.33498e-07
-1.56239e-08 0.00401601 -3.48519e-07
-1.56239e-08 0.00401601 -3.6354e-07
-1.56239e-08 0.00401601 -3.78561e-07
-1.56239e-08 0.00401601 -3.93582e-07
-1.56239e-08 0.00401601 -4.08603e-07
-1.56239e-08 0.00401601 -4.23624e-07
-1.56239e-08 0.00401601 -4.38646e-07
-1.56239e-08 0.00401601 -4.53667e-07
-1.56239e-08 0.00401601 -4.68688e-07
-1.56239e-08 0.00401601 -4.83709e-07
-1.56239e-08 0.00401601 -4.9873e-07
-1.56239e-08 0.00401601 -5.13751e-07
-1.56239e-08 0.00401601 -5.28772e-07
-1.56239e-08 0.00401601 -5.43793e-07
-1.56239e-08 0.00401601 -5.58814e-07
-1.56239e-08 0.00401601 -5.73836e-07
-1.56239e-08 0.00401601 -5.88857e-07
-1.56239e-08 0.00401601 -6.03878e-07
-1.56239e-08 0.00401601 -6.18899e-07
-1.56239e-08 0.00401601 -6.3392e-07
-1.56239e-08 0.00401601 -6.48941e-07
-1.56239e-08 0.00401601 -6.63962e-07
-1.56239e-08 0.00401601 -6.78983e-07
-1.56239e-08 0.00401601 -6.94004e-07
-1.56239e-08 0.00401601 -7.09025e-07
-1.56239e-08 0.00401601 -7.24047e-07
-4.05452e-08 0.00401604 -7.39068e-07
-3.05767e-08 0.00401603 -7.39068e-07
-4.05452e-08 0.00401604 -7.24047e-07
-3.05767e-08 0.00401603 -7.24047e-07
-4.05452e-08 0.00401604 -7.09025e-07
-3.05767e-08 0.00401603 -7.09025e-07
-4.05452e-08 0.00401604 -6.94004e-07
-3.05767e-08 0.00401603 -6.94004e-07
-4.05452e-08 0.00401604 -6.78983e-07
-3.05767e-08 0.00401603 -6.78983e-07
-4.05452e-08 0.00401604 -6.63962e-07
-3.05767e-08 0.00401603 -6.63962e-07
-4.05452e-08 0.00401604 -6.48941e-07
-3.05767e-08 0.00401603 -6.48941e-07
-4.05452e-08 0.00401604 -6.3392e-07
-3.05767e-08 0.00401603 -6.3392e-07
-4.05452e-08 0.00401604 -6.18899e-07
-3.05767e-08 0.00401603 -6.18899e-07
-4.05452e-08 0.00401604 -6.03878e-07
-3.05767e-08 0.00401603 -6.03878e-07
-4.05452e-08 0.00401604 -5.88857e-07
-3.05767e-08 0.00401603 -5.88857e-07
-4.05452e-08 0.00401604 -5.73836e-07
-3.05767e-08 0.00401603 -5.73836e-07
-4.05452e-08 0.00401605 -5.58814e-07
-3.05767e-08 0.00401603 -5.58814e-07
-4.05452e-08 0.00401605 -5.43793e-07
-3.05767e-08 0.00401603 -5.43793e-07
-4.05452e-08 0.00401605 -5.28772e-07
-3.05767e-08 0.00401603 -5.28772e-07
-4.05452e-08 0.00401605 -5.13751e-07
-3.05767e-08 0.00401603 -5.13751e-07
-4.05452e-08 0.00401605 -4.9873e-07
-3.05767e-08 0.00401603 -4.9873e-07
-4.05452e-08 0.00401605 -4.83709e-07
-3.05767e-08 0.00401603 -4.83709e-07
-4.05452e-08 0.00401605 -4.68688e-07
-3.05767e-08 0.00401603 -4.68688e-07
-4.05452e-08 0.00401605 -4.53667e-07
-3.05767e-08 0.00401603 -4.53667e-07
-4.05452e-08 0.00401605 -4.38646e-07
-3.05767e-08 0.00401603 -4.38646e-07
-4.05452e-08 0.00401605 -4.23624e-07
-3.05767e-08 0.00401603 -4.23624e-07
-4.05452e-08 0.00401605 -4.08603e-07
-3.05767e-08 0.00401603 -4.08603e-07
-4.05452e-08 0.00401605 -3.93582e-07
-3.05767e-08 0.00401603 -3.93582e-07
-4.05452e-08 0.00401605 -3.78561e-07
-3.05767e-08 0.00401603 -3.78561e-07
-4.05452e-08 0.00401605 -3.6354e-07
-3.05767e-08 0.00401603 -3.6354e-07
-4.05452e-08 0.00401605 -3.48519e-07
-3.05767e-08 0.00401603 -3.48519e-07
-4.05452e-08 0.00401605 -3.33498e-07
-3.05767e-08 0.00401604 -3.33498e-07
-4.05452e-08 0.00401605 -3.18477e-07
-3.05767e-08 0.00401604 -3.18477e-07
-4.05452e-08 0.00401605 -3.03456e-07
-3.05767e-08 0.00401604 -3.03456e-07
-4.05452e-08 0.00401605 -2.88435e-07
-3.05767e-08 0.00401604 -2.88435e-07
-4.05452e-08 0.00401605 -2.73413e-07
-3.05767e-08 0.00401604 -2.73413e-07
-4.05452e-08 0.00401605 -2.58392e-07
-3.05767e-08 0.00401604 -2.58392e-07
-4.05452e-08 0.00401605 -2.43371e-07
-3.05767e-08 0.00401604 -2.43371e-07
-4.05452e-08 0.00401605 -2.2835e-07
-3.05767e-08 0.00401604 -2.2835e-07
-4.05452e-08 0.00401605 -2.13329e-07
-3.05767e-08 0.00401604 -2.13329e-07
-4.05452e-08 0.00401605 -1.98308e-07
-3.05767e-08 0.00401604 -1.98308e-07
-4.05452e-08 0.00401605 -1.83287e-07
-3.05767e-08 0.00401604 -1.83287e-07
-4.05452e-08 0.00401605 -1.68266e-07
-3.05767e-08 0.00401604 -1.68266e-07
-4.05452e-08 0.00401605 -1.53245e-07
-3.05767e-08 0.00401604 -1.53245e-07
-4.05452e-08 0.00401605 -1.38224e-07
-3.05767e-08 0.00401604 -1.38224e-07
-4.05452e-08 0.00401605 -1.23202e-07
-3.05767e-08 0.00401604 -1.23202e-07
-4.05452e-08 0.00401605 -1.08181e-07
-3.05767e-08 0.00401604 -1.08181e-07
-4.05452e-08 0.00401605 -9.31602e-08
-3.05767e-08 0.00401604 -9.31602e-08
-4.05452e-08 0.00401605 -7.81391e-08
-3.05767e-08 0.00401604 -7.81391e-08
-4.05452e-08 0.00401605 -6.3118e-08
-3.05767e-08 0.00401604 -6.3118e-08
-4.05452e-08 0.00401605 -4.80969e-08
-3.05767e-08 0.00401604 -4.80969e-08
-4.05452e-08 0.00401605 -3.30758e-08
-3.05767e-08 0.00401604 -3.30758e-08
-4.05452e-08 0.00401605 -1.80547e-08
-3.05767e-08 0.00401604 -1.80547e-08
-4.05452e-08 0.00401606 -3.03357e-09
-3.05767e-08 0.00401604 -3.03357e-09
-4.05452e-08 0.00401606 1.19876e-08
-3.05767e-08 0.00401604 1.19876e-08
-4.05452e-08 0.00401606 2.70086e-08
-3.05767e-08 0.00401604 2.70086e-08
-4.05452e-08 0.00401606 4.20297e-08
-3.05767e-08 0.00401604 4.20297e-08
-4.05452e-08 0.00401606 5.70508e-08
-3.05767e-08 0.00401604 5.70508e-08
-4.05452e-08 0.00401606 7.2072e-08
-3.05767e-08 0.00401604 7.2072e-08
-4.05452e-08 0.00401606 8.7093e-08
-3.05767e-08 0.00401604 8.7093e-08
-4.05452e-08 0.00401606 1.02114e-07
-3.05767e-08 0.00401604 1.02114e-07
-4.05452e-08 0.00401606 1.17135e-07
-3.05767e-08 0.00401604 1.17135e-07
-4.05452e-08 0.00401606 1.32156e-07
-3.05767e-08 0.00401604 1.32156e-07
-4.05452e-08 0.00401606 1.47177e-07
-3.05767e-08 0.00401604 1.47177e-07
-4.05452e-08 0.00401606 1.62199e-07
-3.05767e-08 0.00401604 1.62199e-07
-4.05452e-08 0.00401606 1.7722e-07
-3.05767e-08 0.00401604 1.7722e-07
-4.05452e-08 0.00401606 1.92241e-07
-3.05767e-08 0.00401605 1.92241e-07
-4.05452e-08 0.00401606 2.07262e-07
-3.05767e-08 0.00401605 2.07262e-07
-4.05452e-08 0.00401606 2.22283e-07
-3.05767e-08 0.00401605 2.22283e-07
-4.05452e-08 0.00401606 2.37304e-07
-3.05767e-08 0.00401605 2.37304e-07
-4.05452e-08 0.00401606 2.52325e-07
-3.05767e-08 0.00401605 2.52325e-07
-4.05452e-08 0.00401606 2.67346e-07
-3.05767e-08 0.00401605 2.67346e-07
-4.05452e-08 0.00401606 2.82367e-07
-3.05767e-08 0.00401605 2.82367e-07
-4.05452e-08 0.00401606 2.97389e-07
-3.05767e-08 0.00401605 2.97389e-07
-4.05452e-08 0.00401606 3.1241e-07
-3.05767e-08 0.00401605 3.1241e-07
-4.05452e-08 0.00401606 3.27431e-07
-3.05767e-08 0.00401605 3.27431e-07
-4.05452e-08 0.00401606 3.42452e-07
-3.05767e-08 0.00401605 3.42452e-07
-4.05452e-08 0.00401606 3.57473e-07
-3.05767e-08 0.00401605 3.57473e-07
-6.71039e-10 0.00401599 -7.39068e-07
9.29751e-09 0.00401597 -7.39068e-07
-6.71039e-10 0.00401599 -7.24047e-07
9.29751e-09 0.00401597 -7.24047e-07
-6.71039e-10 0.00401599 -7.09025e-07
9.29751e-09 0.00401597 -7.09025e-07
-6.71039e-10 0.00401599 -6.94004e-07
9.29751e-09 0.00401597 -6.94004e-07
-6.71039e-10 0.00401599 -6.78983e-07
9.29751e-09 0.00401597 -6.78983e-07
-6.71039e-10 0.00401599 -6.63962e-07
9.29751e-09 0.00401597 -6.63962e-07
-6.71039e-10 0.00401599 -6.48941e-07
9.29751e-09 0.00401597 -6.48941e-07
-6.71039e-10 0.00401599 -6.3392e-07
9.29751e-09 0.00401597 -6.3392e-07
-6.71039e-10 0.00401599 -6.18899e-07
9.29751e-09 0.00401597 -6.18899e-07
-6.71039e-10 0.00401599 -6.03878e-07
9.29751e-09 0.00401597 -6.03878e-07
-6.71039e-10 0.00401599 -5.88857e-07
9.29751e-09 0.00401598 -5.88857e-07
-6.71039e-10 0.00401599 -5.73836e-07
9.29751e-09 0.00401598 -5.73836e-07
-6.71039e-10 0.00401599 -5.58814e-07
9.29751e-09 0.00401598 -5.58814e-07
-6.71039e-10 0.00401599 -5.43793e-07
9.29751e-09 0.00401598 -5.43793e-07
-6.71039e-10 0.00401599 -5.28772e-07
9.29751e-09 0.00401598 -5.28772e-07
-6.71039e-10 0.00401599 -5.13751e-07
9.29751e-09 0.00401598 -5.13751e-07
-6.71039e-10 0.00401599 -4.9873e-07
9.29751e-09 0.00401598 -4.9873e-07
-6.71039e-10 0.00401599 -4.83709e-07
9.29751e-09 0.00401598 -4.83709e-07
-6.71039e-10 0.00401599 -4.68688e-07
9.29751e-09 0.00401598 -4.68688e-07
-6.71039e-10 0.00401599 -4.53667e-07
9.29751e-09 0.00401598 -4.53667e-07
-6.71039e-10 0.00401599 -4.38646e-07
9.29751e-09 0.00401598 -4.38646e-07
-6.71039e-10 0.00401599 -4.23624e-07
9.29751e-09 0.00401598 -4.23624e-07
-6.71039e-10 0.00401599 -4.08603e-07
9.29751e-09 0.00401598 -4.08603e-07
-6.71039e-10 0.00401599 -3.93582e-07
9.29751e-09 0.00401598 -3.93582e-07
-6.71039e-10 0.00401599 -3.78561e-07
9.29751e-09 0.00401598 -3.78561e-07
-6.71039e-10 0.00401599 -3.6354e-07
9.29751e-09 0.00401598 -3.6354e-07
-6.71039e-10 0.00401599 -3.48519e-07
9.29751e-09 0.00401598 -3.48519e-07
-6.71039e-10 0.00401599 -3.33498e-07
9.29751e-09 0.00401598 -3.33498e-07
-6.71039e-10 0.00401599 -3.18477e-07
9.29751e-09 0.00401598 -3.18477e-07
-6.71039e-10 0.00401599 -3.03456e-07
9.29751e-09 0.00401598 -3.03456e-07
-6.71039e-10 0.00401599 -2.88435e-07
9.29751e-09 0.00401598 -2.88435e-07
-6.71039e-10 0.00401599 -2.73413e-07
9.29751e-09 0.00401598 -2.73413e-07
-6.71039e-10 0.004016 -2.58392e-07
9.29751e-09 0.00401598 -2.58392e-07
-6.71039e-10 0.004016 -2.43371e-07
9.29751e-09 0.00401598 -2.43371e-07
-6.71039e-10 0.004016 -2.2835e-07
9.29751e-09 0.00401598 -2.2835e-07
-6.71039e-10 0.004016 -2.13329e-07
9.29751e-09 0.00401598 -2.13329e-07
-6.71039e-10 0.004016 -1.98308e-07
9.29751e-09 0.00401598 -1.98308e-07
-6.71039e-10 0.004016 -1.83287e-07
9.29751e-09 0.00401598 -1.83287e-07
-6.71039e-10 0.004016 -1.68266e-07
9.29751e-09 0.00401598 -1.68266e-07
-6.71039e-10 0.004016 -1.53245e-07
9.29751e-09 0.00401598 -1.53245e-07
-6.71039e-10 0.004016 -1.38224e-07
9.29751e-09 0.00401598 -1.38224e-07
-6.71039e-10 0.004016 -1.23202e-07
9.29751e-09 0.00401598 -1.23202e-07
-6.71039e-10 0.004016 -1.08181e-07
9.29751e-09 0.00401598 -1.08181e-07
-6.71039e-10 0.004016 -9.31602e-08
9.29751e-09 0.00401598 -9.31602e-08
-6.71039e-10 0.004016 -7.81391e-08
9.29751e-09 0.00401598 -7.81391e-08
-6.71039e-10 0.004016 -6.3118e-08
9.29751e-09 0.00401598 -6.3118e-08
-6.71039e-10 0.004016 -4.80969e-08
9.29751e-09 0.00401598 -4.80969e-08
-6.71039e-10 0.004016 -3.30758e-08
9.29751e-09 0.00401599 -3.30758e-08
-6.71039e-10 0.004016 -1.80547e-08
9.29751e-09 0.00401599 -1.80547e-08
-6.71039e-10 0.004016 -3.03357e-09
9.29751e-09 0.00401599 -3.03357e-09
-6.71039e-10 0.004016 1.19876e-08
9.29751e-09 0.00401599 1.19876e-08
-6.71039e-10 0.004016 2.70086e-08
9.29751e-09 0.00401599 2.70086e-08
-6.71039e-10 0.004016 4.20297e-08
9.29751e-09 0.00401599 4.20297e-08
-6.71039e-10 0.004016 5.70508e-08
9.29751e-09 0.00401599 5.70508e-08
-6.71039e-10 0.004016 7.2072e-08
9.29751e-09 0.00401599 7.2072e-08
-6.71039e-10 0.004016 8.7093e-08
9.29751e-09 0.00401599 8.7093e-08
-6.71039e-10 0.004016 1.02114e-07
9.29751e-09 0.00401599 1.02114e-07
-6.71039e-10 0.004016 1.17135e-07
9.29751e-09 0.00401599 1.17135e-07
-6.71039e-10 0.004016 1.32156e-07
9.29751e-09 0.00401599 1.32156e-07
-6.71039e-10 0.004016 1.47177e-07
9.29751e-09 0.00401599 1.47177e-07
-6.71039e-10 0.004016 1.62199e-07
9.29751e-09 0.00401599 1.62199e-07
-6.71039e-10 0.004016 1.7722e-07
9.29751e-09 0.00401599 1.7722e-07
-6.71039e-10 0.004016 1.92241e-07
9.29751e-09 0.00401599 1.92241e-07
-6.71039e-10 0.004016 2.07262e-07
9.29751e-09 0.00401599 2.07262e-07
-6.71039e-10 0.004016 2.22283e-07
9.29751e-09 0.00401599 2.22283e-07
-6.71039e-10 0.004016 2.37304e-07
9.29751e-09 0.00401599 2.37304e-07
-6.71039e-10 0.004016 2.52325e-07
9.29751e-09 0.00401599 2.52325e-07
-6.71039e-10 0.004016 2.67346e-07
9.29751e-09 0.00401599 2.67346e-07
-6.71039e-10 0.004016 2.82367e-07
9.29751e-09 0.00401599 2.82367e-07
-6.71039e-10 0.00401601 2.97389e-07
9.29751e-09 0.00401599 2.97389e-07
-6.71039e-10 0.00401601 3.1241e-07
9.29751e-09 0.00401599 3.1241e-07
-6.71039e-10 0.00401601 3.27431e-07
9.29751e-09 0.00401599 3.27431e-07
-6.71039e-10 0.00401601 3.42452e-07
9.29751e-09 0.00401599 3.42452e-07
-6.71039e-10 0.00401601 3.57473e-07
9.29751e-09 0.00401599 3.57473e-07
