-2.18337e-08 0.00400552 -1.11766e-07
-2.18337e-08 0.00400555 2.27806e-07
-3.10948e-08 0.00400555 -1.11766e-07
-3.10948e-08 0.00400558 2.27806e-07
-2.18337e-08 0.00400552 -1.07114e-07
-2.18337e-08 0.00400552 -1.02462e-07
-2.18337e-08 0.00400552 -9.78105e-08
-2.18337e-08 0.00400552 -9.31589e-08
-2.18337e-08 0.00400552 -8.85072e-08
-2.18337e-08 0.00400552 -8.38555e-08
-2.18337e-08 0.00400552 -7.92039e-08
-2.18337e-08 0.00400552 -7.45522e-08
-2.18337e-08 0.00400553 -6.99006e-08
-2.18337e-08 0.00400553 -6.52489e-08
-2.18337e-08 0.00400553 -6.05972e-08
-2.18337e-08 0.00400553 -5.59456e-08
-2.18337e-08 0.00400553 -5.12939e-08
-2.18337e-08 0.00400553 -4.66422e-08
-2.18337e-08 0.00400553 -4.19906e-08
-2.18337e-08 0.00400553 -3.73389e-08
-2.18337e-08 0.00400553 -3.26873e-08
-2.18337e-08 0.00400553 -2.80356e-08
-2.18337e-08 0.00400553 -2.33839e-08
-2.18337e-08 0.00400553 -1.87323e-08
-2.18337e-08 0.00400553 -1.40806e-08
-2.18337e-08 0.00400553 -9.42894e-09
-2.18337e-08 0.00400553 -4.77727e-09
-2.18337e-08 0.00400553 -1.25616e-10
-2.18337e-08 0.00400553 4.52605e-09
-2.18337e-08 0.00400553 9.17771e-09
-2.18337e-08 0.00400553 1.38294e-08
-2.18337e-08 0.00400553 1.8481e-08
-2.18337e-08 0.00400553 2.31327e-08
-2.18337e-08 0.00400553 2.77844e-08
-2.18337e-08 0.00400553 3.2436e-08
-2.18337e-08 0.00400553 3.70877e-08
-2.18337e-08 0.00400553 4.17394e-08
-2.18337e-08 0.00400553 4.6391e-08
-2.18337e-08 0.00400553 5.10427e-08
-2.18337e-08 0.00400553 5.56943e-08
-2.18337e-08 0.00400553 6.0346e-08
-2.18337e-08 0.00400553 6.49977e-08
-2.18337e-08 0.00400553 6.96493e-08
-2.18337e-08 0.00400554 7.4301e-08
-2.18337e-08 0.00400554 7.89527e-08
-2.18337e-08 0.00400554 8.36043e-08
-2.18337e-08 0.00400554 8.8256e-08
-2.18337e-08 0.00400554 9.29076e-08
-2.18337e-08 0.00400554 9.75593e-08
-2.18337e-08 0.00400554 1.02211e-07
-2.18337e-08 0.00400554 1.06863e-07
-2.18337e-08 0.00400554 1.11514e-07
-2.18337e-08 0.00400554 1.16166e-07
-2.18337e-08 0.00400554 1.20818e-07
-2.18337e-08 0.00400554 1.25469e-07
-2.18337e-08 0.00400554 1.30121e-07
-2.18337e-08 0.00400554 1.34773e-07
-2.18337e-08 0.00400554 1.39424e-07
-2.18337e-08 0.00400554 1.44076e-07
-2.18337e-08 0.00400554 1.48728e-07
-2.18337e-08 0.00400554 1.53379e-07
-2.18337e-08 0.00400554 1.58031e-07
-2.18337e-08 0.00400554 1.62683e-07
-2.18337e-08 0.00400554 1.67334e-07
-2.18337e-08 0.00400554 1.71986e-07
-2.18337e-08 0.00400554 1.76638e-07
-2.18337e-08 0.00400554 1.81289e-07
-2.18337e-08 0.00400554 1.85941e-07
-2.18337e-08 0.00400554 1.90593e-07
-2.18337e-08 0.00400554 1.95244e-07
-2.18337e-08 0.00400554 1.99896e-07
-2.18337e-08 0.00400554 2.04548e-07
-2.18337e-08 0.00400554 2.09199e-07
-2.18337e-08 0.00400554 2.13851e-07
-2.18337e-08 0.00400554 2.18503e-07
-2.18337e-08 0.00400555 2.23154e-07
-2.64642e-08 0.00400556 2.27806e-07
-2.64642e-08 0.00400554 -1.11766e-07
-3.10948e-08 0.00400558 2.23154e-07
-3.10948e-08 0.00400558 2.18503e-07
-3.10948e-08 0.00400558 2.13851e-07
-3.10948e-08 0.00400557 2.09199e-07
-3.10948e-08 0.00400557 2.04548e-07
-3.10948e-08 0.00400557 1.99896e-07
-3.10948e-08 0.00400557 1.95244e-07
-3.10948e-08 0.00400557 1.90593e-07
-3.10948e-08 0.00400557 1.85941e-07
-3.10948e-08 0.00400557 1.81289e-07
-3.10948e-08 0.00400557 1.76638e-07
-3.10948e-08 0.00400557 1.71986e-07
-3.10948e-08 0.00400557 1.67334e-07
-3.10948e-08 0.00400557 1.62683e-07
-3.10948e-08 0.00400557 1.58031e-07
-3.10948e-08 0.00400557 1.53379e-07
-3.10948e-08 0.00400557 1.48728e-07
-3.10948e-08 0.00400557 1.44076e-07
-3.10948e-08 0.00400557 1.39424e-07
-3.10948e-08 0.00400557 1.34773e-07
-3.10948e-08 0.00400557 1.30121e-07
-3.10948e-08 0.00400557 1.25469e-07
-3.10948e-08 0.00400557 1.20818e-07
-3.10948e-08 0.00400557 1.16166e-07
-3.10948e-08 0.00400557 1.11514e-07
-3.10948e-08 0.00400557 1.06863e-07
-3.10948e-08 0.00400557 1.02211e-07
-3.10948e-08 0.00400557 9.75593e-08
-3.10948e-08 0.00400557 9.29076e-08
-3.10948e-08 0.00400557 8.8256e-08
-3.10948e-08 0.00400557 8.36043e-08
-3.10948e-08 0.00400557 7.89527e-08
-3.10948e-08 0.00400557 7.4301e-08
-3.10948e-08 0.00400557 6.96493e-08
-3.10948e-08 0.00400556 6.49977e-08
-3.10948e-08 0.00400556 6.0346e-08
-3.10948e-08 0.00400556 5.56943e-08
-3.10948e-08 0.00400556 5.10427e-08
-3.10948e-08 0.00400556 4.6391e-08
-3.10948e-08 0.00400556 4.17394e-08
-3.10948e-08 0.00400556 3.70877e-08
-3.10948e-08 0.00400556 3.2436e-08
-3.10948e-08 0.00400556 2.77844e-08
-3.10948e-08 0.00400556 2.31327e-08
-3.10948e-08 0.00400556 1.8481e-08
-3.10948e-08 0.00400556 1.38294e-08
-3.10948e-08 0.00400556 9.17771e-09
-3.10948e-08 0.00400556 4.52605e-09
-3.10948e-08 0.00400556 -1.25616e-10
-3.10948e-08 0.00400556 -4.77727e-09
-3.10948e-08 0.00400556 -9.42894e-09
-3.10948e-08 0.00400556 -1.40806e-08
-3.10948e-08 0.00400556 -1.87323e-08
-3.10948e-08 0.00400556 -2.33839e-08
-3.10948e-08 0.00400556 -2.80356e-08
-3.10948e-08 0.00400556 -3.26873e-08
-3.10948e-08 0.00400556 -3.73389e-08
-3.10948e-08 0.00400556 -4.19906e-08
-3.10948e-08 0.00400556 -4.66422e-08
-3.10948e-08 0.00400556 -5.12939e-08
-3.10948e-08 0.00400556 -5.59456e-08
-3.10948e-08 0.00400556 -6.05972e-08
-3.10948e-08 0.00400556 -6.52489e-08
-3.10948e-08 0.00400556 -6.99006e-08
-3.10948e-08 0.00400556 -7.45522e-08
-3.10948e-08 0.00400556 -7.92039e-08
-3.10948e-08 0.00400556 -8.38555e-08
-3.10948e-08 0.00400555 -8.85072e-08
-3.10948e-08 0.00400555 -9.31589e-08
-3.10948e-08 0.00400555 -9.78105e-08
-3.10948e-08 0.00400555 -1.02462e-07
-3.10948e-08 0.00400555 -1.07114e-07
-2.64642e-08 0.00400556 2.23154e-07
-2.64642e-08 0.00400556 2.18503e-07
-2.64642e-08 0.00400556 2.13851e-07
-2.64642e-08 0.00400556 2.09199e-07
-2.64642e-08 0.00400556 2.04548e-07
-2.64642e-08 0.00400556 1.99896e-07
-2.64642e-08 0.00400556 1.95244e-07
-2.64642e-08 0.00400556 1.90593e-07
-2.64642e-08 0.00400556 1.85941e-07
-2.64642e-08 0.00400556 1.81289e-07
-2.64642e-08 0.00400556 1.76638e-07
-2.64642e-08 0.00400556 1.71986e-07
-2.64642e-08 0.00400556 1.67334e-07
-2.64642e-08 0.00400556 1.62683e-07
-2.64642e-08 0.00400556 1.58031e-07
-2.64642e-08 0.00400556 1.53379e-07
-2.64642e-08 0.00400556 1.48728e-07
-2.64642e-08 0.00400556 1.44076e-07
-2.64642e-08 0.00400555 1.39424e-07
-2.64642e-08 0.00400555 1.34773e-07
-2.64642e-08 0.00400555 1.30121e-07
-2.64642e-08 0.00400555 1.25469e-07
-2.64642e-08 0.00400555 1.20818e-07
-2.64642e-08 0.00400555 1.16166e-07
-2.64642e-08 0.00400555 1.11514e-07
-2.64642e-08 0.00400555 1.06863e-07
-2.64642e-08 0.00400555 1.02211e-07
-2.64642e-08 0.00400555 9.75593e-08
-2.64642e-08 0.00400555 9.29076e-08
-2.64642e-08 0.00400555 8.8256e-08
-2.64642e-08 0.00400555 8.36043e-08
-2.64642e-08 0.00400555 7.89527e-08
-2.64642e-08 0.00400555 7.4301e-08
-2.64642e-08 0.00400555 6.96493e-08
-2.64642e-08 0.00400555 6.49977e-08
-2.64642e-08 0.00400555 6.0346e-08
-2.64642e-08 0.00400555 5.56943e-08
-2.64642e-08 0.00400555 5.10427e-08
-2.64642e-08 0.00400555 4.6391e-08
-2.64642e-08 0.00400555 4.17394e-08
-2.64642e-08 0.00400555 3.70877e-08
-2.64642e-08 0.00400555 3.2436e-08
-2.64642e-08 0.00400555 2.77844e-08
-2.64642e-08 0.00400555 2.31327e-08
-2.64642e-08 0.00400555 1.8481e-08
-2.64642e-08 0.00400555 1.38294e-08
-2.64642e-08 0.00400555 9.17771e-09
-2.64642e-08 0.00400555 4.52605e-09
-2.64642e-08 0.00400555 -1.25616e-10
-2.64642e-08 0.00400554 -4.77727e-09
-2.64642e-08 0.00400554 -9.42894e-09
-2.64642e-08 0.00400554 -1.40806e-08
-2.64642e-08 0.00400554 -1.87323e-08
-2.64642e-08 0.00400554 -2.33839e-08
-2.64642e-08 0.00400554 -2.80356e-08
-2.64642e-08 0.00400554 -3.26873e-08
-2.64642e-08 0.00400554 -3.73389e-08
-2.64642e-08 0.00400554 -4.19906e-08
-2.64642e-08 0.00400554 -4.66422e-08
-2.64642e-08 0.00400554 -5.12939e-08
-2.64642e-08 0.00400554 -5.59456e-08
-2.64642e-08 0.00400554 -6.05972e-08
-2.64642e-08 0.00400554 -6.52489e-08
-2.64642e-08 0.00400554 -6.99006e-08
-2.64642e-08 0.00400554 -7.45522e-08
-2.64642e-08 0.00400554 -7.92039e-08
-2.64642e-08 0.00400554 -8.38555e-08
-2.64642e-08 0.00400554 -8.85072e-08
-2.64642e-08 0.00400554 -9.31589e-08
-2.64642e-08 0.00400554 -9.78105e-08
-2.64642e-08 0.00400554 -1.02462e-07
-2.64642e-08 0.00400554 -1.07114e-07
-3.41818e-08 0.00400556 -1.11766e-07
-3.10948e-08 0.00400555 -1.11766e-07
-3.41818e-08 0.00400556 -1.07114e-07
-3.10948e-08 0.00400555 -1.07114e-07
-3.41818e-08 0.00400556 -1.02462e-07
-3.10948e-08 0.00400555 -1.02462e-07
-3.41818e-08 0.00400556 -9.78105e-08
-3.10948e-08 0.00400555 -9.78105e-08
-3.41818e-08 0.00400556 -9.31589e-08
-3.10948e-08 0.00400555 -9.31589e-08
-3.41818e-08 0.00400556 -8.85072e-08
-3.10948e-08 0.00400555 -8.85072e-08
-3.41818e-08 0.00400557 -8.38555e-08
-3.10948e-08 0.00400556 -8.38555e-08
-3.41818e-08 0.00400557 -7.92039e-08
-3.10948e-08 0.00400556 -7.92039e-08
-3.41818e-08 0.00400557 -7.45522e-08
-3.10948e-08 0.00400556 -7.45522e-08
-3.41818e-08 0.00400557 -6.99006e-08
-3.10948e-08 0.00400556 -6.99006e-08
-3.41818e-08 0.00400557 -6.52489e-08
-3.10948e-08 0.00400556 -6.52489e-08
-3.41818e-08 0.00400557 -6.05972e-08
-3.10948e-08 0.00400556 -6.05972e-08
-3.41818e-08 0.00400557 -5.59456e-08
-3.10948e-08 0.00400556 -5.59456e-08
-3.41818e-08 0.00400557 -5.12939e-08
-3.10948e-08 0.00400556 -5.12939e-08
-3.41818e-08 0.00400557 -4.66422e-08
-3.10948e-08 0.00400556 -4.66422e-08
-3.41818e-08 0.00400557 -4.19906e-08
-3.10948e-08 0.00400556 -4.19906e-08
-3.41818e-08 0.00400557 -3.73389e-08
-3.10948e-08 0.00400556 -3.73389e-08
-3.41818e-08 0.00400557 -3.26873e-08
-3.10948e-08 0.00400556 -3.26873e-08
-3.41818e-08 0.00400557 -2.80356e-08
-3.10948e-08 0.00400556 -2.80356e-08
-3.41818e-08 0.00400557 -2.33839e-08
-3.10948e-08 0.00400556 -2.33839e-08
-3.41818e-08 0.00400557 -1.87323e-08
-3.10948e-08 0.00400556 -1.87323e-08
-3.41818e-08 0.00400557 -1.40806e-08
-3.10948e-08 0.00400556 -1.40806e-08
-3.41818e-08 0.00400557 -9.42894e-09
-3.10948e-08 0.00400556 -9.42894e-09
-3.41818e-08 0.00400557 -4.77727e-09
-3.10948e-08 0.00400556 -4.77727e-09
-3.41818e-08 0.00400557 -1.25616e-10
-3.10948e-08 0.00400556 -1.25616e-10
-3.41818e-08 0.00400557 4.52605e-09
-3.10948e-08 0.00400556 4.52605e-09
-3.41818e-08 0.00400557 9.17771e-09
-3.10948e-08 0.00400556 9.17771e-09
-3.41818e-08 0.00400557 1.38294e-08
-3.10948e-08 0.00400556 1.38294e-08
-3.41818e-08 0.00400557 1.8481e-08
-3.10948e-08 0.00400556 1.8481e-08
-3.41818e-08 0.00400557 2.31327e-08
-3.10948e-08 0.00400556 2.31327e-08
-3.41818e-08 0.00400557 2.77844e-08
-3.10948e-08 0.00400556 2.77844e-08
-3.41818e-08 0.00400557 3.2436e-08
-3.10948e-08 0.00400556 3.2436e-08
-3.41818e-08 0.00400557 3.70877e-08
-3.10948e-08 0.00400556 3.70877e-08
-3.41818e-08 0.00400557 4.17394e-08
-3.10948e-08 0.00400556 4.17394e-08
-3.41818e-08 0.00400557 4.6391e-08
-3.10948e-08 0.00400556 4.6391e-08
-3.41818e-08 0.00400557 5.10427e-08
-3.10948e-08 0.00400556 5.10427e-08
-3.41818e-08 0.00400557 5.56943e-08
-3.10948e-08 0.00400556 5.56943e-08
-3.41818e-08 0.00400558 6.0346e-08
-3.10948e-08 0.00400556 6.0346e-08
-3.41818e-08 0.00400558 6.49977e-08
-3.10948e-08 0.00400556 6.49977e-08
-3.41818e-08 0.00400558 6.96493e-08
-3.10948e-08 0.00400557 6.96493e-08
-3.41818e-08 0.00400558 7.4301e-08
-3.10948e-08 0.00400557 7.4301e-08
-3.41818e-08 0.00400558 7.89527e-08
-3.10948e-08 0.00400557 7.89527e-08
-3.41818e-08 0.00400558 8.36043e-08
-3.10948e-08 0.00400557 8.36043e-08
-3.41818e-08 0.00400558 8.8256e-08
-3.10948e-08 0.00400557 8.8256e-08
-3.41818e-08 0.00400558 9.29076e-08
-3.10948e-08 0.00400557 9.29076e-08
-3.41818e-08 0.00400558 9.75593e-08
-3.10948e-08 0.00400557 9.75593e-08
-3.41818e-08 0.00400558 1.02211e-07
-3.10948e-08 0.00400557 1.02211e-07
-3.41818e-08 0.00400558 1.06863e-07
-3.10948e-08 0.00400557 1.06863e-07
-3.41818e-08 0.00400558 1.11514e-07
-3.10948e-08 0.00400557 1.11514e-07
-3.41818e-08 0.00400558 1.16166e-07
-3.10948e-08 0.00400557 1.16166e-07
-3.41818e-08 0.00400558 1.20818e-07
-3.10948e-08 0.00400557 1.20818e-07
-3.41818e-08 0.00400558 1.25469e-07
-3.10948e-08 0.00400557 1.25469e-07
-3.41818e-08 0.00400558 1.30121e-07
-3.10948e-08 0.00400557 1.30121e-07
-3.41818e-08 0.00400558 1.34773e-07
-3.10948e-08 0.00400557 1.34773e-07
-3.41818e-08 0.00400558 1.39424e-07
-3.10948e-08 0.00400557 1.39424e-07
-3.41818e-08 0.00400558 1.44076e-07
-3.10948e-08 0.00400557 1.44076e-07
-3.41818e-08 0.00400558 1.48728e-07
-3.10948e-08 0.00400557 1.48728e-07
-3.41818e-08 0.00400558 1.53379e-07
-3.10948e-08 0.00400557 1.53379e-07
-3.41818e-08 0.00400558 1.58031e-07
-3.10948e-08 0.00400557 1.58031e-07
-3.41818e-08 0.00400558 1.62683e-07
-3.10948e-08 0.00400557 1.62683e-07
-3.41818e-08 0.00400558 1.67334e-07
-3.10948e-08 0.00400557 1.67334e-07
-3.41818e-08 0.00400558 1.71986e-07
-3.10948e-08 0.00400557 1.71986e-07
-3.41818e-08 0.00400558 1.76638e-07
-3.10948e-08 0.00400557 1.76638e-07
-3.41818e-08 0.00400558 1.81289e-07
-3.10948e-08 0.00400557 1.81289e-07
-3.41818e-08 0.00400558 1.85941e-07
-3.10948e-08 0.00400557 1.85941e-07
-3.41818e-08 0.00400558 1.90593e-07
-3.10948e-08 0.00400557 1.90593e-07
-3.41818e-08 0.00400558 1.95244e-07
-3.10948e-08 0.00400557 1.95244e-07
-3.41818e-08 0.00400558 1.99896e-07
-3.10948e-08 0.00400557 1.99896e-07
-3.41818e-08 0.00400558 2.04548e-07
-3.10948e-08 0.00400557 2.04548e-07
-3.41818e-08 0.00400558 2.09199e-07
-3.10948e-08 0.00400557 2.09199e-07
-3.41818e-08 0.00400559 2.13851e-07
-3.10948e-08 0.00400558 2.13851e-07
-3.41818e-08 0.00400559 2.18503e-07
-3.10948e-08 0.00400558 2.18503e-07
-3.41818e-08 0.00400559 2.23154e-07
-3.10948e-08 0.00400558 2.23154e-07
-3.41818e-08 0.00400559 2.27806e-07
-3.10948e-08 0.00400558 2.27806e-07
-2.18337e-08 0.00400552 -1.11766e-07
-1.87467e-08 0.00400551 -1.11766e-07
-2.18337e-08 0.00400552 -1.07114e-07
-1.87467e-08 0.00400551 -1.07114e-07
-2.18337e-08 0.00400552 -1.02462e-07
-1.87467e-08 0.00400551 -1.02462e-07
-2.18337e-08 0.00400552 -9.78105e-08
-1.87467e-08 0.00400551 -9.78105e-08
-2.18337e-08 0.00400552 -9.31589e-08
-1.87467e-08 0.00400551 -9.31589e-08
-2.18337e-08 0.00400552 -8.85072e-08
-1.87467e-08 0.00400551 -8.85072e-08
-2.18337e-08 0.00400552 -8.38555e-08
-1.87467e-08 0.00400551 -8.38555e-08
-2.18337e-08 0.00400552 -7.92039e-08
-1.87467e-08 0.00400551 -7.92039e-08
-2.18337e-08 0.00400552 -7.45522e-08
-1.87467e-08 0.00400552 -7.45522e-08
-2.18337e-08 0.00400553 -6.99006e-08
-1.87467e-08 0.00400552 -6.99006e-08
-2.18337e-08 0.00400553 -6.52489e-08
-1.87467e-08 0.00400552 -6.52489e-08
-2.18337e-08 0.00400553 -6.05972e-08
-1.87467e-08 0.00400552 -6.05972e-08
-2.18337e-08 0.00400553 -5.59456e-08
-1.87467e-08 0.00400552 -5.59456e-08
-2.18337e-08 0.00400553 -5.12939e-08
-1.87467e-08 0.00400552 -5.12939e-08
-2.18337e-08 0.00400553 -4.66422e-08
-1.87467e-08 0.00400552 -4.66422e-08
-2.18337e-08 0.00400553 -4.19906e-08
-1.87467e-08 0.00400552 -4.19906e-08
-2.18337e-08 0.00400553 -3.73389e-08
-1.87467e-08 0.00400552 -3.73389e-08
-2.18337e-08 0.00400553 -3.26873e-08
-1.87467e-08 0.00400552 -3.26873e-08
-2.18337e-08 0.00400553 -2.80356e-08
-1.87467e-08 0.00400552 -2.80356e-08
-2.18337e-08 0.00400553 -2.33839e-08
-1.87467e-08 0.00400552 -2.33839e-08
-2.18337e-08 0.00400553 -1.87323e-08
-1.87467e-08 0.00400552 -1.87323e-08
-2.18337e-08 0.00400553 -1.40806e-08
-1.87467e-08 0.00400552 -1.40806e-08
-2.18337e-08 0.00400553 -9.42894e-09
-1.87467e-08 0.00400552 -9.42894e-09
-2.18337e-08 0.00400553 -4.77727e-09
-1.87467e-08 0.00400552 -4.77727e-09
-2.18337e-08 0.00400553 -1.25616e-10
-1.87467e-08 0.00400552 -1.25616e-10
-2.18337e-08 0.00400553 4.52605e-09
-1.87467e-08 0.00400552 4.52605e-09
-2.18337e-08 0.00400553 9.17771e-09
-1.87467e-08 0.00400552 9.17771e-09
-2.18337e-08 0.00400553 1.38294e-08
-1.87467e-08 0.00400552 1.38294e-08
-2.18337e-08 0.00400553 1.8481e-08
-1.87467e-08 0.00400552 1.8481e-08
-2.18337e-08 0.00400553 2.31327e-08
-1.87467e-08 0.00400552 2.31327e-08
-2.18337e-08 0.00400553 2.77844e-08
-1.87467e-08 0.00400552 2.77844e-08
-2.18337e-08 0.00400553 3.2436e-08
-1.87467e-08 0.00400552 3.2436e-08
-2.18337e-08 0.00400553 3.70877e-08
-1.87467e-08 0.00400552 3.70877e-08
-2.18337e-08 0.00400553 4.17394e-08
-1.87467e-08 0.00400552 4.17394e-08
-2.18337e-08 0.00400553 4.6391e-08
-1.87467e-08 0.00400552 4.6391e-08
-2.18337e-08 0.00400553 5.10427e-08
-1.87467e-08 0.00400552 5.10427e-08
-2.18337e-08 0.00400553 5.56943e-08
-1.87467e-08 0.00400552 5.56943e-08
-2.18337e-08 0.00400553 6.0346e-08
-1.87467e-08 0.00400552 6.0346e-08
-2.18337e-08 0.00400553 6.49977e-08
-1.87467e-08 0.00400552 6.49977e-08
-2.18337e-08 0.00400553 6.96493e-08
-1.87467e-08 0.00400552 6.96493e-08
-2.18337e-08 0.00400554 7.4301e-08
-1.87467e-08 0.00400552 7.4301e-08
-2.18337e-08 0.00400554 7.89527e-08
-1.87467e-08 0.00400553 7.89527e-08
-2.18337e-08 0.00400554 8.36043e-08
-1.87467e-08 0.00400553 8.36043e-08
-2.18337e-08 0.00400554 8.8256e-08
-1.87467e-08 0.00400553 8.8256e-08
-2.18337e-08 0.00400554 9.29076e-08
-1.87467e-08 0.00400553 9.29076e-08
-2.18337e-08 0.00400554 9.75593e-08
-1.87467e-08 0.00400553 9.75593e-08
-2.18337e-08 0.00400554 1.02211e-07
-1.87467e-08 0.00400553 1.02211e-07
-2.18337e-08 0.00400554 1.06863e-07
-1.87467e-08 0.00400553 1.06863e-07
-2.18337e-08 0.00400554 1.11514e-07
-1.87467e-08 0.00400553 1.11514e-07
-2.18337e-08 0.00400554 1.16166e-07
-1.87467e-08 0.00400553 1.16166e-07
-2.18337e-08 0.00400554 1.20818e-07
-1.87467e-08 0.00400553 1.20818e-07
-2.18337e-08 0.00400554 1.25469e-07
-1.87467e-08 0.00400553 1.25469e-07
-2.18337e-08 0.00400554 1.30121e-07
-1.87467e-08 0.00400553 1.30121e-07
-2.18337e-08 0.00400554 1.34773e-07
-1.87467e-08 0.00400553 1.34773e-07
-2.18337e-08 0.00400554 1.39424e-07
-1.87467e-08 0.00400553 1.39424e-07
-2.18337e-08 0.00400554 1.44076e-07
-1.87467e-08 0.00400553 1.44076e-07
-2.18337e-08 0.00400554 1.48728e-07
-1.87467e-08 0.00400553 1.48728e-07
-2.18337e-08 0.00400554 1.53379e-07
-1.87467e-08 0.00400553 1.53379e-07
-2.18337e-08 0.00400554 1.58031e-07
-1.87467e-08 0.00400553 1.58031e-07
-2.18337e-08 0.00400554 1.62683e-07
-1.87467e-08 0.00400553 1.62683e-07
-2.18337e-08 0.00400554 1.67334e-07
-1.87467e-08 0.00400553 1.67334e-07
-2.18337e-08 0.00400554 1.71986e-07
-1.87467e-08 0.00400553 1.71986e-07
-2.18337e-08 0.00400554 1.76638e-07
-1.87467e-08 0.00400553 1.76638e-07
-2.18337e-08 0.00400554 1.81289e-07
-1.87467e-08 0.00400553 1.81289e-07
-2.18337e-08 0.00400554 1.85941e-07
-1.87467e-08 0.00400553 1.85941e-07
-2.18337e-08 0.00400554 1.90593e-07
-1.87467e-08 0.00400553 1.90593e-07
-2.18337e-08 0.00400554 1.95244e-07
-1.87467e-08 0.00400553 1.95244e-07
-2.18337e-08 0.00400554 1.99896e-07
-1.87467e-08 0.00400553 1.99896e-07
-2.18337e-08 0.00400554 2.04548e-07
-1.87467e-08 0.00400553 2.04548e-07
-2.18337e-08 0.00400554 2.09199e-07
-1.87467e-08 0.00400553 2.09199e-07
-2.18337e-08 0.00400554 2.13851e-07
-1.87467e-08 0.00400553 2.13851e-07
-2.18337e-08 0.00400554 2.18503e-07
-1.87467e-08 0.00400553 2.18503e-07
-2.18337e-08 0.00400555 2.23154e-07
-1.87467e-08 0.00400554 2.23154e-07
-2.18337e-08 0.00400555 2.27806e-07
-1.87467e-08 0.00400554 2.27806e-07
