2.26124e-09 0.00402903 -7.49584e-07
2.26124e-09 0.00402905 8.3517e-07
-4.09593e-08 0.00402905 -7.49584e-07
-4.09593e-08 0.00402907 8.3517e-07
2.26124e-09 0.00402903 -7.27875e-07
2.26124e-09 0.00402903 -7.06166e-07
2.26124e-09 0.00402903 -6.84457e-07
2.26124e-09 0.00402903 -6.62748e-07
2.26124e-09 0.00402903 -6.41039e-07
2.26124e-09 0.00402903 -6.1933e-07
2.26124e-09 0.00402903 -5.97622e-07
2.26124e-09 0.00402903 -5.75913e-07
2.26124e-09 0.00402903 -5.54204e-07
2.26124e-09 0.00402903 -5.32495e-07
2.26124e-09 0.00402903 -5.10786e-07
2.26124e-09 0.00402903 -4.89077e-07
2.26124e-09 0.00402903 -4.67368e-07
2.26124e-09 0.00402903 -4.45659e-07
2.26124e-09 0.00402903 -4.2395e-07
2.26124e-09 0.00402903 -4.02241e-07
2.26124e-09 0.00402903 -3.80532e-07
2.26124e-09 0.00402903 -3.58823e-07
2.26124e-09 0.00402903 -3.37114e-07
2.26124e-09 0.00402903 -3.15405e-07
2.26124e-09 0.00402903 -2.93696e-07
2.26124e-09 0.00402903 -2.71987e-07
2.26124e-09 0.00402903 -2.50278e-07
2.26124e-09 0.00402903 -2.28569e-07
2.26124e-09 0.00402903 -2.0686e-07
2.26124e-09 0.00402903 -1.85151e-07
2.26124e-09 0.00402904 -1.63442e-07
2.26124e-09 0.00402904 -1.41733e-07
2.26124e-09 0.00402904 -1.20024e-07
2.26124e-09 0.00402904 -9.83154e-08
2.26124e-09 0.00402904 -7.66064e-08
2.26124e-09 0.00402904 -5.48974e-08
2.26124e-09 0.00402904 -3.31885e-08
2.26124e-09 0.00402904 -1.14795e-08
2.26124e-09 0.00402904 1.02295e-08
2.26124e-09 0.00402904 3.19384e-08
2.26124e-09 0.00402904 5.36474e-08
2.26124e-09 0.00402904 7.53563e-08
2.26124e-09 0.00402904 9.70653e-08
2.26124e-09 0.00402904 1.18774e-07
2.26124e-09 0.00402904 1.40483e-07
2.26124e-09 0.00402904 1.62192e-07
2.26124e-09 0.00402904 1.83901e-07
2.26124e-09 0.00402904 2.0561e-07
2.26124e-09 0.00402904 2.27319e-07
2.26124e-09 0.00402904 2.49028e-07
2.26124e-09 0.00402904 2.70737e-07
2.26124e-09 0.00402904 2.92446e-07
2.26124e-09 0.00402904 3.14155e-07
2.26124e-09 0.00402904 3.35864e-07
2.26124e-09 0.00402904 3.57573e-07
2.26124e-09 0.00402904 3.79282e-07
2.26124e-09 0.00402904 4.00991e-07
2.26124e-09 0.00402904 4.227e-07
2.26124e-09 0.00402904 4.44409e-07
2.26124e-09 0.00402904 4.66118e-07
2.26124e-09 0.00402905 4.87827e-07
2.26124e-09 0.00402905 5.09536e-07
2.26124e-09 0.00402905 5.31244e-07
2.26124e-09 0.00402905 5.52954e-07
2.26124e-09 0.00402905 5.74663e-07
2.26124e-09 0.00402905 5.96371e-07
2.26124e-09 0.00402905 6.1808e-07
2.26124e-09 0.00402905 6.39789e-07
2.26124e-09 0.00402905 6.61498e-07
2.26124e-09 0.00402905 6.83207e-07
2.26124e-09 0.00402905 7.04916e-07
2.26124e-09 0.00402905 7.26625e-07
2.26124e-09 0.00402905 7.48334e-07
2.26124e-09 0.00402905 7.70043e-07
2.26124e-09 0.00402905 7.91752e-07
2.26124e-09 0.00402905 8.13461e-07
-1.9349e-08 0.00402906 8.3517e-07
-1.9349e-08 0.00402904 -7.49584e-07
-4.09593e-08 0.00402907 8.13461e-07
-4.09593e-08 0.00402907 7.91752e-07
-4.09593e-08 0.00402907 7.70043e-07
-4.09593e-08 0.00402907 7.48334e-07
-4.09593e-08 0.00402907 7.26625e-07
-4.09593e-08 0.00402907 7.04916e-07
-4.09593e-08 0.00402907 6.83207e-07
-4.09593e-08 0.00402907 6.61498e-07
-4.09593e-08 0.00402907 6.39789e-07
-4.09593e-08 0.00402907 6.1808e-07
-4.09593e-08 0.00402907 5.96371e-07
-4.09593e-08 0.00402907 5.74663e-07
-4.09593e-08 0.00402907 5.52954e-07
-4.09593e-08 0.00402907 5.31244e-07
-4.09593e-08 0.00402907 5.09536e-07
-4.09593e-08 0.00402907 4.87827e-07
-4.09593e-08 0.00402907 4.66118e-07
-4.09593e-08 0.00402907 4.44409e-07
-4.09593e-08 0.00402907 4.227e-07
-4.09593e-08 0.00402907 4.00991e-07
-4.09593e-08 0.00402907 3.79282e-07
-4.09593e-08 0.00402906 3.57573e-07
-4.09593e-08 0.00402906 3.35864e-07
-4.09593e-08 0.00402906 3.14155e-07
-4.09593e-08 0.00402906 2.92446e-07
-4.09593e-08 0.00402906 2.70737e-07
-4.09593e-08 0.00402906 2.49028e-07
-4.09593e-08 0.00402906 2.27319e-07
-4.09593e-08 0.00402906 2.0561e-07
-4.09593e-08 0.00402906 1.83901e-07
-4.09593e-08 0.00402906 1.62192e-07
-4.09593e-08 0.00402906 1.40483e-07
-4.09593e-08 0.00402906 1.18774e-07
-4.09593e-08 0.00402906 9.70653e-08
-4.09593e-08 0.00402906 7.53563e-08
-4.09593e-08 0.00402906 5.36474e-08
-4.09593e-08 0.00402906 3.19384e-08
-4.09593e-08 0.00402906 1.02295e-08
-4.09593e-08 0.00402906 -1.14795e-08
-4.09593e-08 0.00402906 -3.31885e-08
-4.09593e-08 0.00402906 -5.48974e-08
-4.09593e-08 0.00402906 -7.66064e-08
-4.09593e-08 0.00402906 -9.83154e-08
-4.09593e-08 0.00402906 -1.20024e-07
-4.09593e-08 0.00402906 -1.41733e-07
-4.09593e-08 0.00402906 -1.63442e-07
-4.09593e-08 0.00402906 -1.85151e-07
-4.09593e-08 0.00402906 -2.0686e-07
-4.09593e-08 0.00402906 -2.28569e-07
-4.09593e-08 0.00402906 -2.50278e-07
-4.09593e-08 0.00402906 -2.71987e-07
-4.09593e-08 0.00402906 -2.93696e-07
-4.09593e-08 0.00402905 -3.15405e-07
-4.09593e-08 0.00402905 -3.37114e-07
-4.09593e-08 0.00402905 -3.58823e-07
-4.09593e-08 0.00402905 -3.80532e-07
-4.09593e-08 0.00402905 -4.02241e-07
-4.09593e-08 0.00402905 -4.2395e-07
-4.09593e-08 0.00402905 -4.45659e-07
-4.09593e-08 0.00402905 -4.67368e-07
-4.09593e-08 0.00402905 -4.89077e-07
-4.09593e-08 0.00402905 -5.10786e-07
-4.09593e-08 0.00402905 -5.32495e-07
-4.09593e-08 0.00402905 -5.54204e-07
-4.09593e-08 0.00402905 -5.75913e-07
-4.09593e-08 0.00402905 -5.97622e-07
-4.09593e-08 0.00402905 -6.1933e-07
-4.09593e-08 0.00402905 -6.41039e-07
-4.09593e-08 0.00402905 -6.62748e-07
-4.09593e-08 0.00402905 -6.84457e-07
-4.09593e-08 0.00402905 -7.06166e-07
-4.09593e-08 0.00402905 -7.27875e-07
-1.9349e-08 0.00402906 8.13461e-07
-1.9349e-08 0.00402906 7.91752e-07
-1.9349e-08 0.00402906 7.70043e-07
-1.9349e-08 0.00402906 7.48334e-07
-1.9349e-08 0.00402906 7.26625e-07
-1.9349e-08 0.00402906 7.04916e-07
-1.9349e-08 0.00402906 6.83207e-07
-1.9349e-08 0.00402906 6.61498e-07
-1.9349e-08 0.00402906 6.39789e-07
-1.9349e-08 0.00402906 6.1808e-07
-1.9349e-08 0.00402906 5.96371e-07
-1.9349e-08 0.00402906 5.74663e-07
-1.9349e-08 0.00402906 5.52954e-07
-1.9349e-08 0.00402906 5.31244e-07
-1.9349e-08 0.00402906 5.09536e-07
-1.9349e-08 0.00402906 4.87827e-07
-1.9349e-08 0.00402906 4.66118e-07
-1.9349e-08 0.00402906 4.44409e-07
-1.9349e-08 0.00402906 4.227e-07
-1.9349e-08 0.00402905 4.00991e-07
-1.9349e-08 0.00402905 3.79282e-07
-1.9349e-08 0.00402905 3.57573e-07
-1.9349e-08 0.00402905 3.35864e-07
-1.9349e-08 0.00402905 3.14155e-07
-1.9349e-08 0.00402905 2.92446e-07
-1.9349e-08 0.00402905 2.70737e-07
-1.9349e-08 0.00402905 2.49028e-07
-1.9349e-08 0.00402905 2.27319e-07
-1.9349e-08 0.00402905 2.0561e-07
-1.9349e-08 0.00402905 1.83901e-07
-1.9349e-08 0.00402905 1.62192e-07
-1.9349e-08 0.00402905 1.40483e-07
-1.9349e-08 0.00402905 1.18774e-07
-1.9349e-08 0.00402905 9.70653e-08
-1.9349e-08 0.00402905 7.53563e-08
-1.9349e-08 0.00402905 5.36474e-08
-1.9349e-08 0.00402905 3.19384e-08
-1.9349e-08 0.00402905 1.02295e-08
-1.9349e-08 0.00402905 -1.14795e-08
-1.9349e-08 0.00402905 -3.31885e-08
-1.9349e-08 0.00402905 -5.48974e-08
-1.9349e-08 0.00402905 -7.66064e-08
-1.9349e-08 0.00402905 -9.83154e-08
-1.9349e-08 0.00402905 -1.20024e-07
-1.9349e-08 0.00402905 -1.41733e-07
-1.9349e-08 0.00402905 -1.63442e-07
-1.9349e-08 0.00402905 -1.85151e-07
-1.9349e-08 0.00402905 -2.0686e-07
-1.9349e-08 0.00402904 -2.28569e-07
-1.9349e-08 0.00402904 -2.50278e-07
-1.9349e-08 0.00402904 -2.71987e-07
-1.9349e-08 0.00402904 -2.93696e-07
-1.9349e-08 0.00402904 -3.15405e-07
-1.9349e-08 0.00402904 -3.37114e-07
-1.9349e-08 0.00402904 -3.58823e-07
-1.9349e-08 0.00402904 -3.80532e-07
-1.9349e-08 0.00402904 -4.02241e-07
-1.9349e-08 0.00402904 -4.2395e-07
-1.9349e-08 0.00402904 -4.45659e-07
-1.9349e-08 0.00402904 -4.67368e-07
-1.9349e-08 0.00402904 -4.89077e-07
-1.9349e-08 0.00402904 -5.10786e-07
-1.9349e-08 0.00402904 -5.32495e-07
-1.9349e-08 0.00402904 -5.54204e-07
-1.9349e-08 0.00402904 -5.75913e-07
-1.9349e-08 0.00402904 -5.97622e-07
-1.9349e-08 0.00402904 -6.1933e-07
-1.9349e-08 0.00402904 -6.41039e-07
-1.9349e-08 0.00402904 -6.62748e-07
-1.9349e-08 0.00402904 -6.84457e-07
-1.9349e-08 0.00402904 -7.06166e-07
-1.9349e-08 0.00402904 -7.27875e-07
-5.53662e-08 0.00402906 -7.49584e-07
-4.09593e-08 0.00402905 -7.49584e-07
-5.53662e-08 0.00402906 -7.27875e-07
-4.09593e-08 0.00402905 -7.27875e-07
-5.53662e-08 0.00402906 -7.06166e-07
-4.09593e-08 0.00402905 -7.06166e-07
-5.53662e-08 0.00402906 -6.84457e-07
-4.09593e-08 0.00402905 -6.84457e-07
-5.53662e-08 0.00402906 -6.62748e-07
-4.09593e-08 0.00402905 -6.62748e-07
-5.53662e-08 0.00402906 -6.41039e-07
-4.09593e-08 0.00402905 -6.41039e-07
-5.53662e-08 0.00402906 -6.1933e-07
-4.09593e-08 0.00402905 -6.1933e-07
-5.53662e-08 0.00402906 -5.97622e-07
-4.09593e-08 0.00402905 -5.97622e-07
-5.53662e-08 0.00402906 -5.75913e-07
-4.09593e-08 0.00402905 -5.75913e-07
-5.53662e-08 0.00402906 -5.54204e-07
-4.09593e-08 0.00402905 -5.54204e-07
-5.53662e-08 0.00402906 -5.32495e-07
-4.09593e-08 0.00402905 -5.32495e-07
-5.53662e-08 0.00402906 -5.10786e-07
-4.09593e-08 0.00402905 -5.10786e-07
-5.53662e-08 0.00402906 -4.89077e-07
-4.09593e-08 0.00402905 -4.89077e-07
-5.53662e-08 0.00402906 -4.67368e-07
-4.09593e-08 0.00402905 -4.67368e-07
-5.53662e-08 0.00402906 -4.45659e-07
-4.09593e-08 0.00402905 -4.45659e-07
-5.53662e-08 0.00402906 -4.2395e-07
-4.09593e-08 0.00402905 -4.2395e-07
-5.53662e-08 0.00402906 -4.02241e-07
-4.09593e-08 0.00402905 -4.02241e-07
-5.53662e-08 0.00402906 -3.80532e-07
-4.09593e-08 0.00402905 -3.80532e-07
-5.53662e-08 0.00402906 -3.58823e-07
-4.09593e-08 0.00402905 -3.58823e-07
-5.53662e-08 0.00402906 -3.37114e-07
-4.09593e-08 0.00402905 -3.37114e-07
-5.53662e-08 0.00402906 -3.15405e-07
-4.09593e-08 0.00402905 -3.15405e-07
-5.53662e-08 0.00402906 -2.93696e-07
-4.09593e-08 0.00402906 -2.93696e-07
-5.53662e-08 0.00402906 -2.71987e-07
-4.09593e-08 0.00402906 -2.71987e-07
-5.53662e-08 0.00402906 -2.50278e-07
-4.09593e-08 0.00402906 -2.50278e-07
-5.53662e-08 0.00402906 -2.28569e-07
-4.09593e-08 0.00402906 -2.28569e-07
-5.53662e-08 0.00402906 -2.0686e-07
-4.09593e-08 0.00402906 -2.0686e-07
-5.53662e-08 0.00402906 -1.85151e-07
-4.09593e-08 0.00402906 -1.85151e-07
-5.53662e-08 0.00402906 -1.63442e-07
-4.09593e-08 0.00402906 -1.63442e-07
-5.53662e-08 0.00402906 -1.41733e-07
-4.09593e-08 0.00402906 -1.41733e-07
-5.53662e-08 0.00402906 -1.20024e-07
-4.09593e-08 0.00402906 -1.20024e-07
-5.53662e-08 0.00402907 -9.83154e-08
-4.09593e-08 0.00402906 -9.83154e-08
-5.53662e-08 0.00402907 -7.66064e-08
-4.09593e-08 0.00402906 -7.66064e-08
-5.53662e-08 0.00402907 -5.48974e-08
-4.09593e-08 0.00402906 -5.48974e-08
-5.53662e-08 0.00402907 -3.31885e-08
-4.09593e-08 0.00402906 -3.31885e-08
-5.53662e-08 0.00402907 -1.14795e-08
-4.09593e-08 0.00402906 -1.14795e-08
-5.53662e-08 0.00402907 1.02295e-08
-4.09593e-08 0.00402906 1.02295e-08
-5.53662e-08 0.00402907 3.19384e-08
-4.09593e-08 0.00402906 3.19384e-08
-5.53662e-08 0.00402907 5.36474e-08
-4.09593e-08 0.00402906 5.36474e-08
-5.53662e-08 0.00402907 7.53563e-08
-4.09593e-08 0.00402906 7.53563e-08
-5.53662e-08 0.00402907 9.70653e-08
-4.09593e-08 0.00402906 9.70653e-08
-5.53662e-08 0.00402907 1.18774e-07
-4.09593e-08 0.00402906 1.18774e-07
-5.53662e-08 0.00402907 1.40483e-07
-4.09593e-08 0.00402906 1.40483e-07
-5.53662e-08 0.00402907 1.62192e-07
-4.09593e-08 0.00402906 1.62192e-07
-5.53662e-08 0.00402907 1.83901e-07
-4.09593e-08 0.00402906 1.83901e-07
-5.53662e-08 0.00402907 2.0561e-07
-4.09593e-08 0.00402906 2.0561e-07
-5.53662e-08 0.00402907 2.27319e-07
-4.09593e-08 0.00402906 2.27319e-07
-5.53662e-08 0.00402907 2.49028e-07
-4.09593e-08 0.00402906 2.49028e-07
-5.53662e-08 0.00402907 2.70737e-07
-4.09593e-08 0.00402906 2.70737e-07
-5.53662e-08 0.00402907 2.92446e-07
-4.09593e-08 0.00402906 2.92446e-07
-5.53662e-08 0.00402907 3.14155e-07
-4.09593e-08 0.00402906 3.14155e-07
-5.53662e-08 0.00402907 3.35864e-07
-4.09593e-08 0.00402906 3.35864e-07
-5.53662e-08 0.00402907 3.57573e-07
-4.09593e-08 0.00402906 3.57573e-07
-5.53662e-08 0.00402907 3.79282e-07
-4.09593e-08 0.00402907 3.79282e-07
-5.53662e-08 0.00402907 4.00991e-07
-4.09593e-08 0.00402907 4.00991e-07
-5.53662e-08 0.00402907 4.227e-07
-4.09593e-08 0.00402907 4.227e-07
-5.53662e-08 0.00402907 4.44409e-07
-4.09593e-08 0.00402907 4.44409e-07
-5.53662e-08 0.00402907 4.66118e-07
-4.09593e-08 0.00402907 4.66118e-07
-5.53662e-08 0.00402907 4.87827e-07
-4.09593e-08 0.00402907 4.87827e-07
-5.53662e-08 0.00402907 5.09536e-07
-4.09593e-08 0.00402907 5.09536e-07
-5.53662e-08 0.00402907 5.31244e-07
-4.09593e-08 0.00402907 5.31244e-07
-5.53662e-08 0.00402908 5.52954e-07
-4.09593e-08 0.00402907 5.52954e-07
-5.53662e-08 0.00402908 5.74663e-07
-4.09593e-08 0.00402907 5.74663e-07
-5.53662e-08 0.00402908 5.96371e-07
-4.09593e-08 0.00402907 5.96371e-07
-5.53662e-08 0.00402908 6.1808e-07
-4.09593e-08 0.00402907 6.1808e-07
-5.53662e-08 0.00402908 6.39789e-07
-4.09593e-08 0.00402907 6.39789e-07
-5.53662e-08 0.00402908 6.61498e-07
-4.09593e-08 0.00402907 6.61498e-07
-5.53662e-08 0.00402908 6.83207e-07
-4.09593e-08 0.00402907 6.83207e-07
-5.53662e-08 0.00402908 7.04916e-07
-4.09593e-08 0.00402907 7.04916e-07
-5.53662e-08 0.00402908 7.26625e-07
-4.09593e-08 0.00402907 7.26625e-07
-5.53662e-08 0.00402908 7.48334e-07
-4.09593e-08 0.00402907 7.48334e-07
-5.53662e-08 0.00402908 7.70043e-07
-4.09593e-08 0.00402907 7.70043e-07
-5.53662e-08 0.00402908 7.91752e-07
-4.09593e-08 0.00402907 7.91752e-07
-5.53662e-08 0.00402908 8.13461e-07
-4.09593e-08 0.00402907 8.13461e-07
-5.53662e-08 0.00402908 8.3517e-07
-4.09593e-08 0.00402907 8.3517e-07
2.26124e-09 0.00402903 -7.49584e-07
1.66681e-08 0.00402902 -7.49584e-07
2.26124e-09 0.00402903 -7.27875e-07
1.66681e-08 0.00402902 -7.27875e-07
2.26124e-09 0.00402903 -7.06166e-07
1.66681e-08 0.00402902 -7.06166e-07
2.26124e-09 0.00402903 -6.84457e-07
1.66681e-08 0.00402902 -6.84457e-07
2.26124e-09 0.00402903 -6.62748e-07
1.66681e-08 0.00402902 -6.62748e-07
2.26124e-09 0.00402903 -6.41039e-07
1.66681e-08 0.00402902 -6.41039e-07
2.26124e-09 0.00402903 -6.1933e-07
1.66681e-08 0.00402902 -6.1933e-07
2.26124e-09 0.00402903 -5.97622e-07
1.66681e-08 0.00402902 -5.97622e-07
2.26124e-09 0.00402903 -5.75913e-07
1.66681e-08 0.00402902 -5.75913e-07
2.26124e-09 0.00402903 -5.54204e-07
1.66681e-08 0.00402902 -5.54204e-07
2.26124e-09 0.00402903 -5.32495e-07
1.66681e-08 0.00402902 -5.32495e-07
2.26124e-09 0.00402903 -5.10786e-07
1.66681e-08 0.00402902 -5.10786e-07
2.26124e-09 0.00402903 -4.89077e-07
1.66681e-08 0.00402902 -4.89077e-07
2.26124e-09 0.00402903 -4.67368e-07
1.66681e-08 0.00402902 -4.67368e-07
2.26124e-09 0.00402903 -4.45659e-07
1.66681e-08 0.00402902 -4.45659e-07
2.26124e-09 0.00402903 -4.2395e-07
1.66681e-08 0.00402902 -4.2395e-07
2.26124e-09 0.00402903 -4.02241e-07
1.66681e-08 0.00402902 -4.02241e-07
2.26124e-09 0.00402903 -3.80532e-07
1.66681e-08 0.00402902 -3.80532e-07
2.26124e-09 0.00402903 -3.58823e-07
1.66681e-08 0.00402902 -3.58823e-07
2.26124e-09 0.00402903 -3.37114e-07
1.66681e-08 0.00402903 -3.37114e-07
2.26124e-09 0.00402903 -3.15405e-07
1.66681e-08 0.00402903 -3.15405e-07
2.26124e-09 0.00402903 -2.93696e-07
1.66681e-08 0.00402903 -2.93696e-07
2.26124e-09 0.00402903 -2.71987e-07
1.66681e-08 0.00402903 -2.71987e-07
2.26124e-09 0.00402903 -2.50278e-07
1.66681e-08 0.00402903 -2.50278e-07
2.26124e-09 0.00402903 -2.28569e-07
1.66681e-08 0.00402903 -2.28569e-07
2.26124e-09 0.00402903 -2.0686e-07
1.66681e-08 0.00402903 -2.0686e-07
2.26124e-09 0.00402903 -1.85151e-07
1.66681e-08 0.00402903 -1.85151e-07
2.26124e-09 0.00402904 -1.63442e-07
1.66681e-08 0.00402903 -1.63442e-07
2.26124e-09 0.00402904 -1.41733e-07
1.66681e-08 0.00402903 -1.41733e-07
2.26124e-09 0.00402904 -1.20024e-07
1.66681e-08 0.00402903 -1.20024e-07
2.26124e-09 0.00402904 -9.83154e-08
1.66681e-08 0.00402903 -9.83154e-08
2.26124e-09 0.00402904 -7.66064e-08
1.66681e-08 0.00402903 -7.66064e-08
2.26124e-09 0.00402904 -5.48974e-08
1.66681e-08 0.00402903 -5.48974e-08
2.26124e-09 0.00402904 -3.31885e-08
1.66681e-08 0.00402903 -3.31885e-08
2.26124e-09 0.00402904 -1.14795e-08
1.66681e-08 0.00402903 -1.14795e-08
2.26124e-09 0.00402904 1.02295e-08
1.66681e-08 0.00402903 1.02295e-08
2.26124e-09 0.00402904 3.19384e-08
1.66681e-08 0.00402903 3.19384e-08
2.26124e-09 0.00402904 5.36474e-08
1.66681e-08 0.00402903 5.36474e-08
2.26124e-09 0.00402904 7.53563e-08
1.66681e-08 0.00402903 7.53563e-08
2.26124e-09 0.00402904 9.70653e-08
1.66681e-08 0.00402903 9.70653e-08
2.26124e-09 0.00402904 1.18774e-07
1.66681e-08 0.00402903 1.18774e-07
2.26124e-09 0.00402904 1.40483e-07
1.66681e-08 0.00402903 1.40483e-07
2.26124e-09 0.00402904 1.62192e-07
1.66681e-08 0.00402903 1.62192e-07
2.26124e-09 0.00402904 1.83901e-07
1.66681e-08 0.00402903 1.83901e-07
2.26124e-09 0.00402904 2.0561e-07
1.66681e-08 0.00402903 2.0561e-07
2.26124e-09 0.00402904 2.27319e-07
1.66681e-08 0.00402903 2.27319e-07
2.26124e-09 0.00402904 2.49028e-07
1.66681e-08 0.00402903 2.49028e-07
2.26124e-09 0.00402904 2.70737e-07
1.66681e-08 0.00402903 2.70737e-07
2.26124e-09 0.00402904 2.92446e-07
1.66681e-08 0.00402904 2.92446e-07
2.26124e-09 0.00402904 3.14155e-07
1.66681e-08 0.00402904 3.14155e-07
2.26124e-09 0.00402904 3.35864e-07
1.66681e-08 0.00402904 3.35864e-07
2.26124e-09 0.00402904 3.57573e-07
1.66681e-08 0.00402904 3.57573e-07
2.26124e-09 0.00402904 3.79282e-07
1.66681e-08 0.00402904 3.79282e-07
2.26124e-09 0.00402904 4.00991e-07
1.66681e-08 0.00402904 4.00991e-07
2.26124e-09 0.00402904 4.227e-07
1.66681e-08 0.00402904 4.227e-07
2.26124e-09 0.00402904 4.44409e-07
1.66681e-08 0.00402904 4.44409e-07
2.26124e-09 0.00402904 4.66118e-07
1.66681e-08 0.00402904 4.66118e-07
2.26124e-09 0.00402905 4.87827e-07
1.66681e-08 0.00402904 4.87827e-07
2.26124e-09 0.00402905 5.09536e-07
1.66681e-08 0.00402904 5.09536e-07
2.26124e-09 0.00402905 5.31244e-07
1.66681e-08 0.00402904 5.31244e-07
2.26124e-09 0.00402905 5.52954e-07
1.66681e-08 0.00402904 5.52954e-07
2.26124e-09 0.00402905 5.74663e-07
1.66681e-08 0.00402904 5.74663e-07
2.26124e-09 0.00402905 5.96371e-07
1.66681e-08 0.00402904 5.96371e-07
2.26124e-09 0.00402905 6.1808e-07
1.66681e-08 0.00402904 6.1808e-07
2.26124e-09 0.00402905 6.39789e-07
1.66681e-08 0.00402904 6.39789e-07
2.26124e-09 0.00402905 6.61498e-07
1.66681e-08 0.00402904 6.61498e-07
2.26124e-09 0.00402905 6.83207e-07
1.66681e-08 0.00402904 6.83207e-07
2.26124e-09 0.00402905 7.04916e-07
1.66681e-08 0.00402904 7.04916e-07
2.26124e-09 0.00402905 7.26625e-07
1.66681e-08 0.00402904 7.26625e-07
2.26124e-09 0.00402905 7.48334e-07
1.66681e-08 0.00402904 7.48334e-07
2.26124e-09 0.00402905 7.70043e-07
1.66681e-08 0.00402904 7.70043e-07
2.26124e-09 0.00402905 7.91752e-07
1.66681e-08 0.00402904 7.91752e-07
2.26124e-09 0.00402905 8.13461e-07
1.66681e-08 0.00402904 8.13461e-07
2.26124e-09 0.00402905 8.3517e-07
1.66681e-08 0.00402904 8.3517e-07
