1.34499e-07 0.00403381 1.12599e-05
1.34499e-07 0.00403351 6.93345e-06
2.52492e-07 0.0040336 1.12599e-05
2.52492e-07 0.00403331 6.93345e-06
1.34499e-07 0.0040338 1.12006e-05
1.34499e-07 0.0040338 1.11413e-05
1.34499e-07 0.00403379 1.10821e-05
1.34499e-07 0.00403379 1.10228e-05
1.34499e-07 0.00403378 1.09635e-05
1.34499e-07 0.00403378 1.09043e-05
1.34499e-07 0.00403378 1.0845e-05
1.34499e-07 0.00403377 1.07857e-05
1.34499e-07 0.00403377 1.07265e-05
1.34499e-07 0.00403376 1.06672e-05
1.34499e-07 0.00403376 1.06079e-05
1.34499e-07 0.00403376 1.05487e-05
1.34499e-07 0.00403375 1.04894e-05
1.34499e-07 0.00403375 1.04301e-05
1.34499e-07 0.00403374 1.03709e-05
1.34499e-07 0.00403374 1.03116e-05
1.34499e-07 0.00403374 1.02523e-05
1.34499e-07 0.00403373 1.01931e-05
1.34499e-07 0.00403373 1.01338e-05
1.34499e-07 0.00403372 1.00745e-05
1.34499e-07 0.00403372 1.00153e-05
1.34499e-07 0.00403372 9.95601e-06
1.34499e-07 0.00403371 9.89674e-06
1.34499e-07 0.00403371 9.83748e-06
1.34499e-07 0.0040337 9.77821e-06
1.34499e-07 0.0040337 9.71895e-06
1.34499e-07 0.0040337 9.65968e-06
1.34499e-07 0.00403369 9.60042e-06
1.34499e-07 0.00403369 9.54115e-06
1.34499e-07 0.00403368 9.48188e-06
1.34499e-07 0.00403368 9.42262e-06
1.34499e-07 0.00403368 9.36335e-06
1.34499e-07 0.00403367 9.30409e-06
1.34499e-07 0.00403367 9.24482e-06
1.34499e-07 0.00403366 9.18555e-06
1.34499e-07 0.00403366 9.12629e-06
1.34499e-07 0.00403365 9.06702e-06
1.34499e-07 0.00403365 9.00776e-06
1.34499e-07 0.00403365 8.94849e-06
1.34499e-07 0.00403364 8.88922e-06
1.34499e-07 0.00403364 8.82996e-06
1.34499e-07 0.00403363 8.77069e-06
1.34499e-07 0.00403363 8.71143e-06
1.34499e-07 0.00403363 8.65216e-06
1.34499e-07 0.00403362 8.5929e-06
1.34499e-07 0.00403362 8.53363e-06
1.34499e-07 0.00403361 8.47436e-06
1.34499e-07 0.00403361 8.4151e-06
1.34499e-07 0.00403361 8.35583e-06
1.34499e-07 0.0040336 8.29657e-06
1.34499e-07 0.0040336 8.2373e-06
1.34499e-07 0.00403359 8.17803e-06
1.34499e-07 0.00403359 8.11877e-06
1.34499e-07 0.00403359 8.0595e-06
1.34499e-07 0.00403358 8.00024e-06
1.34499e-07 0.00403358 7.94097e-06
1.34499e-07 0.00403357 7.8817e-06
1.34499e-07 0.00403357 7.82244e-06
1.34499e-07 0.00403357 7.76317e-06
1.34499e-07 0.00403356 7.70391e-06
1.34499e-07 0.00403356 7.64464e-06
1.34499e-07 0.00403355 7.58538e-06
1.34499e-07 0.00403355 7.52611e-06
1.34499e-07 0.00403355 7.46684e-06
1.34499e-07 0.00403354 7.40758e-06
1.34499e-07 0.00403354 7.34831e-06
1.34499e-07 0.00403353 7.28905e-06
1.34499e-07 0.00403353 7.22978e-06
1.34499e-07 0.00403353 7.17051e-06
1.34499e-07 0.00403352 7.11125e-06
1.34499e-07 0.00403352 7.05198e-06
1.34499e-07 0.00403351 6.99272e-06
1.93496e-07 0.00403341 6.93345e-06
1.93496e-07 0.0040337 1.12599e-05
2.52492e-07 0.00403331 6.99272e-06
2.52492e-07 0.00403331 7.05198e-06
2.52492e-07 0.00403332 7.11125e-06
2.52492e-07 0.00403332 7.17051e-06
2.52492e-07 0.00403333 7.22978e-06
2.52492e-07 0.00403333 7.28905e-06
2.52492e-07 0.00403334 7.34831e-06
2.52492e-07 0.00403334 7.40758e-06
2.52492e-07 0.00403334 7.46684e-06
2.52492e-07 0.00403335 7.52611e-06
2.52492e-07 0.00403335 7.58538e-06
2.52492e-07 0.00403336 7.64464e-06
2.52492e-07 0.00403336 7.70391e-06
2.52492e-07 0.00403336 7.76317e-06
2.52492e-07 0.00403337 7.82244e-06
2.52492e-07 0.00403337 7.8817e-06
2.52492e-07 0.00403338 7.94097e-06
2.52492e-07 0.00403338 8.00024e-06
2.52492e-07 0.00403338 8.0595e-06
2.52492e-07 0.00403339 8.11877e-06
2.52492e-07 0.00403339 8.17803e-06
2.52492e-07 0.0040334 8.2373e-06
2.52492e-07 0.0040334 8.29657e-06
2.52492e-07 0.0040334 8.35583e-06
2.52492e-07 0.00403341 8.4151e-06
2.52492e-07 0.00403341 8.47436e-06
2.52492e-07 0.00403342 8.53363e-06
2.52492e-07 0.00403342 8.5929e-06
2.52492e-07 0.00403342 8.65216e-06
2.52492e-07 0.00403343 8.71143e-06
2.52492e-07 0.00403343 8.77069e-06
2.52492e-07 0.00403344 8.82996e-06
2.52492e-07 0.00403344 8.88922e-06
2.52492e-07 0.00403344 8.94849e-06
2.52492e-07 0.00403345 9.00776e-06
2.52492e-07 0.00403345 9.06702e-06
2.52492e-07 0.00403346 9.12629e-06
2.52492e-07 0.00403346 9.18555e-06
2.52492e-07 0.00403346 9.24482e-06
2.52492e-07 0.00403347 9.30409e-06
2.52492e-07 0.00403347 9.36335e-06
2.52492e-07 0.00403348 9.42262e-06
2.52492e-07 0.00403348 9.48188e-06
2.52492e-07 0.00403348 9.54115e-06
2.52492e-07 0.00403349 9.60042e-06
2.52492e-07 0.00403349 9.65968e-06
2.52492e-07 0.0040335 9.71895e-06
2.52492e-07 0.0040335 9.77821e-06
2.52492e-07 0.00403351 9.83748e-06
2.52492e-07 0.00403351 9.89674e-06
2.52492e-07 0.00403351 9.95601e-06
2.52492e-07 0.00403352 1.00153e-05
2.52492e-07 0.00403352 1.00745e-05
2.52492e-07 0.00403353 1.01338e-05
2.52492e-07 0.00403353 1.01931e-05
2.52492e-07 0.00403353 1.02523e-05
2.52492e-07 0.00403354 1.03116e-05
2.52492e-07 0.00403354 1.03709e-05
2.52492e-07 0.00403355 1.04301e-05
2.52492e-07 0.00403355 1.04894e-05
2.52492e-07 0.00403355 1.05487e-05
2.52492e-07 0.00403356 1.06079e-05
2.52492e-07 0.00403356 1.06672e-05
2.52492e-07 0.00403357 1.07265e-05
2.52492e-07 0.00403357 1.07857e-05
2.52492e-07 0.00403357 1.0845e-05
2.52492e-07 0.00403358 1.09043e-05
2.52492e-07 0.00403358 1.09635e-05
2.52492e-07 0.00403359 1.10228e-05
2.52492e-07 0.00403359 1.10821e-05
2.52492e-07 0.00403359 1.11413e-05
2.52492e-07 0.0040336 1.12006e-05
1.93496e-07 0.00403341 6.99272e-06
1.93496e-07 0.00403342 7.05198e-06
1.93496e-07 0.00403342 7.11125e-06
1.93496e-07 0.00403342 7.17051e-06
1.93496e-07 0.00403343 7.22978e-06
1.93496e-07 0.00403343 7.28905e-06
1.93496e-07 0.00403344 7.34831e-06
1.93496e-07 0.00403344 7.40758e-06
1.93496e-07 0.00403344 7.46684e-06
1.93496e-07 0.00403345 7.52611e-06
1.93496e-07 0.00403345 7.58538e-06
1.93496e-07 0.00403346 7.64464e-06
1.93496e-07 0.00403346 7.70391e-06
1.93496e-07 0.00403346 7.76317e-06
1.93496e-07 0.00403347 7.82244e-06
1.93496e-07 0.00403347 7.8817e-06
1.93496e-07 0.00403348 7.94097e-06
1.93496e-07 0.00403348 8.00024e-06
1.93496e-07 0.00403348 8.0595e-06
1.93496e-07 0.00403349 8.11877e-06
1.93496e-07 0.00403349 8.17803e-06
1.93496e-07 0.0040335 8.2373e-06
1.93496e-07 0.0040335 8.29657e-06
1.93496e-07 0.0040335 8.35583e-06
1.93496e-07 0.00403351 8.4151e-06
1.93496e-07 0.00403351 8.47436e-06
1.93496e-07 0.00403352 8.53363e-06
1.93496e-07 0.00403352 8.5929e-06
1.93496e-07 0.00403353 8.65216e-06
1.93496e-07 0.00403353 8.71143e-06
1.93496e-07 0.00403353 8.77069e-06
1.93496e-07 0.00403354 8.82996e-06
1.93496e-07 0.00403354 8.88922e-06
1.93496e-07 0.00403355 8.94849e-06
1.93496e-07 0.00403355 9.00776e-06
1.93496e-07 0.00403355 9.06702e-06
1.93496e-07 0.00403356 9.12629e-06
1.93496e-07 0.00403356 9.18555e-06
1.93496e-07 0.00403357 9.24482e-06
1.93496e-07 0.00403357 9.30409e-06
1.93496e-07 0.00403357 9.36335e-06
1.93496e-07 0.00403358 9.42262e-06
1.93496e-07 0.00403358 9.48188e-06
1.93496e-07 0.00403359 9.54115e-06
1.93496e-07 0.00403359 9.60042e-06
1.93496e-07 0.00403359 9.65968e-06
1.93496e-07 0.0040336 9.71895e-06
1.93496e-07 0.0040336 9.77821e-06
1.93496e-07 0.00403361 9.83748e-06
1.93496e-07 0.00403361 9.89674e-06
1.93496e-07 0.00403361 9.95601e-06
1.93496e-07 0.00403362 1.00153e-05
1.93496e-07 0.00403362 1.00745e-05
1.93496e-07 0.00403363 1.01338e-05
1.93496e-07 0.00403363 1.01931e-05
1.93496e-07 0.00403363 1.02523e-05
1.93496e-07 0.00403364 1.03116e-05
1.93496e-07 0.00403364 1.03709e-05
1.93496e-07 0.00403365 1.04301e-05
1.93496e-07 0.00403365 1.04894e-05
1.93496e-07 0.00403366 1.05487e-05
1.93496e-07 0.00403366 1.06079e-05
1.93496e-07 0.00403366 1.06672e-05
1.93496e-07 0.00403367 1.07265e-05
1.93496e-07 0.00403367 1.07857e-05
1.93496e-07 0.00403368 1.0845e-05
1.93496e-07 0.00403368 1.09043e-05
1.93496e-07 0.00403368 1.09635e-05
1.93496e-07 0.00403369 1.10228e-05
1.93496e-07 0.00403369 1.10821e-05
1.93496e-07 0.0040337 1.11413e-05
1.93496e-07 0.0040337 1.12006e-05
2.91823e-07 0.00403354 1.12599e-05
2.52492e-07 0.0040336 1.12599e-05
2.91823e-07 0.00403353 1.12006e-05
2.52492e-07 0.0040336 1.12006e-05
2.91823e-07 0.00403353 1.11413e-05
2.52492e-07 0.00403359 1.11413e-05
2.91823e-07 0.00403352 1.10821e-05
2.52492e-07 0.00403359 1.10821e-05
2.91823e-07 0.00403352 1.10228e-05
2.52492e-07 0.00403359 1.10228e-05
2.91823e-07 0.00403352 1.09635e-05
2.52492e-07 0.00403358 1.09635e-05
2.91823e-07 0.00403351 1.09043e-05
2.52492e-07 0.00403358 1.09043e-05
2.91823e-07 0.00403351 1.0845e-05
2.52492e-07 0.00403357 1.0845e-05
2.91823e-07 0.0040335 1.07857e-05
2.52492e-07 0.00403357 1.07857e-05
2.91823e-07 0.0040335 1.07265e-05
2.52492e-07 0.00403357 1.07265e-05
2.91823e-07 0.00403349 1.06672e-05
2.52492e-07 0.00403356 1.06672e-05
2.91823e-07 0.00403349 1.06079e-05
2.52492e-07 0.00403356 1.06079e-05
2.91823e-07 0.00403349 1.05487e-05
2.52492e-07 0.00403355 1.05487e-05
2.91823e-07 0.00403348 1.04894e-05
2.52492e-07 0.00403355 1.04894e-05
2.91823e-07 0.00403348 1.04301e-05
2.52492e-07 0.00403355 1.04301e-05
2.91823e-07 0.00403347 1.03709e-05
2.52492e-07 0.00403354 1.03709e-05
2.91823e-07 0.00403347 1.03116e-05
2.52492e-07 0.00403354 1.03116e-05
2.91823e-07 0.00403347 1.02523e-05
2.52492e-07 0.00403353 1.02523e-05
2.91823e-07 0.00403346 1.01931e-05
2.52492e-07 0.00403353 1.01931e-05
2.91823e-07 0.00403346 1.01338e-05
2.52492e-07 0.00403353 1.01338e-05
2.91823e-07 0.00403345 1.00745e-05
2.52492e-07 0.00403352 1.00745e-05
2.91823e-07 0.00403345 1.00153e-05
2.52492e-07 0.00403352 1.00153e-05
2.91823e-07 0.00403345 9.95601e-06
2.52492e-07 0.00403351 9.95601e-06
2.91823e-07 0.00403344 9.89674e-06
2.52492e-07 0.00403351 9.89674e-06
2.91823e-07 0.00403344 9.83748e-06
2.52492e-07 0.00403351 9.83748e-06
2.91823e-07 0.00403343 9.77821e-06
2.52492e-07 0.0040335 9.77821e-06
2.91823e-07 0.00403343 9.71895e-06
2.52492e-07 0.0040335 9.71895e-06
2.91823e-07 0.00403343 9.65968e-06
2.52492e-07 0.00403349 9.65968e-06
2.91823e-07 0.00403342 9.60042e-06
2.52492e-07 0.00403349 9.60042e-06
2.91823e-07 0.00403342 9.54115e-06
2.52492e-07 0.00403348 9.54115e-06
2.91823e-07 0.00403341 9.48188e-06
2.52492e-07 0.00403348 9.48188e-06
2.91823e-07 0.00403341 9.42262e-06
2.52492e-07 0.00403348 9.42262e-06
2.91823e-07 0.00403341 9.36335e-06
2.52492e-07 0.00403347 9.36335e-06
2.91823e-07 0.0040334 9.30409e-06
2.52492e-07 0.00403347 9.30409e-06
2.91823e-07 0.0040334 9.24482e-06
2.52492e-07 0.00403346 9.24482e-06
2.91823e-07 0.00403339 9.18555e-06
2.52492e-07 0.00403346 9.18555e-06
2.91823e-07 0.00403339 9.12629e-06
2.52492e-07 0.00403346 9.12629e-06
2.91823e-07 0.00403339 9.06702e-06
2.52492e-07 0.00403345 9.06702e-06
2.91823e-07 0.00403338 9.00776e-06
2.52492e-07 0.00403345 9.00776e-06
2.91823e-07 0.00403338 8.94849e-06
2.52492e-07 0.00403344 8.94849e-06
2.91823e-07 0.00403337 8.88922e-06
2.52492e-07 0.00403344 8.88922e-06
2.91823e-07 0.00403337 8.82996e-06
2.52492e-07 0.00403344 8.82996e-06
2.91823e-07 0.00403336 8.77069e-06
2.52492e-07 0.00403343 8.77069e-06
2.91823e-07 0.00403336 8.71143e-06
2.52492e-07 0.00403343 8.71143e-06
2.91823e-07 0.00403336 8.65216e-06
2.52492e-07 0.00403342 8.65216e-06
2.91823e-07 0.00403335 8.5929e-06
2.52492e-07 0.00403342 8.5929e-06
2.91823e-07 0.00403335 8.53363e-06
2.52492e-07 0.00403342 8.53363e-06
2.91823e-07 0.00403334 8.47436e-06
2.52492e-07 0.00403341 8.47436e-06
2.91823e-07 0.00403334 8.4151e-06
2.52492e-07 0.00403341 8.4151e-06
2.91823e-07 0.00403334 8.35583e-06
2.52492e-07 0.0040334 8.35583e-06
2.91823e-07 0.00403333 8.29657e-06
2.52492e-07 0.0040334 8.29657e-06
2.91823e-07 0.00403333 8.2373e-06
2.52492e-07 0.0040334 8.2373e-06
2.91823e-07 0.00403332 8.17803e-06
2.52492e-07 0.00403339 8.17803e-06
2.91823e-07 0.00403332 8.11877e-06
2.52492e-07 0.00403339 8.11877e-06
2.91823e-07 0.00403332 8.0595e-06
2.52492e-07 0.00403338 8.0595e-06
2.91823e-07 0.00403331 8.00024e-06
2.52492e-07 0.00403338 8.00024e-06
2.91823e-07 0.00403331 7.94097e-06
2.52492e-07 0.00403338 7.94097e-06
2.91823e-07 0.0040333 7.8817e-06
2.52492e-07 0.00403337 7.8817e-06
2.91823e-07 0.0040333 7.82244e-06
2.52492e-07 0.00403337 7.82244e-06
2.91823e-07 0.0040333 7.76317e-06
2.52492e-07 0.00403336 7.76317e-06
2.91823e-07 0.00403329 7.70391e-06
2.52492e-07 0.00403336 7.70391e-06
2.91823e-07 0.00403329 7.64464e-06
2.52492e-07 0.00403336 7.64464e-06
2.91823e-07 0.00403328 7.58538e-06
2.52492e-07 0.00403335 7.58538e-06
2.91823e-07 0.00403328 7.52611e-06
2.52492e-07 0.00403335 7.52611e-06
2.91823e-07 0.00403328 7.46684e-06
2.52492e-07 0.00403334 7.46684e-06
2.91823e-07 0.00403327 7.40758e-06
2.52492e-07 0.00403334 7.40758e-06
2.91823e-07 0.00403327 7.34831e-06
2.52492e-07 0.00403334 7.34831e-06
2.91823e-07 0.00403326 7.28905e-06
2.52492e-07 0.00403333 7.28905e-06
2.91823e-07 0.00403326 7.22978e-06
2.52492e-07 0.00403333 7.22978e-06
2.91823e-07 0.00403326 7.17051e-06
2.52492e-07 0.00403332 7.17051e-06
2.91823e-07 0.00403325 7.11125e-06
2.52492e-07 0.00403332 7.11125e-06
2.91823e-07 0.00403325 7.05198e-06
2.52492e-07 0.00403331 7.05198e-06
2.91823e-07 0.00403324 6.99272e-06
2.52492e-07 0.00403331 6.99272e-06
2.91823e-07 0.00403324 6.93345e-06
2.52492e-07 0.00403331 6.93345e-06
1.34499e-07 0.00403381 1.12599e-05
9.51684e-08 0.00403387 1.12599e-05
1.34499e-07 0.0040338 1.12006e-05
9.51684e-08 0.00403387 1.12006e-05
1.34499e-07 0.0040338 1.11413e-05
9.51684e-08 0.00403386 1.11413e-05
1.34499e-07 0.00403379 1.10821e-05
9.51684e-08 0.00403386 1.10821e-05
1.34499e-07 0.00403379 1.10228e-05
9.51684e-08 0.00403386 1.10228e-05
1.34499e-07 0.00403378 1.09635e-05
9.51684e-08 0.00403385 1.09635e-05
1.34499e-07 0.00403378 1.09043e-05
9.51684e-08 0.00403385 1.09043e-05
1.34499e-07 0.00403378 1.0845e-05
9.51684e-08 0.00403384 1.0845e-05
1.34499e-07 0.00403377 1.07857e-05
9.51684e-08 0.00403384 1.07857e-05
1.34499e-07 0.00403377 1.07265e-05
9.51684e-08 0.00403384 1.07265e-05
1.34499e-07 0.00403376 1.06672e-05
9.51684e-08 0.00403383 1.06672e-05
1.34499e-07 0.00403376 1.06079e-05
9.51684e-08 0.00403383 1.06079e-05
1.34499e-07 0.00403376 1.05487e-05
9.51684e-08 0.00403382 1.05487e-05
1.34499e-07 0.00403375 1.04894e-05
9.51684e-08 0.00403382 1.04894e-05
1.34499e-07 0.00403375 1.04301e-05
9.51684e-08 0.00403382 1.04301e-05
1.34499e-07 0.00403374 1.03709e-05
9.51684e-08 0.00403381 1.03709e-05
1.34499e-07 0.00403374 1.03116e-05
9.51684e-08 0.00403381 1.03116e-05
1.34499e-07 0.00403374 1.02523e-05
9.51684e-08 0.0040338 1.02523e-05
1.34499e-07 0.00403373 1.01931e-05
9.51684e-08 0.0040338 1.01931e-05
1.34499e-07 0.00403373 1.01338e-05
9.51684e-08 0.0040338 1.01338e-05
1.34499e-07 0.00403372 1.00745e-05
9.51684e-08 0.00403379 1.00745e-05
1.34499e-07 0.00403372 1.00153e-05
9.51684e-08 0.00403379 1.00153e-05
1.34499e-07 0.00403372 9.95601e-06
9.51684e-08 0.00403378 9.95601e-06
1.34499e-07 0.00403371 9.89674e-06
9.51684e-08 0.00403378 9.89674e-06
1.34499e-07 0.00403371 9.83748e-06
9.51684e-08 0.00403378 9.83748e-06
1.34499e-07 0.0040337 9.77821e-06
9.51684e-08 0.00403377 9.77821e-06
1.34499e-07 0.0040337 9.71895e-06
9.51684e-08 0.00403377 9.71895e-06
1.34499e-07 0.0040337 9.65968e-06
9.51684e-08 0.00403376 9.65968e-06
1.34499e-07 0.00403369 9.60042e-06
9.51684e-08 0.00403376 9.60042e-06
1.34499e-07 0.00403369 9.54115e-06
9.51684e-08 0.00403376 9.54115e-06
1.34499e-07 0.00403368 9.48188e-06
9.51684e-08 0.00403375 9.48188e-06
1.34499e-07 0.00403368 9.42262e-06
9.51684e-08 0.00403375 9.42262e-06
1.34499e-07 0.00403368 9.36335e-06
9.51684e-08 0.00403374 9.36335e-06
1.34499e-07 0.00403367 9.30409e-06
9.51684e-08 0.00403374 9.30409e-06
1.34499e-07 0.00403367 9.24482e-06
9.51684e-08 0.00403373 9.24482e-06
1.34499e-07 0.00403366 9.18555e-06
9.51684e-08 0.00403373 9.18555e-06
1.34499e-07 0.00403366 9.12629e-06
9.51684e-08 0.00403373 9.12629e-06
1.34499e-07 0.00403365 9.06702e-06
9.51684e-08 0.00403372 9.06702e-06
1.34499e-07 0.00403365 9.00776e-06
9.51684e-08 0.00403372 9.00776e-06
1.34499e-07 0.00403365 8.94849e-06
9.51684e-08 0.00403371 8.94849e-06
1.34499e-07 0.00403364 8.88922e-06
9.51684e-08 0.00403371 8.88922e-06
1.34499e-07 0.00403364 8.82996e-06
9.51684e-08 0.00403371 8.82996e-06
1.34499e-07 0.00403363 8.77069e-06
9.51684e-08 0.0040337 8.77069e-06
1.34499e-07 0.00403363 8.71143e-06
9.51684e-08 0.0040337 8.71143e-06
1.34499e-07 0.00403363 8.65216e-06
9.51684e-08 0.00403369 8.65216e-06
1.34499e-07 0.00403362 8.5929e-06
9.51684e-08 0.00403369 8.5929e-06
1.34499e-07 0.00403362 8.53363e-06
9.51684e-08 0.00403369 8.53363e-06
1.34499e-07 0.00403361 8.47436e-06
9.51684e-08 0.00403368 8.47436e-06
1.34499e-07 0.00403361 8.4151e-06
9.51684e-08 0.00403368 8.4151e-06
1.34499e-07 0.00403361 8.35583e-06
9.51684e-08 0.00403367 8.35583e-06
1.34499e-07 0.0040336 8.29657e-06
9.51684e-08 0.00403367 8.29657e-06
1.34499e-07 0.0040336 8.2373e-06
9.51684e-08 0.00403367 8.2373e-06
1.34499e-07 0.00403359 8.17803e-06
9.51684e-08 0.00403366 8.17803e-06
1.34499e-07 0.00403359 8.11877e-06
9.51684e-08 0.00403366 8.11877e-06
1.34499e-07 0.00403359 8.0595e-06
9.51684e-08 0.00403365 8.0595e-06
1.34499e-07 0.00403358 8.00024e-06
9.51684e-08 0.00403365 8.00024e-06
1.34499e-07 0.00403358 7.94097e-06
9.51684e-08 0.00403365 7.94097e-06
1.34499e-07 0.00403357 7.8817e-06
9.51684e-08 0.00403364 7.8817e-06
1.34499e-07 0.00403357 7.82244e-06
9.51684e-08 0.00403364 7.82244e-06
1.34499e-07 0.00403357 7.76317e-06
9.51684e-08 0.00403363 7.76317e-06
1.34499e-07 0.00403356 7.70391e-06
9.51684e-08 0.00403363 7.70391e-06
1.34499e-07 0.00403356 7.64464e-06
9.51684e-08 0.00403363 7.64464e-06
1.34499e-07 0.00403355 7.58538e-06
9.51684e-08 0.00403362 7.58538e-06
1.34499e-07 0.00403355 7.52611e-06
9.51684e-08 0.00403362 7.52611e-06
1.34499e-07 0.00403355 7.46684e-06
9.51684e-08 0.00403361 7.46684e-06
1.34499e-07 0.00403354 7.40758e-06
9.51684e-08 0.00403361 7.40758e-06
1.34499e-07 0.00403354 7.34831e-06
9.51684e-08 0.00403361 7.34831e-06
1.34499e-07 0.00403353 7.28905e-06
9.51684e-08 0.0040336 7.28905e-06
1.34499e-07 0.00403353 7.22978e-06
9.51684e-08 0.0040336 7.22978e-06
1.34499e-07 0.00403353 7.17051e-06
9.51684e-08 0.00403359 7.17051e-06
1.34499e-07 0.00403352 7.11125e-06
9.51684e-08 0.00403359 7.11125e-06
1.34499e-07 0.00403352 7.05198e-06
9.51684e-08 0.00403358 7.05198e-06
1.34499e-07 0.00403351 6.99272e-06
9.51684e-08 0.00403358 6.99272e-06
1.34499e-07 0.00403351 6.93345e-06
9.51684e-08 0.00403358 6.93345e-06
