-1.03975e-07 0.00402462 1.17568e-06
-1.03975e-07 0.00402476 8.62753e-07
-9.54404e-08 0.0040246 1.17568e-06
-9.54404e-08 0.00402474 8.62753e-07
-1.03975e-07 0.00402463 1.17139e-06
-1.03975e-07 0.00402463 1.1671e-06
-1.03975e-07 0.00402463 1.16282e-06
-1.03975e-07 0.00402463 1.15853e-06
-1.03975e-07 0.00402463 1.15424e-06
-1.03975e-07 0.00402463 1.14996e-06
-1.03975e-07 0.00402464 1.14567e-06
-1.03975e-07 0.00402464 1.14138e-06
-1.03975e-07 0.00402464 1.1371e-06
-1.03975e-07 0.00402464 1.13281e-06
-1.03975e-07 0.00402464 1.12852e-06
-1.03975e-07 0.00402465 1.12424e-06
-1.03975e-07 0.00402465 1.11995e-06
-1.03975e-07 0.00402465 1.11566e-06
-1.03975e-07 0.00402465 1.11138e-06
-1.03975e-07 0.00402465 1.10709e-06
-1.03975e-07 0.00402466 1.1028e-06
-1.03975e-07 0.00402466 1.09852e-06
-1.03975e-07 0.00402466 1.09423e-06
-1.03975e-07 0.00402466 1.08994e-06
-1.03975e-07 0.00402466 1.08566e-06
-1.03975e-07 0.00402466 1.08137e-06
-1.03975e-07 0.00402467 1.07708e-06
-1.03975e-07 0.00402467 1.0728e-06
-1.03975e-07 0.00402467 1.06851e-06
-1.03975e-07 0.00402467 1.06422e-06
-1.03975e-07 0.00402467 1.05994e-06
-1.03975e-07 0.00402468 1.05565e-06
-1.03975e-07 0.00402468 1.05136e-06
-1.03975e-07 0.00402468 1.04708e-06
-1.03975e-07 0.00402468 1.04279e-06
-1.03975e-07 0.00402468 1.0385e-06
-1.03975e-07 0.00402469 1.03422e-06
-1.03975e-07 0.00402469 1.02993e-06
-1.03975e-07 0.00402469 1.02564e-06
-1.03975e-07 0.00402469 1.02136e-06
-1.03975e-07 0.00402469 1.01707e-06
-1.03975e-07 0.0040247 1.01278e-06
-1.03975e-07 0.0040247 1.0085e-06
-1.03975e-07 0.0040247 1.00421e-06
-1.03975e-07 0.0040247 9.99925e-07
-1.03975e-07 0.0040247 9.95638e-07
-1.03975e-07 0.0040247 9.91351e-07
-1.03975e-07 0.00402471 9.87065e-07
-1.03975e-07 0.00402471 9.82778e-07
-1.03975e-07 0.00402471 9.78492e-07
-1.03975e-07 0.00402471 9.74205e-07
-1.03975e-07 0.00402471 9.69918e-07
-1.03975e-07 0.00402472 9.65632e-07
-1.03975e-07 0.00402472 9.61345e-07
-1.03975e-07 0.00402472 9.57059e-07
-1.03975e-07 0.00402472 9.52772e-07
-1.03975e-07 0.00402472 9.48485e-07
-1.03975e-07 0.00402473 9.44199e-07
-1.03975e-07 0.00402473 9.39912e-07
-1.03975e-07 0.00402473 9.35625e-07
-1.03975e-07 0.00402473 9.31339e-07
-1.03975e-07 0.00402473 9.27052e-07
-1.03975e-07 0.00402473 9.22766e-07
-1.03975e-07 0.00402474 9.18479e-07
-1.03975e-07 0.00402474 9.14192e-07
-1.03975e-07 0.00402474 9.09906e-07
-1.03975e-07 0.00402474 9.05619e-07
-1.03975e-07 0.00402474 9.01332e-07
-1.03975e-07 0.00402475 8.97046e-07
-1.03975e-07 0.00402475 8.92759e-07
-1.03975e-07 0.00402475 8.88473e-07
-1.03975e-07 0.00402475 8.84186e-07
-1.03975e-07 0.00402475 8.79899e-07
-1.03975e-07 0.00402476 8.75613e-07
-1.03975e-07 0.00402476 8.71326e-07
-1.03975e-07 0.00402476 8.6704e-07
-9.97075e-08 0.00402475 8.62753e-07
-9.97075e-08 0.00402461 1.17568e-06
-9.54404e-08 0.00402474 8.6704e-07
-9.54404e-08 0.00402474 8.71326e-07
-9.54404e-08 0.00402474 8.75613e-07
-9.54404e-08 0.00402473 8.79899e-07
-9.54404e-08 0.00402473 8.84186e-07
-9.54404e-08 0.00402473 8.88473e-07
-9.54404e-08 0.00402473 8.92759e-07
-9.54404e-08 0.00402473 8.97046e-07
-9.54404e-08 0.00402472 9.01332e-07
-9.54404e-08 0.00402472 9.05619e-07
-9.54404e-08 0.00402472 9.09906e-07
-9.54404e-08 0.00402472 9.14192e-07
-9.54404e-08 0.00402472 9.18479e-07
-9.54404e-08 0.00402472 9.22766e-07
-9.54404e-08 0.00402471 9.27052e-07
-9.54404e-08 0.00402471 9.31339e-07
-9.54404e-08 0.00402471 9.35625e-07
-9.54404e-08 0.00402471 9.39912e-07
-9.54404e-08 0.00402471 9.44199e-07
-9.54404e-08 0.0040247 9.48485e-07
-9.54404e-08 0.0040247 9.52772e-07
-9.54404e-08 0.0040247 9.57059e-07
-9.54404e-08 0.0040247 9.61345e-07
-9.54404e-08 0.0040247 9.65632e-07
-9.54404e-08 0.00402469 9.69918e-07
-9.54404e-08 0.00402469 9.74205e-07
-9.54404e-08 0.00402469 9.78492e-07
-9.54404e-08 0.00402469 9.82778e-07
-9.54404e-08 0.00402469 9.87065e-07
-9.54404e-08 0.00402469 9.91351e-07
-9.54404e-08 0.00402468 9.95638e-07
-9.54404e-08 0.00402468 9.99925e-07
-9.54404e-08 0.00402468 1.00421e-06
-9.54404e-08 0.00402468 1.0085e-06
-9.54404e-08 0.00402468 1.01278e-06
-9.54404e-08 0.00402467 1.01707e-06
-9.54404e-08 0.00402467 1.02136e-06
-9.54404e-08 0.00402467 1.02564e-06
-9.54404e-08 0.00402467 1.02993e-06
-9.54404e-08 0.00402467 1.03422e-06
-9.54404e-08 0.00402466 1.0385e-06
-9.54404e-08 0.00402466 1.04279e-06
-9.54404e-08 0.00402466 1.04708e-06
-9.54404e-08 0.00402466 1.05136e-06
-9.54404e-08 0.00402466 1.05565e-06
-9.54404e-08 0.00402466 1.05994e-06
-9.54404e-08 0.00402465 1.06422e-06
-9.54404e-08 0.00402465 1.06851e-06
-9.54404e-08 0.00402465 1.0728e-06
-9.54404e-08 0.00402465 1.07708e-06
-9.54404e-08 0.00402465 1.08137e-06
-9.54404e-08 0.00402464 1.08566e-06
-9.54404e-08 0.00402464 1.08994e-06
-9.54404e-08 0.00402464 1.09423e-06
-9.54404e-08 0.00402464 1.09852e-06
-9.54404e-08 0.00402464 1.1028e-06
-9.54404e-08 0.00402463 1.10709e-06
-9.54404e-08 0.00402463 1.11138e-06
-9.54404e-08 0.00402463 1.11566e-06
-9.54404e-08 0.00402463 1.11995e-06
-9.54404e-08 0.00402463 1.12424e-06
-9.54404e-08 0.00402462 1.12852e-06
-9.54404e-08 0.00402462 1.13281e-06
-9.54404e-08 0.00402462 1.1371e-06
-9.54404e-08 0.00402462 1.14138e-06
-9.54404e-08 0.00402462 1.14567e-06
-9.54404e-08 0.00402462 1.14996e-06
-9.54404e-08 0.00402461 1.15424e-06
-9.54404e-08 0.00402461 1.15853e-06
-9.54404e-08 0.00402461 1.16282e-06
-9.54404e-08 0.00402461 1.1671e-06
-9.54404e-08 0.00402461 1.17139e-06
-9.97075e-08 0.00402475 8.6704e-07
-9.97075e-08 0.00402475 8.71326e-07
-9.97075e-08 0.00402475 8.75613e-07
-9.97075e-08 0.00402474 8.79899e-07
-9.97075e-08 0.00402474 8.84186e-07
-9.97075e-08 0.00402474 8.88473e-07
-9.97075e-08 0.00402474 8.92759e-07
-9.97075e-08 0.00402474 8.97046e-07
-9.97075e-08 0.00402473 9.01332e-07
-9.97075e-08 0.00402473 9.05619e-07
-9.97075e-08 0.00402473 9.09906e-07
-9.97075e-08 0.00402473 9.14192e-07
-9.97075e-08 0.00402473 9.18479e-07
-9.97075e-08 0.00402473 9.22766e-07
-9.97075e-08 0.00402472 9.27052e-07
-9.97075e-08 0.00402472 9.31339e-07
-9.97075e-08 0.00402472 9.35625e-07
-9.97075e-08 0.00402472 9.39912e-07
-9.97075e-08 0.00402472 9.44199e-07
-9.97075e-08 0.00402471 9.48485e-07
-9.97075e-08 0.00402471 9.52772e-07
-9.97075e-08 0.00402471 9.57059e-07
-9.97075e-08 0.00402471 9.61345e-07
-9.97075e-08 0.00402471 9.65632e-07
-9.97075e-08 0.0040247 9.69918e-07
-9.97075e-08 0.0040247 9.74205e-07
-9.97075e-08 0.0040247 9.78492e-07
-9.97075e-08 0.0040247 9.82778e-07
-9.97075e-08 0.0040247 9.87065e-07
-9.97075e-08 0.0040247 9.91351e-07
-9.97075e-08 0.00402469 9.95638e-07
-9.97075e-08 0.00402469 9.99925e-07
-9.97075e-08 0.00402469 1.00421e-06
-9.97075e-08 0.00402469 1.0085e-06
-9.97075e-08 0.00402469 1.01278e-06
-9.97075e-08 0.00402468 1.01707e-06
-9.97075e-08 0.00402468 1.02136e-06
-9.97075e-08 0.00402468 1.02564e-06
-9.97075e-08 0.00402468 1.02993e-06
-9.97075e-08 0.00402468 1.03422e-06
-9.97075e-08 0.00402467 1.0385e-06
-9.97075e-08 0.00402467 1.04279e-06
-9.97075e-08 0.00402467 1.04708e-06
-9.97075e-08 0.00402467 1.05136e-06
-9.97075e-08 0.00402467 1.05565e-06
-9.97075e-08 0.00402466 1.05994e-06
-9.97075e-08 0.00402466 1.06422e-06
-9.97075e-08 0.00402466 1.06851e-06
-9.97075e-08 0.00402466 1.0728e-06
-9.97075e-08 0.00402466 1.07708e-06
-9.97075e-08 0.00402466 1.08137e-06
-9.97075e-08 0.00402465 1.08566e-06
-9.97075e-08 0.00402465 1.08994e-06
-9.97075e-08 0.00402465 1.09423e-06
-9.97075e-08 0.00402465 1.09852e-06
-9.97075e-08 0.00402465 1.1028e-06
-9.97075e-08 0.00402464 1.10709e-06
-9.97075e-08 0.00402464 1.11138e-06
-9.97075e-08 0.00402464 1.11566e-06
-9.97075e-08 0.00402464 1.11995e-06
-9.97075e-08 0.00402464 1.12424e-06
-9.97075e-08 0.00402463 1.12852e-06
-9.97075e-08 0.00402463 1.13281e-06
-9.97075e-08 0.00402463 1.1371e-06
-9.97075e-08 0.00402463 1.14138e-06
-9.97075e-08 0.00402463 1.14567e-06
-9.97075e-08 0.00402462 1.14996e-06
-9.97075e-08 0.00402462 1.15424e-06
-9.97075e-08 0.00402462 1.15853e-06
-9.97075e-08 0.00402462 1.16282e-06
-9.97075e-08 0.00402462 1.1671e-06
-9.97075e-08 0.00402462 1.17139e-06
-9.25956e-08 0.0040246 1.17568e-06
-9.54404e-08 0.0040246 1.17568e-06
-9.25956e-08 0.0040246 1.17139e-06
-9.54404e-08 0.00402461 1.17139e-06
-9.25956e-08 0.0040246 1.1671e-06
-9.54404e-08 0.00402461 1.1671e-06
-9.25956e-08 0.0040246 1.16282e-06
-9.54404e-08 0.00402461 1.16282e-06
-9.25956e-08 0.00402461 1.15853e-06
-9.54404e-08 0.00402461 1.15853e-06
-9.25956e-08 0.00402461 1.15424e-06
-9.54404e-08 0.00402461 1.15424e-06
-9.25956e-08 0.00402461 1.14996e-06
-9.54404e-08 0.00402462 1.14996e-06
-9.25956e-08 0.00402461 1.14567e-06
-9.54404e-08 0.00402462 1.14567e-06
-9.25956e-08 0.00402461 1.14138e-06
-9.54404e-08 0.00402462 1.14138e-06
-9.25956e-08 0.00402461 1.1371e-06
-9.54404e-08 0.00402462 1.1371e-06
-9.25956e-08 0.00402462 1.13281e-06
-9.54404e-08 0.00402462 1.13281e-06
-9.25956e-08 0.00402462 1.12852e-06
-9.54404e-08 0.00402462 1.12852e-06
-9.25956e-08 0.00402462 1.12424e-06
-9.54404e-08 0.00402463 1.12424e-06
-9.25956e-08 0.00402462 1.11995e-06
-9.54404e-08 0.00402463 1.11995e-06
-9.25956e-08 0.00402462 1.11566e-06
-9.54404e-08 0.00402463 1.11566e-06
-9.25956e-08 0.00402463 1.11138e-06
-9.54404e-08 0.00402463 1.11138e-06
-9.25956e-08 0.00402463 1.10709e-06
-9.54404e-08 0.00402463 1.10709e-06
-9.25956e-08 0.00402463 1.1028e-06
-9.54404e-08 0.00402464 1.1028e-06
-9.25956e-08 0.00402463 1.09852e-06
-9.54404e-08 0.00402464 1.09852e-06
-9.25956e-08 0.00402463 1.09423e-06
-9.54404e-08 0.00402464 1.09423e-06
-9.25956e-08 0.00402464 1.08994e-06
-9.54404e-08 0.00402464 1.08994e-06
-9.25956e-08 0.00402464 1.08566e-06
-9.54404e-08 0.00402464 1.08566e-06
-9.25956e-08 0.00402464 1.08137e-06
-9.54404e-08 0.00402465 1.08137e-06
-9.25956e-08 0.00402464 1.07708e-06
-9.54404e-08 0.00402465 1.07708e-06
-9.25956e-08 0.00402464 1.0728e-06
-9.54404e-08 0.00402465 1.0728e-06
-9.25956e-08 0.00402464 1.06851e-06
-9.54404e-08 0.00402465 1.06851e-06
-9.25956e-08 0.00402465 1.06422e-06
-9.54404e-08 0.00402465 1.06422e-06
-9.25956e-08 0.00402465 1.05994e-06
-9.54404e-08 0.00402466 1.05994e-06
-9.25956e-08 0.00402465 1.05565e-06
-9.54404e-08 0.00402466 1.05565e-06
-9.25956e-08 0.00402465 1.05136e-06
-9.54404e-08 0.00402466 1.05136e-06
-9.25956e-08 0.00402465 1.04708e-06
-9.54404e-08 0.00402466 1.04708e-06
-9.25956e-08 0.00402466 1.04279e-06
-9.54404e-08 0.00402466 1.04279e-06
-9.25956e-08 0.00402466 1.0385e-06
-9.54404e-08 0.00402466 1.0385e-06
-9.25956e-08 0.00402466 1.03422e-06
-9.54404e-08 0.00402467 1.03422e-06
-9.25956e-08 0.00402466 1.02993e-06
-9.54404e-08 0.00402467 1.02993e-06
-9.25956e-08 0.00402466 1.02564e-06
-9.54404e-08 0.00402467 1.02564e-06
-9.25956e-08 0.00402467 1.02136e-06
-9.54404e-08 0.00402467 1.02136e-06
-9.25956e-08 0.00402467 1.01707e-06
-9.54404e-08 0.00402467 1.01707e-06
-9.25956e-08 0.00402467 1.01278e-06
-9.54404e-08 0.00402468 1.01278e-06
-9.25956e-08 0.00402467 1.0085e-06
-9.54404e-08 0.00402468 1.0085e-06
-9.25956e-08 0.00402467 1.00421e-06
-9.54404e-08 0.00402468 1.00421e-06
-9.25956e-08 0.00402468 9.99925e-07
-9.54404e-08 0.00402468 9.99925e-07
-9.25956e-08 0.00402468 9.95638e-07
-9.54404e-08 0.00402468 9.95638e-07
-9.25956e-08 0.00402468 9.91351e-07
-9.54404e-08 0.00402469 9.91351e-07
-9.25956e-08 0.00402468 9.87065e-07
-9.54404e-08 0.00402469 9.87065e-07
-9.25956e-08 0.00402468 9.82778e-07
-9.54404e-08 0.00402469 9.82778e-07
-9.25956e-08 0.00402468 9.78492e-07
-9.54404e-08 0.00402469 9.78492e-07
-9.25956e-08 0.00402469 9.74205e-07
-9.54404e-08 0.00402469 9.74205e-07
-9.25956e-08 0.00402469 9.69918e-07
-9.54404e-08 0.00402469 9.69918e-07
-9.25956e-08 0.00402469 9.65632e-07
-9.54404e-08 0.0040247 9.65632e-07
-9.25956e-08 0.00402469 9.61345e-07
-9.54404e-08 0.0040247 9.61345e-07
-9.25956e-08 0.00402469 9.57059e-07
-9.54404e-08 0.0040247 9.57059e-07
-9.25956e-08 0.0040247 9.52772e-07
-9.54404e-08 0.0040247 9.52772e-07
-9.25956e-08 0.0040247 9.48485e-07
-9.54404e-08 0.0040247 9.48485e-07
-9.25956e-08 0.0040247 9.44199e-07
-9.54404e-08 0.00402471 9.44199e-07
-9.25956e-08 0.0040247 9.39912e-07
-9.54404e-08 0.00402471 9.39912e-07
-9.25956e-08 0.0040247 9.35625e-07
-9.54404e-08 0.00402471 9.35625e-07
-9.25956e-08 0.00402471 9.31339e-07
-9.54404e-08 0.00402471 9.31339e-07
-9.25956e-08 0.00402471 9.27052e-07
-9.54404e-08 0.00402471 9.27052e-07
-9.25956e-08 0.00402471 9.22766e-07
-9.54404e-08 0.00402472 9.22766e-07
-9.25956e-08 0.00402471 9.18479e-07
-9.54404e-08 0.00402472 9.18479e-07
-9.25956e-08 0.00402471 9.14192e-07
-9.54404e-08 0.00402472 9.14192e-07
-9.25956e-08 0.00402471 9.09906e-07
-9.54404e-08 0.00402472 9.09906e-07
-9.25956e-08 0.00402472 9.05619e-07
-9.54404e-08 0.00402472 9.05619e-07
-9.25956e-08 0.00402472 9.01332e-07
-9.54404e-08 0.00402472 9.01332e-07
-9.25956e-08 0.00402472 8.97046e-07
-9.54404e-08 0.00402473 8.97046e-07
-9.25956e-08 0.00402472 8.92759e-07
-9.54404e-08 0.00402473 8.92759e-07
-9.25956e-08 0.00402472 8.88473e-07
-9.54404e-08 0.00402473 8.88473e-07
-9.25956e-08 0.00402473 8.84186e-07
-9.54404e-08 0.00402473 8.84186e-07
-9.25956e-08 0.00402473 8.79899e-07
-9.54404e-08 0.00402473 8.79899e-07
-9.25956e-08 0.00402473 8.75613e-07
-9.54404e-08 0.00402474 8.75613e-07
-9.25956e-08 0.00402473 8.71326e-07
-9.54404e-08 0.00402474 8.71326e-07
-9.25956e-08 0.00402473 8.6704e-07
-9.54404e-08 0.00402474 8.6704e-07
-9.25956e-08 0.00402474 8.62753e-07
-9.54404e-08 0.00402474 8.62753e-07
-1.03975e-07 0.00402462 1.17568e-06
-1.06819e-07 0.00402463 1.17568e-06
-1.03975e-07 0.00402463 1.17139e-06
-1.06819e-07 0.00402463 1.17139e-06
-1.03975e-07 0.00402463 1.1671e-06
-1.06819e-07 0.00402463 1.1671e-06
-1.03975e-07 0.00402463 1.16282e-06
-1.06819e-07 0.00402464 1.16282e-06
-1.03975e-07 0.00402463 1.15853e-06
-1.06819e-07 0.00402464 1.15853e-06
-1.03975e-07 0.00402463 1.15424e-06
-1.06819e-07 0.00402464 1.15424e-06
-1.03975e-07 0.00402463 1.14996e-06
-1.06819e-07 0.00402464 1.14996e-06
-1.03975e-07 0.00402464 1.14567e-06
-1.06819e-07 0.00402464 1.14567e-06
-1.03975e-07 0.00402464 1.14138e-06
-1.06819e-07 0.00402464 1.14138e-06
-1.03975e-07 0.00402464 1.1371e-06
-1.06819e-07 0.00402465 1.1371e-06
-1.03975e-07 0.00402464 1.13281e-06
-1.06819e-07 0.00402465 1.13281e-06
-1.03975e-07 0.00402464 1.12852e-06
-1.06819e-07 0.00402465 1.12852e-06
-1.03975e-07 0.00402465 1.12424e-06
-1.06819e-07 0.00402465 1.12424e-06
-1.03975e-07 0.00402465 1.11995e-06
-1.06819e-07 0.00402465 1.11995e-06
-1.03975e-07 0.00402465 1.11566e-06
-1.06819e-07 0.00402466 1.11566e-06
-1.03975e-07 0.00402465 1.11138e-06
-1.06819e-07 0.00402466 1.11138e-06
-1.03975e-07 0.00402465 1.10709e-06
-1.06819e-07 0.00402466 1.10709e-06
-1.03975e-07 0.00402466 1.1028e-06
-1.06819e-07 0.00402466 1.1028e-06
-1.03975e-07 0.00402466 1.09852e-06
-1.06819e-07 0.00402466 1.09852e-06
-1.03975e-07 0.00402466 1.09423e-06
-1.06819e-07 0.00402467 1.09423e-06
-1.03975e-07 0.00402466 1.08994e-06
-1.06819e-07 0.00402467 1.08994e-06
-1.03975e-07 0.00402466 1.08566e-06
-1.06819e-07 0.00402467 1.08566e-06
-1.03975e-07 0.00402466 1.08137e-06
-1.06819e-07 0.00402467 1.08137e-06
-1.03975e-07 0.00402467 1.07708e-06
-1.06819e-07 0.00402467 1.07708e-06
-1.03975e-07 0.00402467 1.0728e-06
-1.06819e-07 0.00402468 1.0728e-06
-1.03975e-07 0.00402467 1.06851e-06
-1.06819e-07 0.00402468 1.06851e-06
-1.03975e-07 0.00402467 1.06422e-06
-1.06819e-07 0.00402468 1.06422e-06
-1.03975e-07 0.00402467 1.05994e-06
-1.06819e-07 0.00402468 1.05994e-06
-1.03975e-07 0.00402468 1.05565e-06
-1.06819e-07 0.00402468 1.05565e-06
-1.03975e-07 0.00402468 1.05136e-06
-1.06819e-07 0.00402468 1.05136e-06
-1.03975e-07 0.00402468 1.04708e-06
-1.06819e-07 0.00402469 1.04708e-06
-1.03975e-07 0.00402468 1.04279e-06
-1.06819e-07 0.00402469 1.04279e-06
-1.03975e-07 0.00402468 1.0385e-06
-1.06819e-07 0.00402469 1.0385e-06
-1.03975e-07 0.00402469 1.03422e-06
-1.06819e-07 0.00402469 1.03422e-06
-1.03975e-07 0.00402469 1.02993e-06
-1.06819e-07 0.00402469 1.02993e-06
-1.03975e-07 0.00402469 1.02564e-06
-1.06819e-07 0.0040247 1.02564e-06
-1.03975e-07 0.00402469 1.02136e-06
-1.06819e-07 0.0040247 1.02136e-06
-1.03975e-07 0.00402469 1.01707e-06
-1.06819e-07 0.0040247 1.01707e-06
-1.03975e-07 0.0040247 1.01278e-06
-1.06819e-07 0.0040247 1.01278e-06
-1.03975e-07 0.0040247 1.0085e-06
-1.06819e-07 0.0040247 1.0085e-06
-1.03975e-07 0.0040247 1.00421e-06
-1.06819e-07 0.00402471 1.00421e-06
-1.03975e-07 0.0040247 9.99925e-07
-1.06819e-07 0.00402471 9.99925e-07
-1.03975e-07 0.0040247 9.95638e-07
-1.06819e-07 0.00402471 9.95638e-07
-1.03975e-07 0.0040247 9.91351e-07
-1.06819e-07 0.00402471 9.91351e-07
-1.03975e-07 0.00402471 9.87065e-07
-1.06819e-07 0.00402471 9.87065e-07
-1.03975e-07 0.00402471 9.82778e-07
-1.06819e-07 0.00402471 9.82778e-07
-1.03975e-07 0.00402471 9.78492e-07
-1.06819e-07 0.00402472 9.78492e-07
-1.03975e-07 0.00402471 9.74205e-07
-1.06819e-07 0.00402472 9.74205e-07
-1.03975e-07 0.00402471 9.69918e-07
-1.06819e-07 0.00402472 9.69918e-07
-1.03975e-07 0.00402472 9.65632e-07
-1.06819e-07 0.00402472 9.65632e-07
-1.03975e-07 0.00402472 9.61345e-07
-1.06819e-07 0.00402472 9.61345e-07
-1.03975e-07 0.00402472 9.57059e-07
-1.06819e-07 0.00402473 9.57059e-07
-1.03975e-07 0.00402472 9.52772e-07
-1.06819e-07 0.00402473 9.52772e-07
-1.03975e-07 0.00402472 9.48485e-07
-1.06819e-07 0.00402473 9.48485e-07
-1.03975e-07 0.00402473 9.44199e-07
-1.06819e-07 0.00402473 9.44199e-07
-1.03975e-07 0.00402473 9.39912e-07
-1.06819e-07 0.00402473 9.39912e-07
-1.03975e-07 0.00402473 9.35625e-07
-1.06819e-07 0.00402474 9.35625e-07
-1.03975e-07 0.00402473 9.31339e-07
-1.06819e-07 0.00402474 9.31339e-07
-1.03975e-07 0.00402473 9.27052e-07
-1.06819e-07 0.00402474 9.27052e-07
-1.03975e-07 0.00402473 9.22766e-07
-1.06819e-07 0.00402474 9.22766e-07
-1.03975e-07 0.00402474 9.18479e-07
-1.06819e-07 0.00402474 9.18479e-07
-1.03975e-07 0.00402474 9.14192e-07
-1.06819e-07 0.00402474 9.14192e-07
-1.03975e-07 0.00402474 9.09906e-07
-1.06819e-07 0.00402475 9.09906e-07
-1.03975e-07 0.00402474 9.05619e-07
-1.06819e-07 0.00402475 9.05619e-07
-1.03975e-07 0.00402474 9.01332e-07
-1.06819e-07 0.00402475 9.01332e-07
-1.03975e-07 0.00402475 8.97046e-07
-1.06819e-07 0.00402475 8.97046e-07
-1.03975e-07 0.00402475 8.92759e-07
-1.06819e-07 0.00402475 8.92759e-07
-1.03975e-07 0.00402475 8.88473e-07
-1.06819e-07 0.00402476 8.88473e-07
-1.03975e-07 0.00402475 8.84186e-07
-1.06819e-07 0.00402476 8.84186e-07
-1.03975e-07 0.00402475 8.79899e-07
-1.06819e-07 0.00402476 8.79899e-07
-1.03975e-07 0.00402476 8.75613e-07
-1.06819e-07 0.00402476 8.75613e-07
-1.03975e-07 0.00402476 8.71326e-07
-1.06819e-07 0.00402476 8.71326e-07
-1.03975e-07 0.00402476 8.6704e-07
-1.06819e-07 0.00402477 8.6704e-07
-1.03975e-07 0.00402476 8.62753e-07
-1.06819e-07 0.00402477 8.62753e-07
