-1.14774e-07 0.00400107 1.51685e-06
-1.14774e-07 0.0040012 1.4339e-07
-7.73156e-08 0.00400105 1.51685e-06
-7.73156e-08 0.00400119 1.4339e-07
-1.14774e-07 0.00400107 1.49804e-06
-1.14774e-07 0.00400107 1.47922e-06
-1.14774e-07 0.00400108 1.46041e-06
-1.14774e-07 0.00400108 1.44159e-06
-1.14774e-07 0.00400108 1.42278e-06
-1.14774e-07 0.00400108 1.40396e-06
-1.14774e-07 0.00400108 1.38515e-06
-1.14774e-07 0.00400109 1.36633e-06
-1.14774e-07 0.00400109 1.34752e-06
-1.14774e-07 0.00400109 1.3287e-06
-1.14774e-07 0.00400109 1.30989e-06
-1.14774e-07 0.00400109 1.29108e-06
-1.14774e-07 0.00400109 1.27226e-06
-1.14774e-07 0.0040011 1.25345e-06
-1.14774e-07 0.0040011 1.23463e-06
-1.14774e-07 0.0040011 1.21582e-06
-1.14774e-07 0.0040011 1.197e-06
-1.14774e-07 0.0040011 1.17819e-06
-1.14774e-07 0.00400111 1.15937e-06
-1.14774e-07 0.00400111 1.14056e-06
-1.14774e-07 0.00400111 1.12174e-06
-1.14774e-07 0.00400111 1.10293e-06
-1.14774e-07 0.00400111 1.08412e-06
-1.14774e-07 0.00400111 1.0653e-06
-1.14774e-07 0.00400112 1.04649e-06
-1.14774e-07 0.00400112 1.02767e-06
-1.14774e-07 0.00400112 1.00886e-06
-1.14774e-07 0.00400112 9.90043e-07
-1.14774e-07 0.00400112 9.71229e-07
-1.14774e-07 0.00400113 9.52414e-07
-1.14774e-07 0.00400113 9.336e-07
-1.14774e-07 0.00400113 9.14785e-07
-1.14774e-07 0.00400113 8.95971e-07
-1.14774e-07 0.00400113 8.77156e-07
-1.14774e-07 0.00400113 8.58342e-07
-1.14774e-07 0.00400114 8.39527e-07
-1.14774e-07 0.00400114 8.20713e-07
-1.14774e-07 0.00400114 8.01898e-07
-1.14774e-07 0.00400114 7.83084e-07
-1.14774e-07 0.00400114 7.64269e-07
-1.14774e-07 0.00400115 7.45455e-07
-1.14774e-07 0.00400115 7.2664e-07
-1.14774e-07 0.00400115 7.07826e-07
-1.14774e-07 0.00400115 6.89011e-07
-1.14774e-07 0.00400115 6.70196e-07
-1.14774e-07 0.00400116 6.51382e-07
-1.14774e-07 0.00400116 6.32567e-07
-1.14774e-07 0.00400116 6.13753e-07
-1.14774e-07 0.00400116 5.94938e-07
-1.14774e-07 0.00400116 5.76124e-07
-1.14774e-07 0.00400116 5.57309e-07
-1.14774e-07 0.00400117 5.38495e-07
-1.14774e-07 0.00400117 5.1968e-07
-1.14774e-07 0.00400117 5.00866e-07
-1.14774e-07 0.00400117 4.82051e-07
-1.14774e-07 0.00400117 4.63237e-07
-1.14774e-07 0.00400118 4.44422e-07
-1.14774e-07 0.00400118 4.25608e-07
-1.14774e-07 0.00400118 4.06793e-07
-1.14774e-07 0.00400118 3.87979e-07
-1.14774e-07 0.00400118 3.69164e-07
-1.14774e-07 0.00400118 3.5035e-07
-1.14774e-07 0.00400119 3.31535e-07
-1.14774e-07 0.00400119 3.12721e-07
-1.14774e-07 0.00400119 2.93906e-07
-1.14774e-07 0.00400119 2.75092e-07
-1.14774e-07 0.00400119 2.56277e-07
-1.14774e-07 0.0040012 2.37463e-07
-1.14774e-07 0.0040012 2.18648e-07
-1.14774e-07 0.0040012 1.99834e-07
-1.14774e-07 0.0040012 1.81019e-07
-1.14774e-07 0.0040012 1.62205e-07
-9.60446e-08 0.0040012 1.4339e-07
-9.60446e-08 0.00400106 1.51685e-06
-7.73156e-08 0.00400118 1.62205e-07
-7.73156e-08 0.00400118 1.81019e-07
-7.73156e-08 0.00400118 1.99834e-07
-7.73156e-08 0.00400118 2.18648e-07
-7.73156e-08 0.00400118 2.37463e-07
-7.73156e-08 0.00400117 2.56277e-07
-7.73156e-08 0.00400117 2.75092e-07
-7.73156e-08 0.00400117 2.93906e-07
-7.73156e-08 0.00400117 3.12721e-07
-7.73156e-08 0.00400117 3.31535e-07
-7.73156e-08 0.00400117 3.5035e-07
-7.73156e-08 0.00400116 3.69164e-07
-7.73156e-08 0.00400116 3.87979e-07
-7.73156e-08 0.00400116 4.06793e-07
-7.73156e-08 0.00400116 4.25608e-07
-7.73156e-08 0.00400116 4.44422e-07
-7.73156e-08 0.00400115 4.63237e-07
-7.73156e-08 0.00400115 4.82051e-07
-7.73156e-08 0.00400115 5.00866e-07
-7.73156e-08 0.00400115 5.1968e-07
-7.73156e-08 0.00400115 5.38495e-07
-7.73156e-08 0.00400115 5.57309e-07
-7.73156e-08 0.00400114 5.76124e-07
-7.73156e-08 0.00400114 5.94938e-07
-7.73156e-08 0.00400114 6.13753e-07
-7.73156e-08 0.00400114 6.32567e-07
-7.73156e-08 0.00400114 6.51382e-07
-7.73156e-08 0.00400113 6.70196e-07
-7.73156e-08 0.00400113 6.89011e-07
-7.73156e-08 0.00400113 7.07826e-07
-7.73156e-08 0.00400113 7.2664e-07
-7.73156e-08 0.00400113 7.45455e-07
-7.73156e-08 0.00400113 7.64269e-07
-7.73156e-08 0.00400112 7.83084e-07
-7.73156e-08 0.00400112 8.01898e-07
-7.73156e-08 0.00400112 8.20713e-07
-7.73156e-08 0.00400112 8.39527e-07
-7.73156e-08 0.00400112 8.58342e-07
-7.73156e-08 0.00400111 8.77156e-07
-7.73156e-08 0.00400111 8.95971e-07
-7.73156e-08 0.00400111 9.14785e-07
-7.73156e-08 0.00400111 9.336e-07
-7.73156e-08 0.00400111 9.52414e-07
-7.73156e-08 0.00400111 9.71229e-07
-7.73156e-08 0.0040011 9.90043e-07
-7.73156e-08 0.0040011 1.00886e-06
-7.73156e-08 0.0040011 1.02767e-06
-7.73156e-08 0.0040011 1.04649e-06
-7.73156e-08 0.0040011 1.0653e-06
-7.73156e-08 0.00400109 1.08412e-06
-7.73156e-08 0.00400109 1.10293e-06
-7.73156e-08 0.00400109 1.12174e-06
-7.73156e-08 0.00400109 1.14056e-06
-7.73156e-08 0.00400109 1.15937e-06
-7.73156e-08 0.00400109 1.17819e-06
-7.73156e-08 0.00400108 1.197e-06
-7.73156e-08 0.00400108 1.21582e-06
-7.73156e-08 0.00400108 1.23463e-06
-7.73156e-08 0.00400108 1.25345e-06
-7.73156e-08 0.00400108 1.27226e-06
-7.73156e-08 0.00400107 1.29108e-06
-7.73156e-08 0.00400107 1.30989e-06
-7.73156e-08 0.00400107 1.3287e-06
-7.73156e-08 0.00400107 1.34752e-06
-7.73156e-08 0.00400107 1.36633e-06
-7.73156e-08 0.00400107 1.38515e-06
-7.73156e-08 0.00400106 1.40396e-06
-7.73156e-08 0.00400106 1.42278e-06
-7.73156e-08 0.00400106 1.44159e-06
-7.73156e-08 0.00400106 1.46041e-06
-7.73156e-08 0.00400106 1.47922e-06
-7.73156e-08 0.00400105 1.49804e-06
-9.60446e-08 0.00400119 1.62205e-07
-9.60446e-08 0.00400119 1.81019e-07
-9.60446e-08 0.00400119 1.99834e-07
-9.60446e-08 0.00400119 2.18648e-07
-9.60446e-08 0.00400119 2.37463e-07
-9.60446e-08 0.00400118 2.56277e-07
-9.60446e-08 0.00400118 2.75092e-07
-9.60446e-08 0.00400118 2.93906e-07
-9.60446e-08 0.00400118 3.12721e-07
-9.60446e-08 0.00400118 3.31535e-07
-9.60446e-08 0.00400118 3.5035e-07
-9.60446e-08 0.00400117 3.69164e-07
-9.60446e-08 0.00400117 3.87979e-07
-9.60446e-08 0.00400117 4.06793e-07
-9.60446e-08 0.00400117 4.25608e-07
-9.60446e-08 0.00400117 4.44422e-07
-9.60446e-08 0.00400116 4.63237e-07
-9.60446e-08 0.00400116 4.82051e-07
-9.60446e-08 0.00400116 5.00866e-07
-9.60446e-08 0.00400116 5.1968e-07
-9.60446e-08 0.00400116 5.38495e-07
-9.60446e-08 0.00400115 5.57309e-07
-9.60446e-08 0.00400115 5.76124e-07
-9.60446e-08 0.00400115 5.94938e-07
-9.60446e-08 0.00400115 6.13753e-07
-9.60446e-08 0.00400115 6.32567e-07
-9.60446e-08 0.00400115 6.51382e-07
-9.60446e-08 0.00400114 6.70196e-07
-9.60446e-08 0.00400114 6.89011e-07
-9.60446e-08 0.00400114 7.07826e-07
-9.60446e-08 0.00400114 7.2664e-07
-9.60446e-08 0.00400114 7.45455e-07
-9.60446e-08 0.00400113 7.64269e-07
-9.60446e-08 0.00400113 7.83084e-07
-9.60446e-08 0.00400113 8.01898e-07
-9.60446e-08 0.00400113 8.20713e-07
-9.60446e-08 0.00400113 8.39527e-07
-9.60446e-08 0.00400113 8.58342e-07
-9.60446e-08 0.00400112 8.77156e-07
-9.60446e-08 0.00400112 8.95971e-07
-9.60446e-08 0.00400112 9.14785e-07
-9.60446e-08 0.00400112 9.336e-07
-9.60446e-08 0.00400112 9.52414e-07
-9.60446e-08 0.00400111 9.71229e-07
-9.60446e-08 0.00400111 9.90043e-07
-9.60446e-08 0.00400111 1.00886e-06
-9.60446e-08 0.00400111 1.02767e-06
-9.60446e-08 0.00400111 1.04649e-06
-9.60446e-08 0.00400111 1.0653e-06
-9.60446e-08 0.0040011 1.08412e-06
-9.60446e-08 0.0040011 1.10293e-06
-9.60446e-08 0.0040011 1.12174e-06
-9.60446e-08 0.0040011 1.14056e-06
-9.60446e-08 0.0040011 1.15937e-06
-9.60446e-08 0.00400109 1.17819e-06
-9.60446e-08 0.00400109 1.197e-06
-9.60446e-08 0.00400109 1.21582e-06
-9.60446e-08 0.00400109 1.23463e-06
-9.60446e-08 0.00400109 1.25345e-06
-9.60446e-08 0.00400109 1.27226e-06
-9.60446e-08 0.00400108 1.29108e-06
-9.60446e-08 0.00400108 1.30989e-06
-9.60446e-08 0.00400108 1.3287e-06
-9.60446e-08 0.00400108 1.34752e-06
-9.60446e-08 0.00400108 1.36633e-06
-9.60446e-08 0.00400107 1.38515e-06
-9.60446e-08 0.00400107 1.40396e-06
-9.60446e-08 0.00400107 1.42278e-06
-9.60446e-08 0.00400107 1.44159e-06
-9.60446e-08 0.00400107 1.46041e-06
-9.60446e-08 0.00400107 1.47922e-06
-9.60446e-08 0.00400106 1.49804e-06
-6.48296e-08 0.00400105 1.51685e-06
-7.73156e-08 0.00400105 1.51685e-06
-6.48296e-08 0.00400105 1.49804e-06
-7.73156e-08 0.00400105 1.49804e-06
-6.48296e-08 0.00400105 1.47922e-06
-7.73156e-08 0.00400106 1.47922e-06
-6.48296e-08 0.00400105 1.46041e-06
-7.73156e-08 0.00400106 1.46041e-06
-6.48296e-08 0.00400105 1.44159e-06
-7.73156e-08 0.00400106 1.44159e-06
-6.48296e-08 0.00400105 1.42278e-06
-7.73156e-08 0.00400106 1.42278e-06
-6.48296e-08 0.00400106 1.40396e-06
-7.73156e-08 0.00400106 1.40396e-06
-6.48296e-08 0.00400106 1.38515e-06
-7.73156e-08 0.00400107 1.38515e-06
-6.48296e-08 0.00400106 1.36633e-06
-7.73156e-08 0.00400107 1.36633e-06
-6.48296e-08 0.00400106 1.34752e-06
-7.73156e-08 0.00400107 1.34752e-06
-6.48296e-08 0.00400106 1.3287e-06
-7.73156e-08 0.00400107 1.3287e-06
-6.48296e-08 0.00400107 1.30989e-06
-7.73156e-08 0.00400107 1.30989e-06
-6.48296e-08 0.00400107 1.29108e-06
-7.73156e-08 0.00400107 1.29108e-06
-6.48296e-08 0.00400107 1.27226e-06
-7.73156e-08 0.00400108 1.27226e-06
-6.48296e-08 0.00400107 1.25345e-06
-7.73156e-08 0.00400108 1.25345e-06
-6.48296e-08 0.00400107 1.23463e-06
-7.73156e-08 0.00400108 1.23463e-06
-6.48296e-08 0.00400108 1.21582e-06
-7.73156e-08 0.00400108 1.21582e-06
-6.48296e-08 0.00400108 1.197e-06
-7.73156e-08 0.00400108 1.197e-06
-6.48296e-08 0.00400108 1.17819e-06
-7.73156e-08 0.00400109 1.17819e-06
-6.48296e-08 0.00400108 1.15937e-06
-7.73156e-08 0.00400109 1.15937e-06
-6.48296e-08 0.00400108 1.14056e-06
-7.73156e-08 0.00400109 1.14056e-06
-6.48296e-08 0.00400108 1.12174e-06
-7.73156e-08 0.00400109 1.12174e-06
-6.48296e-08 0.00400109 1.10293e-06
-7.73156e-08 0.00400109 1.10293e-06
-6.48296e-08 0.00400109 1.08412e-06
-7.73156e-08 0.00400109 1.08412e-06
-6.48296e-08 0.00400109 1.0653e-06
-7.73156e-08 0.0040011 1.0653e-06
-6.48296e-08 0.00400109 1.04649e-06
-7.73156e-08 0.0040011 1.04649e-06
-6.48296e-08 0.00400109 1.02767e-06
-7.73156e-08 0.0040011 1.02767e-06
-6.48296e-08 0.0040011 1.00886e-06
-7.73156e-08 0.0040011 1.00886e-06
-6.48296e-08 0.0040011 9.90043e-07
-7.73156e-08 0.0040011 9.90043e-07
-6.48296e-08 0.0040011 9.71229e-07
-7.73156e-08 0.00400111 9.71229e-07
-6.48296e-08 0.0040011 9.52414e-07
-7.73156e-08 0.00400111 9.52414e-07
-6.48296e-08 0.0040011 9.336e-07
-7.73156e-08 0.00400111 9.336e-07
-6.48296e-08 0.0040011 9.14785e-07
-7.73156e-08 0.00400111 9.14785e-07
-6.48296e-08 0.00400111 8.95971e-07
-7.73156e-08 0.00400111 8.95971e-07
-6.48296e-08 0.00400111 8.77156e-07
-7.73156e-08 0.00400111 8.77156e-07
-6.48296e-08 0.00400111 8.58342e-07
-7.73156e-08 0.00400112 8.58342e-07
-6.48296e-08 0.00400111 8.39527e-07
-7.73156e-08 0.00400112 8.39527e-07
-6.48296e-08 0.00400111 8.20713e-07
-7.73156e-08 0.00400112 8.20713e-07
-6.48296e-08 0.00400112 8.01898e-07
-7.73156e-08 0.00400112 8.01898e-07
-6.48296e-08 0.00400112 7.83084e-07
-7.73156e-08 0.00400112 7.83084e-07
-6.48296e-08 0.00400112 7.64269e-07
-7.73156e-08 0.00400113 7.64269e-07
-6.48296e-08 0.00400112 7.45455e-07
-7.73156e-08 0.00400113 7.45455e-07
-6.48296e-08 0.00400112 7.2664e-07
-7.73156e-08 0.00400113 7.2664e-07
-6.48296e-08 0.00400112 7.07826e-07
-7.73156e-08 0.00400113 7.07826e-07
-6.48296e-08 0.00400113 6.89011e-07
-7.73156e-08 0.00400113 6.89011e-07
-6.48296e-08 0.00400113 6.70196e-07
-7.73156e-08 0.00400113 6.70196e-07
-6.48296e-08 0.00400113 6.51382e-07
-7.73156e-08 0.00400114 6.51382e-07
-6.48296e-08 0.00400113 6.32567e-07
-7.73156e-08 0.00400114 6.32567e-07
-6.48296e-08 0.00400113 6.13753e-07
-7.73156e-08 0.00400114 6.13753e-07
-6.48296e-08 0.00400114 5.94938e-07
-7.73156e-08 0.00400114 5.94938e-07
-6.48296e-08 0.00400114 5.76124e-07
-7.73156e-08 0.00400114 5.76124e-07
-6.48296e-08 0.00400114 5.57309e-07
-7.73156e-08 0.00400115 5.57309e-07
-6.48296e-08 0.00400114 5.38495e-07
-7.73156e-08 0.00400115 5.38495e-07
-6.48296e-08 0.00400114 5.1968e-07
-7.73156e-08 0.00400115 5.1968e-07
-6.48296e-08 0.00400114 5.00866e-07
-7.73156e-08 0.00400115 5.00866e-07
-6.48296e-08 0.00400115 4.82051e-07
-7.73156e-08 0.00400115 4.82051e-07
-6.48296e-08 0.00400115 4.63237e-07
-7.73156e-08 0.00400115 4.63237e-07
-6.48296e-08 0.00400115 4.44422e-07
-7.73156e-08 0.00400116 4.44422e-07
-6.48296e-08 0.00400115 4.25608e-07
-7.73156e-08 0.00400116 4.25608e-07
-6.48296e-08 0.00400115 4.06793e-07
-7.73156e-08 0.00400116 4.06793e-07
-6.48296e-08 0.00400116 3.87979e-07
-7.73156e-08 0.00400116 3.87979e-07
-6.48296e-08 0.00400116 3.69164e-07
-7.73156e-08 0.00400116 3.69164e-07
-6.48296e-08 0.00400116 3.5035e-07
-7.73156e-08 0.00400117 3.5035e-07
-6.48296e-08 0.00400116 3.31535e-07
-7.73156e-08 0.00400117 3.31535e-07
-6.48296e-08 0.00400116 3.12721e-07
-7.73156e-08 0.00400117 3.12721e-07
-6.48296e-08 0.00400116 2.93906e-07
-7.73156e-08 0.00400117 2.93906e-07
-6.48296e-08 0.00400117 2.75092e-07
-7.73156e-08 0.00400117 2.75092e-07
-6.48296e-08 0.00400117 2.56277e-07
-7.73156e-08 0.00400117 2.56277e-07
-6.48296e-08 0.00400117 2.37463e-07
-7.73156e-08 0.00400118 2.37463e-07
-6.48296e-08 0.00400117 2.18648e-07
-7.73156e-08 0.00400118 2.18648e-07
-6.48296e-08 0.00400117 1.99834e-07
-7.73156e-08 0.00400118 1.99834e-07
-6.48296e-08 0.00400118 1.81019e-07
-7.73156e-08 0.00400118 1.81019e-07
-6.48296e-08 0.00400118 1.62205e-07
-7.73156e-08 0.00400118 1.62205e-07
-6.48296e-08 0.00400118 1.4339e-07
-7.73156e-08 0.00400119 1.4339e-07
-1.14774e-07 0.00400107 1.51685e-06
-1.2726e-07 0.00400108 1.51685e-06
-1.14774e-07 0.00400107 1.49804e-06
-1.2726e-07 0.00400108 1.49804e-06
-1.14774e-07 0.00400107 1.47922e-06
-1.2726e-07 0.00400108 1.47922e-06
-1.14774e-07 0.00400108 1.46041e-06
-1.2726e-07 0.00400108 1.46041e-06
-1.14774e-07 0.00400108 1.44159e-06
-1.2726e-07 0.00400108 1.44159e-06
-1.14774e-07 0.00400108 1.42278e-06
-1.2726e-07 0.00400109 1.42278e-06
-1.14774e-07 0.00400108 1.40396e-06
-1.2726e-07 0.00400109 1.40396e-06
-1.14774e-07 0.00400108 1.38515e-06
-1.2726e-07 0.00400109 1.38515e-06
-1.14774e-07 0.00400109 1.36633e-06
-1.2726e-07 0.00400109 1.36633e-06
-1.14774e-07 0.00400109 1.34752e-06
-1.2726e-07 0.00400109 1.34752e-06
-1.14774e-07 0.00400109 1.3287e-06
-1.2726e-07 0.00400109 1.3287e-06
-1.14774e-07 0.00400109 1.30989e-06
-1.2726e-07 0.0040011 1.30989e-06
-1.14774e-07 0.00400109 1.29108e-06
-1.2726e-07 0.0040011 1.29108e-06
-1.14774e-07 0.00400109 1.27226e-06
-1.2726e-07 0.0040011 1.27226e-06
-1.14774e-07 0.0040011 1.25345e-06
-1.2726e-07 0.0040011 1.25345e-06
-1.14774e-07 0.0040011 1.23463e-06
-1.2726e-07 0.0040011 1.23463e-06
-1.14774e-07 0.0040011 1.21582e-06
-1.2726e-07 0.00400111 1.21582e-06
-1.14774e-07 0.0040011 1.197e-06
-1.2726e-07 0.00400111 1.197e-06
-1.14774e-07 0.0040011 1.17819e-06
-1.2726e-07 0.00400111 1.17819e-06
-1.14774e-07 0.00400111 1.15937e-06
-1.2726e-07 0.00400111 1.15937e-06
-1.14774e-07 0.00400111 1.14056e-06
-1.2726e-07 0.00400111 1.14056e-06
-1.14774e-07 0.00400111 1.12174e-06
-1.2726e-07 0.00400112 1.12174e-06
-1.14774e-07 0.00400111 1.10293e-06
-1.2726e-07 0.00400112 1.10293e-06
-1.14774e-07 0.00400111 1.08412e-06
-1.2726e-07 0.00400112 1.08412e-06
-1.14774e-07 0.00400111 1.0653e-06
-1.2726e-07 0.00400112 1.0653e-06
-1.14774e-07 0.00400112 1.04649e-06
-1.2726e-07 0.00400112 1.04649e-06
-1.14774e-07 0.00400112 1.02767e-06
-1.2726e-07 0.00400112 1.02767e-06
-1.14774e-07 0.00400112 1.00886e-06
-1.2726e-07 0.00400113 1.00886e-06
-1.14774e-07 0.00400112 9.90043e-07
-1.2726e-07 0.00400113 9.90043e-07
-1.14774e-07 0.00400112 9.71229e-07
-1.2726e-07 0.00400113 9.71229e-07
-1.14774e-07 0.00400113 9.52414e-07
-1.2726e-07 0.00400113 9.52414e-07
-1.14774e-07 0.00400113 9.336e-07
-1.2726e-07 0.00400113 9.336e-07
-1.14774e-07 0.00400113 9.14785e-07
-1.2726e-07 0.00400114 9.14785e-07
-1.14774e-07 0.00400113 8.95971e-07
-1.2726e-07 0.00400114 8.95971e-07
-1.14774e-07 0.00400113 8.77156e-07
-1.2726e-07 0.00400114 8.77156e-07
-1.14774e-07 0.00400113 8.58342e-07
-1.2726e-07 0.00400114 8.58342e-07
-1.14774e-07 0.00400114 8.39527e-07
-1.2726e-07 0.00400114 8.39527e-07
-1.14774e-07 0.00400114 8.20713e-07
-1.2726e-07 0.00400114 8.20713e-07
-1.14774e-07 0.00400114 8.01898e-07
-1.2726e-07 0.00400115 8.01898e-07
-1.14774e-07 0.00400114 7.83084e-07
-1.2726e-07 0.00400115 7.83084e-07
-1.14774e-07 0.00400114 7.64269e-07
-1.2726e-07 0.00400115 7.64269e-07
-1.14774e-07 0.00400115 7.45455e-07
-1.2726e-07 0.00400115 7.45455e-07
-1.14774e-07 0.00400115 7.2664e-07
-1.2726e-07 0.00400115 7.2664e-07
-1.14774e-07 0.00400115 7.07826e-07
-1.2726e-07 0.00400116 7.07826e-07
-1.14774e-07 0.00400115 6.89011e-07
-1.2726e-07 0.00400116 6.89011e-07
-1.14774e-07 0.00400115 6.70196e-07
-1.2726e-07 0.00400116 6.70196e-07
-1.14774e-07 0.00400116 6.51382e-07
-1.2726e-07 0.00400116 6.51382e-07
-1.14774e-07 0.00400116 6.32567e-07
-1.2726e-07 0.00400116 6.32567e-07
-1.14774e-07 0.00400116 6.13753e-07
-1.2726e-07 0.00400116 6.13753e-07
-1.14774e-07 0.00400116 5.94938e-07
-1.2726e-07 0.00400117 5.94938e-07
-1.14774e-07 0.00400116 5.76124e-07
-1.2726e-07 0.00400117 5.76124e-07
-1.14774e-07 0.00400116 5.57309e-07
-1.2726e-07 0.00400117 5.57309e-07
-1.14774e-07 0.00400117 5.38495e-07
-1.2726e-07 0.00400117 5.38495e-07
-1.14774e-07 0.00400117 5.1968e-07
-1.2726e-07 0.00400117 5.1968e-07
-1.14774e-07 0.00400117 5.00866e-07
-1.2726e-07 0.00400118 5.00866e-07
-1.14774e-07 0.00400117 4.82051e-07
-1.2726e-07 0.00400118 4.82051e-07
-1.14774e-07 0.00400117 4.63237e-07
-1.2726e-07 0.00400118 4.63237e-07
-1.14774e-07 0.00400118 4.44422e-07
-1.2726e-07 0.00400118 4.44422e-07
-1.14774e-07 0.00400118 4.25608e-07
-1.2726e-07 0.00400118 4.25608e-07
-1.14774e-07 0.00400118 4.06793e-07
-1.2726e-07 0.00400118 4.06793e-07
-1.14774e-07 0.00400118 3.87979e-07
-1.2726e-07 0.00400119 3.87979e-07
-1.14774e-07 0.00400118 3.69164e-07
-1.2726e-07 0.00400119 3.69164e-07
-1.14774e-07 0.00400118 3.5035e-07
-1.2726e-07 0.00400119 3.5035e-07
-1.14774e-07 0.00400119 3.31535e-07
-1.2726e-07 0.00400119 3.31535e-07
-1.14774e-07 0.00400119 3.12721e-07
-1.2726e-07 0.00400119 3.12721e-07
-1.14774e-07 0.00400119 2.93906e-07
-1.2726e-07 0.0040012 2.93906e-07
-1.14774e-07 0.00400119 2.75092e-07
-1.2726e-07 0.0040012 2.75092e-07
-1.14774e-07 0.00400119 2.56277e-07
-1.2726e-07 0.0040012 2.56277e-07
-1.14774e-07 0.0040012 2.37463e-07
-1.2726e-07 0.0040012 2.37463e-07
-1.14774e-07 0.0040012 2.18648e-07
-1.2726e-07 0.0040012 2.18648e-07
-1.14774e-07 0.0040012 1.99834e-07
-1.2726e-07 0.0040012 1.99834e-07
-1.14774e-07 0.0040012 1.81019e-07
-1.2726e-07 0.00400121 1.81019e-07
-1.14774e-07 0.0040012 1.62205e-07
-1.2726e-07 0.00400121 1.62205e-07
-1.14774e-07 0.0040012 1.4339e-07
-1.2726e-07 0.00400121 1.4339e-07
