1.43827e-07 0.00400774 9.63431e-06
1.43827e-07 0.00400745 6.78835e-06
2.21444e-07 0.00400754 9.63431e-06
2.21444e-07 0.00400724 6.78835e-06
1.43827e-07 0.00400774 9.59532e-06
1.43827e-07 0.00400773 9.55633e-06
1.43827e-07 0.00400773 9.51735e-06
1.43827e-07 0.00400773 9.47836e-06
1.43827e-07 0.00400772 9.43938e-06
1.43827e-07 0.00400772 9.40039e-06
1.43827e-07 0.00400771 9.36141e-06
1.43827e-07 0.00400771 9.32242e-06
1.43827e-07 0.00400771 9.28344e-06
1.43827e-07 0.0040077 9.24445e-06
1.43827e-07 0.0040077 9.20546e-06
1.43827e-07 0.00400769 9.16648e-06
1.43827e-07 0.00400769 9.12749e-06
1.43827e-07 0.00400768 9.08851e-06
1.43827e-07 0.00400768 9.04952e-06
1.43827e-07 0.00400768 9.01053e-06
1.43827e-07 0.00400767 8.97155e-06
1.43827e-07 0.00400767 8.93256e-06
1.43827e-07 0.00400766 8.89358e-06
1.43827e-07 0.00400766 8.85459e-06
1.43827e-07 0.00400766 8.81561e-06
1.43827e-07 0.00400765 8.77662e-06
1.43827e-07 0.00400765 8.73764e-06
1.43827e-07 0.00400764 8.69865e-06
1.43827e-07 0.00400764 8.65966e-06
1.43827e-07 0.00400764 8.62068e-06
1.43827e-07 0.00400763 8.58169e-06
1.43827e-07 0.00400763 8.54271e-06
1.43827e-07 0.00400762 8.50372e-06
1.43827e-07 0.00400762 8.46474e-06
1.43827e-07 0.00400762 8.42575e-06
1.43827e-07 0.00400761 8.38677e-06
1.43827e-07 0.00400761 8.34778e-06
1.43827e-07 0.0040076 8.30879e-06
1.43827e-07 0.0040076 8.26981e-06
1.43827e-07 0.0040076 8.23082e-06
1.43827e-07 0.00400759 8.19184e-06
1.43827e-07 0.00400759 8.15285e-06
1.43827e-07 0.00400758 8.11387e-06
1.43827e-07 0.00400758 8.07488e-06
1.43827e-07 0.00400758 8.03589e-06
1.43827e-07 0.00400757 7.99691e-06
1.43827e-07 0.00400757 7.95792e-06
1.43827e-07 0.00400756 7.91894e-06
1.43827e-07 0.00400756 7.87995e-06
1.43827e-07 0.00400756 7.84097e-06
1.43827e-07 0.00400755 7.80198e-06
1.43827e-07 0.00400755 7.76299e-06
1.43827e-07 0.00400754 7.72401e-06
1.43827e-07 0.00400754 7.68502e-06
1.43827e-07 0.00400754 7.64604e-06
1.43827e-07 0.00400753 7.60705e-06
1.43827e-07 0.00400753 7.56807e-06
1.43827e-07 0.00400752 7.52908e-06
1.43827e-07 0.00400752 7.4901e-06
1.43827e-07 0.00400752 7.45111e-06
1.43827e-07 0.00400751 7.41212e-06
1.43827e-07 0.00400751 7.37314e-06
1.43827e-07 0.0040075 7.33415e-06
1.43827e-07 0.0040075 7.29517e-06
1.43827e-07 0.0040075 7.25618e-06
1.43827e-07 0.00400749 7.2172e-06
1.43827e-07 0.00400749 7.17821e-06
1.43827e-07 0.00400748 7.13922e-06
1.43827e-07 0.00400748 7.10024e-06
1.43827e-07 0.00400747 7.06125e-06
1.43827e-07 0.00400747 7.02227e-06
1.43827e-07 0.00400747 6.98328e-06
1.43827e-07 0.00400746 6.9443e-06
1.43827e-07 0.00400746 6.90531e-06
1.43827e-07 0.00400745 6.86632e-06
1.43827e-07 0.00400745 6.82734e-06
1.82635e-07 0.00400735 6.78835e-06
1.82635e-07 0.00400764 9.63431e-06
2.21444e-07 0.00400725 6.82734e-06
2.21444e-07 0.00400725 6.86632e-06
2.21444e-07 0.00400726 6.90531e-06
2.21444e-07 0.00400726 6.9443e-06
2.21444e-07 0.00400726 6.98328e-06
2.21444e-07 0.00400727 7.02227e-06
2.21444e-07 0.00400727 7.06125e-06
2.21444e-07 0.00400728 7.10024e-06
2.21444e-07 0.00400728 7.13922e-06
2.21444e-07 0.00400728 7.17821e-06
2.21444e-07 0.00400729 7.2172e-06
2.21444e-07 0.00400729 7.25618e-06
2.21444e-07 0.0040073 7.29517e-06
2.21444e-07 0.0040073 7.33415e-06
2.21444e-07 0.0040073 7.37314e-06
2.21444e-07 0.00400731 7.41212e-06
2.21444e-07 0.00400731 7.45111e-06
2.21444e-07 0.00400732 7.4901e-06
2.21444e-07 0.00400732 7.52908e-06
2.21444e-07 0.00400732 7.56807e-06
2.21444e-07 0.00400733 7.60705e-06
2.21444e-07 0.00400733 7.64604e-06
2.21444e-07 0.00400734 7.68502e-06
2.21444e-07 0.00400734 7.72401e-06
2.21444e-07 0.00400734 7.76299e-06
2.21444e-07 0.00400735 7.80198e-06
2.21444e-07 0.00400735 7.84097e-06
2.21444e-07 0.00400736 7.87995e-06
2.21444e-07 0.00400736 7.91894e-06
2.21444e-07 0.00400736 7.95792e-06
2.21444e-07 0.00400737 7.99691e-06
2.21444e-07 0.00400737 8.03589e-06
2.21444e-07 0.00400738 8.07488e-06
2.21444e-07 0.00400738 8.11387e-06
2.21444e-07 0.00400738 8.15285e-06
2.21444e-07 0.00400739 8.19184e-06
2.21444e-07 0.00400739 8.23082e-06
2.21444e-07 0.0040074 8.26981e-06
2.21444e-07 0.0040074 8.30879e-06
2.21444e-07 0.0040074 8.34778e-06
2.21444e-07 0.00400741 8.38677e-06
2.21444e-07 0.00400741 8.42575e-06
2.21444e-07 0.00400742 8.46474e-06
2.21444e-07 0.00400742 8.50372e-06
2.21444e-07 0.00400743 8.54271e-06
2.21444e-07 0.00400743 8.58169e-06
2.21444e-07 0.00400743 8.62068e-06
2.21444e-07 0.00400744 8.65966e-06
2.21444e-07 0.00400744 8.69865e-06
2.21444e-07 0.00400745 8.73764e-06
2.21444e-07 0.00400745 8.77662e-06
2.21444e-07 0.00400745 8.81561e-06
2.21444e-07 0.00400746 8.85459e-06
2.21444e-07 0.00400746 8.89358e-06
2.21444e-07 0.00400747 8.93256e-06
2.21444e-07 0.00400747 8.97155e-06
2.21444e-07 0.00400747 9.01053e-06
2.21444e-07 0.00400748 9.04952e-06
2.21444e-07 0.00400748 9.08851e-06
2.21444e-07 0.00400749 9.12749e-06
2.21444e-07 0.00400749 9.16648e-06
2.21444e-07 0.00400749 9.20546e-06
2.21444e-07 0.0040075 9.24445e-06
2.21444e-07 0.0040075 9.28344e-06
2.21444e-07 0.00400751 9.32242e-06
2.21444e-07 0.00400751 9.36141e-06
2.21444e-07 0.00400751 9.40039e-06
2.21444e-07 0.00400752 9.43938e-06
2.21444e-07 0.00400752 9.47836e-06
2.21444e-07 0.00400753 9.51735e-06
2.21444e-07 0.00400753 9.55633e-06
2.21444e-07 0.00400753 9.59532e-06
1.82635e-07 0.00400735 6.82734e-06
1.82635e-07 0.00400735 6.86632e-06
1.82635e-07 0.00400736 6.90531e-06
1.82635e-07 0.00400736 6.9443e-06
1.82635e-07 0.00400737 6.98328e-06
1.82635e-07 0.00400737 7.02227e-06
1.82635e-07 0.00400737 7.06125e-06
1.82635e-07 0.00400738 7.10024e-06
1.82635e-07 0.00400738 7.13922e-06
1.82635e-07 0.00400739 7.17821e-06
1.82635e-07 0.00400739 7.2172e-06
1.82635e-07 0.00400739 7.25618e-06
1.82635e-07 0.0040074 7.29517e-06
1.82635e-07 0.0040074 7.33415e-06
1.82635e-07 0.00400741 7.37314e-06
1.82635e-07 0.00400741 7.41212e-06
1.82635e-07 0.00400741 7.45111e-06
1.82635e-07 0.00400742 7.4901e-06
1.82635e-07 0.00400742 7.52908e-06
1.82635e-07 0.00400743 7.56807e-06
1.82635e-07 0.00400743 7.60705e-06
1.82635e-07 0.00400743 7.64604e-06
1.82635e-07 0.00400744 7.68502e-06
1.82635e-07 0.00400744 7.72401e-06
1.82635e-07 0.00400745 7.76299e-06
1.82635e-07 0.00400745 7.80198e-06
1.82635e-07 0.00400745 7.84097e-06
1.82635e-07 0.00400746 7.87995e-06
1.82635e-07 0.00400746 7.91894e-06
1.82635e-07 0.00400747 7.95792e-06
1.82635e-07 0.00400747 7.99691e-06
1.82635e-07 0.00400747 8.03589e-06
1.82635e-07 0.00400748 8.07488e-06
1.82635e-07 0.00400748 8.11387e-06
1.82635e-07 0.00400749 8.15285e-06
1.82635e-07 0.00400749 8.19184e-06
1.82635e-07 0.00400749 8.23082e-06
1.82635e-07 0.0040075 8.26981e-06
1.82635e-07 0.0040075 8.30879e-06
1.82635e-07 0.00400751 8.34778e-06
1.82635e-07 0.00400751 8.38677e-06
1.82635e-07 0.00400751 8.42575e-06
1.82635e-07 0.00400752 8.46474e-06
1.82635e-07 0.00400752 8.50372e-06
1.82635e-07 0.00400753 8.54271e-06
1.82635e-07 0.00400753 8.58169e-06
1.82635e-07 0.00400753 8.62068e-06
1.82635e-07 0.00400754 8.65966e-06
1.82635e-07 0.00400754 8.69865e-06
1.82635e-07 0.00400755 8.73764e-06
1.82635e-07 0.00400755 8.77662e-06
1.82635e-07 0.00400756 8.81561e-06
1.82635e-07 0.00400756 8.85459e-06
1.82635e-07 0.00400756 8.89358e-06
1.82635e-07 0.00400757 8.93256e-06
1.82635e-07 0.00400757 8.97155e-06
1.82635e-07 0.00400758 9.01053e-06
1.82635e-07 0.00400758 9.04952e-06
1.82635e-07 0.00400758 9.08851e-06
1.82635e-07 0.00400759 9.12749e-06
1.82635e-07 0.00400759 9.16648e-06
1.82635e-07 0.0040076 9.20546e-06
1.82635e-07 0.0040076 9.24445e-06
1.82635e-07 0.0040076 9.28344e-06
1.82635e-07 0.00400761 9.32242e-06
1.82635e-07 0.00400761 9.36141e-06
1.82635e-07 0.00400762 9.40039e-06
1.82635e-07 0.00400762 9.43938e-06
1.82635e-07 0.00400762 9.47836e-06
1.82635e-07 0.00400763 9.51735e-06
1.82635e-07 0.00400763 9.55633e-06
1.82635e-07 0.00400764 9.59532e-06
2.47316e-07 0.00400747 9.63431e-06
2.21444e-07 0.00400754 9.63431e-06
2.47316e-07 0.00400747 9.59532e-06
2.21444e-07 0.00400753 9.59532e-06
2.47316e-07 0.00400746 9.55633e-06
2.21444e-07 0.00400753 9.55633e-06
2.47316e-07 0.00400746 9.51735e-06
2.21444e-07 0.00400753 9.51735e-06
2.47316e-07 0.00400745 9.47836e-06
2.21444e-07 0.00400752 9.47836e-06
2.47316e-07 0.00400745 9.43938e-06
2.21444e-07 0.00400752 9.43938e-06
2.47316e-07 0.00400745 9.40039e-06
2.21444e-07 0.00400751 9.40039e-06
2.47316e-07 0.00400744 9.36141e-06
2.21444e-07 0.00400751 9.36141e-06
2.47316e-07 0.00400744 9.32242e-06
2.21444e-07 0.00400751 9.32242e-06
2.47316e-07 0.00400743 9.28344e-06
2.21444e-07 0.0040075 9.28344e-06
2.47316e-07 0.00400743 9.24445e-06
2.21444e-07 0.0040075 9.24445e-06
2.47316e-07 0.00400743 9.20546e-06
2.21444e-07 0.00400749 9.20546e-06
2.47316e-07 0.00400742 9.16648e-06
2.21444e-07 0.00400749 9.16648e-06
2.47316e-07 0.00400742 9.12749e-06
2.21444e-07 0.00400749 9.12749e-06
2.47316e-07 0.00400741 9.08851e-06
2.21444e-07 0.00400748 9.08851e-06
2.47316e-07 0.00400741 9.04952e-06
2.21444e-07 0.00400748 9.04952e-06
2.47316e-07 0.00400741 9.01053e-06
2.21444e-07 0.00400747 9.01053e-06
2.47316e-07 0.0040074 8.97155e-06
2.21444e-07 0.00400747 8.97155e-06
2.47316e-07 0.0040074 8.93256e-06
2.21444e-07 0.00400747 8.93256e-06
2.47316e-07 0.00400739 8.89358e-06
2.21444e-07 0.00400746 8.89358e-06
2.47316e-07 0.00400739 8.85459e-06
2.21444e-07 0.00400746 8.85459e-06
2.47316e-07 0.00400739 8.81561e-06
2.21444e-07 0.00400745 8.81561e-06
2.47316e-07 0.00400738 8.77662e-06
2.21444e-07 0.00400745 8.77662e-06
2.47316e-07 0.00400738 8.73764e-06
2.21444e-07 0.00400745 8.73764e-06
2.47316e-07 0.00400737 8.69865e-06
2.21444e-07 0.00400744 8.69865e-06
2.47316e-07 0.00400737 8.65966e-06
2.21444e-07 0.00400744 8.65966e-06
2.47316e-07 0.00400737 8.62068e-06
2.21444e-07 0.00400743 8.62068e-06
2.47316e-07 0.00400736 8.58169e-06
2.21444e-07 0.00400743 8.58169e-06
2.47316e-07 0.00400736 8.54271e-06
2.21444e-07 0.00400743 8.54271e-06
2.47316e-07 0.00400735 8.50372e-06
2.21444e-07 0.00400742 8.50372e-06
2.47316e-07 0.00400735 8.46474e-06
2.21444e-07 0.00400742 8.46474e-06
2.47316e-07 0.00400735 8.42575e-06
2.21444e-07 0.00400741 8.42575e-06
2.47316e-07 0.00400734 8.38677e-06
2.21444e-07 0.00400741 8.38677e-06
2.47316e-07 0.00400734 8.34778e-06
2.21444e-07 0.0040074 8.34778e-06
2.47316e-07 0.00400733 8.30879e-06
2.21444e-07 0.0040074 8.30879e-06
2.47316e-07 0.00400733 8.26981e-06
2.21444e-07 0.0040074 8.26981e-06
2.47316e-07 0.00400733 8.23082e-06
2.21444e-07 0.00400739 8.23082e-06
2.47316e-07 0.00400732 8.19184e-06
2.21444e-07 0.00400739 8.19184e-06
2.47316e-07 0.00400732 8.15285e-06
2.21444e-07 0.00400738 8.15285e-06
2.47316e-07 0.00400731 8.11387e-06
2.21444e-07 0.00400738 8.11387e-06
2.47316e-07 0.00400731 8.07488e-06
2.21444e-07 0.00400738 8.07488e-06
2.47316e-07 0.0040073 8.03589e-06
2.21444e-07 0.00400737 8.03589e-06
2.47316e-07 0.0040073 7.99691e-06
2.21444e-07 0.00400737 7.99691e-06
2.47316e-07 0.0040073 7.95792e-06
2.21444e-07 0.00400736 7.95792e-06
2.47316e-07 0.00400729 7.91894e-06
2.21444e-07 0.00400736 7.91894e-06
2.47316e-07 0.00400729 7.87995e-06
2.21444e-07 0.00400736 7.87995e-06
2.47316e-07 0.00400728 7.84097e-06
2.21444e-07 0.00400735 7.84097e-06
2.47316e-07 0.00400728 7.80198e-06
2.21444e-07 0.00400735 7.80198e-06
2.47316e-07 0.00400728 7.76299e-06
2.21444e-07 0.00400734 7.76299e-06
2.47316e-07 0.00400727 7.72401e-06
2.21444e-07 0.00400734 7.72401e-06
2.47316e-07 0.00400727 7.68502e-06
2.21444e-07 0.00400734 7.68502e-06
2.47316e-07 0.00400726 7.64604e-06
2.21444e-07 0.00400733 7.64604e-06
2.47316e-07 0.00400726 7.60705e-06
2.21444e-07 0.00400733 7.60705e-06
2.47316e-07 0.00400726 7.56807e-06
2.21444e-07 0.00400732 7.56807e-06
2.47316e-07 0.00400725 7.52908e-06
2.21444e-07 0.00400732 7.52908e-06
2.47316e-07 0.00400725 7.4901e-06
2.21444e-07 0.00400732 7.4901e-06
2.47316e-07 0.00400724 7.45111e-06
2.21444e-07 0.00400731 7.45111e-06
2.47316e-07 0.00400724 7.41212e-06
2.21444e-07 0.00400731 7.41212e-06
2.47316e-07 0.00400724 7.37314e-06
2.21444e-07 0.0040073 7.37314e-06
2.47316e-07 0.00400723 7.33415e-06
2.21444e-07 0.0040073 7.33415e-06
2.47316e-07 0.00400723 7.29517e-06
2.21444e-07 0.0040073 7.29517e-06
2.47316e-07 0.00400722 7.25618e-06
2.21444e-07 0.00400729 7.25618e-06
2.47316e-07 0.00400722 7.2172e-06
2.21444e-07 0.00400729 7.2172e-06
2.47316e-07 0.00400722 7.17821e-06
2.21444e-07 0.00400728 7.17821e-06
2.47316e-07 0.00400721 7.13922e-06
2.21444e-07 0.00400728 7.13922e-06
2.47316e-07 0.00400721 7.10024e-06
2.21444e-07 0.00400728 7.10024e-06
2.47316e-07 0.0040072 7.06125e-06
2.21444e-07 0.00400727 7.06125e-06
2.47316e-07 0.0040072 7.02227e-06
2.21444e-07 0.00400727 7.02227e-06
2.47316e-07 0.0040072 6.98328e-06
2.21444e-07 0.00400726 6.98328e-06
2.47316e-07 0.00400719 6.9443e-06
2.21444e-07 0.00400726 6.9443e-06
2.47316e-07 0.00400719 6.90531e-06
2.21444e-07 0.00400726 6.90531e-06
2.47316e-07 0.00400718 6.86632e-06
2.21444e-07 0.00400725 6.86632e-06
2.47316e-07 0.00400718 6.82734e-06
2.21444e-07 0.00400725 6.82734e-06
2.47316e-07 0.00400718 6.78835e-06
2.21444e-07 0.00400724 6.78835e-06
1.43827e-07 0.00400774 9.63431e-06
1.17955e-07 0.00400781 9.63431e-06
1.43827e-07 0.00400774 9.59532e-06
1.17955e-07 0.00400781 9.59532e-06
1.43827e-07 0.00400773 9.55633e-06
1.17955e-07 0.0040078 9.55633e-06
1.43827e-07 0.00400773 9.51735e-06
1.17955e-07 0.0040078 9.51735e-06
1.43827e-07 0.00400773 9.47836e-06
1.17955e-07 0.00400779 9.47836e-06
1.43827e-07 0.00400772 9.43938e-06
1.17955e-07 0.00400779 9.43938e-06
1.43827e-07 0.00400772 9.40039e-06
1.17955e-07 0.00400778 9.40039e-06
1.43827e-07 0.00400771 9.36141e-06
1.17955e-07 0.00400778 9.36141e-06
1.43827e-07 0.00400771 9.32242e-06
1.17955e-07 0.00400778 9.32242e-06
1.43827e-07 0.00400771 9.28344e-06
1.17955e-07 0.00400777 9.28344e-06
1.43827e-07 0.0040077 9.24445e-06
1.17955e-07 0.00400777 9.24445e-06
1.43827e-07 0.0040077 9.20546e-06
1.17955e-07 0.00400776 9.20546e-06
1.43827e-07 0.00400769 9.16648e-06
1.17955e-07 0.00400776 9.16648e-06
1.43827e-07 0.00400769 9.12749e-06
1.17955e-07 0.00400776 9.12749e-06
1.43827e-07 0.00400768 9.08851e-06
1.17955e-07 0.00400775 9.08851e-06
1.43827e-07 0.00400768 9.04952e-06
1.17955e-07 0.00400775 9.04952e-06
1.43827e-07 0.00400768 9.01053e-06
1.17955e-07 0.00400774 9.01053e-06
1.43827e-07 0.00400767 8.97155e-06
1.17955e-07 0.00400774 8.97155e-06
1.43827e-07 0.00400767 8.93256e-06
1.17955e-07 0.00400774 8.93256e-06
1.43827e-07 0.00400766 8.89358e-06
1.17955e-07 0.00400773 8.89358e-06
1.43827e-07 0.00400766 8.85459e-06
1.17955e-07 0.00400773 8.85459e-06
1.43827e-07 0.00400766 8.81561e-06
1.17955e-07 0.00400772 8.81561e-06
1.43827e-07 0.00400765 8.77662e-06
1.17955e-07 0.00400772 8.77662e-06
1.43827e-07 0.00400765 8.73764e-06
1.17955e-07 0.00400772 8.73764e-06
1.43827e-07 0.00400764 8.69865e-06
1.17955e-07 0.00400771 8.69865e-06
1.43827e-07 0.00400764 8.65966e-06
1.17955e-07 0.00400771 8.65966e-06
1.43827e-07 0.00400764 8.62068e-06
1.17955e-07 0.0040077 8.62068e-06
1.43827e-07 0.00400763 8.58169e-06
1.17955e-07 0.0040077 8.58169e-06
1.43827e-07 0.00400763 8.54271e-06
1.17955e-07 0.0040077 8.54271e-06
1.43827e-07 0.00400762 8.50372e-06
1.17955e-07 0.00400769 8.50372e-06
1.43827e-07 0.00400762 8.46474e-06
1.17955e-07 0.00400769 8.46474e-06
1.43827e-07 0.00400762 8.42575e-06
1.17955e-07 0.00400768 8.42575e-06
1.43827e-07 0.00400761 8.38677e-06
1.17955e-07 0.00400768 8.38677e-06
1.43827e-07 0.00400761 8.34778e-06
1.17955e-07 0.00400768 8.34778e-06
1.43827e-07 0.0040076 8.30879e-06
1.17955e-07 0.00400767 8.30879e-06
1.43827e-07 0.0040076 8.26981e-06
1.17955e-07 0.00400767 8.26981e-06
1.43827e-07 0.0040076 8.23082e-06
1.17955e-07 0.00400766 8.23082e-06
1.43827e-07 0.00400759 8.19184e-06
1.17955e-07 0.00400766 8.19184e-06
1.43827e-07 0.00400759 8.15285e-06
1.17955e-07 0.00400766 8.15285e-06
1.43827e-07 0.00400758 8.11387e-06
1.17955e-07 0.00400765 8.11387e-06
1.43827e-07 0.00400758 8.07488e-06
1.17955e-07 0.00400765 8.07488e-06
1.43827e-07 0.00400758 8.03589e-06
1.17955e-07 0.00400764 8.03589e-06
1.43827e-07 0.00400757 7.99691e-06
1.17955e-07 0.00400764 7.99691e-06
1.43827e-07 0.00400757 7.95792e-06
1.17955e-07 0.00400764 7.95792e-06
1.43827e-07 0.00400756 7.91894e-06
1.17955e-07 0.00400763 7.91894e-06
1.43827e-07 0.00400756 7.87995e-06
1.17955e-07 0.00400763 7.87995e-06
1.43827e-07 0.00400756 7.84097e-06
1.17955e-07 0.00400762 7.84097e-06
1.43827e-07 0.00400755 7.80198e-06
1.17955e-07 0.00400762 7.80198e-06
1.43827e-07 0.00400755 7.76299e-06
1.17955e-07 0.00400762 7.76299e-06
1.43827e-07 0.00400754 7.72401e-06
1.17955e-07 0.00400761 7.72401e-06
1.43827e-07 0.00400754 7.68502e-06
1.17955e-07 0.00400761 7.68502e-06
1.43827e-07 0.00400754 7.64604e-06
1.17955e-07 0.0040076 7.64604e-06
1.43827e-07 0.00400753 7.60705e-06
1.17955e-07 0.0040076 7.60705e-06
1.43827e-07 0.00400753 7.56807e-06
1.17955e-07 0.0040076 7.56807e-06
1.43827e-07 0.00400752 7.52908e-06
1.17955e-07 0.00400759 7.52908e-06
1.43827e-07 0.00400752 7.4901e-06
1.17955e-07 0.00400759 7.4901e-06
1.43827e-07 0.00400752 7.45111e-06
1.17955e-07 0.00400758 7.45111e-06
1.43827e-07 0.00400751 7.41212e-06
1.17955e-07 0.00400758 7.41212e-06
1.43827e-07 0.00400751 7.37314e-06
1.17955e-07 0.00400757 7.37314e-06
1.43827e-07 0.0040075 7.33415e-06
1.17955e-07 0.00400757 7.33415e-06
1.43827e-07 0.0040075 7.29517e-06
1.17955e-07 0.00400757 7.29517e-06
1.43827e-07 0.0040075 7.25618e-06
1.17955e-07 0.00400756 7.25618e-06
1.43827e-07 0.00400749 7.2172e-06
1.17955e-07 0.00400756 7.2172e-06
1.43827e-07 0.00400749 7.17821e-06
1.17955e-07 0.00400755 7.17821e-06
1.43827e-07 0.00400748 7.13922e-06
1.17955e-07 0.00400755 7.13922e-06
1.43827e-07 0.00400748 7.10024e-06
1.17955e-07 0.00400755 7.10024e-06
1.43827e-07 0.00400747 7.06125e-06
1.17955e-07 0.00400754 7.06125e-06
1.43827e-07 0.00400747 7.02227e-06
1.17955e-07 0.00400754 7.02227e-06
1.43827e-07 0.00400747 6.98328e-06
1.17955e-07 0.00400753 6.98328e-06
1.43827e-07 0.00400746 6.9443e-06
1.17955e-07 0.00400753 6.9443e-06
1.43827e-07 0.00400746 6.90531e-06
1.17955e-07 0.00400753 6.90531e-06
1.43827e-07 0.00400745 6.86632e-06
1.17955e-07 0.00400752 6.86632e-06
1.43827e-07 0.00400745 6.82734e-06
1.17955e-07 0.00400752 6.82734e-06
1.43827e-07 0.00400745 6.78835e-06
1.17955e-07 0.00400751 6.78835e-06
