1.56845e-07 0.00400287 8.80373e-06
1.56845e-07 0.00400258 6.60677e-06
2.16762e-07 0.00400266 8.80373e-06
2.16762e-07 0.00400237 6.60677e-06
1.56845e-07 0.00400287 8.77364e-06
1.56845e-07 0.00400286 8.74354e-06
1.56845e-07 0.00400286 8.71345e-06
1.56845e-07 0.00400285 8.68335e-06
1.56845e-07 0.00400285 8.65326e-06
1.56845e-07 0.00400285 8.62316e-06
1.56845e-07 0.00400284 8.59307e-06
1.56845e-07 0.00400284 8.56297e-06
1.56845e-07 0.00400283 8.53288e-06
1.56845e-07 0.00400283 8.50278e-06
1.56845e-07 0.00400283 8.47269e-06
1.56845e-07 0.00400282 8.44259e-06
1.56845e-07 0.00400282 8.41249e-06
1.56845e-07 0.00400281 8.3824e-06
1.56845e-07 0.00400281 8.3523e-06
1.56845e-07 0.00400281 8.32221e-06
1.56845e-07 0.0040028 8.29211e-06
1.56845e-07 0.0040028 8.26202e-06
1.56845e-07 0.0040028 8.23192e-06
1.56845e-07 0.00400279 8.20183e-06
1.56845e-07 0.00400279 8.17173e-06
1.56845e-07 0.00400278 8.14164e-06
1.56845e-07 0.00400278 8.11154e-06
1.56845e-07 0.00400278 8.08145e-06
1.56845e-07 0.00400277 8.05135e-06
1.56845e-07 0.00400277 8.02125e-06
1.56845e-07 0.00400276 7.99116e-06
1.56845e-07 0.00400276 7.96106e-06
1.56845e-07 0.00400276 7.93097e-06
1.56845e-07 0.00400275 7.90087e-06
1.56845e-07 0.00400275 7.87078e-06
1.56845e-07 0.00400274 7.84068e-06
1.56845e-07 0.00400274 7.81059e-06
1.56845e-07 0.00400274 7.78049e-06
1.56845e-07 0.00400273 7.7504e-06
1.56845e-07 0.00400273 7.7203e-06
1.56845e-07 0.00400272 7.69021e-06
1.56845e-07 0.00400272 7.66011e-06
1.56845e-07 0.00400272 7.63002e-06
1.56845e-07 0.00400271 7.59992e-06
1.56845e-07 0.00400271 7.56982e-06
1.56845e-07 0.0040027 7.53973e-06
1.56845e-07 0.0040027 7.50963e-06
1.56845e-07 0.0040027 7.47954e-06
1.56845e-07 0.00400269 7.44944e-06
1.56845e-07 0.00400269 7.41935e-06
1.56845e-07 0.00400268 7.38925e-06
1.56845e-07 0.00400268 7.35916e-06
1.56845e-07 0.00400268 7.32906e-06
1.56845e-07 0.00400267 7.29897e-06
1.56845e-07 0.00400267 7.26887e-06
1.56845e-07 0.00400266 7.23878e-06
1.56845e-07 0.00400266 7.20868e-06
1.56845e-07 0.00400266 7.17859e-06
1.56845e-07 0.00400265 7.14849e-06
1.56845e-07 0.00400265 7.11839e-06
1.56845e-07 0.00400264 7.0883e-06
1.56845e-07 0.00400264 7.0582e-06
1.56845e-07 0.00400264 7.02811e-06
1.56845e-07 0.00400263 6.99801e-06
1.56845e-07 0.00400263 6.96792e-06
1.56845e-07 0.00400262 6.93782e-06
1.56845e-07 0.00400262 6.90773e-06
1.56845e-07 0.00400262 6.87763e-06
1.56845e-07 0.00400261 6.84754e-06
1.56845e-07 0.00400261 6.81744e-06
1.56845e-07 0.0040026 6.78735e-06
1.56845e-07 0.0040026 6.75725e-06
1.56845e-07 0.0040026 6.72716e-06
1.56845e-07 0.00400259 6.69706e-06
1.56845e-07 0.00400259 6.66696e-06
1.56845e-07 0.00400258 6.63687e-06
1.86803e-07 0.00400247 6.60677e-06
1.86803e-07 0.00400276 8.80373e-06
2.16762e-07 0.00400237 6.63687e-06
2.16762e-07 0.00400238 6.66696e-06
2.16762e-07 0.00400238 6.69706e-06
2.16762e-07 0.00400238 6.72716e-06
2.16762e-07 0.00400239 6.75725e-06
2.16762e-07 0.00400239 6.78735e-06
2.16762e-07 0.0040024 6.81744e-06
2.16762e-07 0.0040024 6.84754e-06
2.16762e-07 0.0040024 6.87763e-06
2.16762e-07 0.00400241 6.90773e-06
2.16762e-07 0.00400241 6.93782e-06
2.16762e-07 0.00400242 6.96792e-06
2.16762e-07 0.00400242 6.99801e-06
2.16762e-07 0.00400242 7.02811e-06
2.16762e-07 0.00400243 7.0582e-06
2.16762e-07 0.00400243 7.0883e-06
2.16762e-07 0.00400244 7.11839e-06
2.16762e-07 0.00400244 7.14849e-06
2.16762e-07 0.00400244 7.17859e-06
2.16762e-07 0.00400245 7.20868e-06
2.16762e-07 0.00400245 7.23878e-06
2.16762e-07 0.00400246 7.26887e-06
2.16762e-07 0.00400246 7.29897e-06
2.16762e-07 0.00400246 7.32906e-06
2.16762e-07 0.00400247 7.35916e-06
2.16762e-07 0.00400247 7.38925e-06
2.16762e-07 0.00400248 7.41935e-06
2.16762e-07 0.00400248 7.44944e-06
2.16762e-07 0.00400248 7.47954e-06
2.16762e-07 0.00400249 7.50963e-06
2.16762e-07 0.00400249 7.53973e-06
2.16762e-07 0.0040025 7.56982e-06
2.16762e-07 0.0040025 7.59992e-06
2.16762e-07 0.0040025 7.63002e-06
2.16762e-07 0.00400251 7.66011e-06
2.16762e-07 0.00400251 7.69021e-06
2.16762e-07 0.00400252 7.7203e-06
2.16762e-07 0.00400252 7.7504e-06
2.16762e-07 0.00400252 7.78049e-06
2.16762e-07 0.00400253 7.81059e-06
2.16762e-07 0.00400253 7.84068e-06
2.16762e-07 0.00400254 7.87078e-06
2.16762e-07 0.00400254 7.90087e-06
2.16762e-07 0.00400254 7.93097e-06
2.16762e-07 0.00400255 7.96106e-06
2.16762e-07 0.00400255 7.99116e-06
2.16762e-07 0.00400255 8.02125e-06
2.16762e-07 0.00400256 8.05135e-06
2.16762e-07 0.00400256 8.08145e-06
2.16762e-07 0.00400257 8.11154e-06
2.16762e-07 0.00400257 8.14164e-06
2.16762e-07 0.00400257 8.17173e-06
2.16762e-07 0.00400258 8.20183e-06
2.16762e-07 0.00400258 8.23192e-06
2.16762e-07 0.00400259 8.26202e-06
2.16762e-07 0.00400259 8.29211e-06
2.16762e-07 0.00400259 8.32221e-06
2.16762e-07 0.0040026 8.3523e-06
2.16762e-07 0.0040026 8.3824e-06
2.16762e-07 0.00400261 8.41249e-06
2.16762e-07 0.00400261 8.44259e-06
2.16762e-07 0.00400261 8.47269e-06
2.16762e-07 0.00400262 8.50278e-06
2.16762e-07 0.00400262 8.53288e-06
2.16762e-07 0.00400263 8.56297e-06
2.16762e-07 0.00400263 8.59307e-06
2.16762e-07 0.00400263 8.62316e-06
2.16762e-07 0.00400264 8.65326e-06
2.16762e-07 0.00400264 8.68335e-06
2.16762e-07 0.00400265 8.71345e-06
2.16762e-07 0.00400265 8.74354e-06
2.16762e-07 0.00400265 8.77364e-06
1.86803e-07 0.00400248 6.63687e-06
1.86803e-07 0.00400248 6.66696e-06
1.86803e-07 0.00400249 6.69706e-06
1.86803e-07 0.00400249 6.72716e-06
1.86803e-07 0.00400249 6.75725e-06
1.86803e-07 0.0040025 6.78735e-06
1.86803e-07 0.0040025 6.81744e-06
1.86803e-07 0.00400251 6.84754e-06
1.86803e-07 0.00400251 6.87763e-06
1.86803e-07 0.00400251 6.90773e-06
1.86803e-07 0.00400252 6.93782e-06
1.86803e-07 0.00400252 6.96792e-06
1.86803e-07 0.00400253 6.99801e-06
1.86803e-07 0.00400253 7.02811e-06
1.86803e-07 0.00400253 7.0582e-06
1.86803e-07 0.00400254 7.0883e-06
1.86803e-07 0.00400254 7.11839e-06
1.86803e-07 0.00400255 7.14849e-06
1.86803e-07 0.00400255 7.17859e-06
1.86803e-07 0.00400255 7.20868e-06
1.86803e-07 0.00400256 7.23878e-06
1.86803e-07 0.00400256 7.26887e-06
1.86803e-07 0.00400257 7.29897e-06
1.86803e-07 0.00400257 7.32906e-06
1.86803e-07 0.00400257 7.35916e-06
1.86803e-07 0.00400258 7.38925e-06
1.86803e-07 0.00400258 7.41935e-06
1.86803e-07 0.00400259 7.44944e-06
1.86803e-07 0.00400259 7.47954e-06
1.86803e-07 0.00400259 7.50963e-06
1.86803e-07 0.0040026 7.53973e-06
1.86803e-07 0.0040026 7.56982e-06
1.86803e-07 0.00400261 7.59992e-06
1.86803e-07 0.00400261 7.63002e-06
1.86803e-07 0.00400261 7.66011e-06
1.86803e-07 0.00400262 7.69021e-06
1.86803e-07 0.00400262 7.7203e-06
1.86803e-07 0.00400263 7.7504e-06
1.86803e-07 0.00400263 7.78049e-06
1.86803e-07 0.00400263 7.81059e-06
1.86803e-07 0.00400264 7.84068e-06
1.86803e-07 0.00400264 7.87078e-06
1.86803e-07 0.00400265 7.90087e-06
1.86803e-07 0.00400265 7.93097e-06
1.86803e-07 0.00400265 7.96106e-06
1.86803e-07 0.00400266 7.99116e-06
1.86803e-07 0.00400266 8.02125e-06
1.86803e-07 0.00400267 8.05135e-06
1.86803e-07 0.00400267 8.08145e-06
1.86803e-07 0.00400267 8.11154e-06
1.86803e-07 0.00400268 8.14164e-06
1.86803e-07 0.00400268 8.17173e-06
1.86803e-07 0.00400268 8.20183e-06
1.86803e-07 0.00400269 8.23192e-06
1.86803e-07 0.00400269 8.26202e-06
1.86803e-07 0.0040027 8.29211e-06
1.86803e-07 0.0040027 8.32221e-06
1.86803e-07 0.0040027 8.3523e-06
1.86803e-07 0.00400271 8.3824e-06
1.86803e-07 0.00400271 8.41249e-06
1.86803e-07 0.00400272 8.44259e-06
1.86803e-07 0.00400272 8.47269e-06
1.86803e-07 0.00400272 8.50278e-06
1.86803e-07 0.00400273 8.53288e-06
1.86803e-07 0.00400273 8.56297e-06
1.86803e-07 0.00400274 8.59307e-06
1.86803e-07 0.00400274 8.62316e-06
1.86803e-07 0.00400274 8.65326e-06
1.86803e-07 0.00400275 8.68335e-06
1.86803e-07 0.00400275 8.71345e-06
1.86803e-07 0.00400276 8.74354e-06
1.86803e-07 0.00400276 8.77364e-06
2.36734e-07 0.00400259 8.80373e-06
2.16762e-07 0.00400266 8.80373e-06
2.36734e-07 0.00400258 8.77364e-06
2.16762e-07 0.00400265 8.77364e-06
2.36734e-07 0.00400258 8.74354e-06
2.16762e-07 0.00400265 8.74354e-06
2.36734e-07 0.00400258 8.71345e-06
2.16762e-07 0.00400265 8.71345e-06
2.36734e-07 0.00400257 8.68335e-06
2.16762e-07 0.00400264 8.68335e-06
2.36734e-07 0.00400257 8.65326e-06
2.16762e-07 0.00400264 8.65326e-06
2.36734e-07 0.00400256 8.62316e-06
2.16762e-07 0.00400263 8.62316e-06
2.36734e-07 0.00400256 8.59307e-06
2.16762e-07 0.00400263 8.59307e-06
2.36734e-07 0.00400256 8.56297e-06
2.16762e-07 0.00400263 8.56297e-06
2.36734e-07 0.00400255 8.53288e-06
2.16762e-07 0.00400262 8.53288e-06
2.36734e-07 0.00400255 8.50278e-06
2.16762e-07 0.00400262 8.50278e-06
2.36734e-07 0.00400254 8.47269e-06
2.16762e-07 0.00400261 8.47269e-06
2.36734e-07 0.00400254 8.44259e-06
2.16762e-07 0.00400261 8.44259e-06
2.36734e-07 0.00400254 8.41249e-06
2.16762e-07 0.00400261 8.41249e-06
2.36734e-07 0.00400253 8.3824e-06
2.16762e-07 0.0040026 8.3824e-06
2.36734e-07 0.00400253 8.3523e-06
2.16762e-07 0.0040026 8.3523e-06
2.36734e-07 0.00400252 8.32221e-06
2.16762e-07 0.00400259 8.32221e-06
2.36734e-07 0.00400252 8.29211e-06
2.16762e-07 0.00400259 8.29211e-06
2.36734e-07 0.00400252 8.26202e-06
2.16762e-07 0.00400259 8.26202e-06
2.36734e-07 0.00400251 8.23192e-06
2.16762e-07 0.00400258 8.23192e-06
2.36734e-07 0.00400251 8.20183e-06
2.16762e-07 0.00400258 8.20183e-06
2.36734e-07 0.0040025 8.17173e-06
2.16762e-07 0.00400257 8.17173e-06
2.36734e-07 0.0040025 8.14164e-06
2.16762e-07 0.00400257 8.14164e-06
2.36734e-07 0.0040025 8.11154e-06
2.16762e-07 0.00400257 8.11154e-06
2.36734e-07 0.00400249 8.08145e-06
2.16762e-07 0.00400256 8.08145e-06
2.36734e-07 0.00400249 8.05135e-06
2.16762e-07 0.00400256 8.05135e-06
2.36734e-07 0.00400248 8.02125e-06
2.16762e-07 0.00400255 8.02125e-06
2.36734e-07 0.00400248 7.99116e-06
2.16762e-07 0.00400255 7.99116e-06
2.36734e-07 0.00400248 7.96106e-06
2.16762e-07 0.00400255 7.96106e-06
2.36734e-07 0.00400247 7.93097e-06
2.16762e-07 0.00400254 7.93097e-06
2.36734e-07 0.00400247 7.90087e-06
2.16762e-07 0.00400254 7.90087e-06
2.36734e-07 0.00400246 7.87078e-06
2.16762e-07 0.00400254 7.87078e-06
2.36734e-07 0.00400246 7.84068e-06
2.16762e-07 0.00400253 7.84068e-06
2.36734e-07 0.00400246 7.81059e-06
2.16762e-07 0.00400253 7.81059e-06
2.36734e-07 0.00400245 7.78049e-06
2.16762e-07 0.00400252 7.78049e-06
2.36734e-07 0.00400245 7.7504e-06
2.16762e-07 0.00400252 7.7504e-06
2.36734e-07 0.00400244 7.7203e-06
2.16762e-07 0.00400252 7.7203e-06
2.36734e-07 0.00400244 7.69021e-06
2.16762e-07 0.00400251 7.69021e-06
2.36734e-07 0.00400244 7.66011e-06
2.16762e-07 0.00400251 7.66011e-06
2.36734e-07 0.00400243 7.63002e-06
2.16762e-07 0.0040025 7.63002e-06
2.36734e-07 0.00400243 7.59992e-06
2.16762e-07 0.0040025 7.59992e-06
2.36734e-07 0.00400242 7.56982e-06
2.16762e-07 0.0040025 7.56982e-06
2.36734e-07 0.00400242 7.53973e-06
2.16762e-07 0.00400249 7.53973e-06
2.36734e-07 0.00400242 7.50963e-06
2.16762e-07 0.00400249 7.50963e-06
2.36734e-07 0.00400241 7.47954e-06
2.16762e-07 0.00400248 7.47954e-06
2.36734e-07 0.00400241 7.44944e-06
2.16762e-07 0.00400248 7.44944e-06
2.36734e-07 0.0040024 7.41935e-06
2.16762e-07 0.00400248 7.41935e-06
2.36734e-07 0.0040024 7.38925e-06
2.16762e-07 0.00400247 7.38925e-06
2.36734e-07 0.0040024 7.35916e-06
2.16762e-07 0.00400247 7.35916e-06
2.36734e-07 0.00400239 7.32906e-06
2.16762e-07 0.00400246 7.32906e-06
2.36734e-07 0.00400239 7.29897e-06
2.16762e-07 0.00400246 7.29897e-06
2.36734e-07 0.00400238 7.26887e-06
2.16762e-07 0.00400246 7.26887e-06
2.36734e-07 0.00400238 7.23878e-06
2.16762e-07 0.00400245 7.23878e-06
2.36734e-07 0.00400238 7.20868e-06
2.16762e-07 0.00400245 7.20868e-06
2.36734e-07 0.00400237 7.17859e-06
2.16762e-07 0.00400244 7.17859e-06
2.36734e-07 0.00400237 7.14849e-06
2.16762e-07 0.00400244 7.14849e-06
2.36734e-07 0.00400236 7.11839e-06
2.16762e-07 0.00400244 7.11839e-06
2.36734e-07 0.00400236 7.0883e-06
2.16762e-07 0.00400243 7.0883e-06
2.36734e-07 0.00400236 7.0582e-06
2.16762e-07 0.00400243 7.0582e-06
2.36734e-07 0.00400235 7.02811e-06
2.16762e-07 0.00400242 7.02811e-06
2.36734e-07 0.00400235 6.99801e-06
2.16762e-07 0.00400242 6.99801e-06
2.36734e-07 0.00400234 6.96792e-06
2.16762e-07 0.00400242 6.96792e-06
2.36734e-07 0.00400234 6.93782e-06
2.16762e-07 0.00400241 6.93782e-06
2.36734e-07 0.00400234 6.90773e-06
2.16762e-07 0.00400241 6.90773e-06
2.36734e-07 0.00400233 6.87763e-06
2.16762e-07 0.0040024 6.87763e-06
2.36734e-07 0.00400233 6.84754e-06
2.16762e-07 0.0040024 6.84754e-06
2.36734e-07 0.00400232 6.81744e-06
2.16762e-07 0.0040024 6.81744e-06
2.36734e-07 0.00400232 6.78735e-06
2.16762e-07 0.00400239 6.78735e-06
2.36734e-07 0.00400232 6.75725e-06
2.16762e-07 0.00400239 6.75725e-06
2.36734e-07 0.00400231 6.72716e-06
2.16762e-07 0.00400238 6.72716e-06
2.36734e-07 0.00400231 6.69706e-06
2.16762e-07 0.00400238 6.69706e-06
2.36734e-07 0.00400231 6.66696e-06
2.16762e-07 0.00400238 6.66696e-06
2.36734e-07 0.0040023 6.63687e-06
2.16762e-07 0.00400237 6.63687e-06
2.36734e-07 0.0040023 6.60677e-06
2.16762e-07 0.00400237 6.60677e-06
1.56845e-07 0.00400287 8.80373e-06
1.36872e-07 0.00400294 8.80373e-06
1.56845e-07 0.00400287 8.77364e-06
1.36872e-07 0.00400294 8.77364e-06
1.56845e-07 0.00400286 8.74354e-06
1.36872e-07 0.00400293 8.74354e-06
1.56845e-07 0.00400286 8.71345e-06
1.36872e-07 0.00400293 8.71345e-06
1.56845e-07 0.00400285 8.68335e-06
1.36872e-07 0.00400293 8.68335e-06
1.56845e-07 0.00400285 8.65326e-06
1.36872e-07 0.00400292 8.65326e-06
1.56845e-07 0.00400285 8.62316e-06
1.36872e-07 0.00400292 8.62316e-06
1.56845e-07 0.00400284 8.59307e-06
1.36872e-07 0.00400291 8.59307e-06
1.56845e-07 0.00400284 8.56297e-06
1.36872e-07 0.00400291 8.56297e-06
1.56845e-07 0.00400283 8.53288e-06
1.36872e-07 0.00400291 8.53288e-06
1.56845e-07 0.00400283 8.50278e-06
1.36872e-07 0.0040029 8.50278e-06
1.56845e-07 0.00400283 8.47269e-06
1.36872e-07 0.0040029 8.47269e-06
1.56845e-07 0.00400282 8.44259e-06
1.36872e-07 0.00400289 8.44259e-06
1.56845e-07 0.00400282 8.41249e-06
1.36872e-07 0.00400289 8.41249e-06
1.56845e-07 0.00400281 8.3824e-06
1.36872e-07 0.00400289 8.3824e-06
1.56845e-07 0.00400281 8.3523e-06
1.36872e-07 0.00400288 8.3523e-06
1.56845e-07 0.00400281 8.32221e-06
1.36872e-07 0.00400288 8.32221e-06
1.56845e-07 0.0040028 8.29211e-06
1.36872e-07 0.00400287 8.29211e-06
1.56845e-07 0.0040028 8.26202e-06
1.36872e-07 0.00400287 8.26202e-06
1.56845e-07 0.0040028 8.23192e-06
1.36872e-07 0.00400287 8.23192e-06
1.56845e-07 0.00400279 8.20183e-06
1.36872e-07 0.00400286 8.20183e-06
1.56845e-07 0.00400279 8.17173e-06
1.36872e-07 0.00400286 8.17173e-06
1.56845e-07 0.00400278 8.14164e-06
1.36872e-07 0.00400285 8.14164e-06
1.56845e-07 0.00400278 8.11154e-06
1.36872e-07 0.00400285 8.11154e-06
1.56845e-07 0.00400278 8.08145e-06
1.36872e-07 0.00400285 8.08145e-06
1.56845e-07 0.00400277 8.05135e-06
1.36872e-07 0.00400284 8.05135e-06
1.56845e-07 0.00400277 8.02125e-06
1.36872e-07 0.00400284 8.02125e-06
1.56845e-07 0.00400276 7.99116e-06
1.36872e-07 0.00400283 7.99116e-06
1.56845e-07 0.00400276 7.96106e-06
1.36872e-07 0.00400283 7.96106e-06
1.56845e-07 0.00400276 7.93097e-06
1.36872e-07 0.00400283 7.93097e-06
1.56845e-07 0.00400275 7.90087e-06
1.36872e-07 0.00400282 7.90087e-06
1.56845e-07 0.00400275 7.87078e-06
1.36872e-07 0.00400282 7.87078e-06
1.56845e-07 0.00400274 7.84068e-06
1.36872e-07 0.00400281 7.84068e-06
1.56845e-07 0.00400274 7.81059e-06
1.36872e-07 0.00400281 7.81059e-06
1.56845e-07 0.00400274 7.78049e-06
1.36872e-07 0.00400281 7.78049e-06
1.56845e-07 0.00400273 7.7504e-06
1.36872e-07 0.0040028 7.7504e-06
1.56845e-07 0.00400273 7.7203e-06
1.36872e-07 0.0040028 7.7203e-06
1.56845e-07 0.00400272 7.69021e-06
1.36872e-07 0.00400279 7.69021e-06
1.56845e-07 0.00400272 7.66011e-06
1.36872e-07 0.00400279 7.66011e-06
1.56845e-07 0.00400272 7.63002e-06
1.36872e-07 0.00400279 7.63002e-06
1.56845e-07 0.00400271 7.59992e-06
1.36872e-07 0.00400278 7.59992e-06
1.56845e-07 0.00400271 7.56982e-06
1.36872e-07 0.00400278 7.56982e-06
1.56845e-07 0.0040027 7.53973e-06
1.36872e-07 0.00400277 7.53973e-06
1.56845e-07 0.0040027 7.50963e-06
1.36872e-07 0.00400277 7.50963e-06
1.56845e-07 0.0040027 7.47954e-06
1.36872e-07 0.00400277 7.47954e-06
1.56845e-07 0.00400269 7.44944e-06
1.36872e-07 0.00400276 7.44944e-06
1.56845e-07 0.00400269 7.41935e-06
1.36872e-07 0.00400276 7.41935e-06
1.56845e-07 0.00400268 7.38925e-06
1.36872e-07 0.00400275 7.38925e-06
1.56845e-07 0.00400268 7.35916e-06
1.36872e-07 0.00400275 7.35916e-06
1.56845e-07 0.00400268 7.32906e-06
1.36872e-07 0.00400275 7.32906e-06
1.56845e-07 0.00400267 7.29897e-06
1.36872e-07 0.00400274 7.29897e-06
1.56845e-07 0.00400267 7.26887e-06
1.36872e-07 0.00400274 7.26887e-06
1.56845e-07 0.00400266 7.23878e-06
1.36872e-07 0.00400273 7.23878e-06
1.56845e-07 0.00400266 7.20868e-06
1.36872e-07 0.00400273 7.20868e-06
1.56845e-07 0.00400266 7.17859e-06
1.36872e-07 0.00400273 7.17859e-06
1.56845e-07 0.00400265 7.14849e-06
1.36872e-07 0.00400272 7.14849e-06
1.56845e-07 0.00400265 7.11839e-06
1.36872e-07 0.00400272 7.11839e-06
1.56845e-07 0.00400264 7.0883e-06
1.36872e-07 0.00400271 7.0883e-06
1.56845e-07 0.00400264 7.0582e-06
1.36872e-07 0.00400271 7.0582e-06
1.56845e-07 0.00400264 7.02811e-06
1.36872e-07 0.00400271 7.02811e-06
1.56845e-07 0.00400263 6.99801e-06
1.36872e-07 0.0040027 6.99801e-06
1.56845e-07 0.00400263 6.96792e-06
1.36872e-07 0.0040027 6.96792e-06
1.56845e-07 0.00400262 6.93782e-06
1.36872e-07 0.00400269 6.93782e-06
1.56845e-07 0.00400262 6.90773e-06
1.36872e-07 0.00400269 6.90773e-06
1.56845e-07 0.00400262 6.87763e-06
1.36872e-07 0.00400269 6.87763e-06
1.56845e-07 0.00400261 6.84754e-06
1.36872e-07 0.00400268 6.84754e-06
1.56845e-07 0.00400261 6.81744e-06
1.36872e-07 0.00400268 6.81744e-06
1.56845e-07 0.0040026 6.78735e-06
1.36872e-07 0.00400267 6.78735e-06
1.56845e-07 0.0040026 6.75725e-06
1.36872e-07 0.00400267 6.75725e-06
1.56845e-07 0.0040026 6.72716e-06
1.36872e-07 0.00400267 6.72716e-06
1.56845e-07 0.00400259 6.69706e-06
1.36872e-07 0.00400266 6.69706e-06
1.56845e-07 0.00400259 6.66696e-06
1.36872e-07 0.00400266 6.66696e-06
1.56845e-07 0.00400258 6.63687e-06
1.36872e-07 0.00400265 6.63687e-06
1.56845e-07 0.00400258 6.60677e-06
1.36872e-07 0.00400265 6.60677e-06
