1.21557e-07 0.00401387 1.04204e-05
1.21557e-07 0.00401358 6.85403e-06
2.18822e-07 0.00401365 1.04204e-05
2.18822e-07 0.00401336 6.85403e-06
1.21557e-07 0.00401386 1.03715e-05
1.21557e-07 0.00401386 1.03227e-05
1.21557e-07 0.00401386 1.02738e-05
1.21557e-07 0.00401385 1.0225e-05
1.21557e-07 0.00401385 1.01761e-05
1.21557e-07 0.00401384 1.01273e-05
1.21557e-07 0.00401384 1.00784e-05
1.21557e-07 0.00401384 1.00296e-05
1.21557e-07 0.00401383 9.98071e-06
1.21557e-07 0.00401383 9.93185e-06
1.21557e-07 0.00401382 9.883e-06
1.21557e-07 0.00401382 9.83415e-06
1.21557e-07 0.00401382 9.78529e-06
1.21557e-07 0.00401381 9.73644e-06
1.21557e-07 0.00401381 9.68758e-06
1.21557e-07 0.0040138 9.63873e-06
1.21557e-07 0.0040138 9.58987e-06
1.21557e-07 0.0040138 9.54102e-06
1.21557e-07 0.00401379 9.49217e-06
1.21557e-07 0.00401379 9.44331e-06
1.21557e-07 0.00401378 9.39446e-06
1.21557e-07 0.00401378 9.3456e-06
1.21557e-07 0.00401378 9.29675e-06
1.21557e-07 0.00401377 9.24789e-06
1.21557e-07 0.00401377 9.19904e-06
1.21557e-07 0.00401376 9.15019e-06
1.21557e-07 0.00401376 9.10133e-06
1.21557e-07 0.00401376 9.05248e-06
1.21557e-07 0.00401375 9.00362e-06
1.21557e-07 0.00401375 8.95477e-06
1.21557e-07 0.00401374 8.90591e-06
1.21557e-07 0.00401374 8.85706e-06
1.21557e-07 0.00401374 8.8082e-06
1.21557e-07 0.00401373 8.75935e-06
1.21557e-07 0.00401373 8.7105e-06
1.21557e-07 0.00401372 8.66164e-06
1.21557e-07 0.00401372 8.61279e-06
1.21557e-07 0.00401372 8.56393e-06
1.21557e-07 0.00401371 8.51508e-06
1.21557e-07 0.00401371 8.46622e-06
1.21557e-07 0.0040137 8.41737e-06
1.21557e-07 0.0040137 8.36852e-06
1.21557e-07 0.0040137 8.31966e-06
1.21557e-07 0.00401369 8.27081e-06
1.21557e-07 0.00401369 8.22195e-06
1.21557e-07 0.00401368 8.1731e-06
1.21557e-07 0.00401368 8.12424e-06
1.21557e-07 0.00401368 8.07539e-06
1.21557e-07 0.00401367 8.02654e-06
1.21557e-07 0.00401367 7.97768e-06
1.21557e-07 0.00401366 7.92883e-06
1.21557e-07 0.00401366 7.87997e-06
1.21557e-07 0.00401366 7.83112e-06
1.21557e-07 0.00401365 7.78226e-06
1.21557e-07 0.00401365 7.73341e-06
1.21557e-07 0.00401364 7.68456e-06
1.21557e-07 0.00401364 7.6357e-06
1.21557e-07 0.00401364 7.58685e-06
1.21557e-07 0.00401363 7.53799e-06
1.21557e-07 0.00401363 7.48914e-06
1.21557e-07 0.00401362 7.44028e-06
1.21557e-07 0.00401362 7.39143e-06
1.21557e-07 0.00401362 7.34257e-06
1.21557e-07 0.00401361 7.29372e-06
1.21557e-07 0.00401361 7.24487e-06
1.21557e-07 0.0040136 7.19601e-06
1.21557e-07 0.0040136 7.14716e-06
1.21557e-07 0.0040136 7.0983e-06
1.21557e-07 0.00401359 7.04945e-06
1.21557e-07 0.00401359 7.00059e-06
1.21557e-07 0.00401358 6.95174e-06
1.21557e-07 0.00401358 6.90289e-06
1.7019e-07 0.00401347 6.85403e-06
1.7019e-07 0.00401376 1.04204e-05
2.18822e-07 0.00401337 6.90289e-06
2.18822e-07 0.00401337 6.95174e-06
2.18822e-07 0.00401337 7.00059e-06
2.18822e-07 0.00401338 7.04945e-06
2.18822e-07 0.00401338 7.0983e-06
2.18822e-07 0.00401339 7.14716e-06
2.18822e-07 0.00401339 7.19601e-06
2.18822e-07 0.00401339 7.24487e-06
2.18822e-07 0.0040134 7.29372e-06
2.18822e-07 0.0040134 7.34257e-06
2.18822e-07 0.00401341 7.39143e-06
2.18822e-07 0.00401341 7.44028e-06
2.18822e-07 0.00401341 7.48914e-06
2.18822e-07 0.00401342 7.53799e-06
2.18822e-07 0.00401342 7.58685e-06
2.18822e-07 0.00401343 7.6357e-06
2.18822e-07 0.00401343 7.68456e-06
2.18822e-07 0.00401343 7.73341e-06
2.18822e-07 0.00401344 7.78226e-06
2.18822e-07 0.00401344 7.83112e-06
2.18822e-07 0.00401345 7.87997e-06
2.18822e-07 0.00401345 7.92883e-06
2.18822e-07 0.00401345 7.97768e-06
2.18822e-07 0.00401346 8.02654e-06
2.18822e-07 0.00401346 8.07539e-06
2.18822e-07 0.00401347 8.12424e-06
2.18822e-07 0.00401347 8.1731e-06
2.18822e-07 0.00401347 8.22195e-06
2.18822e-07 0.00401348 8.27081e-06
2.18822e-07 0.00401348 8.31966e-06
2.18822e-07 0.00401349 8.36852e-06
2.18822e-07 0.00401349 8.41737e-06
2.18822e-07 0.00401349 8.46622e-06
2.18822e-07 0.0040135 8.51508e-06
2.18822e-07 0.0040135 8.56393e-06
2.18822e-07 0.00401351 8.61279e-06
2.18822e-07 0.00401351 8.66164e-06
2.18822e-07 0.00401351 8.7105e-06
2.18822e-07 0.00401352 8.75935e-06
2.18822e-07 0.00401352 8.8082e-06
2.18822e-07 0.00401353 8.85706e-06
2.18822e-07 0.00401353 8.90591e-06
2.18822e-07 0.00401353 8.95477e-06
2.18822e-07 0.00401354 9.00362e-06
2.18822e-07 0.00401354 9.05248e-06
2.18822e-07 0.00401355 9.10133e-06
2.18822e-07 0.00401355 9.15019e-06
2.18822e-07 0.00401355 9.19904e-06
2.18822e-07 0.00401356 9.24789e-06
2.18822e-07 0.00401356 9.29675e-06
2.18822e-07 0.00401357 9.3456e-06
2.18822e-07 0.00401357 9.39446e-06
2.18822e-07 0.00401357 9.44331e-06
2.18822e-07 0.00401358 9.49217e-06
2.18822e-07 0.00401358 9.54102e-06
2.18822e-07 0.00401359 9.58987e-06
2.18822e-07 0.00401359 9.63873e-06
2.18822e-07 0.00401359 9.68758e-06
2.18822e-07 0.0040136 9.73644e-06
2.18822e-07 0.0040136 9.78529e-06
2.18822e-07 0.00401361 9.83415e-06
2.18822e-07 0.00401361 9.883e-06
2.18822e-07 0.00401361 9.93185e-06
2.18822e-07 0.00401362 9.98071e-06
2.18822e-07 0.00401362 1.00296e-05
2.18822e-07 0.00401363 1.00784e-05
2.18822e-07 0.00401363 1.01273e-05
2.18822e-07 0.00401363 1.01761e-05
2.18822e-07 0.00401364 1.0225e-05
2.18822e-07 0.00401364 1.02738e-05
2.18822e-07 0.00401365 1.03227e-05
2.18822e-07 0.00401365 1.03715e-05
1.7019e-07 0.00401347 6.90289e-06
1.7019e-07 0.00401348 6.95174e-06
1.7019e-07 0.00401348 7.00059e-06
1.7019e-07 0.00401348 7.04945e-06
1.7019e-07 0.00401349 7.0983e-06
1.7019e-07 0.00401349 7.14716e-06
1.7019e-07 0.0040135 7.19601e-06
1.7019e-07 0.0040135 7.24487e-06
1.7019e-07 0.0040135 7.29372e-06
1.7019e-07 0.00401351 7.34257e-06
1.7019e-07 0.00401351 7.39143e-06
1.7019e-07 0.00401352 7.44028e-06
1.7019e-07 0.00401352 7.48914e-06
1.7019e-07 0.00401352 7.53799e-06
1.7019e-07 0.00401353 7.58685e-06
1.7019e-07 0.00401353 7.6357e-06
1.7019e-07 0.00401354 7.68456e-06
1.7019e-07 0.00401354 7.73341e-06
1.7019e-07 0.00401354 7.78226e-06
1.7019e-07 0.00401355 7.83112e-06
1.7019e-07 0.00401355 7.87997e-06
1.7019e-07 0.00401356 7.92883e-06
1.7019e-07 0.00401356 7.97768e-06
1.7019e-07 0.00401356 8.02654e-06
1.7019e-07 0.00401357 8.07539e-06
1.7019e-07 0.00401357 8.12424e-06
1.7019e-07 0.00401358 8.1731e-06
1.7019e-07 0.00401358 8.22195e-06
1.7019e-07 0.00401358 8.27081e-06
1.7019e-07 0.00401359 8.31966e-06
1.7019e-07 0.00401359 8.36852e-06
1.7019e-07 0.0040136 8.41737e-06
1.7019e-07 0.0040136 8.46622e-06
1.7019e-07 0.0040136 8.51508e-06
1.7019e-07 0.00401361 8.56393e-06
1.7019e-07 0.00401361 8.61279e-06
1.7019e-07 0.00401362 8.66164e-06
1.7019e-07 0.00401362 8.7105e-06
1.7019e-07 0.00401362 8.75935e-06
1.7019e-07 0.00401363 8.8082e-06
1.7019e-07 0.00401363 8.85706e-06
1.7019e-07 0.00401364 8.90591e-06
1.7019e-07 0.00401364 8.95477e-06
1.7019e-07 0.00401364 9.00362e-06
1.7019e-07 0.00401365 9.05248e-06
1.7019e-07 0.00401365 9.10133e-06
1.7019e-07 0.00401366 9.15019e-06
1.7019e-07 0.00401366 9.19904e-06
1.7019e-07 0.00401366 9.24789e-06
1.7019e-07 0.00401367 9.29675e-06
1.7019e-07 0.00401367 9.3456e-06
1.7019e-07 0.00401368 9.39446e-06
1.7019e-07 0.00401368 9.44331e-06
1.7019e-07 0.00401368 9.49217e-06
1.7019e-07 0.00401369 9.54102e-06
1.7019e-07 0.00401369 9.58987e-06
1.7019e-07 0.0040137 9.63873e-06
1.7019e-07 0.0040137 9.68758e-06
1.7019e-07 0.0040137 9.73644e-06
1.7019e-07 0.00401371 9.78529e-06
1.7019e-07 0.00401371 9.83415e-06
1.7019e-07 0.00401372 9.883e-06
1.7019e-07 0.00401372 9.93185e-06
1.7019e-07 0.00401372 9.98071e-06
1.7019e-07 0.00401373 1.00296e-05
1.7019e-07 0.00401373 1.00784e-05
1.7019e-07 0.00401374 1.01273e-05
1.7019e-07 0.00401374 1.01761e-05
1.7019e-07 0.00401375 1.0225e-05
1.7019e-07 0.00401375 1.02738e-05
1.7019e-07 0.00401375 1.03227e-05
1.7019e-07 0.00401376 1.03715e-05
2.51243e-07 0.00401358 1.04204e-05
2.18822e-07 0.00401365 1.04204e-05
2.51243e-07 0.00401358 1.03715e-05
2.18822e-07 0.00401365 1.03715e-05
2.51243e-07 0.00401357 1.03227e-05
2.18822e-07 0.00401365 1.03227e-05
2.51243e-07 0.00401357 1.02738e-05
2.18822e-07 0.00401364 1.02738e-05
2.51243e-07 0.00401357 1.0225e-05
2.18822e-07 0.00401364 1.0225e-05
2.51243e-07 0.00401356 1.01761e-05
2.18822e-07 0.00401363 1.01761e-05
2.51243e-07 0.00401356 1.01273e-05
2.18822e-07 0.00401363 1.01273e-05
2.51243e-07 0.00401355 1.00784e-05
2.18822e-07 0.00401363 1.00784e-05
2.51243e-07 0.00401355 1.00296e-05
2.18822e-07 0.00401362 1.00296e-05
2.51243e-07 0.00401355 9.98071e-06
2.18822e-07 0.00401362 9.98071e-06
2.51243e-07 0.00401354 9.93185e-06
2.18822e-07 0.00401361 9.93185e-06
2.51243e-07 0.00401354 9.883e-06
2.18822e-07 0.00401361 9.883e-06
2.51243e-07 0.00401353 9.83415e-06
2.18822e-07 0.00401361 9.83415e-06
2.51243e-07 0.00401353 9.78529e-06
2.18822e-07 0.0040136 9.78529e-06
2.51243e-07 0.00401353 9.73644e-06
2.18822e-07 0.0040136 9.73644e-06
2.51243e-07 0.00401352 9.68758e-06
2.18822e-07 0.00401359 9.68758e-06
2.51243e-07 0.00401352 9.63873e-06
2.18822e-07 0.00401359 9.63873e-06
2.51243e-07 0.00401351 9.58987e-06
2.18822e-07 0.00401359 9.58987e-06
2.51243e-07 0.00401351 9.54102e-06
2.18822e-07 0.00401358 9.54102e-06
2.51243e-07 0.00401351 9.49217e-06
2.18822e-07 0.00401358 9.49217e-06
2.51243e-07 0.0040135 9.44331e-06
2.18822e-07 0.00401357 9.44331e-06
2.51243e-07 0.0040135 9.39446e-06
2.18822e-07 0.00401357 9.39446e-06
2.51243e-07 0.00401349 9.3456e-06
2.18822e-07 0.00401357 9.3456e-06
2.51243e-07 0.00401349 9.29675e-06
2.18822e-07 0.00401356 9.29675e-06
2.51243e-07 0.00401349 9.24789e-06
2.18822e-07 0.00401356 9.24789e-06
2.51243e-07 0.00401348 9.19904e-06
2.18822e-07 0.00401355 9.19904e-06
2.51243e-07 0.00401348 9.15019e-06
2.18822e-07 0.00401355 9.15019e-06
2.51243e-07 0.00401347 9.10133e-06
2.18822e-07 0.00401355 9.10133e-06
2.51243e-07 0.00401347 9.05248e-06
2.18822e-07 0.00401354 9.05248e-06
2.51243e-07 0.00401347 9.00362e-06
2.18822e-07 0.00401354 9.00362e-06
2.51243e-07 0.00401346 8.95477e-06
2.18822e-07 0.00401353 8.95477e-06
2.51243e-07 0.00401346 8.90591e-06
2.18822e-07 0.00401353 8.90591e-06
2.51243e-07 0.00401345 8.85706e-06
2.18822e-07 0.00401353 8.85706e-06
2.51243e-07 0.00401345 8.8082e-06
2.18822e-07 0.00401352 8.8082e-06
2.51243e-07 0.00401345 8.75935e-06
2.18822e-07 0.00401352 8.75935e-06
2.51243e-07 0.00401344 8.7105e-06
2.18822e-07 0.00401351 8.7105e-06
2.51243e-07 0.00401344 8.66164e-06
2.18822e-07 0.00401351 8.66164e-06
2.51243e-07 0.00401343 8.61279e-06
2.18822e-07 0.00401351 8.61279e-06
2.51243e-07 0.00401343 8.56393e-06
2.18822e-07 0.0040135 8.56393e-06
2.51243e-07 0.00401343 8.51508e-06
2.18822e-07 0.0040135 8.51508e-06
2.51243e-07 0.00401342 8.46622e-06
2.18822e-07 0.00401349 8.46622e-06
2.51243e-07 0.00401342 8.41737e-06
2.18822e-07 0.00401349 8.41737e-06
2.51243e-07 0.00401341 8.36852e-06
2.18822e-07 0.00401349 8.36852e-06
2.51243e-07 0.00401341 8.31966e-06
2.18822e-07 0.00401348 8.31966e-06
2.51243e-07 0.00401341 8.27081e-06
2.18822e-07 0.00401348 8.27081e-06
2.51243e-07 0.0040134 8.22195e-06
2.18822e-07 0.00401347 8.22195e-06
2.51243e-07 0.0040134 8.1731e-06
2.18822e-07 0.00401347 8.1731e-06
2.51243e-07 0.00401339 8.12424e-06
2.18822e-07 0.00401347 8.12424e-06
2.51243e-07 0.00401339 8.07539e-06
2.18822e-07 0.00401346 8.07539e-06
2.51243e-07 0.00401339 8.02654e-06
2.18822e-07 0.00401346 8.02654e-06
2.51243e-07 0.00401338 7.97768e-06
2.18822e-07 0.00401345 7.97768e-06
2.51243e-07 0.00401338 7.92883e-06
2.18822e-07 0.00401345 7.92883e-06
2.51243e-07 0.00401337 7.87997e-06
2.18822e-07 0.00401345 7.87997e-06
2.51243e-07 0.00401337 7.83112e-06
2.18822e-07 0.00401344 7.83112e-06
2.51243e-07 0.00401337 7.78226e-06
2.18822e-07 0.00401344 7.78226e-06
2.51243e-07 0.00401336 7.73341e-06
2.18822e-07 0.00401343 7.73341e-06
2.51243e-07 0.00401336 7.68456e-06
2.18822e-07 0.00401343 7.68456e-06
2.51243e-07 0.00401335 7.6357e-06
2.18822e-07 0.00401343 7.6357e-06
2.51243e-07 0.00401335 7.58685e-06
2.18822e-07 0.00401342 7.58685e-06
2.51243e-07 0.00401335 7.53799e-06
2.18822e-07 0.00401342 7.53799e-06
2.51243e-07 0.00401334 7.48914e-06
2.18822e-07 0.00401341 7.48914e-06
2.51243e-07 0.00401334 7.44028e-06
2.18822e-07 0.00401341 7.44028e-06
2.51243e-07 0.00401333 7.39143e-06
2.18822e-07 0.00401341 7.39143e-06
2.51243e-07 0.00401333 7.34257e-06
2.18822e-07 0.0040134 7.34257e-06
2.51243e-07 0.00401333 7.29372e-06
2.18822e-07 0.0040134 7.29372e-06
2.51243e-07 0.00401332 7.24487e-06
2.18822e-07 0.00401339 7.24487e-06
2.51243e-07 0.00401332 7.19601e-06
2.18822e-07 0.00401339 7.19601e-06
2.51243e-07 0.00401331 7.14716e-06
2.18822e-07 0.00401339 7.14716e-06
2.51243e-07 0.00401331 7.0983e-06
2.18822e-07 0.00401338 7.0983e-06
2.51243e-07 0.00401331 7.04945e-06
2.18822e-07 0.00401338 7.04945e-06
2.51243e-07 0.0040133 7.00059e-06
2.18822e-07 0.00401337 7.00059e-06
2.51243e-07 0.0040133 6.95174e-06
2.18822e-07 0.00401337 6.95174e-06
2.51243e-07 0.00401329 6.90289e-06
2.18822e-07 0.00401337 6.90289e-06
2.51243e-07 0.00401329 6.85403e-06
2.18822e-07 0.00401336 6.85403e-06
1.21557e-07 0.00401387 1.04204e-05
8.91359e-08 0.00401394 1.04204e-05
1.21557e-07 0.00401386 1.03715e-05
8.91359e-08 0.00401394 1.03715e-05
1.21557e-07 0.00401386 1.03227e-05
8.91359e-08 0.00401393 1.03227e-05
1.21557e-07 0.00401386 1.02738e-05
8.91359e-08 0.00401393 1.02738e-05
1.21557e-07 0.00401385 1.0225e-05
8.91359e-08 0.00401392 1.0225e-05
1.21557e-07 0.00401385 1.01761e-05
8.91359e-08 0.00401392 1.01761e-05
1.21557e-07 0.00401384 1.01273e-05
8.91359e-08 0.00401392 1.01273e-05
1.21557e-07 0.00401384 1.00784e-05
8.91359e-08 0.00401391 1.00784e-05
1.21557e-07 0.00401384 1.00296e-05
8.91359e-08 0.00401391 1.00296e-05
1.21557e-07 0.00401383 9.98071e-06
8.91359e-08 0.0040139 9.98071e-06
1.21557e-07 0.00401383 9.93185e-06
8.91359e-08 0.0040139 9.93185e-06
1.21557e-07 0.00401382 9.883e-06
8.91359e-08 0.0040139 9.883e-06
1.21557e-07 0.00401382 9.83415e-06
8.91359e-08 0.00401389 9.83415e-06
1.21557e-07 0.00401382 9.78529e-06
8.91359e-08 0.00401389 9.78529e-06
1.21557e-07 0.00401381 9.73644e-06
8.91359e-08 0.00401388 9.73644e-06
1.21557e-07 0.00401381 9.68758e-06
8.91359e-08 0.00401388 9.68758e-06
1.21557e-07 0.0040138 9.63873e-06
8.91359e-08 0.00401388 9.63873e-06
1.21557e-07 0.0040138 9.58987e-06
8.91359e-08 0.00401387 9.58987e-06
1.21557e-07 0.0040138 9.54102e-06
8.91359e-08 0.00401387 9.54102e-06
1.21557e-07 0.00401379 9.49217e-06
8.91359e-08 0.00401386 9.49217e-06
1.21557e-07 0.00401379 9.44331e-06
8.91359e-08 0.00401386 9.44331e-06
1.21557e-07 0.00401378 9.39446e-06
8.91359e-08 0.00401386 9.39446e-06
1.21557e-07 0.00401378 9.3456e-06
8.91359e-08 0.00401385 9.3456e-06
1.21557e-07 0.00401378 9.29675e-06
8.91359e-08 0.00401385 9.29675e-06
1.21557e-07 0.00401377 9.24789e-06
8.91359e-08 0.00401384 9.24789e-06
1.21557e-07 0.00401377 9.19904e-06
8.91359e-08 0.00401384 9.19904e-06
1.21557e-07 0.00401376 9.15019e-06
8.91359e-08 0.00401384 9.15019e-06
1.21557e-07 0.00401376 9.10133e-06
8.91359e-08 0.00401383 9.10133e-06
1.21557e-07 0.00401376 9.05248e-06
8.91359e-08 0.00401383 9.05248e-06
1.21557e-07 0.00401375 9.00362e-06
8.91359e-08 0.00401382 9.00362e-06
1.21557e-07 0.00401375 8.95477e-06
8.91359e-08 0.00401382 8.95477e-06
1.21557e-07 0.00401374 8.90591e-06
8.91359e-08 0.00401382 8.90591e-06
1.21557e-07 0.00401374 8.85706e-06
8.91359e-08 0.00401381 8.85706e-06
1.21557e-07 0.00401374 8.8082e-06
8.91359e-08 0.00401381 8.8082e-06
1.21557e-07 0.00401373 8.75935e-06
8.91359e-08 0.0040138 8.75935e-06
1.21557e-07 0.00401373 8.7105e-06
8.91359e-08 0.0040138 8.7105e-06
1.21557e-07 0.00401372 8.66164e-06
8.91359e-08 0.0040138 8.66164e-06
1.21557e-07 0.00401372 8.61279e-06
8.91359e-08 0.00401379 8.61279e-06
1.21557e-07 0.00401372 8.56393e-06
8.91359e-08 0.00401379 8.56393e-06
1.21557e-07 0.00401371 8.51508e-06
8.91359e-08 0.00401378 8.51508e-06
1.21557e-07 0.00401371 8.46622e-06
8.91359e-08 0.00401378 8.46622e-06
1.21557e-07 0.0040137 8.41737e-06
8.91359e-08 0.00401378 8.41737e-06
1.21557e-07 0.0040137 8.36852e-06
8.91359e-08 0.00401377 8.36852e-06
1.21557e-07 0.0040137 8.31966e-06
8.91359e-08 0.00401377 8.31966e-06
1.21557e-07 0.00401369 8.27081e-06
8.91359e-08 0.00401376 8.27081e-06
1.21557e-07 0.00401369 8.22195e-06
8.91359e-08 0.00401376 8.22195e-06
1.21557e-07 0.00401368 8.1731e-06
8.91359e-08 0.00401376 8.1731e-06
1.21557e-07 0.00401368 8.12424e-06
8.91359e-08 0.00401375 8.12424e-06
1.21557e-07 0.00401368 8.07539e-06
8.91359e-08 0.00401375 8.07539e-06
1.21557e-07 0.00401367 8.02654e-06
8.91359e-08 0.00401374 8.02654e-06
1.21557e-07 0.00401367 7.97768e-06
8.91359e-08 0.00401374 7.97768e-06
1.21557e-07 0.00401366 7.92883e-06
8.91359e-08 0.00401374 7.92883e-06
1.21557e-07 0.00401366 7.87997e-06
8.91359e-08 0.00401373 7.87997e-06
1.21557e-07 0.00401366 7.83112e-06
8.91359e-08 0.00401373 7.83112e-06
1.21557e-07 0.00401365 7.78226e-06
8.91359e-08 0.00401372 7.78226e-06
1.21557e-07 0.00401365 7.73341e-06
8.91359e-08 0.00401372 7.73341e-06
1.21557e-07 0.00401364 7.68456e-06
8.91359e-08 0.00401372 7.68456e-06
1.21557e-07 0.00401364 7.6357e-06
8.91359e-08 0.00401371 7.6357e-06
1.21557e-07 0.00401364 7.58685e-06
8.91359e-08 0.00401371 7.58685e-06
1.21557e-07 0.00401363 7.53799e-06
8.91359e-08 0.0040137 7.53799e-06
1.21557e-07 0.00401363 7.48914e-06
8.91359e-08 0.0040137 7.48914e-06
1.21557e-07 0.00401362 7.44028e-06
8.91359e-08 0.0040137 7.44028e-06
1.21557e-07 0.00401362 7.39143e-06
8.91359e-08 0.00401369 7.39143e-06
1.21557e-07 0.00401362 7.34257e-06
8.91359e-08 0.00401369 7.34257e-06
1.21557e-07 0.00401361 7.29372e-06
8.91359e-08 0.00401368 7.29372e-06
1.21557e-07 0.00401361 7.24487e-06
8.91359e-08 0.00401368 7.24487e-06
1.21557e-07 0.0040136 7.19601e-06
8.91359e-08 0.00401368 7.19601e-06
1.21557e-07 0.0040136 7.14716e-06
8.91359e-08 0.00401367 7.14716e-06
1.21557e-07 0.0040136 7.0983e-06
8.91359e-08 0.00401367 7.0983e-06
1.21557e-07 0.00401359 7.04945e-06
8.91359e-08 0.00401366 7.04945e-06
1.21557e-07 0.00401359 7.00059e-06
8.91359e-08 0.00401366 7.00059e-06
1.21557e-07 0.00401358 6.95174e-06
8.91359e-08 0.00401366 6.95174e-06
1.21557e-07 0.00401358 6.90289e-06
8.91359e-08 0.00401365 6.90289e-06
1.21557e-07 0.00401358 6.85403e-06
8.91359e-08 0.00401365 6.85403e-06
