-1.27097e-07 0.00400461 1.78537e-06
-1.27097e-07 0.00400474 1.07261e-06
-1.07658e-07 0.00400459 1.78537e-06
-1.07658e-07 0.00400472 1.07261e-06
-1.27097e-07 0.00400461 1.7756e-06
-1.27097e-07 0.00400461 1.76584e-06
-1.27097e-07 0.00400461 1.75607e-06
-1.27097e-07 0.00400461 1.74631e-06
-1.27097e-07 0.00400461 1.73655e-06
-1.27097e-07 0.00400462 1.72678e-06
-1.27097e-07 0.00400462 1.71702e-06
-1.27097e-07 0.00400462 1.70726e-06
-1.27097e-07 0.00400462 1.69749e-06
-1.27097e-07 0.00400462 1.68773e-06
-1.27097e-07 0.00400463 1.67796e-06
-1.27097e-07 0.00400463 1.6682e-06
-1.27097e-07 0.00400463 1.65844e-06
-1.27097e-07 0.00400463 1.64867e-06
-1.27097e-07 0.00400463 1.63891e-06
-1.27097e-07 0.00400463 1.62915e-06
-1.27097e-07 0.00400464 1.61938e-06
-1.27097e-07 0.00400464 1.60962e-06
-1.27097e-07 0.00400464 1.59986e-06
-1.27097e-07 0.00400464 1.59009e-06
-1.27097e-07 0.00400464 1.58033e-06
-1.27097e-07 0.00400465 1.57056e-06
-1.27097e-07 0.00400465 1.5608e-06
-1.27097e-07 0.00400465 1.55104e-06
-1.27097e-07 0.00400465 1.54127e-06
-1.27097e-07 0.00400465 1.53151e-06
-1.27097e-07 0.00400465 1.52175e-06
-1.27097e-07 0.00400466 1.51198e-06
-1.27097e-07 0.00400466 1.50222e-06
-1.27097e-07 0.00400466 1.49245e-06
-1.27097e-07 0.00400466 1.48269e-06
-1.27097e-07 0.00400466 1.47293e-06
-1.27097e-07 0.00400467 1.46316e-06
-1.27097e-07 0.00400467 1.4534e-06
-1.27097e-07 0.00400467 1.44364e-06
-1.27097e-07 0.00400467 1.43387e-06
-1.27097e-07 0.00400467 1.42411e-06
-1.27097e-07 0.00400467 1.41434e-06
-1.27097e-07 0.00400468 1.40458e-06
-1.27097e-07 0.00400468 1.39482e-06
-1.27097e-07 0.00400468 1.38505e-06
-1.27097e-07 0.00400468 1.37529e-06
-1.27097e-07 0.00400468 1.36553e-06
-1.27097e-07 0.00400469 1.35576e-06
-1.27097e-07 0.00400469 1.346e-06
-1.27097e-07 0.00400469 1.33623e-06
-1.27097e-07 0.00400469 1.32647e-06
-1.27097e-07 0.00400469 1.31671e-06
-1.27097e-07 0.00400469 1.30694e-06
-1.27097e-07 0.0040047 1.29718e-06
-1.27097e-07 0.0040047 1.28742e-06
-1.27097e-07 0.0040047 1.27765e-06
-1.27097e-07 0.0040047 1.26789e-06
-1.27097e-07 0.0040047 1.25812e-06
-1.27097e-07 0.00400471 1.24836e-06
-1.27097e-07 0.00400471 1.2386e-06
-1.27097e-07 0.00400471 1.22883e-06
-1.27097e-07 0.00400471 1.21907e-06
-1.27097e-07 0.00400471 1.20931e-06
-1.27097e-07 0.00400472 1.19954e-06
-1.27097e-07 0.00400472 1.18978e-06
-1.27097e-07 0.00400472 1.18001e-06
-1.27097e-07 0.00400472 1.17025e-06
-1.27097e-07 0.00400472 1.16049e-06
-1.27097e-07 0.00400472 1.15072e-06
-1.27097e-07 0.00400473 1.14096e-06
-1.27097e-07 0.00400473 1.1312e-06
-1.27097e-07 0.00400473 1.12143e-06
-1.27097e-07 0.00400473 1.11167e-06
-1.27097e-07 0.00400473 1.1019e-06
-1.27097e-07 0.00400474 1.09214e-06
-1.27097e-07 0.00400474 1.08238e-06
-1.17377e-07 0.00400473 1.07261e-06
-1.17377e-07 0.0040046 1.78537e-06
-1.07658e-07 0.00400472 1.08238e-06
-1.07658e-07 0.00400472 1.09214e-06
-1.07658e-07 0.00400472 1.1019e-06
-1.07658e-07 0.00400472 1.11167e-06
-1.07658e-07 0.00400471 1.12143e-06
-1.07658e-07 0.00400471 1.1312e-06
-1.07658e-07 0.00400471 1.14096e-06
-1.07658e-07 0.00400471 1.15072e-06
-1.07658e-07 0.00400471 1.16049e-06
-1.07658e-07 0.0040047 1.17025e-06
-1.07658e-07 0.0040047 1.18001e-06
-1.07658e-07 0.0040047 1.18978e-06
-1.07658e-07 0.0040047 1.19954e-06
-1.07658e-07 0.0040047 1.20931e-06
-1.07658e-07 0.0040047 1.21907e-06
-1.07658e-07 0.00400469 1.22883e-06
-1.07658e-07 0.00400469 1.2386e-06
-1.07658e-07 0.00400469 1.24836e-06
-1.07658e-07 0.00400469 1.25812e-06
-1.07658e-07 0.00400469 1.26789e-06
-1.07658e-07 0.00400468 1.27765e-06
-1.07658e-07 0.00400468 1.28742e-06
-1.07658e-07 0.00400468 1.29718e-06
-1.07658e-07 0.00400468 1.30694e-06
-1.07658e-07 0.00400468 1.31671e-06
-1.07658e-07 0.00400467 1.32647e-06
-1.07658e-07 0.00400467 1.33623e-06
-1.07658e-07 0.00400467 1.346e-06
-1.07658e-07 0.00400467 1.35576e-06
-1.07658e-07 0.00400467 1.36553e-06
-1.07658e-07 0.00400467 1.37529e-06
-1.07658e-07 0.00400466 1.38505e-06
-1.07658e-07 0.00400466 1.39482e-06
-1.07658e-07 0.00400466 1.40458e-06
-1.07658e-07 0.00400466 1.41434e-06
-1.07658e-07 0.00400466 1.42411e-06
-1.07658e-07 0.00400465 1.43387e-06
-1.07658e-07 0.00400465 1.44364e-06
-1.07658e-07 0.00400465 1.4534e-06
-1.07658e-07 0.00400465 1.46316e-06
-1.07658e-07 0.00400465 1.47293e-06
-1.07658e-07 0.00400465 1.48269e-06
-1.07658e-07 0.00400464 1.49245e-06
-1.07658e-07 0.00400464 1.50222e-06
-1.07658e-07 0.00400464 1.51198e-06
-1.07658e-07 0.00400464 1.52175e-06
-1.07658e-07 0.00400464 1.53151e-06
-1.07658e-07 0.00400463 1.54127e-06
-1.07658e-07 0.00400463 1.55104e-06
-1.07658e-07 0.00400463 1.5608e-06
-1.07658e-07 0.00400463 1.57056e-06
-1.07658e-07 0.00400463 1.58033e-06
-1.07658e-07 0.00400463 1.59009e-06
-1.07658e-07 0.00400462 1.59986e-06
-1.07658e-07 0.00400462 1.60962e-06
-1.07658e-07 0.00400462 1.61938e-06
-1.07658e-07 0.00400462 1.62915e-06
-1.07658e-07 0.00400462 1.63891e-06
-1.07658e-07 0.00400461 1.64867e-06
-1.07658e-07 0.00400461 1.65844e-06
-1.07658e-07 0.00400461 1.6682e-06
-1.07658e-07 0.00400461 1.67796e-06
-1.07658e-07 0.00400461 1.68773e-06
-1.07658e-07 0.00400461 1.69749e-06
-1.07658e-07 0.0040046 1.70726e-06
-1.07658e-07 0.0040046 1.71702e-06
-1.07658e-07 0.0040046 1.72678e-06
-1.07658e-07 0.0040046 1.73655e-06
-1.07658e-07 0.0040046 1.74631e-06
-1.07658e-07 0.00400459 1.75607e-06
-1.07658e-07 0.00400459 1.76584e-06
-1.07658e-07 0.00400459 1.7756e-06
-1.17377e-07 0.00400473 1.08238e-06
-1.17377e-07 0.00400473 1.09214e-06
-1.17377e-07 0.00400473 1.1019e-06
-1.17377e-07 0.00400472 1.11167e-06
-1.17377e-07 0.00400472 1.12143e-06
-1.17377e-07 0.00400472 1.1312e-06
-1.17377e-07 0.00400472 1.14096e-06
-1.17377e-07 0.00400472 1.15072e-06
-1.17377e-07 0.00400471 1.16049e-06
-1.17377e-07 0.00400471 1.17025e-06
-1.17377e-07 0.00400471 1.18001e-06
-1.17377e-07 0.00400471 1.18978e-06
-1.17377e-07 0.00400471 1.19954e-06
-1.17377e-07 0.00400471 1.20931e-06
-1.17377e-07 0.0040047 1.21907e-06
-1.17377e-07 0.0040047 1.22883e-06
-1.17377e-07 0.0040047 1.2386e-06
-1.17377e-07 0.0040047 1.24836e-06
-1.17377e-07 0.0040047 1.25812e-06
-1.17377e-07 0.00400469 1.26789e-06
-1.17377e-07 0.00400469 1.27765e-06
-1.17377e-07 0.00400469 1.28742e-06
-1.17377e-07 0.00400469 1.29718e-06
-1.17377e-07 0.00400469 1.30694e-06
-1.17377e-07 0.00400469 1.31671e-06
-1.17377e-07 0.00400468 1.32647e-06
-1.17377e-07 0.00400468 1.33623e-06
-1.17377e-07 0.00400468 1.346e-06
-1.17377e-07 0.00400468 1.35576e-06
-1.17377e-07 0.00400468 1.36553e-06
-1.17377e-07 0.00400467 1.37529e-06
-1.17377e-07 0.00400467 1.38505e-06
-1.17377e-07 0.00400467 1.39482e-06
-1.17377e-07 0.00400467 1.40458e-06
-1.17377e-07 0.00400467 1.41434e-06
-1.17377e-07 0.00400467 1.42411e-06
-1.17377e-07 0.00400466 1.43387e-06
-1.17377e-07 0.00400466 1.44364e-06
-1.17377e-07 0.00400466 1.4534e-06
-1.17377e-07 0.00400466 1.46316e-06
-1.17377e-07 0.00400466 1.47293e-06
-1.17377e-07 0.00400465 1.48269e-06
-1.17377e-07 0.00400465 1.49245e-06
-1.17377e-07 0.00400465 1.50222e-06
-1.17377e-07 0.00400465 1.51198e-06
-1.17377e-07 0.00400465 1.52175e-06
-1.17377e-07 0.00400465 1.53151e-06
-1.17377e-07 0.00400464 1.54127e-06
-1.17377e-07 0.00400464 1.55104e-06
-1.17377e-07 0.00400464 1.5608e-06
-1.17377e-07 0.00400464 1.57056e-06
-1.17377e-07 0.00400464 1.58033e-06
-1.17377e-07 0.00400463 1.59009e-06
-1.17377e-07 0.00400463 1.59986e-06
-1.17377e-07 0.00400463 1.60962e-06
-1.17377e-07 0.00400463 1.61938e-06
-1.17377e-07 0.00400463 1.62915e-06
-1.17377e-07 0.00400463 1.63891e-06
-1.17377e-07 0.00400462 1.64867e-06
-1.17377e-07 0.00400462 1.65844e-06
-1.17377e-07 0.00400462 1.6682e-06
-1.17377e-07 0.00400462 1.67796e-06
-1.17377e-07 0.00400462 1.68773e-06
-1.17377e-07 0.00400461 1.69749e-06
-1.17377e-07 0.00400461 1.70726e-06
-1.17377e-07 0.00400461 1.71702e-06
-1.17377e-07 0.00400461 1.72678e-06
-1.17377e-07 0.00400461 1.73655e-06
-1.17377e-07 0.00400461 1.74631e-06
-1.17377e-07 0.0040046 1.75607e-06
-1.17377e-07 0.0040046 1.76584e-06
-1.17377e-07 0.0040046 1.7756e-06
-1.01178e-07 0.00400458 1.78537e-06
-1.07658e-07 0.00400459 1.78537e-06
-1.01178e-07 0.00400459 1.7756e-06
-1.07658e-07 0.00400459 1.7756e-06
-1.01178e-07 0.00400459 1.76584e-06
-1.07658e-07 0.00400459 1.76584e-06
-1.01178e-07 0.00400459 1.75607e-06
-1.07658e-07 0.00400459 1.75607e-06
-1.01178e-07 0.00400459 1.74631e-06
-1.07658e-07 0.0040046 1.74631e-06
-1.01178e-07 0.00400459 1.73655e-06
-1.07658e-07 0.0040046 1.73655e-06
-1.01178e-07 0.00400459 1.72678e-06
-1.07658e-07 0.0040046 1.72678e-06
-1.01178e-07 0.0040046 1.71702e-06
-1.07658e-07 0.0040046 1.71702e-06
-1.01178e-07 0.0040046 1.70726e-06
-1.07658e-07 0.0040046 1.70726e-06
-1.01178e-07 0.0040046 1.69749e-06
-1.07658e-07 0.00400461 1.69749e-06
-1.01178e-07 0.0040046 1.68773e-06
-1.07658e-07 0.00400461 1.68773e-06
-1.01178e-07 0.0040046 1.67796e-06
-1.07658e-07 0.00400461 1.67796e-06
-1.01178e-07 0.00400461 1.6682e-06
-1.07658e-07 0.00400461 1.6682e-06
-1.01178e-07 0.00400461 1.65844e-06
-1.07658e-07 0.00400461 1.65844e-06
-1.01178e-07 0.00400461 1.64867e-06
-1.07658e-07 0.00400461 1.64867e-06
-1.01178e-07 0.00400461 1.63891e-06
-1.07658e-07 0.00400462 1.63891e-06
-1.01178e-07 0.00400461 1.62915e-06
-1.07658e-07 0.00400462 1.62915e-06
-1.01178e-07 0.00400461 1.61938e-06
-1.07658e-07 0.00400462 1.61938e-06
-1.01178e-07 0.00400462 1.60962e-06
-1.07658e-07 0.00400462 1.60962e-06
-1.01178e-07 0.00400462 1.59986e-06
-1.07658e-07 0.00400462 1.59986e-06
-1.01178e-07 0.00400462 1.59009e-06
-1.07658e-07 0.00400463 1.59009e-06
-1.01178e-07 0.00400462 1.58033e-06
-1.07658e-07 0.00400463 1.58033e-06
-1.01178e-07 0.00400462 1.57056e-06
-1.07658e-07 0.00400463 1.57056e-06
-1.01178e-07 0.00400463 1.5608e-06
-1.07658e-07 0.00400463 1.5608e-06
-1.01178e-07 0.00400463 1.55104e-06
-1.07658e-07 0.00400463 1.55104e-06
-1.01178e-07 0.00400463 1.54127e-06
-1.07658e-07 0.00400463 1.54127e-06
-1.01178e-07 0.00400463 1.53151e-06
-1.07658e-07 0.00400464 1.53151e-06
-1.01178e-07 0.00400463 1.52175e-06
-1.07658e-07 0.00400464 1.52175e-06
-1.01178e-07 0.00400463 1.51198e-06
-1.07658e-07 0.00400464 1.51198e-06
-1.01178e-07 0.00400464 1.50222e-06
-1.07658e-07 0.00400464 1.50222e-06
-1.01178e-07 0.00400464 1.49245e-06
-1.07658e-07 0.00400464 1.49245e-06
-1.01178e-07 0.00400464 1.48269e-06
-1.07658e-07 0.00400465 1.48269e-06
-1.01178e-07 0.00400464 1.47293e-06
-1.07658e-07 0.00400465 1.47293e-06
-1.01178e-07 0.00400464 1.46316e-06
-1.07658e-07 0.00400465 1.46316e-06
-1.01178e-07 0.00400465 1.4534e-06
-1.07658e-07 0.00400465 1.4534e-06
-1.01178e-07 0.00400465 1.44364e-06
-1.07658e-07 0.00400465 1.44364e-06
-1.01178e-07 0.00400465 1.43387e-06
-1.07658e-07 0.00400465 1.43387e-06
-1.01178e-07 0.00400465 1.42411e-06
-1.07658e-07 0.00400466 1.42411e-06
-1.01178e-07 0.00400465 1.41434e-06
-1.07658e-07 0.00400466 1.41434e-06
-1.01178e-07 0.00400465 1.40458e-06
-1.07658e-07 0.00400466 1.40458e-06
-1.01178e-07 0.00400466 1.39482e-06
-1.07658e-07 0.00400466 1.39482e-06
-1.01178e-07 0.00400466 1.38505e-06
-1.07658e-07 0.00400466 1.38505e-06
-1.01178e-07 0.00400466 1.37529e-06
-1.07658e-07 0.00400467 1.37529e-06
-1.01178e-07 0.00400466 1.36553e-06
-1.07658e-07 0.00400467 1.36553e-06
-1.01178e-07 0.00400466 1.35576e-06
-1.07658e-07 0.00400467 1.35576e-06
-1.01178e-07 0.00400467 1.346e-06
-1.07658e-07 0.00400467 1.346e-06
-1.01178e-07 0.00400467 1.33623e-06
-1.07658e-07 0.00400467 1.33623e-06
-1.01178e-07 0.00400467 1.32647e-06
-1.07658e-07 0.00400467 1.32647e-06
-1.01178e-07 0.00400467 1.31671e-06
-1.07658e-07 0.00400468 1.31671e-06
-1.01178e-07 0.00400467 1.30694e-06
-1.07658e-07 0.00400468 1.30694e-06
-1.01178e-07 0.00400468 1.29718e-06
-1.07658e-07 0.00400468 1.29718e-06
-1.01178e-07 0.00400468 1.28742e-06
-1.07658e-07 0.00400468 1.28742e-06
-1.01178e-07 0.00400468 1.27765e-06
-1.07658e-07 0.00400468 1.27765e-06
-1.01178e-07 0.00400468 1.26789e-06
-1.07658e-07 0.00400469 1.26789e-06
-1.01178e-07 0.00400468 1.25812e-06
-1.07658e-07 0.00400469 1.25812e-06
-1.01178e-07 0.00400468 1.24836e-06
-1.07658e-07 0.00400469 1.24836e-06
-1.01178e-07 0.00400469 1.2386e-06
-1.07658e-07 0.00400469 1.2386e-06
-1.01178e-07 0.00400469 1.22883e-06
-1.07658e-07 0.00400469 1.22883e-06
-1.01178e-07 0.00400469 1.21907e-06
-1.07658e-07 0.0040047 1.21907e-06
-1.01178e-07 0.00400469 1.20931e-06
-1.07658e-07 0.0040047 1.20931e-06
-1.01178e-07 0.00400469 1.19954e-06
-1.07658e-07 0.0040047 1.19954e-06
-1.01178e-07 0.0040047 1.18978e-06
-1.07658e-07 0.0040047 1.18978e-06
-1.01178e-07 0.0040047 1.18001e-06
-1.07658e-07 0.0040047 1.18001e-06
-1.01178e-07 0.0040047 1.17025e-06
-1.07658e-07 0.0040047 1.17025e-06
-1.01178e-07 0.0040047 1.16049e-06
-1.07658e-07 0.00400471 1.16049e-06
-1.01178e-07 0.0040047 1.15072e-06
-1.07658e-07 0.00400471 1.15072e-06
-1.01178e-07 0.0040047 1.14096e-06
-1.07658e-07 0.00400471 1.14096e-06
-1.01178e-07 0.00400471 1.1312e-06
-1.07658e-07 0.00400471 1.1312e-06
-1.01178e-07 0.00400471 1.12143e-06
-1.07658e-07 0.00400471 1.12143e-06
-1.01178e-07 0.00400471 1.11167e-06
-1.07658e-07 0.00400472 1.11167e-06
-1.01178e-07 0.00400471 1.1019e-06
-1.07658e-07 0.00400472 1.1019e-06
-1.01178e-07 0.00400471 1.09214e-06
-1.07658e-07 0.00400472 1.09214e-06
-1.01178e-07 0.00400472 1.08238e-06
-1.07658e-07 0.00400472 1.08238e-06
-1.01178e-07 0.00400472 1.07261e-06
-1.07658e-07 0.00400472 1.07261e-06
-1.27097e-07 0.00400461 1.78537e-06
-1.33576e-07 0.00400461 1.78537e-06
-1.27097e-07 0.00400461 1.7756e-06
-1.33576e-07 0.00400461 1.7756e-06
-1.27097e-07 0.00400461 1.76584e-06
-1.33576e-07 0.00400461 1.76584e-06
-1.27097e-07 0.00400461 1.75607e-06
-1.33576e-07 0.00400462 1.75607e-06
-1.27097e-07 0.00400461 1.74631e-06
-1.33576e-07 0.00400462 1.74631e-06
-1.27097e-07 0.00400461 1.73655e-06
-1.33576e-07 0.00400462 1.73655e-06
-1.27097e-07 0.00400462 1.72678e-06
-1.33576e-07 0.00400462 1.72678e-06
-1.27097e-07 0.00400462 1.71702e-06
-1.33576e-07 0.00400462 1.71702e-06
-1.27097e-07 0.00400462 1.70726e-06
-1.33576e-07 0.00400463 1.70726e-06
-1.27097e-07 0.00400462 1.69749e-06
-1.33576e-07 0.00400463 1.69749e-06
-1.27097e-07 0.00400462 1.68773e-06
-1.33576e-07 0.00400463 1.68773e-06
-1.27097e-07 0.00400463 1.67796e-06
-1.33576e-07 0.00400463 1.67796e-06
-1.27097e-07 0.00400463 1.6682e-06
-1.33576e-07 0.00400463 1.6682e-06
-1.27097e-07 0.00400463 1.65844e-06
-1.33576e-07 0.00400463 1.65844e-06
-1.27097e-07 0.00400463 1.64867e-06
-1.33576e-07 0.00400464 1.64867e-06
-1.27097e-07 0.00400463 1.63891e-06
-1.33576e-07 0.00400464 1.63891e-06
-1.27097e-07 0.00400463 1.62915e-06
-1.33576e-07 0.00400464 1.62915e-06
-1.27097e-07 0.00400464 1.61938e-06
-1.33576e-07 0.00400464 1.61938e-06
-1.27097e-07 0.00400464 1.60962e-06
-1.33576e-07 0.00400464 1.60962e-06
-1.27097e-07 0.00400464 1.59986e-06
-1.33576e-07 0.00400465 1.59986e-06
-1.27097e-07 0.00400464 1.59009e-06
-1.33576e-07 0.00400465 1.59009e-06
-1.27097e-07 0.00400464 1.58033e-06
-1.33576e-07 0.00400465 1.58033e-06
-1.27097e-07 0.00400465 1.57056e-06
-1.33576e-07 0.00400465 1.57056e-06
-1.27097e-07 0.00400465 1.5608e-06
-1.33576e-07 0.00400465 1.5608e-06
-1.27097e-07 0.00400465 1.55104e-06
-1.33576e-07 0.00400465 1.55104e-06
-1.27097e-07 0.00400465 1.54127e-06
-1.33576e-07 0.00400466 1.54127e-06
-1.27097e-07 0.00400465 1.53151e-06
-1.33576e-07 0.00400466 1.53151e-06
-1.27097e-07 0.00400465 1.52175e-06
-1.33576e-07 0.00400466 1.52175e-06
-1.27097e-07 0.00400466 1.51198e-06
-1.33576e-07 0.00400466 1.51198e-06
-1.27097e-07 0.00400466 1.50222e-06
-1.33576e-07 0.00400466 1.50222e-06
-1.27097e-07 0.00400466 1.49245e-06
-1.33576e-07 0.00400467 1.49245e-06
-1.27097e-07 0.00400466 1.48269e-06
-1.33576e-07 0.00400467 1.48269e-06
-1.27097e-07 0.00400466 1.47293e-06
-1.33576e-07 0.00400467 1.47293e-06
-1.27097e-07 0.00400467 1.46316e-06
-1.33576e-07 0.00400467 1.46316e-06
-1.27097e-07 0.00400467 1.4534e-06
-1.33576e-07 0.00400467 1.4534e-06
-1.27097e-07 0.00400467 1.44364e-06
-1.33576e-07 0.00400467 1.44364e-06
-1.27097e-07 0.00400467 1.43387e-06
-1.33576e-07 0.00400468 1.43387e-06
-1.27097e-07 0.00400467 1.42411e-06
-1.33576e-07 0.00400468 1.42411e-06
-1.27097e-07 0.00400467 1.41434e-06
-1.33576e-07 0.00400468 1.41434e-06
-1.27097e-07 0.00400468 1.40458e-06
-1.33576e-07 0.00400468 1.40458e-06
-1.27097e-07 0.00400468 1.39482e-06
-1.33576e-07 0.00400468 1.39482e-06
-1.27097e-07 0.00400468 1.38505e-06
-1.33576e-07 0.00400469 1.38505e-06
-1.27097e-07 0.00400468 1.37529e-06
-1.33576e-07 0.00400469 1.37529e-06
-1.27097e-07 0.00400468 1.36553e-06
-1.33576e-07 0.00400469 1.36553e-06
-1.27097e-07 0.00400469 1.35576e-06
-1.33576e-07 0.00400469 1.35576e-06
-1.27097e-07 0.00400469 1.346e-06
-1.33576e-07 0.00400469 1.346e-06
-1.27097e-07 0.00400469 1.33623e-06
-1.33576e-07 0.00400469 1.33623e-06
-1.27097e-07 0.00400469 1.32647e-06
-1.33576e-07 0.0040047 1.32647e-06
-1.27097e-07 0.00400469 1.31671e-06
-1.33576e-07 0.0040047 1.31671e-06
-1.27097e-07 0.00400469 1.30694e-06
-1.33576e-07 0.0040047 1.30694e-06
-1.27097e-07 0.0040047 1.29718e-06
-1.33576e-07 0.0040047 1.29718e-06
-1.27097e-07 0.0040047 1.28742e-06
-1.33576e-07 0.0040047 1.28742e-06
-1.27097e-07 0.0040047 1.27765e-06
-1.33576e-07 0.00400471 1.27765e-06
-1.27097e-07 0.0040047 1.26789e-06
-1.33576e-07 0.00400471 1.26789e-06
-1.27097e-07 0.0040047 1.25812e-06
-1.33576e-07 0.00400471 1.25812e-06
-1.27097e-07 0.00400471 1.24836e-06
-1.33576e-07 0.00400471 1.24836e-06
-1.27097e-07 0.00400471 1.2386e-06
-1.33576e-07 0.00400471 1.2386e-06
-1.27097e-07 0.00400471 1.22883e-06
-1.33576e-07 0.00400472 1.22883e-06
-1.27097e-07 0.00400471 1.21907e-06
-1.33576e-07 0.00400472 1.21907e-06
-1.27097e-07 0.00400471 1.20931e-06
-1.33576e-07 0.00400472 1.20931e-06
-1.27097e-07 0.00400472 1.19954e-06
-1.33576e-07 0.00400472 1.19954e-06
-1.27097e-07 0.00400472 1.18978e-06
-1.33576e-07 0.00400472 1.18978e-06
-1.27097e-07 0.00400472 1.18001e-06
-1.33576e-07 0.00400472 1.18001e-06
-1.27097e-07 0.00400472 1.17025e-06
-1.33576e-07 0.00400473 1.17025e-06
-1.27097e-07 0.00400472 1.16049e-06
-1.33576e-07 0.00400473 1.16049e-06
-1.27097e-07 0.00400472 1.15072e-06
-1.33576e-07 0.00400473 1.15072e-06
-1.27097e-07 0.00400473 1.14096e-06
-1.33576e-07 0.00400473 1.14096e-06
-1.27097e-07 0.00400473 1.1312e-06
-1.33576e-07 0.00400473 1.1312e-06
-1.27097e-07 0.00400473 1.12143e-06
-1.33576e-07 0.00400474 1.12143e-06
-1.27097e-07 0.00400473 1.11167e-06
-1.33576e-07 0.00400474 1.11167e-06
-1.27097e-07 0.00400473 1.1019e-06
-1.33576e-07 0.00400474 1.1019e-06
-1.27097e-07 0.00400474 1.09214e-06
-1.33576e-07 0.00400474 1.09214e-06
-1.27097e-07 0.00400474 1.08238e-06
-1.33576e-07 0.00400474 1.08238e-06
-1.27097e-07 0.00400474 1.07261e-06
-1.33576e-07 0.00400474 1.07261e-06
