-6.69246e-09 0.000248852 -1.36576e-07
-6.69246e-09 0.000248861 -1.95765e-07
-5.07821e-09 0.000248852 -1.36576e-07
-5.07821e-09 0.000248861 -1.95765e-07
-6.69246e-09 0.000248852 -1.37387e-07
-6.69246e-09 0.000248852 -1.38198e-07
-6.69246e-09 0.000248852 -1.39008e-07
-6.69246e-09 0.000248853 -1.39819e-07
-6.69246e-09 0.000248853 -1.4063e-07
-6.69246e-09 0.000248853 -1.41441e-07
-6.69246e-09 0.000248853 -1.42252e-07
-6.69246e-09 0.000248853 -1.43062e-07
-6.69246e-09 0.000248853 -1.43873e-07
-6.69246e-09 0.000248853 -1.44684e-07
-6.69246e-09 0.000248853 -1.45495e-07
-6.69246e-09 0.000248853 -1.46306e-07
-6.69246e-09 0.000248854 -1.47116e-07
-6.69246e-09 0.000248854 -1.47927e-07
-6.69246e-09 0.000248854 -1.48738e-07
-6.69246e-09 0.000248854 -1.49549e-07
-6.69246e-09 0.000248854 -1.5036e-07
-6.69246e-09 0.000248854 -1.5117e-07
-6.69246e-09 0.000248854 -1.51981e-07
-6.69246e-09 0.000248854 -1.52792e-07
-6.69246e-09 0.000248854 -1.53603e-07
-6.69246e-09 0.000248855 -1.54414e-07
-6.69246e-09 0.000248855 -1.55224e-07
-6.69246e-09 0.000248855 -1.56035e-07
-6.69246e-09 0.000248855 -1.56846e-07
-6.69246e-09 0.000248855 -1.57657e-07
-6.69246e-09 0.000248855 -1.58468e-07
-6.69246e-09 0.000248855 -1.59279e-07
-6.69246e-09 0.000248855 -1.60089e-07
-6.69246e-09 0.000248856 -1.609e-07
-6.69246e-09 0.000248856 -1.61711e-07
-6.69246e-09 0.000248856 -1.62522e-07
-6.69246e-09 0.000248856 -1.63333e-07
-6.69246e-09 0.000248856 -1.64143e-07
-6.69246e-09 0.000248856 -1.64954e-07
-6.69246e-09 0.000248856 -1.65765e-07
-6.69246e-09 0.000248856 -1.66576e-07
-6.69246e-09 0.000248856 -1.67387e-07
-6.69246e-09 0.000248857 -1.68197e-07
-6.69246e-09 0.000248857 -1.69008e-07
-6.69246e-09 0.000248857 -1.69819e-07
-6.69246e-09 0.000248857 -1.7063e-07
-6.69246e-09 0.000248857 -1.71441e-07
-6.69246e-09 0.000248857 -1.72251e-07
-6.69246e-09 0.000248857 -1.73062e-07
-6.69246e-09 0.000248857 -1.73873e-07
-6.69246e-09 0.000248858 -1.74684e-07
-6.69246e-09 0.000248858 -1.75495e-07
-6.69246e-09 0.000248858 -1.76305e-07
-6.69246e-09 0.000248858 -1.77116e-07
-6.69246e-09 0.000248858 -1.77927e-07
-6.69246e-09 0.000248858 -1.78738e-07
-6.69246e-09 0.000248858 -1.79549e-07
-6.69246e-09 0.000248858 -1.8036e-07
-6.69246e-09 0.000248858 -1.8117e-07
-6.69246e-09 0.000248859 -1.81981e-07
-6.69246e-09 0.000248859 -1.82792e-07
-6.69246e-09 0.000248859 -1.83603e-07
-6.69246e-09 0.000248859 -1.84414e-07
-6.69246e-09 0.000248859 -1.85224e-07
-6.69246e-09 0.000248859 -1.86035e-07
-6.69246e-09 0.000248859 -1.86846e-07
-6.69246e-09 0.000248859 -1.87657e-07
-6.69246e-09 0.00024886 -1.88468e-07
-6.69246e-09 0.00024886 -1.89278e-07
-6.69246e-09 0.00024886 -1.90089e-07
-6.69246e-09 0.00024886 -1.909e-07
-6.69246e-09 0.00024886 -1.91711e-07
-6.69246e-09 0.00024886 -1.92522e-07
-6.69246e-09 0.00024886 -1.93332e-07
-6.69246e-09 0.00024886 -1.94143e-07
-6.69246e-09 0.00024886 -1.94954e-07
-5.88533e-09 0.000248861 -1.95765e-07
-5.88533e-09 0.000248852 -1.36576e-07
-5.07821e-09 0.000248861 -1.94954e-07
-5.07821e-09 0.000248861 -1.94143e-07
-5.07821e-09 0.000248861 -1.93332e-07
-5.07821e-09 0.00024886 -1.92522e-07
-5.07821e-09 0.00024886 -1.91711e-07
-5.07821e-09 0.00024886 -1.909e-07
-5.07821e-09 0.00024886 -1.90089e-07
-5.07821e-09 0.00024886 -1.89278e-07
-5.07821e-09 0.00024886 -1.88468e-07
-5.07821e-09 0.00024886 -1.87657e-07
-5.07821e-09 0.00024886 -1.86846e-07
-5.07821e-09 0.000248859 -1.86035e-07
-5.07821e-09 0.000248859 -1.85224e-07
-5.07821e-09 0.000248859 -1.84414e-07
-5.07821e-09 0.000248859 -1.83603e-07
-5.07821e-09 0.000248859 -1.82792e-07
-5.07821e-09 0.000248859 -1.81981e-07
-5.07821e-09 0.000248859 -1.8117e-07
-5.07821e-09 0.000248859 -1.8036e-07
-5.07821e-09 0.000248859 -1.79549e-07
-5.07821e-09 0.000248858 -1.78738e-07
-5.07821e-09 0.000248858 -1.77927e-07
-5.07821e-09 0.000248858 -1.77116e-07
-5.07821e-09 0.000248858 -1.76305e-07
-5.07821e-09 0.000248858 -1.75495e-07
-5.07821e-09 0.000248858 -1.74684e-07
-5.07821e-09 0.000248858 -1.73873e-07
-5.07821e-09 0.000248858 -1.73062e-07
-5.07821e-09 0.000248858 -1.72251e-07
-5.07821e-09 0.000248857 -1.71441e-07
-5.07821e-09 0.000248857 -1.7063e-07
-5.07821e-09 0.000248857 -1.69819e-07
-5.07821e-09 0.000248857 -1.69008e-07
-5.07821e-09 0.000248857 -1.68197e-07
-5.07821e-09 0.000248857 -1.67387e-07
-5.07821e-09 0.000248857 -1.66576e-07
-5.07821e-09 0.000248857 -1.65765e-07
-5.07821e-09 0.000248856 -1.64954e-07
-5.07821e-09 0.000248856 -1.64143e-07
-5.07821e-09 0.000248856 -1.63333e-07
-5.07821e-09 0.000248856 -1.62522e-07
-5.07821e-09 0.000248856 -1.61711e-07
-5.07821e-09 0.000248856 -1.609e-07
-5.07821e-09 0.000248856 -1.60089e-07
-5.07821e-09 0.000248856 -1.59279e-07
-5.07821e-09 0.000248856 -1.58468e-07
-5.07821e-09 0.000248855 -1.57657e-07
-5.07821e-09 0.000248855 -1.56846e-07
-5.07821e-09 0.000248855 -1.56035e-07
-5.07821e-09 0.000248855 -1.55224e-07
-5.07821e-09 0.000248855 -1.54414e-07
-5.07821e-09 0.000248855 -1.53603e-07
-5.07821e-09 0.000248855 -1.52792e-07
-5.07821e-09 0.000248855 -1.51981e-07
-5.07821e-09 0.000248854 -1.5117e-07
-5.07821e-09 0.000248854 -1.5036e-07
-5.07821e-09 0.000248854 -1.49549e-07
-5.07821e-09 0.000248854 -1.48738e-07
-5.07821e-09 0.000248854 -1.47927e-07
-5.07821e-09 0.000248854 -1.47116e-07
-5.07821e-09 0.000248854 -1.46306e-07
-5.07821e-09 0.000248854 -1.45495e-07
-5.07821e-09 0.000248854 -1.44684e-07
-5.07821e-09 0.000248853 -1.43873e-07
-5.07821e-09 0.000248853 -1.43062e-07
-5.07821e-09 0.000248853 -1.42252e-07
-5.07821e-09 0.000248853 -1.41441e-07
-5.07821e-09 0.000248853 -1.4063e-07
-5.07821e-09 0.000248853 -1.39819e-07
-5.07821e-09 0.000248853 -1.39008e-07
-5.07821e-09 0.000248853 -1.38198e-07
-5.07821e-09 0.000248853 -1.37387e-07
-5.88533e-09 0.000248861 -1.94954e-07
-5.88533e-09 0.000248861 -1.94143e-07
-5.88533e-09 0.00024886 -1.93332e-07
-5.88533e-09 0.00024886 -1.92522e-07
-5.88533e-09 0.00024886 -1.91711e-07
-5.88533e-09 0.00024886 -1.909e-07
-5.88533e-09 0.00024886 -1.90089e-07
-5.88533e-09 0.00024886 -1.89278e-07
-5.88533e-09 0.00024886 -1.88468e-07
-5.88533e-09 0.00024886 -1.87657e-07
-5.88533e-09 0.000248859 -1.86846e-07
-5.88533e-09 0.000248859 -1.86035e-07
-5.88533e-09 0.000248859 -1.85224e-07
-5.88533e-09 0.000248859 -1.84414e-07
-5.88533e-09 0.000248859 -1.83603e-07
-5.88533e-09 0.000248859 -1.82792e-07
-5.88533e-09 0.000248859 -1.81981e-07
-5.88533e-09 0.000248859 -1.8117e-07
-5.88533e-09 0.000248859 -1.8036e-07
-5.88533e-09 0.000248858 -1.79549e-07
-5.88533e-09 0.000248858 -1.78738e-07
-5.88533e-09 0.000248858 -1.77927e-07
-5.88533e-09 0.000248858 -1.77116e-07
-5.88533e-09 0.000248858 -1.76305e-07
-5.88533e-09 0.000248858 -1.75495e-07
-5.88533e-09 0.000248858 -1.74684e-07
-5.88533e-09 0.000248858 -1.73873e-07
-5.88533e-09 0.000248857 -1.73062e-07
-5.88533e-09 0.000248857 -1.72251e-07
-5.88533e-09 0.000248857 -1.71441e-07
-5.88533e-09 0.000248857 -1.7063e-07
-5.88533e-09 0.000248857 -1.69819e-07
-5.88533e-09 0.000248857 -1.69008e-07
-5.88533e-09 0.000248857 -1.68197e-07
-5.88533e-09 0.000248857 -1.67387e-07
-5.88533e-09 0.000248857 -1.66576e-07
-5.88533e-09 0.000248856 -1.65765e-07
-5.88533e-09 0.000248856 -1.64954e-07
-5.88533e-09 0.000248856 -1.64143e-07
-5.88533e-09 0.000248856 -1.63333e-07
-5.88533e-09 0.000248856 -1.62522e-07
-5.88533e-09 0.000248856 -1.61711e-07
-5.88533e-09 0.000248856 -1.609e-07
-5.88533e-09 0.000248856 -1.60089e-07
-5.88533e-09 0.000248855 -1.59279e-07
-5.88533e-09 0.000248855 -1.58468e-07
-5.88533e-09 0.000248855 -1.57657e-07
-5.88533e-09 0.000248855 -1.56846e-07
-5.88533e-09 0.000248855 -1.56035e-07
-5.88533e-09 0.000248855 -1.55224e-07
-5.88533e-09 0.000248855 -1.54414e-07
-5.88533e-09 0.000248855 -1.53603e-07
-5.88533e-09 0.000248855 -1.52792e-07
-5.88533e-09 0.000248854 -1.51981e-07
-5.88533e-09 0.000248854 -1.5117e-07
-5.88533e-09 0.000248854 -1.5036e-07
-5.88533e-09 0.000248854 -1.49549e-07
-5.88533e-09 0.000248854 -1.48738e-07
-5.88533e-09 0.000248854 -1.47927e-07
-5.88533e-09 0.000248854 -1.47116e-07
-5.88533e-09 0.000248854 -1.46306e-07
-5.88533e-09 0.000248853 -1.45495e-07
-5.88533e-09 0.000248853 -1.44684e-07
-5.88533e-09 0.000248853 -1.43873e-07
-5.88533e-09 0.000248853 -1.43062e-07
-5.88533e-09 0.000248853 -1.42252e-07
-5.88533e-09 0.000248853 -1.41441e-07
-5.88533e-09 0.000248853 -1.4063e-07
-5.88533e-09 0.000248853 -1.39819e-07
-5.88533e-09 0.000248853 -1.39008e-07
-5.88533e-09 0.000248852 -1.38198e-07
-5.88533e-09 0.000248852 -1.37387e-07
-4.54013e-09 0.000248853 -1.36576e-07
-5.07821e-09 0.000248852 -1.36576e-07
-4.54013e-09 0.000248853 -1.37387e-07
-5.07821e-09 0.000248853 -1.37387e-07
-4.54013e-09 0.000248853 -1.38198e-07
-5.07821e-09 0.000248853 -1.38198e-07
-4.54013e-09 0.000248853 -1.39008e-07
-5.07821e-09 0.000248853 -1.39008e-07
-4.54013e-09 0.000248853 -1.39819e-07
-5.07821e-09 0.000248853 -1.39819e-07
-4.54013e-09 0.000248853 -1.4063e-07
-5.07821e-09 0.000248853 -1.4063e-07
-4.54013e-09 0.000248853 -1.41441e-07
-5.07821e-09 0.000248853 -1.41441e-07
-4.54013e-09 0.000248853 -1.42252e-07
-5.07821e-09 0.000248853 -1.42252e-07
-4.54013e-09 0.000248853 -1.43062e-07
-5.07821e-09 0.000248853 -1.43062e-07
-4.54013e-09 0.000248854 -1.43873e-07
-5.07821e-09 0.000248853 -1.43873e-07
-4.54013e-09 0.000248854 -1.44684e-07
-5.07821e-09 0.000248854 -1.44684e-07
-4.54013e-09 0.000248854 -1.45495e-07
-5.07821e-09 0.000248854 -1.45495e-07
-4.54013e-09 0.000248854 -1.46306e-07
-5.07821e-09 0.000248854 -1.46306e-07
-4.54013e-09 0.000248854 -1.47116e-07
-5.07821e-09 0.000248854 -1.47116e-07
-4.54013e-09 0.000248854 -1.47927e-07
-5.07821e-09 0.000248854 -1.47927e-07
-4.54013e-09 0.000248854 -1.48738e-07
-5.07821e-09 0.000248854 -1.48738e-07
-4.54013e-09 0.000248854 -1.49549e-07
-5.07821e-09 0.000248854 -1.49549e-07
-4.54013e-09 0.000248854 -1.5036e-07
-5.07821e-09 0.000248854 -1.5036e-07
-4.54013e-09 0.000248855 -1.5117e-07
-5.07821e-09 0.000248854 -1.5117e-07
-4.54013e-09 0.000248855 -1.51981e-07
-5.07821e-09 0.000248855 -1.51981e-07
-4.54013e-09 0.000248855 -1.52792e-07
-5.07821e-09 0.000248855 -1.52792e-07
-4.54013e-09 0.000248855 -1.53603e-07
-5.07821e-09 0.000248855 -1.53603e-07
-4.54013e-09 0.000248855 -1.54414e-07
-5.07821e-09 0.000248855 -1.54414e-07
-4.54013e-09 0.000248855 -1.55224e-07
-5.07821e-09 0.000248855 -1.55224e-07
-4.54013e-09 0.000248855 -1.56035e-07
-5.07821e-09 0.000248855 -1.56035e-07
-4.54013e-09 0.000248855 -1.56846e-07
-5.07821e-09 0.000248855 -1.56846e-07
-4.54013e-09 0.000248856 -1.57657e-07
-5.07821e-09 0.000248855 -1.57657e-07
-4.54013e-09 0.000248856 -1.58468e-07
-5.07821e-09 0.000248856 -1.58468e-07
-4.54013e-09 0.000248856 -1.59279e-07
-5.07821e-09 0.000248856 -1.59279e-07
-4.54013e-09 0.000248856 -1.60089e-07
-5.07821e-09 0.000248856 -1.60089e-07
-4.54013e-09 0.000248856 -1.609e-07
-5.07821e-09 0.000248856 -1.609e-07
-4.54013e-09 0.000248856 -1.61711e-07
-5.07821e-09 0.000248856 -1.61711e-07
-4.54013e-09 0.000248856 -1.62522e-07
-5.07821e-09 0.000248856 -1.62522e-07
-4.54013e-09 0.000248856 -1.63333e-07
-5.07821e-09 0.000248856 -1.63333e-07
-4.54013e-09 0.000248856 -1.64143e-07
-5.07821e-09 0.000248856 -1.64143e-07
-4.54013e-09 0.000248857 -1.64954e-07
-5.07821e-09 0.000248856 -1.64954e-07
-4.54013e-09 0.000248857 -1.65765e-07
-5.07821e-09 0.000248857 -1.65765e-07
-4.54013e-09 0.000248857 -1.66576e-07
-5.07821e-09 0.000248857 -1.66576e-07
-4.54013e-09 0.000248857 -1.67387e-07
-5.07821e-09 0.000248857 -1.67387e-07
-4.54013e-09 0.000248857 -1.68197e-07
-5.07821e-09 0.000248857 -1.68197e-07
-4.54013e-09 0.000248857 -1.69008e-07
-5.07821e-09 0.000248857 -1.69008e-07
-4.54013e-09 0.000248857 -1.69819e-07
-5.07821e-09 0.000248857 -1.69819e-07
-4.54013e-09 0.000248857 -1.7063e-07
-5.07821e-09 0.000248857 -1.7063e-07
-4.54013e-09 0.000248858 -1.71441e-07
-5.07821e-09 0.000248857 -1.71441e-07
-4.54013e-09 0.000248858 -1.72251e-07
-5.07821e-09 0.000248858 -1.72251e-07
-4.54013e-09 0.000248858 -1.73062e-07
-5.07821e-09 0.000248858 -1.73062e-07
-4.54013e-09 0.000248858 -1.73873e-07
-5.07821e-09 0.000248858 -1.73873e-07
-4.54013e-09 0.000248858 -1.74684e-07
-5.07821e-09 0.000248858 -1.74684e-07
-4.54013e-09 0.000248858 -1.75495e-07
-5.07821e-09 0.000248858 -1.75495e-07
-4.54013e-09 0.000248858 -1.76305e-07
-5.07821e-09 0.000248858 -1.76305e-07
-4.54013e-09 0.000248858 -1.77116e-07
-5.07821e-09 0.000248858 -1.77116e-07
-4.54013e-09 0.000248858 -1.77927e-07
-5.07821e-09 0.000248858 -1.77927e-07
-4.54013e-09 0.000248859 -1.78738e-07
-5.07821e-09 0.000248858 -1.78738e-07
-4.54013e-09 0.000248859 -1.79549e-07
-5.07821e-09 0.000248859 -1.79549e-07
-4.54013e-09 0.000248859 -1.8036e-07
-5.07821e-09 0.000248859 -1.8036e-07
-4.54013e-09 0.000248859 -1.8117e-07
-5.07821e-09 0.000248859 -1.8117e-07
-4.54013e-09 0.000248859 -1.81981e-07
-5.07821e-09 0.000248859 -1.81981e-07
-4.54013e-09 0.000248859 -1.82792e-07
-5.07821e-09 0.000248859 -1.82792e-07
-4.54013e-09 0.000248859 -1.83603e-07
-5.07821e-09 0.000248859 -1.83603e-07
-4.54013e-09 0.000248859 -1.84414e-07
-5.07821e-09 0.000248859 -1.84414e-07
-4.54013e-09 0.000248859 -1.85224e-07
-5.07821e-09 0.000248859 -1.85224e-07
-4.54013e-09 0.00024886 -1.86035e-07
-5.07821e-09 0.000248859 -1.86035e-07
-4.54013e-09 0.00024886 -1.86846e-07
-5.07821e-09 0.00024886 -1.86846e-07
-4.54013e-09 0.00024886 -1.87657e-07
-5.07821e-09 0.00024886 -1.87657e-07
-4.54013e-09 0.00024886 -1.88468e-07
-5.07821e-09 0.00024886 -1.88468e-07
-4.54013e-09 0.00024886 -1.89278e-07
-5.07821e-09 0.00024886 -1.89278e-07
-4.54013e-09 0.00024886 -1.90089e-07
-5.07821e-09 0.00024886 -1.90089e-07
-4.54013e-09 0.00024886 -1.909e-07
-5.07821e-09 0.00024886 -1.909e-07
-4.54013e-09 0.00024886 -1.91711e-07
-5.07821e-09 0.00024886 -1.91711e-07
-4.54013e-09 0.000248861 -1.92522e-07
-5.07821e-09 0.00024886 -1.92522e-07
-4.54013e-09 0.000248861 -1.93332e-07
-5.07821e-09 0.000248861 -1.93332e-07
-4.54013e-09 0.000248861 -1.94143e-07
-5.07821e-09 0.000248861 -1.94143e-07
-4.54013e-09 0.000248861 -1.94954e-07
-5.07821e-09 0.000248861 -1.94954e-07
-4.54013e-09 0.000248861 -1.95765e-07
-5.07821e-09 0.000248861 -1.95765e-07
-6.69246e-09 0.000248852 -1.36576e-07
-7.23054e-09 0.000248852 -1.36576e-07
-6.69246e-09 0.000248852 -1.37387e-07
-7.23054e-09 0.000248852 -1.37387e-07
-6.69246e-09 0.000248852 -1.38198e-07
-7.23054e-09 0.000248852 -1.38198e-07
-6.69246e-09 0.000248852 -1.39008e-07
-7.23054e-09 0.000248852 -1.39008e-07
-6.69246e-09 0.000248853 -1.39819e-07
-7.23054e-09 0.000248852 -1.39819e-07
-6.69246e-09 0.000248853 -1.4063e-07
-7.23054e-09 0.000248853 -1.4063e-07
-6.69246e-09 0.000248853 -1.41441e-07
-7.23054e-09 0.000248853 -1.41441e-07
-6.69246e-09 0.000248853 -1.42252e-07
-7.23054e-09 0.000248853 -1.42252e-07
-6.69246e-09 0.000248853 -1.43062e-07
-7.23054e-09 0.000248853 -1.43062e-07
-6.69246e-09 0.000248853 -1.43873e-07
-7.23054e-09 0.000248853 -1.43873e-07
-6.69246e-09 0.000248853 -1.44684e-07
-7.23054e-09 0.000248853 -1.44684e-07
-6.69246e-09 0.000248853 -1.45495e-07
-7.23054e-09 0.000248853 -1.45495e-07
-6.69246e-09 0.000248853 -1.46306e-07
-7.23054e-09 0.000248853 -1.46306e-07
-6.69246e-09 0.000248854 -1.47116e-07
-7.23054e-09 0.000248853 -1.47116e-07
-6.69246e-09 0.000248854 -1.47927e-07
-7.23054e-09 0.000248854 -1.47927e-07
-6.69246e-09 0.000248854 -1.48738e-07
-7.23054e-09 0.000248854 -1.48738e-07
-6.69246e-09 0.000248854 -1.49549e-07
-7.23054e-09 0.000248854 -1.49549e-07
-6.69246e-09 0.000248854 -1.5036e-07
-7.23054e-09 0.000248854 -1.5036e-07
-6.69246e-09 0.000248854 -1.5117e-07
-7.23054e-09 0.000248854 -1.5117e-07
-6.69246e-09 0.000248854 -1.51981e-07
-7.23054e-09 0.000248854 -1.51981e-07
-6.69246e-09 0.000248854 -1.52792e-07
-7.23054e-09 0.000248854 -1.52792e-07
-6.69246e-09 0.000248854 -1.53603e-07
-7.23054e-09 0.000248854 -1.53603e-07
-6.69246e-09 0.000248855 -1.54414e-07
-7.23054e-09 0.000248854 -1.54414e-07
-6.69246e-09 0.000248855 -1.55224e-07
-7.23054e-09 0.000248855 -1.55224e-07
-6.69246e-09 0.000248855 -1.56035e-07
-7.23054e-09 0.000248855 -1.56035e-07
-6.69246e-09 0.000248855 -1.56846e-07
-7.23054e-09 0.000248855 -1.56846e-07
-6.69246e-09 0.000248855 -1.57657e-07
-7.23054e-09 0.000248855 -1.57657e-07
-6.69246e-09 0.000248855 -1.58468e-07
-7.23054e-09 0.000248855 -1.58468e-07
-6.69246e-09 0.000248855 -1.59279e-07
-7.23054e-09 0.000248855 -1.59279e-07
-6.69246e-09 0.000248855 -1.60089e-07
-7.23054e-09 0.000248855 -1.60089e-07
-6.69246e-09 0.000248856 -1.609e-07
-7.23054e-09 0.000248855 -1.609e-07
-6.69246e-09 0.000248856 -1.61711e-07
-7.23054e-09 0.000248856 -1.61711e-07
-6.69246e-09 0.000248856 -1.62522e-07
-7.23054e-09 0.000248856 -1.62522e-07
-6.69246e-09 0.000248856 -1.63333e-07
-7.23054e-09 0.000248856 -1.63333e-07
-6.69246e-09 0.000248856 -1.64143e-07
-7.23054e-09 0.000248856 -1.64143e-07
-6.69246e-09 0.000248856 -1.64954e-07
-7.23054e-09 0.000248856 -1.64954e-07
-6.69246e-09 0.000248856 -1.65765e-07
-7.23054e-09 0.000248856 -1.65765e-07
-6.69246e-09 0.000248856 -1.66576e-07
-7.23054e-09 0.000248856 -1.66576e-07
-6.69246e-09 0.000248856 -1.67387e-07
-7.23054e-09 0.000248856 -1.67387e-07
-6.69246e-09 0.000248857 -1.68197e-07
-7.23054e-09 0.000248856 -1.68197e-07
-6.69246e-09 0.000248857 -1.69008e-07
-7.23054e-09 0.000248857 -1.69008e-07
-6.69246e-09 0.000248857 -1.69819e-07
-7.23054e-09 0.000248857 -1.69819e-07
-6.69246e-09 0.000248857 -1.7063e-07
-7.23054e-09 0.000248857 -1.7063e-07
-6.69246e-09 0.000248857 -1.71441e-07
-7.23054e-09 0.000248857 -1.71441e-07
-6.69246e-09 0.000248857 -1.72251e-07
-7.23054e-09 0.000248857 -1.72251e-07
-6.69246e-09 0.000248857 -1.73062e-07
-7.23054e-09 0.000248857 -1.73062e-07
-6.69246e-09 0.000248857 -1.73873e-07
-7.23054e-09 0.000248857 -1.73873e-07
-6.69246e-09 0.000248858 -1.74684e-07
-7.23054e-09 0.000248857 -1.74684e-07
-6.69246e-09 0.000248858 -1.75495e-07
-7.23054e-09 0.000248858 -1.75495e-07
-6.69246e-09 0.000248858 -1.76305e-07
-7.23054e-09 0.000248858 -1.76305e-07
-6.69246e-09 0.000248858 -1.77116e-07
-7.23054e-09 0.000248858 -1.77116e-07
-6.69246e-09 0.000248858 -1.77927e-07
-7.23054e-09 0.000248858 -1.77927e-07
-6.69246e-09 0.000248858 -1.78738e-07
-7.23054e-09 0.000248858 -1.78738e-07
-6.69246e-09 0.000248858 -1.79549e-07
-7.23054e-09 0.000248858 -1.79549e-07
-6.69246e-09 0.000248858 -1.8036e-07
-7.23054e-09 0.000248858 -1.8036e-07
-6.69246e-09 0.000248858 -1.8117e-07
-7.23054e-09 0.000248858 -1.8117e-07
-6.69246e-09 0.000248859 -1.81981e-07
-7.23054e-09 0.000248858 -1.81981e-07
-6.69246e-09 0.000248859 -1.82792e-07
-7.23054e-09 0.000248859 -1.82792e-07
-6.69246e-09 0.000248859 -1.83603e-07
-7.23054e-09 0.000248859 -1.83603e-07
-6.69246e-09 0.000248859 -1.84414e-07
-7.23054e-09 0.000248859 -1.84414e-07
-6.69246e-09 0.000248859 -1.85224e-07
-7.23054e-09 0.000248859 -1.85224e-07
-6.69246e-09 0.000248859 -1.86035e-07
-7.23054e-09 0.000248859 -1.86035e-07
-6.69246e-09 0.000248859 -1.86846e-07
-7.23054e-09 0.000248859 -1.86846e-07
-6.69246e-09 0.000248859 -1.87657e-07
-7.23054e-09 0.000248859 -1.87657e-07
-6.69246e-09 0.00024886 -1.88468e-07
-7.23054e-09 0.000248859 -1.88468e-07
-6.69246e-09 0.00024886 -1.89278e-07
-7.23054e-09 0.00024886 -1.89278e-07
-6.69246e-09 0.00024886 -1.90089e-07
-7.23054e-09 0.00024886 -1.90089e-07
-6.69246e-09 0.00024886 -1.909e-07
-7.23054e-09 0.00024886 -1.909e-07
-6.69246e-09 0.00024886 -1.91711e-07
-7.23054e-09 0.00024886 -1.91711e-07
-6.69246e-09 0.00024886 -1.92522e-07
-7.23054e-09 0.00024886 -1.92522e-07
-6.69246e-09 0.00024886 -1.93332e-07
-7.23054e-09 0.00024886 -1.93332e-07
-6.69246e-09 0.00024886 -1.94143e-07
-7.23054e-09 0.00024886 -1.94143e-07
-6.69246e-09 0.00024886 -1.94954e-07
-7.23054e-09 0.00024886 -1.94954e-07
-6.69246e-09 0.000248861 -1.95765e-07
-7.23054e-09 0.00024886 -1.95765e-07
