-1.68353e-08 0.0040029 -3.65619e-07
-1.68353e-08 0.00400292 8.10241e-07
-4.89042e-08 0.00400295 -3.65619e-07
-4.89042e-08 0.00400297 8.10241e-07
-1.68353e-08 0.0040029 -3.49512e-07
-1.68353e-08 0.0040029 -3.33404e-07
-1.68353e-08 0.0040029 -3.17296e-07
-1.68353e-08 0.0040029 -3.01189e-07
-1.68353e-08 0.0040029 -2.85081e-07
-1.68353e-08 0.0040029 -2.68973e-07
-1.68353e-08 0.0040029 -2.52865e-07
-1.68353e-08 0.0040029 -2.36758e-07
-1.68353e-08 0.0040029 -2.2065e-07
-1.68353e-08 0.0040029 -2.04542e-07
-1.68353e-08 0.0040029 -1.88435e-07
-1.68353e-08 0.00400291 -1.72327e-07
-1.68353e-08 0.00400291 -1.56219e-07
-1.68353e-08 0.00400291 -1.40112e-07
-1.68353e-08 0.00400291 -1.24004e-07
-1.68353e-08 0.00400291 -1.07896e-07
-1.68353e-08 0.00400291 -9.17887e-08
-1.68353e-08 0.00400291 -7.5681e-08
-1.68353e-08 0.00400291 -5.95733e-08
-1.68353e-08 0.00400291 -4.34657e-08
-1.68353e-08 0.00400291 -2.7358e-08
-1.68353e-08 0.00400291 -1.12503e-08
-1.68353e-08 0.00400291 4.85739e-09
-1.68353e-08 0.00400291 2.0965e-08
-1.68353e-08 0.00400291 3.70727e-08
-1.68353e-08 0.00400291 5.31804e-08
-1.68353e-08 0.00400291 6.92881e-08
-1.68353e-08 0.00400291 8.53958e-08
-1.68353e-08 0.00400291 1.01503e-07
-1.68353e-08 0.00400291 1.17611e-07
-1.68353e-08 0.00400291 1.33719e-07
-1.68353e-08 0.00400291 1.49826e-07
-1.68353e-08 0.00400291 1.65934e-07
-1.68353e-08 0.00400291 1.82042e-07
-1.68353e-08 0.00400291 1.9815e-07
-1.68353e-08 0.00400291 2.14257e-07
-1.68353e-08 0.00400291 2.30365e-07
-1.68353e-08 0.00400291 2.46473e-07
-1.68353e-08 0.00400291 2.6258e-07
-1.68353e-08 0.00400291 2.78688e-07
-1.68353e-08 0.00400291 2.94796e-07
-1.68353e-08 0.00400291 3.10903e-07
-1.68353e-08 0.00400292 3.27011e-07
-1.68353e-08 0.00400292 3.43119e-07
-1.68353e-08 0.00400292 3.59226e-07
-1.68353e-08 0.00400292 3.75334e-07
-1.68353e-08 0.00400292 3.91442e-07
-1.68353e-08 0.00400292 4.07549e-07
-1.68353e-08 0.00400292 4.23657e-07
-1.68353e-08 0.00400292 4.39765e-07
-1.68353e-08 0.00400292 4.55872e-07
-1.68353e-08 0.00400292 4.7198e-07
-1.68353e-08 0.00400292 4.88088e-07
-1.68353e-08 0.00400292 5.04195e-07
-1.68353e-08 0.00400292 5.20303e-07
-1.68353e-08 0.00400292 5.36411e-07
-1.68353e-08 0.00400292 5.52518e-07
-1.68353e-08 0.00400292 5.68626e-07
-1.68353e-08 0.00400292 5.84734e-07
-1.68353e-08 0.00400292 6.00841e-07
-1.68353e-08 0.00400292 6.16949e-07
-1.68353e-08 0.00400292 6.33057e-07
-1.68353e-08 0.00400292 6.49164e-07
-1.68353e-08 0.00400292 6.65272e-07
-1.68353e-08 0.00400292 6.8138e-07
-1.68353e-08 0.00400292 6.97488e-07
-1.68353e-08 0.00400292 7.13595e-07
-1.68353e-08 0.00400292 7.29703e-07
-1.68353e-08 0.00400292 7.45811e-07
-1.68353e-08 0.00400292 7.61918e-07
-1.68353e-08 0.00400292 7.78026e-07
-1.68353e-08 0.00400292 7.94134e-07
-3.28698e-08 0.00400295 8.10241e-07
-3.28698e-08 0.00400293 -3.65619e-07
-4.89042e-08 0.00400297 7.94134e-07
-4.89042e-08 0.00400297 7.78026e-07
-4.89042e-08 0.00400297 7.61918e-07
-4.89042e-08 0.00400297 7.45811e-07
-4.89042e-08 0.00400297 7.29703e-07
-4.89042e-08 0.00400297 7.13595e-07
-4.89042e-08 0.00400297 6.97488e-07
-4.89042e-08 0.00400297 6.8138e-07
-4.89042e-08 0.00400297 6.65272e-07
-4.89042e-08 0.00400297 6.49164e-07
-4.89042e-08 0.00400297 6.33057e-07
-4.89042e-08 0.00400297 6.16949e-07
-4.89042e-08 0.00400297 6.00841e-07
-4.89042e-08 0.00400297 5.84734e-07
-4.89042e-08 0.00400297 5.68626e-07
-4.89042e-08 0.00400297 5.52518e-07
-4.89042e-08 0.00400297 5.36411e-07
-4.89042e-08 0.00400297 5.20303e-07
-4.89042e-08 0.00400297 5.04195e-07
-4.89042e-08 0.00400297 4.88088e-07
-4.89042e-08 0.00400296 4.7198e-07
-4.89042e-08 0.00400296 4.55872e-07
-4.89042e-08 0.00400296 4.39765e-07
-4.89042e-08 0.00400296 4.23657e-07
-4.89042e-08 0.00400296 4.07549e-07
-4.89042e-08 0.00400296 3.91442e-07
-4.89042e-08 0.00400296 3.75334e-07
-4.89042e-08 0.00400296 3.59226e-07
-4.89042e-08 0.00400296 3.43119e-07
-4.89042e-08 0.00400296 3.27011e-07
-4.89042e-08 0.00400296 3.10903e-07
-4.89042e-08 0.00400296 2.94796e-07
-4.89042e-08 0.00400296 2.78688e-07
-4.89042e-08 0.00400296 2.6258e-07
-4.89042e-08 0.00400296 2.46473e-07
-4.89042e-08 0.00400296 2.30365e-07
-4.89042e-08 0.00400296 2.14257e-07
-4.89042e-08 0.00400296 1.9815e-07
-4.89042e-08 0.00400296 1.82042e-07
-4.89042e-08 0.00400296 1.65934e-07
-4.89042e-08 0.00400296 1.49826e-07
-4.89042e-08 0.00400296 1.33719e-07
-4.89042e-08 0.00400296 1.17611e-07
-4.89042e-08 0.00400296 1.01503e-07
-4.89042e-08 0.00400296 8.53958e-08
-4.89042e-08 0.00400296 6.92881e-08
-4.89042e-08 0.00400296 5.31804e-08
-4.89042e-08 0.00400296 3.70727e-08
-4.89042e-08 0.00400296 2.0965e-08
-4.89042e-08 0.00400296 4.85739e-09
-4.89042e-08 0.00400296 -1.12503e-08
-4.89042e-08 0.00400295 -2.7358e-08
-4.89042e-08 0.00400295 -4.34657e-08
-4.89042e-08 0.00400295 -5.95733e-08
-4.89042e-08 0.00400295 -7.5681e-08
-4.89042e-08 0.00400295 -9.17887e-08
-4.89042e-08 0.00400295 -1.07896e-07
-4.89042e-08 0.00400295 -1.24004e-07
-4.89042e-08 0.00400295 -1.40112e-07
-4.89042e-08 0.00400295 -1.56219e-07
-4.89042e-08 0.00400295 -1.72327e-07
-4.89042e-08 0.00400295 -1.88435e-07
-4.89042e-08 0.00400295 -2.04542e-07
-4.89042e-08 0.00400295 -2.2065e-07
-4.89042e-08 0.00400295 -2.36758e-07
-4.89042e-08 0.00400295 -2.52865e-07
-4.89042e-08 0.00400295 -2.68973e-07
-4.89042e-08 0.00400295 -2.85081e-07
-4.89042e-08 0.00400295 -3.01189e-07
-4.89042e-08 0.00400295 -3.17296e-07
-4.89042e-08 0.00400295 -3.33404e-07
-4.89042e-08 0.00400295 -3.49512e-07
-3.28698e-08 0.00400295 7.94134e-07
-3.28698e-08 0.00400295 7.78026e-07
-3.28698e-08 0.00400295 7.61918e-07
-3.28698e-08 0.00400295 7.45811e-07
-3.28698e-08 0.00400295 7.29703e-07
-3.28698e-08 0.00400295 7.13595e-07
-3.28698e-08 0.00400295 6.97488e-07
-3.28698e-08 0.00400295 6.8138e-07
-3.28698e-08 0.00400295 6.65272e-07
-3.28698e-08 0.00400294 6.49164e-07
-3.28698e-08 0.00400294 6.33057e-07
-3.28698e-08 0.00400294 6.16949e-07
-3.28698e-08 0.00400294 6.00841e-07
-3.28698e-08 0.00400294 5.84734e-07
-3.28698e-08 0.00400294 5.68626e-07
-3.28698e-08 0.00400294 5.52518e-07
-3.28698e-08 0.00400294 5.36411e-07
-3.28698e-08 0.00400294 5.20303e-07
-3.28698e-08 0.00400294 5.04195e-07
-3.28698e-08 0.00400294 4.88088e-07
-3.28698e-08 0.00400294 4.7198e-07
-3.28698e-08 0.00400294 4.55872e-07
-3.28698e-08 0.00400294 4.39765e-07
-3.28698e-08 0.00400294 4.23657e-07
-3.28698e-08 0.00400294 4.07549e-07
-3.28698e-08 0.00400294 3.91442e-07
-3.28698e-08 0.00400294 3.75334e-07
-3.28698e-08 0.00400294 3.59226e-07
-3.28698e-08 0.00400294 3.43119e-07
-3.28698e-08 0.00400294 3.27011e-07
-3.28698e-08 0.00400294 3.10903e-07
-3.28698e-08 0.00400294 2.94796e-07
-3.28698e-08 0.00400294 2.78688e-07
-3.28698e-08 0.00400294 2.6258e-07
-3.28698e-08 0.00400294 2.46473e-07
-3.28698e-08 0.00400294 2.30365e-07
-3.28698e-08 0.00400294 2.14257e-07
-3.28698e-08 0.00400294 1.9815e-07
-3.28698e-08 0.00400294 1.82042e-07
-3.28698e-08 0.00400294 1.65934e-07
-3.28698e-08 0.00400293 1.49826e-07
-3.28698e-08 0.00400293 1.33719e-07
-3.28698e-08 0.00400293 1.17611e-07
-3.28698e-08 0.00400293 1.01503e-07
-3.28698e-08 0.00400293 8.53958e-08
-3.28698e-08 0.00400293 6.92881e-08
-3.28698e-08 0.00400293 5.31804e-08
-3.28698e-08 0.00400293 3.70727e-08
-3.28698e-08 0.00400293 2.0965e-08
-3.28698e-08 0.00400293 4.85739e-09
-3.28698e-08 0.00400293 -1.12503e-08
-3.28698e-08 0.00400293 -2.7358e-08
-3.28698e-08 0.00400293 -4.34657e-08
-3.28698e-08 0.00400293 -5.95733e-08
-3.28698e-08 0.00400293 -7.5681e-08
-3.28698e-08 0.00400293 -9.17887e-08
-3.28698e-08 0.00400293 -1.07896e-07
-3.28698e-08 0.00400293 -1.24004e-07
-3.28698e-08 0.00400293 -1.40112e-07
-3.28698e-08 0.00400293 -1.56219e-07
-3.28698e-08 0.00400293 -1.72327e-07
-3.28698e-08 0.00400293 -1.88435e-07
-3.28698e-08 0.00400293 -2.04542e-07
-3.28698e-08 0.00400293 -2.2065e-07
-3.28698e-08 0.00400293 -2.36758e-07
-3.28698e-08 0.00400293 -2.52865e-07
-3.28698e-08 0.00400293 -2.68973e-07
-3.28698e-08 0.00400293 -2.85081e-07
-3.28698e-08 0.00400293 -3.01189e-07
-3.28698e-08 0.00400293 -3.17296e-07
-3.28698e-08 0.00400293 -3.33404e-07
-3.28698e-08 0.00400293 -3.49512e-07
-5.95939e-08 0.00400296 -3.65619e-07
-4.89042e-08 0.00400295 -3.65619e-07
-5.95939e-08 0.00400296 -3.49512e-07
-4.89042e-08 0.00400295 -3.49512e-07
-5.95939e-08 0.00400296 -3.33404e-07
-4.89042e-08 0.00400295 -3.33404e-07
-5.95939e-08 0.00400296 -3.17296e-07
-4.89042e-08 0.00400295 -3.17296e-07
-5.95939e-08 0.00400297 -3.01189e-07
-4.89042e-08 0.00400295 -3.01189e-07
-5.95939e-08 0.00400297 -2.85081e-07
-4.89042e-08 0.00400295 -2.85081e-07
-5.95939e-08 0.00400297 -2.68973e-07
-4.89042e-08 0.00400295 -2.68973e-07
-5.95939e-08 0.00400297 -2.52865e-07
-4.89042e-08 0.00400295 -2.52865e-07
-5.95939e-08 0.00400297 -2.36758e-07
-4.89042e-08 0.00400295 -2.36758e-07
-5.95939e-08 0.00400297 -2.2065e-07
-4.89042e-08 0.00400295 -2.2065e-07
-5.95939e-08 0.00400297 -2.04542e-07
-4.89042e-08 0.00400295 -2.04542e-07
-5.95939e-08 0.00400297 -1.88435e-07
-4.89042e-08 0.00400295 -1.88435e-07
-5.95939e-08 0.00400297 -1.72327e-07
-4.89042e-08 0.00400295 -1.72327e-07
-5.95939e-08 0.00400297 -1.56219e-07
-4.89042e-08 0.00400295 -1.56219e-07
-5.95939e-08 0.00400297 -1.40112e-07
-4.89042e-08 0.00400295 -1.40112e-07
-5.95939e-08 0.00400297 -1.24004e-07
-4.89042e-08 0.00400295 -1.24004e-07
-5.95939e-08 0.00400297 -1.07896e-07
-4.89042e-08 0.00400295 -1.07896e-07
-5.95939e-08 0.00400297 -9.17887e-08
-4.89042e-08 0.00400295 -9.17887e-08
-5.95939e-08 0.00400297 -7.5681e-08
-4.89042e-08 0.00400295 -7.5681e-08
-5.95939e-08 0.00400297 -5.95733e-08
-4.89042e-08 0.00400295 -5.95733e-08
-5.95939e-08 0.00400297 -4.34657e-08
-4.89042e-08 0.00400295 -4.34657e-08
-5.95939e-08 0.00400297 -2.7358e-08
-4.89042e-08 0.00400295 -2.7358e-08
-5.95939e-08 0.00400297 -1.12503e-08
-4.89042e-08 0.00400296 -1.12503e-08
-5.95939e-08 0.00400297 4.85739e-09
-4.89042e-08 0.00400296 4.85739e-09
-5.95939e-08 0.00400297 2.0965e-08
-4.89042e-08 0.00400296 2.0965e-08
-5.95939e-08 0.00400297 3.70727e-08
-4.89042e-08 0.00400296 3.70727e-08
-5.95939e-08 0.00400297 5.31804e-08
-4.89042e-08 0.00400296 5.31804e-08
-5.95939e-08 0.00400297 6.92881e-08
-4.89042e-08 0.00400296 6.92881e-08
-5.95939e-08 0.00400297 8.53958e-08
-4.89042e-08 0.00400296 8.53958e-08
-5.95939e-08 0.00400297 1.01503e-07
-4.89042e-08 0.00400296 1.01503e-07
-5.95939e-08 0.00400297 1.17611e-07
-4.89042e-08 0.00400296 1.17611e-07
-5.95939e-08 0.00400297 1.33719e-07
-4.89042e-08 0.00400296 1.33719e-07
-5.95939e-08 0.00400297 1.49826e-07
-4.89042e-08 0.00400296 1.49826e-07
-5.95939e-08 0.00400297 1.65934e-07
-4.89042e-08 0.00400296 1.65934e-07
-5.95939e-08 0.00400297 1.82042e-07
-4.89042e-08 0.00400296 1.82042e-07
-5.95939e-08 0.00400297 1.9815e-07
-4.89042e-08 0.00400296 1.9815e-07
-5.95939e-08 0.00400298 2.14257e-07
-4.89042e-08 0.00400296 2.14257e-07
-5.95939e-08 0.00400298 2.30365e-07
-4.89042e-08 0.00400296 2.30365e-07
-5.95939e-08 0.00400298 2.46473e-07
-4.89042e-08 0.00400296 2.46473e-07
-5.95939e-08 0.00400298 2.6258e-07
-4.89042e-08 0.00400296 2.6258e-07
-5.95939e-08 0.00400298 2.78688e-07
-4.89042e-08 0.00400296 2.78688e-07
-5.95939e-08 0.00400298 2.94796e-07
-4.89042e-08 0.00400296 2.94796e-07
-5.95939e-08 0.00400298 3.10903e-07
-4.89042e-08 0.00400296 3.10903e-07
-5.95939e-08 0.00400298 3.27011e-07
-4.89042e-08 0.00400296 3.27011e-07
-5.95939e-08 0.00400298 3.43119e-07
-4.89042e-08 0.00400296 3.43119e-07
-5.95939e-08 0.00400298 3.59226e-07
-4.89042e-08 0.00400296 3.59226e-07
-5.95939e-08 0.00400298 3.75334e-07
-4.89042e-08 0.00400296 3.75334e-07
-5.95939e-08 0.00400298 3.91442e-07
-4.89042e-08 0.00400296 3.91442e-07
-5.95939e-08 0.00400298 4.07549e-07
-4.89042e-08 0.00400296 4.07549e-07
-5.95939e-08 0.00400298 4.23657e-07
-4.89042e-08 0.00400296 4.23657e-07
-5.95939e-08 0.00400298 4.39765e-07
-4.89042e-08 0.00400296 4.39765e-07
-5.95939e-08 0.00400298 4.55872e-07
-4.89042e-08 0.00400296 4.55872e-07
-5.95939e-08 0.00400298 4.7198e-07
-4.89042e-08 0.00400296 4.7198e-07
-5.95939e-08 0.00400298 4.88088e-07
-4.89042e-08 0.00400297 4.88088e-07
-5.95939e-08 0.00400298 5.04195e-07
-4.89042e-08 0.00400297 5.04195e-07
-5.95939e-08 0.00400298 5.20303e-07
-4.89042e-08 0.00400297 5.20303e-07
-5.95939e-08 0.00400298 5.36411e-07
-4.89042e-08 0.00400297 5.36411e-07
-5.95939e-08 0.00400298 5.52518e-07
-4.89042e-08 0.00400297 5.52518e-07
-5.95939e-08 0.00400298 5.68626e-07
-4.89042e-08 0.00400297 5.68626e-07
-5.95939e-08 0.00400298 5.84734e-07
-4.89042e-08 0.00400297 5.84734e-07
-5.95939e-08 0.00400298 6.00841e-07
-4.89042e-08 0.00400297 6.00841e-07
-5.95939e-08 0.00400298 6.16949e-07
-4.89042e-08 0.00400297 6.16949e-07
-5.95939e-08 0.00400298 6.33057e-07
-4.89042e-08 0.00400297 6.33057e-07
-5.95939e-08 0.00400298 6.49164e-07
-4.89042e-08 0.00400297 6.49164e-07
-5.95939e-08 0.00400298 6.65272e-07
-4.89042e-08 0.00400297 6.65272e-07
-5.95939e-08 0.00400298 6.8138e-07
-4.89042e-08 0.00400297 6.8138e-07
-5.95939e-08 0.00400298 6.97488e-07
-4.89042e-08 0.00400297 6.97488e-07
-5.95939e-08 0.00400299 7.13595e-07
-4.89042e-08 0.00400297 7.13595e-07
-5.95939e-08 0.00400299 7.29703e-07
-4.89042e-08 0.00400297 7.29703e-07
-5.95939e-08 0.00400299 7.45811e-07
-4.89042e-08 0.00400297 7.45811e-07
-5.95939e-08 0.00400299 7.61918e-07
-4.89042e-08 0.00400297 7.61918e-07
-5.95939e-08 0.00400299 7.78026e-07
-4.89042e-08 0.00400297 7.78026e-07
-5.95939e-08 0.00400299 7.94134e-07
-4.89042e-08 0.00400297 7.94134e-07
-5.95939e-08 0.00400299 8.10241e-07
-4.89042e-08 0.00400297 8.10241e-07
-1.68353e-08 0.0040029 -3.65619e-07
-6.14565e-09 0.00400289 -3.65619e-07
-1.68353e-08 0.0040029 -3.49512e-07
-6.14565e-09 0.00400289 -3.49512e-07
-1.68353e-08 0.0040029 -3.33404e-07
-6.14565e-09 0.00400289 -3.33404e-07
-1.68353e-08 0.0040029 -3.17296e-07
-6.14565e-09 0.00400289 -3.17296e-07
-1.68353e-08 0.0040029 -3.01189e-07
-6.14565e-09 0.00400289 -3.01189e-07
-1.68353e-08 0.0040029 -2.85081e-07
-6.14565e-09 0.00400289 -2.85081e-07
-1.68353e-08 0.0040029 -2.68973e-07
-6.14565e-09 0.00400289 -2.68973e-07
-1.68353e-08 0.0040029 -2.52865e-07
-6.14565e-09 0.00400289 -2.52865e-07
-1.68353e-08 0.0040029 -2.36758e-07
-6.14565e-09 0.00400289 -2.36758e-07
-1.68353e-08 0.0040029 -2.2065e-07
-6.14565e-09 0.00400289 -2.2065e-07
-1.68353e-08 0.0040029 -2.04542e-07
-6.14565e-09 0.00400289 -2.04542e-07
-1.68353e-08 0.0040029 -1.88435e-07
-6.14565e-09 0.00400289 -1.88435e-07
-1.68353e-08 0.00400291 -1.72327e-07
-6.14565e-09 0.00400289 -1.72327e-07
-1.68353e-08 0.00400291 -1.56219e-07
-6.14565e-09 0.00400289 -1.56219e-07
-1.68353e-08 0.00400291 -1.40112e-07
-6.14565e-09 0.00400289 -1.40112e-07
-1.68353e-08 0.00400291 -1.24004e-07
-6.14565e-09 0.00400289 -1.24004e-07
-1.68353e-08 0.00400291 -1.07896e-07
-6.14565e-09 0.00400289 -1.07896e-07
-1.68353e-08 0.00400291 -9.17887e-08
-6.14565e-09 0.00400289 -9.17887e-08
-1.68353e-08 0.00400291 -7.5681e-08
-6.14565e-09 0.00400289 -7.5681e-08
-1.68353e-08 0.00400291 -5.95733e-08
-6.14565e-09 0.00400289 -5.95733e-08
-1.68353e-08 0.00400291 -4.34657e-08
-6.14565e-09 0.00400289 -4.34657e-08
-1.68353e-08 0.00400291 -2.7358e-08
-6.14565e-09 0.00400289 -2.7358e-08
-1.68353e-08 0.00400291 -1.12503e-08
-6.14565e-09 0.00400289 -1.12503e-08
-1.68353e-08 0.00400291 4.85739e-09
-6.14565e-09 0.00400289 4.85739e-09
-1.68353e-08 0.00400291 2.0965e-08
-6.14565e-09 0.00400289 2.0965e-08
-1.68353e-08 0.00400291 3.70727e-08
-6.14565e-09 0.00400289 3.70727e-08
-1.68353e-08 0.00400291 5.31804e-08
-6.14565e-09 0.00400289 5.31804e-08
-1.68353e-08 0.00400291 6.92881e-08
-6.14565e-09 0.00400289 6.92881e-08
-1.68353e-08 0.00400291 8.53958e-08
-6.14565e-09 0.00400289 8.53958e-08
-1.68353e-08 0.00400291 1.01503e-07
-6.14565e-09 0.0040029 1.01503e-07
-1.68353e-08 0.00400291 1.17611e-07
-6.14565e-09 0.0040029 1.17611e-07
-1.68353e-08 0.00400291 1.33719e-07
-6.14565e-09 0.0040029 1.33719e-07
-1.68353e-08 0.00400291 1.49826e-07
-6.14565e-09 0.0040029 1.49826e-07
-1.68353e-08 0.00400291 1.65934e-07
-6.14565e-09 0.0040029 1.65934e-07
-1.68353e-08 0.00400291 1.82042e-07
-6.14565e-09 0.0040029 1.82042e-07
-1.68353e-08 0.00400291 1.9815e-07
-6.14565e-09 0.0040029 1.9815e-07
-1.68353e-08 0.00400291 2.14257e-07
-6.14565e-09 0.0040029 2.14257e-07
-1.68353e-08 0.00400291 2.30365e-07
-6.14565e-09 0.0040029 2.30365e-07
-1.68353e-08 0.00400291 2.46473e-07
-6.14565e-09 0.0040029 2.46473e-07
-1.68353e-08 0.00400291 2.6258e-07
-6.14565e-09 0.0040029 2.6258e-07
-1.68353e-08 0.00400291 2.78688e-07
-6.14565e-09 0.0040029 2.78688e-07
-1.68353e-08 0.00400291 2.94796e-07
-6.14565e-09 0.0040029 2.94796e-07
-1.68353e-08 0.00400291 3.10903e-07
-6.14565e-09 0.0040029 3.10903e-07
-1.68353e-08 0.00400292 3.27011e-07
-6.14565e-09 0.0040029 3.27011e-07
-1.68353e-08 0.00400292 3.43119e-07
-6.14565e-09 0.0040029 3.43119e-07
-1.68353e-08 0.00400292 3.59226e-07
-6.14565e-09 0.0040029 3.59226e-07
-1.68353e-08 0.00400292 3.75334e-07
-6.14565e-09 0.0040029 3.75334e-07
-1.68353e-08 0.00400292 3.91442e-07
-6.14565e-09 0.0040029 3.91442e-07
-1.68353e-08 0.00400292 4.07549e-07
-6.14565e-09 0.0040029 4.07549e-07
-1.68353e-08 0.00400292 4.23657e-07
-6.14565e-09 0.0040029 4.23657e-07
-1.68353e-08 0.00400292 4.39765e-07
-6.14565e-09 0.0040029 4.39765e-07
-1.68353e-08 0.00400292 4.55872e-07
-6.14565e-09 0.0040029 4.55872e-07
-1.68353e-08 0.00400292 4.7198e-07
-6.14565e-09 0.0040029 4.7198e-07
-1.68353e-08 0.00400292 4.88088e-07
-6.14565e-09 0.0040029 4.88088e-07
-1.68353e-08 0.00400292 5.04195e-07
-6.14565e-09 0.0040029 5.04195e-07
-1.68353e-08 0.00400292 5.20303e-07
-6.14565e-09 0.0040029 5.20303e-07
-1.68353e-08 0.00400292 5.36411e-07
-6.14565e-09 0.0040029 5.36411e-07
-1.68353e-08 0.00400292 5.52518e-07
-6.14565e-09 0.0040029 5.52518e-07
-1.68353e-08 0.00400292 5.68626e-07
-6.14565e-09 0.0040029 5.68626e-07
-1.68353e-08 0.00400292 5.84734e-07
-6.14565e-09 0.0040029 5.84734e-07
-1.68353e-08 0.00400292 6.00841e-07
-6.14565e-09 0.0040029 6.00841e-07
-1.68353e-08 0.00400292 6.16949e-07
-6.14565e-09 0.00400291 6.16949e-07
-1.68353e-08 0.00400292 6.33057e-07
-6.14565e-09 0.00400291 6.33057e-07
-1.68353e-08 0.00400292 6.49164e-07
-6.14565e-09 0.00400291 6.49164e-07
-1.68353e-08 0.00400292 6.65272e-07
-6.14565e-09 0.00400291 6.65272e-07
-1.68353e-08 0.00400292 6.8138e-07
-6.14565e-09 0.00400291 6.8138e-07
-1.68353e-08 0.00400292 6.97488e-07
-6.14565e-09 0.00400291 6.97488e-07
-1.68353e-08 0.00400292 7.13595e-07
-6.14565e-09 0.00400291 7.13595e-07
-1.68353e-08 0.00400292 7.29703e-07
-6.14565e-09 0.00400291 7.29703e-07
-1.68353e-08 0.00400292 7.45811e-07
-6.14565e-09 0.00400291 7.45811e-07
-1.68353e-08 0.00400292 7.61918e-07
-6.14565e-09 0.00400291 7.61918e-07
-1.68353e-08 0.00400292 7.78026e-07
-6.14565e-09 0.00400291 7.78026e-07
-1.68353e-08 0.00400292 7.94134e-07
-6.14565e-09 0.00400291 7.94134e-07
-1.68353e-08 0.00400292 8.10241e-07
-6.14565e-09 0.00400291 8.10241e-07
