-8.9222e-08 7.39548e-07 -0.039009
-5.42289e-08 7.39548e-07 -0.0390092
-8.9222e-08 7.13184e-07 -0.0390093
-5.42289e-08 7.13184e-07 -0.0390095
-8.9222e-08 6.86819e-07 -0.0390096
-5.42289e-08 6.86819e-07 -0.0390098
-8.9222e-08 6.60454e-07 -0.0390098
-5.42289e-08 6.60454e-07 -0.0390101
-8.9222e-08 6.3409e-07 -0.0390101
-5.42289e-08 6.3409e-07 -0.0390103
-8.9222e-08 6.07725e-07 -0.0390104
-5.42289e-08 6.07725e-07 -0.0390106
-8.9222e-08 5.8136e-07 -0.0390107
-5.42289e-08 5.8136e-07 -0.0390109
-8.9222e-08 5.54996e-07 -0.039011
-5.42289e-08 5.54996e-07 -0.0390112
-8.9222e-08 5.28631e-07 -0.0390113
-5.42289e-08 5.28631e-07 -0.0390115
-8.9222e-08 5.02267e-07 -0.0390115
-5.42289e-08 5.02267e-07 -0.0390118
-8.9222e-08 4.75902e-07 -0.0390118
-5.42289e-08 4.75902e-07 -0.039012
-8.9222e-08 4.49537e-07 -0.0390121
-5.42289e-08 4.49537e-07 -0.0390123
-8.9222e-08 4.23173e-07 -0.0390124
-5.42289e-08 4.23173e-07 -0.0390126
-8.9222e-08 3.96808e-07 -0.0390127
-5.42289e-08 3.96808e-07 -0.0390129
-8.9222e-08 3.70443e-07 -0.039013
-5.42289e-08 3.70443e-07 -0.0390132
-8.9222e-08 3.44079e-07 -0.0390132
-5.42289e-08 3.44079e-07 -0.0390135
-8.9222e-08 3.17714e-07 -0.0390135
-5.42289e-08 3.17714e-07 -0.0390138
-8.9222e-08 2.91349e-07 -0.0390138
-5.42289e-08 2.91349e-07 -0.039014
-8.9222e-08 2.64985e-07 -0.0390141
-5.42289e-08 2.64985e-07 -0.0390143
-8.9222e-08 2.3862e-07 -0.0390144
-5.42289e-08 2.3862e-07 -0.0390146
-8.9222e-08 2.12255e-07 -0.0390147
-5.42289e-08 2.12255e-07 -0.0390149
-8.9222e-08 1.85891e-07 -0.039015
-5.42289e-08 1.85891e-07 -0.0390152
-8.9222e-08 1.59526e-07 -0.0390152
-5.42289e-08 1.59526e-07 -0.0390155
-8.9222e-08 1.33161e-07 -0.0390155
-5.42289e-08 1.33161e-07 -0.0390157
-8.9222e-08 1.06797e-07 -0.0390158
-5.42289e-08 1.06797e-07 -0.039016
-8.9222e-08 8.04319e-08 -0.0390161
-5.42289e-08 8.04319e-08 -0.0390163
-8.9222e-08 5.40672e-08 -0.0390164
-5.42289e-08 5.40672e-08 -0.0390166
-8.9222e-08 2.77025e-08 -0.0390167
-5.42289e-08 2.77025e-08 -0.0390169
-8.9222e-08 1.33791e-09 -0.0390169
-5.42289e-08 1.33791e-09 -0.0390172
-8.9222e-08 -2.50268e-08 -0.0390172
-5.42289e-08 -2.50268e-08 -0.0390174
-8.9222e-08 -5.13914e-08 -0.0390175
-5.42289e-08 -5.13914e-08 -0.0390177
-8.9222e-08 -7.77561e-08 -0.0390178
-5.42289e-08 -7.77561e-08 -0.039018
-8.9222e-08 -1.04121e-07 -0.0390181
-5.42289e-08 -1.04121e-07 -0.0390183
-8.9222e-08 -1.30485e-07 -0.0390184
-5.42289e-08 -1.30485e-07 -0.0390186
-8.9222e-08 -1.5685e-07 -0.0390186
-5.42289e-08 -1.5685e-07 -0.0390189
-8.9222e-08 -1.83215e-07 -0.0390189
-5.42289e-08 -1.83215e-07 -0.0390191
-8.9222e-08 -2.09579e-07 -0.0390192
-5.42289e-08 -2.09579e-07 -0.0390194
-8.9222e-08 -2.35944e-07 -0.0390195
-5.42289e-08 -2.35944e-07 -0.0390197
-8.9222e-08 -2.62309e-07 -0.0390198
-5.42289e-08 -2.62309e-07 -0.03902
-8.9222e-08 -2.88673e-07 -0.0390201
-5.42289e-08 -2.88673e-07 -0.0390203
-8.9222e-08 -3.15038e-07 -0.0390203
-5.42289e-08 -3.15038e-07 -0.0390206
-8.9222e-08 -3.41403e-07 -0.0390206
-5.42289e-08 -3.41403e-07 -0.0390209
-8.9222e-08 -3.67767e-07 -0.0390209
-5.42289e-08 -3.67767e-07 -0.0390211
-8.9222e-08 -3.94132e-07 -0.0390212
-5.42289e-08 -3.94132e-07 -0.0390214
-8.9222e-08 -4.20497e-07 -0.0390215
-5.42289e-08 -4.20497e-07 -0.0390217
-8.9222e-08 -4.46861e-07 -0.0390218
-5.42289e-08 -4.46861e-07 -0.039022
-8.9222e-08 -4.73226e-07 -0.0390221
-5.42289e-08 -4.73226e-07 -0.0390223
-8.9222e-08 -4.99591e-07 -0.0390223
-5.42289e-08 -4.99591e-07 -0.0390226
-8.9222e-08 -5.25955e-07 -0.0390226
-5.42289e-08 -5.25955e-07 -0.0390228
-8.9222e-08 -5.5232e-07 -0.0390229
-5.42289e-08 -5.5232e-07 -0.0390231
-8.9222e-08 -5.78685e-07 -0.0390232
-5.42289e-08 -5.78685e-07 -0.0390234
-8.9222e-08 -6.05049e-07 -0.0390235
-5.42289e-08 -6.05049e-07 -0.0390237
-8.9222e-08 -6.31414e-07 -0.0390238
-5.42289e-08 -6.31414e-07 -0.039024
-8.9222e-08 -6.57779e-07 -0.039024
-5.42289e-08 -6.57779e-07 -0.0390243
-8.9222e-08 -6.84143e-07 -0.0390243
-5.42289e-08 -6.84143e-07 -0.0390245
-8.9222e-08 -7.10508e-07 -0.0390246
-5.42289e-08 -7.10508e-07 -0.0390248
-8.9222e-08 -7.36873e-07 -0.0390249
-5.42289e-08 -7.36873e-07 -0.0390251
-8.9222e-08 -7.63237e-07 -0.0390252
-5.42289e-08 -7.63237e-07 -0.0390254
-8.9222e-08 -7.89602e-07 -0.0390255
-5.42289e-08 -7.89602e-07 -0.0390257
-8.9222e-08 -8.15967e-07 -0.0390257
-5.42289e-08 -8.15967e-07 -0.039026
-8.9222e-08 -8.42331e-07 -0.039026
-5.42289e-08 -8.42331e-07 -0.0390262
-8.9222e-08 -8.68696e-07 -0.0390263
-5.42289e-08 -8.68696e-07 -0.0390265
-8.9222e-08 -8.95061e-07 -0.0390266
-5.42289e-08 -8.95061e-07 -0.0390268
-8.9222e-08 -9.21425e-07 -0.0390269
-5.42289e-08 -9.21425e-07 -0.0390271
-8.9222e-08 -9.4779e-07 -0.0390272
-5.42289e-08 -9.4779e-07 -0.0390274
-8.9222e-08 -9.74155e-07 -0.0390274
-5.42289e-08 -9.74155e-07 -0.0390277
-8.9222e-08 -1.00052e-06 -0.0390277
-5.42289e-08 -1.00052e-06 -0.039028
-8.9222e-08 -1.02688e-06 -0.039028
-5.42289e-08 -1.02688e-06 -0.0390282
-8.9222e-08 -1.05325e-06 -0.0390283
-5.42289e-08 -1.05325e-06 -0.0390285
-8.9222e-08 -1.07961e-06 -0.0390286
-5.42289e-08 -1.07961e-06 -0.0390288
-8.9222e-08 -1.10598e-06 -0.0390289
-5.42289e-08 -1.10598e-06 -0.0390291
-8.9222e-08 -1.13234e-06 -0.0390292
-5.42289e-08 -1.13234e-06 -0.0390294
-8.9222e-08 -1.15871e-06 -0.0390294
-5.42289e-08 -1.15871e-06 -0.0390297
-8.9222e-08 -1.18507e-06 -0.0390297
-5.42289e-08 -1.18507e-06 -0.0390299
