1.86211e-08 -1.20371e-07 -0.03559
5.35756e-08 -1.20371e-07 -0.0355793
1.86211e-08 -1.46707e-07 -0.0355898
5.35756e-08 -1.46707e-07 -0.0355791
1.86211e-08 -1.73043e-07 -0.0355896
5.35756e-08 -1.73043e-07 -0.0355789
1.86211e-08 -1.99378e-07 -0.0355894
5.35756e-08 -1.99378e-07 -0.0355788
1.86211e-08 -2.25714e-07 -0.0355892
5.35756e-08 -2.25714e-07 -0.0355786
1.86211e-08 -2.52049e-07 -0.035589
5.35756e-08 -2.52049e-07 -0.0355784
1.86211e-08 -2.78385e-07 -0.0355888
5.35756e-08 -2.78385e-07 -0.0355782
1.86211e-08 -3.04721e-07 -0.0355886
5.35756e-08 -3.04721e-07 -0.035578
1.86211e-08 -3.31056e-07 -0.0355884
5.35756e-08 -3.31056e-07 -0.0355778
1.86211e-08 -3.57392e-07 -0.0355883
5.35756e-08 -3.57392e-07 -0.0355776
1.86211e-08 -3.83727e-07 -0.0355881
5.35756e-08 -3.83727e-07 -0.0355774
1.86211e-08 -4.10063e-07 -0.0355879
5.35756e-08 -4.10063e-07 -0.0355772
1.86211e-08 -4.36399e-07 -0.0355877
5.35756e-08 -4.36399e-07 -0.035577
1.86211e-08 -4.62734e-07 -0.0355875
5.35756e-08 -4.62734e-07 -0.0355769
1.86211e-08 -4.8907e-07 -0.0355873
5.35756e-08 -4.8907e-07 -0.0355767
1.86211e-08 -5.15405e-07 -0.0355871
5.35756e-08 -5.15405e-07 -0.0355765
1.86211e-08 -5.41741e-07 -0.0355869
5.35756e-08 -5.41741e-07 -0.0355763
1.86211e-08 -5.68076e-07 -0.0355867
5.35756e-08 -5.68076e-07 -0.0355761
1.86211e-08 -5.94412e-07 -0.0355865
5.35756e-08 -5.94412e-07 -0.0355759
1.86211e-08 -6.20748e-07 -0.0355864
5.35756e-08 -6.20748e-07 -0.0355757
1.86211e-08 -6.47083e-07 -0.0355862
5.35756e-08 -6.47083e-07 -0.0355755
1.86211e-08 -6.73419e-07 -0.035586
5.35756e-08 -6.73419e-07 -0.0355753
1.86211e-08 -6.99754e-07 -0.0355858
5.35756e-08 -6.99754e-07 -0.0355751
1.86211e-08 -7.2609e-07 -0.0355856
5.35756e-08 -7.2609e-07 -0.035575
1.86211e-08 -7.52426e-07 -0.0355854
5.35756e-08 -7.52426e-07 -0.0355748
1.86211e-08 -7.78761e-07 -0.0355852
5.35756e-08 -7.78761e-07 -0.0355746
1.86211e-08 -8.05097e-07 -0.035585
5.35756e-08 -8.05097e-07 -0.0355744
1.86211e-08 -8.31432e-07 -0.0355848
5.35756e-08 -8.31432e-07 -0.0355742
1.86211e-08 -8.57768e-07 -0.0355846
5.35756e-08 -8.57768e-07 -0.035574
1.86211e-08 -8.84104e-07 -0.0355845
5.35756e-08 -8.84104e-07 -0.0355738
1.86211e-08 -9.10439e-07 -0.0355843
5.35756e-08 -9.10439e-07 -0.0355736
1.86211e-08 -9.36775e-07 -0.0355841
5.35756e-08 -9.36775e-07 -0.0355734
1.86211e-08 -9.6311e-07 -0.0355839
5.35756e-08 -9.6311e-07 -0.0355732
1.86211e-08 -9.89446e-07 -0.0355837
5.35756e-08 -9.89446e-07 -0.0355731
1.86211e-08 -1.01578e-06 -0.0355835
5.35756e-08 -1.01578e-06 -0.0355729
1.86211e-08 -1.04212e-06 -0.0355833
5.35756e-08 -1.04212e-06 -0.0355727
1.86211e-08 -1.06845e-06 -0.0355831
5.35756e-08 -1.06845e-06 -0.0355725
1.86211e-08 -1.09479e-06 -0.0355829
5.35756e-08 -1.09479e-06 -0.0355723
1.86211e-08 -1.12112e-06 -0.0355827
5.35756e-08 -1.12112e-06 -0.0355721
1.86211e-08 -1.14746e-06 -0.0355826
5.35756e-08 -1.14746e-06 -0.0355719
1.86211e-08 -1.1738e-06 -0.0355824
5.35756e-08 -1.1738e-06 -0.0355717
1.86211e-08 -1.20013e-06 -0.0355822
5.35756e-08 -1.20013e-06 -0.0355715
1.86211e-08 -1.22647e-06 -0.035582
5.35756e-08 -1.22647e-06 -0.0355713
1.86211e-08 -1.2528e-06 -0.0355818
5.35756e-08 -1.2528e-06 -0.0355712
1.86211e-08 -1.27914e-06 -0.0355816
5.35756e-08 -1.27914e-06 -0.035571
1.86211e-08 -1.30547e-06 -0.0355814
5.35756e-08 -1.30547e-06 -0.0355708
1.86211e-08 -1.33181e-06 -0.0355812
5.35756e-08 -1.33181e-06 -0.0355706
1.86211e-08 -1.35814e-06 -0.035581
5.35756e-08 -1.35814e-06 -0.0355704
1.86211e-08 -1.38448e-06 -0.0355809
5.35756e-08 -1.38448e-06 -0.0355702
1.86211e-08 -1.41082e-06 -0.0355807
5.35756e-08 -1.41082e-06 -0.03557
1.86211e-08 -1.43715e-06 -0.0355805
5.35756e-08 -1.43715e-06 -0.0355698
1.86211e-08 -1.46349e-06 -0.0355803
5.35756e-08 -1.46349e-06 -0.0355696
1.86211e-08 -1.48982e-06 -0.0355801
5.35756e-08 -1.48982e-06 -0.0355694
1.86211e-08 -1.51616e-06 -0.0355799
5.35756e-08 -1.51616e-06 -0.0355693
1.86211e-08 -1.54249e-06 -0.0355797
5.35756e-08 -1.54249e-06 -0.0355691
1.86211e-08 -1.56883e-06 -0.0355795
5.35756e-08 -1.56883e-06 -0.0355689
1.86211e-08 -1.59516e-06 -0.0355793
5.35756e-08 -1.59516e-06 -0.0355687
1.86211e-08 -1.6215e-06 -0.0355791
5.35756e-08 -1.6215e-06 -0.0355685
1.86211e-08 -1.64784e-06 -0.035579
5.35756e-08 -1.64784e-06 -0.0355683
1.86211e-08 -1.67417e-06 -0.0355788
5.35756e-08 -1.67417e-06 -0.0355681
1.86211e-08 -1.70051e-06 -0.0355786
5.35756e-08 -1.70051e-06 -0.0355679
1.86211e-08 -1.72684e-06 -0.0355784
5.35756e-08 -1.72684e-06 -0.0355677
1.86211e-08 -1.75318e-06 -0.0355782
5.35756e-08 -1.75318e-06 -0.0355676
1.86211e-08 -1.77951e-06 -0.035578
5.35756e-08 -1.77951e-06 -0.0355674
1.86211e-08 -1.80585e-06 -0.0355778
5.35756e-08 -1.80585e-06 -0.0355672
1.86211e-08 -1.83218e-06 -0.0355776
5.35756e-08 -1.83218e-06 -0.035567
1.86211e-08 -1.85852e-06 -0.0355774
5.35756e-08 -1.85852e-06 -0.0355668
1.86211e-08 -1.88486e-06 -0.0355772
5.35756e-08 -1.88486e-06 -0.0355666
1.86211e-08 -1.91119e-06 -0.0355771
5.35756e-08 -1.91119e-06 -0.0355664
1.86211e-08 -1.93753e-06 -0.0355769
5.35756e-08 -1.93753e-06 -0.0355662
1.86211e-08 -1.96386e-06 -0.0355767
5.35756e-08 -1.96386e-06 -0.035566
1.86211e-08 -1.9902e-06 -0.0355765
5.35756e-08 -1.9902e-06 -0.0355658
1.86211e-08 -2.01653e-06 -0.0355763
5.35756e-08 -2.01653e-06 -0.0355657
1.86211e-08 -2.04287e-06 -0.0355761
5.35756e-08 -2.04287e-06 -0.0355655
