-4.15828e-06 -2.14325e-05 -0.138094
-4.22457e-06 -2.14325e-05 -0.138035
-4.15828e-06 -2.13825e-05 -0.138094
-4.22457e-06 -2.13825e-05 -0.138035
-4.15828e-06 -2.13326e-05 -0.138094
-4.22457e-06 -2.13326e-05 -0.138035
-4.15828e-06 -2.12826e-05 -0.138094
-4.22457e-06 -2.12826e-05 -0.138035
-4.15828e-06 -2.12327e-05 -0.138094
-4.22457e-06 -2.12327e-05 -0.138034
-4.15828e-06 -2.11827e-05 -0.138094
-4.22457e-06 -2.11827e-05 -0.138034
-4.15828e-06 -2.11328e-05 -0.138093
-4.22457e-06 -2.11328e-05 -0.138034
-4.15828e-06 -2.10828e-05 -0.138093
-4.22457e-06 -2.10828e-05 -0.138034
-4.15828e-06 -2.10329e-05 -0.138093
-4.22457e-06 -2.10329e-05 -0.138034
-4.15828e-06 -2.0983e-05 -0.138093
-4.22457e-06 -2.0983e-05 -0.138034
-4.15828e-06 -2.0933e-05 -0.138093
-4.22457e-06 -2.0933e-05 -0.138033
-4.15828e-06 -2.08831e-05 -0.138093
-4.22457e-06 -2.08831e-05 -0.138033
-4.15828e-06 -2.08331e-05 -0.138092
-4.22457e-06 -2.08331e-05 -0.138033
-4.15828e-06 -2.07832e-05 -0.138092
-4.22457e-06 -2.07832e-05 -0.138033
-4.15828e-06 -2.07332e-05 -0.138092
-4.22457e-06 -2.07332e-05 -0.138033
-4.15828e-06 -2.06833e-05 -0.138092
-4.22457e-06 -2.06833e-05 -0.138033
-4.15828e-06 -2.06333e-05 -0.138092
-4.22457e-06 -2.06333e-05 -0.138032
-4.15828e-06 -2.05834e-05 -0.138092
-4.22457e-06 -2.05834e-05 -0.138032
-4.15828e-06 -2.05334e-05 -0.138091
-4.22457e-06 -2.05334e-05 -0.138032
-4.15828e-06 -2.04835e-05 -0.138091
-4.22457e-06 -2.04835e-05 -0.138032
-4.15828e-06 -2.04335e-05 -0.138091
-4.22457e-06 -2.04335e-05 -0.138032
-4.15828e-06 -2.03836e-05 -0.138091
-4.22457e-06 -2.03836e-05 -0.138032
-4.15828e-06 -2.03337e-05 -0.138091
-4.22457e-06 -2.03337e-05 -0.138031
-4.15828e-06 -2.02837e-05 -0.138091
-4.22457e-06 -2.02837e-05 -0.138031
-4.15828e-06 -2.02338e-05 -0.13809
-4.22457e-06 -2.02338e-05 -0.138031
-4.15828e-06 -2.01838e-05 -0.13809
-4.22457e-06 -2.01838e-05 -0.138031
-4.15828e-06 -2.01339e-05 -0.13809
-4.22457e-06 -2.01339e-05 -0.138031
-4.15828e-06 -2.00839e-05 -0.13809
-4.22457e-06 -2.00839e-05 -0.138031
-4.15828e-06 -2.0034e-05 -0.13809
-4.22457e-06 -2.0034e-05 -0.13803
-4.15828e-06 -1.9984e-05 -0.13809
-4.22457e-06 -1.9984e-05 -0.13803
-4.15828e-06 -1.99341e-05 -0.138089
-4.22457e-06 -1.99341e-05 -0.13803
-4.15828e-06 -1.98841e-05 -0.138089
-4.22457e-06 -1.98841e-05 -0.13803
-4.15828e-06 -1.98342e-05 -0.138089
-4.22457e-06 -1.98342e-05 -0.13803
-4.15828e-06 -1.97842e-05 -0.138089
-4.22457e-06 -1.97842e-05 -0.13803
-4.15828e-06 -1.97343e-05 -0.138089
-4.22457e-06 -1.97343e-05 -0.138029
-4.15828e-06 -1.96844e-05 -0.138089
-4.22457e-06 -1.96844e-05 -0.138029
-4.15828e-06 -1.96344e-05 -0.138088
-4.22457e-06 -1.96344e-05 -0.138029
-4.15828e-06 -1.95845e-05 -0.138088
-4.22457e-06 -1.95845e-05 -0.138029
-4.15828e-06 -1.95345e-05 -0.138088
-4.22457e-06 -1.95345e-05 -0.138029
-4.15828e-06 -1.94846e-05 -0.138088
-4.22457e-06 -1.94846e-05 -0.138029
-4.15828e-06 -1.94346e-05 -0.138088
-4.22457e-06 -1.94346e-05 -0.138028
-4.15828e-06 -1.93847e-05 -0.138088
-4.22457e-06 -1.93847e-05 -0.138028
-4.15828e-06 -1.93347e-05 -0.138087
-4.22457e-06 -1.93347e-05 -0.138028
-4.15828e-06 -1.92848e-05 -0.138087
-4.22457e-06 -1.92848e-05 -0.138028
-4.15828e-06 -1.92348e-05 -0.138087
-4.22457e-06 -1.92348e-05 -0.138028
-4.15828e-06 -1.91849e-05 -0.138087
-4.22457e-06 -1.91849e-05 -0.138027
-4.15828e-06 -1.91349e-05 -0.138087
-4.22457e-06 -1.91349e-05 -0.138027
-4.15828e-06 -1.9085e-05 -0.138087
-4.22457e-06 -1.9085e-05 -0.138027
-4.15828e-06 -1.9035e-05 -0.138086
-4.22457e-06 -1.9035e-05 -0.138027
-4.15828e-06 -1.89851e-05 -0.138086
-4.22457e-06 -1.89851e-05 -0.138027
-4.15828e-06 -1.89352e-05 -0.138086
-4.22457e-06 -1.89352e-05 -0.138027
-4.15828e-06 -1.88852e-05 -0.138086
-4.22457e-06 -1.88852e-05 -0.138026
-4.15828e-06 -1.88353e-05 -0.138086
-4.22457e-06 -1.88353e-05 -0.138026
-4.15828e-06 -1.87853e-05 -0.138086
-4.22457e-06 -1.87853e-05 -0.138026
-4.15828e-06 -1.87354e-05 -0.138085
-4.22457e-06 -1.87354e-05 -0.138026
-4.15828e-06 -1.86854e-05 -0.138085
-4.22457e-06 -1.86854e-05 -0.138026
-4.15828e-06 -1.86355e-05 -0.138085
-4.22457e-06 -1.86355e-05 -0.138026
-4.15828e-06 -1.85855e-05 -0.138085
-4.22457e-06 -1.85855e-05 -0.138025
-4.15828e-06 -1.85356e-05 -0.138085
-4.22457e-06 -1.85356e-05 -0.138025
-4.15828e-06 -1.84856e-05 -0.138085
-4.22457e-06 -1.84856e-05 -0.138025
-4.15828e-06 -1.84357e-05 -0.138084
-4.22457e-06 -1.84357e-05 -0.138025
-4.15828e-06 -1.83857e-05 -0.138084
-4.22457e-06 -1.83857e-05 -0.138025
-4.15828e-06 -1.83358e-05 -0.138084
-4.22457e-06 -1.83358e-05 -0.138025
-4.15828e-06 -1.82859e-05 -0.138084
-4.22457e-06 -1.82859e-05 -0.138024
-4.15828e-06 -1.82359e-05 -0.138084
-4.22457e-06 -1.82359e-05 -0.138024
-4.15828e-06 -1.8186e-05 -0.138084
-4.22457e-06 -1.8186e-05 -0.138024
-4.15828e-06 -1.8136e-05 -0.138083
-4.22457e-06 -1.8136e-05 -0.138024
-4.15828e-06 -1.80861e-05 -0.138083
-4.22457e-06 -1.80861e-05 -0.138024
-4.15828e-06 -1.80361e-05 -0.138083
-4.22457e-06 -1.80361e-05 -0.138024
-4.15828e-06 -1.79862e-05 -0.138083
-4.22457e-06 -1.79862e-05 -0.138023
-4.15828e-06 -1.79362e-05 -0.138083
-4.22457e-06 -1.79362e-05 -0.138023
-4.15828e-06 -1.78863e-05 -0.138083
-4.22457e-06 -1.78863e-05 -0.138023
-4.15828e-06 -1.78363e-05 -0.138082
-4.22457e-06 -1.78363e-05 -0.138023
-4.15828e-06 -1.77864e-05 -0.138082
-4.22457e-06 -1.77864e-05 -0.138023
