3.68988e-06 -5.21774e-06 -0.15322
3.53126e-06 -5.21774e-06 -0.153233
3.68988e-06 -5.09823e-06 -0.153221
3.53126e-06 -5.09823e-06 -0.153234
3.68988e-06 -4.97872e-06 -0.153223
3.53126e-06 -4.97872e-06 -0.153236
3.68988e-06 -4.8592e-06 -0.153225
3.53126e-06 -4.8592e-06 -0.153238
3.68988e-06 -4.73969e-06 -0.153226
3.53126e-06 -4.73969e-06 -0.153239
3.68988e-06 -4.62018e-06 -0.153228
3.53126e-06 -4.62018e-06 -0.153241
3.68988e-06 -4.50067e-06 -0.15323
3.53126e-06 -4.50067e-06 -0.153243
3.68988e-06 -4.38115e-06 -0.153231
3.53126e-06 -4.38115e-06 -0.153244
3.68988e-06 -4.26164e-06 -0.153233
3.53126e-06 -4.26164e-06 -0.153246
3.68988e-06 -4.14213e-06 -0.153235
3.53126e-06 -4.14213e-06 -0.153248
3.68988e-06 -4.02262e-06 -0.153237
3.53126e-06 -4.02262e-06 -0.15325
3.68988e-06 -3.9031e-06 -0.153238
3.53126e-06 -3.9031e-06 -0.153251
3.68988e-06 -3.78359e-06 -0.15324
3.53126e-06 -3.78359e-06 -0.153253
3.68988e-06 -3.66408e-06 -0.153242
3.53126e-06 -3.66408e-06 -0.153255
3.68988e-06 -3.54457e-06 -0.153243
3.53126e-06 -3.54457e-06 -0.153256
3.68988e-06 -3.42505e-06 -0.153245
3.53126e-06 -3.42505e-06 -0.153258
3.68988e-06 -3.30554e-06 -0.153247
3.53126e-06 -3.30554e-06 -0.15326
3.68988e-06 -3.18603e-06 -0.153249
3.53126e-06 -3.18603e-06 -0.153262
3.68988e-06 -3.06652e-06 -0.15325
3.53126e-06 -3.06652e-06 -0.153263
3.68988e-06 -2.947e-06 -0.153252
3.53126e-06 -2.947e-06 -0.153265
3.68988e-06 -2.82749e-06 -0.153254
3.53126e-06 -2.82749e-06 -0.153267
3.68988e-06 -2.70798e-06 -0.153255
3.53126e-06 -2.70798e-06 -0.153268
3.68988e-06 -2.58847e-06 -0.153257
3.53126e-06 -2.58847e-06 -0.15327
3.68988e-06 -2.46895e-06 -0.153259
3.53126e-06 -2.46895e-06 -0.153272
3.68988e-06 -2.34944e-06 -0.15326
3.53126e-06 -2.34944e-06 -0.153273
3.68988e-06 -2.22993e-06 -0.153262
3.53126e-06 -2.22993e-06 -0.153275
3.68988e-06 -2.11042e-06 -0.153264
3.53126e-06 -2.11042e-06 -0.153277
3.68988e-06 -1.9909e-06 -0.153266
3.53126e-06 -1.9909e-06 -0.153279
3.68988e-06 -1.87139e-06 -0.153267
3.53126e-06 -1.87139e-06 -0.15328
3.68988e-06 -1.75188e-06 -0.153269
3.53126e-06 -1.75188e-06 -0.153282
3.68988e-06 -1.63237e-06 -0.153271
3.53126e-06 -1.63237e-06 -0.153284
3.68988e-06 -1.51285e-06 -0.153272
3.53126e-06 -1.51285e-06 -0.153285
3.68988e-06 -1.39334e-06 -0.153274
3.53126e-06 -1.39334e-06 -0.153287
3.68988e-06 -1.27383e-06 -0.153276
3.53126e-06 -1.27383e-06 -0.153289
3.68988e-06 -1.15432e-06 -0.153278
3.53126e-06 -1.15432e-06 -0.153291
3.68988e-06 -1.0348e-06 -0.153279
3.53126e-06 -1.0348e-06 -0.153292
3.68988e-06 -9.1529e-07 -0.153281
3.53126e-06 -9.1529e-07 -0.153294
3.68988e-06 -7.95778e-07 -0.153283
3.53126e-06 -7.95778e-07 -0.153296
3.68988e-06 -6.76265e-07 -0.153284
3.53126e-06 -6.76265e-07 -0.153297
3.68988e-06 -5.56753e-07 -0.153286
3.53126e-06 -5.56753e-07 -0.153299
3.68988e-06 -4.3724e-07 -0.153288
3.53126e-06 -4.3724e-07 -0.153301
3.68988e-06 -3.17728e-07 -0.153289
3.53126e-06 -3.17728e-07 -0.153302
3.68988e-06 -1.98215e-07 -0.153291
3.53126e-06 -1.98215e-07 -0.153304
3.68988e-06 -7.87028e-08 -0.153293
3.53126e-06 -7.87028e-08 -0.153306
3.68988e-06 4.08099e-08 -0.153295
3.53126e-06 4.08099e-08 -0.153308
3.68988e-06 1.60323e-07 -0.153296
3.53126e-06 1.60323e-07 -0.153309
3.68988e-06 2.79835e-07 -0.153298
3.53126e-06 2.79835e-07 -0.153311
3.68988e-06 3.99347e-07 -0.1533
3.53126e-06 3.99347e-07 -0.153313
3.68988e-06 5.1886e-07 -0.153301
3.53126e-06 5.1886e-07 -0.153314
3.68988e-06 6.38373e-07 -0.153303
3.53126e-06 6.38373e-07 -0.153316
3.68988e-06 7.57885e-07 -0.153305
3.53126e-06 7.57885e-07 -0.153318
3.68988e-06 8.77397e-07 -0.153307
3.53126e-06 8.77397e-07 -0.15332
3.68988e-06 9.9691e-07 -0.153308
3.53126e-06 9.9691e-07 -0.153321
3.68988e-06 1.11642e-06 -0.15331
3.53126e-06 1.11642e-06 -0.153323
3.68988e-06 1.23594e-06 -0.153312
3.53126e-06 1.23594e-06 -0.153325
3.68988e-06 1.35545e-06 -0.153313
3.53126e-06 1.35545e-06 -0.153326
3.68988e-06 1.47496e-06 -0.153315
3.53126e-06 1.47496e-06 -0.153328
3.68988e-06 1.59447e-06 -0.153317
3.53126e-06 1.59447e-06 -0.15333
3.68988e-06 1.71399e-06 -0.153318
3.53126e-06 1.71399e-06 -0.153331
3.68988e-06 1.8335e-06 -0.15332
3.53126e-06 1.8335e-06 -0.153333
3.68988e-06 1.95301e-06 -0.153322
3.53126e-06 1.95301e-06 -0.153335
3.68988e-06 2.07252e-06 -0.153324
3.53126e-06 2.07252e-06 -0.153337
3.68988e-06 2.19204e-06 -0.153325
3.53126e-06 2.19204e-06 -0.153338
3.68988e-06 2.31155e-06 -0.153327
3.53126e-06 2.31155e-06 -0.15334
3.68988e-06 2.43106e-06 -0.153329
3.53126e-06 2.43106e-06 -0.153342
3.68988e-06 2.55057e-06 -0.15333
3.53126e-06 2.55057e-06 -0.153343
3.68988e-06 2.67009e-06 -0.153332
3.53126e-06 2.67009e-06 -0.153345
3.68988e-06 2.7896e-06 -0.153334
3.53126e-06 2.7896e-06 -0.153347
3.68988e-06 2.90911e-06 -0.153336
3.53126e-06 2.90911e-06 -0.153349
3.68988e-06 3.02862e-06 -0.153337
3.53126e-06 3.02862e-06 -0.15335
3.68988e-06 3.14814e-06 -0.153339
3.53126e-06 3.14814e-06 -0.153352
3.68988e-06 3.26765e-06 -0.153341
3.53126e-06 3.26765e-06 -0.153354
3.68988e-06 3.38716e-06 -0.153342
3.53126e-06 3.38716e-06 -0.153355
3.68988e-06 3.50667e-06 -0.153344
3.53126e-06 3.50667e-06 -0.153357
