5.52441e-08 -2.47969e-07 -0.00224811
5.77958e-08 -2.47969e-07 -0.00224704
5.52441e-08 -2.49892e-07 -0.00224808
5.77958e-08 -2.49892e-07 -0.00224701
5.52441e-08 -2.51814e-07 -0.00224806
5.77958e-08 -2.51814e-07 -0.00224698
5.52441e-08 -2.53737e-07 -0.00224803
5.77958e-08 -2.53737e-07 -0.00224696
5.52441e-08 -2.55659e-07 -0.002248
5.77958e-08 -2.55659e-07 -0.00224693
5.52441e-08 -2.57582e-07 -0.00224797
5.77958e-08 -2.57582e-07 -0.0022469
5.52441e-08 -2.59504e-07 -0.00224794
5.77958e-08 -2.59504e-07 -0.00224687
5.52441e-08 -2.61427e-07 -0.00224791
5.77958e-08 -2.61427e-07 -0.00224684
5.52441e-08 -2.63349e-07 -0.00224789
5.77958e-08 -2.63349e-07 -0.00224682
5.52441e-08 -2.65272e-07 -0.00224786
5.77958e-08 -2.65272e-07 -0.00224679
5.52441e-08 -2.67194e-07 -0.00224783
5.77958e-08 -2.67194e-07 -0.00224676
5.52441e-08 -2.69117e-07 -0.0022478
5.77958e-08 -2.69117e-07 -0.00224673
5.52441e-08 -2.71039e-07 -0.00224777
5.77958e-08 -2.71039e-07 -0.0022467
5.52441e-08 -2.72962e-07 -0.00224775
5.77958e-08 -2.72962e-07 -0.00224667
5.52441e-08 -2.74884e-07 -0.00224772
5.77958e-08 -2.74884e-07 -0.00224665
5.52441e-08 -2.76807e-07 -0.00224769
5.77958e-08 -2.76807e-07 -0.00224662
5.52441e-08 -2.78729e-07 -0.00224766
5.77958e-08 -2.78729e-07 -0.00224659
5.52441e-08 -2.80652e-07 -0.00224763
5.77958e-08 -2.80652e-07 -0.00224656
5.52441e-08 -2.82574e-07 -0.00224761
5.77958e-08 -2.82574e-07 -0.00224653
5.52441e-08 -2.84497e-07 -0.00224758
5.77958e-08 -2.84497e-07 -0.00224651
5.52441e-08 -2.86419e-07 -0.00224755
5.77958e-08 -2.86419e-07 -0.00224648
5.52441e-08 -2.88342e-07 -0.00224752
5.77958e-08 -2.88342e-07 -0.00224645
5.52441e-08 -2.90264e-07 -0.00224749
5.77958e-08 -2.90264e-07 -0.00224642
5.52441e-08 -2.92187e-07 -0.00224746
5.77958e-08 -2.92187e-07 -0.00224639
5.52441e-08 -2.94109e-07 -0.00224744
5.77958e-08 -2.94109e-07 -0.00224636
5.52441e-08 -2.96032e-07 -0.00224741
5.77958e-08 -2.96032e-07 -0.00224634
5.52441e-08 -2.97954e-07 -0.00224738
5.77958e-08 -2.97954e-07 -0.00224631
5.52441e-08 -2.99877e-07 -0.00224735
5.77958e-08 -2.99877e-07 -0.00224628
5.52441e-08 -3.01799e-07 -0.00224732
5.77958e-08 -3.01799e-07 -0.00224625
5.52441e-08 -3.03722e-07 -0.0022473
5.77958e-08 -3.03722e-07 -0.00224622
5.52441e-08 -3.05644e-07 -0.00224727
5.77958e-08 -3.05644e-07 -0.0022462
5.52441e-08 -3.07567e-07 -0.00224724
5.77958e-08 -3.07567e-07 -0.00224617
5.52441e-08 -3.09489e-07 -0.00224721
5.77958e-08 -3.09489e-07 -0.00224614
5.52441e-08 -3.11412e-07 -0.00224718
5.77958e-08 -3.11412e-07 -0.00224611
5.52441e-08 -3.13334e-07 -0.00224715
5.77958e-08 -3.13334e-07 -0.00224608
5.52441e-08 -3.15257e-07 -0.00224713
5.77958e-08 -3.15257e-07 -0.00224606
5.52441e-08 -3.1718e-07 -0.0022471
5.77958e-08 -3.1718e-07 -0.00224603
5.52441e-08 -3.19102e-07 -0.00224707
5.77958e-08 -3.19102e-07 -0.002246
5.52441e-08 -3.21025e-07 -0.00224704
5.77958e-08 -3.21025e-07 -0.00224597
5.52441e-08 -3.22947e-07 -0.00224701
5.77958e-08 -3.22947e-07 -0.00224594
5.52441e-08 -3.2487e-07 -0.00224699
5.77958e-08 -3.2487e-07 -0.00224591
5.52441e-08 -3.26792e-07 -0.00224696
5.77958e-08 -3.26792e-07 -0.00224589
5.52441e-08 -3.28715e-07 -0.00224693
5.77958e-08 -3.28715e-07 -0.00224586
5.52441e-08 -3.30637e-07 -0.0022469
5.77958e-08 -3.30637e-07 -0.00224583
5.52441e-08 -3.3256e-07 -0.00224687
5.77958e-08 -3.3256e-07 -0.0022458
5.52441e-08 -3.34482e-07 -0.00224685
5.77958e-08 -3.34482e-07 -0.00224577
5.52441e-08 -3.36405e-07 -0.00224682
5.77958e-08 -3.36405e-07 -0.00224575
5.52441e-08 -3.38327e-07 -0.00224679
5.77958e-08 -3.38327e-07 -0.00224572
5.52441e-08 -3.4025e-07 -0.00224676
5.77958e-08 -3.4025e-07 -0.00224569
5.52441e-08 -3.42172e-07 -0.00224673
5.77958e-08 -3.42172e-07 -0.00224566
5.52441e-08 -3.44095e-07 -0.0022467
5.77958e-08 -3.44095e-07 -0.00224563
5.52441e-08 -3.46017e-07 -0.00224668
5.77958e-08 -3.46017e-07 -0.0022456
5.52441e-08 -3.4794e-07 -0.00224665
5.77958e-08 -3.4794e-07 -0.00224558
5.52441e-08 -3.49862e-07 -0.00224662
5.77958e-08 -3.49862e-07 -0.00224555
5.52441e-08 -3.51785e-07 -0.00224659
5.77958e-08 -3.51785e-07 -0.00224552
5.52441e-08 -3.53707e-07 -0.00224656
5.77958e-08 -3.53707e-07 -0.00224549
5.52441e-08 -3.5563e-07 -0.00224654
5.77958e-08 -3.5563e-07 -0.00224546
5.52441e-08 -3.57552e-07 -0.00224651
5.77958e-08 -3.57552e-07 -0.00224544
5.52441e-08 -3.59475e-07 -0.00224648
5.77958e-08 -3.59475e-07 -0.00224541
5.52441e-08 -3.61397e-07 -0.00224645
5.77958e-08 -3.61397e-07 -0.00224538
5.52441e-08 -3.6332e-07 -0.00224642
5.77958e-08 -3.6332e-07 -0.00224535
5.52441e-08 -3.65242e-07 -0.00224639
5.77958e-08 -3.65242e-07 -0.00224532
5.52441e-08 -3.67165e-07 -0.00224637
5.77958e-08 -3.67165e-07 -0.0022453
5.52441e-08 -3.69087e-07 -0.00224634
5.77958e-08 -3.69087e-07 -0.00224527
5.52441e-08 -3.7101e-07 -0.00224631
5.77958e-08 -3.7101e-07 -0.00224524
5.52441e-08 -3.72932e-07 -0.00224628
5.77958e-08 -3.72932e-07 -0.00224521
5.52441e-08 -3.74855e-07 -0.00224625
5.77958e-08 -3.74855e-07 -0.00224518
5.52441e-08 -3.76777e-07 -0.00224623
5.77958e-08 -3.76777e-07 -0.00224515
5.52441e-08 -3.787e-07 -0.0022462
5.77958e-08 -3.787e-07 -0.00224513
5.52441e-08 -3.80622e-07 -0.00224617
5.77958e-08 -3.80622e-07 -0.0022451
5.52441e-08 -3.82545e-07 -0.00224614
5.77958e-08 -3.82545e-07 -0.00224507
5.52441e-08 -3.84467e-07 -0.00224611
5.77958e-08 -3.84467e-07 -0.00224504
5.52441e-08 -3.8639e-07 -0.00224609
5.77958e-08 -3.8639e-07 -0.00224501
5.52441e-08 -3.88312e-07 -0.00224606
5.77958e-08 -3.88312e-07 -0.00224499
