1.17197e-08 -0.00400141 8.49235e-07
1.17197e-08 -0.00400143 3.00012e-07
2.66985e-08 -0.00400143 8.49235e-07
2.66985e-08 -0.00400145 3.00012e-07
1.17197e-08 -0.00400141 8.41711e-07
1.17197e-08 -0.00400141 8.34188e-07
1.17197e-08 -0.00400141 8.26664e-07
1.17197e-08 -0.00400141 8.19141e-07
1.17197e-08 -0.00400141 8.11617e-07
1.17197e-08 -0.00400141 8.04093e-07
1.17197e-08 -0.00400141 7.9657e-07
1.17197e-08 -0.00400141 7.89046e-07
1.17197e-08 -0.00400141 7.81523e-07
1.17197e-08 -0.00400141 7.73999e-07
1.17197e-08 -0.00400141 7.66475e-07
1.17197e-08 -0.00400141 7.58952e-07
1.17197e-08 -0.00400141 7.51428e-07
1.17197e-08 -0.00400141 7.43905e-07
1.17197e-08 -0.00400141 7.36381e-07
1.17197e-08 -0.00400141 7.28857e-07
1.17197e-08 -0.00400141 7.21334e-07
1.17197e-08 -0.00400141 7.1381e-07
1.17197e-08 -0.00400141 7.06287e-07
1.17197e-08 -0.00400141 6.98763e-07
1.17197e-08 -0.00400141 6.91239e-07
1.17197e-08 -0.00400142 6.83716e-07
1.17197e-08 -0.00400142 6.76192e-07
1.17197e-08 -0.00400142 6.68669e-07
1.17197e-08 -0.00400142 6.61145e-07
1.17197e-08 -0.00400142 6.53621e-07
1.17197e-08 -0.00400142 6.46098e-07
1.17197e-08 -0.00400142 6.38574e-07
1.17197e-08 -0.00400142 6.31051e-07
1.17197e-08 -0.00400142 6.23527e-07
1.17197e-08 -0.00400142 6.16003e-07
1.17197e-08 -0.00400142 6.0848e-07
1.17197e-08 -0.00400142 6.00956e-07
1.17197e-08 -0.00400142 5.93433e-07
1.17197e-08 -0.00400142 5.85909e-07
1.17197e-08 -0.00400142 5.78385e-07
1.17197e-08 -0.00400142 5.70862e-07
1.17197e-08 -0.00400142 5.63338e-07
1.17197e-08 -0.00400142 5.55815e-07
1.17197e-08 -0.00400142 5.48291e-07
1.17197e-08 -0.00400142 5.40767e-07
1.17197e-08 -0.00400142 5.33244e-07
1.17197e-08 -0.00400142 5.2572e-07
1.17197e-08 -0.00400142 5.18197e-07
1.17197e-08 -0.00400142 5.10673e-07
1.17197e-08 -0.00400142 5.03149e-07
1.17197e-08 -0.00400142 4.95626e-07
1.17197e-08 -0.00400142 4.88102e-07
1.17197e-08 -0.00400142 4.80579e-07
1.17197e-08 -0.00400142 4.73055e-07
1.17197e-08 -0.00400142 4.65531e-07
1.17197e-08 -0.00400142 4.58008e-07
1.17197e-08 -0.00400142 4.50484e-07
1.17197e-08 -0.00400142 4.42961e-07
1.17197e-08 -0.00400142 4.35437e-07
1.17197e-08 -0.00400142 4.27913e-07
1.17197e-08 -0.00400142 4.2039e-07
1.17197e-08 -0.00400142 4.12866e-07
1.17197e-08 -0.00400143 4.05343e-07
1.17197e-08 -0.00400143 3.97819e-07
1.17197e-08 -0.00400143 3.90295e-07
1.17197e-08 -0.00400143 3.82772e-07
1.17197e-08 -0.00400143 3.75248e-07
1.17197e-08 -0.00400143 3.67725e-07
1.17197e-08 -0.00400143 3.60201e-07
1.17197e-08 -0.00400143 3.52677e-07
1.17197e-08 -0.00400143 3.45154e-07
1.17197e-08 -0.00400143 3.3763e-07
1.17197e-08 -0.00400143 3.30107e-07
1.17197e-08 -0.00400143 3.22583e-07
1.17197e-08 -0.00400143 3.15059e-07
1.17197e-08 -0.00400143 3.07536e-07
1.92091e-08 -0.00400144 3.00012e-07
1.92091e-08 -0.00400142 8.49235e-07
2.66985e-08 -0.00400145 3.07536e-07
2.66985e-08 -0.00400145 3.15059e-07
2.66985e-08 -0.00400145 3.22583e-07
2.66985e-08 -0.00400145 3.30107e-07
2.66985e-08 -0.00400145 3.3763e-07
2.66985e-08 -0.00400145 3.45154e-07
2.66985e-08 -0.00400145 3.52677e-07
2.66985e-08 -0.00400145 3.60201e-07
2.66985e-08 -0.00400145 3.67725e-07
2.66985e-08 -0.00400145 3.75248e-07
2.66985e-08 -0.00400145 3.82772e-07
2.66985e-08 -0.00400145 3.90295e-07
2.66985e-08 -0.00400145 3.97819e-07
2.66985e-08 -0.00400145 4.05343e-07
2.66985e-08 -0.00400144 4.12866e-07
2.66985e-08 -0.00400144 4.2039e-07
2.66985e-08 -0.00400144 4.27913e-07
2.66985e-08 -0.00400144 4.35437e-07
2.66985e-08 -0.00400144 4.42961e-07
2.66985e-08 -0.00400144 4.50484e-07
2.66985e-08 -0.00400144 4.58008e-07
2.66985e-08 -0.00400144 4.65531e-07
2.66985e-08 -0.00400144 4.73055e-07
2.66985e-08 -0.00400144 4.80579e-07
2.66985e-08 -0.00400144 4.88102e-07
2.66985e-08 -0.00400144 4.95626e-07
2.66985e-08 -0.00400144 5.03149e-07
2.66985e-08 -0.00400144 5.10673e-07
2.66985e-08 -0.00400144 5.18197e-07
2.66985e-08 -0.00400144 5.2572e-07
2.66985e-08 -0.00400144 5.33244e-07
2.66985e-08 -0.00400144 5.40767e-07
2.66985e-08 -0.00400144 5.48291e-07
2.66985e-08 -0.00400144 5.55815e-07
2.66985e-08 -0.00400144 5.63338e-07
2.66985e-08 -0.00400144 5.70862e-07
2.66985e-08 -0.00400144 5.78385e-07
2.66985e-08 -0.00400144 5.85909e-07
2.66985e-08 -0.00400144 5.93433e-07
2.66985e-08 -0.00400144 6.00956e-07
2.66985e-08 -0.00400144 6.0848e-07
2.66985e-08 -0.00400144 6.16003e-07
2.66985e-08 -0.00400144 6.23527e-07
2.66985e-08 -0.00400144 6.31051e-07
2.66985e-08 -0.00400144 6.38574e-07
2.66985e-08 -0.00400144 6.46098e-07
2.66985e-08 -0.00400144 6.53621e-07
2.66985e-08 -0.00400144 6.61145e-07
2.66985e-08 -0.00400144 6.68669e-07
2.66985e-08 -0.00400144 6.76192e-07
2.66985e-08 -0.00400144 6.83716e-07
2.66985e-08 -0.00400143 6.91239e-07
2.66985e-08 -0.00400143 6.98763e-07
2.66985e-08 -0.00400143 7.06287e-07
2.66985e-08 -0.00400143 7.1381e-07
2.66985e-08 -0.00400143 7.21334e-07
2.66985e-08 -0.00400143 7.28857e-07
2.66985e-08 -0.00400143 7.36381e-07
2.66985e-08 -0.00400143 7.43905e-07
2.66985e-08 -0.00400143 7.51428e-07
2.66985e-08 -0.00400143 7.58952e-07
2.66985e-08 -0.00400143 7.66475e-07
2.66985e-08 -0.00400143 7.73999e-07
2.66985e-08 -0.00400143 7.81523e-07
2.66985e-08 -0.00400143 7.89046e-07
2.66985e-08 -0.00400143 7.9657e-07
2.66985e-08 -0.00400143 8.04093e-07
2.66985e-08 -0.00400143 8.11617e-07
2.66985e-08 -0.00400143 8.19141e-07
2.66985e-08 -0.00400143 8.26664e-07
2.66985e-08 -0.00400143 8.34188e-07
2.66985e-08 -0.00400143 8.41711e-07
1.92091e-08 -0.00400144 3.07536e-07
1.92091e-08 -0.00400144 3.15059e-07
1.92091e-08 -0.00400144 3.22583e-07
1.92091e-08 -0.00400144 3.30107e-07
1.92091e-08 -0.00400144 3.3763e-07
1.92091e-08 -0.00400144 3.45154e-07
1.92091e-08 -0.00400144 3.52677e-07
1.92091e-08 -0.00400144 3.60201e-07
1.92091e-08 -0.00400144 3.67725e-07
1.92091e-08 -0.00400144 3.75248e-07
1.92091e-08 -0.00400144 3.82772e-07
1.92091e-08 -0.00400144 3.90295e-07
1.92091e-08 -0.00400144 3.97819e-07
1.92091e-08 -0.00400143 4.05343e-07
1.92091e-08 -0.00400143 4.12866e-07
1.92091e-08 -0.00400143 4.2039e-07
1.92091e-08 -0.00400143 4.27913e-07
1.92091e-08 -0.00400143 4.35437e-07
1.92091e-08 -0.00400143 4.42961e-07
1.92091e-08 -0.00400143 4.50484e-07
1.92091e-08 -0.00400143 4.58008e-07
1.92091e-08 -0.00400143 4.65531e-07
1.92091e-08 -0.00400143 4.73055e-07
1.92091e-08 -0.00400143 4.80579e-07
1.92091e-08 -0.00400143 4.88102e-07
1.92091e-08 -0.00400143 4.95626e-07
1.92091e-08 -0.00400143 5.03149e-07
1.92091e-08 -0.00400143 5.10673e-07
1.92091e-08 -0.00400143 5.18197e-07
1.92091e-08 -0.00400143 5.2572e-07
1.92091e-08 -0.00400143 5.33244e-07
1.92091e-08 -0.00400143 5.40767e-07
1.92091e-08 -0.00400143 5.48291e-07
1.92091e-08 -0.00400143 5.55815e-07
1.92091e-08 -0.00400143 5.63338e-07
1.92091e-08 -0.00400143 5.70862e-07
1.92091e-08 -0.00400143 5.78385e-07
1.92091e-08 -0.00400143 5.85909e-07
1.92091e-08 -0.00400143 5.93433e-07
1.92091e-08 -0.00400143 6.00956e-07
1.92091e-08 -0.00400143 6.0848e-07
1.92091e-08 -0.00400143 6.16003e-07
1.92091e-08 -0.00400143 6.23527e-07
1.92091e-08 -0.00400143 6.31051e-07
1.92091e-08 -0.00400143 6.38574e-07
1.92091e-08 -0.00400143 6.46098e-07
1.92091e-08 -0.00400143 6.53621e-07
1.92091e-08 -0.00400143 6.61145e-07
1.92091e-08 -0.00400143 6.68669e-07
1.92091e-08 -0.00400143 6.76192e-07
1.92091e-08 -0.00400143 6.83716e-07
1.92091e-08 -0.00400143 6.91239e-07
1.92091e-08 -0.00400142 6.98763e-07
1.92091e-08 -0.00400142 7.06287e-07
1.92091e-08 -0.00400142 7.1381e-07
1.92091e-08 -0.00400142 7.21334e-07
1.92091e-08 -0.00400142 7.28857e-07
1.92091e-08 -0.00400142 7.36381e-07
1.92091e-08 -0.00400142 7.43905e-07
1.92091e-08 -0.00400142 7.51428e-07
1.92091e-08 -0.00400142 7.58952e-07
1.92091e-08 -0.00400142 7.66475e-07
1.92091e-08 -0.00400142 7.73999e-07
1.92091e-08 -0.00400142 7.81523e-07
1.92091e-08 -0.00400142 7.89046e-07
1.92091e-08 -0.00400142 7.9657e-07
1.92091e-08 -0.00400142 8.04093e-07
1.92091e-08 -0.00400142 8.11617e-07
1.92091e-08 -0.00400142 8.19141e-07
1.92091e-08 -0.00400142 8.26664e-07
1.92091e-08 -0.00400142 8.34188e-07
1.92091e-08 -0.00400142 8.41711e-07
3.16914e-08 -0.00400144 8.49235e-07
2.66985e-08 -0.00400143 8.49235e-07
3.16914e-08 -0.00400144 8.41711e-07
2.66985e-08 -0.00400143 8.41711e-07
3.16914e-08 -0.00400144 8.34188e-07
2.66985e-08 -0.00400143 8.34188e-07
3.16914e-08 -0.00400144 8.26664e-07
2.66985e-08 -0.00400143 8.26664e-07
3.16914e-08 -0.00400144 8.19141e-07
2.66985e-08 -0.00400143 8.19141e-07
3.16914e-08 -0.00400144 8.11617e-07
2.66985e-08 -0.00400143 8.11617e-07
3.16914e-08 -0.00400144 8.04093e-07
2.66985e-08 -0.00400143 8.04093e-07
3.16914e-08 -0.00400144 7.9657e-07
2.66985e-08 -0.00400143 7.9657e-07
3.16914e-08 -0.00400144 7.89046e-07
2.66985e-08 -0.00400143 7.89046e-07
3.16914e-08 -0.00400144 7.81523e-07
2.66985e-08 -0.00400143 7.81523e-07
3.16914e-08 -0.00400144 7.73999e-07
2.66985e-08 -0.00400143 7.73999e-07
3.16914e-08 -0.00400144 7.66475e-07
2.66985e-08 -0.00400143 7.66475e-07
3.16914e-08 -0.00400144 7.58952e-07
2.66985e-08 -0.00400143 7.58952e-07
3.16914e-08 -0.00400144 7.51428e-07
2.66985e-08 -0.00400143 7.51428e-07
3.16914e-08 -0.00400144 7.43905e-07
2.66985e-08 -0.00400143 7.43905e-07
3.16914e-08 -0.00400144 7.36381e-07
2.66985e-08 -0.00400143 7.36381e-07
3.16914e-08 -0.00400144 7.28857e-07
2.66985e-08 -0.00400143 7.28857e-07
3.16914e-08 -0.00400144 7.21334e-07
2.66985e-08 -0.00400143 7.21334e-07
3.16914e-08 -0.00400144 7.1381e-07
2.66985e-08 -0.00400143 7.1381e-07
3.16914e-08 -0.00400144 7.06287e-07
2.66985e-08 -0.00400143 7.06287e-07
3.16914e-08 -0.00400144 6.98763e-07
2.66985e-08 -0.00400143 6.98763e-07
3.16914e-08 -0.00400144 6.91239e-07
2.66985e-08 -0.00400143 6.91239e-07
3.16914e-08 -0.00400144 6.83716e-07
2.66985e-08 -0.00400144 6.83716e-07
3.16914e-08 -0.00400144 6.76192e-07
2.66985e-08 -0.00400144 6.76192e-07
3.16914e-08 -0.00400144 6.68669e-07
2.66985e-08 -0.00400144 6.68669e-07
3.16914e-08 -0.00400144 6.61145e-07
2.66985e-08 -0.00400144 6.61145e-07
3.16914e-08 -0.00400144 6.53621e-07
2.66985e-08 -0.00400144 6.53621e-07
3.16914e-08 -0.00400144 6.46098e-07
2.66985e-08 -0.00400144 6.46098e-07
3.16914e-08 -0.00400144 6.38574e-07
2.66985e-08 -0.00400144 6.38574e-07
3.16914e-08 -0.00400144 6.31051e-07
2.66985e-08 -0.00400144 6.31051e-07
3.16914e-08 -0.00400144 6.23527e-07
2.66985e-08 -0.00400144 6.23527e-07
3.16914e-08 -0.00400144 6.16003e-07
2.66985e-08 -0.00400144 6.16003e-07
3.16914e-08 -0.00400144 6.0848e-07
2.66985e-08 -0.00400144 6.0848e-07
3.16914e-08 -0.00400144 6.00956e-07
2.66985e-08 -0.00400144 6.00956e-07
3.16914e-08 -0.00400145 5.93433e-07
2.66985e-08 -0.00400144 5.93433e-07
3.16914e-08 -0.00400145 5.85909e-07
2.66985e-08 -0.00400144 5.85909e-07
3.16914e-08 -0.00400145 5.78385e-07
2.66985e-08 -0.00400144 5.78385e-07
3.16914e-08 -0.00400145 5.70862e-07
2.66985e-08 -0.00400144 5.70862e-07
3.16914e-08 -0.00400145 5.63338e-07
2.66985e-08 -0.00400144 5.63338e-07
3.16914e-08 -0.00400145 5.55815e-07
2.66985e-08 -0.00400144 5.55815e-07
3.16914e-08 -0.00400145 5.48291e-07
2.66985e-08 -0.00400144 5.48291e-07
3.16914e-08 -0.00400145 5.40767e-07
2.66985e-08 -0.00400144 5.40767e-07
3.16914e-08 -0.00400145 5.33244e-07
2.66985e-08 -0.00400144 5.33244e-07
3.16914e-08 -0.00400145 5.2572e-07
2.66985e-08 -0.00400144 5.2572e-07
3.16914e-08 -0.00400145 5.18197e-07
2.66985e-08 -0.00400144 5.18197e-07
3.16914e-08 -0.00400145 5.10673e-07
2.66985e-08 -0.00400144 5.10673e-07
3.16914e-08 -0.00400145 5.03149e-07
2.66985e-08 -0.00400144 5.03149e-07
3.16914e-08 -0.00400145 4.95626e-07
2.66985e-08 -0.00400144 4.95626e-07
3.16914e-08 -0.00400145 4.88102e-07
2.66985e-08 -0.00400144 4.88102e-07
3.16914e-08 -0.00400145 4.80579e-07
2.66985e-08 -0.00400144 4.80579e-07
3.16914e-08 -0.00400145 4.73055e-07
2.66985e-08 -0.00400144 4.73055e-07
3.16914e-08 -0.00400145 4.65531e-07
2.66985e-08 -0.00400144 4.65531e-07
3.16914e-08 -0.00400145 4.58008e-07
2.66985e-08 -0.00400144 4.58008e-07
3.16914e-08 -0.00400145 4.50484e-07
2.66985e-08 -0.00400144 4.50484e-07
3.16914e-08 -0.00400145 4.42961e-07
2.66985e-08 -0.00400144 4.42961e-07
3.16914e-08 -0.00400145 4.35437e-07
2.66985e-08 -0.00400144 4.35437e-07
3.16914e-08 -0.00400145 4.27913e-07
2.66985e-08 -0.00400144 4.27913e-07
3.16914e-08 -0.00400145 4.2039e-07
2.66985e-08 -0.00400144 4.2039e-07
3.16914e-08 -0.00400145 4.12866e-07
2.66985e-08 -0.00400144 4.12866e-07
3.16914e-08 -0.00400145 4.05343e-07
2.66985e-08 -0.00400145 4.05343e-07
3.16914e-08 -0.00400145 3.97819e-07
2.66985e-08 -0.00400145 3.97819e-07
3.16914e-08 -0.00400145 3.90295e-07
2.66985e-08 -0.00400145 3.90295e-07
3.16914e-08 -0.00400145 3.82772e-07
2.66985e-08 -0.00400145 3.82772e-07
3.16914e-08 -0.00400145 3.75248e-07
2.66985e-08 -0.00400145 3.75248e-07
3.16914e-08 -0.00400145 3.67725e-07
2.66985e-08 -0.00400145 3.67725e-07
3.16914e-08 -0.00400145 3.60201e-07
2.66985e-08 -0.00400145 3.60201e-07
3.16914e-08 -0.00400145 3.52677e-07
2.66985e-08 -0.00400145 3.52677e-07
3.16914e-08 -0.00400145 3.45154e-07
2.66985e-08 -0.00400145 3.45154e-07
3.16914e-08 -0.00400145 3.3763e-07
2.66985e-08 -0.00400145 3.3763e-07
3.16914e-08 -0.00400145 3.30107e-07
2.66985e-08 -0.00400145 3.30107e-07
3.16914e-08 -0.00400145 3.22583e-07
2.66985e-08 -0.00400145 3.22583e-07
3.16914e-08 -0.00400145 3.15059e-07
2.66985e-08 -0.00400145 3.15059e-07
3.16914e-08 -0.00400145 3.07536e-07
2.66985e-08 -0.00400145 3.07536e-07
3.16914e-08 -0.00400146 3.00012e-07
2.66985e-08 -0.00400145 3.00012e-07
1.17197e-08 -0.00400141 8.49235e-07
6.72674e-09 -0.0040014 8.49235e-07
1.17197e-08 -0.00400141 8.41711e-07
6.72674e-09 -0.0040014 8.41711e-07
1.17197e-08 -0.00400141 8.34188e-07
6.72674e-09 -0.0040014 8.34188e-07
1.17197e-08 -0.00400141 8.26664e-07
6.72674e-09 -0.0040014 8.26664e-07
1.17197e-08 -0.00400141 8.19141e-07
6.72674e-09 -0.0040014 8.19141e-07
1.17197e-08 -0.00400141 8.11617e-07
6.72674e-09 -0.0040014 8.11617e-07
1.17197e-08 -0.00400141 8.04093e-07
6.72674e-09 -0.0040014 8.04093e-07
1.17197e-08 -0.00400141 7.9657e-07
6.72674e-09 -0.0040014 7.9657e-07
1.17197e-08 -0.00400141 7.89046e-07
6.72674e-09 -0.00400141 7.89046e-07
1.17197e-08 -0.00400141 7.81523e-07
6.72674e-09 -0.00400141 7.81523e-07
1.17197e-08 -0.00400141 7.73999e-07
6.72674e-09 -0.00400141 7.73999e-07
1.17197e-08 -0.00400141 7.66475e-07
6.72674e-09 -0.00400141 7.66475e-07
1.17197e-08 -0.00400141 7.58952e-07
6.72674e-09 -0.00400141 7.58952e-07
1.17197e-08 -0.00400141 7.51428e-07
6.72674e-09 -0.00400141 7.51428e-07
1.17197e-08 -0.00400141 7.43905e-07
6.72674e-09 -0.00400141 7.43905e-07
1.17197e-08 -0.00400141 7.36381e-07
6.72674e-09 -0.00400141 7.36381e-07
1.17197e-08 -0.00400141 7.28857e-07
6.72674e-09 -0.00400141 7.28857e-07
1.17197e-08 -0.00400141 7.21334e-07
6.72674e-09 -0.00400141 7.21334e-07
1.17197e-08 -0.00400141 7.1381e-07
6.72674e-09 -0.00400141 7.1381e-07
1.17197e-08 -0.00400141 7.06287e-07
6.72674e-09 -0.00400141 7.06287e-07
1.17197e-08 -0.00400141 6.98763e-07
6.72674e-09 -0.00400141 6.98763e-07
1.17197e-08 -0.00400141 6.91239e-07
6.72674e-09 -0.00400141 6.91239e-07
1.17197e-08 -0.00400142 6.83716e-07
6.72674e-09 -0.00400141 6.83716e-07
1.17197e-08 -0.00400142 6.76192e-07
6.72674e-09 -0.00400141 6.76192e-07
1.17197e-08 -0.00400142 6.68669e-07
6.72674e-09 -0.00400141 6.68669e-07
1.17197e-08 -0.00400142 6.61145e-07
6.72674e-09 -0.00400141 6.61145e-07
1.17197e-08 -0.00400142 6.53621e-07
6.72674e-09 -0.00400141 6.53621e-07
1.17197e-08 -0.00400142 6.46098e-07
6.72674e-09 -0.00400141 6.46098e-07
1.17197e-08 -0.00400142 6.38574e-07
6.72674e-09 -0.00400141 6.38574e-07
1.17197e-08 -0.00400142 6.31051e-07
6.72674e-09 -0.00400141 6.31051e-07
1.17197e-08 -0.00400142 6.23527e-07
6.72674e-09 -0.00400141 6.23527e-07
1.17197e-08 -0.00400142 6.16003e-07
6.72674e-09 -0.00400141 6.16003e-07
1.17197e-08 -0.00400142 6.0848e-07
6.72674e-09 -0.00400141 6.0848e-07
1.17197e-08 -0.00400142 6.00956e-07
6.72674e-09 -0.00400141 6.00956e-07
1.17197e-08 -0.00400142 5.93433e-07
6.72674e-09 -0.00400141 5.93433e-07
1.17197e-08 -0.00400142 5.85909e-07
6.72674e-09 -0.00400141 5.85909e-07
1.17197e-08 -0.00400142 5.78385e-07
6.72674e-09 -0.00400141 5.78385e-07
1.17197e-08 -0.00400142 5.70862e-07
6.72674e-09 -0.00400141 5.70862e-07
1.17197e-08 -0.00400142 5.63338e-07
6.72674e-09 -0.00400141 5.63338e-07
1.17197e-08 -0.00400142 5.55815e-07
6.72674e-09 -0.00400141 5.55815e-07
1.17197e-08 -0.00400142 5.48291e-07
6.72674e-09 -0.00400141 5.48291e-07
1.17197e-08 -0.00400142 5.40767e-07
6.72674e-09 -0.00400141 5.40767e-07
1.17197e-08 -0.00400142 5.33244e-07
6.72674e-09 -0.00400141 5.33244e-07
1.17197e-08 -0.00400142 5.2572e-07
6.72674e-09 -0.00400141 5.2572e-07
1.17197e-08 -0.00400142 5.18197e-07
6.72674e-09 -0.00400141 5.18197e-07
1.17197e-08 -0.00400142 5.10673e-07
6.72674e-09 -0.00400141 5.10673e-07
1.17197e-08 -0.00400142 5.03149e-07
6.72674e-09 -0.00400141 5.03149e-07
1.17197e-08 -0.00400142 4.95626e-07
6.72674e-09 -0.00400142 4.95626e-07
1.17197e-08 -0.00400142 4.88102e-07
6.72674e-09 -0.00400142 4.88102e-07
1.17197e-08 -0.00400142 4.80579e-07
6.72674e-09 -0.00400142 4.80579e-07
1.17197e-08 -0.00400142 4.73055e-07
6.72674e-09 -0.00400142 4.73055e-07
1.17197e-08 -0.00400142 4.65531e-07
6.72674e-09 -0.00400142 4.65531e-07
1.17197e-08 -0.00400142 4.58008e-07
6.72674e-09 -0.00400142 4.58008e-07
1.17197e-08 -0.00400142 4.50484e-07
6.72674e-09 -0.00400142 4.50484e-07
1.17197e-08 -0.00400142 4.42961e-07
6.72674e-09 -0.00400142 4.42961e-07
1.17197e-08 -0.00400142 4.35437e-07
6.72674e-09 -0.00400142 4.35437e-07
1.17197e-08 -0.00400142 4.27913e-07
6.72674e-09 -0.00400142 4.27913e-07
1.17197e-08 -0.00400142 4.2039e-07
6.72674e-09 -0.00400142 4.2039e-07
1.17197e-08 -0.00400142 4.12866e-07
6.72674e-09 -0.00400142 4.12866e-07
1.17197e-08 -0.00400143 4.05343e-07
6.72674e-09 -0.00400142 4.05343e-07
1.17197e-08 -0.00400143 3.97819e-07
6.72674e-09 -0.00400142 3.97819e-07
1.17197e-08 -0.00400143 3.90295e-07
6.72674e-09 -0.00400142 3.90295e-07
1.17197e-08 -0.00400143 3.82772e-07
6.72674e-09 -0.00400142 3.82772e-07
1.17197e-08 -0.00400143 3.75248e-07
6.72674e-09 -0.00400142 3.75248e-07
1.17197e-08 -0.00400143 3.67725e-07
6.72674e-09 -0.00400142 3.67725e-07
1.17197e-08 -0.00400143 3.60201e-07
6.72674e-09 -0.00400142 3.60201e-07
1.17197e-08 -0.00400143 3.52677e-07
6.72674e-09 -0.00400142 3.52677e-07
1.17197e-08 -0.00400143 3.45154e-07
6.72674e-09 -0.00400142 3.45154e-07
1.17197e-08 -0.00400143 3.3763e-07
6.72674e-09 -0.00400142 3.3763e-07
1.17197e-08 -0.00400143 3.30107e-07
6.72674e-09 -0.00400142 3.30107e-07
1.17197e-08 -0.00400143 3.22583e-07
6.72674e-09 -0.00400142 3.22583e-07
1.17197e-08 -0.00400143 3.15059e-07
6.72674e-09 -0.00400142 3.15059e-07
1.17197e-08 -0.00400143 3.07536e-07
6.72674e-09 -0.00400142 3.07536e-07
1.17197e-08 -0.00400143 3.00012e-07
6.72674e-09 -0.00400142 3.00012e-07
