8.98828e-08 -0.00400446 -3.47907e-07
8.98828e-08 -0.0040046 -8.97532e-08
8.28422e-08 -0.00400447 -3.47907e-07
8.28422e-08 -0.0040046 -8.97532e-08
8.98828e-08 -0.00400446 -3.44371e-07
8.98828e-08 -0.00400447 -3.40835e-07
8.98828e-08 -0.00400447 -3.37298e-07
8.98828e-08 -0.00400447 -3.33762e-07
8.98828e-08 -0.00400447 -3.30225e-07
8.98828e-08 -0.00400447 -3.26689e-07
8.98828e-08 -0.00400448 -3.23153e-07
8.98828e-08 -0.00400448 -3.19616e-07
8.98828e-08 -0.00400448 -3.1608e-07
8.98828e-08 -0.00400448 -3.12544e-07
8.98828e-08 -0.00400448 -3.09007e-07
8.98828e-08 -0.00400448 -3.05471e-07
8.98828e-08 -0.00400449 -3.01935e-07
8.98828e-08 -0.00400449 -2.98398e-07
8.98828e-08 -0.00400449 -2.94862e-07
8.98828e-08 -0.00400449 -2.91326e-07
8.98828e-08 -0.00400449 -2.87789e-07
8.98828e-08 -0.0040045 -2.84253e-07
8.98828e-08 -0.0040045 -2.80716e-07
8.98828e-08 -0.0040045 -2.7718e-07
8.98828e-08 -0.0040045 -2.73644e-07
8.98828e-08 -0.0040045 -2.70107e-07
8.98828e-08 -0.0040045 -2.66571e-07
8.98828e-08 -0.00400451 -2.63035e-07
8.98828e-08 -0.00400451 -2.59498e-07
8.98828e-08 -0.00400451 -2.55962e-07
8.98828e-08 -0.00400451 -2.52426e-07
8.98828e-08 -0.00400451 -2.48889e-07
8.98828e-08 -0.00400452 -2.45353e-07
8.98828e-08 -0.00400452 -2.41817e-07
8.98828e-08 -0.00400452 -2.3828e-07
8.98828e-08 -0.00400452 -2.34744e-07
8.98828e-08 -0.00400452 -2.31207e-07
8.98828e-08 -0.00400453 -2.27671e-07
8.98828e-08 -0.00400453 -2.24135e-07
8.98828e-08 -0.00400453 -2.20598e-07
8.98828e-08 -0.00400453 -2.17062e-07
8.98828e-08 -0.00400453 -2.13526e-07
8.98828e-08 -0.00400453 -2.09989e-07
8.98828e-08 -0.00400454 -2.06453e-07
8.98828e-08 -0.00400454 -2.02917e-07
8.98828e-08 -0.00400454 -1.9938e-07
8.98828e-08 -0.00400454 -1.95844e-07
8.98828e-08 -0.00400454 -1.92308e-07
8.98828e-08 -0.00400455 -1.88771e-07
8.98828e-08 -0.00400455 -1.85235e-07
8.98828e-08 -0.00400455 -1.81698e-07
8.98828e-08 -0.00400455 -1.78162e-07
8.98828e-08 -0.00400455 -1.74626e-07
8.98828e-08 -0.00400455 -1.71089e-07
8.98828e-08 -0.00400456 -1.67553e-07
8.98828e-08 -0.00400456 -1.64017e-07
8.98828e-08 -0.00400456 -1.6048e-07
8.98828e-08 -0.00400456 -1.56944e-07
8.98828e-08 -0.00400456 -1.53408e-07
8.98828e-08 -0.00400457 -1.49871e-07
8.98828e-08 -0.00400457 -1.46335e-07
8.98828e-08 -0.00400457 -1.42799e-07
8.98828e-08 -0.00400457 -1.39262e-07
8.98828e-08 -0.00400457 -1.35726e-07
8.98828e-08 -0.00400458 -1.32189e-07
8.98828e-08 -0.00400458 -1.28653e-07
8.98828e-08 -0.00400458 -1.25117e-07
8.98828e-08 -0.00400458 -1.2158e-07
8.98828e-08 -0.00400458 -1.18044e-07
8.98828e-08 -0.00400458 -1.14508e-07
8.98828e-08 -0.00400459 -1.10971e-07
8.98828e-08 -0.00400459 -1.07435e-07
8.98828e-08 -0.00400459 -1.03899e-07
8.98828e-08 -0.00400459 -1.00362e-07
8.98828e-08 -0.00400459 -9.68259e-08
8.98828e-08 -0.0040046 -9.32896e-08
8.63625e-08 -0.0040046 -8.97532e-08
8.63625e-08 -0.00400446 -3.47907e-07
8.28422e-08 -0.0040046 -9.32896e-08
8.28422e-08 -0.0040046 -9.68259e-08
8.28422e-08 -0.0040046 -1.00362e-07
8.28422e-08 -0.00400459 -1.03899e-07
8.28422e-08 -0.00400459 -1.07435e-07
8.28422e-08 -0.00400459 -1.10971e-07
8.28422e-08 -0.00400459 -1.14508e-07
8.28422e-08 -0.00400459 -1.18044e-07
8.28422e-08 -0.00400458 -1.2158e-07
8.28422e-08 -0.00400458 -1.25117e-07
8.28422e-08 -0.00400458 -1.28653e-07
8.28422e-08 -0.00400458 -1.32189e-07
8.28422e-08 -0.00400458 -1.35726e-07
8.28422e-08 -0.00400458 -1.39262e-07
8.28422e-08 -0.00400457 -1.42799e-07
8.28422e-08 -0.00400457 -1.46335e-07
8.28422e-08 -0.00400457 -1.49871e-07
8.28422e-08 -0.00400457 -1.53408e-07
8.28422e-08 -0.00400457 -1.56944e-07
8.28422e-08 -0.00400456 -1.6048e-07
8.28422e-08 -0.00400456 -1.64017e-07
8.28422e-08 -0.00400456 -1.67553e-07
8.28422e-08 -0.00400456 -1.71089e-07
8.28422e-08 -0.00400456 -1.74626e-07
8.28422e-08 -0.00400455 -1.78162e-07
8.28422e-08 -0.00400455 -1.81698e-07
8.28422e-08 -0.00400455 -1.85235e-07
8.28422e-08 -0.00400455 -1.88771e-07
8.28422e-08 -0.00400455 -1.92308e-07
8.28422e-08 -0.00400455 -1.95844e-07
8.28422e-08 -0.00400454 -1.9938e-07
8.28422e-08 -0.00400454 -2.02917e-07
8.28422e-08 -0.00400454 -2.06453e-07
8.28422e-08 -0.00400454 -2.09989e-07
8.28422e-08 -0.00400454 -2.13526e-07
8.28422e-08 -0.00400453 -2.17062e-07
8.28422e-08 -0.00400453 -2.20598e-07
8.28422e-08 -0.00400453 -2.24135e-07
8.28422e-08 -0.00400453 -2.27671e-07
8.28422e-08 -0.00400453 -2.31207e-07
8.28422e-08 -0.00400453 -2.34744e-07
8.28422e-08 -0.00400452 -2.3828e-07
8.28422e-08 -0.00400452 -2.41817e-07
8.28422e-08 -0.00400452 -2.45353e-07
8.28422e-08 -0.00400452 -2.48889e-07
8.28422e-08 -0.00400452 -2.52426e-07
8.28422e-08 -0.00400451 -2.55962e-07
8.28422e-08 -0.00400451 -2.59498e-07
8.28422e-08 -0.00400451 -2.63035e-07
8.28422e-08 -0.00400451 -2.66571e-07
8.28422e-08 -0.00400451 -2.70107e-07
8.28422e-08 -0.0040045 -2.73644e-07
8.28422e-08 -0.0040045 -2.7718e-07
8.28422e-08 -0.0040045 -2.80716e-07
8.28422e-08 -0.0040045 -2.84253e-07
8.28422e-08 -0.0040045 -2.87789e-07
8.28422e-08 -0.0040045 -2.91326e-07
8.28422e-08 -0.00400449 -2.94862e-07
8.28422e-08 -0.00400449 -2.98398e-07
8.28422e-08 -0.00400449 -3.01935e-07
8.28422e-08 -0.00400449 -3.05471e-07
8.28422e-08 -0.00400449 -3.09007e-07
8.28422e-08 -0.00400448 -3.12544e-07
8.28422e-08 -0.00400448 -3.1608e-07
8.28422e-08 -0.00400448 -3.19616e-07
8.28422e-08 -0.00400448 -3.23153e-07
8.28422e-08 -0.00400448 -3.26689e-07
8.28422e-08 -0.00400448 -3.30225e-07
8.28422e-08 -0.00400447 -3.33762e-07
8.28422e-08 -0.00400447 -3.37298e-07
8.28422e-08 -0.00400447 -3.40835e-07
8.28422e-08 -0.00400447 -3.44371e-07
8.63625e-08 -0.0040046 -9.32896e-08
8.63625e-08 -0.0040046 -9.68259e-08
8.63625e-08 -0.00400459 -1.00362e-07
8.63625e-08 -0.00400459 -1.03899e-07
8.63625e-08 -0.00400459 -1.07435e-07
8.63625e-08 -0.00400459 -1.10971e-07
8.63625e-08 -0.00400459 -1.14508e-07
8.63625e-08 -0.00400458 -1.18044e-07
8.63625e-08 -0.00400458 -1.2158e-07
8.63625e-08 -0.00400458 -1.25117e-07
8.63625e-08 -0.00400458 -1.28653e-07
8.63625e-08 -0.00400458 -1.32189e-07
8.63625e-08 -0.00400458 -1.35726e-07
8.63625e-08 -0.00400457 -1.39262e-07
8.63625e-08 -0.00400457 -1.42799e-07
8.63625e-08 -0.00400457 -1.46335e-07
8.63625e-08 -0.00400457 -1.49871e-07
8.63625e-08 -0.00400457 -1.53408e-07
8.63625e-08 -0.00400456 -1.56944e-07
8.63625e-08 -0.00400456 -1.6048e-07
8.63625e-08 -0.00400456 -1.64017e-07
8.63625e-08 -0.00400456 -1.67553e-07
8.63625e-08 -0.00400456 -1.71089e-07
8.63625e-08 -0.00400455 -1.74626e-07
8.63625e-08 -0.00400455 -1.78162e-07
8.63625e-08 -0.00400455 -1.81698e-07
8.63625e-08 -0.00400455 -1.85235e-07
8.63625e-08 -0.00400455 -1.88771e-07
8.63625e-08 -0.00400455 -1.92308e-07
8.63625e-08 -0.00400454 -1.95844e-07
8.63625e-08 -0.00400454 -1.9938e-07
8.63625e-08 -0.00400454 -2.02917e-07
8.63625e-08 -0.00400454 -2.06453e-07
8.63625e-08 -0.00400454 -2.09989e-07
8.63625e-08 -0.00400453 -2.13526e-07
8.63625e-08 -0.00400453 -2.17062e-07
8.63625e-08 -0.00400453 -2.20598e-07
8.63625e-08 -0.00400453 -2.24135e-07
8.63625e-08 -0.00400453 -2.27671e-07
8.63625e-08 -0.00400453 -2.31207e-07
8.63625e-08 -0.00400452 -2.34744e-07
8.63625e-08 -0.00400452 -2.3828e-07
8.63625e-08 -0.00400452 -2.41817e-07
8.63625e-08 -0.00400452 -2.45353e-07
8.63625e-08 -0.00400452 -2.48889e-07
8.63625e-08 -0.00400451 -2.52426e-07
8.63625e-08 -0.00400451 -2.55962e-07
8.63625e-08 -0.00400451 -2.59498e-07
8.63625e-08 -0.00400451 -2.63035e-07
8.63625e-08 -0.00400451 -2.66571e-07
8.63625e-08 -0.0040045 -2.70107e-07
8.63625e-08 -0.0040045 -2.73644e-07
8.63625e-08 -0.0040045 -2.7718e-07
8.63625e-08 -0.0040045 -2.80716e-07
8.63625e-08 -0.0040045 -2.84253e-07
8.63625e-08 -0.0040045 -2.87789e-07
8.63625e-08 -0.00400449 -2.91326e-07
8.63625e-08 -0.00400449 -2.94862e-07
8.63625e-08 -0.00400449 -2.98398e-07
8.63625e-08 -0.00400449 -3.01935e-07
8.63625e-08 -0.00400449 -3.05471e-07
8.63625e-08 -0.00400448 -3.09007e-07
8.63625e-08 -0.00400448 -3.12544e-07
8.63625e-08 -0.00400448 -3.1608e-07
8.63625e-08 -0.00400448 -3.19616e-07
8.63625e-08 -0.00400448 -3.23153e-07
8.63625e-08 -0.00400448 -3.26689e-07
8.63625e-08 -0.00400447 -3.30225e-07
8.63625e-08 -0.00400447 -3.33762e-07
8.63625e-08 -0.00400447 -3.37298e-07
8.63625e-08 -0.00400447 -3.40835e-07
8.63625e-08 -0.00400447 -3.44371e-07
8.04954e-08 -0.00400447 -3.47907e-07
8.28422e-08 -0.00400447 -3.47907e-07
8.04954e-08 -0.00400447 -3.44371e-07
8.28422e-08 -0.00400447 -3.44371e-07
8.04954e-08 -0.00400447 -3.40835e-07
8.28422e-08 -0.00400447 -3.40835e-07
8.04954e-08 -0.00400447 -3.37298e-07
8.28422e-08 -0.00400447 -3.37298e-07
8.04954e-08 -0.00400447 -3.33762e-07
8.28422e-08 -0.00400447 -3.33762e-07
8.04954e-08 -0.00400448 -3.30225e-07
8.28422e-08 -0.00400448 -3.30225e-07
8.04954e-08 -0.00400448 -3.26689e-07
8.28422e-08 -0.00400448 -3.26689e-07
8.04954e-08 -0.00400448 -3.23153e-07
8.28422e-08 -0.00400448 -3.23153e-07
8.04954e-08 -0.00400448 -3.19616e-07
8.28422e-08 -0.00400448 -3.19616e-07
8.04954e-08 -0.00400448 -3.1608e-07
8.28422e-08 -0.00400448 -3.1608e-07
8.04954e-08 -0.00400449 -3.12544e-07
8.28422e-08 -0.00400448 -3.12544e-07
8.04954e-08 -0.00400449 -3.09007e-07
8.28422e-08 -0.00400449 -3.09007e-07
8.04954e-08 -0.00400449 -3.05471e-07
8.28422e-08 -0.00400449 -3.05471e-07
8.04954e-08 -0.00400449 -3.01935e-07
8.28422e-08 -0.00400449 -3.01935e-07
8.04954e-08 -0.00400449 -2.98398e-07
8.28422e-08 -0.00400449 -2.98398e-07
8.04954e-08 -0.0040045 -2.94862e-07
8.28422e-08 -0.00400449 -2.94862e-07
8.04954e-08 -0.0040045 -2.91326e-07
8.28422e-08 -0.0040045 -2.91326e-07
8.04954e-08 -0.0040045 -2.87789e-07
8.28422e-08 -0.0040045 -2.87789e-07
8.04954e-08 -0.0040045 -2.84253e-07
8.28422e-08 -0.0040045 -2.84253e-07
8.04954e-08 -0.0040045 -2.80716e-07
8.28422e-08 -0.0040045 -2.80716e-07
8.04954e-08 -0.0040045 -2.7718e-07
8.28422e-08 -0.0040045 -2.7718e-07
8.04954e-08 -0.00400451 -2.73644e-07
8.28422e-08 -0.0040045 -2.73644e-07
8.04954e-08 -0.00400451 -2.70107e-07
8.28422e-08 -0.00400451 -2.70107e-07
8.04954e-08 -0.00400451 -2.66571e-07
8.28422e-08 -0.00400451 -2.66571e-07
8.04954e-08 -0.00400451 -2.63035e-07
8.28422e-08 -0.00400451 -2.63035e-07
8.04954e-08 -0.00400451 -2.59498e-07
8.28422e-08 -0.00400451 -2.59498e-07
8.04954e-08 -0.00400452 -2.55962e-07
8.28422e-08 -0.00400451 -2.55962e-07
8.04954e-08 -0.00400452 -2.52426e-07
8.28422e-08 -0.00400452 -2.52426e-07
8.04954e-08 -0.00400452 -2.48889e-07
8.28422e-08 -0.00400452 -2.48889e-07
8.04954e-08 -0.00400452 -2.45353e-07
8.28422e-08 -0.00400452 -2.45353e-07
8.04954e-08 -0.00400452 -2.41817e-07
8.28422e-08 -0.00400452 -2.41817e-07
8.04954e-08 -0.00400452 -2.3828e-07
8.28422e-08 -0.00400452 -2.3828e-07
8.04954e-08 -0.00400453 -2.34744e-07
8.28422e-08 -0.00400453 -2.34744e-07
8.04954e-08 -0.00400453 -2.31207e-07
8.28422e-08 -0.00400453 -2.31207e-07
8.04954e-08 -0.00400453 -2.27671e-07
8.28422e-08 -0.00400453 -2.27671e-07
8.04954e-08 -0.00400453 -2.24135e-07
8.28422e-08 -0.00400453 -2.24135e-07
8.04954e-08 -0.00400453 -2.20598e-07
8.28422e-08 -0.00400453 -2.20598e-07
8.04954e-08 -0.00400454 -2.17062e-07
8.28422e-08 -0.00400453 -2.17062e-07
8.04954e-08 -0.00400454 -2.13526e-07
8.28422e-08 -0.00400454 -2.13526e-07
8.04954e-08 -0.00400454 -2.09989e-07
8.28422e-08 -0.00400454 -2.09989e-07
8.04954e-08 -0.00400454 -2.06453e-07
8.28422e-08 -0.00400454 -2.06453e-07
8.04954e-08 -0.00400454 -2.02917e-07
8.28422e-08 -0.00400454 -2.02917e-07
8.04954e-08 -0.00400455 -1.9938e-07
8.28422e-08 -0.00400454 -1.9938e-07
8.04954e-08 -0.00400455 -1.95844e-07
8.28422e-08 -0.00400455 -1.95844e-07
8.04954e-08 -0.00400455 -1.92308e-07
8.28422e-08 -0.00400455 -1.92308e-07
8.04954e-08 -0.00400455 -1.88771e-07
8.28422e-08 -0.00400455 -1.88771e-07
8.04954e-08 -0.00400455 -1.85235e-07
8.28422e-08 -0.00400455 -1.85235e-07
8.04954e-08 -0.00400455 -1.81698e-07
8.28422e-08 -0.00400455 -1.81698e-07
8.04954e-08 -0.00400456 -1.78162e-07
8.28422e-08 -0.00400455 -1.78162e-07
8.04954e-08 -0.00400456 -1.74626e-07
8.28422e-08 -0.00400456 -1.74626e-07
8.04954e-08 -0.00400456 -1.71089e-07
8.28422e-08 -0.00400456 -1.71089e-07
8.04954e-08 -0.00400456 -1.67553e-07
8.28422e-08 -0.00400456 -1.67553e-07
8.04954e-08 -0.00400456 -1.64017e-07
8.28422e-08 -0.00400456 -1.64017e-07
8.04954e-08 -0.00400457 -1.6048e-07
8.28422e-08 -0.00400456 -1.6048e-07
8.04954e-08 -0.00400457 -1.56944e-07
8.28422e-08 -0.00400457 -1.56944e-07
8.04954e-08 -0.00400457 -1.53408e-07
8.28422e-08 -0.00400457 -1.53408e-07
8.04954e-08 -0.00400457 -1.49871e-07
8.28422e-08 -0.00400457 -1.49871e-07
8.04954e-08 -0.00400457 -1.46335e-07
8.28422e-08 -0.00400457 -1.46335e-07
8.04954e-08 -0.00400457 -1.42799e-07
8.28422e-08 -0.00400457 -1.42799e-07
8.04954e-08 -0.00400458 -1.39262e-07
8.28422e-08 -0.00400458 -1.39262e-07
8.04954e-08 -0.00400458 -1.35726e-07
8.28422e-08 -0.00400458 -1.35726e-07
8.04954e-08 -0.00400458 -1.32189e-07
8.28422e-08 -0.00400458 -1.32189e-07
8.04954e-08 -0.00400458 -1.28653e-07
8.28422e-08 -0.00400458 -1.28653e-07
8.04954e-08 -0.00400458 -1.25117e-07
8.28422e-08 -0.00400458 -1.25117e-07
8.04954e-08 -0.00400459 -1.2158e-07
8.28422e-08 -0.00400458 -1.2158e-07
8.04954e-08 -0.00400459 -1.18044e-07
8.28422e-08 -0.00400459 -1.18044e-07
8.04954e-08 -0.00400459 -1.14508e-07
8.28422e-08 -0.00400459 -1.14508e-07
8.04954e-08 -0.00400459 -1.10971e-07
8.28422e-08 -0.00400459 -1.10971e-07
8.04954e-08 -0.00400459 -1.07435e-07
8.28422e-08 -0.00400459 -1.07435e-07
8.04954e-08 -0.00400459 -1.03899e-07
8.28422e-08 -0.00400459 -1.03899e-07
8.04954e-08 -0.0040046 -1.00362e-07
8.28422e-08 -0.0040046 -1.00362e-07
8.04954e-08 -0.0040046 -9.68259e-08
8.28422e-08 -0.0040046 -9.68259e-08
8.04954e-08 -0.0040046 -9.32896e-08
8.28422e-08 -0.0040046 -9.32896e-08
8.04954e-08 -0.0040046 -8.97532e-08
8.28422e-08 -0.0040046 -8.97532e-08
8.98828e-08 -0.00400446 -3.47907e-07
9.22297e-08 -0.00400446 -3.47907e-07
8.98828e-08 -0.00400446 -3.44371e-07
9.22297e-08 -0.00400446 -3.44371e-07
8.98828e-08 -0.00400447 -3.40835e-07
9.22297e-08 -0.00400446 -3.40835e-07
8.98828e-08 -0.00400447 -3.37298e-07
9.22297e-08 -0.00400447 -3.37298e-07
8.98828e-08 -0.00400447 -3.33762e-07
9.22297e-08 -0.00400447 -3.33762e-07
8.98828e-08 -0.00400447 -3.30225e-07
9.22297e-08 -0.00400447 -3.30225e-07
8.98828e-08 -0.00400447 -3.26689e-07
9.22297e-08 -0.00400447 -3.26689e-07
8.98828e-08 -0.00400448 -3.23153e-07
9.22297e-08 -0.00400447 -3.23153e-07
8.98828e-08 -0.00400448 -3.19616e-07
9.22297e-08 -0.00400448 -3.19616e-07
8.98828e-08 -0.00400448 -3.1608e-07
9.22297e-08 -0.00400448 -3.1608e-07
8.98828e-08 -0.00400448 -3.12544e-07
9.22297e-08 -0.00400448 -3.12544e-07
8.98828e-08 -0.00400448 -3.09007e-07
9.22297e-08 -0.00400448 -3.09007e-07
8.98828e-08 -0.00400448 -3.05471e-07
9.22297e-08 -0.00400448 -3.05471e-07
8.98828e-08 -0.00400449 -3.01935e-07
9.22297e-08 -0.00400449 -3.01935e-07
8.98828e-08 -0.00400449 -2.98398e-07
9.22297e-08 -0.00400449 -2.98398e-07
8.98828e-08 -0.00400449 -2.94862e-07
9.22297e-08 -0.00400449 -2.94862e-07
8.98828e-08 -0.00400449 -2.91326e-07
9.22297e-08 -0.00400449 -2.91326e-07
8.98828e-08 -0.00400449 -2.87789e-07
9.22297e-08 -0.00400449 -2.87789e-07
8.98828e-08 -0.0040045 -2.84253e-07
9.22297e-08 -0.00400449 -2.84253e-07
8.98828e-08 -0.0040045 -2.80716e-07
9.22297e-08 -0.0040045 -2.80716e-07
8.98828e-08 -0.0040045 -2.7718e-07
9.22297e-08 -0.0040045 -2.7718e-07
8.98828e-08 -0.0040045 -2.73644e-07
9.22297e-08 -0.0040045 -2.73644e-07
8.98828e-08 -0.0040045 -2.70107e-07
9.22297e-08 -0.0040045 -2.70107e-07
8.98828e-08 -0.0040045 -2.66571e-07
9.22297e-08 -0.0040045 -2.66571e-07
8.98828e-08 -0.00400451 -2.63035e-07
9.22297e-08 -0.00400451 -2.63035e-07
8.98828e-08 -0.00400451 -2.59498e-07
9.22297e-08 -0.00400451 -2.59498e-07
8.98828e-08 -0.00400451 -2.55962e-07
9.22297e-08 -0.00400451 -2.55962e-07
8.98828e-08 -0.00400451 -2.52426e-07
9.22297e-08 -0.00400451 -2.52426e-07
8.98828e-08 -0.00400451 -2.48889e-07
9.22297e-08 -0.00400451 -2.48889e-07
8.98828e-08 -0.00400452 -2.45353e-07
9.22297e-08 -0.00400451 -2.45353e-07
8.98828e-08 -0.00400452 -2.41817e-07
9.22297e-08 -0.00400452 -2.41817e-07
8.98828e-08 -0.00400452 -2.3828e-07
9.22297e-08 -0.00400452 -2.3828e-07
8.98828e-08 -0.00400452 -2.34744e-07
9.22297e-08 -0.00400452 -2.34744e-07
8.98828e-08 -0.00400452 -2.31207e-07
9.22297e-08 -0.00400452 -2.31207e-07
8.98828e-08 -0.00400453 -2.27671e-07
9.22297e-08 -0.00400452 -2.27671e-07
8.98828e-08 -0.00400453 -2.24135e-07
9.22297e-08 -0.00400453 -2.24135e-07
8.98828e-08 -0.00400453 -2.20598e-07
9.22297e-08 -0.00400453 -2.20598e-07
8.98828e-08 -0.00400453 -2.17062e-07
9.22297e-08 -0.00400453 -2.17062e-07
8.98828e-08 -0.00400453 -2.13526e-07
9.22297e-08 -0.00400453 -2.13526e-07
8.98828e-08 -0.00400453 -2.09989e-07
9.22297e-08 -0.00400453 -2.09989e-07
8.98828e-08 -0.00400454 -2.06453e-07
9.22297e-08 -0.00400454 -2.06453e-07
8.98828e-08 -0.00400454 -2.02917e-07
9.22297e-08 -0.00400454 -2.02917e-07
8.98828e-08 -0.00400454 -1.9938e-07
9.22297e-08 -0.00400454 -1.9938e-07
8.98828e-08 -0.00400454 -1.95844e-07
9.22297e-08 -0.00400454 -1.95844e-07
8.98828e-08 -0.00400454 -1.92308e-07
9.22297e-08 -0.00400454 -1.92308e-07
8.98828e-08 -0.00400455 -1.88771e-07
9.22297e-08 -0.00400454 -1.88771e-07
8.98828e-08 -0.00400455 -1.85235e-07
9.22297e-08 -0.00400455 -1.85235e-07
8.98828e-08 -0.00400455 -1.81698e-07
9.22297e-08 -0.00400455 -1.81698e-07
8.98828e-08 -0.00400455 -1.78162e-07
9.22297e-08 -0.00400455 -1.78162e-07
8.98828e-08 -0.00400455 -1.74626e-07
9.22297e-08 -0.00400455 -1.74626e-07
8.98828e-08 -0.00400455 -1.71089e-07
9.22297e-08 -0.00400455 -1.71089e-07
8.98828e-08 -0.00400456 -1.67553e-07
9.22297e-08 -0.00400456 -1.67553e-07
8.98828e-08 -0.00400456 -1.64017e-07
9.22297e-08 -0.00400456 -1.64017e-07
8.98828e-08 -0.00400456 -1.6048e-07
9.22297e-08 -0.00400456 -1.6048e-07
8.98828e-08 -0.00400456 -1.56944e-07
9.22297e-08 -0.00400456 -1.56944e-07
8.98828e-08 -0.00400456 -1.53408e-07
9.22297e-08 -0.00400456 -1.53408e-07
8.98828e-08 -0.00400457 -1.49871e-07
9.22297e-08 -0.00400456 -1.49871e-07
8.98828e-08 -0.00400457 -1.46335e-07
9.22297e-08 -0.00400457 -1.46335e-07
8.98828e-08 -0.00400457 -1.42799e-07
9.22297e-08 -0.00400457 -1.42799e-07
8.98828e-08 -0.00400457 -1.39262e-07
9.22297e-08 -0.00400457 -1.39262e-07
8.98828e-08 -0.00400457 -1.35726e-07
9.22297e-08 -0.00400457 -1.35726e-07
8.98828e-08 -0.00400458 -1.32189e-07
9.22297e-08 -0.00400457 -1.32189e-07
8.98828e-08 -0.00400458 -1.28653e-07
9.22297e-08 -0.00400458 -1.28653e-07
8.98828e-08 -0.00400458 -1.25117e-07
9.22297e-08 -0.00400458 -1.25117e-07
8.98828e-08 -0.00400458 -1.2158e-07
9.22297e-08 -0.00400458 -1.2158e-07
8.98828e-08 -0.00400458 -1.18044e-07
9.22297e-08 -0.00400458 -1.18044e-07
8.98828e-08 -0.00400458 -1.14508e-07
9.22297e-08 -0.00400458 -1.14508e-07
8.98828e-08 -0.00400459 -1.10971e-07
9.22297e-08 -0.00400459 -1.10971e-07
8.98828e-08 -0.00400459 -1.07435e-07
9.22297e-08 -0.00400459 -1.07435e-07
8.98828e-08 -0.00400459 -1.03899e-07
9.22297e-08 -0.00400459 -1.03899e-07
8.98828e-08 -0.00400459 -1.00362e-07
9.22297e-08 -0.00400459 -1.00362e-07
8.98828e-08 -0.00400459 -9.68259e-08
9.22297e-08 -0.00400459 -9.68259e-08
8.98828e-08 -0.0040046 -9.32896e-08
9.22297e-08 -0.00400459 -9.32896e-08
8.98828e-08 -0.0040046 -8.97532e-08
9.22297e-08 -0.0040046 -8.97532e-08
