-1.212e-07 -0.00401371 -1.03201e-05
-1.212e-07 -0.00401343 -7.10426e-06
-2.08904e-07 -0.0040135 -1.03201e-05
-2.08904e-07 -0.00401321 -7.10426e-06
-1.212e-07 -0.00401371 -1.0276e-05
-1.212e-07 -0.00401371 -1.0232e-05
-1.212e-07 -0.0040137 -1.01879e-05
-1.212e-07 -0.0040137 -1.01438e-05
-1.212e-07 -0.0040137 -1.00998e-05
-1.212e-07 -0.00401369 -1.00557e-05
-1.212e-07 -0.00401369 -1.00117e-05
-1.212e-07 -0.00401368 -9.96764e-06
-1.212e-07 -0.00401368 -9.92359e-06
-1.212e-07 -0.00401368 -9.87953e-06
-1.212e-07 -0.00401367 -9.83548e-06
-1.212e-07 -0.00401367 -9.79143e-06
-1.212e-07 -0.00401366 -9.74738e-06
-1.212e-07 -0.00401366 -9.70333e-06
-1.212e-07 -0.00401366 -9.65927e-06
-1.212e-07 -0.00401365 -9.61522e-06
-1.212e-07 -0.00401365 -9.57117e-06
-1.212e-07 -0.00401364 -9.52712e-06
-1.212e-07 -0.00401364 -9.48307e-06
-1.212e-07 -0.00401364 -9.43902e-06
-1.212e-07 -0.00401363 -9.39496e-06
-1.212e-07 -0.00401363 -9.35091e-06
-1.212e-07 -0.00401362 -9.30686e-06
-1.212e-07 -0.00401362 -9.26281e-06
-1.212e-07 -0.00401362 -9.21876e-06
-1.212e-07 -0.00401361 -9.1747e-06
-1.212e-07 -0.00401361 -9.13065e-06
-1.212e-07 -0.00401361 -9.0866e-06
-1.212e-07 -0.0040136 -9.04255e-06
-1.212e-07 -0.0040136 -8.9985e-06
-1.212e-07 -0.00401359 -8.95444e-06
-1.212e-07 -0.00401359 -8.91039e-06
-1.212e-07 -0.00401359 -8.86634e-06
-1.212e-07 -0.00401358 -8.82229e-06
-1.212e-07 -0.00401358 -8.77824e-06
-1.212e-07 -0.00401357 -8.73418e-06
-1.212e-07 -0.00401357 -8.69013e-06
-1.212e-07 -0.00401357 -8.64608e-06
-1.212e-07 -0.00401356 -8.60203e-06
-1.212e-07 -0.00401356 -8.55798e-06
-1.212e-07 -0.00401356 -8.51392e-06
-1.212e-07 -0.00401355 -8.46987e-06
-1.212e-07 -0.00401355 -8.42582e-06
-1.212e-07 -0.00401354 -8.38177e-06
-1.212e-07 -0.00401354 -8.33772e-06
-1.212e-07 -0.00401354 -8.29366e-06
-1.212e-07 -0.00401353 -8.24961e-06
-1.212e-07 -0.00401353 -8.20556e-06
-1.212e-07 -0.00401352 -8.16151e-06
-1.212e-07 -0.00401352 -8.11746e-06
-1.212e-07 -0.00401352 -8.0734e-06
-1.212e-07 -0.00401351 -8.02935e-06
-1.212e-07 -0.00401351 -7.9853e-06
-1.212e-07 -0.0040135 -7.94125e-06
-1.212e-07 -0.0040135 -7.8972e-06
-1.212e-07 -0.0040135 -7.85314e-06
-1.212e-07 -0.00401349 -7.80909e-06
-1.212e-07 -0.00401349 -7.76504e-06
-1.212e-07 -0.00401349 -7.72099e-06
-1.212e-07 -0.00401348 -7.67694e-06
-1.212e-07 -0.00401348 -7.63288e-06
-1.212e-07 -0.00401347 -7.58883e-06
-1.212e-07 -0.00401347 -7.54478e-06
-1.212e-07 -0.00401347 -7.50073e-06
-1.212e-07 -0.00401346 -7.45668e-06
-1.212e-07 -0.00401346 -7.41262e-06
-1.212e-07 -0.00401345 -7.36857e-06
-1.212e-07 -0.00401345 -7.32452e-06
-1.212e-07 -0.00401345 -7.28047e-06
-1.212e-07 -0.00401344 -7.23642e-06
-1.212e-07 -0.00401344 -7.19237e-06
-1.212e-07 -0.00401343 -7.14831e-06
-1.65052e-07 -0.00401332 -7.10426e-06
-1.65052e-07 -0.00401361 -1.03201e-05
-2.08904e-07 -0.00401322 -7.14831e-06
-2.08904e-07 -0.00401322 -7.19237e-06
-2.08904e-07 -0.00401322 -7.23642e-06
-2.08904e-07 -0.00401323 -7.28047e-06
-2.08904e-07 -0.00401323 -7.32452e-06
-2.08904e-07 -0.00401324 -7.36857e-06
-2.08904e-07 -0.00401324 -7.41262e-06
-2.08904e-07 -0.00401324 -7.45668e-06
-2.08904e-07 -0.00401325 -7.50073e-06
-2.08904e-07 -0.00401325 -7.54478e-06
-2.08904e-07 -0.00401326 -7.58883e-06
-2.08904e-07 -0.00401326 -7.63288e-06
-2.08904e-07 -0.00401326 -7.67694e-06
-2.08904e-07 -0.00401327 -7.72099e-06
-2.08904e-07 -0.00401327 -7.76504e-06
-2.08904e-07 -0.00401328 -7.80909e-06
-2.08904e-07 -0.00401328 -7.85314e-06
-2.08904e-07 -0.00401328 -7.8972e-06
-2.08904e-07 -0.00401329 -7.94125e-06
-2.08904e-07 -0.00401329 -7.9853e-06
-2.08904e-07 -0.00401329 -8.02935e-06
-2.08904e-07 -0.0040133 -8.0734e-06
-2.08904e-07 -0.0040133 -8.11746e-06
-2.08904e-07 -0.00401331 -8.16151e-06
-2.08904e-07 -0.00401331 -8.20556e-06
-2.08904e-07 -0.00401331 -8.24961e-06
-2.08904e-07 -0.00401332 -8.29366e-06
-2.08904e-07 -0.00401332 -8.33772e-06
-2.08904e-07 -0.00401333 -8.38177e-06
-2.08904e-07 -0.00401333 -8.42582e-06
-2.08904e-07 -0.00401333 -8.46987e-06
-2.08904e-07 -0.00401334 -8.51392e-06
-2.08904e-07 -0.00401334 -8.55798e-06
-2.08904e-07 -0.00401335 -8.60203e-06
-2.08904e-07 -0.00401335 -8.64608e-06
-2.08904e-07 -0.00401335 -8.69013e-06
-2.08904e-07 -0.00401336 -8.73418e-06
-2.08904e-07 -0.00401336 -8.77824e-06
-2.08904e-07 -0.00401337 -8.82229e-06
-2.08904e-07 -0.00401337 -8.86634e-06
-2.08904e-07 -0.00401337 -8.91039e-06
-2.08904e-07 -0.00401338 -8.95444e-06
-2.08904e-07 -0.00401338 -8.9985e-06
-2.08904e-07 -0.00401338 -9.04255e-06
-2.08904e-07 -0.00401339 -9.0866e-06
-2.08904e-07 -0.00401339 -9.13065e-06
-2.08904e-07 -0.0040134 -9.1747e-06
-2.08904e-07 -0.0040134 -9.21876e-06
-2.08904e-07 -0.0040134 -9.26281e-06
-2.08904e-07 -0.00401341 -9.30686e-06
-2.08904e-07 -0.00401341 -9.35091e-06
-2.08904e-07 -0.00401342 -9.39496e-06
-2.08904e-07 -0.00401342 -9.43902e-06
-2.08904e-07 -0.00401342 -9.48307e-06
-2.08904e-07 -0.00401343 -9.52712e-06
-2.08904e-07 -0.00401343 -9.57117e-06
-2.08904e-07 -0.00401343 -9.61522e-06
-2.08904e-07 -0.00401344 -9.65927e-06
-2.08904e-07 -0.00401344 -9.70333e-06
-2.08904e-07 -0.00401345 -9.74738e-06
-2.08904e-07 -0.00401345 -9.79143e-06
-2.08904e-07 -0.00401345 -9.83548e-06
-2.08904e-07 -0.00401346 -9.87953e-06
-2.08904e-07 -0.00401346 -9.92359e-06
-2.08904e-07 -0.00401347 -9.96764e-06
-2.08904e-07 -0.00401347 -1.00117e-05
-2.08904e-07 -0.00401347 -1.00557e-05
-2.08904e-07 -0.00401348 -1.00998e-05
-2.08904e-07 -0.00401348 -1.01438e-05
-2.08904e-07 -0.00401349 -1.01879e-05
-2.08904e-07 -0.00401349 -1.0232e-05
-2.08904e-07 -0.00401349 -1.0276e-05
-1.65052e-07 -0.00401333 -7.14831e-06
-1.65052e-07 -0.00401333 -7.19237e-06
-1.65052e-07 -0.00401333 -7.23642e-06
-1.65052e-07 -0.00401334 -7.28047e-06
-1.65052e-07 -0.00401334 -7.32452e-06
-1.65052e-07 -0.00401335 -7.36857e-06
-1.65052e-07 -0.00401335 -7.41262e-06
-1.65052e-07 -0.00401335 -7.45668e-06
-1.65052e-07 -0.00401336 -7.50073e-06
-1.65052e-07 -0.00401336 -7.54478e-06
-1.65052e-07 -0.00401336 -7.58883e-06
-1.65052e-07 -0.00401337 -7.63288e-06
-1.65052e-07 -0.00401337 -7.67694e-06
-1.65052e-07 -0.00401338 -7.72099e-06
-1.65052e-07 -0.00401338 -7.76504e-06
-1.65052e-07 -0.00401338 -7.80909e-06
-1.65052e-07 -0.00401339 -7.85314e-06
-1.65052e-07 -0.00401339 -7.8972e-06
-1.65052e-07 -0.0040134 -7.94125e-06
-1.65052e-07 -0.0040134 -7.9853e-06
-1.65052e-07 -0.0040134 -8.02935e-06
-1.65052e-07 -0.00401341 -8.0734e-06
-1.65052e-07 -0.00401341 -8.11746e-06
-1.65052e-07 -0.00401342 -8.16151e-06
-1.65052e-07 -0.00401342 -8.20556e-06
-1.65052e-07 -0.00401342 -8.24961e-06
-1.65052e-07 -0.00401343 -8.29366e-06
-1.65052e-07 -0.00401343 -8.33772e-06
-1.65052e-07 -0.00401343 -8.38177e-06
-1.65052e-07 -0.00401344 -8.42582e-06
-1.65052e-07 -0.00401344 -8.46987e-06
-1.65052e-07 -0.00401345 -8.51392e-06
-1.65052e-07 -0.00401345 -8.55798e-06
-1.65052e-07 -0.00401345 -8.60203e-06
-1.65052e-07 -0.00401346 -8.64608e-06
-1.65052e-07 -0.00401346 -8.69013e-06
-1.65052e-07 -0.00401347 -8.73418e-06
-1.65052e-07 -0.00401347 -8.77824e-06
-1.65052e-07 -0.00401347 -8.82229e-06
-1.65052e-07 -0.00401348 -8.86634e-06
-1.65052e-07 -0.00401348 -8.91039e-06
-1.65052e-07 -0.00401349 -8.95444e-06
-1.65052e-07 -0.00401349 -8.9985e-06
-1.65052e-07 -0.00401349 -9.04255e-06
-1.65052e-07 -0.0040135 -9.0866e-06
-1.65052e-07 -0.0040135 -9.13065e-06
-1.65052e-07 -0.0040135 -9.1747e-06
-1.65052e-07 -0.00401351 -9.21876e-06
-1.65052e-07 -0.00401351 -9.26281e-06
-1.65052e-07 -0.00401352 -9.30686e-06
-1.65052e-07 -0.00401352 -9.35091e-06
-1.65052e-07 -0.00401352 -9.39496e-06
-1.65052e-07 -0.00401353 -9.43902e-06
-1.65052e-07 -0.00401353 -9.48307e-06
-1.65052e-07 -0.00401354 -9.52712e-06
-1.65052e-07 -0.00401354 -9.57117e-06
-1.65052e-07 -0.00401354 -9.61522e-06
-1.65052e-07 -0.00401355 -9.65927e-06
-1.65052e-07 -0.00401355 -9.70333e-06
-1.65052e-07 -0.00401356 -9.74738e-06
-1.65052e-07 -0.00401356 -9.79143e-06
-1.65052e-07 -0.00401356 -9.83548e-06
-1.65052e-07 -0.00401357 -9.87953e-06
-1.65052e-07 -0.00401357 -9.92359e-06
-1.65052e-07 -0.00401357 -9.96764e-06
-1.65052e-07 -0.00401358 -1.00117e-05
-1.65052e-07 -0.00401358 -1.00557e-05
-1.65052e-07 -0.00401359 -1.00998e-05
-1.65052e-07 -0.00401359 -1.01438e-05
-1.65052e-07 -0.00401359 -1.01879e-05
-1.65052e-07 -0.0040136 -1.0232e-05
-1.65052e-07 -0.0040136 -1.0276e-05
-2.38138e-07 -0.00401342 -1.03201e-05
-2.08904e-07 -0.0040135 -1.03201e-05
-2.38138e-07 -0.00401342 -1.0276e-05
-2.08904e-07 -0.00401349 -1.0276e-05
-2.38138e-07 -0.00401342 -1.0232e-05
-2.08904e-07 -0.00401349 -1.0232e-05
-2.38138e-07 -0.00401341 -1.01879e-05
-2.08904e-07 -0.00401349 -1.01879e-05
-2.38138e-07 -0.00401341 -1.01438e-05
-2.08904e-07 -0.00401348 -1.01438e-05
-2.38138e-07 -0.00401341 -1.00998e-05
-2.08904e-07 -0.00401348 -1.00998e-05
-2.38138e-07 -0.0040134 -1.00557e-05
-2.08904e-07 -0.00401347 -1.00557e-05
-2.38138e-07 -0.0040134 -1.00117e-05
-2.08904e-07 -0.00401347 -1.00117e-05
-2.38138e-07 -0.00401339 -9.96764e-06
-2.08904e-07 -0.00401347 -9.96764e-06
-2.38138e-07 -0.00401339 -9.92359e-06
-2.08904e-07 -0.00401346 -9.92359e-06
-2.38138e-07 -0.00401339 -9.87953e-06
-2.08904e-07 -0.00401346 -9.87953e-06
-2.38138e-07 -0.00401338 -9.83548e-06
-2.08904e-07 -0.00401345 -9.83548e-06
-2.38138e-07 -0.00401338 -9.79143e-06
-2.08904e-07 -0.00401345 -9.79143e-06
-2.38138e-07 -0.00401337 -9.74738e-06
-2.08904e-07 -0.00401345 -9.74738e-06
-2.38138e-07 -0.00401337 -9.70333e-06
-2.08904e-07 -0.00401344 -9.70333e-06
-2.38138e-07 -0.00401337 -9.65927e-06
-2.08904e-07 -0.00401344 -9.65927e-06
-2.38138e-07 -0.00401336 -9.61522e-06
-2.08904e-07 -0.00401343 -9.61522e-06
-2.38138e-07 -0.00401336 -9.57117e-06
-2.08904e-07 -0.00401343 -9.57117e-06
-2.38138e-07 -0.00401335 -9.52712e-06
-2.08904e-07 -0.00401343 -9.52712e-06
-2.38138e-07 -0.00401335 -9.48307e-06
-2.08904e-07 -0.00401342 -9.48307e-06
-2.38138e-07 -0.00401335 -9.43902e-06
-2.08904e-07 -0.00401342 -9.43902e-06
-2.38138e-07 -0.00401334 -9.39496e-06
-2.08904e-07 -0.00401342 -9.39496e-06
-2.38138e-07 -0.00401334 -9.35091e-06
-2.08904e-07 -0.00401341 -9.35091e-06
-2.38138e-07 -0.00401334 -9.30686e-06
-2.08904e-07 -0.00401341 -9.30686e-06
-2.38138e-07 -0.00401333 -9.26281e-06
-2.08904e-07 -0.0040134 -9.26281e-06
-2.38138e-07 -0.00401333 -9.21876e-06
-2.08904e-07 -0.0040134 -9.21876e-06
-2.38138e-07 -0.00401332 -9.1747e-06
-2.08904e-07 -0.0040134 -9.1747e-06
-2.38138e-07 -0.00401332 -9.13065e-06
-2.08904e-07 -0.00401339 -9.13065e-06
-2.38138e-07 -0.00401332 -9.0866e-06
-2.08904e-07 -0.00401339 -9.0866e-06
-2.38138e-07 -0.00401331 -9.04255e-06
-2.08904e-07 -0.00401338 -9.04255e-06
-2.38138e-07 -0.00401331 -8.9985e-06
-2.08904e-07 -0.00401338 -8.9985e-06
-2.38138e-07 -0.0040133 -8.95444e-06
-2.08904e-07 -0.00401338 -8.95444e-06
-2.38138e-07 -0.0040133 -8.91039e-06
-2.08904e-07 -0.00401337 -8.91039e-06
-2.38138e-07 -0.0040133 -8.86634e-06
-2.08904e-07 -0.00401337 -8.86634e-06
-2.38138e-07 -0.00401329 -8.82229e-06
-2.08904e-07 -0.00401337 -8.82229e-06
-2.38138e-07 -0.00401329 -8.77824e-06
-2.08904e-07 -0.00401336 -8.77824e-06
-2.38138e-07 -0.00401328 -8.73418e-06
-2.08904e-07 -0.00401336 -8.73418e-06
-2.38138e-07 -0.00401328 -8.69013e-06
-2.08904e-07 -0.00401335 -8.69013e-06
-2.38138e-07 -0.00401328 -8.64608e-06
-2.08904e-07 -0.00401335 -8.64608e-06
-2.38138e-07 -0.00401327 -8.60203e-06
-2.08904e-07 -0.00401335 -8.60203e-06
-2.38138e-07 -0.00401327 -8.55798e-06
-2.08904e-07 -0.00401334 -8.55798e-06
-2.38138e-07 -0.00401327 -8.51392e-06
-2.08904e-07 -0.00401334 -8.51392e-06
-2.38138e-07 -0.00401326 -8.46987e-06
-2.08904e-07 -0.00401333 -8.46987e-06
-2.38138e-07 -0.00401326 -8.42582e-06
-2.08904e-07 -0.00401333 -8.42582e-06
-2.38138e-07 -0.00401325 -8.38177e-06
-2.08904e-07 -0.00401333 -8.38177e-06
-2.38138e-07 -0.00401325 -8.33772e-06
-2.08904e-07 -0.00401332 -8.33772e-06
-2.38138e-07 -0.00401325 -8.29366e-06
-2.08904e-07 -0.00401332 -8.29366e-06
-2.38138e-07 -0.00401324 -8.24961e-06
-2.08904e-07 -0.00401331 -8.24961e-06
-2.38138e-07 -0.00401324 -8.20556e-06
-2.08904e-07 -0.00401331 -8.20556e-06
-2.38138e-07 -0.00401323 -8.16151e-06
-2.08904e-07 -0.00401331 -8.16151e-06
-2.38138e-07 -0.00401323 -8.11746e-06
-2.08904e-07 -0.0040133 -8.11746e-06
-2.38138e-07 -0.00401323 -8.0734e-06
-2.08904e-07 -0.0040133 -8.0734e-06
-2.38138e-07 -0.00401322 -8.02935e-06
-2.08904e-07 -0.00401329 -8.02935e-06
-2.38138e-07 -0.00401322 -7.9853e-06
-2.08904e-07 -0.00401329 -7.9853e-06
-2.38138e-07 -0.00401321 -7.94125e-06
-2.08904e-07 -0.00401329 -7.94125e-06
-2.38138e-07 -0.00401321 -7.8972e-06
-2.08904e-07 -0.00401328 -7.8972e-06
-2.38138e-07 -0.00401321 -7.85314e-06
-2.08904e-07 -0.00401328 -7.85314e-06
-2.38138e-07 -0.0040132 -7.80909e-06
-2.08904e-07 -0.00401328 -7.80909e-06
-2.38138e-07 -0.0040132 -7.76504e-06
-2.08904e-07 -0.00401327 -7.76504e-06
-2.38138e-07 -0.0040132 -7.72099e-06
-2.08904e-07 -0.00401327 -7.72099e-06
-2.38138e-07 -0.00401319 -7.67694e-06
-2.08904e-07 -0.00401326 -7.67694e-06
-2.38138e-07 -0.00401319 -7.63288e-06
-2.08904e-07 -0.00401326 -7.63288e-06
-2.38138e-07 -0.00401318 -7.58883e-06
-2.08904e-07 -0.00401326 -7.58883e-06
-2.38138e-07 -0.00401318 -7.54478e-06
-2.08904e-07 -0.00401325 -7.54478e-06
-2.38138e-07 -0.00401318 -7.50073e-06
-2.08904e-07 -0.00401325 -7.50073e-06
-2.38138e-07 -0.00401317 -7.45668e-06
-2.08904e-07 -0.00401324 -7.45668e-06
-2.38138e-07 -0.00401317 -7.41262e-06
-2.08904e-07 -0.00401324 -7.41262e-06
-2.38138e-07 -0.00401316 -7.36857e-06
-2.08904e-07 -0.00401324 -7.36857e-06
-2.38138e-07 -0.00401316 -7.32452e-06
-2.08904e-07 -0.00401323 -7.32452e-06
-2.38138e-07 -0.00401316 -7.28047e-06
-2.08904e-07 -0.00401323 -7.28047e-06
-2.38138e-07 -0.00401315 -7.23642e-06
-2.08904e-07 -0.00401322 -7.23642e-06
-2.38138e-07 -0.00401315 -7.19237e-06
-2.08904e-07 -0.00401322 -7.19237e-06
-2.38138e-07 -0.00401314 -7.14831e-06
-2.08904e-07 -0.00401322 -7.14831e-06
-2.38138e-07 -0.00401314 -7.10426e-06
-2.08904e-07 -0.00401321 -7.10426e-06
-1.212e-07 -0.00401371 -1.03201e-05
-9.1966e-08 -0.00401379 -1.03201e-05
-1.212e-07 -0.00401371 -1.0276e-05
-9.1966e-08 -0.00401378 -1.0276e-05
-1.212e-07 -0.00401371 -1.0232e-05
-9.1966e-08 -0.00401378 -1.0232e-05
-1.212e-07 -0.0040137 -1.01879e-05
-9.1966e-08 -0.00401378 -1.01879e-05
-1.212e-07 -0.0040137 -1.01438e-05
-9.1966e-08 -0.00401377 -1.01438e-05
-1.212e-07 -0.0040137 -1.00998e-05
-9.1966e-08 -0.00401377 -1.00998e-05
-1.212e-07 -0.00401369 -1.00557e-05
-9.1966e-08 -0.00401376 -1.00557e-05
-1.212e-07 -0.00401369 -1.00117e-05
-9.1966e-08 -0.00401376 -1.00117e-05
-1.212e-07 -0.00401368 -9.96764e-06
-9.1966e-08 -0.00401376 -9.96764e-06
-1.212e-07 -0.00401368 -9.92359e-06
-9.1966e-08 -0.00401375 -9.92359e-06
-1.212e-07 -0.00401368 -9.87953e-06
-9.1966e-08 -0.00401375 -9.87953e-06
-1.212e-07 -0.00401367 -9.83548e-06
-9.1966e-08 -0.00401374 -9.83548e-06
-1.212e-07 -0.00401367 -9.79143e-06
-9.1966e-08 -0.00401374 -9.79143e-06
-1.212e-07 -0.00401366 -9.74738e-06
-9.1966e-08 -0.00401374 -9.74738e-06
-1.212e-07 -0.00401366 -9.70333e-06
-9.1966e-08 -0.00401373 -9.70333e-06
-1.212e-07 -0.00401366 -9.65927e-06
-9.1966e-08 -0.00401373 -9.65927e-06
-1.212e-07 -0.00401365 -9.61522e-06
-9.1966e-08 -0.00401373 -9.61522e-06
-1.212e-07 -0.00401365 -9.57117e-06
-9.1966e-08 -0.00401372 -9.57117e-06
-1.212e-07 -0.00401364 -9.52712e-06
-9.1966e-08 -0.00401372 -9.52712e-06
-1.212e-07 -0.00401364 -9.48307e-06
-9.1966e-08 -0.00401371 -9.48307e-06
-1.212e-07 -0.00401364 -9.43902e-06
-9.1966e-08 -0.00401371 -9.43902e-06
-1.212e-07 -0.00401363 -9.39496e-06
-9.1966e-08 -0.00401371 -9.39496e-06
-1.212e-07 -0.00401363 -9.35091e-06
-9.1966e-08 -0.0040137 -9.35091e-06
-1.212e-07 -0.00401362 -9.30686e-06
-9.1966e-08 -0.0040137 -9.30686e-06
-1.212e-07 -0.00401362 -9.26281e-06
-9.1966e-08 -0.00401369 -9.26281e-06
-1.212e-07 -0.00401362 -9.21876e-06
-9.1966e-08 -0.00401369 -9.21876e-06
-1.212e-07 -0.00401361 -9.1747e-06
-9.1966e-08 -0.00401369 -9.1747e-06
-1.212e-07 -0.00401361 -9.13065e-06
-9.1966e-08 -0.00401368 -9.13065e-06
-1.212e-07 -0.00401361 -9.0866e-06
-9.1966e-08 -0.00401368 -9.0866e-06
-1.212e-07 -0.0040136 -9.04255e-06
-9.1966e-08 -0.00401367 -9.04255e-06
-1.212e-07 -0.0040136 -8.9985e-06
-9.1966e-08 -0.00401367 -8.9985e-06
-1.212e-07 -0.00401359 -8.95444e-06
-9.1966e-08 -0.00401367 -8.95444e-06
-1.212e-07 -0.00401359 -8.91039e-06
-9.1966e-08 -0.00401366 -8.91039e-06
-1.212e-07 -0.00401359 -8.86634e-06
-9.1966e-08 -0.00401366 -8.86634e-06
-1.212e-07 -0.00401358 -8.82229e-06
-9.1966e-08 -0.00401365 -8.82229e-06
-1.212e-07 -0.00401358 -8.77824e-06
-9.1966e-08 -0.00401365 -8.77824e-06
-1.212e-07 -0.00401357 -8.73418e-06
-9.1966e-08 -0.00401365 -8.73418e-06
-1.212e-07 -0.00401357 -8.69013e-06
-9.1966e-08 -0.00401364 -8.69013e-06
-1.212e-07 -0.00401357 -8.64608e-06
-9.1966e-08 -0.00401364 -8.64608e-06
-1.212e-07 -0.00401356 -8.60203e-06
-9.1966e-08 -0.00401364 -8.60203e-06
-1.212e-07 -0.00401356 -8.55798e-06
-9.1966e-08 -0.00401363 -8.55798e-06
-1.212e-07 -0.00401356 -8.51392e-06
-9.1966e-08 -0.00401363 -8.51392e-06
-1.212e-07 -0.00401355 -8.46987e-06
-9.1966e-08 -0.00401362 -8.46987e-06
-1.212e-07 -0.00401355 -8.42582e-06
-9.1966e-08 -0.00401362 -8.42582e-06
-1.212e-07 -0.00401354 -8.38177e-06
-9.1966e-08 -0.00401362 -8.38177e-06
-1.212e-07 -0.00401354 -8.33772e-06
-9.1966e-08 -0.00401361 -8.33772e-06
-1.212e-07 -0.00401354 -8.29366e-06
-9.1966e-08 -0.00401361 -8.29366e-06
-1.212e-07 -0.00401353 -8.24961e-06
-9.1966e-08 -0.0040136 -8.24961e-06
-1.212e-07 -0.00401353 -8.20556e-06
-9.1966e-08 -0.0040136 -8.20556e-06
-1.212e-07 -0.00401352 -8.16151e-06
-9.1966e-08 -0.0040136 -8.16151e-06
-1.212e-07 -0.00401352 -8.11746e-06
-9.1966e-08 -0.00401359 -8.11746e-06
-1.212e-07 -0.00401352 -8.0734e-06
-9.1966e-08 -0.00401359 -8.0734e-06
-1.212e-07 -0.00401351 -8.02935e-06
-9.1966e-08 -0.00401358 -8.02935e-06
-1.212e-07 -0.00401351 -7.9853e-06
-9.1966e-08 -0.00401358 -7.9853e-06
-1.212e-07 -0.0040135 -7.94125e-06
-9.1966e-08 -0.00401358 -7.94125e-06
-1.212e-07 -0.0040135 -7.8972e-06
-9.1966e-08 -0.00401357 -7.8972e-06
-1.212e-07 -0.0040135 -7.85314e-06
-9.1966e-08 -0.00401357 -7.85314e-06
-1.212e-07 -0.00401349 -7.80909e-06
-9.1966e-08 -0.00401357 -7.80909e-06
-1.212e-07 -0.00401349 -7.76504e-06
-9.1966e-08 -0.00401356 -7.76504e-06
-1.212e-07 -0.00401349 -7.72099e-06
-9.1966e-08 -0.00401356 -7.72099e-06
-1.212e-07 -0.00401348 -7.67694e-06
-9.1966e-08 -0.00401355 -7.67694e-06
-1.212e-07 -0.00401348 -7.63288e-06
-9.1966e-08 -0.00401355 -7.63288e-06
-1.212e-07 -0.00401347 -7.58883e-06
-9.1966e-08 -0.00401355 -7.58883e-06
-1.212e-07 -0.00401347 -7.54478e-06
-9.1966e-08 -0.00401354 -7.54478e-06
-1.212e-07 -0.00401347 -7.50073e-06
-9.1966e-08 -0.00401354 -7.50073e-06
-1.212e-07 -0.00401346 -7.45668e-06
-9.1966e-08 -0.00401353 -7.45668e-06
-1.212e-07 -0.00401346 -7.41262e-06
-9.1966e-08 -0.00401353 -7.41262e-06
-1.212e-07 -0.00401345 -7.36857e-06
-9.1966e-08 -0.00401353 -7.36857e-06
-1.212e-07 -0.00401345 -7.32452e-06
-9.1966e-08 -0.00401352 -7.32452e-06
-1.212e-07 -0.00401345 -7.28047e-06
-9.1966e-08 -0.00401352 -7.28047e-06
-1.212e-07 -0.00401344 -7.23642e-06
-9.1966e-08 -0.00401351 -7.23642e-06
-1.212e-07 -0.00401344 -7.19237e-06
-9.1966e-08 -0.00401351 -7.19237e-06
-1.212e-07 -0.00401343 -7.14831e-06
-9.1966e-08 -0.00401351 -7.14831e-06
-1.212e-07 -0.00401343 -7.10426e-06
-9.1966e-08 -0.0040135 -7.10426e-06
