1.03058e-08 -0.0040182 6.32625e-07
1.03058e-08 -0.00401822 -3.51075e-07
3.7134e-08 -0.00401822 6.32625e-07
3.7134e-08 -0.00401824 -3.51075e-07
1.03058e-08 -0.0040182 6.1915e-07
1.03058e-08 -0.0040182 6.05674e-07
1.03058e-08 -0.0040182 5.92199e-07
1.03058e-08 -0.0040182 5.78723e-07
1.03058e-08 -0.0040182 5.65248e-07
1.03058e-08 -0.0040182 5.51773e-07
1.03058e-08 -0.0040182 5.38297e-07
1.03058e-08 -0.0040182 5.24822e-07
1.03058e-08 -0.0040182 5.11347e-07
1.03058e-08 -0.0040182 4.97871e-07
1.03058e-08 -0.0040182 4.84396e-07
1.03058e-08 -0.0040182 4.70921e-07
1.03058e-08 -0.0040182 4.57445e-07
1.03058e-08 -0.0040182 4.4397e-07
1.03058e-08 -0.0040182 4.30495e-07
1.03058e-08 -0.0040182 4.17019e-07
1.03058e-08 -0.0040182 4.03544e-07
1.03058e-08 -0.0040182 3.90069e-07
1.03058e-08 -0.0040182 3.76593e-07
1.03058e-08 -0.0040182 3.63118e-07
1.03058e-08 -0.0040182 3.49643e-07
1.03058e-08 -0.00401821 3.36167e-07
1.03058e-08 -0.00401821 3.22692e-07
1.03058e-08 -0.00401821 3.09217e-07
1.03058e-08 -0.00401821 2.95741e-07
1.03058e-08 -0.00401821 2.82266e-07
1.03058e-08 -0.00401821 2.68791e-07
1.03058e-08 -0.00401821 2.55315e-07
1.03058e-08 -0.00401821 2.4184e-07
1.03058e-08 -0.00401821 2.28365e-07
1.03058e-08 -0.00401821 2.14889e-07
1.03058e-08 -0.00401821 2.01414e-07
1.03058e-08 -0.00401821 1.87938e-07
1.03058e-08 -0.00401821 1.74463e-07
1.03058e-08 -0.00401821 1.60988e-07
1.03058e-08 -0.00401821 1.47512e-07
1.03058e-08 -0.00401821 1.34037e-07
1.03058e-08 -0.00401821 1.20562e-07
1.03058e-08 -0.00401821 1.07086e-07
1.03058e-08 -0.00401821 9.36111e-08
1.03058e-08 -0.00401821 8.01357e-08
1.03058e-08 -0.00401821 6.66604e-08
1.03058e-08 -0.00401821 5.31851e-08
1.03058e-08 -0.00401821 3.97097e-08
1.03058e-08 -0.00401821 2.62344e-08
1.03058e-08 -0.00401821 1.2759e-08
1.03058e-08 -0.00401821 -7.16283e-10
1.03058e-08 -0.00401821 -1.41916e-08
1.03058e-08 -0.00401821 -2.7667e-08
1.03058e-08 -0.00401821 -4.11424e-08
1.03058e-08 -0.00401821 -5.46177e-08
1.03058e-08 -0.00401821 -6.8093e-08
1.03058e-08 -0.00401822 -8.15684e-08
1.03058e-08 -0.00401822 -9.50437e-08
1.03058e-08 -0.00401822 -1.08519e-07
1.03058e-08 -0.00401822 -1.21994e-07
1.03058e-08 -0.00401822 -1.3547e-07
1.03058e-08 -0.00401822 -1.48945e-07
1.03058e-08 -0.00401822 -1.6242e-07
1.03058e-08 -0.00401822 -1.75896e-07
1.03058e-08 -0.00401822 -1.89371e-07
1.03058e-08 -0.00401822 -2.02846e-07
1.03058e-08 -0.00401822 -2.16322e-07
1.03058e-08 -0.00401822 -2.29797e-07
1.03058e-08 -0.00401822 -2.43273e-07
1.03058e-08 -0.00401822 -2.56748e-07
1.03058e-08 -0.00401822 -2.70223e-07
1.03058e-08 -0.00401822 -2.83699e-07
1.03058e-08 -0.00401822 -2.97174e-07
1.03058e-08 -0.00401822 -3.10649e-07
1.03058e-08 -0.00401822 -3.24125e-07
1.03058e-08 -0.00401822 -3.376e-07
2.37199e-08 -0.00401823 -3.51075e-07
2.37199e-08 -0.00401821 6.32625e-07
3.7134e-08 -0.00401824 -3.376e-07
3.7134e-08 -0.00401824 -3.24125e-07
3.7134e-08 -0.00401824 -3.10649e-07
3.7134e-08 -0.00401824 -2.97174e-07
3.7134e-08 -0.00401824 -2.83699e-07
3.7134e-08 -0.00401824 -2.70223e-07
3.7134e-08 -0.00401824 -2.56748e-07
3.7134e-08 -0.00401824 -2.43273e-07
3.7134e-08 -0.00401824 -2.29797e-07
3.7134e-08 -0.00401824 -2.16322e-07
3.7134e-08 -0.00401824 -2.02846e-07
3.7134e-08 -0.00401824 -1.89371e-07
3.7134e-08 -0.00401824 -1.75896e-07
3.7134e-08 -0.00401824 -1.6242e-07
3.7134e-08 -0.00401824 -1.48945e-07
3.7134e-08 -0.00401824 -1.3547e-07
3.7134e-08 -0.00401824 -1.21994e-07
3.7134e-08 -0.00401824 -1.08519e-07
3.7134e-08 -0.00401824 -9.50437e-08
3.7134e-08 -0.00401824 -8.15684e-08
3.7134e-08 -0.00401824 -6.8093e-08
3.7134e-08 -0.00401824 -5.46177e-08
3.7134e-08 -0.00401824 -4.11424e-08
3.7134e-08 -0.00401824 -2.7667e-08
3.7134e-08 -0.00401823 -1.41916e-08
3.7134e-08 -0.00401823 -7.16283e-10
3.7134e-08 -0.00401823 1.2759e-08
3.7134e-08 -0.00401823 2.62344e-08
3.7134e-08 -0.00401823 3.97097e-08
3.7134e-08 -0.00401823 5.31851e-08
3.7134e-08 -0.00401823 6.66604e-08
3.7134e-08 -0.00401823 8.01357e-08
3.7134e-08 -0.00401823 9.36111e-08
3.7134e-08 -0.00401823 1.07086e-07
3.7134e-08 -0.00401823 1.20562e-07
3.7134e-08 -0.00401823 1.34037e-07
3.7134e-08 -0.00401823 1.47512e-07
3.7134e-08 -0.00401823 1.60988e-07
3.7134e-08 -0.00401823 1.74463e-07
3.7134e-08 -0.00401823 1.87938e-07
3.7134e-08 -0.00401823 2.01414e-07
3.7134e-08 -0.00401823 2.14889e-07
3.7134e-08 -0.00401823 2.28365e-07
3.7134e-08 -0.00401823 2.4184e-07
3.7134e-08 -0.00401823 2.55315e-07
3.7134e-08 -0.00401823 2.68791e-07
3.7134e-08 -0.00401823 2.82266e-07
3.7134e-08 -0.00401823 2.95741e-07
3.7134e-08 -0.00401823 3.09217e-07
3.7134e-08 -0.00401823 3.22692e-07
3.7134e-08 -0.00401823 3.36167e-07
3.7134e-08 -0.00401823 3.49643e-07
3.7134e-08 -0.00401823 3.63118e-07
3.7134e-08 -0.00401823 3.76593e-07
3.7134e-08 -0.00401822 3.90069e-07
3.7134e-08 -0.00401822 4.03544e-07
3.7134e-08 -0.00401822 4.17019e-07
3.7134e-08 -0.00401822 4.30495e-07
3.7134e-08 -0.00401822 4.4397e-07
3.7134e-08 -0.00401822 4.57445e-07
3.7134e-08 -0.00401822 4.70921e-07
3.7134e-08 -0.00401822 4.84396e-07
3.7134e-08 -0.00401822 4.97871e-07
3.7134e-08 -0.00401822 5.11347e-07
3.7134e-08 -0.00401822 5.24822e-07
3.7134e-08 -0.00401822 5.38297e-07
3.7134e-08 -0.00401822 5.51773e-07
3.7134e-08 -0.00401822 5.65248e-07
3.7134e-08 -0.00401822 5.78723e-07
3.7134e-08 -0.00401822 5.92199e-07
3.7134e-08 -0.00401822 6.05674e-07
3.7134e-08 -0.00401822 6.1915e-07
2.37199e-08 -0.00401823 -3.376e-07
2.37199e-08 -0.00401823 -3.24125e-07
2.37199e-08 -0.00401823 -3.10649e-07
2.37199e-08 -0.00401823 -2.97174e-07
2.37199e-08 -0.00401823 -2.83699e-07
2.37199e-08 -0.00401823 -2.70223e-07
2.37199e-08 -0.00401823 -2.56748e-07
2.37199e-08 -0.00401823 -2.43273e-07
2.37199e-08 -0.00401823 -2.29797e-07
2.37199e-08 -0.00401823 -2.16322e-07
2.37199e-08 -0.00401823 -2.02846e-07
2.37199e-08 -0.00401823 -1.89371e-07
2.37199e-08 -0.00401823 -1.75896e-07
2.37199e-08 -0.00401823 -1.6242e-07
2.37199e-08 -0.00401823 -1.48945e-07
2.37199e-08 -0.00401823 -1.3547e-07
2.37199e-08 -0.00401823 -1.21994e-07
2.37199e-08 -0.00401823 -1.08519e-07
2.37199e-08 -0.00401823 -9.50437e-08
2.37199e-08 -0.00401823 -8.15684e-08
2.37199e-08 -0.00401823 -6.8093e-08
2.37199e-08 -0.00401823 -5.46177e-08
2.37199e-08 -0.00401822 -4.11424e-08
2.37199e-08 -0.00401822 -2.7667e-08
2.37199e-08 -0.00401822 -1.41916e-08
2.37199e-08 -0.00401822 -7.16283e-10
2.37199e-08 -0.00401822 1.2759e-08
2.37199e-08 -0.00401822 2.62344e-08
2.37199e-08 -0.00401822 3.97097e-08
2.37199e-08 -0.00401822 5.31851e-08
2.37199e-08 -0.00401822 6.66604e-08
2.37199e-08 -0.00401822 8.01357e-08
2.37199e-08 -0.00401822 9.36111e-08
2.37199e-08 -0.00401822 1.07086e-07
2.37199e-08 -0.00401822 1.20562e-07
2.37199e-08 -0.00401822 1.34037e-07
2.37199e-08 -0.00401822 1.47512e-07
2.37199e-08 -0.00401822 1.60988e-07
2.37199e-08 -0.00401822 1.74463e-07
2.37199e-08 -0.00401822 1.87938e-07
2.37199e-08 -0.00401822 2.01414e-07
2.37199e-08 -0.00401822 2.14889e-07
2.37199e-08 -0.00401822 2.28365e-07
2.37199e-08 -0.00401822 2.4184e-07
2.37199e-08 -0.00401822 2.55315e-07
2.37199e-08 -0.00401822 2.68791e-07
2.37199e-08 -0.00401822 2.82266e-07
2.37199e-08 -0.00401822 2.95741e-07
2.37199e-08 -0.00401822 3.09217e-07
2.37199e-08 -0.00401822 3.22692e-07
2.37199e-08 -0.00401822 3.36167e-07
2.37199e-08 -0.00401822 3.49643e-07
2.37199e-08 -0.00401821 3.63118e-07
2.37199e-08 -0.00401821 3.76593e-07
2.37199e-08 -0.00401821 3.90069e-07
2.37199e-08 -0.00401821 4.03544e-07
2.37199e-08 -0.00401821 4.17019e-07
2.37199e-08 -0.00401821 4.30495e-07
2.37199e-08 -0.00401821 4.4397e-07
2.37199e-08 -0.00401821 4.57445e-07
2.37199e-08 -0.00401821 4.70921e-07
2.37199e-08 -0.00401821 4.84396e-07
2.37199e-08 -0.00401821 4.97871e-07
2.37199e-08 -0.00401821 5.11347e-07
2.37199e-08 -0.00401821 5.24822e-07
2.37199e-08 -0.00401821 5.38297e-07
2.37199e-08 -0.00401821 5.51773e-07
2.37199e-08 -0.00401821 5.65248e-07
2.37199e-08 -0.00401821 5.78723e-07
2.37199e-08 -0.00401821 5.92199e-07
2.37199e-08 -0.00401821 6.05674e-07
2.37199e-08 -0.00401821 6.1915e-07
4.60767e-08 -0.00401823 6.32625e-07
3.7134e-08 -0.00401822 6.32625e-07
4.60767e-08 -0.00401823 6.1915e-07
3.7134e-08 -0.00401822 6.1915e-07
4.60767e-08 -0.00401823 6.05674e-07
3.7134e-08 -0.00401822 6.05674e-07
4.60767e-08 -0.00401823 5.92199e-07
3.7134e-08 -0.00401822 5.92199e-07
4.60767e-08 -0.00401823 5.78723e-07
3.7134e-08 -0.00401822 5.78723e-07
4.60767e-08 -0.00401823 5.65248e-07
3.7134e-08 -0.00401822 5.65248e-07
4.60767e-08 -0.00401823 5.51773e-07
3.7134e-08 -0.00401822 5.51773e-07
4.60767e-08 -0.00401823 5.38297e-07
3.7134e-08 -0.00401822 5.38297e-07
4.60767e-08 -0.00401823 5.24822e-07
3.7134e-08 -0.00401822 5.24822e-07
4.60767e-08 -0.00401823 5.11347e-07
3.7134e-08 -0.00401822 5.11347e-07
4.60767e-08 -0.00401823 4.97871e-07
3.7134e-08 -0.00401822 4.97871e-07
4.60767e-08 -0.00401823 4.84396e-07
3.7134e-08 -0.00401822 4.84396e-07
4.60767e-08 -0.00401823 4.70921e-07
3.7134e-08 -0.00401822 4.70921e-07
4.60767e-08 -0.00401823 4.57445e-07
3.7134e-08 -0.00401822 4.57445e-07
4.60767e-08 -0.00401823 4.4397e-07
3.7134e-08 -0.00401822 4.4397e-07
4.60767e-08 -0.00401823 4.30495e-07
3.7134e-08 -0.00401822 4.30495e-07
4.60767e-08 -0.00401823 4.17019e-07
3.7134e-08 -0.00401822 4.17019e-07
4.60767e-08 -0.00401823 4.03544e-07
3.7134e-08 -0.00401822 4.03544e-07
4.60767e-08 -0.00401823 3.90069e-07
3.7134e-08 -0.00401822 3.90069e-07
4.60767e-08 -0.00401823 3.76593e-07
3.7134e-08 -0.00401823 3.76593e-07
4.60767e-08 -0.00401823 3.63118e-07
3.7134e-08 -0.00401823 3.63118e-07
4.60767e-08 -0.00401823 3.49643e-07
3.7134e-08 -0.00401823 3.49643e-07
4.60767e-08 -0.00401823 3.36167e-07
3.7134e-08 -0.00401823 3.36167e-07
4.60767e-08 -0.00401823 3.22692e-07
3.7134e-08 -0.00401823 3.22692e-07
4.60767e-08 -0.00401823 3.09217e-07
3.7134e-08 -0.00401823 3.09217e-07
4.60767e-08 -0.00401823 2.95741e-07
3.7134e-08 -0.00401823 2.95741e-07
4.60767e-08 -0.00401823 2.82266e-07
3.7134e-08 -0.00401823 2.82266e-07
4.60767e-08 -0.00401824 2.68791e-07
3.7134e-08 -0.00401823 2.68791e-07
4.60767e-08 -0.00401824 2.55315e-07
3.7134e-08 -0.00401823 2.55315e-07
4.60767e-08 -0.00401824 2.4184e-07
3.7134e-08 -0.00401823 2.4184e-07
4.60767e-08 -0.00401824 2.28365e-07
3.7134e-08 -0.00401823 2.28365e-07
4.60767e-08 -0.00401824 2.14889e-07
3.7134e-08 -0.00401823 2.14889e-07
4.60767e-08 -0.00401824 2.01414e-07
3.7134e-08 -0.00401823 2.01414e-07
4.60767e-08 -0.00401824 1.87938e-07
3.7134e-08 -0.00401823 1.87938e-07
4.60767e-08 -0.00401824 1.74463e-07
3.7134e-08 -0.00401823 1.74463e-07
4.60767e-08 -0.00401824 1.60988e-07
3.7134e-08 -0.00401823 1.60988e-07
4.60767e-08 -0.00401824 1.47512e-07
3.7134e-08 -0.00401823 1.47512e-07
4.60767e-08 -0.00401824 1.34037e-07
3.7134e-08 -0.00401823 1.34037e-07
4.60767e-08 -0.00401824 1.20562e-07
3.7134e-08 -0.00401823 1.20562e-07
4.60767e-08 -0.00401824 1.07086e-07
3.7134e-08 -0.00401823 1.07086e-07
4.60767e-08 -0.00401824 9.36111e-08
3.7134e-08 -0.00401823 9.36111e-08
4.60767e-08 -0.00401824 8.01357e-08
3.7134e-08 -0.00401823 8.01357e-08
4.60767e-08 -0.00401824 6.66604e-08
3.7134e-08 -0.00401823 6.66604e-08
4.60767e-08 -0.00401824 5.31851e-08
3.7134e-08 -0.00401823 5.31851e-08
4.60767e-08 -0.00401824 3.97097e-08
3.7134e-08 -0.00401823 3.97097e-08
4.60767e-08 -0.00401824 2.62344e-08
3.7134e-08 -0.00401823 2.62344e-08
4.60767e-08 -0.00401824 1.2759e-08
3.7134e-08 -0.00401823 1.2759e-08
4.60767e-08 -0.00401824 -7.16283e-10
3.7134e-08 -0.00401823 -7.16283e-10
4.60767e-08 -0.00401824 -1.41916e-08
3.7134e-08 -0.00401823 -1.41916e-08
4.60767e-08 -0.00401824 -2.7667e-08
3.7134e-08 -0.00401824 -2.7667e-08
4.60767e-08 -0.00401824 -4.11424e-08
3.7134e-08 -0.00401824 -4.11424e-08
4.60767e-08 -0.00401824 -5.46177e-08
3.7134e-08 -0.00401824 -5.46177e-08
4.60767e-08 -0.00401824 -6.8093e-08
3.7134e-08 -0.00401824 -6.8093e-08
4.60767e-08 -0.00401824 -8.15684e-08
3.7134e-08 -0.00401824 -8.15684e-08
4.60767e-08 -0.00401824 -9.50437e-08
3.7134e-08 -0.00401824 -9.50437e-08
4.60767e-08 -0.00401824 -1.08519e-07
3.7134e-08 -0.00401824 -1.08519e-07
4.60767e-08 -0.00401824 -1.21994e-07
3.7134e-08 -0.00401824 -1.21994e-07
4.60767e-08 -0.00401824 -1.3547e-07
3.7134e-08 -0.00401824 -1.3547e-07
4.60767e-08 -0.00401825 -1.48945e-07
3.7134e-08 -0.00401824 -1.48945e-07
4.60767e-08 -0.00401825 -1.6242e-07
3.7134e-08 -0.00401824 -1.6242e-07
4.60767e-08 -0.00401825 -1.75896e-07
3.7134e-08 -0.00401824 -1.75896e-07
4.60767e-08 -0.00401825 -1.89371e-07
3.7134e-08 -0.00401824 -1.89371e-07
4.60767e-08 -0.00401825 -2.02846e-07
3.7134e-08 -0.00401824 -2.02846e-07
4.60767e-08 -0.00401825 -2.16322e-07
3.7134e-08 -0.00401824 -2.16322e-07
4.60767e-08 -0.00401825 -2.29797e-07
3.7134e-08 -0.00401824 -2.29797e-07
4.60767e-08 -0.00401825 -2.43273e-07
3.7134e-08 -0.00401824 -2.43273e-07
4.60767e-08 -0.00401825 -2.56748e-07
3.7134e-08 -0.00401824 -2.56748e-07
4.60767e-08 -0.00401825 -2.70223e-07
3.7134e-08 -0.00401824 -2.70223e-07
4.60767e-08 -0.00401825 -2.83699e-07
3.7134e-08 -0.00401824 -2.83699e-07
4.60767e-08 -0.00401825 -2.97174e-07
3.7134e-08 -0.00401824 -2.97174e-07
4.60767e-08 -0.00401825 -3.10649e-07
3.7134e-08 -0.00401824 -3.10649e-07
4.60767e-08 -0.00401825 -3.24125e-07
3.7134e-08 -0.00401824 -3.24125e-07
4.60767e-08 -0.00401825 -3.376e-07
3.7134e-08 -0.00401824 -3.376e-07
4.60767e-08 -0.00401825 -3.51075e-07
3.7134e-08 -0.00401824 -3.51075e-07
1.03058e-08 -0.0040182 6.32625e-07
1.36307e-09 -0.00401819 6.32625e-07
1.03058e-08 -0.0040182 6.1915e-07
1.36307e-09 -0.00401819 6.1915e-07
1.03058e-08 -0.0040182 6.05674e-07
1.36307e-09 -0.00401819 6.05674e-07
1.03058e-08 -0.0040182 5.92199e-07
1.36307e-09 -0.00401819 5.92199e-07
1.03058e-08 -0.0040182 5.78723e-07
1.36307e-09 -0.00401819 5.78723e-07
1.03058e-08 -0.0040182 5.65248e-07
1.36307e-09 -0.00401819 5.65248e-07
1.03058e-08 -0.0040182 5.51773e-07
1.36307e-09 -0.00401819 5.51773e-07
1.03058e-08 -0.0040182 5.38297e-07
1.36307e-09 -0.00401819 5.38297e-07
1.03058e-08 -0.0040182 5.24822e-07
1.36307e-09 -0.00401819 5.24822e-07
1.03058e-08 -0.0040182 5.11347e-07
1.36307e-09 -0.00401819 5.11347e-07
1.03058e-08 -0.0040182 4.97871e-07
1.36307e-09 -0.00401819 4.97871e-07
1.03058e-08 -0.0040182 4.84396e-07
1.36307e-09 -0.00401819 4.84396e-07
1.03058e-08 -0.0040182 4.70921e-07
1.36307e-09 -0.00401819 4.70921e-07
1.03058e-08 -0.0040182 4.57445e-07
1.36307e-09 -0.0040182 4.57445e-07
1.03058e-08 -0.0040182 4.4397e-07
1.36307e-09 -0.0040182 4.4397e-07
1.03058e-08 -0.0040182 4.30495e-07
1.36307e-09 -0.0040182 4.30495e-07
1.03058e-08 -0.0040182 4.17019e-07
1.36307e-09 -0.0040182 4.17019e-07
1.03058e-08 -0.0040182 4.03544e-07
1.36307e-09 -0.0040182 4.03544e-07
1.03058e-08 -0.0040182 3.90069e-07
1.36307e-09 -0.0040182 3.90069e-07
1.03058e-08 -0.0040182 3.76593e-07
1.36307e-09 -0.0040182 3.76593e-07
1.03058e-08 -0.0040182 3.63118e-07
1.36307e-09 -0.0040182 3.63118e-07
1.03058e-08 -0.0040182 3.49643e-07
1.36307e-09 -0.0040182 3.49643e-07
1.03058e-08 -0.00401821 3.36167e-07
1.36307e-09 -0.0040182 3.36167e-07
1.03058e-08 -0.00401821 3.22692e-07
1.36307e-09 -0.0040182 3.22692e-07
1.03058e-08 -0.00401821 3.09217e-07
1.36307e-09 -0.0040182 3.09217e-07
1.03058e-08 -0.00401821 2.95741e-07
1.36307e-09 -0.0040182 2.95741e-07
1.03058e-08 -0.00401821 2.82266e-07
1.36307e-09 -0.0040182 2.82266e-07
1.03058e-08 -0.00401821 2.68791e-07
1.36307e-09 -0.0040182 2.68791e-07
1.03058e-08 -0.00401821 2.55315e-07
1.36307e-09 -0.0040182 2.55315e-07
1.03058e-08 -0.00401821 2.4184e-07
1.36307e-09 -0.0040182 2.4184e-07
1.03058e-08 -0.00401821 2.28365e-07
1.36307e-09 -0.0040182 2.28365e-07
1.03058e-08 -0.00401821 2.14889e-07
1.36307e-09 -0.0040182 2.14889e-07
1.03058e-08 -0.00401821 2.01414e-07
1.36307e-09 -0.0040182 2.01414e-07
1.03058e-08 -0.00401821 1.87938e-07
1.36307e-09 -0.0040182 1.87938e-07
1.03058e-08 -0.00401821 1.74463e-07
1.36307e-09 -0.0040182 1.74463e-07
1.03058e-08 -0.00401821 1.60988e-07
1.36307e-09 -0.0040182 1.60988e-07
1.03058e-08 -0.00401821 1.47512e-07
1.36307e-09 -0.0040182 1.47512e-07
1.03058e-08 -0.00401821 1.34037e-07
1.36307e-09 -0.0040182 1.34037e-07
1.03058e-08 -0.00401821 1.20562e-07
1.36307e-09 -0.0040182 1.20562e-07
1.03058e-08 -0.00401821 1.07086e-07
1.36307e-09 -0.0040182 1.07086e-07
1.03058e-08 -0.00401821 9.36111e-08
1.36307e-09 -0.0040182 9.36111e-08
1.03058e-08 -0.00401821 8.01357e-08
1.36307e-09 -0.0040182 8.01357e-08
1.03058e-08 -0.00401821 6.66604e-08
1.36307e-09 -0.0040182 6.66604e-08
1.03058e-08 -0.00401821 5.31851e-08
1.36307e-09 -0.00401821 5.31851e-08
1.03058e-08 -0.00401821 3.97097e-08
1.36307e-09 -0.00401821 3.97097e-08
1.03058e-08 -0.00401821 2.62344e-08
1.36307e-09 -0.00401821 2.62344e-08
1.03058e-08 -0.00401821 1.2759e-08
1.36307e-09 -0.00401821 1.2759e-08
1.03058e-08 -0.00401821 -7.16283e-10
1.36307e-09 -0.00401821 -7.16283e-10
1.03058e-08 -0.00401821 -1.41916e-08
1.36307e-09 -0.00401821 -1.41916e-08
1.03058e-08 -0.00401821 -2.7667e-08
1.36307e-09 -0.00401821 -2.7667e-08
1.03058e-08 -0.00401821 -4.11424e-08
1.36307e-09 -0.00401821 -4.11424e-08
1.03058e-08 -0.00401821 -5.46177e-08
1.36307e-09 -0.00401821 -5.46177e-08
1.03058e-08 -0.00401821 -6.8093e-08
1.36307e-09 -0.00401821 -6.8093e-08
1.03058e-08 -0.00401822 -8.15684e-08
1.36307e-09 -0.00401821 -8.15684e-08
1.03058e-08 -0.00401822 -9.50437e-08
1.36307e-09 -0.00401821 -9.50437e-08
1.03058e-08 -0.00401822 -1.08519e-07
1.36307e-09 -0.00401821 -1.08519e-07
1.03058e-08 -0.00401822 -1.21994e-07
1.36307e-09 -0.00401821 -1.21994e-07
1.03058e-08 -0.00401822 -1.3547e-07
1.36307e-09 -0.00401821 -1.3547e-07
1.03058e-08 -0.00401822 -1.48945e-07
1.36307e-09 -0.00401821 -1.48945e-07
1.03058e-08 -0.00401822 -1.6242e-07
1.36307e-09 -0.00401821 -1.6242e-07
1.03058e-08 -0.00401822 -1.75896e-07
1.36307e-09 -0.00401821 -1.75896e-07
1.03058e-08 -0.00401822 -1.89371e-07
1.36307e-09 -0.00401821 -1.89371e-07
1.03058e-08 -0.00401822 -2.02846e-07
1.36307e-09 -0.00401821 -2.02846e-07
1.03058e-08 -0.00401822 -2.16322e-07
1.36307e-09 -0.00401821 -2.16322e-07
1.03058e-08 -0.00401822 -2.29797e-07
1.36307e-09 -0.00401821 -2.29797e-07
1.03058e-08 -0.00401822 -2.43273e-07
1.36307e-09 -0.00401821 -2.43273e-07
1.03058e-08 -0.00401822 -2.56748e-07
1.36307e-09 -0.00401821 -2.56748e-07
1.03058e-08 -0.00401822 -2.70223e-07
1.36307e-09 -0.00401821 -2.70223e-07
1.03058e-08 -0.00401822 -2.83699e-07
1.36307e-09 -0.00401821 -2.83699e-07
1.03058e-08 -0.00401822 -2.97174e-07
1.36307e-09 -0.00401821 -2.97174e-07
1.03058e-08 -0.00401822 -3.10649e-07
1.36307e-09 -0.00401821 -3.10649e-07
1.03058e-08 -0.00401822 -3.24125e-07
1.36307e-09 -0.00401821 -3.24125e-07
1.03058e-08 -0.00401822 -3.376e-07
1.36307e-09 -0.00401821 -3.376e-07
1.03058e-08 -0.00401822 -3.51075e-07
1.36307e-09 -0.00401821 -3.51075e-07
