2.12876e-08 -0.00400884 2.33025e-07
2.12876e-08 -0.00400886 3.14458e-07
1.90667e-08 -0.00400889 2.33025e-07
1.90667e-08 -0.00400891 3.14458e-07
2.12876e-08 -0.00400884 2.3414e-07
2.12876e-08 -0.00400884 2.35256e-07
2.12876e-08 -0.00400884 2.36371e-07
2.12876e-08 -0.00400884 2.37487e-07
2.12876e-08 -0.00400884 2.38602e-07
2.12876e-08 -0.00400884 2.39718e-07
2.12876e-08 -0.00400884 2.40833e-07
2.12876e-08 -0.00400884 2.41949e-07
2.12876e-08 -0.00400884 2.43065e-07
2.12876e-08 -0.00400884 2.4418e-07
2.12876e-08 -0.00400884 2.45296e-07
2.12876e-08 -0.00400884 2.46411e-07
2.12876e-08 -0.00400884 2.47527e-07
2.12876e-08 -0.00400884 2.48642e-07
2.12876e-08 -0.00400884 2.49758e-07
2.12876e-08 -0.00400884 2.50873e-07
2.12876e-08 -0.00400884 2.51989e-07
2.12876e-08 -0.00400884 2.53104e-07
2.12876e-08 -0.00400884 2.5422e-07
2.12876e-08 -0.00400884 2.55335e-07
2.12876e-08 -0.00400885 2.56451e-07
2.12876e-08 -0.00400885 2.57566e-07
2.12876e-08 -0.00400885 2.58682e-07
2.12876e-08 -0.00400885 2.59797e-07
2.12876e-08 -0.00400885 2.60913e-07
2.12876e-08 -0.00400885 2.62028e-07
2.12876e-08 -0.00400885 2.63144e-07
2.12876e-08 -0.00400885 2.64259e-07
2.12876e-08 -0.00400885 2.65375e-07
2.12876e-08 -0.00400885 2.6649e-07
2.12876e-08 -0.00400885 2.67606e-07
2.12876e-08 -0.00400885 2.68722e-07
2.12876e-08 -0.00400885 2.69837e-07
2.12876e-08 -0.00400885 2.70953e-07
2.12876e-08 -0.00400885 2.72068e-07
2.12876e-08 -0.00400885 2.73184e-07
2.12876e-08 -0.00400885 2.74299e-07
2.12876e-08 -0.00400885 2.75415e-07
2.12876e-08 -0.00400885 2.7653e-07
2.12876e-08 -0.00400885 2.77646e-07
2.12876e-08 -0.00400885 2.78761e-07
2.12876e-08 -0.00400885 2.79877e-07
2.12876e-08 -0.00400885 2.80992e-07
2.12876e-08 -0.00400885 2.82108e-07
2.12876e-08 -0.00400885 2.83223e-07
2.12876e-08 -0.00400885 2.84339e-07
2.12876e-08 -0.00400885 2.85454e-07
2.12876e-08 -0.00400885 2.8657e-07
2.12876e-08 -0.00400885 2.87685e-07
2.12876e-08 -0.00400885 2.88801e-07
2.12876e-08 -0.00400885 2.89916e-07
2.12876e-08 -0.00400885 2.91032e-07
2.12876e-08 -0.00400885 2.92148e-07
2.12876e-08 -0.00400885 2.93263e-07
2.12876e-08 -0.00400885 2.94379e-07
2.12876e-08 -0.00400885 2.95494e-07
2.12876e-08 -0.00400886 2.9661e-07
2.12876e-08 -0.00400886 2.97725e-07
2.12876e-08 -0.00400886 2.98841e-07
2.12876e-08 -0.00400886 2.99956e-07
2.12876e-08 -0.00400886 3.01072e-07
2.12876e-08 -0.00400886 3.02187e-07
2.12876e-08 -0.00400886 3.03303e-07
2.12876e-08 -0.00400886 3.04418e-07
2.12876e-08 -0.00400886 3.05534e-07
2.12876e-08 -0.00400886 3.06649e-07
2.12876e-08 -0.00400886 3.07765e-07
2.12876e-08 -0.00400886 3.0888e-07
2.12876e-08 -0.00400886 3.09996e-07
2.12876e-08 -0.00400886 3.11111e-07
2.12876e-08 -0.00400886 3.12227e-07
2.12876e-08 -0.00400886 3.13342e-07
2.01771e-08 -0.00400888 3.14458e-07
2.01771e-08 -0.00400886 2.33025e-07
1.90667e-08 -0.00400891 3.13342e-07
1.90667e-08 -0.00400891 3.12227e-07
1.90667e-08 -0.00400891 3.11111e-07
1.90667e-08 -0.00400891 3.09996e-07
1.90667e-08 -0.0040089 3.0888e-07
1.90667e-08 -0.0040089 3.07765e-07
1.90667e-08 -0.0040089 3.06649e-07
1.90667e-08 -0.0040089 3.05534e-07
1.90667e-08 -0.0040089 3.04418e-07
1.90667e-08 -0.0040089 3.03303e-07
1.90667e-08 -0.0040089 3.02187e-07
1.90667e-08 -0.0040089 3.01072e-07
1.90667e-08 -0.0040089 2.99956e-07
1.90667e-08 -0.0040089 2.98841e-07
1.90667e-08 -0.0040089 2.97725e-07
1.90667e-08 -0.0040089 2.9661e-07
1.90667e-08 -0.0040089 2.95494e-07
1.90667e-08 -0.0040089 2.94379e-07
1.90667e-08 -0.0040089 2.93263e-07
1.90667e-08 -0.0040089 2.92148e-07
1.90667e-08 -0.0040089 2.91032e-07
1.90667e-08 -0.0040089 2.89916e-07
1.90667e-08 -0.0040089 2.88801e-07
1.90667e-08 -0.0040089 2.87685e-07
1.90667e-08 -0.0040089 2.8657e-07
1.90667e-08 -0.0040089 2.85454e-07
1.90667e-08 -0.0040089 2.84339e-07
1.90667e-08 -0.0040089 2.83223e-07
1.90667e-08 -0.0040089 2.82108e-07
1.90667e-08 -0.0040089 2.80992e-07
1.90667e-08 -0.0040089 2.79877e-07
1.90667e-08 -0.0040089 2.78761e-07
1.90667e-08 -0.0040089 2.77646e-07
1.90667e-08 -0.0040089 2.7653e-07
1.90667e-08 -0.0040089 2.75415e-07
1.90667e-08 -0.0040089 2.74299e-07
1.90667e-08 -0.0040089 2.73184e-07
1.90667e-08 -0.0040089 2.72068e-07
1.90667e-08 -0.0040089 2.70953e-07
1.90667e-08 -0.0040089 2.69837e-07
1.90667e-08 -0.00400889 2.68722e-07
1.90667e-08 -0.00400889 2.67606e-07
1.90667e-08 -0.00400889 2.6649e-07
1.90667e-08 -0.00400889 2.65375e-07
1.90667e-08 -0.00400889 2.64259e-07
1.90667e-08 -0.00400889 2.63144e-07
1.90667e-08 -0.00400889 2.62028e-07
1.90667e-08 -0.00400889 2.60913e-07
1.90667e-08 -0.00400889 2.59797e-07
1.90667e-08 -0.00400889 2.58682e-07
1.90667e-08 -0.00400889 2.57566e-07
1.90667e-08 -0.00400889 2.56451e-07
1.90667e-08 -0.00400889 2.55335e-07
1.90667e-08 -0.00400889 2.5422e-07
1.90667e-08 -0.00400889 2.53104e-07
1.90667e-08 -0.00400889 2.51989e-07
1.90667e-08 -0.00400889 2.50873e-07
1.90667e-08 -0.00400889 2.49758e-07
1.90667e-08 -0.00400889 2.48642e-07
1.90667e-08 -0.00400889 2.47527e-07
1.90667e-08 -0.00400889 2.46411e-07
1.90667e-08 -0.00400889 2.45296e-07
1.90667e-08 -0.00400889 2.4418e-07
1.90667e-08 -0.00400889 2.43065e-07
1.90667e-08 -0.00400889 2.41949e-07
1.90667e-08 -0.00400889 2.40833e-07
1.90667e-08 -0.00400889 2.39718e-07
1.90667e-08 -0.00400889 2.38602e-07
1.90667e-08 -0.00400889 2.37487e-07
1.90667e-08 -0.00400889 2.36371e-07
1.90667e-08 -0.00400889 2.35256e-07
1.90667e-08 -0.00400889 2.3414e-07
2.01771e-08 -0.00400888 3.13342e-07
2.01771e-08 -0.00400888 3.12227e-07
2.01771e-08 -0.00400888 3.11111e-07
2.01771e-08 -0.00400888 3.09996e-07
2.01771e-08 -0.00400888 3.0888e-07
2.01771e-08 -0.00400888 3.07765e-07
2.01771e-08 -0.00400888 3.06649e-07
2.01771e-08 -0.00400888 3.05534e-07
2.01771e-08 -0.00400888 3.04418e-07
2.01771e-08 -0.00400888 3.03303e-07
2.01771e-08 -0.00400888 3.02187e-07
2.01771e-08 -0.00400888 3.01072e-07
2.01771e-08 -0.00400888 2.99956e-07
2.01771e-08 -0.00400888 2.98841e-07
2.01771e-08 -0.00400888 2.97725e-07
2.01771e-08 -0.00400888 2.9661e-07
2.01771e-08 -0.00400888 2.95494e-07
2.01771e-08 -0.00400888 2.94379e-07
2.01771e-08 -0.00400888 2.93263e-07
2.01771e-08 -0.00400888 2.92148e-07
2.01771e-08 -0.00400888 2.91032e-07
2.01771e-08 -0.00400888 2.89916e-07
2.01771e-08 -0.00400888 2.88801e-07
2.01771e-08 -0.00400888 2.87685e-07
2.01771e-08 -0.00400888 2.8657e-07
2.01771e-08 -0.00400888 2.85454e-07
2.01771e-08 -0.00400888 2.84339e-07
2.01771e-08 -0.00400888 2.83223e-07
2.01771e-08 -0.00400887 2.82108e-07
2.01771e-08 -0.00400887 2.80992e-07
2.01771e-08 -0.00400887 2.79877e-07
2.01771e-08 -0.00400887 2.78761e-07
2.01771e-08 -0.00400887 2.77646e-07
2.01771e-08 -0.00400887 2.7653e-07
2.01771e-08 -0.00400887 2.75415e-07
2.01771e-08 -0.00400887 2.74299e-07
2.01771e-08 -0.00400887 2.73184e-07
2.01771e-08 -0.00400887 2.72068e-07
2.01771e-08 -0.00400887 2.70953e-07
2.01771e-08 -0.00400887 2.69837e-07
2.01771e-08 -0.00400887 2.68722e-07
2.01771e-08 -0.00400887 2.67606e-07
2.01771e-08 -0.00400887 2.6649e-07
2.01771e-08 -0.00400887 2.65375e-07
2.01771e-08 -0.00400887 2.64259e-07
2.01771e-08 -0.00400887 2.63144e-07
2.01771e-08 -0.00400887 2.62028e-07
2.01771e-08 -0.00400887 2.60913e-07
2.01771e-08 -0.00400887 2.59797e-07
2.01771e-08 -0.00400887 2.58682e-07
2.01771e-08 -0.00400887 2.57566e-07
2.01771e-08 -0.00400887 2.56451e-07
2.01771e-08 -0.00400887 2.55335e-07
2.01771e-08 -0.00400887 2.5422e-07
2.01771e-08 -0.00400887 2.53104e-07
2.01771e-08 -0.00400887 2.51989e-07
2.01771e-08 -0.00400887 2.50873e-07
2.01771e-08 -0.00400887 2.49758e-07
2.01771e-08 -0.00400887 2.48642e-07
2.01771e-08 -0.00400887 2.47527e-07
2.01771e-08 -0.00400887 2.46411e-07
2.01771e-08 -0.00400887 2.45296e-07
2.01771e-08 -0.00400887 2.4418e-07
2.01771e-08 -0.00400887 2.43065e-07
2.01771e-08 -0.00400886 2.41949e-07
2.01771e-08 -0.00400886 2.40833e-07
2.01771e-08 -0.00400886 2.39718e-07
2.01771e-08 -0.00400886 2.38602e-07
2.01771e-08 -0.00400886 2.37487e-07
2.01771e-08 -0.00400886 2.36371e-07
2.01771e-08 -0.00400886 2.35256e-07
2.01771e-08 -0.00400886 2.3414e-07
1.83264e-08 -0.0040089 2.33025e-07
1.90667e-08 -0.00400889 2.33025e-07
1.83264e-08 -0.0040089 2.3414e-07
1.90667e-08 -0.00400889 2.3414e-07
1.83264e-08 -0.0040089 2.35256e-07
1.90667e-08 -0.00400889 2.35256e-07
1.83264e-08 -0.0040089 2.36371e-07
1.90667e-08 -0.00400889 2.36371e-07
1.83264e-08 -0.0040089 2.37487e-07
1.90667e-08 -0.00400889 2.37487e-07
1.83264e-08 -0.0040089 2.38602e-07
1.90667e-08 -0.00400889 2.38602e-07
1.83264e-08 -0.0040089 2.39718e-07
1.90667e-08 -0.00400889 2.39718e-07
1.83264e-08 -0.0040089 2.40833e-07
1.90667e-08 -0.00400889 2.40833e-07
1.83264e-08 -0.0040089 2.41949e-07
1.90667e-08 -0.00400889 2.41949e-07
1.83264e-08 -0.0040089 2.43065e-07
1.90667e-08 -0.00400889 2.43065e-07
1.83264e-08 -0.0040089 2.4418e-07
1.90667e-08 -0.00400889 2.4418e-07
1.83264e-08 -0.0040089 2.45296e-07
1.90667e-08 -0.00400889 2.45296e-07
1.83264e-08 -0.00400891 2.46411e-07
1.90667e-08 -0.00400889 2.46411e-07
1.83264e-08 -0.00400891 2.47527e-07
1.90667e-08 -0.00400889 2.47527e-07
1.83264e-08 -0.00400891 2.48642e-07
1.90667e-08 -0.00400889 2.48642e-07
1.83264e-08 -0.00400891 2.49758e-07
1.90667e-08 -0.00400889 2.49758e-07
1.83264e-08 -0.00400891 2.50873e-07
1.90667e-08 -0.00400889 2.50873e-07
1.83264e-08 -0.00400891 2.51989e-07
1.90667e-08 -0.00400889 2.51989e-07
1.83264e-08 -0.00400891 2.53104e-07
1.90667e-08 -0.00400889 2.53104e-07
1.83264e-08 -0.00400891 2.5422e-07
1.90667e-08 -0.00400889 2.5422e-07
1.83264e-08 -0.00400891 2.55335e-07
1.90667e-08 -0.00400889 2.55335e-07
1.83264e-08 -0.00400891 2.56451e-07
1.90667e-08 -0.00400889 2.56451e-07
1.83264e-08 -0.00400891 2.57566e-07
1.90667e-08 -0.00400889 2.57566e-07
1.83264e-08 -0.00400891 2.58682e-07
1.90667e-08 -0.00400889 2.58682e-07
1.83264e-08 -0.00400891 2.59797e-07
1.90667e-08 -0.00400889 2.59797e-07
1.83264e-08 -0.00400891 2.60913e-07
1.90667e-08 -0.00400889 2.60913e-07
1.83264e-08 -0.00400891 2.62028e-07
1.90667e-08 -0.00400889 2.62028e-07
1.83264e-08 -0.00400891 2.63144e-07
1.90667e-08 -0.00400889 2.63144e-07
1.83264e-08 -0.00400891 2.64259e-07
1.90667e-08 -0.00400889 2.64259e-07
1.83264e-08 -0.00400891 2.65375e-07
1.90667e-08 -0.00400889 2.65375e-07
1.83264e-08 -0.00400891 2.6649e-07
1.90667e-08 -0.00400889 2.6649e-07
1.83264e-08 -0.00400891 2.67606e-07
1.90667e-08 -0.00400889 2.67606e-07
1.83264e-08 -0.00400891 2.68722e-07
1.90667e-08 -0.00400889 2.68722e-07
1.83264e-08 -0.00400891 2.69837e-07
1.90667e-08 -0.0040089 2.69837e-07
1.83264e-08 -0.00400891 2.70953e-07
1.90667e-08 -0.0040089 2.70953e-07
1.83264e-08 -0.00400891 2.72068e-07
1.90667e-08 -0.0040089 2.72068e-07
1.83264e-08 -0.00400891 2.73184e-07
1.90667e-08 -0.0040089 2.73184e-07
1.83264e-08 -0.00400891 2.74299e-07
1.90667e-08 -0.0040089 2.74299e-07
1.83264e-08 -0.00400891 2.75415e-07
1.90667e-08 -0.0040089 2.75415e-07
1.83264e-08 -0.00400891 2.7653e-07
1.90667e-08 -0.0040089 2.7653e-07
1.83264e-08 -0.00400891 2.77646e-07
1.90667e-08 -0.0040089 2.77646e-07
1.83264e-08 -0.00400891 2.78761e-07
1.90667e-08 -0.0040089 2.78761e-07
1.83264e-08 -0.00400891 2.79877e-07
1.90667e-08 -0.0040089 2.79877e-07
1.83264e-08 -0.00400891 2.80992e-07
1.90667e-08 -0.0040089 2.80992e-07
1.83264e-08 -0.00400891 2.82108e-07
1.90667e-08 -0.0040089 2.82108e-07
1.83264e-08 -0.00400891 2.83223e-07
1.90667e-08 -0.0040089 2.83223e-07
1.83264e-08 -0.00400891 2.84339e-07
1.90667e-08 -0.0040089 2.84339e-07
1.83264e-08 -0.00400891 2.85454e-07
1.90667e-08 -0.0040089 2.85454e-07
1.83264e-08 -0.00400891 2.8657e-07
1.90667e-08 -0.0040089 2.8657e-07
1.83264e-08 -0.00400891 2.87685e-07
1.90667e-08 -0.0040089 2.87685e-07
1.83264e-08 -0.00400892 2.88801e-07
1.90667e-08 -0.0040089 2.88801e-07
1.83264e-08 -0.00400892 2.89916e-07
1.90667e-08 -0.0040089 2.89916e-07
1.83264e-08 -0.00400892 2.91032e-07
1.90667e-08 -0.0040089 2.91032e-07
1.83264e-08 -0.00400892 2.92148e-07
1.90667e-08 -0.0040089 2.92148e-07
1.83264e-08 -0.00400892 2.93263e-07
1.90667e-08 -0.0040089 2.93263e-07
1.83264e-08 -0.00400892 2.94379e-07
1.90667e-08 -0.0040089 2.94379e-07
1.83264e-08 -0.00400892 2.95494e-07
1.90667e-08 -0.0040089 2.95494e-07
1.83264e-08 -0.00400892 2.9661e-07
1.90667e-08 -0.0040089 2.9661e-07
1.83264e-08 -0.00400892 2.97725e-07
1.90667e-08 -0.0040089 2.97725e-07
1.83264e-08 -0.00400892 2.98841e-07
1.90667e-08 -0.0040089 2.98841e-07
1.83264e-08 -0.00400892 2.99956e-07
1.90667e-08 -0.0040089 2.99956e-07
1.83264e-08 -0.00400892 3.01072e-07
1.90667e-08 -0.0040089 3.01072e-07
1.83264e-08 -0.00400892 3.02187e-07
1.90667e-08 -0.0040089 3.02187e-07
1.83264e-08 -0.00400892 3.03303e-07
1.90667e-08 -0.0040089 3.03303e-07
1.83264e-08 -0.00400892 3.04418e-07
1.90667e-08 -0.0040089 3.04418e-07
1.83264e-08 -0.00400892 3.05534e-07
1.90667e-08 -0.0040089 3.05534e-07
1.83264e-08 -0.00400892 3.06649e-07
1.90667e-08 -0.0040089 3.06649e-07
1.83264e-08 -0.00400892 3.07765e-07
1.90667e-08 -0.0040089 3.07765e-07
1.83264e-08 -0.00400892 3.0888e-07
1.90667e-08 -0.0040089 3.0888e-07
1.83264e-08 -0.00400892 3.09996e-07
1.90667e-08 -0.00400891 3.09996e-07
1.83264e-08 -0.00400892 3.11111e-07
1.90667e-08 -0.00400891 3.11111e-07
1.83264e-08 -0.00400892 3.12227e-07
1.90667e-08 -0.00400891 3.12227e-07
1.83264e-08 -0.00400892 3.13342e-07
1.90667e-08 -0.00400891 3.13342e-07
1.83264e-08 -0.00400892 3.14458e-07
1.90667e-08 -0.00400891 3.14458e-07
2.12876e-08 -0.00400884 2.33025e-07
2.20279e-08 -0.00400882 2.33025e-07
2.12876e-08 -0.00400884 2.3414e-07
2.20279e-08 -0.00400882 2.3414e-07
2.12876e-08 -0.00400884 2.35256e-07
2.20279e-08 -0.00400882 2.35256e-07
2.12876e-08 -0.00400884 2.36371e-07
2.20279e-08 -0.00400882 2.36371e-07
2.12876e-08 -0.00400884 2.37487e-07
2.20279e-08 -0.00400883 2.37487e-07
2.12876e-08 -0.00400884 2.38602e-07
2.20279e-08 -0.00400883 2.38602e-07
2.12876e-08 -0.00400884 2.39718e-07
2.20279e-08 -0.00400883 2.39718e-07
2.12876e-08 -0.00400884 2.40833e-07
2.20279e-08 -0.00400883 2.40833e-07
2.12876e-08 -0.00400884 2.41949e-07
2.20279e-08 -0.00400883 2.41949e-07
2.12876e-08 -0.00400884 2.43065e-07
2.20279e-08 -0.00400883 2.43065e-07
2.12876e-08 -0.00400884 2.4418e-07
2.20279e-08 -0.00400883 2.4418e-07
2.12876e-08 -0.00400884 2.45296e-07
2.20279e-08 -0.00400883 2.45296e-07
2.12876e-08 -0.00400884 2.46411e-07
2.20279e-08 -0.00400883 2.46411e-07
2.12876e-08 -0.00400884 2.47527e-07
2.20279e-08 -0.00400883 2.47527e-07
2.12876e-08 -0.00400884 2.48642e-07
2.20279e-08 -0.00400883 2.48642e-07
2.12876e-08 -0.00400884 2.49758e-07
2.20279e-08 -0.00400883 2.49758e-07
2.12876e-08 -0.00400884 2.50873e-07
2.20279e-08 -0.00400883 2.50873e-07
2.12876e-08 -0.00400884 2.51989e-07
2.20279e-08 -0.00400883 2.51989e-07
2.12876e-08 -0.00400884 2.53104e-07
2.20279e-08 -0.00400883 2.53104e-07
2.12876e-08 -0.00400884 2.5422e-07
2.20279e-08 -0.00400883 2.5422e-07
2.12876e-08 -0.00400884 2.55335e-07
2.20279e-08 -0.00400883 2.55335e-07
2.12876e-08 -0.00400885 2.56451e-07
2.20279e-08 -0.00400883 2.56451e-07
2.12876e-08 -0.00400885 2.57566e-07
2.20279e-08 -0.00400883 2.57566e-07
2.12876e-08 -0.00400885 2.58682e-07
2.20279e-08 -0.00400883 2.58682e-07
2.12876e-08 -0.00400885 2.59797e-07
2.20279e-08 -0.00400883 2.59797e-07
2.12876e-08 -0.00400885 2.60913e-07
2.20279e-08 -0.00400883 2.60913e-07
2.12876e-08 -0.00400885 2.62028e-07
2.20279e-08 -0.00400883 2.62028e-07
2.12876e-08 -0.00400885 2.63144e-07
2.20279e-08 -0.00400883 2.63144e-07
2.12876e-08 -0.00400885 2.64259e-07
2.20279e-08 -0.00400883 2.64259e-07
2.12876e-08 -0.00400885 2.65375e-07
2.20279e-08 -0.00400883 2.65375e-07
2.12876e-08 -0.00400885 2.6649e-07
2.20279e-08 -0.00400883 2.6649e-07
2.12876e-08 -0.00400885 2.67606e-07
2.20279e-08 -0.00400883 2.67606e-07
2.12876e-08 -0.00400885 2.68722e-07
2.20279e-08 -0.00400883 2.68722e-07
2.12876e-08 -0.00400885 2.69837e-07
2.20279e-08 -0.00400883 2.69837e-07
2.12876e-08 -0.00400885 2.70953e-07
2.20279e-08 -0.00400883 2.70953e-07
2.12876e-08 -0.00400885 2.72068e-07
2.20279e-08 -0.00400883 2.72068e-07
2.12876e-08 -0.00400885 2.73184e-07
2.20279e-08 -0.00400883 2.73184e-07
2.12876e-08 -0.00400885 2.74299e-07
2.20279e-08 -0.00400883 2.74299e-07
2.12876e-08 -0.00400885 2.75415e-07
2.20279e-08 -0.00400883 2.75415e-07
2.12876e-08 -0.00400885 2.7653e-07
2.20279e-08 -0.00400883 2.7653e-07
2.12876e-08 -0.00400885 2.77646e-07
2.20279e-08 -0.00400884 2.77646e-07
2.12876e-08 -0.00400885 2.78761e-07
2.20279e-08 -0.00400884 2.78761e-07
2.12876e-08 -0.00400885 2.79877e-07
2.20279e-08 -0.00400884 2.79877e-07
2.12876e-08 -0.00400885 2.80992e-07
2.20279e-08 -0.00400884 2.80992e-07
2.12876e-08 -0.00400885 2.82108e-07
2.20279e-08 -0.00400884 2.82108e-07
2.12876e-08 -0.00400885 2.83223e-07
2.20279e-08 -0.00400884 2.83223e-07
2.12876e-08 -0.00400885 2.84339e-07
2.20279e-08 -0.00400884 2.84339e-07
2.12876e-08 -0.00400885 2.85454e-07
2.20279e-08 -0.00400884 2.85454e-07
2.12876e-08 -0.00400885 2.8657e-07
2.20279e-08 -0.00400884 2.8657e-07
2.12876e-08 -0.00400885 2.87685e-07
2.20279e-08 -0.00400884 2.87685e-07
2.12876e-08 -0.00400885 2.88801e-07
2.20279e-08 -0.00400884 2.88801e-07
2.12876e-08 -0.00400885 2.89916e-07
2.20279e-08 -0.00400884 2.89916e-07
2.12876e-08 -0.00400885 2.91032e-07
2.20279e-08 -0.00400884 2.91032e-07
2.12876e-08 -0.00400885 2.92148e-07
2.20279e-08 -0.00400884 2.92148e-07
2.12876e-08 -0.00400885 2.93263e-07
2.20279e-08 -0.00400884 2.93263e-07
2.12876e-08 -0.00400885 2.94379e-07
2.20279e-08 -0.00400884 2.94379e-07
2.12876e-08 -0.00400885 2.95494e-07
2.20279e-08 -0.00400884 2.95494e-07
2.12876e-08 -0.00400886 2.9661e-07
2.20279e-08 -0.00400884 2.9661e-07
2.12876e-08 -0.00400886 2.97725e-07
2.20279e-08 -0.00400884 2.97725e-07
2.12876e-08 -0.00400886 2.98841e-07
2.20279e-08 -0.00400884 2.98841e-07
2.12876e-08 -0.00400886 2.99956e-07
2.20279e-08 -0.00400884 2.99956e-07
2.12876e-08 -0.00400886 3.01072e-07
2.20279e-08 -0.00400884 3.01072e-07
2.12876e-08 -0.00400886 3.02187e-07
2.20279e-08 -0.00400884 3.02187e-07
2.12876e-08 -0.00400886 3.03303e-07
2.20279e-08 -0.00400884 3.03303e-07
2.12876e-08 -0.00400886 3.04418e-07
2.20279e-08 -0.00400884 3.04418e-07
2.12876e-08 -0.00400886 3.05534e-07
2.20279e-08 -0.00400884 3.05534e-07
2.12876e-08 -0.00400886 3.06649e-07
2.20279e-08 -0.00400884 3.06649e-07
2.12876e-08 -0.00400886 3.07765e-07
2.20279e-08 -0.00400884 3.07765e-07
2.12876e-08 -0.00400886 3.0888e-07
2.20279e-08 -0.00400884 3.0888e-07
2.12876e-08 -0.00400886 3.09996e-07
2.20279e-08 -0.00400884 3.09996e-07
2.12876e-08 -0.00400886 3.11111e-07
2.20279e-08 -0.00400884 3.11111e-07
2.12876e-08 -0.00400886 3.12227e-07
2.20279e-08 -0.00400884 3.12227e-07
2.12876e-08 -0.00400886 3.13342e-07
2.20279e-08 -0.00400884 3.13342e-07
2.12876e-08 -0.00400886 3.14458e-07
2.20279e-08 -0.00400884 3.14458e-07
