-1.1809e-07 -0.00402304 -1.16474e-05
-1.1809e-07 -0.00402275 -7.26328e-06
-2.37657e-07 -0.0040228 -1.16474e-05
-2.37657e-07 -0.00402251 -7.26328e-06
-1.1809e-07 -0.00402304 -1.15874e-05
-1.1809e-07 -0.00402303 -1.15273e-05
-1.1809e-07 -0.00402303 -1.14672e-05
-1.1809e-07 -0.00402302 -1.14072e-05
-1.1809e-07 -0.00402302 -1.13471e-05
-1.1809e-07 -0.00402302 -1.12871e-05
-1.1809e-07 -0.00402301 -1.1227e-05
-1.1809e-07 -0.00402301 -1.1167e-05
-1.1809e-07 -0.00402301 -1.11069e-05
-1.1809e-07 -0.004023 -1.10468e-05
-1.1809e-07 -0.004023 -1.09868e-05
-1.1809e-07 -0.00402299 -1.09267e-05
-1.1809e-07 -0.00402299 -1.08667e-05
-1.1809e-07 -0.00402299 -1.08066e-05
-1.1809e-07 -0.00402298 -1.07466e-05
-1.1809e-07 -0.00402298 -1.06865e-05
-1.1809e-07 -0.00402297 -1.06264e-05
-1.1809e-07 -0.00402297 -1.05664e-05
-1.1809e-07 -0.00402297 -1.05063e-05
-1.1809e-07 -0.00402296 -1.04463e-05
-1.1809e-07 -0.00402296 -1.03862e-05
-1.1809e-07 -0.00402295 -1.03262e-05
-1.1809e-07 -0.00402295 -1.02661e-05
-1.1809e-07 -0.00402295 -1.02061e-05
-1.1809e-07 -0.00402294 -1.0146e-05
-1.1809e-07 -0.00402294 -1.00859e-05
-1.1809e-07 -0.00402293 -1.00259e-05
-1.1809e-07 -0.00402293 -9.96583e-06
-1.1809e-07 -0.00402293 -9.90577e-06
-1.1809e-07 -0.00402292 -9.84571e-06
-1.1809e-07 -0.00402292 -9.78566e-06
-1.1809e-07 -0.00402291 -9.7256e-06
-1.1809e-07 -0.00402291 -9.66554e-06
-1.1809e-07 -0.00402291 -9.60549e-06
-1.1809e-07 -0.0040229 -9.54543e-06
-1.1809e-07 -0.0040229 -9.48537e-06
-1.1809e-07 -0.00402289 -9.42532e-06
-1.1809e-07 -0.00402289 -9.36526e-06
-1.1809e-07 -0.00402289 -9.30521e-06
-1.1809e-07 -0.00402288 -9.24515e-06
-1.1809e-07 -0.00402288 -9.18509e-06
-1.1809e-07 -0.00402287 -9.12504e-06
-1.1809e-07 -0.00402287 -9.06498e-06
-1.1809e-07 -0.00402287 -9.00492e-06
-1.1809e-07 -0.00402286 -8.94487e-06
-1.1809e-07 -0.00402286 -8.88481e-06
-1.1809e-07 -0.00402285 -8.82475e-06
-1.1809e-07 -0.00402285 -8.7647e-06
-1.1809e-07 -0.00402285 -8.70464e-06
-1.1809e-07 -0.00402284 -8.64458e-06
-1.1809e-07 -0.00402284 -8.58453e-06
-1.1809e-07 -0.00402283 -8.52447e-06
-1.1809e-07 -0.00402283 -8.46441e-06
-1.1809e-07 -0.00402283 -8.40436e-06
-1.1809e-07 -0.00402282 -8.3443e-06
-1.1809e-07 -0.00402282 -8.28425e-06
-1.1809e-07 -0.00402281 -8.22419e-06
-1.1809e-07 -0.00402281 -8.16413e-06
-1.1809e-07 -0.00402281 -8.10408e-06
-1.1809e-07 -0.0040228 -8.04402e-06
-1.1809e-07 -0.0040228 -7.98396e-06
-1.1809e-07 -0.00402279 -7.92391e-06
-1.1809e-07 -0.00402279 -7.86385e-06
-1.1809e-07 -0.00402279 -7.80379e-06
-1.1809e-07 -0.00402278 -7.74374e-06
-1.1809e-07 -0.00402278 -7.68368e-06
-1.1809e-07 -0.00402277 -7.62362e-06
-1.1809e-07 -0.00402277 -7.56357e-06
-1.1809e-07 -0.00402277 -7.50351e-06
-1.1809e-07 -0.00402276 -7.44345e-06
-1.1809e-07 -0.00402276 -7.3834e-06
-1.1809e-07 -0.00402276 -7.32334e-06
-1.77874e-07 -0.00402263 -7.26328e-06
-1.77874e-07 -0.00402292 -1.16474e-05
-2.37657e-07 -0.00402252 -7.32334e-06
-2.37657e-07 -0.00402252 -7.3834e-06
-2.37657e-07 -0.00402253 -7.44345e-06
-2.37657e-07 -0.00402253 -7.50351e-06
-2.37657e-07 -0.00402253 -7.56357e-06
-2.37657e-07 -0.00402254 -7.62362e-06
-2.37657e-07 -0.00402254 -7.68368e-06
-2.37657e-07 -0.00402255 -7.74374e-06
-2.37657e-07 -0.00402255 -7.80379e-06
-2.37657e-07 -0.00402255 -7.86385e-06
-2.37657e-07 -0.00402256 -7.92391e-06
-2.37657e-07 -0.00402256 -7.98396e-06
-2.37657e-07 -0.00402257 -8.04402e-06
-2.37657e-07 -0.00402257 -8.10408e-06
-2.37657e-07 -0.00402257 -8.16413e-06
-2.37657e-07 -0.00402258 -8.22419e-06
-2.37657e-07 -0.00402258 -8.28425e-06
-2.37657e-07 -0.00402259 -8.3443e-06
-2.37657e-07 -0.00402259 -8.40436e-06
-2.37657e-07 -0.00402259 -8.46441e-06
-2.37657e-07 -0.0040226 -8.52447e-06
-2.37657e-07 -0.0040226 -8.58453e-06
-2.37657e-07 -0.00402261 -8.64458e-06
-2.37657e-07 -0.00402261 -8.70464e-06
-2.37657e-07 -0.00402261 -8.7647e-06
-2.37657e-07 -0.00402262 -8.82475e-06
-2.37657e-07 -0.00402262 -8.88481e-06
-2.37657e-07 -0.00402262 -8.94487e-06
-2.37657e-07 -0.00402263 -9.00492e-06
-2.37657e-07 -0.00402263 -9.06498e-06
-2.37657e-07 -0.00402264 -9.12504e-06
-2.37657e-07 -0.00402264 -9.18509e-06
-2.37657e-07 -0.00402264 -9.24515e-06
-2.37657e-07 -0.00402265 -9.30521e-06
-2.37657e-07 -0.00402265 -9.36526e-06
-2.37657e-07 -0.00402266 -9.42532e-06
-2.37657e-07 -0.00402266 -9.48537e-06
-2.37657e-07 -0.00402266 -9.54543e-06
-2.37657e-07 -0.00402267 -9.60549e-06
-2.37657e-07 -0.00402267 -9.66554e-06
-2.37657e-07 -0.00402268 -9.7256e-06
-2.37657e-07 -0.00402268 -9.78566e-06
-2.37657e-07 -0.00402268 -9.84571e-06
-2.37657e-07 -0.00402269 -9.90577e-06
-2.37657e-07 -0.00402269 -9.96583e-06
-2.37657e-07 -0.0040227 -1.00259e-05
-2.37657e-07 -0.0040227 -1.00859e-05
-2.37657e-07 -0.0040227 -1.0146e-05
-2.37657e-07 -0.00402271 -1.02061e-05
-2.37657e-07 -0.00402271 -1.02661e-05
-2.37657e-07 -0.00402272 -1.03262e-05
-2.37657e-07 -0.00402272 -1.03862e-05
-2.37657e-07 -0.00402272 -1.04463e-05
-2.37657e-07 -0.00402273 -1.05063e-05
-2.37657e-07 -0.00402273 -1.05664e-05
-2.37657e-07 -0.00402274 -1.06264e-05
-2.37657e-07 -0.00402274 -1.06865e-05
-2.37657e-07 -0.00402274 -1.07466e-05
-2.37657e-07 -0.00402275 -1.08066e-05
-2.37657e-07 -0.00402275 -1.08667e-05
-2.37657e-07 -0.00402276 -1.09267e-05
-2.37657e-07 -0.00402276 -1.09868e-05
-2.37657e-07 -0.00402276 -1.10468e-05
-2.37657e-07 -0.00402277 -1.11069e-05
-2.37657e-07 -0.00402277 -1.1167e-05
-2.37657e-07 -0.00402278 -1.1227e-05
-2.37657e-07 -0.00402278 -1.12871e-05
-2.37657e-07 -0.00402278 -1.13471e-05
-2.37657e-07 -0.00402279 -1.14072e-05
-2.37657e-07 -0.00402279 -1.14672e-05
-2.37657e-07 -0.0040228 -1.15273e-05
-2.37657e-07 -0.0040228 -1.15874e-05
-1.77874e-07 -0.00402264 -7.32334e-06
-1.77874e-07 -0.00402264 -7.3834e-06
-1.77874e-07 -0.00402264 -7.44345e-06
-1.77874e-07 -0.00402265 -7.50351e-06
-1.77874e-07 -0.00402265 -7.56357e-06
-1.77874e-07 -0.00402266 -7.62362e-06
-1.77874e-07 -0.00402266 -7.68368e-06
-1.77874e-07 -0.00402266 -7.74374e-06
-1.77874e-07 -0.00402267 -7.80379e-06
-1.77874e-07 -0.00402267 -7.86385e-06
-1.77874e-07 -0.00402268 -7.92391e-06
-1.77874e-07 -0.00402268 -7.98396e-06
-1.77874e-07 -0.00402268 -8.04402e-06
-1.77874e-07 -0.00402269 -8.10408e-06
-1.77874e-07 -0.00402269 -8.16413e-06
-1.77874e-07 -0.0040227 -8.22419e-06
-1.77874e-07 -0.0040227 -8.28425e-06
-1.77874e-07 -0.0040227 -8.3443e-06
-1.77874e-07 -0.00402271 -8.40436e-06
-1.77874e-07 -0.00402271 -8.46441e-06
-1.77874e-07 -0.00402272 -8.52447e-06
-1.77874e-07 -0.00402272 -8.58453e-06
-1.77874e-07 -0.00402272 -8.64458e-06
-1.77874e-07 -0.00402273 -8.70464e-06
-1.77874e-07 -0.00402273 -8.7647e-06
-1.77874e-07 -0.00402274 -8.82475e-06
-1.77874e-07 -0.00402274 -8.88481e-06
-1.77874e-07 -0.00402274 -8.94487e-06
-1.77874e-07 -0.00402275 -9.00492e-06
-1.77874e-07 -0.00402275 -9.06498e-06
-1.77874e-07 -0.00402276 -9.12504e-06
-1.77874e-07 -0.00402276 -9.18509e-06
-1.77874e-07 -0.00402276 -9.24515e-06
-1.77874e-07 -0.00402277 -9.30521e-06
-1.77874e-07 -0.00402277 -9.36526e-06
-1.77874e-07 -0.00402278 -9.42532e-06
-1.77874e-07 -0.00402278 -9.48537e-06
-1.77874e-07 -0.00402278 -9.54543e-06
-1.77874e-07 -0.00402279 -9.60549e-06
-1.77874e-07 -0.00402279 -9.66554e-06
-1.77874e-07 -0.0040228 -9.7256e-06
-1.77874e-07 -0.0040228 -9.78566e-06
-1.77874e-07 -0.0040228 -9.84571e-06
-1.77874e-07 -0.00402281 -9.90577e-06
-1.77874e-07 -0.00402281 -9.96583e-06
-1.77874e-07 -0.00402282 -1.00259e-05
-1.77874e-07 -0.00402282 -1.00859e-05
-1.77874e-07 -0.00402282 -1.0146e-05
-1.77874e-07 -0.00402283 -1.02061e-05
-1.77874e-07 -0.00402283 -1.02661e-05
-1.77874e-07 -0.00402283 -1.03262e-05
-1.77874e-07 -0.00402284 -1.03862e-05
-1.77874e-07 -0.00402284 -1.04463e-05
-1.77874e-07 -0.00402285 -1.05063e-05
-1.77874e-07 -0.00402285 -1.05664e-05
-1.77874e-07 -0.00402285 -1.06264e-05
-1.77874e-07 -0.00402286 -1.06865e-05
-1.77874e-07 -0.00402286 -1.07466e-05
-1.77874e-07 -0.00402287 -1.08066e-05
-1.77874e-07 -0.00402287 -1.08667e-05
-1.77874e-07 -0.00402287 -1.09267e-05
-1.77874e-07 -0.00402288 -1.09868e-05
-1.77874e-07 -0.00402288 -1.10468e-05
-1.77874e-07 -0.00402289 -1.11069e-05
-1.77874e-07 -0.00402289 -1.1167e-05
-1.77874e-07 -0.00402289 -1.1227e-05
-1.77874e-07 -0.0040229 -1.12871e-05
-1.77874e-07 -0.0040229 -1.13471e-05
-1.77874e-07 -0.00402291 -1.14072e-05
-1.77874e-07 -0.00402291 -1.14672e-05
-1.77874e-07 -0.00402291 -1.15273e-05
-1.77874e-07 -0.00402292 -1.15874e-05
-2.77513e-07 -0.00402272 -1.16474e-05
-2.37657e-07 -0.0040228 -1.16474e-05
-2.77513e-07 -0.00402272 -1.15874e-05
-2.37657e-07 -0.0040228 -1.15874e-05
-2.77513e-07 -0.00402272 -1.15273e-05
-2.37657e-07 -0.0040228 -1.15273e-05
-2.77513e-07 -0.00402271 -1.14672e-05
-2.37657e-07 -0.00402279 -1.14672e-05
-2.77513e-07 -0.00402271 -1.14072e-05
-2.37657e-07 -0.00402279 -1.14072e-05
-2.77513e-07 -0.0040227 -1.13471e-05
-2.37657e-07 -0.00402278 -1.13471e-05
-2.77513e-07 -0.0040227 -1.12871e-05
-2.37657e-07 -0.00402278 -1.12871e-05
-2.77513e-07 -0.0040227 -1.1227e-05
-2.37657e-07 -0.00402278 -1.1227e-05
-2.77513e-07 -0.00402269 -1.1167e-05
-2.37657e-07 -0.00402277 -1.1167e-05
-2.77513e-07 -0.00402269 -1.11069e-05
-2.37657e-07 -0.00402277 -1.11069e-05
-2.77513e-07 -0.00402268 -1.10468e-05
-2.37657e-07 -0.00402276 -1.10468e-05
-2.77513e-07 -0.00402268 -1.09868e-05
-2.37657e-07 -0.00402276 -1.09868e-05
-2.77513e-07 -0.00402268 -1.09267e-05
-2.37657e-07 -0.00402276 -1.09267e-05
-2.77513e-07 -0.00402267 -1.08667e-05
-2.37657e-07 -0.00402275 -1.08667e-05
-2.77513e-07 -0.00402267 -1.08066e-05
-2.37657e-07 -0.00402275 -1.08066e-05
-2.77513e-07 -0.00402266 -1.07466e-05
-2.37657e-07 -0.00402274 -1.07466e-05
-2.77513e-07 -0.00402266 -1.06865e-05
-2.37657e-07 -0.00402274 -1.06865e-05
-2.77513e-07 -0.00402266 -1.06264e-05
-2.37657e-07 -0.00402274 -1.06264e-05
-2.77513e-07 -0.00402265 -1.05664e-05
-2.37657e-07 -0.00402273 -1.05664e-05
-2.77513e-07 -0.00402265 -1.05063e-05
-2.37657e-07 -0.00402273 -1.05063e-05
-2.77513e-07 -0.00402265 -1.04463e-05
-2.37657e-07 -0.00402272 -1.04463e-05
-2.77513e-07 -0.00402264 -1.03862e-05
-2.37657e-07 -0.00402272 -1.03862e-05
-2.77513e-07 -0.00402264 -1.03262e-05
-2.37657e-07 -0.00402272 -1.03262e-05
-2.77513e-07 -0.00402263 -1.02661e-05
-2.37657e-07 -0.00402271 -1.02661e-05
-2.77513e-07 -0.00402263 -1.02061e-05
-2.37657e-07 -0.00402271 -1.02061e-05
-2.77513e-07 -0.00402263 -1.0146e-05
-2.37657e-07 -0.0040227 -1.0146e-05
-2.77513e-07 -0.00402262 -1.00859e-05
-2.37657e-07 -0.0040227 -1.00859e-05
-2.77513e-07 -0.00402262 -1.00259e-05
-2.37657e-07 -0.0040227 -1.00259e-05
-2.77513e-07 -0.00402261 -9.96583e-06
-2.37657e-07 -0.00402269 -9.96583e-06
-2.77513e-07 -0.00402261 -9.90577e-06
-2.37657e-07 -0.00402269 -9.90577e-06
-2.77513e-07 -0.00402261 -9.84571e-06
-2.37657e-07 -0.00402268 -9.84571e-06
-2.77513e-07 -0.0040226 -9.78566e-06
-2.37657e-07 -0.00402268 -9.78566e-06
-2.77513e-07 -0.0040226 -9.7256e-06
-2.37657e-07 -0.00402268 -9.7256e-06
-2.77513e-07 -0.00402259 -9.66554e-06
-2.37657e-07 -0.00402267 -9.66554e-06
-2.77513e-07 -0.00402259 -9.60549e-06
-2.37657e-07 -0.00402267 -9.60549e-06
-2.77513e-07 -0.00402259 -9.54543e-06
-2.37657e-07 -0.00402266 -9.54543e-06
-2.77513e-07 -0.00402258 -9.48537e-06
-2.37657e-07 -0.00402266 -9.48537e-06
-2.77513e-07 -0.00402258 -9.42532e-06
-2.37657e-07 -0.00402266 -9.42532e-06
-2.77513e-07 -0.00402257 -9.36526e-06
-2.37657e-07 -0.00402265 -9.36526e-06
-2.77513e-07 -0.00402257 -9.30521e-06
-2.37657e-07 -0.00402265 -9.30521e-06
-2.77513e-07 -0.00402257 -9.24515e-06
-2.37657e-07 -0.00402264 -9.24515e-06
-2.77513e-07 -0.00402256 -9.18509e-06
-2.37657e-07 -0.00402264 -9.18509e-06
-2.77513e-07 -0.00402256 -9.12504e-06
-2.37657e-07 -0.00402264 -9.12504e-06
-2.77513e-07 -0.00402255 -9.06498e-06
-2.37657e-07 -0.00402263 -9.06498e-06
-2.77513e-07 -0.00402255 -9.00492e-06
-2.37657e-07 -0.00402263 -9.00492e-06
-2.77513e-07 -0.00402255 -8.94487e-06
-2.37657e-07 -0.00402262 -8.94487e-06
-2.77513e-07 -0.00402254 -8.88481e-06
-2.37657e-07 -0.00402262 -8.88481e-06
-2.77513e-07 -0.00402254 -8.82475e-06
-2.37657e-07 -0.00402262 -8.82475e-06
-2.77513e-07 -0.00402253 -8.7647e-06
-2.37657e-07 -0.00402261 -8.7647e-06
-2.77513e-07 -0.00402253 -8.70464e-06
-2.37657e-07 -0.00402261 -8.70464e-06
-2.77513e-07 -0.00402253 -8.64458e-06
-2.37657e-07 -0.00402261 -8.64458e-06
-2.77513e-07 -0.00402252 -8.58453e-06
-2.37657e-07 -0.0040226 -8.58453e-06
-2.77513e-07 -0.00402252 -8.52447e-06
-2.37657e-07 -0.0040226 -8.52447e-06
-2.77513e-07 -0.00402251 -8.46441e-06
-2.37657e-07 -0.00402259 -8.46441e-06
-2.77513e-07 -0.00402251 -8.40436e-06
-2.37657e-07 -0.00402259 -8.40436e-06
-2.77513e-07 -0.00402251 -8.3443e-06
-2.37657e-07 -0.00402259 -8.3443e-06
-2.77513e-07 -0.0040225 -8.28425e-06
-2.37657e-07 -0.00402258 -8.28425e-06
-2.77513e-07 -0.0040225 -8.22419e-06
-2.37657e-07 -0.00402258 -8.22419e-06
-2.77513e-07 -0.00402249 -8.16413e-06
-2.37657e-07 -0.00402257 -8.16413e-06
-2.77513e-07 -0.00402249 -8.10408e-06
-2.37657e-07 -0.00402257 -8.10408e-06
-2.77513e-07 -0.00402249 -8.04402e-06
-2.37657e-07 -0.00402257 -8.04402e-06
-2.77513e-07 -0.00402248 -7.98396e-06
-2.37657e-07 -0.00402256 -7.98396e-06
-2.77513e-07 -0.00402248 -7.92391e-06
-2.37657e-07 -0.00402256 -7.92391e-06
-2.77513e-07 -0.00402247 -7.86385e-06
-2.37657e-07 -0.00402255 -7.86385e-06
-2.77513e-07 -0.00402247 -7.80379e-06
-2.37657e-07 -0.00402255 -7.80379e-06
-2.77513e-07 -0.00402247 -7.74374e-06
-2.37657e-07 -0.00402255 -7.74374e-06
-2.77513e-07 -0.00402246 -7.68368e-06
-2.37657e-07 -0.00402254 -7.68368e-06
-2.77513e-07 -0.00402246 -7.62362e-06
-2.37657e-07 -0.00402254 -7.62362e-06
-2.77513e-07 -0.00402245 -7.56357e-06
-2.37657e-07 -0.00402253 -7.56357e-06
-2.77513e-07 -0.00402245 -7.50351e-06
-2.37657e-07 -0.00402253 -7.50351e-06
-2.77513e-07 -0.00402245 -7.44345e-06
-2.37657e-07 -0.00402253 -7.44345e-06
-2.77513e-07 -0.00402244 -7.3834e-06
-2.37657e-07 -0.00402252 -7.3834e-06
-2.77513e-07 -0.00402244 -7.32334e-06
-2.37657e-07 -0.00402252 -7.32334e-06
-2.77513e-07 -0.00402243 -7.26328e-06
-2.37657e-07 -0.00402251 -7.26328e-06
-1.1809e-07 -0.00402304 -1.16474e-05
-7.82348e-08 -0.00402312 -1.16474e-05
-1.1809e-07 -0.00402304 -1.15874e-05
-7.82348e-08 -0.00402312 -1.15874e-05
-1.1809e-07 -0.00402303 -1.15273e-05
-7.82348e-08 -0.00402311 -1.15273e-05
-1.1809e-07 -0.00402303 -1.14672e-05
-7.82348e-08 -0.00402311 -1.14672e-05
-1.1809e-07 -0.00402302 -1.14072e-05
-7.82348e-08 -0.0040231 -1.14072e-05
-1.1809e-07 -0.00402302 -1.13471e-05
-7.82348e-08 -0.0040231 -1.13471e-05
-1.1809e-07 -0.00402302 -1.12871e-05
-7.82348e-08 -0.0040231 -1.12871e-05
-1.1809e-07 -0.00402301 -1.1227e-05
-7.82348e-08 -0.00402309 -1.1227e-05
-1.1809e-07 -0.00402301 -1.1167e-05
-7.82348e-08 -0.00402309 -1.1167e-05
-1.1809e-07 -0.00402301 -1.11069e-05
-7.82348e-08 -0.00402308 -1.11069e-05
-1.1809e-07 -0.004023 -1.10468e-05
-7.82348e-08 -0.00402308 -1.10468e-05
-1.1809e-07 -0.004023 -1.09868e-05
-7.82348e-08 -0.00402308 -1.09868e-05
-1.1809e-07 -0.00402299 -1.09267e-05
-7.82348e-08 -0.00402307 -1.09267e-05
-1.1809e-07 -0.00402299 -1.08667e-05
-7.82348e-08 -0.00402307 -1.08667e-05
-1.1809e-07 -0.00402299 -1.08066e-05
-7.82348e-08 -0.00402306 -1.08066e-05
-1.1809e-07 -0.00402298 -1.07466e-05
-7.82348e-08 -0.00402306 -1.07466e-05
-1.1809e-07 -0.00402298 -1.06865e-05
-7.82348e-08 -0.00402306 -1.06865e-05
-1.1809e-07 -0.00402297 -1.06264e-05
-7.82348e-08 -0.00402305 -1.06264e-05
-1.1809e-07 -0.00402297 -1.05664e-05
-7.82348e-08 -0.00402305 -1.05664e-05
-1.1809e-07 -0.00402297 -1.05063e-05
-7.82348e-08 -0.00402304 -1.05063e-05
-1.1809e-07 -0.00402296 -1.04463e-05
-7.82348e-08 -0.00402304 -1.04463e-05
-1.1809e-07 -0.00402296 -1.03862e-05
-7.82348e-08 -0.00402304 -1.03862e-05
-1.1809e-07 -0.00402295 -1.03262e-05
-7.82348e-08 -0.00402303 -1.03262e-05
-1.1809e-07 -0.00402295 -1.02661e-05
-7.82348e-08 -0.00402303 -1.02661e-05
-1.1809e-07 -0.00402295 -1.02061e-05
-7.82348e-08 -0.00402302 -1.02061e-05
-1.1809e-07 -0.00402294 -1.0146e-05
-7.82348e-08 -0.00402302 -1.0146e-05
-1.1809e-07 -0.00402294 -1.00859e-05
-7.82348e-08 -0.00402302 -1.00859e-05
-1.1809e-07 -0.00402293 -1.00259e-05
-7.82348e-08 -0.00402301 -1.00259e-05
-1.1809e-07 -0.00402293 -9.96583e-06
-7.82348e-08 -0.00402301 -9.96583e-06
-1.1809e-07 -0.00402293 -9.90577e-06
-7.82348e-08 -0.004023 -9.90577e-06
-1.1809e-07 -0.00402292 -9.84571e-06
-7.82348e-08 -0.004023 -9.84571e-06
-1.1809e-07 -0.00402292 -9.78566e-06
-7.82348e-08 -0.004023 -9.78566e-06
-1.1809e-07 -0.00402291 -9.7256e-06
-7.82348e-08 -0.00402299 -9.7256e-06
-1.1809e-07 -0.00402291 -9.66554e-06
-7.82348e-08 -0.00402299 -9.66554e-06
-1.1809e-07 -0.00402291 -9.60549e-06
-7.82348e-08 -0.00402298 -9.60549e-06
-1.1809e-07 -0.0040229 -9.54543e-06
-7.82348e-08 -0.00402298 -9.54543e-06
-1.1809e-07 -0.0040229 -9.48537e-06
-7.82348e-08 -0.00402298 -9.48537e-06
-1.1809e-07 -0.00402289 -9.42532e-06
-7.82348e-08 -0.00402297 -9.42532e-06
-1.1809e-07 -0.00402289 -9.36526e-06
-7.82348e-08 -0.00402297 -9.36526e-06
-1.1809e-07 -0.00402289 -9.30521e-06
-7.82348e-08 -0.00402297 -9.30521e-06
-1.1809e-07 -0.00402288 -9.24515e-06
-7.82348e-08 -0.00402296 -9.24515e-06
-1.1809e-07 -0.00402288 -9.18509e-06
-7.82348e-08 -0.00402296 -9.18509e-06
-1.1809e-07 -0.00402287 -9.12504e-06
-7.82348e-08 -0.00402295 -9.12504e-06
-1.1809e-07 -0.00402287 -9.06498e-06
-7.82348e-08 -0.00402295 -9.06498e-06
-1.1809e-07 -0.00402287 -9.00492e-06
-7.82348e-08 -0.00402295 -9.00492e-06
-1.1809e-07 -0.00402286 -8.94487e-06
-7.82348e-08 -0.00402294 -8.94487e-06
-1.1809e-07 -0.00402286 -8.88481e-06
-7.82348e-08 -0.00402294 -8.88481e-06
-1.1809e-07 -0.00402285 -8.82475e-06
-7.82348e-08 -0.00402293 -8.82475e-06
-1.1809e-07 -0.00402285 -8.7647e-06
-7.82348e-08 -0.00402293 -8.7647e-06
-1.1809e-07 -0.00402285 -8.70464e-06
-7.82348e-08 -0.00402293 -8.70464e-06
-1.1809e-07 -0.00402284 -8.64458e-06
-7.82348e-08 -0.00402292 -8.64458e-06
-1.1809e-07 -0.00402284 -8.58453e-06
-7.82348e-08 -0.00402292 -8.58453e-06
-1.1809e-07 -0.00402283 -8.52447e-06
-7.82348e-08 -0.00402291 -8.52447e-06
-1.1809e-07 -0.00402283 -8.46441e-06
-7.82348e-08 -0.00402291 -8.46441e-06
-1.1809e-07 -0.00402283 -8.40436e-06
-7.82348e-08 -0.00402291 -8.40436e-06
-1.1809e-07 -0.00402282 -8.3443e-06
-7.82348e-08 -0.0040229 -8.3443e-06
-1.1809e-07 -0.00402282 -8.28425e-06
-7.82348e-08 -0.0040229 -8.28425e-06
-1.1809e-07 -0.00402281 -8.22419e-06
-7.82348e-08 -0.00402289 -8.22419e-06
-1.1809e-07 -0.00402281 -8.16413e-06
-7.82348e-08 -0.00402289 -8.16413e-06
-1.1809e-07 -0.00402281 -8.10408e-06
-7.82348e-08 -0.00402289 -8.10408e-06
-1.1809e-07 -0.0040228 -8.04402e-06
-7.82348e-08 -0.00402288 -8.04402e-06
-1.1809e-07 -0.0040228 -7.98396e-06
-7.82348e-08 -0.00402288 -7.98396e-06
-1.1809e-07 -0.00402279 -7.92391e-06
-7.82348e-08 -0.00402287 -7.92391e-06
-1.1809e-07 -0.00402279 -7.86385e-06
-7.82348e-08 -0.00402287 -7.86385e-06
-1.1809e-07 -0.00402279 -7.80379e-06
-7.82348e-08 -0.00402287 -7.80379e-06
-1.1809e-07 -0.00402278 -7.74374e-06
-7.82348e-08 -0.00402286 -7.74374e-06
-1.1809e-07 -0.00402278 -7.68368e-06
-7.82348e-08 -0.00402286 -7.68368e-06
-1.1809e-07 -0.00402277 -7.62362e-06
-7.82348e-08 -0.00402285 -7.62362e-06
-1.1809e-07 -0.00402277 -7.56357e-06
-7.82348e-08 -0.00402285 -7.56357e-06
-1.1809e-07 -0.00402277 -7.50351e-06
-7.82348e-08 -0.00402285 -7.50351e-06
-1.1809e-07 -0.00402276 -7.44345e-06
-7.82348e-08 -0.00402284 -7.44345e-06
-1.1809e-07 -0.00402276 -7.3834e-06
-7.82348e-08 -0.00402284 -7.3834e-06
-1.1809e-07 -0.00402276 -7.32334e-06
-7.82348e-08 -0.00402283 -7.32334e-06
-1.1809e-07 -0.00402275 -7.26328e-06
-7.82348e-08 -0.00402283 -7.26328e-06
