1.16404e-07 -0.00400111 -1.63195e-06
1.16404e-07 -0.00400124 -1.88397e-07
7.70339e-08 -0.0040011 -1.63195e-06
7.70339e-08 -0.00400123 -1.88397e-07
1.16404e-07 -0.00400111 -1.61218e-06
1.16404e-07 -0.00400111 -1.5924e-06
1.16404e-07 -0.00400111 -1.57263e-06
1.16404e-07 -0.00400112 -1.55285e-06
1.16404e-07 -0.00400112 -1.53308e-06
1.16404e-07 -0.00400112 -1.5133e-06
1.16404e-07 -0.00400112 -1.49353e-06
1.16404e-07 -0.00400112 -1.47375e-06
1.16404e-07 -0.00400113 -1.45398e-06
1.16404e-07 -0.00400113 -1.4342e-06
1.16404e-07 -0.00400113 -1.41443e-06
1.16404e-07 -0.00400113 -1.39465e-06
1.16404e-07 -0.00400113 -1.37488e-06
1.16404e-07 -0.00400113 -1.35511e-06
1.16404e-07 -0.00400114 -1.33533e-06
1.16404e-07 -0.00400114 -1.31556e-06
1.16404e-07 -0.00400114 -1.29578e-06
1.16404e-07 -0.00400114 -1.27601e-06
1.16404e-07 -0.00400114 -1.25623e-06
1.16404e-07 -0.00400115 -1.23646e-06
1.16404e-07 -0.00400115 -1.21668e-06
1.16404e-07 -0.00400115 -1.19691e-06
1.16404e-07 -0.00400115 -1.17713e-06
1.16404e-07 -0.00400115 -1.15736e-06
1.16404e-07 -0.00400115 -1.13758e-06
1.16404e-07 -0.00400116 -1.11781e-06
1.16404e-07 -0.00400116 -1.09803e-06
1.16404e-07 -0.00400116 -1.07826e-06
1.16404e-07 -0.00400116 -1.05848e-06
1.16404e-07 -0.00400116 -1.03871e-06
1.16404e-07 -0.00400116 -1.01893e-06
1.16404e-07 -0.00400117 -9.9916e-07
1.16404e-07 -0.00400117 -9.79386e-07
1.16404e-07 -0.00400117 -9.59611e-07
1.16404e-07 -0.00400117 -9.39836e-07
1.16404e-07 -0.00400117 -9.20061e-07
1.16404e-07 -0.00400118 -9.00287e-07
1.16404e-07 -0.00400118 -8.80512e-07
1.16404e-07 -0.00400118 -8.60737e-07
1.16404e-07 -0.00400118 -8.40963e-07
1.16404e-07 -0.00400118 -8.21188e-07
1.16404e-07 -0.00400118 -8.01413e-07
1.16404e-07 -0.00400119 -7.81639e-07
1.16404e-07 -0.00400119 -7.61864e-07
1.16404e-07 -0.00400119 -7.42089e-07
1.16404e-07 -0.00400119 -7.22314e-07
1.16404e-07 -0.00400119 -7.0254e-07
1.16404e-07 -0.0040012 -6.82765e-07
1.16404e-07 -0.0040012 -6.6299e-07
1.16404e-07 -0.0040012 -6.43216e-07
1.16404e-07 -0.0040012 -6.23441e-07
1.16404e-07 -0.0040012 -6.03666e-07
1.16404e-07 -0.0040012 -5.83891e-07
1.16404e-07 -0.00400121 -5.64117e-07
1.16404e-07 -0.00400121 -5.44342e-07
1.16404e-07 -0.00400121 -5.24567e-07
1.16404e-07 -0.00400121 -5.04793e-07
1.16404e-07 -0.00400121 -4.85018e-07
1.16404e-07 -0.00400121 -4.65243e-07
1.16404e-07 -0.00400122 -4.45469e-07
1.16404e-07 -0.00400122 -4.25694e-07
1.16404e-07 -0.00400122 -4.05919e-07
1.16404e-07 -0.00400122 -3.86144e-07
1.16404e-07 -0.00400122 -3.6637e-07
1.16404e-07 -0.00400123 -3.46595e-07
1.16404e-07 -0.00400123 -3.2682e-07
1.16404e-07 -0.00400123 -3.07046e-07
1.16404e-07 -0.00400123 -2.87271e-07
1.16404e-07 -0.00400123 -2.67496e-07
1.16404e-07 -0.00400123 -2.47721e-07
1.16404e-07 -0.00400124 -2.27947e-07
1.16404e-07 -0.00400124 -2.08172e-07
9.67187e-08 -0.00400123 -1.88397e-07
9.67187e-08 -0.0040011 -1.63195e-06
7.70339e-08 -0.00400122 -2.08172e-07
7.70339e-08 -0.00400122 -2.27947e-07
7.70339e-08 -0.00400122 -2.47721e-07
7.70339e-08 -0.00400122 -2.67496e-07
7.70339e-08 -0.00400122 -2.87271e-07
7.70339e-08 -0.00400121 -3.07046e-07
7.70339e-08 -0.00400121 -3.2682e-07
7.70339e-08 -0.00400121 -3.46595e-07
7.70339e-08 -0.00400121 -3.6637e-07
7.70339e-08 -0.00400121 -3.86144e-07
7.70339e-08 -0.00400121 -4.05919e-07
7.70339e-08 -0.0040012 -4.25694e-07
7.70339e-08 -0.0040012 -4.45469e-07
7.70339e-08 -0.0040012 -4.65243e-07
7.70339e-08 -0.0040012 -4.85018e-07
7.70339e-08 -0.0040012 -5.04793e-07
7.70339e-08 -0.0040012 -5.24567e-07
7.70339e-08 -0.00400119 -5.44342e-07
7.70339e-08 -0.00400119 -5.64117e-07
7.70339e-08 -0.00400119 -5.83891e-07
7.70339e-08 -0.00400119 -6.03666e-07
7.70339e-08 -0.00400119 -6.23441e-07
7.70339e-08 -0.00400118 -6.43216e-07
7.70339e-08 -0.00400118 -6.6299e-07
7.70339e-08 -0.00400118 -6.82765e-07
7.70339e-08 -0.00400118 -7.0254e-07
7.70339e-08 -0.00400118 -7.22314e-07
7.70339e-08 -0.00400118 -7.42089e-07
7.70339e-08 -0.00400117 -7.61864e-07
7.70339e-08 -0.00400117 -7.81639e-07
7.70339e-08 -0.00400117 -8.01413e-07
7.70339e-08 -0.00400117 -8.21188e-07
7.70339e-08 -0.00400117 -8.40963e-07
7.70339e-08 -0.00400116 -8.60737e-07
7.70339e-08 -0.00400116 -8.80512e-07
7.70339e-08 -0.00400116 -9.00287e-07
7.70339e-08 -0.00400116 -9.20061e-07
7.70339e-08 -0.00400116 -9.39836e-07
7.70339e-08 -0.00400116 -9.59611e-07
7.70339e-08 -0.00400115 -9.79386e-07
7.70339e-08 -0.00400115 -9.9916e-07
7.70339e-08 -0.00400115 -1.01893e-06
7.70339e-08 -0.00400115 -1.03871e-06
7.70339e-08 -0.00400115 -1.05848e-06
7.70339e-08 -0.00400115 -1.07826e-06
7.70339e-08 -0.00400114 -1.09803e-06
7.70339e-08 -0.00400114 -1.11781e-06
7.70339e-08 -0.00400114 -1.13758e-06
7.70339e-08 -0.00400114 -1.15736e-06
7.70339e-08 -0.00400114 -1.17713e-06
7.70339e-08 -0.00400113 -1.19691e-06
7.70339e-08 -0.00400113 -1.21668e-06
7.70339e-08 -0.00400113 -1.23646e-06
7.70339e-08 -0.00400113 -1.25623e-06
7.70339e-08 -0.00400113 -1.27601e-06
7.70339e-08 -0.00400113 -1.29578e-06
7.70339e-08 -0.00400112 -1.31556e-06
7.70339e-08 -0.00400112 -1.33533e-06
7.70339e-08 -0.00400112 -1.35511e-06
7.70339e-08 -0.00400112 -1.37488e-06
7.70339e-08 -0.00400112 -1.39465e-06
7.70339e-08 -0.00400111 -1.41443e-06
7.70339e-08 -0.00400111 -1.4342e-06
7.70339e-08 -0.00400111 -1.45398e-06
7.70339e-08 -0.00400111 -1.47375e-06
7.70339e-08 -0.00400111 -1.49353e-06
7.70339e-08 -0.00400111 -1.5133e-06
7.70339e-08 -0.0040011 -1.53308e-06
7.70339e-08 -0.0040011 -1.55285e-06
7.70339e-08 -0.0040011 -1.57263e-06
7.70339e-08 -0.0040011 -1.5924e-06
7.70339e-08 -0.0040011 -1.61218e-06
9.67187e-08 -0.00400123 -2.08172e-07
9.67187e-08 -0.00400123 -2.27947e-07
9.67187e-08 -0.00400123 -2.47721e-07
9.67187e-08 -0.00400123 -2.67496e-07
9.67187e-08 -0.00400122 -2.87271e-07
9.67187e-08 -0.00400122 -3.07046e-07
9.67187e-08 -0.00400122 -3.2682e-07
9.67187e-08 -0.00400122 -3.46595e-07
9.67187e-08 -0.00400122 -3.6637e-07
9.67187e-08 -0.00400121 -3.86144e-07
9.67187e-08 -0.00400121 -4.05919e-07
9.67187e-08 -0.00400121 -4.25694e-07
9.67187e-08 -0.00400121 -4.45469e-07
9.67187e-08 -0.00400121 -4.65243e-07
9.67187e-08 -0.00400121 -4.85018e-07
9.67187e-08 -0.0040012 -5.04793e-07
9.67187e-08 -0.0040012 -5.24567e-07
9.67187e-08 -0.0040012 -5.44342e-07
9.67187e-08 -0.0040012 -5.64117e-07
9.67187e-08 -0.0040012 -5.83891e-07
9.67187e-08 -0.0040012 -6.03666e-07
9.67187e-08 -0.00400119 -6.23441e-07
9.67187e-08 -0.00400119 -6.43216e-07
9.67187e-08 -0.00400119 -6.6299e-07
9.67187e-08 -0.00400119 -6.82765e-07
9.67187e-08 -0.00400119 -7.0254e-07
9.67187e-08 -0.00400118 -7.22314e-07
9.67187e-08 -0.00400118 -7.42089e-07
9.67187e-08 -0.00400118 -7.61864e-07
9.67187e-08 -0.00400118 -7.81639e-07
9.67187e-08 -0.00400118 -8.01413e-07
9.67187e-08 -0.00400118 -8.21188e-07
9.67187e-08 -0.00400117 -8.40963e-07
9.67187e-08 -0.00400117 -8.60737e-07
9.67187e-08 -0.00400117 -8.80512e-07
9.67187e-08 -0.00400117 -9.00287e-07
9.67187e-08 -0.00400117 -9.20061e-07
9.67187e-08 -0.00400116 -9.39836e-07
9.67187e-08 -0.00400116 -9.59611e-07
9.67187e-08 -0.00400116 -9.79386e-07
9.67187e-08 -0.00400116 -9.9916e-07
9.67187e-08 -0.00400116 -1.01893e-06
9.67187e-08 -0.00400116 -1.03871e-06
9.67187e-08 -0.00400115 -1.05848e-06
9.67187e-08 -0.00400115 -1.07826e-06
9.67187e-08 -0.00400115 -1.09803e-06
9.67187e-08 -0.00400115 -1.11781e-06
9.67187e-08 -0.00400115 -1.13758e-06
9.67187e-08 -0.00400115 -1.15736e-06
9.67187e-08 -0.00400114 -1.17713e-06
9.67187e-08 -0.00400114 -1.19691e-06
9.67187e-08 -0.00400114 -1.21668e-06
9.67187e-08 -0.00400114 -1.23646e-06
9.67187e-08 -0.00400114 -1.25623e-06
9.67187e-08 -0.00400113 -1.27601e-06
9.67187e-08 -0.00400113 -1.29578e-06
9.67187e-08 -0.00400113 -1.31556e-06
9.67187e-08 -0.00400113 -1.33533e-06
9.67187e-08 -0.00400113 -1.35511e-06
9.67187e-08 -0.00400113 -1.37488e-06
9.67187e-08 -0.00400112 -1.39465e-06
9.67187e-08 -0.00400112 -1.41443e-06
9.67187e-08 -0.00400112 -1.4342e-06
9.67187e-08 -0.00400112 -1.45398e-06
9.67187e-08 -0.00400112 -1.47375e-06
9.67187e-08 -0.00400111 -1.49353e-06
9.67187e-08 -0.00400111 -1.5133e-06
9.67187e-08 -0.00400111 -1.53308e-06
9.67187e-08 -0.00400111 -1.55285e-06
9.67187e-08 -0.00400111 -1.57263e-06
9.67187e-08 -0.00400111 -1.5924e-06
9.67187e-08 -0.0040011 -1.61218e-06
6.39107e-08 -0.00400109 -1.63195e-06
7.70339e-08 -0.0040011 -1.63195e-06
6.39107e-08 -0.00400109 -1.61218e-06
7.70339e-08 -0.0040011 -1.61218e-06
6.39107e-08 -0.00400109 -1.5924e-06
7.70339e-08 -0.0040011 -1.5924e-06
6.39107e-08 -0.0040011 -1.57263e-06
7.70339e-08 -0.0040011 -1.57263e-06
6.39107e-08 -0.0040011 -1.55285e-06
7.70339e-08 -0.0040011 -1.55285e-06
6.39107e-08 -0.0040011 -1.53308e-06
7.70339e-08 -0.0040011 -1.53308e-06
6.39107e-08 -0.0040011 -1.5133e-06
7.70339e-08 -0.00400111 -1.5133e-06
6.39107e-08 -0.0040011 -1.49353e-06
7.70339e-08 -0.00400111 -1.49353e-06
6.39107e-08 -0.0040011 -1.47375e-06
7.70339e-08 -0.00400111 -1.47375e-06
6.39107e-08 -0.00400111 -1.45398e-06
7.70339e-08 -0.00400111 -1.45398e-06
6.39107e-08 -0.00400111 -1.4342e-06
7.70339e-08 -0.00400111 -1.4342e-06
6.39107e-08 -0.00400111 -1.41443e-06
7.70339e-08 -0.00400111 -1.41443e-06
6.39107e-08 -0.00400111 -1.39465e-06
7.70339e-08 -0.00400112 -1.39465e-06
6.39107e-08 -0.00400111 -1.37488e-06
7.70339e-08 -0.00400112 -1.37488e-06
6.39107e-08 -0.00400112 -1.35511e-06
7.70339e-08 -0.00400112 -1.35511e-06
6.39107e-08 -0.00400112 -1.33533e-06
7.70339e-08 -0.00400112 -1.33533e-06
6.39107e-08 -0.00400112 -1.31556e-06
7.70339e-08 -0.00400112 -1.31556e-06
6.39107e-08 -0.00400112 -1.29578e-06
7.70339e-08 -0.00400113 -1.29578e-06
6.39107e-08 -0.00400112 -1.27601e-06
7.70339e-08 -0.00400113 -1.27601e-06
6.39107e-08 -0.00400112 -1.25623e-06
7.70339e-08 -0.00400113 -1.25623e-06
6.39107e-08 -0.00400113 -1.23646e-06
7.70339e-08 -0.00400113 -1.23646e-06
6.39107e-08 -0.00400113 -1.21668e-06
7.70339e-08 -0.00400113 -1.21668e-06
6.39107e-08 -0.00400113 -1.19691e-06
7.70339e-08 -0.00400113 -1.19691e-06
6.39107e-08 -0.00400113 -1.17713e-06
7.70339e-08 -0.00400114 -1.17713e-06
6.39107e-08 -0.00400113 -1.15736e-06
7.70339e-08 -0.00400114 -1.15736e-06
6.39107e-08 -0.00400114 -1.13758e-06
7.70339e-08 -0.00400114 -1.13758e-06
6.39107e-08 -0.00400114 -1.11781e-06
7.70339e-08 -0.00400114 -1.11781e-06
6.39107e-08 -0.00400114 -1.09803e-06
7.70339e-08 -0.00400114 -1.09803e-06
6.39107e-08 -0.00400114 -1.07826e-06
7.70339e-08 -0.00400115 -1.07826e-06
6.39107e-08 -0.00400114 -1.05848e-06
7.70339e-08 -0.00400115 -1.05848e-06
6.39107e-08 -0.00400114 -1.03871e-06
7.70339e-08 -0.00400115 -1.03871e-06
6.39107e-08 -0.00400115 -1.01893e-06
7.70339e-08 -0.00400115 -1.01893e-06
6.39107e-08 -0.00400115 -9.9916e-07
7.70339e-08 -0.00400115 -9.9916e-07
6.39107e-08 -0.00400115 -9.79386e-07
7.70339e-08 -0.00400115 -9.79386e-07
6.39107e-08 -0.00400115 -9.59611e-07
7.70339e-08 -0.00400116 -9.59611e-07
6.39107e-08 -0.00400115 -9.39836e-07
7.70339e-08 -0.00400116 -9.39836e-07
6.39107e-08 -0.00400115 -9.20061e-07
7.70339e-08 -0.00400116 -9.20061e-07
6.39107e-08 -0.00400116 -9.00287e-07
7.70339e-08 -0.00400116 -9.00287e-07
6.39107e-08 -0.00400116 -8.80512e-07
7.70339e-08 -0.00400116 -8.80512e-07
6.39107e-08 -0.00400116 -8.60737e-07
7.70339e-08 -0.00400116 -8.60737e-07
6.39107e-08 -0.00400116 -8.40963e-07
7.70339e-08 -0.00400117 -8.40963e-07
6.39107e-08 -0.00400116 -8.21188e-07
7.70339e-08 -0.00400117 -8.21188e-07
6.39107e-08 -0.00400117 -8.01413e-07
7.70339e-08 -0.00400117 -8.01413e-07
6.39107e-08 -0.00400117 -7.81639e-07
7.70339e-08 -0.00400117 -7.81639e-07
6.39107e-08 -0.00400117 -7.61864e-07
7.70339e-08 -0.00400117 -7.61864e-07
6.39107e-08 -0.00400117 -7.42089e-07
7.70339e-08 -0.00400118 -7.42089e-07
6.39107e-08 -0.00400117 -7.22314e-07
7.70339e-08 -0.00400118 -7.22314e-07
6.39107e-08 -0.00400117 -7.0254e-07
7.70339e-08 -0.00400118 -7.0254e-07
6.39107e-08 -0.00400118 -6.82765e-07
7.70339e-08 -0.00400118 -6.82765e-07
6.39107e-08 -0.00400118 -6.6299e-07
7.70339e-08 -0.00400118 -6.6299e-07
6.39107e-08 -0.00400118 -6.43216e-07
7.70339e-08 -0.00400118 -6.43216e-07
6.39107e-08 -0.00400118 -6.23441e-07
7.70339e-08 -0.00400119 -6.23441e-07
6.39107e-08 -0.00400118 -6.03666e-07
7.70339e-08 -0.00400119 -6.03666e-07
6.39107e-08 -0.00400118 -5.83891e-07
7.70339e-08 -0.00400119 -5.83891e-07
6.39107e-08 -0.00400119 -5.64117e-07
7.70339e-08 -0.00400119 -5.64117e-07
6.39107e-08 -0.00400119 -5.44342e-07
7.70339e-08 -0.00400119 -5.44342e-07
6.39107e-08 -0.00400119 -5.24567e-07
7.70339e-08 -0.0040012 -5.24567e-07
6.39107e-08 -0.00400119 -5.04793e-07
7.70339e-08 -0.0040012 -5.04793e-07
6.39107e-08 -0.00400119 -4.85018e-07
7.70339e-08 -0.0040012 -4.85018e-07
6.39107e-08 -0.0040012 -4.65243e-07
7.70339e-08 -0.0040012 -4.65243e-07
6.39107e-08 -0.0040012 -4.45469e-07
7.70339e-08 -0.0040012 -4.45469e-07
6.39107e-08 -0.0040012 -4.25694e-07
7.70339e-08 -0.0040012 -4.25694e-07
6.39107e-08 -0.0040012 -4.05919e-07
7.70339e-08 -0.00400121 -4.05919e-07
6.39107e-08 -0.0040012 -3.86144e-07
7.70339e-08 -0.00400121 -3.86144e-07
6.39107e-08 -0.0040012 -3.6637e-07
7.70339e-08 -0.00400121 -3.6637e-07
6.39107e-08 -0.00400121 -3.46595e-07
7.70339e-08 -0.00400121 -3.46595e-07
6.39107e-08 -0.00400121 -3.2682e-07
7.70339e-08 -0.00400121 -3.2682e-07
6.39107e-08 -0.00400121 -3.07046e-07
7.70339e-08 -0.00400121 -3.07046e-07
6.39107e-08 -0.00400121 -2.87271e-07
7.70339e-08 -0.00400122 -2.87271e-07
6.39107e-08 -0.00400121 -2.67496e-07
7.70339e-08 -0.00400122 -2.67496e-07
6.39107e-08 -0.00400122 -2.47721e-07
7.70339e-08 -0.00400122 -2.47721e-07
6.39107e-08 -0.00400122 -2.27947e-07
7.70339e-08 -0.00400122 -2.27947e-07
6.39107e-08 -0.00400122 -2.08172e-07
7.70339e-08 -0.00400122 -2.08172e-07
6.39107e-08 -0.00400122 -1.88397e-07
7.70339e-08 -0.00400123 -1.88397e-07
1.16404e-07 -0.00400111 -1.63195e-06
1.29527e-07 -0.00400111 -1.63195e-06
1.16404e-07 -0.00400111 -1.61218e-06
1.29527e-07 -0.00400112 -1.61218e-06
1.16404e-07 -0.00400111 -1.5924e-06
1.29527e-07 -0.00400112 -1.5924e-06
1.16404e-07 -0.00400111 -1.57263e-06
1.29527e-07 -0.00400112 -1.57263e-06
1.16404e-07 -0.00400112 -1.55285e-06
1.29527e-07 -0.00400112 -1.55285e-06
1.16404e-07 -0.00400112 -1.53308e-06
1.29527e-07 -0.00400112 -1.53308e-06
1.16404e-07 -0.00400112 -1.5133e-06
1.29527e-07 -0.00400113 -1.5133e-06
1.16404e-07 -0.00400112 -1.49353e-06
1.29527e-07 -0.00400113 -1.49353e-06
1.16404e-07 -0.00400112 -1.47375e-06
1.29527e-07 -0.00400113 -1.47375e-06
1.16404e-07 -0.00400113 -1.45398e-06
1.29527e-07 -0.00400113 -1.45398e-06
1.16404e-07 -0.00400113 -1.4342e-06
1.29527e-07 -0.00400113 -1.4342e-06
1.16404e-07 -0.00400113 -1.41443e-06
1.29527e-07 -0.00400113 -1.41443e-06
1.16404e-07 -0.00400113 -1.39465e-06
1.29527e-07 -0.00400114 -1.39465e-06
1.16404e-07 -0.00400113 -1.37488e-06
1.29527e-07 -0.00400114 -1.37488e-06
1.16404e-07 -0.00400113 -1.35511e-06
1.29527e-07 -0.00400114 -1.35511e-06
1.16404e-07 -0.00400114 -1.33533e-06
1.29527e-07 -0.00400114 -1.33533e-06
1.16404e-07 -0.00400114 -1.31556e-06
1.29527e-07 -0.00400114 -1.31556e-06
1.16404e-07 -0.00400114 -1.29578e-06
1.29527e-07 -0.00400114 -1.29578e-06
1.16404e-07 -0.00400114 -1.27601e-06
1.29527e-07 -0.00400115 -1.27601e-06
1.16404e-07 -0.00400114 -1.25623e-06
1.29527e-07 -0.00400115 -1.25623e-06
1.16404e-07 -0.00400115 -1.23646e-06
1.29527e-07 -0.00400115 -1.23646e-06
1.16404e-07 -0.00400115 -1.21668e-06
1.29527e-07 -0.00400115 -1.21668e-06
1.16404e-07 -0.00400115 -1.19691e-06
1.29527e-07 -0.00400115 -1.19691e-06
1.16404e-07 -0.00400115 -1.17713e-06
1.29527e-07 -0.00400116 -1.17713e-06
1.16404e-07 -0.00400115 -1.15736e-06
1.29527e-07 -0.00400116 -1.15736e-06
1.16404e-07 -0.00400115 -1.13758e-06
1.29527e-07 -0.00400116 -1.13758e-06
1.16404e-07 -0.00400116 -1.11781e-06
1.29527e-07 -0.00400116 -1.11781e-06
1.16404e-07 -0.00400116 -1.09803e-06
1.29527e-07 -0.00400116 -1.09803e-06
1.16404e-07 -0.00400116 -1.07826e-06
1.29527e-07 -0.00400116 -1.07826e-06
1.16404e-07 -0.00400116 -1.05848e-06
1.29527e-07 -0.00400117 -1.05848e-06
1.16404e-07 -0.00400116 -1.03871e-06
1.29527e-07 -0.00400117 -1.03871e-06
1.16404e-07 -0.00400116 -1.01893e-06
1.29527e-07 -0.00400117 -1.01893e-06
1.16404e-07 -0.00400117 -9.9916e-07
1.29527e-07 -0.00400117 -9.9916e-07
1.16404e-07 -0.00400117 -9.79386e-07
1.29527e-07 -0.00400117 -9.79386e-07
1.16404e-07 -0.00400117 -9.59611e-07
1.29527e-07 -0.00400118 -9.59611e-07
1.16404e-07 -0.00400117 -9.39836e-07
1.29527e-07 -0.00400118 -9.39836e-07
1.16404e-07 -0.00400117 -9.20061e-07
1.29527e-07 -0.00400118 -9.20061e-07
1.16404e-07 -0.00400118 -9.00287e-07
1.29527e-07 -0.00400118 -9.00287e-07
1.16404e-07 -0.00400118 -8.80512e-07
1.29527e-07 -0.00400118 -8.80512e-07
1.16404e-07 -0.00400118 -8.60737e-07
1.29527e-07 -0.00400118 -8.60737e-07
1.16404e-07 -0.00400118 -8.40963e-07
1.29527e-07 -0.00400119 -8.40963e-07
1.16404e-07 -0.00400118 -8.21188e-07
1.29527e-07 -0.00400119 -8.21188e-07
1.16404e-07 -0.00400118 -8.01413e-07
1.29527e-07 -0.00400119 -8.01413e-07
1.16404e-07 -0.00400119 -7.81639e-07
1.29527e-07 -0.00400119 -7.81639e-07
1.16404e-07 -0.00400119 -7.61864e-07
1.29527e-07 -0.00400119 -7.61864e-07
1.16404e-07 -0.00400119 -7.42089e-07
1.29527e-07 -0.00400119 -7.42089e-07
1.16404e-07 -0.00400119 -7.22314e-07
1.29527e-07 -0.0040012 -7.22314e-07
1.16404e-07 -0.00400119 -7.0254e-07
1.29527e-07 -0.0040012 -7.0254e-07
1.16404e-07 -0.0040012 -6.82765e-07
1.29527e-07 -0.0040012 -6.82765e-07
1.16404e-07 -0.0040012 -6.6299e-07
1.29527e-07 -0.0040012 -6.6299e-07
1.16404e-07 -0.0040012 -6.43216e-07
1.29527e-07 -0.0040012 -6.43216e-07
1.16404e-07 -0.0040012 -6.23441e-07
1.29527e-07 -0.00400121 -6.23441e-07
1.16404e-07 -0.0040012 -6.03666e-07
1.29527e-07 -0.00400121 -6.03666e-07
1.16404e-07 -0.0040012 -5.83891e-07
1.29527e-07 -0.00400121 -5.83891e-07
1.16404e-07 -0.00400121 -5.64117e-07
1.29527e-07 -0.00400121 -5.64117e-07
1.16404e-07 -0.00400121 -5.44342e-07
1.29527e-07 -0.00400121 -5.44342e-07
1.16404e-07 -0.00400121 -5.24567e-07
1.29527e-07 -0.00400121 -5.24567e-07
1.16404e-07 -0.00400121 -5.04793e-07
1.29527e-07 -0.00400122 -5.04793e-07
1.16404e-07 -0.00400121 -4.85018e-07
1.29527e-07 -0.00400122 -4.85018e-07
1.16404e-07 -0.00400121 -4.65243e-07
1.29527e-07 -0.00400122 -4.65243e-07
1.16404e-07 -0.00400122 -4.45469e-07
1.29527e-07 -0.00400122 -4.45469e-07
1.16404e-07 -0.00400122 -4.25694e-07
1.29527e-07 -0.00400122 -4.25694e-07
1.16404e-07 -0.00400122 -4.05919e-07
1.29527e-07 -0.00400122 -4.05919e-07
1.16404e-07 -0.00400122 -3.86144e-07
1.29527e-07 -0.00400123 -3.86144e-07
1.16404e-07 -0.00400122 -3.6637e-07
1.29527e-07 -0.00400123 -3.6637e-07
1.16404e-07 -0.00400123 -3.46595e-07
1.29527e-07 -0.00400123 -3.46595e-07
1.16404e-07 -0.00400123 -3.2682e-07
1.29527e-07 -0.00400123 -3.2682e-07
1.16404e-07 -0.00400123 -3.07046e-07
1.29527e-07 -0.00400123 -3.07046e-07
1.16404e-07 -0.00400123 -2.87271e-07
1.29527e-07 -0.00400124 -2.87271e-07
1.16404e-07 -0.00400123 -2.67496e-07
1.29527e-07 -0.00400124 -2.67496e-07
1.16404e-07 -0.00400123 -2.47721e-07
1.29527e-07 -0.00400124 -2.47721e-07
1.16404e-07 -0.00400124 -2.27947e-07
1.29527e-07 -0.00400124 -2.27947e-07
1.16404e-07 -0.00400124 -2.08172e-07
1.29527e-07 -0.00400124 -2.08172e-07
1.16404e-07 -0.00400124 -1.88397e-07
1.29527e-07 -0.00400124 -1.88397e-07
