8.5e-09 -0.00401599 1.97043e-07
8.5e-09 -0.00401601 -2.53351e-07
2.07835e-08 -0.00401603 1.97043e-07
2.07835e-08 -0.00401605 -2.53351e-07
8.5e-09 -0.00401599 1.90873e-07
8.5e-09 -0.00401599 1.84704e-07
8.5e-09 -0.00401599 1.78534e-07
8.5e-09 -0.00401599 1.72364e-07
8.5e-09 -0.00401599 1.66194e-07
8.5e-09 -0.00401599 1.60024e-07
8.5e-09 -0.00401599 1.53855e-07
8.5e-09 -0.00401599 1.47685e-07
8.5e-09 -0.00401599 1.41515e-07
8.5e-09 -0.00401599 1.35345e-07
8.5e-09 -0.00401599 1.29175e-07
8.5e-09 -0.00401599 1.23006e-07
8.5e-09 -0.00401599 1.16836e-07
8.5e-09 -0.00401599 1.10666e-07
8.5e-09 -0.004016 1.04496e-07
8.5e-09 -0.004016 9.83266e-08
8.5e-09 -0.004016 9.21568e-08
8.5e-09 -0.004016 8.5987e-08
8.5e-09 -0.004016 7.98172e-08
8.5e-09 -0.004016 7.36474e-08
8.5e-09 -0.004016 6.74776e-08
8.5e-09 -0.004016 6.13078e-08
8.5e-09 -0.004016 5.5138e-08
8.5e-09 -0.004016 4.89683e-08
8.5e-09 -0.004016 4.27985e-08
8.5e-09 -0.004016 3.66287e-08
8.5e-09 -0.004016 3.04589e-08
8.5e-09 -0.004016 2.42891e-08
8.5e-09 -0.004016 1.81193e-08
8.5e-09 -0.004016 1.19495e-08
8.5e-09 -0.004016 5.77975e-09
8.5e-09 -0.004016 -3.90029e-10
8.5e-09 -0.004016 -6.55982e-09
8.5e-09 -0.004016 -1.27296e-08
8.5e-09 -0.004016 -1.88994e-08
8.5e-09 -0.004016 -2.50692e-08
8.5e-09 -0.004016 -3.1239e-08
8.5e-09 -0.004016 -3.74087e-08
8.5e-09 -0.004016 -4.35785e-08
8.5e-09 -0.004016 -4.97483e-08
8.5e-09 -0.004016 -5.59181e-08
8.5e-09 -0.004016 -6.20879e-08
8.5e-09 -0.004016 -6.82577e-08
8.5e-09 -0.004016 -7.44275e-08
8.5e-09 -0.004016 -8.05973e-08
8.5e-09 -0.004016 -8.67671e-08
8.5e-09 -0.004016 -9.29368e-08
8.5e-09 -0.004016 -9.91066e-08
8.5e-09 -0.00401601 -1.05276e-07
8.5e-09 -0.00401601 -1.11446e-07
8.5e-09 -0.00401601 -1.17616e-07
8.5e-09 -0.00401601 -1.23786e-07
8.5e-09 -0.00401601 -1.29956e-07
8.5e-09 -0.00401601 -1.36125e-07
8.5e-09 -0.00401601 -1.42295e-07
8.5e-09 -0.00401601 -1.48465e-07
8.5e-09 -0.00401601 -1.54635e-07
8.5e-09 -0.00401601 -1.60804e-07
8.5e-09 -0.00401601 -1.66974e-07
8.5e-09 -0.00401601 -1.73144e-07
8.5e-09 -0.00401601 -1.79314e-07
8.5e-09 -0.00401601 -1.85484e-07
8.5e-09 -0.00401601 -1.91653e-07
8.5e-09 -0.00401601 -1.97823e-07
8.5e-09 -0.00401601 -2.03993e-07
8.5e-09 -0.00401601 -2.10163e-07
8.5e-09 -0.00401601 -2.16333e-07
8.5e-09 -0.00401601 -2.22502e-07
8.5e-09 -0.00401601 -2.28672e-07
8.5e-09 -0.00401601 -2.34842e-07
8.5e-09 -0.00401601 -2.41012e-07
8.5e-09 -0.00401601 -2.47181e-07
1.46417e-08 -0.00401603 -2.53351e-07
1.46417e-08 -0.00401601 1.97043e-07
2.07835e-08 -0.00401605 -2.47181e-07
2.07835e-08 -0.00401605 -2.41012e-07
2.07835e-08 -0.00401605 -2.34842e-07
2.07835e-08 -0.00401605 -2.28672e-07
2.07835e-08 -0.00401605 -2.22502e-07
2.07835e-08 -0.00401605 -2.16333e-07
2.07835e-08 -0.00401605 -2.10163e-07
2.07835e-08 -0.00401605 -2.03993e-07
2.07835e-08 -0.00401605 -1.97823e-07
2.07835e-08 -0.00401605 -1.91653e-07
2.07835e-08 -0.00401605 -1.85484e-07
2.07835e-08 -0.00401605 -1.79314e-07
2.07835e-08 -0.00401605 -1.73144e-07
2.07835e-08 -0.00401605 -1.66974e-07
2.07835e-08 -0.00401605 -1.60804e-07
2.07835e-08 -0.00401605 -1.54635e-07
2.07835e-08 -0.00401605 -1.48465e-07
2.07835e-08 -0.00401605 -1.42295e-07
2.07835e-08 -0.00401605 -1.36125e-07
2.07835e-08 -0.00401605 -1.29956e-07
2.07835e-08 -0.00401605 -1.23786e-07
2.07835e-08 -0.00401605 -1.17616e-07
2.07835e-08 -0.00401605 -1.11446e-07
2.07835e-08 -0.00401605 -1.05276e-07
2.07835e-08 -0.00401605 -9.91066e-08
2.07835e-08 -0.00401605 -9.29368e-08
2.07835e-08 -0.00401605 -8.67671e-08
2.07835e-08 -0.00401604 -8.05973e-08
2.07835e-08 -0.00401604 -7.44275e-08
2.07835e-08 -0.00401604 -6.82577e-08
2.07835e-08 -0.00401604 -6.20879e-08
2.07835e-08 -0.00401604 -5.59181e-08
2.07835e-08 -0.00401604 -4.97483e-08
2.07835e-08 -0.00401604 -4.35785e-08
2.07835e-08 -0.00401604 -3.74087e-08
2.07835e-08 -0.00401604 -3.1239e-08
2.07835e-08 -0.00401604 -2.50692e-08
2.07835e-08 -0.00401604 -1.88994e-08
2.07835e-08 -0.00401604 -1.27296e-08
2.07835e-08 -0.00401604 -6.55982e-09
2.07835e-08 -0.00401604 -3.90029e-10
2.07835e-08 -0.00401604 5.77975e-09
2.07835e-08 -0.00401604 1.19495e-08
2.07835e-08 -0.00401604 1.81193e-08
2.07835e-08 -0.00401604 2.42891e-08
2.07835e-08 -0.00401604 3.04589e-08
2.07835e-08 -0.00401604 3.66287e-08
2.07835e-08 -0.00401604 4.27985e-08
2.07835e-08 -0.00401604 4.89683e-08
2.07835e-08 -0.00401604 5.5138e-08
2.07835e-08 -0.00401604 6.13078e-08
2.07835e-08 -0.00401604 6.74776e-08
2.07835e-08 -0.00401604 7.36474e-08
2.07835e-08 -0.00401604 7.98172e-08
2.07835e-08 -0.00401604 8.5987e-08
2.07835e-08 -0.00401604 9.21568e-08
2.07835e-08 -0.00401604 9.83266e-08
2.07835e-08 -0.00401604 1.04496e-07
2.07835e-08 -0.00401604 1.10666e-07
2.07835e-08 -0.00401604 1.16836e-07
2.07835e-08 -0.00401603 1.23006e-07
2.07835e-08 -0.00401603 1.29175e-07
2.07835e-08 -0.00401603 1.35345e-07
2.07835e-08 -0.00401603 1.41515e-07
2.07835e-08 -0.00401603 1.47685e-07
2.07835e-08 -0.00401603 1.53855e-07
2.07835e-08 -0.00401603 1.60024e-07
2.07835e-08 -0.00401603 1.66194e-07
2.07835e-08 -0.00401603 1.72364e-07
2.07835e-08 -0.00401603 1.78534e-07
2.07835e-08 -0.00401603 1.84704e-07
2.07835e-08 -0.00401603 1.90873e-07
1.46417e-08 -0.00401603 -2.47181e-07
1.46417e-08 -0.00401603 -2.41012e-07
1.46417e-08 -0.00401603 -2.34842e-07
1.46417e-08 -0.00401603 -2.28672e-07
1.46417e-08 -0.00401603 -2.22502e-07
1.46417e-08 -0.00401603 -2.16333e-07
1.46417e-08 -0.00401603 -2.10163e-07
1.46417e-08 -0.00401603 -2.03993e-07
1.46417e-08 -0.00401603 -1.97823e-07
1.46417e-08 -0.00401603 -1.91653e-07
1.46417e-08 -0.00401603 -1.85484e-07
1.46417e-08 -0.00401603 -1.79314e-07
1.46417e-08 -0.00401603 -1.73144e-07
1.46417e-08 -0.00401603 -1.66974e-07
1.46417e-08 -0.00401603 -1.60804e-07
1.46417e-08 -0.00401603 -1.54635e-07
1.46417e-08 -0.00401603 -1.48465e-07
1.46417e-08 -0.00401603 -1.42295e-07
1.46417e-08 -0.00401603 -1.36125e-07
1.46417e-08 -0.00401603 -1.29956e-07
1.46417e-08 -0.00401603 -1.23786e-07
1.46417e-08 -0.00401603 -1.17616e-07
1.46417e-08 -0.00401603 -1.11446e-07
1.46417e-08 -0.00401603 -1.05276e-07
1.46417e-08 -0.00401603 -9.91066e-08
1.46417e-08 -0.00401602 -9.29368e-08
1.46417e-08 -0.00401602 -8.67671e-08
1.46417e-08 -0.00401602 -8.05973e-08
1.46417e-08 -0.00401602 -7.44275e-08
1.46417e-08 -0.00401602 -6.82577e-08
1.46417e-08 -0.00401602 -6.20879e-08
1.46417e-08 -0.00401602 -5.59181e-08
1.46417e-08 -0.00401602 -4.97483e-08
1.46417e-08 -0.00401602 -4.35785e-08
1.46417e-08 -0.00401602 -3.74087e-08
1.46417e-08 -0.00401602 -3.1239e-08
1.46417e-08 -0.00401602 -2.50692e-08
1.46417e-08 -0.00401602 -1.88994e-08
1.46417e-08 -0.00401602 -1.27296e-08
1.46417e-08 -0.00401602 -6.55982e-09
1.46417e-08 -0.00401602 -3.90029e-10
1.46417e-08 -0.00401602 5.77975e-09
1.46417e-08 -0.00401602 1.19495e-08
1.46417e-08 -0.00401602 1.81193e-08
1.46417e-08 -0.00401602 2.42891e-08
1.46417e-08 -0.00401602 3.04589e-08
1.46417e-08 -0.00401602 3.66287e-08
1.46417e-08 -0.00401602 4.27985e-08
1.46417e-08 -0.00401602 4.89683e-08
1.46417e-08 -0.00401602 5.5138e-08
1.46417e-08 -0.00401602 6.13078e-08
1.46417e-08 -0.00401602 6.74776e-08
1.46417e-08 -0.00401602 7.36474e-08
1.46417e-08 -0.00401602 7.98172e-08
1.46417e-08 -0.00401602 8.5987e-08
1.46417e-08 -0.00401602 9.21568e-08
1.46417e-08 -0.00401602 9.83266e-08
1.46417e-08 -0.00401602 1.04496e-07
1.46417e-08 -0.00401602 1.10666e-07
1.46417e-08 -0.00401601 1.16836e-07
1.46417e-08 -0.00401601 1.23006e-07
1.46417e-08 -0.00401601 1.29175e-07
1.46417e-08 -0.00401601 1.35345e-07
1.46417e-08 -0.00401601 1.41515e-07
1.46417e-08 -0.00401601 1.47685e-07
1.46417e-08 -0.00401601 1.53855e-07
1.46417e-08 -0.00401601 1.60024e-07
1.46417e-08 -0.00401601 1.66194e-07
1.46417e-08 -0.00401601 1.72364e-07
1.46417e-08 -0.00401601 1.78534e-07
1.46417e-08 -0.00401601 1.84704e-07
1.46417e-08 -0.00401601 1.90873e-07
2.4878e-08 -0.00401604 1.97043e-07
2.07835e-08 -0.00401603 1.97043e-07
2.4878e-08 -0.00401605 1.90873e-07
2.07835e-08 -0.00401603 1.90873e-07
2.4878e-08 -0.00401605 1.84704e-07
2.07835e-08 -0.00401603 1.84704e-07
2.4878e-08 -0.00401605 1.78534e-07
2.07835e-08 -0.00401603 1.78534e-07
2.4878e-08 -0.00401605 1.72364e-07
2.07835e-08 -0.00401603 1.72364e-07
2.4878e-08 -0.00401605 1.66194e-07
2.07835e-08 -0.00401603 1.66194e-07
2.4878e-08 -0.00401605 1.60024e-07
2.07835e-08 -0.00401603 1.60024e-07
2.4878e-08 -0.00401605 1.53855e-07
2.07835e-08 -0.00401603 1.53855e-07
2.4878e-08 -0.00401605 1.47685e-07
2.07835e-08 -0.00401603 1.47685e-07
2.4878e-08 -0.00401605 1.41515e-07
2.07835e-08 -0.00401603 1.41515e-07
2.4878e-08 -0.00401605 1.35345e-07
2.07835e-08 -0.00401603 1.35345e-07
2.4878e-08 -0.00401605 1.29175e-07
2.07835e-08 -0.00401603 1.29175e-07
2.4878e-08 -0.00401605 1.23006e-07
2.07835e-08 -0.00401603 1.23006e-07
2.4878e-08 -0.00401605 1.16836e-07
2.07835e-08 -0.00401604 1.16836e-07
2.4878e-08 -0.00401605 1.10666e-07
2.07835e-08 -0.00401604 1.10666e-07
2.4878e-08 -0.00401605 1.04496e-07
2.07835e-08 -0.00401604 1.04496e-07
2.4878e-08 -0.00401605 9.83266e-08
2.07835e-08 -0.00401604 9.83266e-08
2.4878e-08 -0.00401605 9.21568e-08
2.07835e-08 -0.00401604 9.21568e-08
2.4878e-08 -0.00401605 8.5987e-08
2.07835e-08 -0.00401604 8.5987e-08
2.4878e-08 -0.00401605 7.98172e-08
2.07835e-08 -0.00401604 7.98172e-08
2.4878e-08 -0.00401605 7.36474e-08
2.07835e-08 -0.00401604 7.36474e-08
2.4878e-08 -0.00401605 6.74776e-08
2.07835e-08 -0.00401604 6.74776e-08
2.4878e-08 -0.00401605 6.13078e-08
2.07835e-08 -0.00401604 6.13078e-08
2.4878e-08 -0.00401605 5.5138e-08
2.07835e-08 -0.00401604 5.5138e-08
2.4878e-08 -0.00401605 4.89683e-08
2.07835e-08 -0.00401604 4.89683e-08
2.4878e-08 -0.00401605 4.27985e-08
2.07835e-08 -0.00401604 4.27985e-08
2.4878e-08 -0.00401605 3.66287e-08
2.07835e-08 -0.00401604 3.66287e-08
2.4878e-08 -0.00401605 3.04589e-08
2.07835e-08 -0.00401604 3.04589e-08
2.4878e-08 -0.00401605 2.42891e-08
2.07835e-08 -0.00401604 2.42891e-08
2.4878e-08 -0.00401605 1.81193e-08
2.07835e-08 -0.00401604 1.81193e-08
2.4878e-08 -0.00401605 1.19495e-08
2.07835e-08 -0.00401604 1.19495e-08
2.4878e-08 -0.00401605 5.77975e-09
2.07835e-08 -0.00401604 5.77975e-09
2.4878e-08 -0.00401605 -3.90029e-10
2.07835e-08 -0.00401604 -3.90029e-10
2.4878e-08 -0.00401605 -6.55982e-09
2.07835e-08 -0.00401604 -6.55982e-09
2.4878e-08 -0.00401605 -1.27296e-08
2.07835e-08 -0.00401604 -1.27296e-08
2.4878e-08 -0.00401606 -1.88994e-08
2.07835e-08 -0.00401604 -1.88994e-08
2.4878e-08 -0.00401606 -2.50692e-08
2.07835e-08 -0.00401604 -2.50692e-08
2.4878e-08 -0.00401606 -3.1239e-08
2.07835e-08 -0.00401604 -3.1239e-08
2.4878e-08 -0.00401606 -3.74087e-08
2.07835e-08 -0.00401604 -3.74087e-08
2.4878e-08 -0.00401606 -4.35785e-08
2.07835e-08 -0.00401604 -4.35785e-08
2.4878e-08 -0.00401606 -4.97483e-08
2.07835e-08 -0.00401604 -4.97483e-08
2.4878e-08 -0.00401606 -5.59181e-08
2.07835e-08 -0.00401604 -5.59181e-08
2.4878e-08 -0.00401606 -6.20879e-08
2.07835e-08 -0.00401604 -6.20879e-08
2.4878e-08 -0.00401606 -6.82577e-08
2.07835e-08 -0.00401604 -6.82577e-08
2.4878e-08 -0.00401606 -7.44275e-08
2.07835e-08 -0.00401604 -7.44275e-08
2.4878e-08 -0.00401606 -8.05973e-08
2.07835e-08 -0.00401604 -8.05973e-08
2.4878e-08 -0.00401606 -8.67671e-08
2.07835e-08 -0.00401605 -8.67671e-08
2.4878e-08 -0.00401606 -9.29368e-08
2.07835e-08 -0.00401605 -9.29368e-08
2.4878e-08 -0.00401606 -9.91066e-08
2.07835e-08 -0.00401605 -9.91066e-08
2.4878e-08 -0.00401606 -1.05276e-07
2.07835e-08 -0.00401605 -1.05276e-07
2.4878e-08 -0.00401606 -1.11446e-07
2.07835e-08 -0.00401605 -1.11446e-07
2.4878e-08 -0.00401606 -1.17616e-07
2.07835e-08 -0.00401605 -1.17616e-07
2.4878e-08 -0.00401606 -1.23786e-07
2.07835e-08 -0.00401605 -1.23786e-07
2.4878e-08 -0.00401606 -1.29956e-07
2.07835e-08 -0.00401605 -1.29956e-07
2.4878e-08 -0.00401606 -1.36125e-07
2.07835e-08 -0.00401605 -1.36125e-07
2.4878e-08 -0.00401606 -1.42295e-07
2.07835e-08 -0.00401605 -1.42295e-07
2.4878e-08 -0.00401606 -1.48465e-07
2.07835e-08 -0.00401605 -1.48465e-07
2.4878e-08 -0.00401606 -1.54635e-07
2.07835e-08 -0.00401605 -1.54635e-07
2.4878e-08 -0.00401606 -1.60804e-07
2.07835e-08 -0.00401605 -1.60804e-07
2.4878e-08 -0.00401606 -1.66974e-07
2.07835e-08 -0.00401605 -1.66974e-07
2.4878e-08 -0.00401606 -1.73144e-07
2.07835e-08 -0.00401605 -1.73144e-07
2.4878e-08 -0.00401606 -1.79314e-07
2.07835e-08 -0.00401605 -1.79314e-07
2.4878e-08 -0.00401606 -1.85484e-07
2.07835e-08 -0.00401605 -1.85484e-07
2.4878e-08 -0.00401606 -1.91653e-07
2.07835e-08 -0.00401605 -1.91653e-07
2.4878e-08 -0.00401606 -1.97823e-07
2.07835e-08 -0.00401605 -1.97823e-07
2.4878e-08 -0.00401606 -2.03993e-07
2.07835e-08 -0.00401605 -2.03993e-07
2.4878e-08 -0.00401606 -2.10163e-07
2.07835e-08 -0.00401605 -2.10163e-07
2.4878e-08 -0.00401606 -2.16333e-07
2.07835e-08 -0.00401605 -2.16333e-07
2.4878e-08 -0.00401607 -2.22502e-07
2.07835e-08 -0.00401605 -2.22502e-07
2.4878e-08 -0.00401607 -2.28672e-07
2.07835e-08 -0.00401605 -2.28672e-07
2.4878e-08 -0.00401607 -2.34842e-07
2.07835e-08 -0.00401605 -2.34842e-07
2.4878e-08 -0.00401607 -2.41012e-07
2.07835e-08 -0.00401605 -2.41012e-07
2.4878e-08 -0.00401607 -2.47181e-07
2.07835e-08 -0.00401605 -2.47181e-07
2.4878e-08 -0.00401607 -2.53351e-07
2.07835e-08 -0.00401605 -2.53351e-07
8.5e-09 -0.00401599 1.97043e-07
4.40551e-09 -0.00401598 1.97043e-07
8.5e-09 -0.00401599 1.90873e-07
4.40551e-09 -0.00401598 1.90873e-07
8.5e-09 -0.00401599 1.84704e-07
4.40551e-09 -0.00401598 1.84704e-07
8.5e-09 -0.00401599 1.78534e-07
4.40551e-09 -0.00401598 1.78534e-07
8.5e-09 -0.00401599 1.72364e-07
4.40551e-09 -0.00401598 1.72364e-07
8.5e-09 -0.00401599 1.66194e-07
4.40551e-09 -0.00401598 1.66194e-07
8.5e-09 -0.00401599 1.60024e-07
4.40551e-09 -0.00401598 1.60024e-07
8.5e-09 -0.00401599 1.53855e-07
4.40551e-09 -0.00401598 1.53855e-07
8.5e-09 -0.00401599 1.47685e-07
4.40551e-09 -0.00401598 1.47685e-07
8.5e-09 -0.00401599 1.41515e-07
4.40551e-09 -0.00401598 1.41515e-07
8.5e-09 -0.00401599 1.35345e-07
4.40551e-09 -0.00401598 1.35345e-07
8.5e-09 -0.00401599 1.29175e-07
4.40551e-09 -0.00401598 1.29175e-07
8.5e-09 -0.00401599 1.23006e-07
4.40551e-09 -0.00401598 1.23006e-07
8.5e-09 -0.00401599 1.16836e-07
4.40551e-09 -0.00401598 1.16836e-07
8.5e-09 -0.00401599 1.10666e-07
4.40551e-09 -0.00401598 1.10666e-07
8.5e-09 -0.004016 1.04496e-07
4.40551e-09 -0.00401598 1.04496e-07
8.5e-09 -0.004016 9.83266e-08
4.40551e-09 -0.00401598 9.83266e-08
8.5e-09 -0.004016 9.21568e-08
4.40551e-09 -0.00401598 9.21568e-08
8.5e-09 -0.004016 8.5987e-08
4.40551e-09 -0.00401598 8.5987e-08
8.5e-09 -0.004016 7.98172e-08
4.40551e-09 -0.00401598 7.98172e-08
8.5e-09 -0.004016 7.36474e-08
4.40551e-09 -0.00401598 7.36474e-08
8.5e-09 -0.004016 6.74776e-08
4.40551e-09 -0.00401598 6.74776e-08
8.5e-09 -0.004016 6.13078e-08
4.40551e-09 -0.00401598 6.13078e-08
8.5e-09 -0.004016 5.5138e-08
4.40551e-09 -0.00401598 5.5138e-08
8.5e-09 -0.004016 4.89683e-08
4.40551e-09 -0.00401598 4.89683e-08
8.5e-09 -0.004016 4.27985e-08
4.40551e-09 -0.00401598 4.27985e-08
8.5e-09 -0.004016 3.66287e-08
4.40551e-09 -0.00401598 3.66287e-08
8.5e-09 -0.004016 3.04589e-08
4.40551e-09 -0.00401599 3.04589e-08
8.5e-09 -0.004016 2.42891e-08
4.40551e-09 -0.00401599 2.42891e-08
8.5e-09 -0.004016 1.81193e-08
4.40551e-09 -0.00401599 1.81193e-08
8.5e-09 -0.004016 1.19495e-08
4.40551e-09 -0.00401599 1.19495e-08
8.5e-09 -0.004016 5.77975e-09
4.40551e-09 -0.00401599 5.77975e-09
8.5e-09 -0.004016 -3.90029e-10
4.40551e-09 -0.00401599 -3.90029e-10
8.5e-09 -0.004016 -6.55982e-09
4.40551e-09 -0.00401599 -6.55982e-09
8.5e-09 -0.004016 -1.27296e-08
4.40551e-09 -0.00401599 -1.27296e-08
8.5e-09 -0.004016 -1.88994e-08
4.40551e-09 -0.00401599 -1.88994e-08
8.5e-09 -0.004016 -2.50692e-08
4.40551e-09 -0.00401599 -2.50692e-08
8.5e-09 -0.004016 -3.1239e-08
4.40551e-09 -0.00401599 -3.1239e-08
8.5e-09 -0.004016 -3.74087e-08
4.40551e-09 -0.00401599 -3.74087e-08
8.5e-09 -0.004016 -4.35785e-08
4.40551e-09 -0.00401599 -4.35785e-08
8.5e-09 -0.004016 -4.97483e-08
4.40551e-09 -0.00401599 -4.97483e-08
8.5e-09 -0.004016 -5.59181e-08
4.40551e-09 -0.00401599 -5.59181e-08
8.5e-09 -0.004016 -6.20879e-08
4.40551e-09 -0.00401599 -6.20879e-08
8.5e-09 -0.004016 -6.82577e-08
4.40551e-09 -0.00401599 -6.82577e-08
8.5e-09 -0.004016 -7.44275e-08
4.40551e-09 -0.00401599 -7.44275e-08
8.5e-09 -0.004016 -8.05973e-08
4.40551e-09 -0.00401599 -8.05973e-08
8.5e-09 -0.004016 -8.67671e-08
4.40551e-09 -0.00401599 -8.67671e-08
8.5e-09 -0.004016 -9.29368e-08
4.40551e-09 -0.00401599 -9.29368e-08
8.5e-09 -0.004016 -9.91066e-08
4.40551e-09 -0.00401599 -9.91066e-08
8.5e-09 -0.00401601 -1.05276e-07
4.40551e-09 -0.00401599 -1.05276e-07
8.5e-09 -0.00401601 -1.11446e-07
4.40551e-09 -0.00401599 -1.11446e-07
8.5e-09 -0.00401601 -1.17616e-07
4.40551e-09 -0.00401599 -1.17616e-07
8.5e-09 -0.00401601 -1.23786e-07
4.40551e-09 -0.00401599 -1.23786e-07
8.5e-09 -0.00401601 -1.29956e-07
4.40551e-09 -0.00401599 -1.29956e-07
8.5e-09 -0.00401601 -1.36125e-07
4.40551e-09 -0.00401599 -1.36125e-07
8.5e-09 -0.00401601 -1.42295e-07
4.40551e-09 -0.00401599 -1.42295e-07
8.5e-09 -0.00401601 -1.48465e-07
4.40551e-09 -0.00401599 -1.48465e-07
8.5e-09 -0.00401601 -1.54635e-07
4.40551e-09 -0.00401599 -1.54635e-07
8.5e-09 -0.00401601 -1.60804e-07
4.40551e-09 -0.00401599 -1.60804e-07
8.5e-09 -0.00401601 -1.66974e-07
4.40551e-09 -0.00401599 -1.66974e-07
8.5e-09 -0.00401601 -1.73144e-07
4.40551e-09 -0.004016 -1.73144e-07
8.5e-09 -0.00401601 -1.79314e-07
4.40551e-09 -0.004016 -1.79314e-07
8.5e-09 -0.00401601 -1.85484e-07
4.40551e-09 -0.004016 -1.85484e-07
8.5e-09 -0.00401601 -1.91653e-07
4.40551e-09 -0.004016 -1.91653e-07
8.5e-09 -0.00401601 -1.97823e-07
4.40551e-09 -0.004016 -1.97823e-07
8.5e-09 -0.00401601 -2.03993e-07
4.40551e-09 -0.004016 -2.03993e-07
8.5e-09 -0.00401601 -2.10163e-07
4.40551e-09 -0.004016 -2.10163e-07
8.5e-09 -0.00401601 -2.16333e-07
4.40551e-09 -0.004016 -2.16333e-07
8.5e-09 -0.00401601 -2.22502e-07
4.40551e-09 -0.004016 -2.22502e-07
8.5e-09 -0.00401601 -2.28672e-07
4.40551e-09 -0.004016 -2.28672e-07
8.5e-09 -0.00401601 -2.34842e-07
4.40551e-09 -0.004016 -2.34842e-07
8.5e-09 -0.00401601 -2.41012e-07
4.40551e-09 -0.004016 -2.41012e-07
8.5e-09 -0.00401601 -2.47181e-07
4.40551e-09 -0.004016 -2.47181e-07
8.5e-09 -0.00401601 -2.53351e-07
4.40551e-09 -0.004016 -2.53351e-07
