-1.22694e-07 -0.00401038 -1.12545e-05
-1.22694e-07 -0.00401009 -7.31473e-06
-2.30142e-07 -0.00401017 -1.12545e-05
-2.30142e-07 -0.00400987 -7.31473e-06
-1.22694e-07 -0.00401038 -1.12005e-05
-1.22694e-07 -0.00401037 -1.11466e-05
-1.22694e-07 -0.00401037 -1.10926e-05
-1.22694e-07 -0.00401036 -1.10386e-05
-1.22694e-07 -0.00401036 -1.09847e-05
-1.22694e-07 -0.00401036 -1.09307e-05
-1.22694e-07 -0.00401035 -1.08767e-05
-1.22694e-07 -0.00401035 -1.08228e-05
-1.22694e-07 -0.00401034 -1.07688e-05
-1.22694e-07 -0.00401034 -1.07148e-05
-1.22694e-07 -0.00401034 -1.06608e-05
-1.22694e-07 -0.00401033 -1.06069e-05
-1.22694e-07 -0.00401033 -1.05529e-05
-1.22694e-07 -0.00401032 -1.04989e-05
-1.22694e-07 -0.00401032 -1.0445e-05
-1.22694e-07 -0.00401032 -1.0391e-05
-1.22694e-07 -0.00401031 -1.0337e-05
-1.22694e-07 -0.00401031 -1.02831e-05
-1.22694e-07 -0.0040103 -1.02291e-05
-1.22694e-07 -0.0040103 -1.01751e-05
-1.22694e-07 -0.0040103 -1.01211e-05
-1.22694e-07 -0.00401029 -1.00672e-05
-1.22694e-07 -0.00401029 -1.00132e-05
-1.22694e-07 -0.00401028 -9.95924e-06
-1.22694e-07 -0.00401028 -9.90527e-06
-1.22694e-07 -0.00401028 -9.8513e-06
-1.22694e-07 -0.00401027 -9.79733e-06
-1.22694e-07 -0.00401027 -9.74336e-06
-1.22694e-07 -0.00401026 -9.68939e-06
-1.22694e-07 -0.00401026 -9.63542e-06
-1.22694e-07 -0.00401025 -9.58145e-06
-1.22694e-07 -0.00401025 -9.52748e-06
-1.22694e-07 -0.00401025 -9.47351e-06
-1.22694e-07 -0.00401024 -9.41954e-06
-1.22694e-07 -0.00401024 -9.36557e-06
-1.22694e-07 -0.00401023 -9.31161e-06
-1.22694e-07 -0.00401023 -9.25763e-06
-1.22694e-07 -0.00401023 -9.20367e-06
-1.22694e-07 -0.00401022 -9.1497e-06
-1.22694e-07 -0.00401022 -9.09573e-06
-1.22694e-07 -0.00401021 -9.04176e-06
-1.22694e-07 -0.00401021 -8.98779e-06
-1.22694e-07 -0.00401021 -8.93382e-06
-1.22694e-07 -0.0040102 -8.87985e-06
-1.22694e-07 -0.0040102 -8.82588e-06
-1.22694e-07 -0.00401019 -8.77191e-06
-1.22694e-07 -0.00401019 -8.71794e-06
-1.22694e-07 -0.00401019 -8.66397e-06
-1.22694e-07 -0.00401018 -8.61e-06
-1.22694e-07 -0.00401018 -8.55603e-06
-1.22694e-07 -0.00401017 -8.50206e-06
-1.22694e-07 -0.00401017 -8.44809e-06
-1.22694e-07 -0.00401017 -8.39412e-06
-1.22694e-07 -0.00401016 -8.34015e-06
-1.22694e-07 -0.00401016 -8.28618e-06
-1.22694e-07 -0.00401015 -8.23221e-06
-1.22694e-07 -0.00401015 -8.17824e-06
-1.22694e-07 -0.00401015 -8.12427e-06
-1.22694e-07 -0.00401014 -8.0703e-06
-1.22694e-07 -0.00401014 -8.01633e-06
-1.22694e-07 -0.00401013 -7.96236e-06
-1.22694e-07 -0.00401013 -7.90839e-06
-1.22694e-07 -0.00401013 -7.85442e-06
-1.22694e-07 -0.00401012 -7.80045e-06
-1.22694e-07 -0.00401012 -7.74648e-06
-1.22694e-07 -0.00401011 -7.69251e-06
-1.22694e-07 -0.00401011 -7.63854e-06
-1.22694e-07 -0.00401011 -7.58458e-06
-1.22694e-07 -0.0040101 -7.53061e-06
-1.22694e-07 -0.0040101 -7.47664e-06
-1.22694e-07 -0.00401009 -7.42267e-06
-1.22694e-07 -0.00401009 -7.3687e-06
-1.76418e-07 -0.00400998 -7.31473e-06
-1.76418e-07 -0.00401027 -1.12545e-05
-2.30142e-07 -0.00400988 -7.3687e-06
-2.30142e-07 -0.00400988 -7.42267e-06
-2.30142e-07 -0.00400988 -7.47664e-06
-2.30142e-07 -0.00400989 -7.53061e-06
-2.30142e-07 -0.00400989 -7.58458e-06
-2.30142e-07 -0.0040099 -7.63854e-06
-2.30142e-07 -0.0040099 -7.69251e-06
-2.30142e-07 -0.0040099 -7.74648e-06
-2.30142e-07 -0.00400991 -7.80045e-06
-2.30142e-07 -0.00400991 -7.85442e-06
-2.30142e-07 -0.00400992 -7.90839e-06
-2.30142e-07 -0.00400992 -7.96236e-06
-2.30142e-07 -0.00400992 -8.01633e-06
-2.30142e-07 -0.00400993 -8.0703e-06
-2.30142e-07 -0.00400993 -8.12427e-06
-2.30142e-07 -0.00400994 -8.17824e-06
-2.30142e-07 -0.00400994 -8.23221e-06
-2.30142e-07 -0.00400994 -8.28618e-06
-2.30142e-07 -0.00400995 -8.34015e-06
-2.30142e-07 -0.00400995 -8.39412e-06
-2.30142e-07 -0.00400996 -8.44809e-06
-2.30142e-07 -0.00400996 -8.50206e-06
-2.30142e-07 -0.00400997 -8.55603e-06
-2.30142e-07 -0.00400997 -8.61e-06
-2.30142e-07 -0.00400997 -8.66397e-06
-2.30142e-07 -0.00400998 -8.71794e-06
-2.30142e-07 -0.00400998 -8.77191e-06
-2.30142e-07 -0.00400999 -8.82588e-06
-2.30142e-07 -0.00400999 -8.87985e-06
-2.30142e-07 -0.00400999 -8.93382e-06
-2.30142e-07 -0.00401 -8.98779e-06
-2.30142e-07 -0.00401 -9.04176e-06
-2.30142e-07 -0.00401001 -9.09573e-06
-2.30142e-07 -0.00401001 -9.1497e-06
-2.30142e-07 -0.00401001 -9.20367e-06
-2.30142e-07 -0.00401002 -9.25763e-06
-2.30142e-07 -0.00401002 -9.31161e-06
-2.30142e-07 -0.00401003 -9.36557e-06
-2.30142e-07 -0.00401003 -9.41954e-06
-2.30142e-07 -0.00401003 -9.47351e-06
-2.30142e-07 -0.00401004 -9.52748e-06
-2.30142e-07 -0.00401004 -9.58145e-06
-2.30142e-07 -0.00401005 -9.63542e-06
-2.30142e-07 -0.00401005 -9.68939e-06
-2.30142e-07 -0.00401005 -9.74336e-06
-2.30142e-07 -0.00401006 -9.79733e-06
-2.30142e-07 -0.00401006 -9.8513e-06
-2.30142e-07 -0.00401007 -9.90527e-06
-2.30142e-07 -0.00401007 -9.95924e-06
-2.30142e-07 -0.00401007 -1.00132e-05
-2.30142e-07 -0.00401008 -1.00672e-05
-2.30142e-07 -0.00401008 -1.01211e-05
-2.30142e-07 -0.00401009 -1.01751e-05
-2.30142e-07 -0.00401009 -1.02291e-05
-2.30142e-07 -0.00401009 -1.02831e-05
-2.30142e-07 -0.0040101 -1.0337e-05
-2.30142e-07 -0.0040101 -1.0391e-05
-2.30142e-07 -0.00401011 -1.0445e-05
-2.30142e-07 -0.00401011 -1.04989e-05
-2.30142e-07 -0.00401011 -1.05529e-05
-2.30142e-07 -0.00401012 -1.06069e-05
-2.30142e-07 -0.00401012 -1.06608e-05
-2.30142e-07 -0.00401013 -1.07148e-05
-2.30142e-07 -0.00401013 -1.07688e-05
-2.30142e-07 -0.00401013 -1.08228e-05
-2.30142e-07 -0.00401014 -1.08767e-05
-2.30142e-07 -0.00401014 -1.09307e-05
-2.30142e-07 -0.00401015 -1.09847e-05
-2.30142e-07 -0.00401015 -1.10386e-05
-2.30142e-07 -0.00401015 -1.10926e-05
-2.30142e-07 -0.00401016 -1.11466e-05
-2.30142e-07 -0.00401016 -1.12005e-05
-1.76418e-07 -0.00400998 -7.3687e-06
-1.76418e-07 -0.00400999 -7.42267e-06
-1.76418e-07 -0.00400999 -7.47664e-06
-1.76418e-07 -0.00401 -7.53061e-06
-1.76418e-07 -0.00401 -7.58458e-06
-1.76418e-07 -0.00401 -7.63854e-06
-1.76418e-07 -0.00401001 -7.69251e-06
-1.76418e-07 -0.00401001 -7.74648e-06
-1.76418e-07 -0.00401002 -7.80045e-06
-1.76418e-07 -0.00401002 -7.85442e-06
-1.76418e-07 -0.00401002 -7.90839e-06
-1.76418e-07 -0.00401003 -7.96236e-06
-1.76418e-07 -0.00401003 -8.01633e-06
-1.76418e-07 -0.00401004 -8.0703e-06
-1.76418e-07 -0.00401004 -8.12427e-06
-1.76418e-07 -0.00401004 -8.17824e-06
-1.76418e-07 -0.00401005 -8.23221e-06
-1.76418e-07 -0.00401005 -8.28618e-06
-1.76418e-07 -0.00401006 -8.34015e-06
-1.76418e-07 -0.00401006 -8.39412e-06
-1.76418e-07 -0.00401006 -8.44809e-06
-1.76418e-07 -0.00401007 -8.50206e-06
-1.76418e-07 -0.00401007 -8.55603e-06
-1.76418e-07 -0.00401008 -8.61e-06
-1.76418e-07 -0.00401008 -8.66397e-06
-1.76418e-07 -0.00401008 -8.71794e-06
-1.76418e-07 -0.00401009 -8.77191e-06
-1.76418e-07 -0.00401009 -8.82588e-06
-1.76418e-07 -0.0040101 -8.87985e-06
-1.76418e-07 -0.0040101 -8.93382e-06
-1.76418e-07 -0.0040101 -8.98779e-06
-1.76418e-07 -0.00401011 -9.04176e-06
-1.76418e-07 -0.00401011 -9.09573e-06
-1.76418e-07 -0.00401012 -9.1497e-06
-1.76418e-07 -0.00401012 -9.20367e-06
-1.76418e-07 -0.00401012 -9.25763e-06
-1.76418e-07 -0.00401013 -9.31161e-06
-1.76418e-07 -0.00401013 -9.36557e-06
-1.76418e-07 -0.00401014 -9.41954e-06
-1.76418e-07 -0.00401014 -9.47351e-06
-1.76418e-07 -0.00401014 -9.52748e-06
-1.76418e-07 -0.00401015 -9.58145e-06
-1.76418e-07 -0.00401015 -9.63542e-06
-1.76418e-07 -0.00401016 -9.68939e-06
-1.76418e-07 -0.00401016 -9.74336e-06
-1.76418e-07 -0.00401016 -9.79733e-06
-1.76418e-07 -0.00401017 -9.8513e-06
-1.76418e-07 -0.00401017 -9.90527e-06
-1.76418e-07 -0.00401018 -9.95924e-06
-1.76418e-07 -0.00401018 -1.00132e-05
-1.76418e-07 -0.00401018 -1.00672e-05
-1.76418e-07 -0.00401019 -1.01211e-05
-1.76418e-07 -0.00401019 -1.01751e-05
-1.76418e-07 -0.0040102 -1.02291e-05
-1.76418e-07 -0.0040102 -1.02831e-05
-1.76418e-07 -0.0040102 -1.0337e-05
-1.76418e-07 -0.00401021 -1.0391e-05
-1.76418e-07 -0.00401021 -1.0445e-05
-1.76418e-07 -0.00401022 -1.04989e-05
-1.76418e-07 -0.00401022 -1.05529e-05
-1.76418e-07 -0.00401022 -1.06069e-05
-1.76418e-07 -0.00401023 -1.06608e-05
-1.76418e-07 -0.00401023 -1.07148e-05
-1.76418e-07 -0.00401024 -1.07688e-05
-1.76418e-07 -0.00401024 -1.08228e-05
-1.76418e-07 -0.00401024 -1.08767e-05
-1.76418e-07 -0.00401025 -1.09307e-05
-1.76418e-07 -0.00401025 -1.09847e-05
-1.76418e-07 -0.00401026 -1.10386e-05
-1.76418e-07 -0.00401026 -1.10926e-05
-1.76418e-07 -0.00401026 -1.11466e-05
-1.76418e-07 -0.00401027 -1.12005e-05
-2.65959e-07 -0.0040101 -1.12545e-05
-2.30142e-07 -0.00401017 -1.12545e-05
-2.65959e-07 -0.00401009 -1.12005e-05
-2.30142e-07 -0.00401016 -1.12005e-05
-2.65959e-07 -0.00401009 -1.11466e-05
-2.30142e-07 -0.00401016 -1.11466e-05
-2.65959e-07 -0.00401008 -1.10926e-05
-2.30142e-07 -0.00401015 -1.10926e-05
-2.65959e-07 -0.00401008 -1.10386e-05
-2.30142e-07 -0.00401015 -1.10386e-05
-2.65959e-07 -0.00401007 -1.09847e-05
-2.30142e-07 -0.00401015 -1.09847e-05
-2.65959e-07 -0.00401007 -1.09307e-05
-2.30142e-07 -0.00401014 -1.09307e-05
-2.65959e-07 -0.00401007 -1.08767e-05
-2.30142e-07 -0.00401014 -1.08767e-05
-2.65959e-07 -0.00401006 -1.08228e-05
-2.30142e-07 -0.00401013 -1.08228e-05
-2.65959e-07 -0.00401006 -1.07688e-05
-2.30142e-07 -0.00401013 -1.07688e-05
-2.65959e-07 -0.00401005 -1.07148e-05
-2.30142e-07 -0.00401013 -1.07148e-05
-2.65959e-07 -0.00401005 -1.06608e-05
-2.30142e-07 -0.00401012 -1.06608e-05
-2.65959e-07 -0.00401005 -1.06069e-05
-2.30142e-07 -0.00401012 -1.06069e-05
-2.65959e-07 -0.00401004 -1.05529e-05
-2.30142e-07 -0.00401011 -1.05529e-05
-2.65959e-07 -0.00401004 -1.04989e-05
-2.30142e-07 -0.00401011 -1.04989e-05
-2.65959e-07 -0.00401003 -1.0445e-05
-2.30142e-07 -0.00401011 -1.0445e-05
-2.65959e-07 -0.00401003 -1.0391e-05
-2.30142e-07 -0.0040101 -1.0391e-05
-2.65959e-07 -0.00401003 -1.0337e-05
-2.30142e-07 -0.0040101 -1.0337e-05
-2.65959e-07 -0.00401002 -1.02831e-05
-2.30142e-07 -0.00401009 -1.02831e-05
-2.65959e-07 -0.00401002 -1.02291e-05
-2.30142e-07 -0.00401009 -1.02291e-05
-2.65959e-07 -0.00401001 -1.01751e-05
-2.30142e-07 -0.00401009 -1.01751e-05
-2.65959e-07 -0.00401001 -1.01211e-05
-2.30142e-07 -0.00401008 -1.01211e-05
-2.65959e-07 -0.00401001 -1.00672e-05
-2.30142e-07 -0.00401008 -1.00672e-05
-2.65959e-07 -0.00401 -1.00132e-05
-2.30142e-07 -0.00401007 -1.00132e-05
-2.65959e-07 -0.00401 -9.95924e-06
-2.30142e-07 -0.00401007 -9.95924e-06
-2.65959e-07 -0.00400999 -9.90527e-06
-2.30142e-07 -0.00401007 -9.90527e-06
-2.65959e-07 -0.00400999 -9.8513e-06
-2.30142e-07 -0.00401006 -9.8513e-06
-2.65959e-07 -0.00400999 -9.79733e-06
-2.30142e-07 -0.00401006 -9.79733e-06
-2.65959e-07 -0.00400998 -9.74336e-06
-2.30142e-07 -0.00401005 -9.74336e-06
-2.65959e-07 -0.00400998 -9.68939e-06
-2.30142e-07 -0.00401005 -9.68939e-06
-2.65959e-07 -0.00400997 -9.63542e-06
-2.30142e-07 -0.00401005 -9.63542e-06
-2.65959e-07 -0.00400997 -9.58145e-06
-2.30142e-07 -0.00401004 -9.58145e-06
-2.65959e-07 -0.00400997 -9.52748e-06
-2.30142e-07 -0.00401004 -9.52748e-06
-2.65959e-07 -0.00400996 -9.47351e-06
-2.30142e-07 -0.00401003 -9.47351e-06
-2.65959e-07 -0.00400996 -9.41954e-06
-2.30142e-07 -0.00401003 -9.41954e-06
-2.65959e-07 -0.00400995 -9.36557e-06
-2.30142e-07 -0.00401003 -9.36557e-06
-2.65959e-07 -0.00400995 -9.31161e-06
-2.30142e-07 -0.00401002 -9.31161e-06
-2.65959e-07 -0.00400995 -9.25763e-06
-2.30142e-07 -0.00401002 -9.25763e-06
-2.65959e-07 -0.00400994 -9.20367e-06
-2.30142e-07 -0.00401001 -9.20367e-06
-2.65959e-07 -0.00400994 -9.1497e-06
-2.30142e-07 -0.00401001 -9.1497e-06
-2.65959e-07 -0.00400993 -9.09573e-06
-2.30142e-07 -0.00401001 -9.09573e-06
-2.65959e-07 -0.00400993 -9.04176e-06
-2.30142e-07 -0.00401 -9.04176e-06
-2.65959e-07 -0.00400993 -8.98779e-06
-2.30142e-07 -0.00401 -8.98779e-06
-2.65959e-07 -0.00400992 -8.93382e-06
-2.30142e-07 -0.00400999 -8.93382e-06
-2.65959e-07 -0.00400992 -8.87985e-06
-2.30142e-07 -0.00400999 -8.87985e-06
-2.65959e-07 -0.00400991 -8.82588e-06
-2.30142e-07 -0.00400999 -8.82588e-06
-2.65959e-07 -0.00400991 -8.77191e-06
-2.30142e-07 -0.00400998 -8.77191e-06
-2.65959e-07 -0.00400991 -8.71794e-06
-2.30142e-07 -0.00400998 -8.71794e-06
-2.65959e-07 -0.0040099 -8.66397e-06
-2.30142e-07 -0.00400997 -8.66397e-06
-2.65959e-07 -0.0040099 -8.61e-06
-2.30142e-07 -0.00400997 -8.61e-06
-2.65959e-07 -0.00400989 -8.55603e-06
-2.30142e-07 -0.00400997 -8.55603e-06
-2.65959e-07 -0.00400989 -8.50206e-06
-2.30142e-07 -0.00400996 -8.50206e-06
-2.65959e-07 -0.00400989 -8.44809e-06
-2.30142e-07 -0.00400996 -8.44809e-06
-2.65959e-07 -0.00400988 -8.39412e-06
-2.30142e-07 -0.00400995 -8.39412e-06
-2.65959e-07 -0.00400988 -8.34015e-06
-2.30142e-07 -0.00400995 -8.34015e-06
-2.65959e-07 -0.00400987 -8.28618e-06
-2.30142e-07 -0.00400994 -8.28618e-06
-2.65959e-07 -0.00400987 -8.23221e-06
-2.30142e-07 -0.00400994 -8.23221e-06
-2.65959e-07 -0.00400987 -8.17824e-06
-2.30142e-07 -0.00400994 -8.17824e-06
-2.65959e-07 -0.00400986 -8.12427e-06
-2.30142e-07 -0.00400993 -8.12427e-06
-2.65959e-07 -0.00400986 -8.0703e-06
-2.30142e-07 -0.00400993 -8.0703e-06
-2.65959e-07 -0.00400985 -8.01633e-06
-2.30142e-07 -0.00400992 -8.01633e-06
-2.65959e-07 -0.00400985 -7.96236e-06
-2.30142e-07 -0.00400992 -7.96236e-06
-2.65959e-07 -0.00400985 -7.90839e-06
-2.30142e-07 -0.00400992 -7.90839e-06
-2.65959e-07 -0.00400984 -7.85442e-06
-2.30142e-07 -0.00400991 -7.85442e-06
-2.65959e-07 -0.00400984 -7.80045e-06
-2.30142e-07 -0.00400991 -7.80045e-06
-2.65959e-07 -0.00400983 -7.74648e-06
-2.30142e-07 -0.0040099 -7.74648e-06
-2.65959e-07 -0.00400983 -7.69251e-06
-2.30142e-07 -0.0040099 -7.69251e-06
-2.65959e-07 -0.00400983 -7.63854e-06
-2.30142e-07 -0.0040099 -7.63854e-06
-2.65959e-07 -0.00400982 -7.58458e-06
-2.30142e-07 -0.00400989 -7.58458e-06
-2.65959e-07 -0.00400982 -7.53061e-06
-2.30142e-07 -0.00400989 -7.53061e-06
-2.65959e-07 -0.00400981 -7.47664e-06
-2.30142e-07 -0.00400988 -7.47664e-06
-2.65959e-07 -0.00400981 -7.42267e-06
-2.30142e-07 -0.00400988 -7.42267e-06
-2.65959e-07 -0.00400981 -7.3687e-06
-2.30142e-07 -0.00400988 -7.3687e-06
-2.65959e-07 -0.0040098 -7.31473e-06
-2.30142e-07 -0.00400987 -7.31473e-06
-1.22694e-07 -0.00401038 -1.12545e-05
-8.68775e-08 -0.00401045 -1.12545e-05
-1.22694e-07 -0.00401038 -1.12005e-05
-8.68775e-08 -0.00401045 -1.12005e-05
-1.22694e-07 -0.00401037 -1.11466e-05
-8.68775e-08 -0.00401044 -1.11466e-05
-1.22694e-07 -0.00401037 -1.10926e-05
-8.68775e-08 -0.00401044 -1.10926e-05
-1.22694e-07 -0.00401036 -1.10386e-05
-8.68775e-08 -0.00401043 -1.10386e-05
-1.22694e-07 -0.00401036 -1.09847e-05
-8.68775e-08 -0.00401043 -1.09847e-05
-1.22694e-07 -0.00401036 -1.09307e-05
-8.68775e-08 -0.00401043 -1.09307e-05
-1.22694e-07 -0.00401035 -1.08767e-05
-8.68775e-08 -0.00401042 -1.08767e-05
-1.22694e-07 -0.00401035 -1.08228e-05
-8.68775e-08 -0.00401042 -1.08228e-05
-1.22694e-07 -0.00401034 -1.07688e-05
-8.68775e-08 -0.00401041 -1.07688e-05
-1.22694e-07 -0.00401034 -1.07148e-05
-8.68775e-08 -0.00401041 -1.07148e-05
-1.22694e-07 -0.00401034 -1.06608e-05
-8.68775e-08 -0.00401041 -1.06608e-05
-1.22694e-07 -0.00401033 -1.06069e-05
-8.68775e-08 -0.0040104 -1.06069e-05
-1.22694e-07 -0.00401033 -1.05529e-05
-8.68775e-08 -0.0040104 -1.05529e-05
-1.22694e-07 -0.00401032 -1.04989e-05
-8.68775e-08 -0.00401039 -1.04989e-05
-1.22694e-07 -0.00401032 -1.0445e-05
-8.68775e-08 -0.00401039 -1.0445e-05
-1.22694e-07 -0.00401032 -1.0391e-05
-8.68775e-08 -0.00401039 -1.0391e-05
-1.22694e-07 -0.00401031 -1.0337e-05
-8.68775e-08 -0.00401038 -1.0337e-05
-1.22694e-07 -0.00401031 -1.02831e-05
-8.68775e-08 -0.00401038 -1.02831e-05
-1.22694e-07 -0.0040103 -1.02291e-05
-8.68775e-08 -0.00401037 -1.02291e-05
-1.22694e-07 -0.0040103 -1.01751e-05
-8.68775e-08 -0.00401037 -1.01751e-05
-1.22694e-07 -0.0040103 -1.01211e-05
-8.68775e-08 -0.00401037 -1.01211e-05
-1.22694e-07 -0.00401029 -1.00672e-05
-8.68775e-08 -0.00401036 -1.00672e-05
-1.22694e-07 -0.00401029 -1.00132e-05
-8.68775e-08 -0.00401036 -1.00132e-05
-1.22694e-07 -0.00401028 -9.95924e-06
-8.68775e-08 -0.00401035 -9.95924e-06
-1.22694e-07 -0.00401028 -9.90527e-06
-8.68775e-08 -0.00401035 -9.90527e-06
-1.22694e-07 -0.00401028 -9.8513e-06
-8.68775e-08 -0.00401035 -9.8513e-06
-1.22694e-07 -0.00401027 -9.79733e-06
-8.68775e-08 -0.00401034 -9.79733e-06
-1.22694e-07 -0.00401027 -9.74336e-06
-8.68775e-08 -0.00401034 -9.74336e-06
-1.22694e-07 -0.00401026 -9.68939e-06
-8.68775e-08 -0.00401033 -9.68939e-06
-1.22694e-07 -0.00401026 -9.63542e-06
-8.68775e-08 -0.00401033 -9.63542e-06
-1.22694e-07 -0.00401025 -9.58145e-06
-8.68775e-08 -0.00401033 -9.58145e-06
-1.22694e-07 -0.00401025 -9.52748e-06
-8.68775e-08 -0.00401032 -9.52748e-06
-1.22694e-07 -0.00401025 -9.47351e-06
-8.68775e-08 -0.00401032 -9.47351e-06
-1.22694e-07 -0.00401024 -9.41954e-06
-8.68775e-08 -0.00401031 -9.41954e-06
-1.22694e-07 -0.00401024 -9.36557e-06
-8.68775e-08 -0.00401031 -9.36557e-06
-1.22694e-07 -0.00401023 -9.31161e-06
-8.68775e-08 -0.00401031 -9.31161e-06
-1.22694e-07 -0.00401023 -9.25763e-06
-8.68775e-08 -0.0040103 -9.25763e-06
-1.22694e-07 -0.00401023 -9.20367e-06
-8.68775e-08 -0.0040103 -9.20367e-06
-1.22694e-07 -0.00401022 -9.1497e-06
-8.68775e-08 -0.00401029 -9.1497e-06
-1.22694e-07 -0.00401022 -9.09573e-06
-8.68775e-08 -0.00401029 -9.09573e-06
-1.22694e-07 -0.00401021 -9.04176e-06
-8.68775e-08 -0.00401029 -9.04176e-06
-1.22694e-07 -0.00401021 -8.98779e-06
-8.68775e-08 -0.00401028 -8.98779e-06
-1.22694e-07 -0.00401021 -8.93382e-06
-8.68775e-08 -0.00401028 -8.93382e-06
-1.22694e-07 -0.0040102 -8.87985e-06
-8.68775e-08 -0.00401027 -8.87985e-06
-1.22694e-07 -0.0040102 -8.82588e-06
-8.68775e-08 -0.00401027 -8.82588e-06
-1.22694e-07 -0.00401019 -8.77191e-06
-8.68775e-08 -0.00401027 -8.77191e-06
-1.22694e-07 -0.00401019 -8.71794e-06
-8.68775e-08 -0.00401026 -8.71794e-06
-1.22694e-07 -0.00401019 -8.66397e-06
-8.68775e-08 -0.00401026 -8.66397e-06
-1.22694e-07 -0.00401018 -8.61e-06
-8.68775e-08 -0.00401025 -8.61e-06
-1.22694e-07 -0.00401018 -8.55603e-06
-8.68775e-08 -0.00401025 -8.55603e-06
-1.22694e-07 -0.00401017 -8.50206e-06
-8.68775e-08 -0.00401025 -8.50206e-06
-1.22694e-07 -0.00401017 -8.44809e-06
-8.68775e-08 -0.00401024 -8.44809e-06
-1.22694e-07 -0.00401017 -8.39412e-06
-8.68775e-08 -0.00401024 -8.39412e-06
-1.22694e-07 -0.00401016 -8.34015e-06
-8.68775e-08 -0.00401023 -8.34015e-06
-1.22694e-07 -0.00401016 -8.28618e-06
-8.68775e-08 -0.00401023 -8.28618e-06
-1.22694e-07 -0.00401015 -8.23221e-06
-8.68775e-08 -0.00401023 -8.23221e-06
-1.22694e-07 -0.00401015 -8.17824e-06
-8.68775e-08 -0.00401022 -8.17824e-06
-1.22694e-07 -0.00401015 -8.12427e-06
-8.68775e-08 -0.00401022 -8.12427e-06
-1.22694e-07 -0.00401014 -8.0703e-06
-8.68775e-08 -0.00401021 -8.0703e-06
-1.22694e-07 -0.00401014 -8.01633e-06
-8.68775e-08 -0.00401021 -8.01633e-06
-1.22694e-07 -0.00401013 -7.96236e-06
-8.68775e-08 -0.00401021 -7.96236e-06
-1.22694e-07 -0.00401013 -7.90839e-06
-8.68775e-08 -0.0040102 -7.90839e-06
-1.22694e-07 -0.00401013 -7.85442e-06
-8.68775e-08 -0.0040102 -7.85442e-06
-1.22694e-07 -0.00401012 -7.80045e-06
-8.68775e-08 -0.00401019 -7.80045e-06
-1.22694e-07 -0.00401012 -7.74648e-06
-8.68775e-08 -0.00401019 -7.74648e-06
-1.22694e-07 -0.00401011 -7.69251e-06
-8.68775e-08 -0.00401019 -7.69251e-06
-1.22694e-07 -0.00401011 -7.63854e-06
-8.68775e-08 -0.00401018 -7.63854e-06
-1.22694e-07 -0.00401011 -7.58458e-06
-8.68775e-08 -0.00401018 -7.58458e-06
-1.22694e-07 -0.0040101 -7.53061e-06
-8.68775e-08 -0.00401017 -7.53061e-06
-1.22694e-07 -0.0040101 -7.47664e-06
-8.68775e-08 -0.00401017 -7.47664e-06
-1.22694e-07 -0.00401009 -7.42267e-06
-8.68775e-08 -0.00401017 -7.42267e-06
-1.22694e-07 -0.00401009 -7.3687e-06
-8.68775e-08 -0.00401016 -7.3687e-06
-1.22694e-07 -0.00401009 -7.31473e-06
-8.68775e-08 -0.00401016 -7.31473e-06
