-1.379e-07 -0.00403391 -1.11741e-05
-1.379e-07 -0.00403362 -7.09882e-06
-2.49043e-07 -0.0040337 -1.11741e-05
-2.49043e-07 -0.00403341 -7.09882e-06
-1.379e-07 -0.00403391 -1.11183e-05
-1.379e-07 -0.0040339 -1.10624e-05
-1.379e-07 -0.0040339 -1.10066e-05
-1.379e-07 -0.0040339 -1.09508e-05
-1.379e-07 -0.00403389 -1.0895e-05
-1.379e-07 -0.00403389 -1.08391e-05
-1.379e-07 -0.00403389 -1.07833e-05
-1.379e-07 -0.00403388 -1.07275e-05
-1.379e-07 -0.00403388 -1.06716e-05
-1.379e-07 -0.00403387 -1.06158e-05
-1.379e-07 -0.00403387 -1.056e-05
-1.379e-07 -0.00403387 -1.05042e-05
-1.379e-07 -0.00403386 -1.04483e-05
-1.379e-07 -0.00403386 -1.03925e-05
-1.379e-07 -0.00403385 -1.03367e-05
-1.379e-07 -0.00403385 -1.02809e-05
-1.379e-07 -0.00403385 -1.0225e-05
-1.379e-07 -0.00403384 -1.01692e-05
-1.379e-07 -0.00403384 -1.01134e-05
-1.379e-07 -0.00403383 -1.00576e-05
-1.379e-07 -0.00403383 -1.00017e-05
-1.379e-07 -0.00403383 -9.94592e-06
-1.379e-07 -0.00403382 -9.89009e-06
-1.379e-07 -0.00403382 -9.83427e-06
-1.379e-07 -0.00403381 -9.77844e-06
-1.379e-07 -0.00403381 -9.72262e-06
-1.379e-07 -0.00403381 -9.66679e-06
-1.379e-07 -0.0040338 -9.61097e-06
-1.379e-07 -0.0040338 -9.55514e-06
-1.379e-07 -0.00403379 -9.49931e-06
-1.379e-07 -0.00403379 -9.44349e-06
-1.379e-07 -0.00403379 -9.38766e-06
-1.379e-07 -0.00403378 -9.33184e-06
-1.379e-07 -0.00403378 -9.27601e-06
-1.379e-07 -0.00403377 -9.22019e-06
-1.379e-07 -0.00403377 -9.16436e-06
-1.379e-07 -0.00403377 -9.10853e-06
-1.379e-07 -0.00403376 -9.05271e-06
-1.379e-07 -0.00403376 -8.99688e-06
-1.379e-07 -0.00403375 -8.94106e-06
-1.379e-07 -0.00403375 -8.88523e-06
-1.379e-07 -0.00403375 -8.82941e-06
-1.379e-07 -0.00403374 -8.77358e-06
-1.379e-07 -0.00403374 -8.71776e-06
-1.379e-07 -0.00403373 -8.66193e-06
-1.379e-07 -0.00403373 -8.60611e-06
-1.379e-07 -0.00403373 -8.55028e-06
-1.379e-07 -0.00403372 -8.49445e-06
-1.379e-07 -0.00403372 -8.43863e-06
-1.379e-07 -0.00403371 -8.3828e-06
-1.379e-07 -0.00403371 -8.32698e-06
-1.379e-07 -0.00403371 -8.27115e-06
-1.379e-07 -0.0040337 -8.21533e-06
-1.379e-07 -0.0040337 -8.1595e-06
-1.379e-07 -0.00403369 -8.10368e-06
-1.379e-07 -0.00403369 -8.04785e-06
-1.379e-07 -0.00403369 -7.99202e-06
-1.379e-07 -0.00403368 -7.9362e-06
-1.379e-07 -0.00403368 -7.88037e-06
-1.379e-07 -0.00403367 -7.82455e-06
-1.379e-07 -0.00403367 -7.76872e-06
-1.379e-07 -0.00403367 -7.7129e-06
-1.379e-07 -0.00403366 -7.65707e-06
-1.379e-07 -0.00403366 -7.60125e-06
-1.379e-07 -0.00403366 -7.54542e-06
-1.379e-07 -0.00403365 -7.48959e-06
-1.379e-07 -0.00403365 -7.43377e-06
-1.379e-07 -0.00403364 -7.37794e-06
-1.379e-07 -0.00403364 -7.32212e-06
-1.379e-07 -0.00403364 -7.26629e-06
-1.379e-07 -0.00403363 -7.21047e-06
-1.379e-07 -0.00403363 -7.15464e-06
-1.93471e-07 -0.00403352 -7.09882e-06
-1.93471e-07 -0.00403381 -1.11741e-05
-2.49043e-07 -0.00403341 -7.15464e-06
-2.49043e-07 -0.00403342 -7.21047e-06
-2.49043e-07 -0.00403342 -7.26629e-06
-2.49043e-07 -0.00403342 -7.32212e-06
-2.49043e-07 -0.00403343 -7.37794e-06
-2.49043e-07 -0.00403343 -7.43377e-06
-2.49043e-07 -0.00403344 -7.48959e-06
-2.49043e-07 -0.00403344 -7.54542e-06
-2.49043e-07 -0.00403344 -7.60125e-06
-2.49043e-07 -0.00403345 -7.65707e-06
-2.49043e-07 -0.00403345 -7.7129e-06
-2.49043e-07 -0.00403346 -7.76872e-06
-2.49043e-07 -0.00403346 -7.82455e-06
-2.49043e-07 -0.00403346 -7.88037e-06
-2.49043e-07 -0.00403347 -7.9362e-06
-2.49043e-07 -0.00403347 -7.99202e-06
-2.49043e-07 -0.00403348 -8.04785e-06
-2.49043e-07 -0.00403348 -8.10368e-06
-2.49043e-07 -0.00403348 -8.1595e-06
-2.49043e-07 -0.00403349 -8.21533e-06
-2.49043e-07 -0.00403349 -8.27115e-06
-2.49043e-07 -0.00403349 -8.32698e-06
-2.49043e-07 -0.0040335 -8.3828e-06
-2.49043e-07 -0.0040335 -8.43863e-06
-2.49043e-07 -0.00403351 -8.49445e-06
-2.49043e-07 -0.00403351 -8.55028e-06
-2.49043e-07 -0.00403351 -8.60611e-06
-2.49043e-07 -0.00403352 -8.66193e-06
-2.49043e-07 -0.00403352 -8.71776e-06
-2.49043e-07 -0.00403353 -8.77358e-06
-2.49043e-07 -0.00403353 -8.82941e-06
-2.49043e-07 -0.00403353 -8.88523e-06
-2.49043e-07 -0.00403354 -8.94106e-06
-2.49043e-07 -0.00403354 -8.99688e-06
-2.49043e-07 -0.00403355 -9.05271e-06
-2.49043e-07 -0.00403355 -9.10853e-06
-2.49043e-07 -0.00403355 -9.16436e-06
-2.49043e-07 -0.00403356 -9.22019e-06
-2.49043e-07 -0.00403356 -9.27601e-06
-2.49043e-07 -0.00403357 -9.33184e-06
-2.49043e-07 -0.00403357 -9.38766e-06
-2.49043e-07 -0.00403357 -9.44349e-06
-2.49043e-07 -0.00403358 -9.49931e-06
-2.49043e-07 -0.00403358 -9.55514e-06
-2.49043e-07 -0.00403359 -9.61097e-06
-2.49043e-07 -0.00403359 -9.66679e-06
-2.49043e-07 -0.00403359 -9.72262e-06
-2.49043e-07 -0.0040336 -9.77844e-06
-2.49043e-07 -0.0040336 -9.83427e-06
-2.49043e-07 -0.00403361 -9.89009e-06
-2.49043e-07 -0.00403361 -9.94592e-06
-2.49043e-07 -0.00403361 -1.00017e-05
-2.49043e-07 -0.00403362 -1.00576e-05
-2.49043e-07 -0.00403362 -1.01134e-05
-2.49043e-07 -0.00403363 -1.01692e-05
-2.49043e-07 -0.00403363 -1.0225e-05
-2.49043e-07 -0.00403363 -1.02809e-05
-2.49043e-07 -0.00403364 -1.03367e-05
-2.49043e-07 -0.00403364 -1.03925e-05
-2.49043e-07 -0.00403365 -1.04483e-05
-2.49043e-07 -0.00403365 -1.05042e-05
-2.49043e-07 -0.00403365 -1.056e-05
-2.49043e-07 -0.00403366 -1.06158e-05
-2.49043e-07 -0.00403366 -1.06716e-05
-2.49043e-07 -0.00403367 -1.07275e-05
-2.49043e-07 -0.00403367 -1.07833e-05
-2.49043e-07 -0.00403367 -1.08391e-05
-2.49043e-07 -0.00403368 -1.0895e-05
-2.49043e-07 -0.00403368 -1.09508e-05
-2.49043e-07 -0.00403369 -1.10066e-05
-2.49043e-07 -0.00403369 -1.10624e-05
-2.49043e-07 -0.00403369 -1.11183e-05
-1.93471e-07 -0.00403352 -7.15464e-06
-1.93471e-07 -0.00403352 -7.21047e-06
-1.93471e-07 -0.00403353 -7.26629e-06
-1.93471e-07 -0.00403353 -7.32212e-06
-1.93471e-07 -0.00403354 -7.37794e-06
-1.93471e-07 -0.00403354 -7.43377e-06
-1.93471e-07 -0.00403354 -7.48959e-06
-1.93471e-07 -0.00403355 -7.54542e-06
-1.93471e-07 -0.00403355 -7.60125e-06
-1.93471e-07 -0.00403356 -7.65707e-06
-1.93471e-07 -0.00403356 -7.7129e-06
-1.93471e-07 -0.00403356 -7.76872e-06
-1.93471e-07 -0.00403357 -7.82455e-06
-1.93471e-07 -0.00403357 -7.88037e-06
-1.93471e-07 -0.00403358 -7.9362e-06
-1.93471e-07 -0.00403358 -7.99202e-06
-1.93471e-07 -0.00403358 -8.04785e-06
-1.93471e-07 -0.00403359 -8.10368e-06
-1.93471e-07 -0.00403359 -8.1595e-06
-1.93471e-07 -0.00403359 -8.21533e-06
-1.93471e-07 -0.0040336 -8.27115e-06
-1.93471e-07 -0.0040336 -8.32698e-06
-1.93471e-07 -0.00403361 -8.3828e-06
-1.93471e-07 -0.00403361 -8.43863e-06
-1.93471e-07 -0.00403361 -8.49445e-06
-1.93471e-07 -0.00403362 -8.55028e-06
-1.93471e-07 -0.00403362 -8.60611e-06
-1.93471e-07 -0.00403363 -8.66193e-06
-1.93471e-07 -0.00403363 -8.71776e-06
-1.93471e-07 -0.00403363 -8.77358e-06
-1.93471e-07 -0.00403364 -8.82941e-06
-1.93471e-07 -0.00403364 -8.88523e-06
-1.93471e-07 -0.00403365 -8.94106e-06
-1.93471e-07 -0.00403365 -8.99688e-06
-1.93471e-07 -0.00403365 -9.05271e-06
-1.93471e-07 -0.00403366 -9.10853e-06
-1.93471e-07 -0.00403366 -9.16436e-06
-1.93471e-07 -0.00403367 -9.22019e-06
-1.93471e-07 -0.00403367 -9.27601e-06
-1.93471e-07 -0.00403367 -9.33184e-06
-1.93471e-07 -0.00403368 -9.38766e-06
-1.93471e-07 -0.00403368 -9.44349e-06
-1.93471e-07 -0.00403369 -9.49931e-06
-1.93471e-07 -0.00403369 -9.55514e-06
-1.93471e-07 -0.00403369 -9.61097e-06
-1.93471e-07 -0.0040337 -9.66679e-06
-1.93471e-07 -0.0040337 -9.72262e-06
-1.93471e-07 -0.00403371 -9.77844e-06
-1.93471e-07 -0.00403371 -9.83427e-06
-1.93471e-07 -0.00403371 -9.89009e-06
-1.93471e-07 -0.00403372 -9.94592e-06
-1.93471e-07 -0.00403372 -1.00017e-05
-1.93471e-07 -0.00403373 -1.00576e-05
-1.93471e-07 -0.00403373 -1.01134e-05
-1.93471e-07 -0.00403373 -1.01692e-05
-1.93471e-07 -0.00403374 -1.0225e-05
-1.93471e-07 -0.00403374 -1.02809e-05
-1.93471e-07 -0.00403375 -1.03367e-05
-1.93471e-07 -0.00403375 -1.03925e-05
-1.93471e-07 -0.00403375 -1.04483e-05
-1.93471e-07 -0.00403376 -1.05042e-05
-1.93471e-07 -0.00403376 -1.056e-05
-1.93471e-07 -0.00403377 -1.06158e-05
-1.93471e-07 -0.00403377 -1.06716e-05
-1.93471e-07 -0.00403377 -1.07275e-05
-1.93471e-07 -0.00403378 -1.07833e-05
-1.93471e-07 -0.00403378 -1.08391e-05
-1.93471e-07 -0.00403379 -1.0895e-05
-1.93471e-07 -0.00403379 -1.09508e-05
-1.93471e-07 -0.00403379 -1.10066e-05
-1.93471e-07 -0.0040338 -1.10624e-05
-1.93471e-07 -0.0040338 -1.11183e-05
-2.86091e-07 -0.00403363 -1.11741e-05
-2.49043e-07 -0.0040337 -1.11741e-05
-2.86091e-07 -0.00403362 -1.11183e-05
-2.49043e-07 -0.00403369 -1.11183e-05
-2.86091e-07 -0.00403362 -1.10624e-05
-2.49043e-07 -0.00403369 -1.10624e-05
-2.86091e-07 -0.00403361 -1.10066e-05
-2.49043e-07 -0.00403369 -1.10066e-05
-2.86091e-07 -0.00403361 -1.09508e-05
-2.49043e-07 -0.00403368 -1.09508e-05
-2.86091e-07 -0.00403361 -1.0895e-05
-2.49043e-07 -0.00403368 -1.0895e-05
-2.86091e-07 -0.0040336 -1.08391e-05
-2.49043e-07 -0.00403367 -1.08391e-05
-2.86091e-07 -0.0040336 -1.07833e-05
-2.49043e-07 -0.00403367 -1.07833e-05
-2.86091e-07 -0.00403359 -1.07275e-05
-2.49043e-07 -0.00403367 -1.07275e-05
-2.86091e-07 -0.00403359 -1.06716e-05
-2.49043e-07 -0.00403366 -1.06716e-05
-2.86091e-07 -0.00403359 -1.06158e-05
-2.49043e-07 -0.00403366 -1.06158e-05
-2.86091e-07 -0.00403358 -1.056e-05
-2.49043e-07 -0.00403365 -1.056e-05
-2.86091e-07 -0.00403358 -1.05042e-05
-2.49043e-07 -0.00403365 -1.05042e-05
-2.86091e-07 -0.00403357 -1.04483e-05
-2.49043e-07 -0.00403365 -1.04483e-05
-2.86091e-07 -0.00403357 -1.03925e-05
-2.49043e-07 -0.00403364 -1.03925e-05
-2.86091e-07 -0.00403357 -1.03367e-05
-2.49043e-07 -0.00403364 -1.03367e-05
-2.86091e-07 -0.00403356 -1.02809e-05
-2.49043e-07 -0.00403363 -1.02809e-05
-2.86091e-07 -0.00403356 -1.0225e-05
-2.49043e-07 -0.00403363 -1.0225e-05
-2.86091e-07 -0.00403355 -1.01692e-05
-2.49043e-07 -0.00403363 -1.01692e-05
-2.86091e-07 -0.00403355 -1.01134e-05
-2.49043e-07 -0.00403362 -1.01134e-05
-2.86091e-07 -0.00403355 -1.00576e-05
-2.49043e-07 -0.00403362 -1.00576e-05
-2.86091e-07 -0.00403354 -1.00017e-05
-2.49043e-07 -0.00403361 -1.00017e-05
-2.86091e-07 -0.00403354 -9.94592e-06
-2.49043e-07 -0.00403361 -9.94592e-06
-2.86091e-07 -0.00403353 -9.89009e-06
-2.49043e-07 -0.00403361 -9.89009e-06
-2.86091e-07 -0.00403353 -9.83427e-06
-2.49043e-07 -0.0040336 -9.83427e-06
-2.86091e-07 -0.00403353 -9.77844e-06
-2.49043e-07 -0.0040336 -9.77844e-06
-2.86091e-07 -0.00403352 -9.72262e-06
-2.49043e-07 -0.00403359 -9.72262e-06
-2.86091e-07 -0.00403352 -9.66679e-06
-2.49043e-07 -0.00403359 -9.66679e-06
-2.86091e-07 -0.00403351 -9.61097e-06
-2.49043e-07 -0.00403359 -9.61097e-06
-2.86091e-07 -0.00403351 -9.55514e-06
-2.49043e-07 -0.00403358 -9.55514e-06
-2.86091e-07 -0.00403351 -9.49931e-06
-2.49043e-07 -0.00403358 -9.49931e-06
-2.86091e-07 -0.0040335 -9.44349e-06
-2.49043e-07 -0.00403357 -9.44349e-06
-2.86091e-07 -0.0040335 -9.38766e-06
-2.49043e-07 -0.00403357 -9.38766e-06
-2.86091e-07 -0.00403349 -9.33184e-06
-2.49043e-07 -0.00403357 -9.33184e-06
-2.86091e-07 -0.00403349 -9.27601e-06
-2.49043e-07 -0.00403356 -9.27601e-06
-2.86091e-07 -0.00403349 -9.22019e-06
-2.49043e-07 -0.00403356 -9.22019e-06
-2.86091e-07 -0.00403348 -9.16436e-06
-2.49043e-07 -0.00403355 -9.16436e-06
-2.86091e-07 -0.00403348 -9.10853e-06
-2.49043e-07 -0.00403355 -9.10853e-06
-2.86091e-07 -0.00403347 -9.05271e-06
-2.49043e-07 -0.00403355 -9.05271e-06
-2.86091e-07 -0.00403347 -8.99688e-06
-2.49043e-07 -0.00403354 -8.99688e-06
-2.86091e-07 -0.00403347 -8.94106e-06
-2.49043e-07 -0.00403354 -8.94106e-06
-2.86091e-07 -0.00403346 -8.88523e-06
-2.49043e-07 -0.00403353 -8.88523e-06
-2.86091e-07 -0.00403346 -8.82941e-06
-2.49043e-07 -0.00403353 -8.82941e-06
-2.86091e-07 -0.00403345 -8.77358e-06
-2.49043e-07 -0.00403353 -8.77358e-06
-2.86091e-07 -0.00403345 -8.71776e-06
-2.49043e-07 -0.00403352 -8.71776e-06
-2.86091e-07 -0.00403345 -8.66193e-06
-2.49043e-07 -0.00403352 -8.66193e-06
-2.86091e-07 -0.00403344 -8.60611e-06
-2.49043e-07 -0.00403351 -8.60611e-06
-2.86091e-07 -0.00403344 -8.55028e-06
-2.49043e-07 -0.00403351 -8.55028e-06
-2.86091e-07 -0.00403344 -8.49445e-06
-2.49043e-07 -0.00403351 -8.49445e-06
-2.86091e-07 -0.00403343 -8.43863e-06
-2.49043e-07 -0.0040335 -8.43863e-06
-2.86091e-07 -0.00403343 -8.3828e-06
-2.49043e-07 -0.0040335 -8.3828e-06
-2.86091e-07 -0.00403342 -8.32698e-06
-2.49043e-07 -0.00403349 -8.32698e-06
-2.86091e-07 -0.00403342 -8.27115e-06
-2.49043e-07 -0.00403349 -8.27115e-06
-2.86091e-07 -0.00403342 -8.21533e-06
-2.49043e-07 -0.00403349 -8.21533e-06
-2.86091e-07 -0.00403341 -8.1595e-06
-2.49043e-07 -0.00403348 -8.1595e-06
-2.86091e-07 -0.00403341 -8.10368e-06
-2.49043e-07 -0.00403348 -8.10368e-06
-2.86091e-07 -0.0040334 -8.04785e-06
-2.49043e-07 -0.00403348 -8.04785e-06
-2.86091e-07 -0.0040334 -7.99202e-06
-2.49043e-07 -0.00403347 -7.99202e-06
-2.86091e-07 -0.0040334 -7.9362e-06
-2.49043e-07 -0.00403347 -7.9362e-06
-2.86091e-07 -0.00403339 -7.88037e-06
-2.49043e-07 -0.00403346 -7.88037e-06
-2.86091e-07 -0.00403339 -7.82455e-06
-2.49043e-07 -0.00403346 -7.82455e-06
-2.86091e-07 -0.00403338 -7.76872e-06
-2.49043e-07 -0.00403346 -7.76872e-06
-2.86091e-07 -0.00403338 -7.7129e-06
-2.49043e-07 -0.00403345 -7.7129e-06
-2.86091e-07 -0.00403338 -7.65707e-06
-2.49043e-07 -0.00403345 -7.65707e-06
-2.86091e-07 -0.00403337 -7.60125e-06
-2.49043e-07 -0.00403344 -7.60125e-06
-2.86091e-07 -0.00403337 -7.54542e-06
-2.49043e-07 -0.00403344 -7.54542e-06
-2.86091e-07 -0.00403336 -7.48959e-06
-2.49043e-07 -0.00403344 -7.48959e-06
-2.86091e-07 -0.00403336 -7.43377e-06
-2.49043e-07 -0.00403343 -7.43377e-06
-2.86091e-07 -0.00403336 -7.37794e-06
-2.49043e-07 -0.00403343 -7.37794e-06
-2.86091e-07 -0.00403335 -7.32212e-06
-2.49043e-07 -0.00403342 -7.32212e-06
-2.86091e-07 -0.00403335 -7.26629e-06
-2.49043e-07 -0.00403342 -7.26629e-06
-2.86091e-07 -0.00403334 -7.21047e-06
-2.49043e-07 -0.00403342 -7.21047e-06
-2.86091e-07 -0.00403334 -7.15464e-06
-2.49043e-07 -0.00403341 -7.15464e-06
-2.86091e-07 -0.00403334 -7.09882e-06
-2.49043e-07 -0.00403341 -7.09882e-06
-1.379e-07 -0.00403391 -1.11741e-05
-1.00852e-07 -0.00403399 -1.11741e-05
-1.379e-07 -0.00403391 -1.11183e-05
-1.00852e-07 -0.00403398 -1.11183e-05
-1.379e-07 -0.0040339 -1.10624e-05
-1.00852e-07 -0.00403398 -1.10624e-05
-1.379e-07 -0.0040339 -1.10066e-05
-1.00852e-07 -0.00403397 -1.10066e-05
-1.379e-07 -0.0040339 -1.09508e-05
-1.00852e-07 -0.00403397 -1.09508e-05
-1.379e-07 -0.00403389 -1.0895e-05
-1.00852e-07 -0.00403397 -1.0895e-05
-1.379e-07 -0.00403389 -1.08391e-05
-1.00852e-07 -0.00403396 -1.08391e-05
-1.379e-07 -0.00403389 -1.07833e-05
-1.00852e-07 -0.00403396 -1.07833e-05
-1.379e-07 -0.00403388 -1.07275e-05
-1.00852e-07 -0.00403395 -1.07275e-05
-1.379e-07 -0.00403388 -1.06716e-05
-1.00852e-07 -0.00403395 -1.06716e-05
-1.379e-07 -0.00403387 -1.06158e-05
-1.00852e-07 -0.00403395 -1.06158e-05
-1.379e-07 -0.00403387 -1.056e-05
-1.00852e-07 -0.00403394 -1.056e-05
-1.379e-07 -0.00403387 -1.05042e-05
-1.00852e-07 -0.00403394 -1.05042e-05
-1.379e-07 -0.00403386 -1.04483e-05
-1.00852e-07 -0.00403393 -1.04483e-05
-1.379e-07 -0.00403386 -1.03925e-05
-1.00852e-07 -0.00403393 -1.03925e-05
-1.379e-07 -0.00403385 -1.03367e-05
-1.00852e-07 -0.00403393 -1.03367e-05
-1.379e-07 -0.00403385 -1.02809e-05
-1.00852e-07 -0.00403392 -1.02809e-05
-1.379e-07 -0.00403385 -1.0225e-05
-1.00852e-07 -0.00403392 -1.0225e-05
-1.379e-07 -0.00403384 -1.01692e-05
-1.00852e-07 -0.00403391 -1.01692e-05
-1.379e-07 -0.00403384 -1.01134e-05
-1.00852e-07 -0.00403391 -1.01134e-05
-1.379e-07 -0.00403383 -1.00576e-05
-1.00852e-07 -0.00403391 -1.00576e-05
-1.379e-07 -0.00403383 -1.00017e-05
-1.00852e-07 -0.0040339 -1.00017e-05
-1.379e-07 -0.00403383 -9.94592e-06
-1.00852e-07 -0.0040339 -9.94592e-06
-1.379e-07 -0.00403382 -9.89009e-06
-1.00852e-07 -0.00403389 -9.89009e-06
-1.379e-07 -0.00403382 -9.83427e-06
-1.00852e-07 -0.00403389 -9.83427e-06
-1.379e-07 -0.00403381 -9.77844e-06
-1.00852e-07 -0.00403389 -9.77844e-06
-1.379e-07 -0.00403381 -9.72262e-06
-1.00852e-07 -0.00403388 -9.72262e-06
-1.379e-07 -0.00403381 -9.66679e-06
-1.00852e-07 -0.00403388 -9.66679e-06
-1.379e-07 -0.0040338 -9.61097e-06
-1.00852e-07 -0.00403387 -9.61097e-06
-1.379e-07 -0.0040338 -9.55514e-06
-1.00852e-07 -0.00403387 -9.55514e-06
-1.379e-07 -0.00403379 -9.49931e-06
-1.00852e-07 -0.00403387 -9.49931e-06
-1.379e-07 -0.00403379 -9.44349e-06
-1.00852e-07 -0.00403386 -9.44349e-06
-1.379e-07 -0.00403379 -9.38766e-06
-1.00852e-07 -0.00403386 -9.38766e-06
-1.379e-07 -0.00403378 -9.33184e-06
-1.00852e-07 -0.00403385 -9.33184e-06
-1.379e-07 -0.00403378 -9.27601e-06
-1.00852e-07 -0.00403385 -9.27601e-06
-1.379e-07 -0.00403377 -9.22019e-06
-1.00852e-07 -0.00403385 -9.22019e-06
-1.379e-07 -0.00403377 -9.16436e-06
-1.00852e-07 -0.00403384 -9.16436e-06
-1.379e-07 -0.00403377 -9.10853e-06
-1.00852e-07 -0.00403384 -9.10853e-06
-1.379e-07 -0.00403376 -9.05271e-06
-1.00852e-07 -0.00403383 -9.05271e-06
-1.379e-07 -0.00403376 -8.99688e-06
-1.00852e-07 -0.00403383 -8.99688e-06
-1.379e-07 -0.00403375 -8.94106e-06
-1.00852e-07 -0.00403383 -8.94106e-06
-1.379e-07 -0.00403375 -8.88523e-06
-1.00852e-07 -0.00403382 -8.88523e-06
-1.379e-07 -0.00403375 -8.82941e-06
-1.00852e-07 -0.00403382 -8.82941e-06
-1.379e-07 -0.00403374 -8.77358e-06
-1.00852e-07 -0.00403381 -8.77358e-06
-1.379e-07 -0.00403374 -8.71776e-06
-1.00852e-07 -0.00403381 -8.71776e-06
-1.379e-07 -0.00403373 -8.66193e-06
-1.00852e-07 -0.00403381 -8.66193e-06
-1.379e-07 -0.00403373 -8.60611e-06
-1.00852e-07 -0.0040338 -8.60611e-06
-1.379e-07 -0.00403373 -8.55028e-06
-1.00852e-07 -0.0040338 -8.55028e-06
-1.379e-07 -0.00403372 -8.49445e-06
-1.00852e-07 -0.00403379 -8.49445e-06
-1.379e-07 -0.00403372 -8.43863e-06
-1.00852e-07 -0.00403379 -8.43863e-06
-1.379e-07 -0.00403371 -8.3828e-06
-1.00852e-07 -0.00403379 -8.3828e-06
-1.379e-07 -0.00403371 -8.32698e-06
-1.00852e-07 -0.00403378 -8.32698e-06
-1.379e-07 -0.00403371 -8.27115e-06
-1.00852e-07 -0.00403378 -8.27115e-06
-1.379e-07 -0.0040337 -8.21533e-06
-1.00852e-07 -0.00403377 -8.21533e-06
-1.379e-07 -0.0040337 -8.1595e-06
-1.00852e-07 -0.00403377 -8.1595e-06
-1.379e-07 -0.00403369 -8.10368e-06
-1.00852e-07 -0.00403377 -8.10368e-06
-1.379e-07 -0.00403369 -8.04785e-06
-1.00852e-07 -0.00403376 -8.04785e-06
-1.379e-07 -0.00403369 -7.99202e-06
-1.00852e-07 -0.00403376 -7.99202e-06
-1.379e-07 -0.00403368 -7.9362e-06
-1.00852e-07 -0.00403376 -7.9362e-06
-1.379e-07 -0.00403368 -7.88037e-06
-1.00852e-07 -0.00403375 -7.88037e-06
-1.379e-07 -0.00403367 -7.82455e-06
-1.00852e-07 -0.00403375 -7.82455e-06
-1.379e-07 -0.00403367 -7.76872e-06
-1.00852e-07 -0.00403374 -7.76872e-06
-1.379e-07 -0.00403367 -7.7129e-06
-1.00852e-07 -0.00403374 -7.7129e-06
-1.379e-07 -0.00403366 -7.65707e-06
-1.00852e-07 -0.00403374 -7.65707e-06
-1.379e-07 -0.00403366 -7.60125e-06
-1.00852e-07 -0.00403373 -7.60125e-06
-1.379e-07 -0.00403366 -7.54542e-06
-1.00852e-07 -0.00403373 -7.54542e-06
-1.379e-07 -0.00403365 -7.48959e-06
-1.00852e-07 -0.00403372 -7.48959e-06
-1.379e-07 -0.00403365 -7.43377e-06
-1.00852e-07 -0.00403372 -7.43377e-06
-1.379e-07 -0.00403364 -7.37794e-06
-1.00852e-07 -0.00403371 -7.37794e-06
-1.379e-07 -0.00403364 -7.32212e-06
-1.00852e-07 -0.00403371 -7.32212e-06
-1.379e-07 -0.00403364 -7.26629e-06
-1.00852e-07 -0.00403371 -7.26629e-06
-1.379e-07 -0.00403363 -7.21047e-06
-1.00852e-07 -0.0040337 -7.21047e-06
-1.379e-07 -0.00403363 -7.15464e-06
-1.00852e-07 -0.0040337 -7.15464e-06
-1.379e-07 -0.00403362 -7.09882e-06
-1.00852e-07 -0.0040337 -7.09882e-06
