5.50049e-09 -0.0040291 4.71493e-07
5.50049e-09 -0.00402912 -3.66037e-07
2.83422e-08 -0.00402912 4.71493e-07
2.83422e-08 -0.00402914 -3.66037e-07
5.50049e-09 -0.0040291 4.6002e-07
5.50049e-09 -0.0040291 4.48547e-07
5.50049e-09 -0.0040291 4.37074e-07
5.50049e-09 -0.0040291 4.25601e-07
5.50049e-09 -0.0040291 4.14128e-07
5.50049e-09 -0.0040291 4.02655e-07
5.50049e-09 -0.0040291 3.91182e-07
5.50049e-09 -0.0040291 3.79709e-07
5.50049e-09 -0.0040291 3.68236e-07
5.50049e-09 -0.0040291 3.56763e-07
5.50049e-09 -0.0040291 3.4529e-07
5.50049e-09 -0.0040291 3.33817e-07
5.50049e-09 -0.0040291 3.22344e-07
5.50049e-09 -0.0040291 3.10871e-07
5.50049e-09 -0.0040291 2.99398e-07
5.50049e-09 -0.00402911 2.87925e-07
5.50049e-09 -0.00402911 2.76452e-07
5.50049e-09 -0.00402911 2.64979e-07
5.50049e-09 -0.00402911 2.53506e-07
5.50049e-09 -0.00402911 2.42033e-07
5.50049e-09 -0.00402911 2.3056e-07
5.50049e-09 -0.00402911 2.19087e-07
5.50049e-09 -0.00402911 2.07614e-07
5.50049e-09 -0.00402911 1.96141e-07
5.50049e-09 -0.00402911 1.84668e-07
5.50049e-09 -0.00402911 1.73195e-07
5.50049e-09 -0.00402911 1.61722e-07
5.50049e-09 -0.00402911 1.50249e-07
5.50049e-09 -0.00402911 1.38776e-07
5.50049e-09 -0.00402911 1.27303e-07
5.50049e-09 -0.00402911 1.1583e-07
5.50049e-09 -0.00402911 1.04357e-07
5.50049e-09 -0.00402911 9.28838e-08
5.50049e-09 -0.00402911 8.14108e-08
5.50049e-09 -0.00402911 6.99378e-08
5.50049e-09 -0.00402911 5.84648e-08
5.50049e-09 -0.00402911 4.69917e-08
5.50049e-09 -0.00402911 3.55187e-08
5.50049e-09 -0.00402911 2.40457e-08
5.50049e-09 -0.00402911 1.25727e-08
5.50049e-09 -0.00402911 1.09967e-09
5.50049e-09 -0.00402911 -1.03733e-08
5.50049e-09 -0.00402911 -2.18463e-08
5.50049e-09 -0.00402911 -3.33194e-08
5.50049e-09 -0.00402911 -4.47924e-08
5.50049e-09 -0.00402912 -5.62654e-08
5.50049e-09 -0.00402912 -6.77384e-08
5.50049e-09 -0.00402912 -7.92114e-08
5.50049e-09 -0.00402912 -9.06844e-08
5.50049e-09 -0.00402912 -1.02157e-07
5.50049e-09 -0.00402912 -1.1363e-07
5.50049e-09 -0.00402912 -1.25103e-07
5.50049e-09 -0.00402912 -1.36577e-07
5.50049e-09 -0.00402912 -1.4805e-07
5.50049e-09 -0.00402912 -1.59523e-07
5.50049e-09 -0.00402912 -1.70996e-07
5.50049e-09 -0.00402912 -1.82469e-07
5.50049e-09 -0.00402912 -1.93942e-07
5.50049e-09 -0.00402912 -2.05415e-07
5.50049e-09 -0.00402912 -2.16888e-07
5.50049e-09 -0.00402912 -2.28361e-07
5.50049e-09 -0.00402912 -2.39834e-07
5.50049e-09 -0.00402912 -2.51307e-07
5.50049e-09 -0.00402912 -2.6278e-07
5.50049e-09 -0.00402912 -2.74253e-07
5.50049e-09 -0.00402912 -2.85726e-07
5.50049e-09 -0.00402912 -2.97199e-07
5.50049e-09 -0.00402912 -3.08672e-07
5.50049e-09 -0.00402912 -3.20145e-07
5.50049e-09 -0.00402912 -3.31618e-07
5.50049e-09 -0.00402912 -3.43091e-07
5.50049e-09 -0.00402912 -3.54564e-07
1.69214e-08 -0.00402913 -3.66037e-07
1.69214e-08 -0.00402911 4.71493e-07
2.83422e-08 -0.00402914 -3.54564e-07
2.83422e-08 -0.00402914 -3.43091e-07
2.83422e-08 -0.00402914 -3.31618e-07
2.83422e-08 -0.00402914 -3.20145e-07
2.83422e-08 -0.00402914 -3.08672e-07
2.83422e-08 -0.00402914 -2.97199e-07
2.83422e-08 -0.00402914 -2.85726e-07
2.83422e-08 -0.00402914 -2.74253e-07
2.83422e-08 -0.00402914 -2.6278e-07
2.83422e-08 -0.00402914 -2.51307e-07
2.83422e-08 -0.00402914 -2.39834e-07
2.83422e-08 -0.00402914 -2.28361e-07
2.83422e-08 -0.00402914 -2.16888e-07
2.83422e-08 -0.00402914 -2.05415e-07
2.83422e-08 -0.00402914 -1.93942e-07
2.83422e-08 -0.00402914 -1.82469e-07
2.83422e-08 -0.00402914 -1.70996e-07
2.83422e-08 -0.00402914 -1.59523e-07
2.83422e-08 -0.00402914 -1.4805e-07
2.83422e-08 -0.00402913 -1.36577e-07
2.83422e-08 -0.00402913 -1.25103e-07
2.83422e-08 -0.00402913 -1.1363e-07
2.83422e-08 -0.00402913 -1.02157e-07
2.83422e-08 -0.00402913 -9.06844e-08
2.83422e-08 -0.00402913 -7.92114e-08
2.83422e-08 -0.00402913 -6.77384e-08
2.83422e-08 -0.00402913 -5.62654e-08
2.83422e-08 -0.00402913 -4.47924e-08
2.83422e-08 -0.00402913 -3.33194e-08
2.83422e-08 -0.00402913 -2.18463e-08
2.83422e-08 -0.00402913 -1.03733e-08
2.83422e-08 -0.00402913 1.09967e-09
2.83422e-08 -0.00402913 1.25727e-08
2.83422e-08 -0.00402913 2.40457e-08
2.83422e-08 -0.00402913 3.55187e-08
2.83422e-08 -0.00402913 4.69917e-08
2.83422e-08 -0.00402913 5.84648e-08
2.83422e-08 -0.00402913 6.99378e-08
2.83422e-08 -0.00402913 8.14108e-08
2.83422e-08 -0.00402913 9.28838e-08
2.83422e-08 -0.00402913 1.04357e-07
2.83422e-08 -0.00402913 1.1583e-07
2.83422e-08 -0.00402913 1.27303e-07
2.83422e-08 -0.00402913 1.38776e-07
2.83422e-08 -0.00402913 1.50249e-07
2.83422e-08 -0.00402913 1.61722e-07
2.83422e-08 -0.00402913 1.73195e-07
2.83422e-08 -0.00402913 1.84668e-07
2.83422e-08 -0.00402913 1.96141e-07
2.83422e-08 -0.00402912 2.07614e-07
2.83422e-08 -0.00402912 2.19087e-07
2.83422e-08 -0.00402912 2.3056e-07
2.83422e-08 -0.00402912 2.42033e-07
2.83422e-08 -0.00402912 2.53506e-07
2.83422e-08 -0.00402912 2.64979e-07
2.83422e-08 -0.00402912 2.76452e-07
2.83422e-08 -0.00402912 2.87925e-07
2.83422e-08 -0.00402912 2.99398e-07
2.83422e-08 -0.00402912 3.10871e-07
2.83422e-08 -0.00402912 3.22344e-07
2.83422e-08 -0.00402912 3.33817e-07
2.83422e-08 -0.00402912 3.4529e-07
2.83422e-08 -0.00402912 3.56763e-07
2.83422e-08 -0.00402912 3.68236e-07
2.83422e-08 -0.00402912 3.79709e-07
2.83422e-08 -0.00402912 3.91182e-07
2.83422e-08 -0.00402912 4.02655e-07
2.83422e-08 -0.00402912 4.14128e-07
2.83422e-08 -0.00402912 4.25601e-07
2.83422e-08 -0.00402912 4.37074e-07
2.83422e-08 -0.00402912 4.48547e-07
2.83422e-08 -0.00402912 4.6002e-07
1.69214e-08 -0.00402913 -3.54564e-07
1.69214e-08 -0.00402913 -3.43091e-07
1.69214e-08 -0.00402913 -3.31618e-07
1.69214e-08 -0.00402913 -3.20145e-07
1.69214e-08 -0.00402913 -3.08672e-07
1.69214e-08 -0.00402913 -2.97199e-07
1.69214e-08 -0.00402913 -2.85726e-07
1.69214e-08 -0.00402913 -2.74253e-07
1.69214e-08 -0.00402913 -2.6278e-07
1.69214e-08 -0.00402913 -2.51307e-07
1.69214e-08 -0.00402913 -2.39834e-07
1.69214e-08 -0.00402913 -2.28361e-07
1.69214e-08 -0.00402913 -2.16888e-07
1.69214e-08 -0.00402913 -2.05415e-07
1.69214e-08 -0.00402913 -1.93942e-07
1.69214e-08 -0.00402913 -1.82469e-07
1.69214e-08 -0.00402913 -1.70996e-07
1.69214e-08 -0.00402913 -1.59523e-07
1.69214e-08 -0.00402913 -1.4805e-07
1.69214e-08 -0.00402913 -1.36577e-07
1.69214e-08 -0.00402913 -1.25103e-07
1.69214e-08 -0.00402913 -1.1363e-07
1.69214e-08 -0.00402912 -1.02157e-07
1.69214e-08 -0.00402912 -9.06844e-08
1.69214e-08 -0.00402912 -7.92114e-08
1.69214e-08 -0.00402912 -6.77384e-08
1.69214e-08 -0.00402912 -5.62654e-08
1.69214e-08 -0.00402912 -4.47924e-08
1.69214e-08 -0.00402912 -3.33194e-08
1.69214e-08 -0.00402912 -2.18463e-08
1.69214e-08 -0.00402912 -1.03733e-08
1.69214e-08 -0.00402912 1.09967e-09
1.69214e-08 -0.00402912 1.25727e-08
1.69214e-08 -0.00402912 2.40457e-08
1.69214e-08 -0.00402912 3.55187e-08
1.69214e-08 -0.00402912 4.69917e-08
1.69214e-08 -0.00402912 5.84648e-08
1.69214e-08 -0.00402912 6.99378e-08
1.69214e-08 -0.00402912 8.14108e-08
1.69214e-08 -0.00402912 9.28838e-08
1.69214e-08 -0.00402912 1.04357e-07
1.69214e-08 -0.00402912 1.1583e-07
1.69214e-08 -0.00402912 1.27303e-07
1.69214e-08 -0.00402912 1.38776e-07
1.69214e-08 -0.00402912 1.50249e-07
1.69214e-08 -0.00402912 1.61722e-07
1.69214e-08 -0.00402912 1.73195e-07
1.69214e-08 -0.00402912 1.84668e-07
1.69214e-08 -0.00402912 1.96141e-07
1.69214e-08 -0.00402912 2.07614e-07
1.69214e-08 -0.00402912 2.19087e-07
1.69214e-08 -0.00402912 2.3056e-07
1.69214e-08 -0.00402912 2.42033e-07
1.69214e-08 -0.00402911 2.53506e-07
1.69214e-08 -0.00402911 2.64979e-07
1.69214e-08 -0.00402911 2.76452e-07
1.69214e-08 -0.00402911 2.87925e-07
1.69214e-08 -0.00402911 2.99398e-07
1.69214e-08 -0.00402911 3.10871e-07
1.69214e-08 -0.00402911 3.22344e-07
1.69214e-08 -0.00402911 3.33817e-07
1.69214e-08 -0.00402911 3.4529e-07
1.69214e-08 -0.00402911 3.56763e-07
1.69214e-08 -0.00402911 3.68236e-07
1.69214e-08 -0.00402911 3.79709e-07
1.69214e-08 -0.00402911 3.91182e-07
1.69214e-08 -0.00402911 4.02655e-07
1.69214e-08 -0.00402911 4.14128e-07
1.69214e-08 -0.00402911 4.25601e-07
1.69214e-08 -0.00402911 4.37074e-07
1.69214e-08 -0.00402911 4.48547e-07
1.69214e-08 -0.00402911 4.6002e-07
3.59561e-08 -0.00402912 4.71493e-07
2.83422e-08 -0.00402912 4.71493e-07
3.59561e-08 -0.00402912 4.6002e-07
2.83422e-08 -0.00402912 4.6002e-07
3.59561e-08 -0.00402912 4.48547e-07
2.83422e-08 -0.00402912 4.48547e-07
3.59561e-08 -0.00402912 4.37074e-07
2.83422e-08 -0.00402912 4.37074e-07
3.59561e-08 -0.00402912 4.25601e-07
2.83422e-08 -0.00402912 4.25601e-07
3.59561e-08 -0.00402912 4.14128e-07
2.83422e-08 -0.00402912 4.14128e-07
3.59561e-08 -0.00402912 4.02655e-07
2.83422e-08 -0.00402912 4.02655e-07
3.59561e-08 -0.00402913 3.91182e-07
2.83422e-08 -0.00402912 3.91182e-07
3.59561e-08 -0.00402913 3.79709e-07
2.83422e-08 -0.00402912 3.79709e-07
3.59561e-08 -0.00402913 3.68236e-07
2.83422e-08 -0.00402912 3.68236e-07
3.59561e-08 -0.00402913 3.56763e-07
2.83422e-08 -0.00402912 3.56763e-07
3.59561e-08 -0.00402913 3.4529e-07
2.83422e-08 -0.00402912 3.4529e-07
3.59561e-08 -0.00402913 3.33817e-07
2.83422e-08 -0.00402912 3.33817e-07
3.59561e-08 -0.00402913 3.22344e-07
2.83422e-08 -0.00402912 3.22344e-07
3.59561e-08 -0.00402913 3.10871e-07
2.83422e-08 -0.00402912 3.10871e-07
3.59561e-08 -0.00402913 2.99398e-07
2.83422e-08 -0.00402912 2.99398e-07
3.59561e-08 -0.00402913 2.87925e-07
2.83422e-08 -0.00402912 2.87925e-07
3.59561e-08 -0.00402913 2.76452e-07
2.83422e-08 -0.00402912 2.76452e-07
3.59561e-08 -0.00402913 2.64979e-07
2.83422e-08 -0.00402912 2.64979e-07
3.59561e-08 -0.00402913 2.53506e-07
2.83422e-08 -0.00402912 2.53506e-07
3.59561e-08 -0.00402913 2.42033e-07
2.83422e-08 -0.00402912 2.42033e-07
3.59561e-08 -0.00402913 2.3056e-07
2.83422e-08 -0.00402912 2.3056e-07
3.59561e-08 -0.00402913 2.19087e-07
2.83422e-08 -0.00402912 2.19087e-07
3.59561e-08 -0.00402913 2.07614e-07
2.83422e-08 -0.00402912 2.07614e-07
3.59561e-08 -0.00402913 1.96141e-07
2.83422e-08 -0.00402913 1.96141e-07
3.59561e-08 -0.00402913 1.84668e-07
2.83422e-08 -0.00402913 1.84668e-07
3.59561e-08 -0.00402913 1.73195e-07
2.83422e-08 -0.00402913 1.73195e-07
3.59561e-08 -0.00402913 1.61722e-07
2.83422e-08 -0.00402913 1.61722e-07
3.59561e-08 -0.00402913 1.50249e-07
2.83422e-08 -0.00402913 1.50249e-07
3.59561e-08 -0.00402913 1.38776e-07
2.83422e-08 -0.00402913 1.38776e-07
3.59561e-08 -0.00402913 1.27303e-07
2.83422e-08 -0.00402913 1.27303e-07
3.59561e-08 -0.00402913 1.1583e-07
2.83422e-08 -0.00402913 1.1583e-07
3.59561e-08 -0.00402913 1.04357e-07
2.83422e-08 -0.00402913 1.04357e-07
3.59561e-08 -0.00402913 9.28838e-08
2.83422e-08 -0.00402913 9.28838e-08
3.59561e-08 -0.00402913 8.14108e-08
2.83422e-08 -0.00402913 8.14108e-08
3.59561e-08 -0.00402913 6.99378e-08
2.83422e-08 -0.00402913 6.99378e-08
3.59561e-08 -0.00402913 5.84648e-08
2.83422e-08 -0.00402913 5.84648e-08
3.59561e-08 -0.00402914 4.69917e-08
2.83422e-08 -0.00402913 4.69917e-08
3.59561e-08 -0.00402914 3.55187e-08
2.83422e-08 -0.00402913 3.55187e-08
3.59561e-08 -0.00402914 2.40457e-08
2.83422e-08 -0.00402913 2.40457e-08
3.59561e-08 -0.00402914 1.25727e-08
2.83422e-08 -0.00402913 1.25727e-08
3.59561e-08 -0.00402914 1.09967e-09
2.83422e-08 -0.00402913 1.09967e-09
3.59561e-08 -0.00402914 -1.03733e-08
2.83422e-08 -0.00402913 -1.03733e-08
3.59561e-08 -0.00402914 -2.18463e-08
2.83422e-08 -0.00402913 -2.18463e-08
3.59561e-08 -0.00402914 -3.33194e-08
2.83422e-08 -0.00402913 -3.33194e-08
3.59561e-08 -0.00402914 -4.47924e-08
2.83422e-08 -0.00402913 -4.47924e-08
3.59561e-08 -0.00402914 -5.62654e-08
2.83422e-08 -0.00402913 -5.62654e-08
3.59561e-08 -0.00402914 -6.77384e-08
2.83422e-08 -0.00402913 -6.77384e-08
3.59561e-08 -0.00402914 -7.92114e-08
2.83422e-08 -0.00402913 -7.92114e-08
3.59561e-08 -0.00402914 -9.06844e-08
2.83422e-08 -0.00402913 -9.06844e-08
3.59561e-08 -0.00402914 -1.02157e-07
2.83422e-08 -0.00402913 -1.02157e-07
3.59561e-08 -0.00402914 -1.1363e-07
2.83422e-08 -0.00402913 -1.1363e-07
3.59561e-08 -0.00402914 -1.25103e-07
2.83422e-08 -0.00402913 -1.25103e-07
3.59561e-08 -0.00402914 -1.36577e-07
2.83422e-08 -0.00402913 -1.36577e-07
3.59561e-08 -0.00402914 -1.4805e-07
2.83422e-08 -0.00402914 -1.4805e-07
3.59561e-08 -0.00402914 -1.59523e-07
2.83422e-08 -0.00402914 -1.59523e-07
3.59561e-08 -0.00402914 -1.70996e-07
2.83422e-08 -0.00402914 -1.70996e-07
3.59561e-08 -0.00402914 -1.82469e-07
2.83422e-08 -0.00402914 -1.82469e-07
3.59561e-08 -0.00402914 -1.93942e-07
2.83422e-08 -0.00402914 -1.93942e-07
3.59561e-08 -0.00402914 -2.05415e-07
2.83422e-08 -0.00402914 -2.05415e-07
3.59561e-08 -0.00402914 -2.16888e-07
2.83422e-08 -0.00402914 -2.16888e-07
3.59561e-08 -0.00402914 -2.28361e-07
2.83422e-08 -0.00402914 -2.28361e-07
3.59561e-08 -0.00402914 -2.39834e-07
2.83422e-08 -0.00402914 -2.39834e-07
3.59561e-08 -0.00402914 -2.51307e-07
2.83422e-08 -0.00402914 -2.51307e-07
3.59561e-08 -0.00402914 -2.6278e-07
2.83422e-08 -0.00402914 -2.6278e-07
3.59561e-08 -0.00402914 -2.74253e-07
2.83422e-08 -0.00402914 -2.74253e-07
3.59561e-08 -0.00402914 -2.85726e-07
2.83422e-08 -0.00402914 -2.85726e-07
3.59561e-08 -0.00402914 -2.97199e-07
2.83422e-08 -0.00402914 -2.97199e-07
3.59561e-08 -0.00402915 -3.08672e-07
2.83422e-08 -0.00402914 -3.08672e-07
3.59561e-08 -0.00402915 -3.20145e-07
2.83422e-08 -0.00402914 -3.20145e-07
3.59561e-08 -0.00402915 -3.31618e-07
2.83422e-08 -0.00402914 -3.31618e-07
3.59561e-08 -0.00402915 -3.43091e-07
2.83422e-08 -0.00402914 -3.43091e-07
3.59561e-08 -0.00402915 -3.54564e-07
2.83422e-08 -0.00402914 -3.54564e-07
3.59561e-08 -0.00402915 -3.66037e-07
2.83422e-08 -0.00402914 -3.66037e-07
5.50049e-09 -0.0040291 4.71493e-07
-2.11342e-09 -0.00402909 4.71493e-07
5.50049e-09 -0.0040291 4.6002e-07
-2.11342e-09 -0.00402909 4.6002e-07
5.50049e-09 -0.0040291 4.48547e-07
-2.11342e-09 -0.0040291 4.48547e-07
5.50049e-09 -0.0040291 4.37074e-07
-2.11342e-09 -0.0040291 4.37074e-07
5.50049e-09 -0.0040291 4.25601e-07
-2.11342e-09 -0.0040291 4.25601e-07
5.50049e-09 -0.0040291 4.14128e-07
-2.11342e-09 -0.0040291 4.14128e-07
5.50049e-09 -0.0040291 4.02655e-07
-2.11342e-09 -0.0040291 4.02655e-07
5.50049e-09 -0.0040291 3.91182e-07
-2.11342e-09 -0.0040291 3.91182e-07
5.50049e-09 -0.0040291 3.79709e-07
-2.11342e-09 -0.0040291 3.79709e-07
5.50049e-09 -0.0040291 3.68236e-07
-2.11342e-09 -0.0040291 3.68236e-07
5.50049e-09 -0.0040291 3.56763e-07
-2.11342e-09 -0.0040291 3.56763e-07
5.50049e-09 -0.0040291 3.4529e-07
-2.11342e-09 -0.0040291 3.4529e-07
5.50049e-09 -0.0040291 3.33817e-07
-2.11342e-09 -0.0040291 3.33817e-07
5.50049e-09 -0.0040291 3.22344e-07
-2.11342e-09 -0.0040291 3.22344e-07
5.50049e-09 -0.0040291 3.10871e-07
-2.11342e-09 -0.0040291 3.10871e-07
5.50049e-09 -0.0040291 2.99398e-07
-2.11342e-09 -0.0040291 2.99398e-07
5.50049e-09 -0.00402911 2.87925e-07
-2.11342e-09 -0.0040291 2.87925e-07
5.50049e-09 -0.00402911 2.76452e-07
-2.11342e-09 -0.0040291 2.76452e-07
5.50049e-09 -0.00402911 2.64979e-07
-2.11342e-09 -0.0040291 2.64979e-07
5.50049e-09 -0.00402911 2.53506e-07
-2.11342e-09 -0.0040291 2.53506e-07
5.50049e-09 -0.00402911 2.42033e-07
-2.11342e-09 -0.0040291 2.42033e-07
5.50049e-09 -0.00402911 2.3056e-07
-2.11342e-09 -0.0040291 2.3056e-07
5.50049e-09 -0.00402911 2.19087e-07
-2.11342e-09 -0.0040291 2.19087e-07
5.50049e-09 -0.00402911 2.07614e-07
-2.11342e-09 -0.0040291 2.07614e-07
5.50049e-09 -0.00402911 1.96141e-07
-2.11342e-09 -0.0040291 1.96141e-07
5.50049e-09 -0.00402911 1.84668e-07
-2.11342e-09 -0.0040291 1.84668e-07
5.50049e-09 -0.00402911 1.73195e-07
-2.11342e-09 -0.0040291 1.73195e-07
5.50049e-09 -0.00402911 1.61722e-07
-2.11342e-09 -0.0040291 1.61722e-07
5.50049e-09 -0.00402911 1.50249e-07
-2.11342e-09 -0.0040291 1.50249e-07
5.50049e-09 -0.00402911 1.38776e-07
-2.11342e-09 -0.0040291 1.38776e-07
5.50049e-09 -0.00402911 1.27303e-07
-2.11342e-09 -0.0040291 1.27303e-07
5.50049e-09 -0.00402911 1.1583e-07
-2.11342e-09 -0.0040291 1.1583e-07
5.50049e-09 -0.00402911 1.04357e-07
-2.11342e-09 -0.0040291 1.04357e-07
5.50049e-09 -0.00402911 9.28838e-08
-2.11342e-09 -0.00402911 9.28838e-08
5.50049e-09 -0.00402911 8.14108e-08
-2.11342e-09 -0.00402911 8.14108e-08
5.50049e-09 -0.00402911 6.99378e-08
-2.11342e-09 -0.00402911 6.99378e-08
5.50049e-09 -0.00402911 5.84648e-08
-2.11342e-09 -0.00402911 5.84648e-08
5.50049e-09 -0.00402911 4.69917e-08
-2.11342e-09 -0.00402911 4.69917e-08
5.50049e-09 -0.00402911 3.55187e-08
-2.11342e-09 -0.00402911 3.55187e-08
5.50049e-09 -0.00402911 2.40457e-08
-2.11342e-09 -0.00402911 2.40457e-08
5.50049e-09 -0.00402911 1.25727e-08
-2.11342e-09 -0.00402911 1.25727e-08
5.50049e-09 -0.00402911 1.09967e-09
-2.11342e-09 -0.00402911 1.09967e-09
5.50049e-09 -0.00402911 -1.03733e-08
-2.11342e-09 -0.00402911 -1.03733e-08
5.50049e-09 -0.00402911 -2.18463e-08
-2.11342e-09 -0.00402911 -2.18463e-08
5.50049e-09 -0.00402911 -3.33194e-08
-2.11342e-09 -0.00402911 -3.33194e-08
5.50049e-09 -0.00402911 -4.47924e-08
-2.11342e-09 -0.00402911 -4.47924e-08
5.50049e-09 -0.00402912 -5.62654e-08
-2.11342e-09 -0.00402911 -5.62654e-08
5.50049e-09 -0.00402912 -6.77384e-08
-2.11342e-09 -0.00402911 -6.77384e-08
5.50049e-09 -0.00402912 -7.92114e-08
-2.11342e-09 -0.00402911 -7.92114e-08
5.50049e-09 -0.00402912 -9.06844e-08
-2.11342e-09 -0.00402911 -9.06844e-08
5.50049e-09 -0.00402912 -1.02157e-07
-2.11342e-09 -0.00402911 -1.02157e-07
5.50049e-09 -0.00402912 -1.1363e-07
-2.11342e-09 -0.00402911 -1.1363e-07
5.50049e-09 -0.00402912 -1.25103e-07
-2.11342e-09 -0.00402911 -1.25103e-07
5.50049e-09 -0.00402912 -1.36577e-07
-2.11342e-09 -0.00402911 -1.36577e-07
5.50049e-09 -0.00402912 -1.4805e-07
-2.11342e-09 -0.00402911 -1.4805e-07
5.50049e-09 -0.00402912 -1.59523e-07
-2.11342e-09 -0.00402911 -1.59523e-07
5.50049e-09 -0.00402912 -1.70996e-07
-2.11342e-09 -0.00402911 -1.70996e-07
5.50049e-09 -0.00402912 -1.82469e-07
-2.11342e-09 -0.00402911 -1.82469e-07
5.50049e-09 -0.00402912 -1.93942e-07
-2.11342e-09 -0.00402911 -1.93942e-07
5.50049e-09 -0.00402912 -2.05415e-07
-2.11342e-09 -0.00402911 -2.05415e-07
5.50049e-09 -0.00402912 -2.16888e-07
-2.11342e-09 -0.00402911 -2.16888e-07
5.50049e-09 -0.00402912 -2.28361e-07
-2.11342e-09 -0.00402911 -2.28361e-07
5.50049e-09 -0.00402912 -2.39834e-07
-2.11342e-09 -0.00402911 -2.39834e-07
5.50049e-09 -0.00402912 -2.51307e-07
-2.11342e-09 -0.00402912 -2.51307e-07
5.50049e-09 -0.00402912 -2.6278e-07
-2.11342e-09 -0.00402912 -2.6278e-07
5.50049e-09 -0.00402912 -2.74253e-07
-2.11342e-09 -0.00402912 -2.74253e-07
5.50049e-09 -0.00402912 -2.85726e-07
-2.11342e-09 -0.00402912 -2.85726e-07
5.50049e-09 -0.00402912 -2.97199e-07
-2.11342e-09 -0.00402912 -2.97199e-07
5.50049e-09 -0.00402912 -3.08672e-07
-2.11342e-09 -0.00402912 -3.08672e-07
5.50049e-09 -0.00402912 -3.20145e-07
-2.11342e-09 -0.00402912 -3.20145e-07
5.50049e-09 -0.00402912 -3.31618e-07
-2.11342e-09 -0.00402912 -3.31618e-07
5.50049e-09 -0.00402912 -3.43091e-07
-2.11342e-09 -0.00402912 -3.43091e-07
5.50049e-09 -0.00402912 -3.54564e-07
-2.11342e-09 -0.00402912 -3.54564e-07
5.50049e-09 -0.00402912 -3.66037e-07
-2.11342e-09 -0.00402912 -3.66037e-07
