2.59358e-08 -0.0040055 -1.44522e-07
2.59358e-08 -0.00400552 -1.46623e-08
2.23942e-08 -0.00400552 -1.44522e-07
2.23942e-08 -0.00400554 -1.46623e-08
2.59358e-08 -0.0040055 -1.42743e-07
2.59358e-08 -0.0040055 -1.40964e-07
2.59358e-08 -0.0040055 -1.39185e-07
2.59358e-08 -0.0040055 -1.37406e-07
2.59358e-08 -0.0040055 -1.35627e-07
2.59358e-08 -0.0040055 -1.33849e-07
2.59358e-08 -0.0040055 -1.3207e-07
2.59358e-08 -0.0040055 -1.30291e-07
2.59358e-08 -0.0040055 -1.28512e-07
2.59358e-08 -0.0040055 -1.26733e-07
2.59358e-08 -0.0040055 -1.24954e-07
2.59358e-08 -0.0040055 -1.23175e-07
2.59358e-08 -0.0040055 -1.21396e-07
2.59358e-08 -0.00400551 -1.19617e-07
2.59358e-08 -0.00400551 -1.17838e-07
2.59358e-08 -0.00400551 -1.1606e-07
2.59358e-08 -0.00400551 -1.14281e-07
2.59358e-08 -0.00400551 -1.12502e-07
2.59358e-08 -0.00400551 -1.10723e-07
2.59358e-08 -0.00400551 -1.08944e-07
2.59358e-08 -0.00400551 -1.07165e-07
2.59358e-08 -0.00400551 -1.05386e-07
2.59358e-08 -0.00400551 -1.03607e-07
2.59358e-08 -0.00400551 -1.01828e-07
2.59358e-08 -0.00400551 -1.00049e-07
2.59358e-08 -0.00400551 -9.82706e-08
2.59358e-08 -0.00400551 -9.64917e-08
2.59358e-08 -0.00400551 -9.47128e-08
2.59358e-08 -0.00400551 -9.29339e-08
2.59358e-08 -0.00400551 -9.1155e-08
2.59358e-08 -0.00400551 -8.93761e-08
2.59358e-08 -0.00400551 -8.75972e-08
2.59358e-08 -0.00400551 -8.58183e-08
2.59358e-08 -0.00400551 -8.40394e-08
2.59358e-08 -0.00400551 -8.22605e-08
2.59358e-08 -0.00400551 -8.04816e-08
2.59358e-08 -0.00400551 -7.87027e-08
2.59358e-08 -0.00400551 -7.69238e-08
2.59358e-08 -0.00400551 -7.51449e-08
2.59358e-08 -0.00400551 -7.3366e-08
2.59358e-08 -0.00400551 -7.15871e-08
2.59358e-08 -0.00400551 -6.98082e-08
2.59358e-08 -0.00400551 -6.80293e-08
2.59358e-08 -0.00400551 -6.62504e-08
2.59358e-08 -0.00400551 -6.44715e-08
2.59358e-08 -0.00400551 -6.26926e-08
2.59358e-08 -0.00400551 -6.09137e-08
2.59358e-08 -0.00400551 -5.91348e-08
2.59358e-08 -0.00400551 -5.73559e-08
2.59358e-08 -0.00400551 -5.5577e-08
2.59358e-08 -0.00400552 -5.37981e-08
2.59358e-08 -0.00400552 -5.20192e-08
2.59358e-08 -0.00400552 -5.02403e-08
2.59358e-08 -0.00400552 -4.84614e-08
2.59358e-08 -0.00400552 -4.66825e-08
2.59358e-08 -0.00400552 -4.49036e-08
2.59358e-08 -0.00400552 -4.31247e-08
2.59358e-08 -0.00400552 -4.13458e-08
2.59358e-08 -0.00400552 -3.95669e-08
2.59358e-08 -0.00400552 -3.7788e-08
2.59358e-08 -0.00400552 -3.60091e-08
2.59358e-08 -0.00400552 -3.42302e-08
2.59358e-08 -0.00400552 -3.24513e-08
2.59358e-08 -0.00400552 -3.06724e-08
2.59358e-08 -0.00400552 -2.88935e-08
2.59358e-08 -0.00400552 -2.71146e-08
2.59358e-08 -0.00400552 -2.53357e-08
2.59358e-08 -0.00400552 -2.35568e-08
2.59358e-08 -0.00400552 -2.17779e-08
2.59358e-08 -0.00400552 -1.9999e-08
2.59358e-08 -0.00400552 -1.82201e-08
2.59358e-08 -0.00400552 -1.64412e-08
2.4165e-08 -0.00400553 -1.46623e-08
2.4165e-08 -0.00400551 -1.44522e-07
2.23942e-08 -0.00400554 -1.64412e-08
2.23942e-08 -0.00400554 -1.82201e-08
2.23942e-08 -0.00400554 -1.9999e-08
2.23942e-08 -0.00400554 -2.17779e-08
2.23942e-08 -0.00400554 -2.35568e-08
2.23942e-08 -0.00400554 -2.53357e-08
2.23942e-08 -0.00400554 -2.71146e-08
2.23942e-08 -0.00400554 -2.88935e-08
2.23942e-08 -0.00400554 -3.06724e-08
2.23942e-08 -0.00400554 -3.24513e-08
2.23942e-08 -0.00400554 -3.42302e-08
2.23942e-08 -0.00400554 -3.60091e-08
2.23942e-08 -0.00400554 -3.7788e-08
2.23942e-08 -0.00400554 -3.95669e-08
2.23942e-08 -0.00400554 -4.13458e-08
2.23942e-08 -0.00400554 -4.31247e-08
2.23942e-08 -0.00400554 -4.49036e-08
2.23942e-08 -0.00400554 -4.66825e-08
2.23942e-08 -0.00400554 -4.84614e-08
2.23942e-08 -0.00400554 -5.02403e-08
2.23942e-08 -0.00400554 -5.20192e-08
2.23942e-08 -0.00400554 -5.37981e-08
2.23942e-08 -0.00400554 -5.5577e-08
2.23942e-08 -0.00400554 -5.73559e-08
2.23942e-08 -0.00400554 -5.91348e-08
2.23942e-08 -0.00400554 -6.09137e-08
2.23942e-08 -0.00400554 -6.26926e-08
2.23942e-08 -0.00400554 -6.44715e-08
2.23942e-08 -0.00400554 -6.62504e-08
2.23942e-08 -0.00400553 -6.80293e-08
2.23942e-08 -0.00400553 -6.98082e-08
2.23942e-08 -0.00400553 -7.15871e-08
2.23942e-08 -0.00400553 -7.3366e-08
2.23942e-08 -0.00400553 -7.51449e-08
2.23942e-08 -0.00400553 -7.69238e-08
2.23942e-08 -0.00400553 -7.87027e-08
2.23942e-08 -0.00400553 -8.04816e-08
2.23942e-08 -0.00400553 -8.22605e-08
2.23942e-08 -0.00400553 -8.40394e-08
2.23942e-08 -0.00400553 -8.58183e-08
2.23942e-08 -0.00400553 -8.75972e-08
2.23942e-08 -0.00400553 -8.93761e-08
2.23942e-08 -0.00400553 -9.1155e-08
2.23942e-08 -0.00400553 -9.29339e-08
2.23942e-08 -0.00400553 -9.47128e-08
2.23942e-08 -0.00400553 -9.64917e-08
2.23942e-08 -0.00400553 -9.82706e-08
2.23942e-08 -0.00400553 -1.00049e-07
2.23942e-08 -0.00400553 -1.01828e-07
2.23942e-08 -0.00400553 -1.03607e-07
2.23942e-08 -0.00400553 -1.05386e-07
2.23942e-08 -0.00400553 -1.07165e-07
2.23942e-08 -0.00400553 -1.08944e-07
2.23942e-08 -0.00400553 -1.10723e-07
2.23942e-08 -0.00400553 -1.12502e-07
2.23942e-08 -0.00400553 -1.14281e-07
2.23942e-08 -0.00400553 -1.1606e-07
2.23942e-08 -0.00400553 -1.17838e-07
2.23942e-08 -0.00400553 -1.19617e-07
2.23942e-08 -0.00400553 -1.21396e-07
2.23942e-08 -0.00400553 -1.23175e-07
2.23942e-08 -0.00400553 -1.24954e-07
2.23942e-08 -0.00400553 -1.26733e-07
2.23942e-08 -0.00400553 -1.28512e-07
2.23942e-08 -0.00400553 -1.30291e-07
2.23942e-08 -0.00400553 -1.3207e-07
2.23942e-08 -0.00400552 -1.33849e-07
2.23942e-08 -0.00400552 -1.35627e-07
2.23942e-08 -0.00400552 -1.37406e-07
2.23942e-08 -0.00400552 -1.39185e-07
2.23942e-08 -0.00400552 -1.40964e-07
2.23942e-08 -0.00400552 -1.42743e-07
2.4165e-08 -0.00400553 -1.64412e-08
2.4165e-08 -0.00400553 -1.82201e-08
2.4165e-08 -0.00400553 -1.9999e-08
2.4165e-08 -0.00400553 -2.17779e-08
2.4165e-08 -0.00400553 -2.35568e-08
2.4165e-08 -0.00400553 -2.53357e-08
2.4165e-08 -0.00400553 -2.71146e-08
2.4165e-08 -0.00400553 -2.88935e-08
2.4165e-08 -0.00400553 -3.06724e-08
2.4165e-08 -0.00400553 -3.24513e-08
2.4165e-08 -0.00400553 -3.42302e-08
2.4165e-08 -0.00400553 -3.60091e-08
2.4165e-08 -0.00400553 -3.7788e-08
2.4165e-08 -0.00400553 -3.95669e-08
2.4165e-08 -0.00400553 -4.13458e-08
2.4165e-08 -0.00400553 -4.31247e-08
2.4165e-08 -0.00400553 -4.49036e-08
2.4165e-08 -0.00400553 -4.66825e-08
2.4165e-08 -0.00400553 -4.84614e-08
2.4165e-08 -0.00400553 -5.02403e-08
2.4165e-08 -0.00400553 -5.20192e-08
2.4165e-08 -0.00400553 -5.37981e-08
2.4165e-08 -0.00400553 -5.5577e-08
2.4165e-08 -0.00400553 -5.73559e-08
2.4165e-08 -0.00400552 -5.91348e-08
2.4165e-08 -0.00400552 -6.09137e-08
2.4165e-08 -0.00400552 -6.26926e-08
2.4165e-08 -0.00400552 -6.44715e-08
2.4165e-08 -0.00400552 -6.62504e-08
2.4165e-08 -0.00400552 -6.80293e-08
2.4165e-08 -0.00400552 -6.98082e-08
2.4165e-08 -0.00400552 -7.15871e-08
2.4165e-08 -0.00400552 -7.3366e-08
2.4165e-08 -0.00400552 -7.51449e-08
2.4165e-08 -0.00400552 -7.69238e-08
2.4165e-08 -0.00400552 -7.87027e-08
2.4165e-08 -0.00400552 -8.04816e-08
2.4165e-08 -0.00400552 -8.22605e-08
2.4165e-08 -0.00400552 -8.40394e-08
2.4165e-08 -0.00400552 -8.58183e-08
2.4165e-08 -0.00400552 -8.75972e-08
2.4165e-08 -0.00400552 -8.93761e-08
2.4165e-08 -0.00400552 -9.1155e-08
2.4165e-08 -0.00400552 -9.29339e-08
2.4165e-08 -0.00400552 -9.47128e-08
2.4165e-08 -0.00400552 -9.64917e-08
2.4165e-08 -0.00400552 -9.82706e-08
2.4165e-08 -0.00400552 -1.00049e-07
2.4165e-08 -0.00400552 -1.01828e-07
2.4165e-08 -0.00400552 -1.03607e-07
2.4165e-08 -0.00400552 -1.05386e-07
2.4165e-08 -0.00400552 -1.07165e-07
2.4165e-08 -0.00400552 -1.08944e-07
2.4165e-08 -0.00400552 -1.10723e-07
2.4165e-08 -0.00400552 -1.12502e-07
2.4165e-08 -0.00400552 -1.14281e-07
2.4165e-08 -0.00400552 -1.1606e-07
2.4165e-08 -0.00400552 -1.17838e-07
2.4165e-08 -0.00400552 -1.19617e-07
2.4165e-08 -0.00400552 -1.21396e-07
2.4165e-08 -0.00400552 -1.23175e-07
2.4165e-08 -0.00400552 -1.24954e-07
2.4165e-08 -0.00400552 -1.26733e-07
2.4165e-08 -0.00400551 -1.28512e-07
2.4165e-08 -0.00400551 -1.30291e-07
2.4165e-08 -0.00400551 -1.3207e-07
2.4165e-08 -0.00400551 -1.33849e-07
2.4165e-08 -0.00400551 -1.35627e-07
2.4165e-08 -0.00400551 -1.37406e-07
2.4165e-08 -0.00400551 -1.39185e-07
2.4165e-08 -0.00400551 -1.40964e-07
2.4165e-08 -0.00400551 -1.42743e-07
2.12137e-08 -0.00400553 -1.44522e-07
2.23942e-08 -0.00400552 -1.44522e-07
2.12137e-08 -0.00400553 -1.42743e-07
2.23942e-08 -0.00400552 -1.42743e-07
2.12137e-08 -0.00400553 -1.40964e-07
2.23942e-08 -0.00400552 -1.40964e-07
2.12137e-08 -0.00400553 -1.39185e-07
2.23942e-08 -0.00400552 -1.39185e-07
2.12137e-08 -0.00400553 -1.37406e-07
2.23942e-08 -0.00400552 -1.37406e-07
2.12137e-08 -0.00400553 -1.35627e-07
2.23942e-08 -0.00400552 -1.35627e-07
2.12137e-08 -0.00400553 -1.33849e-07
2.23942e-08 -0.00400552 -1.33849e-07
2.12137e-08 -0.00400553 -1.3207e-07
2.23942e-08 -0.00400553 -1.3207e-07
2.12137e-08 -0.00400553 -1.30291e-07
2.23942e-08 -0.00400553 -1.30291e-07
2.12137e-08 -0.00400553 -1.28512e-07
2.23942e-08 -0.00400553 -1.28512e-07
2.12137e-08 -0.00400553 -1.26733e-07
2.23942e-08 -0.00400553 -1.26733e-07
2.12137e-08 -0.00400553 -1.24954e-07
2.23942e-08 -0.00400553 -1.24954e-07
2.12137e-08 -0.00400553 -1.23175e-07
2.23942e-08 -0.00400553 -1.23175e-07
2.12137e-08 -0.00400553 -1.21396e-07
2.23942e-08 -0.00400553 -1.21396e-07
2.12137e-08 -0.00400553 -1.19617e-07
2.23942e-08 -0.00400553 -1.19617e-07
2.12137e-08 -0.00400553 -1.17838e-07
2.23942e-08 -0.00400553 -1.17838e-07
2.12137e-08 -0.00400554 -1.1606e-07
2.23942e-08 -0.00400553 -1.1606e-07
2.12137e-08 -0.00400554 -1.14281e-07
2.23942e-08 -0.00400553 -1.14281e-07
2.12137e-08 -0.00400554 -1.12502e-07
2.23942e-08 -0.00400553 -1.12502e-07
2.12137e-08 -0.00400554 -1.10723e-07
2.23942e-08 -0.00400553 -1.10723e-07
2.12137e-08 -0.00400554 -1.08944e-07
2.23942e-08 -0.00400553 -1.08944e-07
2.12137e-08 -0.00400554 -1.07165e-07
2.23942e-08 -0.00400553 -1.07165e-07
2.12137e-08 -0.00400554 -1.05386e-07
2.23942e-08 -0.00400553 -1.05386e-07
2.12137e-08 -0.00400554 -1.03607e-07
2.23942e-08 -0.00400553 -1.03607e-07
2.12137e-08 -0.00400554 -1.01828e-07
2.23942e-08 -0.00400553 -1.01828e-07
2.12137e-08 -0.00400554 -1.00049e-07
2.23942e-08 -0.00400553 -1.00049e-07
2.12137e-08 -0.00400554 -9.82706e-08
2.23942e-08 -0.00400553 -9.82706e-08
2.12137e-08 -0.00400554 -9.64917e-08
2.23942e-08 -0.00400553 -9.64917e-08
2.12137e-08 -0.00400554 -9.47128e-08
2.23942e-08 -0.00400553 -9.47128e-08
2.12137e-08 -0.00400554 -9.29339e-08
2.23942e-08 -0.00400553 -9.29339e-08
2.12137e-08 -0.00400554 -9.1155e-08
2.23942e-08 -0.00400553 -9.1155e-08
2.12137e-08 -0.00400554 -8.93761e-08
2.23942e-08 -0.00400553 -8.93761e-08
2.12137e-08 -0.00400554 -8.75972e-08
2.23942e-08 -0.00400553 -8.75972e-08
2.12137e-08 -0.00400554 -8.58183e-08
2.23942e-08 -0.00400553 -8.58183e-08
2.12137e-08 -0.00400554 -8.40394e-08
2.23942e-08 -0.00400553 -8.40394e-08
2.12137e-08 -0.00400554 -8.22605e-08
2.23942e-08 -0.00400553 -8.22605e-08
2.12137e-08 -0.00400554 -8.04816e-08
2.23942e-08 -0.00400553 -8.04816e-08
2.12137e-08 -0.00400554 -7.87027e-08
2.23942e-08 -0.00400553 -7.87027e-08
2.12137e-08 -0.00400554 -7.69238e-08
2.23942e-08 -0.00400553 -7.69238e-08
2.12137e-08 -0.00400554 -7.51449e-08
2.23942e-08 -0.00400553 -7.51449e-08
2.12137e-08 -0.00400554 -7.3366e-08
2.23942e-08 -0.00400553 -7.3366e-08
2.12137e-08 -0.00400554 -7.15871e-08
2.23942e-08 -0.00400553 -7.15871e-08
2.12137e-08 -0.00400554 -6.98082e-08
2.23942e-08 -0.00400553 -6.98082e-08
2.12137e-08 -0.00400554 -6.80293e-08
2.23942e-08 -0.00400553 -6.80293e-08
2.12137e-08 -0.00400554 -6.62504e-08
2.23942e-08 -0.00400554 -6.62504e-08
2.12137e-08 -0.00400554 -6.44715e-08
2.23942e-08 -0.00400554 -6.44715e-08
2.12137e-08 -0.00400554 -6.26926e-08
2.23942e-08 -0.00400554 -6.26926e-08
2.12137e-08 -0.00400554 -6.09137e-08
2.23942e-08 -0.00400554 -6.09137e-08
2.12137e-08 -0.00400554 -5.91348e-08
2.23942e-08 -0.00400554 -5.91348e-08
2.12137e-08 -0.00400554 -5.73559e-08
2.23942e-08 -0.00400554 -5.73559e-08
2.12137e-08 -0.00400554 -5.5577e-08
2.23942e-08 -0.00400554 -5.5577e-08
2.12137e-08 -0.00400554 -5.37981e-08
2.23942e-08 -0.00400554 -5.37981e-08
2.12137e-08 -0.00400554 -5.20192e-08
2.23942e-08 -0.00400554 -5.20192e-08
2.12137e-08 -0.00400554 -5.02403e-08
2.23942e-08 -0.00400554 -5.02403e-08
2.12137e-08 -0.00400554 -4.84614e-08
2.23942e-08 -0.00400554 -4.84614e-08
2.12137e-08 -0.00400555 -4.66825e-08
2.23942e-08 -0.00400554 -4.66825e-08
2.12137e-08 -0.00400555 -4.49036e-08
2.23942e-08 -0.00400554 -4.49036e-08
2.12137e-08 -0.00400555 -4.31247e-08
2.23942e-08 -0.00400554 -4.31247e-08
2.12137e-08 -0.00400555 -4.13458e-08
2.23942e-08 -0.00400554 -4.13458e-08
2.12137e-08 -0.00400555 -3.95669e-08
2.23942e-08 -0.00400554 -3.95669e-08
2.12137e-08 -0.00400555 -3.7788e-08
2.23942e-08 -0.00400554 -3.7788e-08
2.12137e-08 -0.00400555 -3.60091e-08
2.23942e-08 -0.00400554 -3.60091e-08
2.12137e-08 -0.00400555 -3.42302e-08
2.23942e-08 -0.00400554 -3.42302e-08
2.12137e-08 -0.00400555 -3.24513e-08
2.23942e-08 -0.00400554 -3.24513e-08
2.12137e-08 -0.00400555 -3.06724e-08
2.23942e-08 -0.00400554 -3.06724e-08
2.12137e-08 -0.00400555 -2.88935e-08
2.23942e-08 -0.00400554 -2.88935e-08
2.12137e-08 -0.00400555 -2.71146e-08
2.23942e-08 -0.00400554 -2.71146e-08
2.12137e-08 -0.00400555 -2.53357e-08
2.23942e-08 -0.00400554 -2.53357e-08
2.12137e-08 -0.00400555 -2.35568e-08
2.23942e-08 -0.00400554 -2.35568e-08
2.12137e-08 -0.00400555 -2.17779e-08
2.23942e-08 -0.00400554 -2.17779e-08
2.12137e-08 -0.00400555 -1.9999e-08
2.23942e-08 -0.00400554 -1.9999e-08
2.12137e-08 -0.00400555 -1.82201e-08
2.23942e-08 -0.00400554 -1.82201e-08
2.12137e-08 -0.00400555 -1.64412e-08
2.23942e-08 -0.00400554 -1.64412e-08
2.12137e-08 -0.00400555 -1.46623e-08
2.23942e-08 -0.00400554 -1.46623e-08
2.59358e-08 -0.0040055 -1.44522e-07
2.71164e-08 -0.00400549 -1.44522e-07
2.59358e-08 -0.0040055 -1.42743e-07
2.71164e-08 -0.00400549 -1.42743e-07
2.59358e-08 -0.0040055 -1.40964e-07
2.71164e-08 -0.00400549 -1.40964e-07
2.59358e-08 -0.0040055 -1.39185e-07
2.71164e-08 -0.00400549 -1.39185e-07
2.59358e-08 -0.0040055 -1.37406e-07
2.71164e-08 -0.00400549 -1.37406e-07
2.59358e-08 -0.0040055 -1.35627e-07
2.71164e-08 -0.0040055 -1.35627e-07
2.59358e-08 -0.0040055 -1.33849e-07
2.71164e-08 -0.0040055 -1.33849e-07
2.59358e-08 -0.0040055 -1.3207e-07
2.71164e-08 -0.0040055 -1.3207e-07
2.59358e-08 -0.0040055 -1.30291e-07
2.71164e-08 -0.0040055 -1.30291e-07
2.59358e-08 -0.0040055 -1.28512e-07
2.71164e-08 -0.0040055 -1.28512e-07
2.59358e-08 -0.0040055 -1.26733e-07
2.71164e-08 -0.0040055 -1.26733e-07
2.59358e-08 -0.0040055 -1.24954e-07
2.71164e-08 -0.0040055 -1.24954e-07
2.59358e-08 -0.0040055 -1.23175e-07
2.71164e-08 -0.0040055 -1.23175e-07
2.59358e-08 -0.0040055 -1.21396e-07
2.71164e-08 -0.0040055 -1.21396e-07
2.59358e-08 -0.00400551 -1.19617e-07
2.71164e-08 -0.0040055 -1.19617e-07
2.59358e-08 -0.00400551 -1.17838e-07
2.71164e-08 -0.0040055 -1.17838e-07
2.59358e-08 -0.00400551 -1.1606e-07
2.71164e-08 -0.0040055 -1.1606e-07
2.59358e-08 -0.00400551 -1.14281e-07
2.71164e-08 -0.0040055 -1.14281e-07
2.59358e-08 -0.00400551 -1.12502e-07
2.71164e-08 -0.0040055 -1.12502e-07
2.59358e-08 -0.00400551 -1.10723e-07
2.71164e-08 -0.0040055 -1.10723e-07
2.59358e-08 -0.00400551 -1.08944e-07
2.71164e-08 -0.0040055 -1.08944e-07
2.59358e-08 -0.00400551 -1.07165e-07
2.71164e-08 -0.0040055 -1.07165e-07
2.59358e-08 -0.00400551 -1.05386e-07
2.71164e-08 -0.0040055 -1.05386e-07
2.59358e-08 -0.00400551 -1.03607e-07
2.71164e-08 -0.0040055 -1.03607e-07
2.59358e-08 -0.00400551 -1.01828e-07
2.71164e-08 -0.0040055 -1.01828e-07
2.59358e-08 -0.00400551 -1.00049e-07
2.71164e-08 -0.0040055 -1.00049e-07
2.59358e-08 -0.00400551 -9.82706e-08
2.71164e-08 -0.0040055 -9.82706e-08
2.59358e-08 -0.00400551 -9.64917e-08
2.71164e-08 -0.0040055 -9.64917e-08
2.59358e-08 -0.00400551 -9.47128e-08
2.71164e-08 -0.0040055 -9.47128e-08
2.59358e-08 -0.00400551 -9.29339e-08
2.71164e-08 -0.0040055 -9.29339e-08
2.59358e-08 -0.00400551 -9.1155e-08
2.71164e-08 -0.0040055 -9.1155e-08
2.59358e-08 -0.00400551 -8.93761e-08
2.71164e-08 -0.0040055 -8.93761e-08
2.59358e-08 -0.00400551 -8.75972e-08
2.71164e-08 -0.0040055 -8.75972e-08
2.59358e-08 -0.00400551 -8.58183e-08
2.71164e-08 -0.0040055 -8.58183e-08
2.59358e-08 -0.00400551 -8.40394e-08
2.71164e-08 -0.0040055 -8.40394e-08
2.59358e-08 -0.00400551 -8.22605e-08
2.71164e-08 -0.0040055 -8.22605e-08
2.59358e-08 -0.00400551 -8.04816e-08
2.71164e-08 -0.0040055 -8.04816e-08
2.59358e-08 -0.00400551 -7.87027e-08
2.71164e-08 -0.0040055 -7.87027e-08
2.59358e-08 -0.00400551 -7.69238e-08
2.71164e-08 -0.0040055 -7.69238e-08
2.59358e-08 -0.00400551 -7.51449e-08
2.71164e-08 -0.0040055 -7.51449e-08
2.59358e-08 -0.00400551 -7.3366e-08
2.71164e-08 -0.0040055 -7.3366e-08
2.59358e-08 -0.00400551 -7.15871e-08
2.71164e-08 -0.0040055 -7.15871e-08
2.59358e-08 -0.00400551 -6.98082e-08
2.71164e-08 -0.00400551 -6.98082e-08
2.59358e-08 -0.00400551 -6.80293e-08
2.71164e-08 -0.00400551 -6.80293e-08
2.59358e-08 -0.00400551 -6.62504e-08
2.71164e-08 -0.00400551 -6.62504e-08
2.59358e-08 -0.00400551 -6.44715e-08
2.71164e-08 -0.00400551 -6.44715e-08
2.59358e-08 -0.00400551 -6.26926e-08
2.71164e-08 -0.00400551 -6.26926e-08
2.59358e-08 -0.00400551 -6.09137e-08
2.71164e-08 -0.00400551 -6.09137e-08
2.59358e-08 -0.00400551 -5.91348e-08
2.71164e-08 -0.00400551 -5.91348e-08
2.59358e-08 -0.00400551 -5.73559e-08
2.71164e-08 -0.00400551 -5.73559e-08
2.59358e-08 -0.00400551 -5.5577e-08
2.71164e-08 -0.00400551 -5.5577e-08
2.59358e-08 -0.00400552 -5.37981e-08
2.71164e-08 -0.00400551 -5.37981e-08
2.59358e-08 -0.00400552 -5.20192e-08
2.71164e-08 -0.00400551 -5.20192e-08
2.59358e-08 -0.00400552 -5.02403e-08
2.71164e-08 -0.00400551 -5.02403e-08
2.59358e-08 -0.00400552 -4.84614e-08
2.71164e-08 -0.00400551 -4.84614e-08
2.59358e-08 -0.00400552 -4.66825e-08
2.71164e-08 -0.00400551 -4.66825e-08
2.59358e-08 -0.00400552 -4.49036e-08
2.71164e-08 -0.00400551 -4.49036e-08
2.59358e-08 -0.00400552 -4.31247e-08
2.71164e-08 -0.00400551 -4.31247e-08
2.59358e-08 -0.00400552 -4.13458e-08
2.71164e-08 -0.00400551 -4.13458e-08
2.59358e-08 -0.00400552 -3.95669e-08
2.71164e-08 -0.00400551 -3.95669e-08
2.59358e-08 -0.00400552 -3.7788e-08
2.71164e-08 -0.00400551 -3.7788e-08
2.59358e-08 -0.00400552 -3.60091e-08
2.71164e-08 -0.00400551 -3.60091e-08
2.59358e-08 -0.00400552 -3.42302e-08
2.71164e-08 -0.00400551 -3.42302e-08
2.59358e-08 -0.00400552 -3.24513e-08
2.71164e-08 -0.00400551 -3.24513e-08
2.59358e-08 -0.00400552 -3.06724e-08
2.71164e-08 -0.00400551 -3.06724e-08
2.59358e-08 -0.00400552 -2.88935e-08
2.71164e-08 -0.00400551 -2.88935e-08
2.59358e-08 -0.00400552 -2.71146e-08
2.71164e-08 -0.00400551 -2.71146e-08
2.59358e-08 -0.00400552 -2.53357e-08
2.71164e-08 -0.00400551 -2.53357e-08
2.59358e-08 -0.00400552 -2.35568e-08
2.71164e-08 -0.00400551 -2.35568e-08
2.59358e-08 -0.00400552 -2.17779e-08
2.71164e-08 -0.00400551 -2.17779e-08
2.59358e-08 -0.00400552 -1.9999e-08
2.71164e-08 -0.00400551 -1.9999e-08
2.59358e-08 -0.00400552 -1.82201e-08
2.71164e-08 -0.00400551 -1.82201e-08
2.59358e-08 -0.00400552 -1.64412e-08
2.71164e-08 -0.00400551 -1.64412e-08
2.59358e-08 -0.00400552 -1.46623e-08
2.71164e-08 -0.00400551 -1.46623e-08
