1.07871e-07 -0.00402473 -1.10793e-06
1.07871e-07 -0.00402487 -5.81702e-07
9.35192e-08 -0.00402472 -1.10793e-06
9.35192e-08 -0.00402486 -5.81702e-07
1.07871e-07 -0.00402473 -1.10073e-06
1.07871e-07 -0.00402474 -1.09352e-06
1.07871e-07 -0.00402474 -1.08631e-06
1.07871e-07 -0.00402474 -1.0791e-06
1.07871e-07 -0.00402474 -1.07189e-06
1.07871e-07 -0.00402474 -1.06468e-06
1.07871e-07 -0.00402475 -1.05747e-06
1.07871e-07 -0.00402475 -1.05027e-06
1.07871e-07 -0.00402475 -1.04306e-06
1.07871e-07 -0.00402475 -1.03585e-06
1.07871e-07 -0.00402475 -1.02864e-06
1.07871e-07 -0.00402476 -1.02143e-06
1.07871e-07 -0.00402476 -1.01422e-06
1.07871e-07 -0.00402476 -1.00701e-06
1.07871e-07 -0.00402476 -9.99805e-07
1.07871e-07 -0.00402476 -9.92596e-07
1.07871e-07 -0.00402476 -9.85387e-07
1.07871e-07 -0.00402477 -9.78179e-07
1.07871e-07 -0.00402477 -9.7097e-07
1.07871e-07 -0.00402477 -9.63761e-07
1.07871e-07 -0.00402477 -9.56553e-07
1.07871e-07 -0.00402477 -9.49344e-07
1.07871e-07 -0.00402478 -9.42135e-07
1.07871e-07 -0.00402478 -9.34927e-07
1.07871e-07 -0.00402478 -9.27718e-07
1.07871e-07 -0.00402478 -9.20509e-07
1.07871e-07 -0.00402478 -9.13301e-07
1.07871e-07 -0.00402479 -9.06092e-07
1.07871e-07 -0.00402479 -8.98883e-07
1.07871e-07 -0.00402479 -8.91675e-07
1.07871e-07 -0.00402479 -8.84466e-07
1.07871e-07 -0.00402479 -8.77257e-07
1.07871e-07 -0.00402479 -8.70049e-07
1.07871e-07 -0.0040248 -8.6284e-07
1.07871e-07 -0.0040248 -8.55631e-07
1.07871e-07 -0.0040248 -8.48423e-07
1.07871e-07 -0.0040248 -8.41214e-07
1.07871e-07 -0.0040248 -8.34005e-07
1.07871e-07 -0.00402481 -8.26797e-07
1.07871e-07 -0.00402481 -8.19588e-07
1.07871e-07 -0.00402481 -8.12379e-07
1.07871e-07 -0.00402481 -8.05171e-07
1.07871e-07 -0.00402481 -7.97962e-07
1.07871e-07 -0.00402482 -7.90753e-07
1.07871e-07 -0.00402482 -7.83545e-07
1.07871e-07 -0.00402482 -7.76336e-07
1.07871e-07 -0.00402482 -7.69127e-07
1.07871e-07 -0.00402482 -7.61919e-07
1.07871e-07 -0.00402483 -7.5471e-07
1.07871e-07 -0.00402483 -7.47501e-07
1.07871e-07 -0.00402483 -7.40293e-07
1.07871e-07 -0.00402483 -7.33084e-07
1.07871e-07 -0.00402483 -7.25875e-07
1.07871e-07 -0.00402483 -7.18667e-07
1.07871e-07 -0.00402484 -7.11458e-07
1.07871e-07 -0.00402484 -7.04249e-07
1.07871e-07 -0.00402484 -6.97041e-07
1.07871e-07 -0.00402484 -6.89832e-07
1.07871e-07 -0.00402484 -6.82623e-07
1.07871e-07 -0.00402485 -6.75415e-07
1.07871e-07 -0.00402485 -6.68206e-07
1.07871e-07 -0.00402485 -6.60997e-07
1.07871e-07 -0.00402485 -6.53789e-07
1.07871e-07 -0.00402485 -6.4658e-07
1.07871e-07 -0.00402486 -6.39371e-07
1.07871e-07 -0.00402486 -6.32163e-07
1.07871e-07 -0.00402486 -6.24954e-07
1.07871e-07 -0.00402486 -6.17746e-07
1.07871e-07 -0.00402486 -6.10537e-07
1.07871e-07 -0.00402487 -6.03328e-07
1.07871e-07 -0.00402487 -5.96119e-07
1.07871e-07 -0.00402487 -5.88911e-07
1.00695e-07 -0.00402486 -5.81702e-07
1.00695e-07 -0.00402472 -1.10793e-06
9.35192e-08 -0.00402485 -5.88911e-07
9.35192e-08 -0.00402485 -5.96119e-07
9.35192e-08 -0.00402485 -6.03328e-07
9.35192e-08 -0.00402485 -6.10537e-07
9.35192e-08 -0.00402485 -6.17746e-07
9.35192e-08 -0.00402484 -6.24954e-07
9.35192e-08 -0.00402484 -6.32163e-07
9.35192e-08 -0.00402484 -6.39371e-07
9.35192e-08 -0.00402484 -6.4658e-07
9.35192e-08 -0.00402484 -6.53789e-07
9.35192e-08 -0.00402484 -6.60997e-07
9.35192e-08 -0.00402483 -6.68206e-07
9.35192e-08 -0.00402483 -6.75415e-07
9.35192e-08 -0.00402483 -6.82623e-07
9.35192e-08 -0.00402483 -6.89832e-07
9.35192e-08 -0.00402483 -6.97041e-07
9.35192e-08 -0.00402482 -7.04249e-07
9.35192e-08 -0.00402482 -7.11458e-07
9.35192e-08 -0.00402482 -7.18667e-07
9.35192e-08 -0.00402482 -7.25875e-07
9.35192e-08 -0.00402482 -7.33084e-07
9.35192e-08 -0.00402481 -7.40293e-07
9.35192e-08 -0.00402481 -7.47501e-07
9.35192e-08 -0.00402481 -7.5471e-07
9.35192e-08 -0.00402481 -7.61919e-07
9.35192e-08 -0.00402481 -7.69127e-07
9.35192e-08 -0.00402481 -7.76336e-07
9.35192e-08 -0.0040248 -7.83545e-07
9.35192e-08 -0.0040248 -7.90753e-07
9.35192e-08 -0.0040248 -7.97962e-07
9.35192e-08 -0.0040248 -8.05171e-07
9.35192e-08 -0.0040248 -8.12379e-07
9.35192e-08 -0.00402479 -8.19588e-07
9.35192e-08 -0.00402479 -8.26797e-07
9.35192e-08 -0.00402479 -8.34005e-07
9.35192e-08 -0.00402479 -8.41214e-07
9.35192e-08 -0.00402479 -8.48423e-07
9.35192e-08 -0.00402478 -8.55631e-07
9.35192e-08 -0.00402478 -8.6284e-07
9.35192e-08 -0.00402478 -8.70049e-07
9.35192e-08 -0.00402478 -8.77257e-07
9.35192e-08 -0.00402478 -8.84466e-07
9.35192e-08 -0.00402477 -8.91675e-07
9.35192e-08 -0.00402477 -8.98883e-07
9.35192e-08 -0.00402477 -9.06092e-07
9.35192e-08 -0.00402477 -9.13301e-07
9.35192e-08 -0.00402477 -9.20509e-07
9.35192e-08 -0.00402476 -9.27718e-07
9.35192e-08 -0.00402476 -9.34927e-07
9.35192e-08 -0.00402476 -9.42135e-07
9.35192e-08 -0.00402476 -9.49344e-07
9.35192e-08 -0.00402476 -9.56553e-07
9.35192e-08 -0.00402476 -9.63761e-07
9.35192e-08 -0.00402475 -9.7097e-07
9.35192e-08 -0.00402475 -9.78179e-07
9.35192e-08 -0.00402475 -9.85387e-07
9.35192e-08 -0.00402475 -9.92596e-07
9.35192e-08 -0.00402475 -9.99805e-07
9.35192e-08 -0.00402474 -1.00701e-06
9.35192e-08 -0.00402474 -1.01422e-06
9.35192e-08 -0.00402474 -1.02143e-06
9.35192e-08 -0.00402474 -1.02864e-06
9.35192e-08 -0.00402474 -1.03585e-06
9.35192e-08 -0.00402473 -1.04306e-06
9.35192e-08 -0.00402473 -1.05027e-06
9.35192e-08 -0.00402473 -1.05747e-06
9.35192e-08 -0.00402473 -1.06468e-06
9.35192e-08 -0.00402473 -1.07189e-06
9.35192e-08 -0.00402473 -1.0791e-06
9.35192e-08 -0.00402472 -1.08631e-06
9.35192e-08 -0.00402472 -1.09352e-06
9.35192e-08 -0.00402472 -1.10073e-06
1.00695e-07 -0.00402486 -5.88911e-07
1.00695e-07 -0.00402486 -5.96119e-07
1.00695e-07 -0.00402486 -6.03328e-07
1.00695e-07 -0.00402486 -6.10537e-07
1.00695e-07 -0.00402485 -6.17746e-07
1.00695e-07 -0.00402485 -6.24954e-07
1.00695e-07 -0.00402485 -6.32163e-07
1.00695e-07 -0.00402485 -6.39371e-07
1.00695e-07 -0.00402485 -6.4658e-07
1.00695e-07 -0.00402484 -6.53789e-07
1.00695e-07 -0.00402484 -6.60997e-07
1.00695e-07 -0.00402484 -6.68206e-07
1.00695e-07 -0.00402484 -6.75415e-07
1.00695e-07 -0.00402484 -6.82623e-07
1.00695e-07 -0.00402483 -6.89832e-07
1.00695e-07 -0.00402483 -6.97041e-07
1.00695e-07 -0.00402483 -7.04249e-07
1.00695e-07 -0.00402483 -7.11458e-07
1.00695e-07 -0.00402483 -7.18667e-07
1.00695e-07 -0.00402483 -7.25875e-07
1.00695e-07 -0.00402482 -7.33084e-07
1.00695e-07 -0.00402482 -7.40293e-07
1.00695e-07 -0.00402482 -7.47501e-07
1.00695e-07 -0.00402482 -7.5471e-07
1.00695e-07 -0.00402482 -7.61919e-07
1.00695e-07 -0.00402481 -7.69127e-07
1.00695e-07 -0.00402481 -7.76336e-07
1.00695e-07 -0.00402481 -7.83545e-07
1.00695e-07 -0.00402481 -7.90753e-07
1.00695e-07 -0.00402481 -7.97962e-07
1.00695e-07 -0.0040248 -8.05171e-07
1.00695e-07 -0.0040248 -8.12379e-07
1.00695e-07 -0.0040248 -8.19588e-07
1.00695e-07 -0.0040248 -8.26797e-07
1.00695e-07 -0.0040248 -8.34005e-07
1.00695e-07 -0.0040248 -8.41214e-07
1.00695e-07 -0.00402479 -8.48423e-07
1.00695e-07 -0.00402479 -8.55631e-07
1.00695e-07 -0.00402479 -8.6284e-07
1.00695e-07 -0.00402479 -8.70049e-07
1.00695e-07 -0.00402479 -8.77257e-07
1.00695e-07 -0.00402478 -8.84466e-07
1.00695e-07 -0.00402478 -8.91675e-07
1.00695e-07 -0.00402478 -8.98883e-07
1.00695e-07 -0.00402478 -9.06092e-07
1.00695e-07 -0.00402478 -9.13301e-07
1.00695e-07 -0.00402477 -9.20509e-07
1.00695e-07 -0.00402477 -9.27718e-07
1.00695e-07 -0.00402477 -9.34927e-07
1.00695e-07 -0.00402477 -9.42135e-07
1.00695e-07 -0.00402477 -9.49344e-07
1.00695e-07 -0.00402476 -9.56553e-07
1.00695e-07 -0.00402476 -9.63761e-07
1.00695e-07 -0.00402476 -9.7097e-07
1.00695e-07 -0.00402476 -9.78179e-07
1.00695e-07 -0.00402476 -9.85387e-07
1.00695e-07 -0.00402476 -9.92596e-07
1.00695e-07 -0.00402475 -9.99805e-07
1.00695e-07 -0.00402475 -1.00701e-06
1.00695e-07 -0.00402475 -1.01422e-06
1.00695e-07 -0.00402475 -1.02143e-06
1.00695e-07 -0.00402475 -1.02864e-06
1.00695e-07 -0.00402474 -1.03585e-06
1.00695e-07 -0.00402474 -1.04306e-06
1.00695e-07 -0.00402474 -1.05027e-06
1.00695e-07 -0.00402474 -1.05747e-06
1.00695e-07 -0.00402474 -1.06468e-06
1.00695e-07 -0.00402473 -1.07189e-06
1.00695e-07 -0.00402473 -1.0791e-06
1.00695e-07 -0.00402473 -1.08631e-06
1.00695e-07 -0.00402473 -1.09352e-06
1.00695e-07 -0.00402473 -1.10073e-06
8.87352e-08 -0.00402471 -1.10793e-06
9.35192e-08 -0.00402472 -1.10793e-06
8.87352e-08 -0.00402471 -1.10073e-06
9.35192e-08 -0.00402472 -1.10073e-06
8.87352e-08 -0.00402472 -1.09352e-06
9.35192e-08 -0.00402472 -1.09352e-06
8.87352e-08 -0.00402472 -1.08631e-06
9.35192e-08 -0.00402472 -1.08631e-06
8.87352e-08 -0.00402472 -1.0791e-06
9.35192e-08 -0.00402473 -1.0791e-06
8.87352e-08 -0.00402472 -1.07189e-06
9.35192e-08 -0.00402473 -1.07189e-06
8.87352e-08 -0.00402472 -1.06468e-06
9.35192e-08 -0.00402473 -1.06468e-06
8.87352e-08 -0.00402473 -1.05747e-06
9.35192e-08 -0.00402473 -1.05747e-06
8.87352e-08 -0.00402473 -1.05027e-06
9.35192e-08 -0.00402473 -1.05027e-06
8.87352e-08 -0.00402473 -1.04306e-06
9.35192e-08 -0.00402473 -1.04306e-06
8.87352e-08 -0.00402473 -1.03585e-06
9.35192e-08 -0.00402474 -1.03585e-06
8.87352e-08 -0.00402473 -1.02864e-06
9.35192e-08 -0.00402474 -1.02864e-06
8.87352e-08 -0.00402474 -1.02143e-06
9.35192e-08 -0.00402474 -1.02143e-06
8.87352e-08 -0.00402474 -1.01422e-06
9.35192e-08 -0.00402474 -1.01422e-06
8.87352e-08 -0.00402474 -1.00701e-06
9.35192e-08 -0.00402474 -1.00701e-06
8.87352e-08 -0.00402474 -9.99805e-07
9.35192e-08 -0.00402475 -9.99805e-07
8.87352e-08 -0.00402474 -9.92596e-07
9.35192e-08 -0.00402475 -9.92596e-07
8.87352e-08 -0.00402474 -9.85387e-07
9.35192e-08 -0.00402475 -9.85387e-07
8.87352e-08 -0.00402475 -9.78179e-07
9.35192e-08 -0.00402475 -9.78179e-07
8.87352e-08 -0.00402475 -9.7097e-07
9.35192e-08 -0.00402475 -9.7097e-07
8.87352e-08 -0.00402475 -9.63761e-07
9.35192e-08 -0.00402476 -9.63761e-07
8.87352e-08 -0.00402475 -9.56553e-07
9.35192e-08 -0.00402476 -9.56553e-07
8.87352e-08 -0.00402475 -9.49344e-07
9.35192e-08 -0.00402476 -9.49344e-07
8.87352e-08 -0.00402476 -9.42135e-07
9.35192e-08 -0.00402476 -9.42135e-07
8.87352e-08 -0.00402476 -9.34927e-07
9.35192e-08 -0.00402476 -9.34927e-07
8.87352e-08 -0.00402476 -9.27718e-07
9.35192e-08 -0.00402476 -9.27718e-07
8.87352e-08 -0.00402476 -9.20509e-07
9.35192e-08 -0.00402477 -9.20509e-07
8.87352e-08 -0.00402476 -9.13301e-07
9.35192e-08 -0.00402477 -9.13301e-07
8.87352e-08 -0.00402477 -9.06092e-07
9.35192e-08 -0.00402477 -9.06092e-07
8.87352e-08 -0.00402477 -8.98883e-07
9.35192e-08 -0.00402477 -8.98883e-07
8.87352e-08 -0.00402477 -8.91675e-07
9.35192e-08 -0.00402477 -8.91675e-07
8.87352e-08 -0.00402477 -8.84466e-07
9.35192e-08 -0.00402478 -8.84466e-07
8.87352e-08 -0.00402477 -8.77257e-07
9.35192e-08 -0.00402478 -8.77257e-07
8.87352e-08 -0.00402478 -8.70049e-07
9.35192e-08 -0.00402478 -8.70049e-07
8.87352e-08 -0.00402478 -8.6284e-07
9.35192e-08 -0.00402478 -8.6284e-07
8.87352e-08 -0.00402478 -8.55631e-07
9.35192e-08 -0.00402478 -8.55631e-07
8.87352e-08 -0.00402478 -8.48423e-07
9.35192e-08 -0.00402479 -8.48423e-07
8.87352e-08 -0.00402478 -8.41214e-07
9.35192e-08 -0.00402479 -8.41214e-07
8.87352e-08 -0.00402479 -8.34005e-07
9.35192e-08 -0.00402479 -8.34005e-07
8.87352e-08 -0.00402479 -8.26797e-07
9.35192e-08 -0.00402479 -8.26797e-07
8.87352e-08 -0.00402479 -8.19588e-07
9.35192e-08 -0.00402479 -8.19588e-07
8.87352e-08 -0.00402479 -8.12379e-07
9.35192e-08 -0.0040248 -8.12379e-07
8.87352e-08 -0.00402479 -8.05171e-07
9.35192e-08 -0.0040248 -8.05171e-07
8.87352e-08 -0.00402479 -7.97962e-07
9.35192e-08 -0.0040248 -7.97962e-07
8.87352e-08 -0.0040248 -7.90753e-07
9.35192e-08 -0.0040248 -7.90753e-07
8.87352e-08 -0.0040248 -7.83545e-07
9.35192e-08 -0.0040248 -7.83545e-07
8.87352e-08 -0.0040248 -7.76336e-07
9.35192e-08 -0.00402481 -7.76336e-07
8.87352e-08 -0.0040248 -7.69127e-07
9.35192e-08 -0.00402481 -7.69127e-07
8.87352e-08 -0.0040248 -7.61919e-07
9.35192e-08 -0.00402481 -7.61919e-07
8.87352e-08 -0.00402481 -7.5471e-07
9.35192e-08 -0.00402481 -7.5471e-07
8.87352e-08 -0.00402481 -7.47501e-07
9.35192e-08 -0.00402481 -7.47501e-07
8.87352e-08 -0.00402481 -7.40293e-07
9.35192e-08 -0.00402481 -7.40293e-07
8.87352e-08 -0.00402481 -7.33084e-07
9.35192e-08 -0.00402482 -7.33084e-07
8.87352e-08 -0.00402481 -7.25875e-07
9.35192e-08 -0.00402482 -7.25875e-07
8.87352e-08 -0.00402482 -7.18667e-07
9.35192e-08 -0.00402482 -7.18667e-07
8.87352e-08 -0.00402482 -7.11458e-07
9.35192e-08 -0.00402482 -7.11458e-07
8.87352e-08 -0.00402482 -7.04249e-07
9.35192e-08 -0.00402482 -7.04249e-07
8.87352e-08 -0.00402482 -6.97041e-07
9.35192e-08 -0.00402483 -6.97041e-07
8.87352e-08 -0.00402482 -6.89832e-07
9.35192e-08 -0.00402483 -6.89832e-07
8.87352e-08 -0.00402482 -6.82623e-07
9.35192e-08 -0.00402483 -6.82623e-07
8.87352e-08 -0.00402483 -6.75415e-07
9.35192e-08 -0.00402483 -6.75415e-07
8.87352e-08 -0.00402483 -6.68206e-07
9.35192e-08 -0.00402483 -6.68206e-07
8.87352e-08 -0.00402483 -6.60997e-07
9.35192e-08 -0.00402484 -6.60997e-07
8.87352e-08 -0.00402483 -6.53789e-07
9.35192e-08 -0.00402484 -6.53789e-07
8.87352e-08 -0.00402483 -6.4658e-07
9.35192e-08 -0.00402484 -6.4658e-07
8.87352e-08 -0.00402484 -6.39371e-07
9.35192e-08 -0.00402484 -6.39371e-07
8.87352e-08 -0.00402484 -6.32163e-07
9.35192e-08 -0.00402484 -6.32163e-07
8.87352e-08 -0.00402484 -6.24954e-07
9.35192e-08 -0.00402484 -6.24954e-07
8.87352e-08 -0.00402484 -6.17746e-07
9.35192e-08 -0.00402485 -6.17746e-07
8.87352e-08 -0.00402484 -6.10537e-07
9.35192e-08 -0.00402485 -6.10537e-07
8.87352e-08 -0.00402485 -6.03328e-07
9.35192e-08 -0.00402485 -6.03328e-07
8.87352e-08 -0.00402485 -5.96119e-07
9.35192e-08 -0.00402485 -5.96119e-07
8.87352e-08 -0.00402485 -5.88911e-07
9.35192e-08 -0.00402485 -5.88911e-07
8.87352e-08 -0.00402485 -5.81702e-07
9.35192e-08 -0.00402486 -5.81702e-07
1.07871e-07 -0.00402473 -1.10793e-06
1.12655e-07 -0.00402474 -1.10793e-06
1.07871e-07 -0.00402473 -1.10073e-06
1.12655e-07 -0.00402474 -1.10073e-06
1.07871e-07 -0.00402474 -1.09352e-06
1.12655e-07 -0.00402474 -1.09352e-06
1.07871e-07 -0.00402474 -1.08631e-06
1.12655e-07 -0.00402474 -1.08631e-06
1.07871e-07 -0.00402474 -1.0791e-06
1.12655e-07 -0.00402474 -1.0791e-06
1.07871e-07 -0.00402474 -1.07189e-06
1.12655e-07 -0.00402475 -1.07189e-06
1.07871e-07 -0.00402474 -1.06468e-06
1.12655e-07 -0.00402475 -1.06468e-06
1.07871e-07 -0.00402475 -1.05747e-06
1.12655e-07 -0.00402475 -1.05747e-06
1.07871e-07 -0.00402475 -1.05027e-06
1.12655e-07 -0.00402475 -1.05027e-06
1.07871e-07 -0.00402475 -1.04306e-06
1.12655e-07 -0.00402475 -1.04306e-06
1.07871e-07 -0.00402475 -1.03585e-06
1.12655e-07 -0.00402476 -1.03585e-06
1.07871e-07 -0.00402475 -1.02864e-06
1.12655e-07 -0.00402476 -1.02864e-06
1.07871e-07 -0.00402476 -1.02143e-06
1.12655e-07 -0.00402476 -1.02143e-06
1.07871e-07 -0.00402476 -1.01422e-06
1.12655e-07 -0.00402476 -1.01422e-06
1.07871e-07 -0.00402476 -1.00701e-06
1.12655e-07 -0.00402476 -1.00701e-06
1.07871e-07 -0.00402476 -9.99805e-07
1.12655e-07 -0.00402477 -9.99805e-07
1.07871e-07 -0.00402476 -9.92596e-07
1.12655e-07 -0.00402477 -9.92596e-07
1.07871e-07 -0.00402476 -9.85387e-07
1.12655e-07 -0.00402477 -9.85387e-07
1.07871e-07 -0.00402477 -9.78179e-07
1.12655e-07 -0.00402477 -9.78179e-07
1.07871e-07 -0.00402477 -9.7097e-07
1.12655e-07 -0.00402477 -9.7097e-07
1.07871e-07 -0.00402477 -9.63761e-07
1.12655e-07 -0.00402477 -9.63761e-07
1.07871e-07 -0.00402477 -9.56553e-07
1.12655e-07 -0.00402478 -9.56553e-07
1.07871e-07 -0.00402477 -9.49344e-07
1.12655e-07 -0.00402478 -9.49344e-07
1.07871e-07 -0.00402478 -9.42135e-07
1.12655e-07 -0.00402478 -9.42135e-07
1.07871e-07 -0.00402478 -9.34927e-07
1.12655e-07 -0.00402478 -9.34927e-07
1.07871e-07 -0.00402478 -9.27718e-07
1.12655e-07 -0.00402478 -9.27718e-07
1.07871e-07 -0.00402478 -9.20509e-07
1.12655e-07 -0.00402479 -9.20509e-07
1.07871e-07 -0.00402478 -9.13301e-07
1.12655e-07 -0.00402479 -9.13301e-07
1.07871e-07 -0.00402479 -9.06092e-07
1.12655e-07 -0.00402479 -9.06092e-07
1.07871e-07 -0.00402479 -8.98883e-07
1.12655e-07 -0.00402479 -8.98883e-07
1.07871e-07 -0.00402479 -8.91675e-07
1.12655e-07 -0.00402479 -8.91675e-07
1.07871e-07 -0.00402479 -8.84466e-07
1.12655e-07 -0.0040248 -8.84466e-07
1.07871e-07 -0.00402479 -8.77257e-07
1.12655e-07 -0.0040248 -8.77257e-07
1.07871e-07 -0.00402479 -8.70049e-07
1.12655e-07 -0.0040248 -8.70049e-07
1.07871e-07 -0.0040248 -8.6284e-07
1.12655e-07 -0.0040248 -8.6284e-07
1.07871e-07 -0.0040248 -8.55631e-07
1.12655e-07 -0.0040248 -8.55631e-07
1.07871e-07 -0.0040248 -8.48423e-07
1.12655e-07 -0.00402481 -8.48423e-07
1.07871e-07 -0.0040248 -8.41214e-07
1.12655e-07 -0.00402481 -8.41214e-07
1.07871e-07 -0.0040248 -8.34005e-07
1.12655e-07 -0.00402481 -8.34005e-07
1.07871e-07 -0.00402481 -8.26797e-07
1.12655e-07 -0.00402481 -8.26797e-07
1.07871e-07 -0.00402481 -8.19588e-07
1.12655e-07 -0.00402481 -8.19588e-07
1.07871e-07 -0.00402481 -8.12379e-07
1.12655e-07 -0.00402481 -8.12379e-07
1.07871e-07 -0.00402481 -8.05171e-07
1.12655e-07 -0.00402482 -8.05171e-07
1.07871e-07 -0.00402481 -7.97962e-07
1.12655e-07 -0.00402482 -7.97962e-07
1.07871e-07 -0.00402482 -7.90753e-07
1.12655e-07 -0.00402482 -7.90753e-07
1.07871e-07 -0.00402482 -7.83545e-07
1.12655e-07 -0.00402482 -7.83545e-07
1.07871e-07 -0.00402482 -7.76336e-07
1.12655e-07 -0.00402482 -7.76336e-07
1.07871e-07 -0.00402482 -7.69127e-07
1.12655e-07 -0.00402483 -7.69127e-07
1.07871e-07 -0.00402482 -7.61919e-07
1.12655e-07 -0.00402483 -7.61919e-07
1.07871e-07 -0.00402483 -7.5471e-07
1.12655e-07 -0.00402483 -7.5471e-07
1.07871e-07 -0.00402483 -7.47501e-07
1.12655e-07 -0.00402483 -7.47501e-07
1.07871e-07 -0.00402483 -7.40293e-07
1.12655e-07 -0.00402483 -7.40293e-07
1.07871e-07 -0.00402483 -7.33084e-07
1.12655e-07 -0.00402484 -7.33084e-07
1.07871e-07 -0.00402483 -7.25875e-07
1.12655e-07 -0.00402484 -7.25875e-07
1.07871e-07 -0.00402483 -7.18667e-07
1.12655e-07 -0.00402484 -7.18667e-07
1.07871e-07 -0.00402484 -7.11458e-07
1.12655e-07 -0.00402484 -7.11458e-07
1.07871e-07 -0.00402484 -7.04249e-07
1.12655e-07 -0.00402484 -7.04249e-07
1.07871e-07 -0.00402484 -6.97041e-07
1.12655e-07 -0.00402485 -6.97041e-07
1.07871e-07 -0.00402484 -6.89832e-07
1.12655e-07 -0.00402485 -6.89832e-07
1.07871e-07 -0.00402484 -6.82623e-07
1.12655e-07 -0.00402485 -6.82623e-07
1.07871e-07 -0.00402485 -6.75415e-07
1.12655e-07 -0.00402485 -6.75415e-07
1.07871e-07 -0.00402485 -6.68206e-07
1.12655e-07 -0.00402485 -6.68206e-07
1.07871e-07 -0.00402485 -6.60997e-07
1.12655e-07 -0.00402485 -6.60997e-07
1.07871e-07 -0.00402485 -6.53789e-07
1.12655e-07 -0.00402486 -6.53789e-07
1.07871e-07 -0.00402485 -6.4658e-07
1.12655e-07 -0.00402486 -6.4658e-07
1.07871e-07 -0.00402486 -6.39371e-07
1.12655e-07 -0.00402486 -6.39371e-07
1.07871e-07 -0.00402486 -6.32163e-07
1.12655e-07 -0.00402486 -6.32163e-07
1.07871e-07 -0.00402486 -6.24954e-07
1.12655e-07 -0.00402486 -6.24954e-07
1.07871e-07 -0.00402486 -6.17746e-07
1.12655e-07 -0.00402487 -6.17746e-07
1.07871e-07 -0.00402486 -6.10537e-07
1.12655e-07 -0.00402487 -6.10537e-07
1.07871e-07 -0.00402487 -6.03328e-07
1.12655e-07 -0.00402487 -6.03328e-07
1.07871e-07 -0.00402487 -5.96119e-07
1.12655e-07 -0.00402487 -5.96119e-07
1.07871e-07 -0.00402487 -5.88911e-07
1.12655e-07 -0.00402487 -5.88911e-07
1.07871e-07 -0.00402487 -5.81702e-07
1.12655e-07 -0.00402488 -5.81702e-07
