9.16974e-08 -0.00401161 -1.33647e-06
9.16974e-08 -0.00401174 -5.37342e-07
6.9903e-08 -0.00401161 -1.33647e-06
6.9903e-08 -0.00401174 -5.37342e-07
9.16974e-08 -0.00401161 -1.32553e-06
9.16974e-08 -0.00401161 -1.31458e-06
9.16974e-08 -0.00401162 -1.30363e-06
9.16974e-08 -0.00401162 -1.29268e-06
9.16974e-08 -0.00401162 -1.28174e-06
9.16974e-08 -0.00401162 -1.27079e-06
9.16974e-08 -0.00401162 -1.25984e-06
9.16974e-08 -0.00401162 -1.2489e-06
9.16974e-08 -0.00401163 -1.23795e-06
9.16974e-08 -0.00401163 -1.227e-06
9.16974e-08 -0.00401163 -1.21606e-06
9.16974e-08 -0.00401163 -1.20511e-06
9.16974e-08 -0.00401163 -1.19416e-06
9.16974e-08 -0.00401163 -1.18321e-06
9.16974e-08 -0.00401164 -1.17227e-06
9.16974e-08 -0.00401164 -1.16132e-06
9.16974e-08 -0.00401164 -1.15037e-06
9.16974e-08 -0.00401164 -1.13943e-06
9.16974e-08 -0.00401164 -1.12848e-06
9.16974e-08 -0.00401164 -1.11753e-06
9.16974e-08 -0.00401165 -1.10659e-06
9.16974e-08 -0.00401165 -1.09564e-06
9.16974e-08 -0.00401165 -1.08469e-06
9.16974e-08 -0.00401165 -1.07375e-06
9.16974e-08 -0.00401165 -1.0628e-06
9.16974e-08 -0.00401165 -1.05185e-06
9.16974e-08 -0.00401166 -1.0409e-06
9.16974e-08 -0.00401166 -1.02996e-06
9.16974e-08 -0.00401166 -1.01901e-06
9.16974e-08 -0.00401166 -1.00806e-06
9.16974e-08 -0.00401166 -9.97116e-07
9.16974e-08 -0.00401167 -9.86169e-07
9.16974e-08 -0.00401167 -9.75222e-07
9.16974e-08 -0.00401167 -9.64275e-07
9.16974e-08 -0.00401167 -9.53328e-07
9.16974e-08 -0.00401167 -9.42381e-07
9.16974e-08 -0.00401167 -9.31434e-07
9.16974e-08 -0.00401168 -9.20487e-07
9.16974e-08 -0.00401168 -9.0954e-07
9.16974e-08 -0.00401168 -8.98593e-07
9.16974e-08 -0.00401168 -8.87646e-07
9.16974e-08 -0.00401168 -8.76699e-07
9.16974e-08 -0.00401168 -8.65752e-07
9.16974e-08 -0.00401169 -8.54805e-07
9.16974e-08 -0.00401169 -8.43858e-07
9.16974e-08 -0.00401169 -8.32911e-07
9.16974e-08 -0.00401169 -8.21964e-07
9.16974e-08 -0.00401169 -8.11017e-07
9.16974e-08 -0.00401169 -8.0007e-07
9.16974e-08 -0.0040117 -7.89123e-07
9.16974e-08 -0.0040117 -7.78176e-07
9.16974e-08 -0.0040117 -7.67229e-07
9.16974e-08 -0.0040117 -7.56282e-07
9.16974e-08 -0.0040117 -7.45335e-07
9.16974e-08 -0.00401171 -7.34388e-07
9.16974e-08 -0.00401171 -7.23441e-07
9.16974e-08 -0.00401171 -7.12494e-07
9.16974e-08 -0.00401171 -7.01547e-07
9.16974e-08 -0.00401171 -6.906e-07
9.16974e-08 -0.00401171 -6.79653e-07
9.16974e-08 -0.00401172 -6.68706e-07
9.16974e-08 -0.00401172 -6.57759e-07
9.16974e-08 -0.00401172 -6.46812e-07
9.16974e-08 -0.00401172 -6.35865e-07
9.16974e-08 -0.00401172 -6.24918e-07
9.16974e-08 -0.00401172 -6.13971e-07
9.16974e-08 -0.00401173 -6.03024e-07
9.16974e-08 -0.00401173 -5.92077e-07
9.16974e-08 -0.00401173 -5.8113e-07
9.16974e-08 -0.00401173 -5.70183e-07
9.16974e-08 -0.00401173 -5.59236e-07
9.16974e-08 -0.00401173 -5.48289e-07
8.08002e-08 -0.00401174 -5.37342e-07
8.08002e-08 -0.00401161 -1.33647e-06
6.9903e-08 -0.00401173 -5.48289e-07
6.9903e-08 -0.00401173 -5.59236e-07
6.9903e-08 -0.00401173 -5.70183e-07
6.9903e-08 -0.00401173 -5.8113e-07
6.9903e-08 -0.00401173 -5.92077e-07
6.9903e-08 -0.00401173 -6.03024e-07
6.9903e-08 -0.00401172 -6.13971e-07
6.9903e-08 -0.00401172 -6.24918e-07
6.9903e-08 -0.00401172 -6.35865e-07
6.9903e-08 -0.00401172 -6.46812e-07
6.9903e-08 -0.00401172 -6.57759e-07
6.9903e-08 -0.00401172 -6.68706e-07
6.9903e-08 -0.00401171 -6.79653e-07
6.9903e-08 -0.00401171 -6.906e-07
6.9903e-08 -0.00401171 -7.01547e-07
6.9903e-08 -0.00401171 -7.12494e-07
6.9903e-08 -0.00401171 -7.23441e-07
6.9903e-08 -0.00401171 -7.34388e-07
6.9903e-08 -0.0040117 -7.45335e-07
6.9903e-08 -0.0040117 -7.56282e-07
6.9903e-08 -0.0040117 -7.67229e-07
6.9903e-08 -0.0040117 -7.78176e-07
6.9903e-08 -0.0040117 -7.89123e-07
6.9903e-08 -0.0040117 -8.0007e-07
6.9903e-08 -0.00401169 -8.11017e-07
6.9903e-08 -0.00401169 -8.21964e-07
6.9903e-08 -0.00401169 -8.32911e-07
6.9903e-08 -0.00401169 -8.43858e-07
6.9903e-08 -0.00401169 -8.54805e-07
6.9903e-08 -0.00401168 -8.65752e-07
6.9903e-08 -0.00401168 -8.76699e-07
6.9903e-08 -0.00401168 -8.87646e-07
6.9903e-08 -0.00401168 -8.98593e-07
6.9903e-08 -0.00401168 -9.0954e-07
6.9903e-08 -0.00401168 -9.20487e-07
6.9903e-08 -0.00401167 -9.31434e-07
6.9903e-08 -0.00401167 -9.42381e-07
6.9903e-08 -0.00401167 -9.53328e-07
6.9903e-08 -0.00401167 -9.64275e-07
6.9903e-08 -0.00401167 -9.75222e-07
6.9903e-08 -0.00401167 -9.86169e-07
6.9903e-08 -0.00401166 -9.97116e-07
6.9903e-08 -0.00401166 -1.00806e-06
6.9903e-08 -0.00401166 -1.01901e-06
6.9903e-08 -0.00401166 -1.02996e-06
6.9903e-08 -0.00401166 -1.0409e-06
6.9903e-08 -0.00401166 -1.05185e-06
6.9903e-08 -0.00401165 -1.0628e-06
6.9903e-08 -0.00401165 -1.07375e-06
6.9903e-08 -0.00401165 -1.08469e-06
6.9903e-08 -0.00401165 -1.09564e-06
6.9903e-08 -0.00401165 -1.10659e-06
6.9903e-08 -0.00401164 -1.11753e-06
6.9903e-08 -0.00401164 -1.12848e-06
6.9903e-08 -0.00401164 -1.13943e-06
6.9903e-08 -0.00401164 -1.15037e-06
6.9903e-08 -0.00401164 -1.16132e-06
6.9903e-08 -0.00401164 -1.17227e-06
6.9903e-08 -0.00401163 -1.18321e-06
6.9903e-08 -0.00401163 -1.19416e-06
6.9903e-08 -0.00401163 -1.20511e-06
6.9903e-08 -0.00401163 -1.21606e-06
6.9903e-08 -0.00401163 -1.227e-06
6.9903e-08 -0.00401163 -1.23795e-06
6.9903e-08 -0.00401162 -1.2489e-06
6.9903e-08 -0.00401162 -1.25984e-06
6.9903e-08 -0.00401162 -1.27079e-06
6.9903e-08 -0.00401162 -1.28174e-06
6.9903e-08 -0.00401162 -1.29268e-06
6.9903e-08 -0.00401162 -1.30363e-06
6.9903e-08 -0.00401161 -1.31458e-06
6.9903e-08 -0.00401161 -1.32553e-06
8.08002e-08 -0.00401173 -5.48289e-07
8.08002e-08 -0.00401173 -5.59236e-07
8.08002e-08 -0.00401173 -5.70183e-07
8.08002e-08 -0.00401173 -5.8113e-07
8.08002e-08 -0.00401173 -5.92077e-07
8.08002e-08 -0.00401173 -6.03024e-07
8.08002e-08 -0.00401172 -6.13971e-07
8.08002e-08 -0.00401172 -6.24918e-07
8.08002e-08 -0.00401172 -6.35865e-07
8.08002e-08 -0.00401172 -6.46812e-07
8.08002e-08 -0.00401172 -6.57759e-07
8.08002e-08 -0.00401172 -6.68706e-07
8.08002e-08 -0.00401171 -6.79653e-07
8.08002e-08 -0.00401171 -6.906e-07
8.08002e-08 -0.00401171 -7.01547e-07
8.08002e-08 -0.00401171 -7.12494e-07
8.08002e-08 -0.00401171 -7.23441e-07
8.08002e-08 -0.00401171 -7.34388e-07
8.08002e-08 -0.0040117 -7.45335e-07
8.08002e-08 -0.0040117 -7.56282e-07
8.08002e-08 -0.0040117 -7.67229e-07
8.08002e-08 -0.0040117 -7.78176e-07
8.08002e-08 -0.0040117 -7.89123e-07
8.08002e-08 -0.00401169 -8.0007e-07
8.08002e-08 -0.00401169 -8.11017e-07
8.08002e-08 -0.00401169 -8.21964e-07
8.08002e-08 -0.00401169 -8.32911e-07
8.08002e-08 -0.00401169 -8.43858e-07
8.08002e-08 -0.00401169 -8.54805e-07
8.08002e-08 -0.00401168 -8.65752e-07
8.08002e-08 -0.00401168 -8.76699e-07
8.08002e-08 -0.00401168 -8.87646e-07
8.08002e-08 -0.00401168 -8.98593e-07
8.08002e-08 -0.00401168 -9.0954e-07
8.08002e-08 -0.00401168 -9.20487e-07
8.08002e-08 -0.00401167 -9.31434e-07
8.08002e-08 -0.00401167 -9.42381e-07
8.08002e-08 -0.00401167 -9.53328e-07
8.08002e-08 -0.00401167 -9.64275e-07
8.08002e-08 -0.00401167 -9.75222e-07
8.08002e-08 -0.00401167 -9.86169e-07
8.08002e-08 -0.00401166 -9.97116e-07
8.08002e-08 -0.00401166 -1.00806e-06
8.08002e-08 -0.00401166 -1.01901e-06
8.08002e-08 -0.00401166 -1.02996e-06
8.08002e-08 -0.00401166 -1.0409e-06
8.08002e-08 -0.00401166 -1.05185e-06
8.08002e-08 -0.00401165 -1.0628e-06
8.08002e-08 -0.00401165 -1.07375e-06
8.08002e-08 -0.00401165 -1.08469e-06
8.08002e-08 -0.00401165 -1.09564e-06
8.08002e-08 -0.00401165 -1.10659e-06
8.08002e-08 -0.00401164 -1.11753e-06
8.08002e-08 -0.00401164 -1.12848e-06
8.08002e-08 -0.00401164 -1.13943e-06
8.08002e-08 -0.00401164 -1.15037e-06
8.08002e-08 -0.00401164 -1.16132e-06
8.08002e-08 -0.00401164 -1.17227e-06
8.08002e-08 -0.00401163 -1.18321e-06
8.08002e-08 -0.00401163 -1.19416e-06
8.08002e-08 -0.00401163 -1.20511e-06
8.08002e-08 -0.00401163 -1.21606e-06
8.08002e-08 -0.00401163 -1.227e-06
8.08002e-08 -0.00401163 -1.23795e-06
8.08002e-08 -0.00401162 -1.2489e-06
8.08002e-08 -0.00401162 -1.25984e-06
8.08002e-08 -0.00401162 -1.27079e-06
8.08002e-08 -0.00401162 -1.28174e-06
8.08002e-08 -0.00401162 -1.29268e-06
8.08002e-08 -0.00401162 -1.30363e-06
8.08002e-08 -0.00401161 -1.31458e-06
8.08002e-08 -0.00401161 -1.32553e-06
6.26381e-08 -0.00401161 -1.33647e-06
6.9903e-08 -0.00401161 -1.33647e-06
6.26381e-08 -0.00401161 -1.32553e-06
6.9903e-08 -0.00401161 -1.32553e-06
6.26381e-08 -0.00401161 -1.31458e-06
6.9903e-08 -0.00401161 -1.31458e-06
6.26381e-08 -0.00401162 -1.30363e-06
6.9903e-08 -0.00401162 -1.30363e-06
6.26381e-08 -0.00401162 -1.29268e-06
6.9903e-08 -0.00401162 -1.29268e-06
6.26381e-08 -0.00401162 -1.28174e-06
6.9903e-08 -0.00401162 -1.28174e-06
6.26381e-08 -0.00401162 -1.27079e-06
6.9903e-08 -0.00401162 -1.27079e-06
6.26381e-08 -0.00401162 -1.25984e-06
6.9903e-08 -0.00401162 -1.25984e-06
6.26381e-08 -0.00401162 -1.2489e-06
6.9903e-08 -0.00401162 -1.2489e-06
6.26381e-08 -0.00401163 -1.23795e-06
6.9903e-08 -0.00401163 -1.23795e-06
6.26381e-08 -0.00401163 -1.227e-06
6.9903e-08 -0.00401163 -1.227e-06
6.26381e-08 -0.00401163 -1.21606e-06
6.9903e-08 -0.00401163 -1.21606e-06
6.26381e-08 -0.00401163 -1.20511e-06
6.9903e-08 -0.00401163 -1.20511e-06
6.26381e-08 -0.00401163 -1.19416e-06
6.9903e-08 -0.00401163 -1.19416e-06
6.26381e-08 -0.00401163 -1.18321e-06
6.9903e-08 -0.00401163 -1.18321e-06
6.26381e-08 -0.00401164 -1.17227e-06
6.9903e-08 -0.00401164 -1.17227e-06
6.26381e-08 -0.00401164 -1.16132e-06
6.9903e-08 -0.00401164 -1.16132e-06
6.26381e-08 -0.00401164 -1.15037e-06
6.9903e-08 -0.00401164 -1.15037e-06
6.26381e-08 -0.00401164 -1.13943e-06
6.9903e-08 -0.00401164 -1.13943e-06
6.26381e-08 -0.00401164 -1.12848e-06
6.9903e-08 -0.00401164 -1.12848e-06
6.26381e-08 -0.00401164 -1.11753e-06
6.9903e-08 -0.00401164 -1.11753e-06
6.26381e-08 -0.00401165 -1.10659e-06
6.9903e-08 -0.00401165 -1.10659e-06
6.26381e-08 -0.00401165 -1.09564e-06
6.9903e-08 -0.00401165 -1.09564e-06
6.26381e-08 -0.00401165 -1.08469e-06
6.9903e-08 -0.00401165 -1.08469e-06
6.26381e-08 -0.00401165 -1.07375e-06
6.9903e-08 -0.00401165 -1.07375e-06
6.26381e-08 -0.00401165 -1.0628e-06
6.9903e-08 -0.00401165 -1.0628e-06
6.26381e-08 -0.00401166 -1.05185e-06
6.9903e-08 -0.00401166 -1.05185e-06
6.26381e-08 -0.00401166 -1.0409e-06
6.9903e-08 -0.00401166 -1.0409e-06
6.26381e-08 -0.00401166 -1.02996e-06
6.9903e-08 -0.00401166 -1.02996e-06
6.26381e-08 -0.00401166 -1.01901e-06
6.9903e-08 -0.00401166 -1.01901e-06
6.26381e-08 -0.00401166 -1.00806e-06
6.9903e-08 -0.00401166 -1.00806e-06
6.26381e-08 -0.00401166 -9.97116e-07
6.9903e-08 -0.00401166 -9.97116e-07
6.26381e-08 -0.00401167 -9.86169e-07
6.9903e-08 -0.00401167 -9.86169e-07
6.26381e-08 -0.00401167 -9.75222e-07
6.9903e-08 -0.00401167 -9.75222e-07
6.26381e-08 -0.00401167 -9.64275e-07
6.9903e-08 -0.00401167 -9.64275e-07
6.26381e-08 -0.00401167 -9.53328e-07
6.9903e-08 -0.00401167 -9.53328e-07
6.26381e-08 -0.00401167 -9.42381e-07
6.9903e-08 -0.00401167 -9.42381e-07
6.26381e-08 -0.00401167 -9.31434e-07
6.9903e-08 -0.00401167 -9.31434e-07
6.26381e-08 -0.00401168 -9.20487e-07
6.9903e-08 -0.00401168 -9.20487e-07
6.26381e-08 -0.00401168 -9.0954e-07
6.9903e-08 -0.00401168 -9.0954e-07
6.26381e-08 -0.00401168 -8.98593e-07
6.9903e-08 -0.00401168 -8.98593e-07
6.26381e-08 -0.00401168 -8.87646e-07
6.9903e-08 -0.00401168 -8.87646e-07
6.26381e-08 -0.00401168 -8.76699e-07
6.9903e-08 -0.00401168 -8.76699e-07
6.26381e-08 -0.00401169 -8.65752e-07
6.9903e-08 -0.00401168 -8.65752e-07
6.26381e-08 -0.00401169 -8.54805e-07
6.9903e-08 -0.00401169 -8.54805e-07
6.26381e-08 -0.00401169 -8.43858e-07
6.9903e-08 -0.00401169 -8.43858e-07
6.26381e-08 -0.00401169 -8.32911e-07
6.9903e-08 -0.00401169 -8.32911e-07
6.26381e-08 -0.00401169 -8.21964e-07
6.9903e-08 -0.00401169 -8.21964e-07
6.26381e-08 -0.00401169 -8.11017e-07
6.9903e-08 -0.00401169 -8.11017e-07
6.26381e-08 -0.0040117 -8.0007e-07
6.9903e-08 -0.0040117 -8.0007e-07
6.26381e-08 -0.0040117 -7.89123e-07
6.9903e-08 -0.0040117 -7.89123e-07
6.26381e-08 -0.0040117 -7.78176e-07
6.9903e-08 -0.0040117 -7.78176e-07
6.26381e-08 -0.0040117 -7.67229e-07
6.9903e-08 -0.0040117 -7.67229e-07
6.26381e-08 -0.0040117 -7.56282e-07
6.9903e-08 -0.0040117 -7.56282e-07
6.26381e-08 -0.0040117 -7.45335e-07
6.9903e-08 -0.0040117 -7.45335e-07
6.26381e-08 -0.00401171 -7.34388e-07
6.9903e-08 -0.00401171 -7.34388e-07
6.26381e-08 -0.00401171 -7.23441e-07
6.9903e-08 -0.00401171 -7.23441e-07
6.26381e-08 -0.00401171 -7.12494e-07
6.9903e-08 -0.00401171 -7.12494e-07
6.26381e-08 -0.00401171 -7.01547e-07
6.9903e-08 -0.00401171 -7.01547e-07
6.26381e-08 -0.00401171 -6.906e-07
6.9903e-08 -0.00401171 -6.906e-07
6.26381e-08 -0.00401171 -6.79653e-07
6.9903e-08 -0.00401171 -6.79653e-07
6.26381e-08 -0.00401172 -6.68706e-07
6.9903e-08 -0.00401172 -6.68706e-07
6.26381e-08 -0.00401172 -6.57759e-07
6.9903e-08 -0.00401172 -6.57759e-07
6.26381e-08 -0.00401172 -6.46812e-07
6.9903e-08 -0.00401172 -6.46812e-07
6.26381e-08 -0.00401172 -6.35865e-07
6.9903e-08 -0.00401172 -6.35865e-07
6.26381e-08 -0.00401172 -6.24918e-07
6.9903e-08 -0.00401172 -6.24918e-07
6.26381e-08 -0.00401172 -6.13971e-07
6.9903e-08 -0.00401172 -6.13971e-07
6.26381e-08 -0.00401173 -6.03024e-07
6.9903e-08 -0.00401173 -6.03024e-07
6.26381e-08 -0.00401173 -5.92077e-07
6.9903e-08 -0.00401173 -5.92077e-07
6.26381e-08 -0.00401173 -5.8113e-07
6.9903e-08 -0.00401173 -5.8113e-07
6.26381e-08 -0.00401173 -5.70183e-07
6.9903e-08 -0.00401173 -5.70183e-07
6.26381e-08 -0.00401173 -5.59236e-07
6.9903e-08 -0.00401173 -5.59236e-07
6.26381e-08 -0.00401173 -5.48289e-07
6.9903e-08 -0.00401173 -5.48289e-07
6.26381e-08 -0.00401174 -5.37342e-07
6.9903e-08 -0.00401174 -5.37342e-07
9.16974e-08 -0.00401161 -1.33647e-06
9.89622e-08 -0.00401161 -1.33647e-06
9.16974e-08 -0.00401161 -1.32553e-06
9.89622e-08 -0.00401161 -1.32553e-06
9.16974e-08 -0.00401161 -1.31458e-06
9.89622e-08 -0.00401161 -1.31458e-06
9.16974e-08 -0.00401162 -1.30363e-06
9.89622e-08 -0.00401161 -1.30363e-06
9.16974e-08 -0.00401162 -1.29268e-06
9.89622e-08 -0.00401162 -1.29268e-06
9.16974e-08 -0.00401162 -1.28174e-06
9.89622e-08 -0.00401162 -1.28174e-06
9.16974e-08 -0.00401162 -1.27079e-06
9.89622e-08 -0.00401162 -1.27079e-06
9.16974e-08 -0.00401162 -1.25984e-06
9.89622e-08 -0.00401162 -1.25984e-06
9.16974e-08 -0.00401162 -1.2489e-06
9.89622e-08 -0.00401162 -1.2489e-06
9.16974e-08 -0.00401163 -1.23795e-06
9.89622e-08 -0.00401163 -1.23795e-06
9.16974e-08 -0.00401163 -1.227e-06
9.89622e-08 -0.00401163 -1.227e-06
9.16974e-08 -0.00401163 -1.21606e-06
9.89622e-08 -0.00401163 -1.21606e-06
9.16974e-08 -0.00401163 -1.20511e-06
9.89622e-08 -0.00401163 -1.20511e-06
9.16974e-08 -0.00401163 -1.19416e-06
9.89622e-08 -0.00401163 -1.19416e-06
9.16974e-08 -0.00401163 -1.18321e-06
9.89622e-08 -0.00401163 -1.18321e-06
9.16974e-08 -0.00401164 -1.17227e-06
9.89622e-08 -0.00401164 -1.17227e-06
9.16974e-08 -0.00401164 -1.16132e-06
9.89622e-08 -0.00401164 -1.16132e-06
9.16974e-08 -0.00401164 -1.15037e-06
9.89622e-08 -0.00401164 -1.15037e-06
9.16974e-08 -0.00401164 -1.13943e-06
9.89622e-08 -0.00401164 -1.13943e-06
9.16974e-08 -0.00401164 -1.12848e-06
9.89622e-08 -0.00401164 -1.12848e-06
9.16974e-08 -0.00401164 -1.11753e-06
9.89622e-08 -0.00401164 -1.11753e-06
9.16974e-08 -0.00401165 -1.10659e-06
9.89622e-08 -0.00401165 -1.10659e-06
9.16974e-08 -0.00401165 -1.09564e-06
9.89622e-08 -0.00401165 -1.09564e-06
9.16974e-08 -0.00401165 -1.08469e-06
9.89622e-08 -0.00401165 -1.08469e-06
9.16974e-08 -0.00401165 -1.07375e-06
9.89622e-08 -0.00401165 -1.07375e-06
9.16974e-08 -0.00401165 -1.0628e-06
9.89622e-08 -0.00401165 -1.0628e-06
9.16974e-08 -0.00401165 -1.05185e-06
9.89622e-08 -0.00401165 -1.05185e-06
9.16974e-08 -0.00401166 -1.0409e-06
9.89622e-08 -0.00401166 -1.0409e-06
9.16974e-08 -0.00401166 -1.02996e-06
9.89622e-08 -0.00401166 -1.02996e-06
9.16974e-08 -0.00401166 -1.01901e-06
9.89622e-08 -0.00401166 -1.01901e-06
9.16974e-08 -0.00401166 -1.00806e-06
9.89622e-08 -0.00401166 -1.00806e-06
9.16974e-08 -0.00401166 -9.97116e-07
9.89622e-08 -0.00401166 -9.97116e-07
9.16974e-08 -0.00401167 -9.86169e-07
9.89622e-08 -0.00401167 -9.86169e-07
9.16974e-08 -0.00401167 -9.75222e-07
9.89622e-08 -0.00401167 -9.75222e-07
9.16974e-08 -0.00401167 -9.64275e-07
9.89622e-08 -0.00401167 -9.64275e-07
9.16974e-08 -0.00401167 -9.53328e-07
9.89622e-08 -0.00401167 -9.53328e-07
9.16974e-08 -0.00401167 -9.42381e-07
9.89622e-08 -0.00401167 -9.42381e-07
9.16974e-08 -0.00401167 -9.31434e-07
9.89622e-08 -0.00401167 -9.31434e-07
9.16974e-08 -0.00401168 -9.20487e-07
9.89622e-08 -0.00401168 -9.20487e-07
9.16974e-08 -0.00401168 -9.0954e-07
9.89622e-08 -0.00401168 -9.0954e-07
9.16974e-08 -0.00401168 -8.98593e-07
9.89622e-08 -0.00401168 -8.98593e-07
9.16974e-08 -0.00401168 -8.87646e-07
9.89622e-08 -0.00401168 -8.87646e-07
9.16974e-08 -0.00401168 -8.76699e-07
9.89622e-08 -0.00401168 -8.76699e-07
9.16974e-08 -0.00401168 -8.65752e-07
9.89622e-08 -0.00401168 -8.65752e-07
9.16974e-08 -0.00401169 -8.54805e-07
9.89622e-08 -0.00401169 -8.54805e-07
9.16974e-08 -0.00401169 -8.43858e-07
9.89622e-08 -0.00401169 -8.43858e-07
9.16974e-08 -0.00401169 -8.32911e-07
9.89622e-08 -0.00401169 -8.32911e-07
9.16974e-08 -0.00401169 -8.21964e-07
9.89622e-08 -0.00401169 -8.21964e-07
9.16974e-08 -0.00401169 -8.11017e-07
9.89622e-08 -0.00401169 -8.11017e-07
9.16974e-08 -0.00401169 -8.0007e-07
9.89622e-08 -0.00401169 -8.0007e-07
9.16974e-08 -0.0040117 -7.89123e-07
9.89622e-08 -0.0040117 -7.89123e-07
9.16974e-08 -0.0040117 -7.78176e-07
9.89622e-08 -0.0040117 -7.78176e-07
9.16974e-08 -0.0040117 -7.67229e-07
9.89622e-08 -0.0040117 -7.67229e-07
9.16974e-08 -0.0040117 -7.56282e-07
9.89622e-08 -0.0040117 -7.56282e-07
9.16974e-08 -0.0040117 -7.45335e-07
9.89622e-08 -0.0040117 -7.45335e-07
9.16974e-08 -0.00401171 -7.34388e-07
9.89622e-08 -0.00401171 -7.34388e-07
9.16974e-08 -0.00401171 -7.23441e-07
9.89622e-08 -0.00401171 -7.23441e-07
9.16974e-08 -0.00401171 -7.12494e-07
9.89622e-08 -0.00401171 -7.12494e-07
9.16974e-08 -0.00401171 -7.01547e-07
9.89622e-08 -0.00401171 -7.01547e-07
9.16974e-08 -0.00401171 -6.906e-07
9.89622e-08 -0.00401171 -6.906e-07
9.16974e-08 -0.00401171 -6.79653e-07
9.89622e-08 -0.00401171 -6.79653e-07
9.16974e-08 -0.00401172 -6.68706e-07
9.89622e-08 -0.00401172 -6.68706e-07
9.16974e-08 -0.00401172 -6.57759e-07
9.89622e-08 -0.00401172 -6.57759e-07
9.16974e-08 -0.00401172 -6.46812e-07
9.89622e-08 -0.00401172 -6.46812e-07
9.16974e-08 -0.00401172 -6.35865e-07
9.89622e-08 -0.00401172 -6.35865e-07
9.16974e-08 -0.00401172 -6.24918e-07
9.89622e-08 -0.00401172 -6.24918e-07
9.16974e-08 -0.00401172 -6.13971e-07
9.89622e-08 -0.00401172 -6.13971e-07
9.16974e-08 -0.00401173 -6.03024e-07
9.89622e-08 -0.00401173 -6.03024e-07
9.16974e-08 -0.00401173 -5.92077e-07
9.89622e-08 -0.00401173 -5.92077e-07
9.16974e-08 -0.00401173 -5.8113e-07
9.89622e-08 -0.00401173 -5.8113e-07
9.16974e-08 -0.00401173 -5.70183e-07
9.89622e-08 -0.00401173 -5.70183e-07
9.16974e-08 -0.00401173 -5.59236e-07
9.89622e-08 -0.00401173 -5.59236e-07
9.16974e-08 -0.00401173 -5.48289e-07
9.89622e-08 -0.00401173 -5.48289e-07
9.16974e-08 -0.00401174 -5.37342e-07
9.89622e-08 -0.00401174 -5.37342e-07
