-1.58891e-07 -0.00400289 -8.77895e-06
-1.58891e-07 -0.0040026 -6.74284e-06
-2.14421e-07 -0.00400266 -8.77895e-06
-2.14421e-07 -0.00400238 -6.74284e-06
-1.58891e-07 -0.00400289 -8.75106e-06
-1.58891e-07 -0.00400288 -8.72317e-06
-1.58891e-07 -0.00400288 -8.69528e-06
-1.58891e-07 -0.00400288 -8.66739e-06
-1.58891e-07 -0.00400287 -8.63949e-06
-1.58891e-07 -0.00400287 -8.6116e-06
-1.58891e-07 -0.00400286 -8.58371e-06
-1.58891e-07 -0.00400286 -8.55582e-06
-1.58891e-07 -0.00400286 -8.52793e-06
-1.58891e-07 -0.00400285 -8.50003e-06
-1.58891e-07 -0.00400285 -8.47214e-06
-1.58891e-07 -0.00400284 -8.44425e-06
-1.58891e-07 -0.00400284 -8.41636e-06
-1.58891e-07 -0.00400284 -8.38847e-06
-1.58891e-07 -0.00400283 -8.36057e-06
-1.58891e-07 -0.00400283 -8.33268e-06
-1.58891e-07 -0.00400282 -8.30479e-06
-1.58891e-07 -0.00400282 -8.2769e-06
-1.58891e-07 -0.00400282 -8.24901e-06
-1.58891e-07 -0.00400281 -8.22111e-06
-1.58891e-07 -0.00400281 -8.19322e-06
-1.58891e-07 -0.0040028 -8.16533e-06
-1.58891e-07 -0.0040028 -8.13744e-06
-1.58891e-07 -0.0040028 -8.10955e-06
-1.58891e-07 -0.00400279 -8.08166e-06
-1.58891e-07 -0.00400279 -8.05376e-06
-1.58891e-07 -0.00400278 -8.02587e-06
-1.58891e-07 -0.00400278 -7.99798e-06
-1.58891e-07 -0.00400278 -7.97009e-06
-1.58891e-07 -0.00400277 -7.9422e-06
-1.58891e-07 -0.00400277 -7.9143e-06
-1.58891e-07 -0.00400276 -7.88641e-06
-1.58891e-07 -0.00400276 -7.85852e-06
-1.58891e-07 -0.00400276 -7.83063e-06
-1.58891e-07 -0.00400275 -7.80274e-06
-1.58891e-07 -0.00400275 -7.77484e-06
-1.58891e-07 -0.00400274 -7.74695e-06
-1.58891e-07 -0.00400274 -7.71906e-06
-1.58891e-07 -0.00400274 -7.69117e-06
-1.58891e-07 -0.00400273 -7.66328e-06
-1.58891e-07 -0.00400273 -7.63538e-06
-1.58891e-07 -0.00400272 -7.60749e-06
-1.58891e-07 -0.00400272 -7.5796e-06
-1.58891e-07 -0.00400272 -7.55171e-06
-1.58891e-07 -0.00400271 -7.52382e-06
-1.58891e-07 -0.00400271 -7.49592e-06
-1.58891e-07 -0.00400271 -7.46803e-06
-1.58891e-07 -0.0040027 -7.44014e-06
-1.58891e-07 -0.0040027 -7.41225e-06
-1.58891e-07 -0.00400269 -7.38436e-06
-1.58891e-07 -0.00400269 -7.35646e-06
-1.58891e-07 -0.00400269 -7.32857e-06
-1.58891e-07 -0.00400268 -7.30068e-06
-1.58891e-07 -0.00400268 -7.27279e-06
-1.58891e-07 -0.00400267 -7.2449e-06
-1.58891e-07 -0.00400267 -7.217e-06
-1.58891e-07 -0.00400267 -7.18911e-06
-1.58891e-07 -0.00400266 -7.16122e-06
-1.58891e-07 -0.00400266 -7.13333e-06
-1.58891e-07 -0.00400265 -7.10544e-06
-1.58891e-07 -0.00400265 -7.07754e-06
-1.58891e-07 -0.00400265 -7.04965e-06
-1.58891e-07 -0.00400264 -7.02176e-06
-1.58891e-07 -0.00400264 -6.99387e-06
-1.58891e-07 -0.00400263 -6.96598e-06
-1.58891e-07 -0.00400263 -6.93808e-06
-1.58891e-07 -0.00400263 -6.91019e-06
-1.58891e-07 -0.00400262 -6.8823e-06
-1.58891e-07 -0.00400262 -6.85441e-06
-1.58891e-07 -0.00400261 -6.82652e-06
-1.58891e-07 -0.00400261 -6.79862e-06
-1.58891e-07 -0.00400261 -6.77073e-06
-1.86656e-07 -0.00400249 -6.74284e-06
-1.86656e-07 -0.00400278 -8.77895e-06
-2.14421e-07 -0.00400238 -6.77073e-06
-2.14421e-07 -0.00400238 -6.79862e-06
-2.14421e-07 -0.00400239 -6.82652e-06
-2.14421e-07 -0.00400239 -6.85441e-06
-2.14421e-07 -0.00400239 -6.8823e-06
-2.14421e-07 -0.0040024 -6.91019e-06
-2.14421e-07 -0.0040024 -6.93808e-06
-2.14421e-07 -0.00400241 -6.96598e-06
-2.14421e-07 -0.00400241 -6.99387e-06
-2.14421e-07 -0.00400241 -7.02176e-06
-2.14421e-07 -0.00400242 -7.04965e-06
-2.14421e-07 -0.00400242 -7.07754e-06
-2.14421e-07 -0.00400243 -7.10544e-06
-2.14421e-07 -0.00400243 -7.13333e-06
-2.14421e-07 -0.00400243 -7.16122e-06
-2.14421e-07 -0.00400244 -7.18911e-06
-2.14421e-07 -0.00400244 -7.217e-06
-2.14421e-07 -0.00400245 -7.2449e-06
-2.14421e-07 -0.00400245 -7.27279e-06
-2.14421e-07 -0.00400245 -7.30068e-06
-2.14421e-07 -0.00400246 -7.32857e-06
-2.14421e-07 -0.00400246 -7.35646e-06
-2.14421e-07 -0.00400247 -7.38436e-06
-2.14421e-07 -0.00400247 -7.41225e-06
-2.14421e-07 -0.00400247 -7.44014e-06
-2.14421e-07 -0.00400248 -7.46803e-06
-2.14421e-07 -0.00400248 -7.49592e-06
-2.14421e-07 -0.00400249 -7.52382e-06
-2.14421e-07 -0.00400249 -7.55171e-06
-2.14421e-07 -0.00400249 -7.5796e-06
-2.14421e-07 -0.0040025 -7.60749e-06
-2.14421e-07 -0.0040025 -7.63538e-06
-2.14421e-07 -0.00400251 -7.66328e-06
-2.14421e-07 -0.00400251 -7.69117e-06
-2.14421e-07 -0.00400251 -7.71906e-06
-2.14421e-07 -0.00400252 -7.74695e-06
-2.14421e-07 -0.00400252 -7.77484e-06
-2.14421e-07 -0.00400253 -7.80274e-06
-2.14421e-07 -0.00400253 -7.83063e-06
-2.14421e-07 -0.00400253 -7.85852e-06
-2.14421e-07 -0.00400254 -7.88641e-06
-2.14421e-07 -0.00400254 -7.9143e-06
-2.14421e-07 -0.00400255 -7.9422e-06
-2.14421e-07 -0.00400255 -7.97009e-06
-2.14421e-07 -0.00400255 -7.99798e-06
-2.14421e-07 -0.00400256 -8.02587e-06
-2.14421e-07 -0.00400256 -8.05376e-06
-2.14421e-07 -0.00400257 -8.08166e-06
-2.14421e-07 -0.00400257 -8.10955e-06
-2.14421e-07 -0.00400257 -8.13744e-06
-2.14421e-07 -0.00400258 -8.16533e-06
-2.14421e-07 -0.00400258 -8.19322e-06
-2.14421e-07 -0.00400259 -8.22111e-06
-2.14421e-07 -0.00400259 -8.24901e-06
-2.14421e-07 -0.00400259 -8.2769e-06
-2.14421e-07 -0.0040026 -8.30479e-06
-2.14421e-07 -0.0040026 -8.33268e-06
-2.14421e-07 -0.00400261 -8.36057e-06
-2.14421e-07 -0.00400261 -8.38847e-06
-2.14421e-07 -0.00400261 -8.41636e-06
-2.14421e-07 -0.00400262 -8.44425e-06
-2.14421e-07 -0.00400262 -8.47214e-06
-2.14421e-07 -0.00400263 -8.50003e-06
-2.14421e-07 -0.00400263 -8.52793e-06
-2.14421e-07 -0.00400263 -8.55582e-06
-2.14421e-07 -0.00400264 -8.58371e-06
-2.14421e-07 -0.00400264 -8.6116e-06
-2.14421e-07 -0.00400264 -8.63949e-06
-2.14421e-07 -0.00400265 -8.66739e-06
-2.14421e-07 -0.00400265 -8.69528e-06
-2.14421e-07 -0.00400266 -8.72317e-06
-2.14421e-07 -0.00400266 -8.75106e-06
-1.86656e-07 -0.00400249 -6.77073e-06
-1.86656e-07 -0.0040025 -6.79862e-06
-1.86656e-07 -0.0040025 -6.82652e-06
-1.86656e-07 -0.0040025 -6.85441e-06
-1.86656e-07 -0.00400251 -6.8823e-06
-1.86656e-07 -0.00400251 -6.91019e-06
-1.86656e-07 -0.00400252 -6.93808e-06
-1.86656e-07 -0.00400252 -6.96598e-06
-1.86656e-07 -0.00400252 -6.99387e-06
-1.86656e-07 -0.00400253 -7.02176e-06
-1.86656e-07 -0.00400253 -7.04965e-06
-1.86656e-07 -0.00400254 -7.07754e-06
-1.86656e-07 -0.00400254 -7.10544e-06
-1.86656e-07 -0.00400254 -7.13333e-06
-1.86656e-07 -0.00400255 -7.16122e-06
-1.86656e-07 -0.00400255 -7.18911e-06
-1.86656e-07 -0.00400256 -7.217e-06
-1.86656e-07 -0.00400256 -7.2449e-06
-1.86656e-07 -0.00400256 -7.27279e-06
-1.86656e-07 -0.00400257 -7.30068e-06
-1.86656e-07 -0.00400257 -7.32857e-06
-1.86656e-07 -0.00400258 -7.35646e-06
-1.86656e-07 -0.00400258 -7.38436e-06
-1.86656e-07 -0.00400258 -7.41225e-06
-1.86656e-07 -0.00400259 -7.44014e-06
-1.86656e-07 -0.00400259 -7.46803e-06
-1.86656e-07 -0.0040026 -7.49592e-06
-1.86656e-07 -0.0040026 -7.52382e-06
-1.86656e-07 -0.0040026 -7.55171e-06
-1.86656e-07 -0.00400261 -7.5796e-06
-1.86656e-07 -0.00400261 -7.60749e-06
-1.86656e-07 -0.00400262 -7.63538e-06
-1.86656e-07 -0.00400262 -7.66328e-06
-1.86656e-07 -0.00400262 -7.69117e-06
-1.86656e-07 -0.00400263 -7.71906e-06
-1.86656e-07 -0.00400263 -7.74695e-06
-1.86656e-07 -0.00400264 -7.77484e-06
-1.86656e-07 -0.00400264 -7.80274e-06
-1.86656e-07 -0.00400264 -7.83063e-06
-1.86656e-07 -0.00400265 -7.85852e-06
-1.86656e-07 -0.00400265 -7.88641e-06
-1.86656e-07 -0.00400265 -7.9143e-06
-1.86656e-07 -0.00400266 -7.9422e-06
-1.86656e-07 -0.00400266 -7.97009e-06
-1.86656e-07 -0.00400267 -7.99798e-06
-1.86656e-07 -0.00400267 -8.02587e-06
-1.86656e-07 -0.00400267 -8.05376e-06
-1.86656e-07 -0.00400268 -8.08166e-06
-1.86656e-07 -0.00400268 -8.10955e-06
-1.86656e-07 -0.00400269 -8.13744e-06
-1.86656e-07 -0.00400269 -8.16533e-06
-1.86656e-07 -0.00400269 -8.19322e-06
-1.86656e-07 -0.0040027 -8.22111e-06
-1.86656e-07 -0.0040027 -8.24901e-06
-1.86656e-07 -0.00400271 -8.2769e-06
-1.86656e-07 -0.00400271 -8.30479e-06
-1.86656e-07 -0.00400271 -8.33268e-06
-1.86656e-07 -0.00400272 -8.36057e-06
-1.86656e-07 -0.00400272 -8.38847e-06
-1.86656e-07 -0.00400273 -8.41636e-06
-1.86656e-07 -0.00400273 -8.44425e-06
-1.86656e-07 -0.00400273 -8.47214e-06
-1.86656e-07 -0.00400274 -8.50003e-06
-1.86656e-07 -0.00400274 -8.52793e-06
-1.86656e-07 -0.00400275 -8.55582e-06
-1.86656e-07 -0.00400275 -8.58371e-06
-1.86656e-07 -0.00400275 -8.6116e-06
-1.86656e-07 -0.00400276 -8.63949e-06
-1.86656e-07 -0.00400276 -8.66739e-06
-1.86656e-07 -0.00400277 -8.69528e-06
-1.86656e-07 -0.00400277 -8.72317e-06
-1.86656e-07 -0.00400277 -8.75106e-06
-2.32932e-07 -0.00400259 -8.77895e-06
-2.14421e-07 -0.00400266 -8.77895e-06
-2.32932e-07 -0.00400259 -8.75106e-06
-2.14421e-07 -0.00400266 -8.75106e-06
-2.32932e-07 -0.00400258 -8.72317e-06
-2.14421e-07 -0.00400266 -8.72317e-06
-2.32932e-07 -0.00400258 -8.69528e-06
-2.14421e-07 -0.00400265 -8.69528e-06
-2.32932e-07 -0.00400257 -8.66739e-06
-2.14421e-07 -0.00400265 -8.66739e-06
-2.32932e-07 -0.00400257 -8.63949e-06
-2.14421e-07 -0.00400264 -8.63949e-06
-2.32932e-07 -0.00400257 -8.6116e-06
-2.14421e-07 -0.00400264 -8.6116e-06
-2.32932e-07 -0.00400256 -8.58371e-06
-2.14421e-07 -0.00400264 -8.58371e-06
-2.32932e-07 -0.00400256 -8.55582e-06
-2.14421e-07 -0.00400263 -8.55582e-06
-2.32932e-07 -0.00400255 -8.52793e-06
-2.14421e-07 -0.00400263 -8.52793e-06
-2.32932e-07 -0.00400255 -8.50003e-06
-2.14421e-07 -0.00400263 -8.50003e-06
-2.32932e-07 -0.00400255 -8.47214e-06
-2.14421e-07 -0.00400262 -8.47214e-06
-2.32932e-07 -0.00400254 -8.44425e-06
-2.14421e-07 -0.00400262 -8.44425e-06
-2.32932e-07 -0.00400254 -8.41636e-06
-2.14421e-07 -0.00400261 -8.41636e-06
-2.32932e-07 -0.00400253 -8.38847e-06
-2.14421e-07 -0.00400261 -8.38847e-06
-2.32932e-07 -0.00400253 -8.36057e-06
-2.14421e-07 -0.00400261 -8.36057e-06
-2.32932e-07 -0.00400253 -8.33268e-06
-2.14421e-07 -0.0040026 -8.33268e-06
-2.32932e-07 -0.00400252 -8.30479e-06
-2.14421e-07 -0.0040026 -8.30479e-06
-2.32932e-07 -0.00400252 -8.2769e-06
-2.14421e-07 -0.00400259 -8.2769e-06
-2.32932e-07 -0.00400251 -8.24901e-06
-2.14421e-07 -0.00400259 -8.24901e-06
-2.32932e-07 -0.00400251 -8.22111e-06
-2.14421e-07 -0.00400259 -8.22111e-06
-2.32932e-07 -0.00400251 -8.19322e-06
-2.14421e-07 -0.00400258 -8.19322e-06
-2.32932e-07 -0.0040025 -8.16533e-06
-2.14421e-07 -0.00400258 -8.16533e-06
-2.32932e-07 -0.0040025 -8.13744e-06
-2.14421e-07 -0.00400257 -8.13744e-06
-2.32932e-07 -0.00400249 -8.10955e-06
-2.14421e-07 -0.00400257 -8.10955e-06
-2.32932e-07 -0.00400249 -8.08166e-06
-2.14421e-07 -0.00400257 -8.08166e-06
-2.32932e-07 -0.00400249 -8.05376e-06
-2.14421e-07 -0.00400256 -8.05376e-06
-2.32932e-07 -0.00400248 -8.02587e-06
-2.14421e-07 -0.00400256 -8.02587e-06
-2.32932e-07 -0.00400248 -7.99798e-06
-2.14421e-07 -0.00400255 -7.99798e-06
-2.32932e-07 -0.00400247 -7.97009e-06
-2.14421e-07 -0.00400255 -7.97009e-06
-2.32932e-07 -0.00400247 -7.9422e-06
-2.14421e-07 -0.00400255 -7.9422e-06
-2.32932e-07 -0.00400247 -7.9143e-06
-2.14421e-07 -0.00400254 -7.9143e-06
-2.32932e-07 -0.00400246 -7.88641e-06
-2.14421e-07 -0.00400254 -7.88641e-06
-2.32932e-07 -0.00400246 -7.85852e-06
-2.14421e-07 -0.00400253 -7.85852e-06
-2.32932e-07 -0.00400245 -7.83063e-06
-2.14421e-07 -0.00400253 -7.83063e-06
-2.32932e-07 -0.00400245 -7.80274e-06
-2.14421e-07 -0.00400253 -7.80274e-06
-2.32932e-07 -0.00400245 -7.77484e-06
-2.14421e-07 -0.00400252 -7.77484e-06
-2.32932e-07 -0.00400244 -7.74695e-06
-2.14421e-07 -0.00400252 -7.74695e-06
-2.32932e-07 -0.00400244 -7.71906e-06
-2.14421e-07 -0.00400251 -7.71906e-06
-2.32932e-07 -0.00400243 -7.69117e-06
-2.14421e-07 -0.00400251 -7.69117e-06
-2.32932e-07 -0.00400243 -7.66328e-06
-2.14421e-07 -0.00400251 -7.66328e-06
-2.32932e-07 -0.00400243 -7.63538e-06
-2.14421e-07 -0.0040025 -7.63538e-06
-2.32932e-07 -0.00400242 -7.60749e-06
-2.14421e-07 -0.0040025 -7.60749e-06
-2.32932e-07 -0.00400242 -7.5796e-06
-2.14421e-07 -0.00400249 -7.5796e-06
-2.32932e-07 -0.00400241 -7.55171e-06
-2.14421e-07 -0.00400249 -7.55171e-06
-2.32932e-07 -0.00400241 -7.52382e-06
-2.14421e-07 -0.00400249 -7.52382e-06
-2.32932e-07 -0.00400241 -7.49592e-06
-2.14421e-07 -0.00400248 -7.49592e-06
-2.32932e-07 -0.0040024 -7.46803e-06
-2.14421e-07 -0.00400248 -7.46803e-06
-2.32932e-07 -0.0040024 -7.44014e-06
-2.14421e-07 -0.00400247 -7.44014e-06
-2.32932e-07 -0.00400239 -7.41225e-06
-2.14421e-07 -0.00400247 -7.41225e-06
-2.32932e-07 -0.00400239 -7.38436e-06
-2.14421e-07 -0.00400247 -7.38436e-06
-2.32932e-07 -0.00400239 -7.35646e-06
-2.14421e-07 -0.00400246 -7.35646e-06
-2.32932e-07 -0.00400238 -7.32857e-06
-2.14421e-07 -0.00400246 -7.32857e-06
-2.32932e-07 -0.00400238 -7.30068e-06
-2.14421e-07 -0.00400245 -7.30068e-06
-2.32932e-07 -0.00400237 -7.27279e-06
-2.14421e-07 -0.00400245 -7.27279e-06
-2.32932e-07 -0.00400237 -7.2449e-06
-2.14421e-07 -0.00400245 -7.2449e-06
-2.32932e-07 -0.00400237 -7.217e-06
-2.14421e-07 -0.00400244 -7.217e-06
-2.32932e-07 -0.00400236 -7.18911e-06
-2.14421e-07 -0.00400244 -7.18911e-06
-2.32932e-07 -0.00400236 -7.16122e-06
-2.14421e-07 -0.00400243 -7.16122e-06
-2.32932e-07 -0.00400236 -7.13333e-06
-2.14421e-07 -0.00400243 -7.13333e-06
-2.32932e-07 -0.00400235 -7.10544e-06
-2.14421e-07 -0.00400243 -7.10544e-06
-2.32932e-07 -0.00400235 -7.07754e-06
-2.14421e-07 -0.00400242 -7.07754e-06
-2.32932e-07 -0.00400234 -7.04965e-06
-2.14421e-07 -0.00400242 -7.04965e-06
-2.32932e-07 -0.00400234 -7.02176e-06
-2.14421e-07 -0.00400241 -7.02176e-06
-2.32932e-07 -0.00400234 -6.99387e-06
-2.14421e-07 -0.00400241 -6.99387e-06
-2.32932e-07 -0.00400233 -6.96598e-06
-2.14421e-07 -0.00400241 -6.96598e-06
-2.32932e-07 -0.00400233 -6.93808e-06
-2.14421e-07 -0.0040024 -6.93808e-06
-2.32932e-07 -0.00400232 -6.91019e-06
-2.14421e-07 -0.0040024 -6.91019e-06
-2.32932e-07 -0.00400232 -6.8823e-06
-2.14421e-07 -0.00400239 -6.8823e-06
-2.32932e-07 -0.00400231 -6.85441e-06
-2.14421e-07 -0.00400239 -6.85441e-06
-2.32932e-07 -0.00400231 -6.82652e-06
-2.14421e-07 -0.00400239 -6.82652e-06
-2.32932e-07 -0.00400231 -6.79862e-06
-2.14421e-07 -0.00400238 -6.79862e-06
-2.32932e-07 -0.0040023 -6.77073e-06
-2.14421e-07 -0.00400238 -6.77073e-06
-2.32932e-07 -0.0040023 -6.74284e-06
-2.14421e-07 -0.00400238 -6.74284e-06
-1.58891e-07 -0.00400289 -8.77895e-06
-1.40381e-07 -0.00400297 -8.77895e-06
-1.58891e-07 -0.00400289 -8.75106e-06
-1.40381e-07 -0.00400296 -8.75106e-06
-1.58891e-07 -0.00400288 -8.72317e-06
-1.40381e-07 -0.00400296 -8.72317e-06
-1.58891e-07 -0.00400288 -8.69528e-06
-1.40381e-07 -0.00400296 -8.69528e-06
-1.58891e-07 -0.00400288 -8.66739e-06
-1.40381e-07 -0.00400295 -8.66739e-06
-1.58891e-07 -0.00400287 -8.63949e-06
-1.40381e-07 -0.00400295 -8.63949e-06
-1.58891e-07 -0.00400287 -8.6116e-06
-1.40381e-07 -0.00400294 -8.6116e-06
-1.58891e-07 -0.00400286 -8.58371e-06
-1.40381e-07 -0.00400294 -8.58371e-06
-1.58891e-07 -0.00400286 -8.55582e-06
-1.40381e-07 -0.00400294 -8.55582e-06
-1.58891e-07 -0.00400286 -8.52793e-06
-1.40381e-07 -0.00400293 -8.52793e-06
-1.58891e-07 -0.00400285 -8.50003e-06
-1.40381e-07 -0.00400293 -8.50003e-06
-1.58891e-07 -0.00400285 -8.47214e-06
-1.40381e-07 -0.00400292 -8.47214e-06
-1.58891e-07 -0.00400284 -8.44425e-06
-1.40381e-07 -0.00400292 -8.44425e-06
-1.58891e-07 -0.00400284 -8.41636e-06
-1.40381e-07 -0.00400292 -8.41636e-06
-1.58891e-07 -0.00400284 -8.38847e-06
-1.40381e-07 -0.00400291 -8.38847e-06
-1.58891e-07 -0.00400283 -8.36057e-06
-1.40381e-07 -0.00400291 -8.36057e-06
-1.58891e-07 -0.00400283 -8.33268e-06
-1.40381e-07 -0.0040029 -8.33268e-06
-1.58891e-07 -0.00400282 -8.30479e-06
-1.40381e-07 -0.0040029 -8.30479e-06
-1.58891e-07 -0.00400282 -8.2769e-06
-1.40381e-07 -0.0040029 -8.2769e-06
-1.58891e-07 -0.00400282 -8.24901e-06
-1.40381e-07 -0.00400289 -8.24901e-06
-1.58891e-07 -0.00400281 -8.22111e-06
-1.40381e-07 -0.00400289 -8.22111e-06
-1.58891e-07 -0.00400281 -8.19322e-06
-1.40381e-07 -0.00400288 -8.19322e-06
-1.58891e-07 -0.0040028 -8.16533e-06
-1.40381e-07 -0.00400288 -8.16533e-06
-1.58891e-07 -0.0040028 -8.13744e-06
-1.40381e-07 -0.00400288 -8.13744e-06
-1.58891e-07 -0.0040028 -8.10955e-06
-1.40381e-07 -0.00400287 -8.10955e-06
-1.58891e-07 -0.00400279 -8.08166e-06
-1.40381e-07 -0.00400287 -8.08166e-06
-1.58891e-07 -0.00400279 -8.05376e-06
-1.40381e-07 -0.00400286 -8.05376e-06
-1.58891e-07 -0.00400278 -8.02587e-06
-1.40381e-07 -0.00400286 -8.02587e-06
-1.58891e-07 -0.00400278 -7.99798e-06
-1.40381e-07 -0.00400286 -7.99798e-06
-1.58891e-07 -0.00400278 -7.97009e-06
-1.40381e-07 -0.00400285 -7.97009e-06
-1.58891e-07 -0.00400277 -7.9422e-06
-1.40381e-07 -0.00400285 -7.9422e-06
-1.58891e-07 -0.00400277 -7.9143e-06
-1.40381e-07 -0.00400284 -7.9143e-06
-1.58891e-07 -0.00400276 -7.88641e-06
-1.40381e-07 -0.00400284 -7.88641e-06
-1.58891e-07 -0.00400276 -7.85852e-06
-1.40381e-07 -0.00400284 -7.85852e-06
-1.58891e-07 -0.00400276 -7.83063e-06
-1.40381e-07 -0.00400283 -7.83063e-06
-1.58891e-07 -0.00400275 -7.80274e-06
-1.40381e-07 -0.00400283 -7.80274e-06
-1.58891e-07 -0.00400275 -7.77484e-06
-1.40381e-07 -0.00400282 -7.77484e-06
-1.58891e-07 -0.00400274 -7.74695e-06
-1.40381e-07 -0.00400282 -7.74695e-06
-1.58891e-07 -0.00400274 -7.71906e-06
-1.40381e-07 -0.00400282 -7.71906e-06
-1.58891e-07 -0.00400274 -7.69117e-06
-1.40381e-07 -0.00400281 -7.69117e-06
-1.58891e-07 -0.00400273 -7.66328e-06
-1.40381e-07 -0.00400281 -7.66328e-06
-1.58891e-07 -0.00400273 -7.63538e-06
-1.40381e-07 -0.0040028 -7.63538e-06
-1.58891e-07 -0.00400272 -7.60749e-06
-1.40381e-07 -0.0040028 -7.60749e-06
-1.58891e-07 -0.00400272 -7.5796e-06
-1.40381e-07 -0.0040028 -7.5796e-06
-1.58891e-07 -0.00400272 -7.55171e-06
-1.40381e-07 -0.00400279 -7.55171e-06
-1.58891e-07 -0.00400271 -7.52382e-06
-1.40381e-07 -0.00400279 -7.52382e-06
-1.58891e-07 -0.00400271 -7.49592e-06
-1.40381e-07 -0.00400278 -7.49592e-06
-1.58891e-07 -0.00400271 -7.46803e-06
-1.40381e-07 -0.00400278 -7.46803e-06
-1.58891e-07 -0.0040027 -7.44014e-06
-1.40381e-07 -0.00400278 -7.44014e-06
-1.58891e-07 -0.0040027 -7.41225e-06
-1.40381e-07 -0.00400277 -7.41225e-06
-1.58891e-07 -0.00400269 -7.38436e-06
-1.40381e-07 -0.00400277 -7.38436e-06
-1.58891e-07 -0.00400269 -7.35646e-06
-1.40381e-07 -0.00400276 -7.35646e-06
-1.58891e-07 -0.00400269 -7.32857e-06
-1.40381e-07 -0.00400276 -7.32857e-06
-1.58891e-07 -0.00400268 -7.30068e-06
-1.40381e-07 -0.00400276 -7.30068e-06
-1.58891e-07 -0.00400268 -7.27279e-06
-1.40381e-07 -0.00400275 -7.27279e-06
-1.58891e-07 -0.00400267 -7.2449e-06
-1.40381e-07 -0.00400275 -7.2449e-06
-1.58891e-07 -0.00400267 -7.217e-06
-1.40381e-07 -0.00400274 -7.217e-06
-1.58891e-07 -0.00400267 -7.18911e-06
-1.40381e-07 -0.00400274 -7.18911e-06
-1.58891e-07 -0.00400266 -7.16122e-06
-1.40381e-07 -0.00400274 -7.16122e-06
-1.58891e-07 -0.00400266 -7.13333e-06
-1.40381e-07 -0.00400273 -7.13333e-06
-1.58891e-07 -0.00400265 -7.10544e-06
-1.40381e-07 -0.00400273 -7.10544e-06
-1.58891e-07 -0.00400265 -7.07754e-06
-1.40381e-07 -0.00400273 -7.07754e-06
-1.58891e-07 -0.00400265 -7.04965e-06
-1.40381e-07 -0.00400272 -7.04965e-06
-1.58891e-07 -0.00400264 -7.02176e-06
-1.40381e-07 -0.00400272 -7.02176e-06
-1.58891e-07 -0.00400264 -6.99387e-06
-1.40381e-07 -0.00400271 -6.99387e-06
-1.58891e-07 -0.00400263 -6.96598e-06
-1.40381e-07 -0.00400271 -6.96598e-06
-1.58891e-07 -0.00400263 -6.93808e-06
-1.40381e-07 -0.00400271 -6.93808e-06
-1.58891e-07 -0.00400263 -6.91019e-06
-1.40381e-07 -0.0040027 -6.91019e-06
-1.58891e-07 -0.00400262 -6.8823e-06
-1.40381e-07 -0.0040027 -6.8823e-06
-1.58891e-07 -0.00400262 -6.85441e-06
-1.40381e-07 -0.00400269 -6.85441e-06
-1.58891e-07 -0.00400261 -6.82652e-06
-1.40381e-07 -0.00400269 -6.82652e-06
-1.58891e-07 -0.00400261 -6.79862e-06
-1.40381e-07 -0.00400269 -6.79862e-06
-1.58891e-07 -0.00400261 -6.77073e-06
-1.40381e-07 -0.00400268 -6.77073e-06
-1.58891e-07 -0.0040026 -6.74284e-06
-1.40381e-07 -0.00400268 -6.74284e-06
