-1.20363e-07 -0.00401394 -1.06925e-05
-1.20363e-07 -0.00401364 -7.20689e-06
-2.15425e-07 -0.00401371 -1.06925e-05
-2.15425e-07 -0.00401341 -7.20689e-06
-1.20363e-07 -0.00401393 -1.06448e-05
-1.20363e-07 -0.00401393 -1.0597e-05
-1.20363e-07 -0.00401392 -1.05493e-05
-1.20363e-07 -0.00401392 -1.05015e-05
-1.20363e-07 -0.00401392 -1.04538e-05
-1.20363e-07 -0.00401391 -1.0406e-05
-1.20363e-07 -0.00401391 -1.03583e-05
-1.20363e-07 -0.0040139 -1.03105e-05
-1.20363e-07 -0.0040139 -1.02628e-05
-1.20363e-07 -0.0040139 -1.0215e-05
-1.20363e-07 -0.00401389 -1.01673e-05
-1.20363e-07 -0.00401389 -1.01195e-05
-1.20363e-07 -0.00401388 -1.00718e-05
-1.20363e-07 -0.00401388 -1.0024e-05
-1.20363e-07 -0.00401388 -9.97629e-06
-1.20363e-07 -0.00401387 -9.92854e-06
-1.20363e-07 -0.00401387 -9.88079e-06
-1.20363e-07 -0.00401386 -9.83304e-06
-1.20363e-07 -0.00401386 -9.78529e-06
-1.20363e-07 -0.00401386 -9.73755e-06
-1.20363e-07 -0.00401385 -9.6898e-06
-1.20363e-07 -0.00401385 -9.64205e-06
-1.20363e-07 -0.00401384 -9.5943e-06
-1.20363e-07 -0.00401384 -9.54655e-06
-1.20363e-07 -0.00401384 -9.4988e-06
-1.20363e-07 -0.00401383 -9.45106e-06
-1.20363e-07 -0.00401383 -9.40331e-06
-1.20363e-07 -0.00401382 -9.35556e-06
-1.20363e-07 -0.00401382 -9.30781e-06
-1.20363e-07 -0.00401382 -9.26006e-06
-1.20363e-07 -0.00401381 -9.21232e-06
-1.20363e-07 -0.00401381 -9.16457e-06
-1.20363e-07 -0.0040138 -9.11682e-06
-1.20363e-07 -0.0040138 -9.06907e-06
-1.20363e-07 -0.0040138 -9.02132e-06
-1.20363e-07 -0.00401379 -8.97357e-06
-1.20363e-07 -0.00401379 -8.92583e-06
-1.20363e-07 -0.00401378 -8.87808e-06
-1.20363e-07 -0.00401378 -8.83033e-06
-1.20363e-07 -0.00401378 -8.78258e-06
-1.20363e-07 -0.00401377 -8.73483e-06
-1.20363e-07 -0.00401377 -8.68709e-06
-1.20363e-07 -0.00401376 -8.63934e-06
-1.20363e-07 -0.00401376 -8.59159e-06
-1.20363e-07 -0.00401376 -8.54384e-06
-1.20363e-07 -0.00401375 -8.49609e-06
-1.20363e-07 -0.00401375 -8.44834e-06
-1.20363e-07 -0.00401374 -8.4006e-06
-1.20363e-07 -0.00401374 -8.35285e-06
-1.20363e-07 -0.00401373 -8.3051e-06
-1.20363e-07 -0.00401373 -8.25735e-06
-1.20363e-07 -0.00401373 -8.2096e-06
-1.20363e-07 -0.00401372 -8.16186e-06
-1.20363e-07 -0.00401372 -8.11411e-06
-1.20363e-07 -0.00401371 -8.06636e-06
-1.20363e-07 -0.00401371 -8.01861e-06
-1.20363e-07 -0.00401371 -7.97086e-06
-1.20363e-07 -0.0040137 -7.92311e-06
-1.20363e-07 -0.0040137 -7.87537e-06
-1.20363e-07 -0.00401369 -7.82762e-06
-1.20363e-07 -0.00401369 -7.77987e-06
-1.20363e-07 -0.00401369 -7.73212e-06
-1.20363e-07 -0.00401368 -7.68437e-06
-1.20363e-07 -0.00401368 -7.63663e-06
-1.20363e-07 -0.00401367 -7.58888e-06
-1.20363e-07 -0.00401367 -7.54113e-06
-1.20363e-07 -0.00401367 -7.49338e-06
-1.20363e-07 -0.00401366 -7.44563e-06
-1.20363e-07 -0.00401366 -7.39789e-06
-1.20363e-07 -0.00401365 -7.35014e-06
-1.20363e-07 -0.00401365 -7.30239e-06
-1.20363e-07 -0.00401365 -7.25464e-06
-1.67894e-07 -0.00401353 -7.20689e-06
-1.67894e-07 -0.00401382 -1.06925e-05
-2.15425e-07 -0.00401342 -7.25464e-06
-2.15425e-07 -0.00401342 -7.30239e-06
-2.15425e-07 -0.00401342 -7.35014e-06
-2.15425e-07 -0.00401343 -7.39789e-06
-2.15425e-07 -0.00401343 -7.44563e-06
-2.15425e-07 -0.00401344 -7.49338e-06
-2.15425e-07 -0.00401344 -7.54113e-06
-2.15425e-07 -0.00401344 -7.58888e-06
-2.15425e-07 -0.00401345 -7.63663e-06
-2.15425e-07 -0.00401345 -7.68437e-06
-2.15425e-07 -0.00401346 -7.73212e-06
-2.15425e-07 -0.00401346 -7.77987e-06
-2.15425e-07 -0.00401347 -7.82762e-06
-2.15425e-07 -0.00401347 -7.87537e-06
-2.15425e-07 -0.00401347 -7.92311e-06
-2.15425e-07 -0.00401348 -7.97086e-06
-2.15425e-07 -0.00401348 -8.01861e-06
-2.15425e-07 -0.00401349 -8.06636e-06
-2.15425e-07 -0.00401349 -8.11411e-06
-2.15425e-07 -0.00401349 -8.16186e-06
-2.15425e-07 -0.0040135 -8.2096e-06
-2.15425e-07 -0.0040135 -8.25735e-06
-2.15425e-07 -0.00401351 -8.3051e-06
-2.15425e-07 -0.00401351 -8.35285e-06
-2.15425e-07 -0.00401351 -8.4006e-06
-2.15425e-07 -0.00401352 -8.44834e-06
-2.15425e-07 -0.00401352 -8.49609e-06
-2.15425e-07 -0.00401353 -8.54384e-06
-2.15425e-07 -0.00401353 -8.59159e-06
-2.15425e-07 -0.00401353 -8.63934e-06
-2.15425e-07 -0.00401354 -8.68709e-06
-2.15425e-07 -0.00401354 -8.73483e-06
-2.15425e-07 -0.00401355 -8.78258e-06
-2.15425e-07 -0.00401355 -8.83033e-06
-2.15425e-07 -0.00401355 -8.87808e-06
-2.15425e-07 -0.00401356 -8.92583e-06
-2.15425e-07 -0.00401356 -8.97357e-06
-2.15425e-07 -0.00401357 -9.02132e-06
-2.15425e-07 -0.00401357 -9.06907e-06
-2.15425e-07 -0.00401357 -9.11682e-06
-2.15425e-07 -0.00401358 -9.16457e-06
-2.15425e-07 -0.00401358 -9.21232e-06
-2.15425e-07 -0.00401359 -9.26006e-06
-2.15425e-07 -0.00401359 -9.30781e-06
-2.15425e-07 -0.00401359 -9.35556e-06
-2.15425e-07 -0.0040136 -9.40331e-06
-2.15425e-07 -0.0040136 -9.45106e-06
-2.15425e-07 -0.00401361 -9.4988e-06
-2.15425e-07 -0.00401361 -9.54655e-06
-2.15425e-07 -0.00401361 -9.5943e-06
-2.15425e-07 -0.00401362 -9.64205e-06
-2.15425e-07 -0.00401362 -9.6898e-06
-2.15425e-07 -0.00401363 -9.73755e-06
-2.15425e-07 -0.00401363 -9.78529e-06
-2.15425e-07 -0.00401363 -9.83304e-06
-2.15425e-07 -0.00401364 -9.88079e-06
-2.15425e-07 -0.00401364 -9.92854e-06
-2.15425e-07 -0.00401365 -9.97629e-06
-2.15425e-07 -0.00401365 -1.0024e-05
-2.15425e-07 -0.00401365 -1.00718e-05
-2.15425e-07 -0.00401366 -1.01195e-05
-2.15425e-07 -0.00401366 -1.01673e-05
-2.15425e-07 -0.00401367 -1.0215e-05
-2.15425e-07 -0.00401367 -1.02628e-05
-2.15425e-07 -0.00401367 -1.03105e-05
-2.15425e-07 -0.00401368 -1.03583e-05
-2.15425e-07 -0.00401368 -1.0406e-05
-2.15425e-07 -0.00401369 -1.04538e-05
-2.15425e-07 -0.00401369 -1.05015e-05
-2.15425e-07 -0.00401369 -1.05493e-05
-2.15425e-07 -0.0040137 -1.0597e-05
-2.15425e-07 -0.0040137 -1.06448e-05
-1.67894e-07 -0.00401353 -7.25464e-06
-1.67894e-07 -0.00401354 -7.30239e-06
-1.67894e-07 -0.00401354 -7.35014e-06
-1.67894e-07 -0.00401354 -7.39789e-06
-1.67894e-07 -0.00401355 -7.44563e-06
-1.67894e-07 -0.00401355 -7.49338e-06
-1.67894e-07 -0.00401356 -7.54113e-06
-1.67894e-07 -0.00401356 -7.58888e-06
-1.67894e-07 -0.00401356 -7.63663e-06
-1.67894e-07 -0.00401357 -7.68437e-06
-1.67894e-07 -0.00401357 -7.73212e-06
-1.67894e-07 -0.00401358 -7.77987e-06
-1.67894e-07 -0.00401358 -7.82762e-06
-1.67894e-07 -0.00401358 -7.87537e-06
-1.67894e-07 -0.00401359 -7.92311e-06
-1.67894e-07 -0.00401359 -7.97086e-06
-1.67894e-07 -0.0040136 -8.01861e-06
-1.67894e-07 -0.0040136 -8.06636e-06
-1.67894e-07 -0.0040136 -8.11411e-06
-1.67894e-07 -0.00401361 -8.16186e-06
-1.67894e-07 -0.00401361 -8.2096e-06
-1.67894e-07 -0.00401362 -8.25735e-06
-1.67894e-07 -0.00401362 -8.3051e-06
-1.67894e-07 -0.00401362 -8.35285e-06
-1.67894e-07 -0.00401363 -8.4006e-06
-1.67894e-07 -0.00401363 -8.44834e-06
-1.67894e-07 -0.00401364 -8.49609e-06
-1.67894e-07 -0.00401364 -8.54384e-06
-1.67894e-07 -0.00401364 -8.59159e-06
-1.67894e-07 -0.00401365 -8.63934e-06
-1.67894e-07 -0.00401365 -8.68709e-06
-1.67894e-07 -0.00401366 -8.73483e-06
-1.67894e-07 -0.00401366 -8.78258e-06
-1.67894e-07 -0.00401366 -8.83033e-06
-1.67894e-07 -0.00401367 -8.87808e-06
-1.67894e-07 -0.00401367 -8.92583e-06
-1.67894e-07 -0.00401368 -8.97357e-06
-1.67894e-07 -0.00401368 -9.02132e-06
-1.67894e-07 -0.00401368 -9.06907e-06
-1.67894e-07 -0.00401369 -9.11682e-06
-1.67894e-07 -0.00401369 -9.16457e-06
-1.67894e-07 -0.0040137 -9.21232e-06
-1.67894e-07 -0.0040137 -9.26006e-06
-1.67894e-07 -0.0040137 -9.30781e-06
-1.67894e-07 -0.00401371 -9.35556e-06
-1.67894e-07 -0.00401371 -9.40331e-06
-1.67894e-07 -0.00401372 -9.45106e-06
-1.67894e-07 -0.00401372 -9.4988e-06
-1.67894e-07 -0.00401372 -9.54655e-06
-1.67894e-07 -0.00401373 -9.5943e-06
-1.67894e-07 -0.00401373 -9.64205e-06
-1.67894e-07 -0.00401374 -9.6898e-06
-1.67894e-07 -0.00401374 -9.73755e-06
-1.67894e-07 -0.00401374 -9.78529e-06
-1.67894e-07 -0.00401375 -9.83304e-06
-1.67894e-07 -0.00401375 -9.88079e-06
-1.67894e-07 -0.00401376 -9.92854e-06
-1.67894e-07 -0.00401376 -9.97629e-06
-1.67894e-07 -0.00401376 -1.0024e-05
-1.67894e-07 -0.00401377 -1.00718e-05
-1.67894e-07 -0.00401377 -1.01195e-05
-1.67894e-07 -0.00401378 -1.01673e-05
-1.67894e-07 -0.00401378 -1.0215e-05
-1.67894e-07 -0.00401379 -1.02628e-05
-1.67894e-07 -0.00401379 -1.03105e-05
-1.67894e-07 -0.00401379 -1.03583e-05
-1.67894e-07 -0.0040138 -1.0406e-05
-1.67894e-07 -0.0040138 -1.04538e-05
-1.67894e-07 -0.00401381 -1.05015e-05
-1.67894e-07 -0.00401381 -1.05493e-05
-1.67894e-07 -0.00401381 -1.0597e-05
-1.67894e-07 -0.00401382 -1.06448e-05
-2.47113e-07 -0.00401363 -1.06925e-05
-2.15425e-07 -0.00401371 -1.06925e-05
-2.47113e-07 -0.00401363 -1.06448e-05
-2.15425e-07 -0.0040137 -1.06448e-05
-2.47113e-07 -0.00401362 -1.0597e-05
-2.15425e-07 -0.0040137 -1.0597e-05
-2.47113e-07 -0.00401362 -1.05493e-05
-2.15425e-07 -0.00401369 -1.05493e-05
-2.47113e-07 -0.00401361 -1.05015e-05
-2.15425e-07 -0.00401369 -1.05015e-05
-2.47113e-07 -0.00401361 -1.04538e-05
-2.15425e-07 -0.00401369 -1.04538e-05
-2.47113e-07 -0.00401361 -1.0406e-05
-2.15425e-07 -0.00401368 -1.0406e-05
-2.47113e-07 -0.0040136 -1.03583e-05
-2.15425e-07 -0.00401368 -1.03583e-05
-2.47113e-07 -0.0040136 -1.03105e-05
-2.15425e-07 -0.00401367 -1.03105e-05
-2.47113e-07 -0.00401359 -1.02628e-05
-2.15425e-07 -0.00401367 -1.02628e-05
-2.47113e-07 -0.00401359 -1.0215e-05
-2.15425e-07 -0.00401367 -1.0215e-05
-2.47113e-07 -0.00401359 -1.01673e-05
-2.15425e-07 -0.00401366 -1.01673e-05
-2.47113e-07 -0.00401358 -1.01195e-05
-2.15425e-07 -0.00401366 -1.01195e-05
-2.47113e-07 -0.00401358 -1.00718e-05
-2.15425e-07 -0.00401365 -1.00718e-05
-2.47113e-07 -0.00401357 -1.0024e-05
-2.15425e-07 -0.00401365 -1.0024e-05
-2.47113e-07 -0.00401357 -9.97629e-06
-2.15425e-07 -0.00401365 -9.97629e-06
-2.47113e-07 -0.00401357 -9.92854e-06
-2.15425e-07 -0.00401364 -9.92854e-06
-2.47113e-07 -0.00401356 -9.88079e-06
-2.15425e-07 -0.00401364 -9.88079e-06
-2.47113e-07 -0.00401356 -9.83304e-06
-2.15425e-07 -0.00401363 -9.83304e-06
-2.47113e-07 -0.00401355 -9.78529e-06
-2.15425e-07 -0.00401363 -9.78529e-06
-2.47113e-07 -0.00401355 -9.73755e-06
-2.15425e-07 -0.00401363 -9.73755e-06
-2.47113e-07 -0.00401355 -9.6898e-06
-2.15425e-07 -0.00401362 -9.6898e-06
-2.47113e-07 -0.00401354 -9.64205e-06
-2.15425e-07 -0.00401362 -9.64205e-06
-2.47113e-07 -0.00401354 -9.5943e-06
-2.15425e-07 -0.00401361 -9.5943e-06
-2.47113e-07 -0.00401353 -9.54655e-06
-2.15425e-07 -0.00401361 -9.54655e-06
-2.47113e-07 -0.00401353 -9.4988e-06
-2.15425e-07 -0.00401361 -9.4988e-06
-2.47113e-07 -0.00401353 -9.45106e-06
-2.15425e-07 -0.0040136 -9.45106e-06
-2.47113e-07 -0.00401352 -9.40331e-06
-2.15425e-07 -0.0040136 -9.40331e-06
-2.47113e-07 -0.00401352 -9.35556e-06
-2.15425e-07 -0.00401359 -9.35556e-06
-2.47113e-07 -0.00401351 -9.30781e-06
-2.15425e-07 -0.00401359 -9.30781e-06
-2.47113e-07 -0.00401351 -9.26006e-06
-2.15425e-07 -0.00401359 -9.26006e-06
-2.47113e-07 -0.0040135 -9.21232e-06
-2.15425e-07 -0.00401358 -9.21232e-06
-2.47113e-07 -0.0040135 -9.16457e-06
-2.15425e-07 -0.00401358 -9.16457e-06
-2.47113e-07 -0.0040135 -9.11682e-06
-2.15425e-07 -0.00401357 -9.11682e-06
-2.47113e-07 -0.00401349 -9.06907e-06
-2.15425e-07 -0.00401357 -9.06907e-06
-2.47113e-07 -0.00401349 -9.02132e-06
-2.15425e-07 -0.00401357 -9.02132e-06
-2.47113e-07 -0.00401348 -8.97357e-06
-2.15425e-07 -0.00401356 -8.97357e-06
-2.47113e-07 -0.00401348 -8.92583e-06
-2.15425e-07 -0.00401356 -8.92583e-06
-2.47113e-07 -0.00401348 -8.87808e-06
-2.15425e-07 -0.00401355 -8.87808e-06
-2.47113e-07 -0.00401347 -8.83033e-06
-2.15425e-07 -0.00401355 -8.83033e-06
-2.47113e-07 -0.00401347 -8.78258e-06
-2.15425e-07 -0.00401355 -8.78258e-06
-2.47113e-07 -0.00401346 -8.73483e-06
-2.15425e-07 -0.00401354 -8.73483e-06
-2.47113e-07 -0.00401346 -8.68709e-06
-2.15425e-07 -0.00401354 -8.68709e-06
-2.47113e-07 -0.00401346 -8.63934e-06
-2.15425e-07 -0.00401353 -8.63934e-06
-2.47113e-07 -0.00401345 -8.59159e-06
-2.15425e-07 -0.00401353 -8.59159e-06
-2.47113e-07 -0.00401345 -8.54384e-06
-2.15425e-07 -0.00401353 -8.54384e-06
-2.47113e-07 -0.00401344 -8.49609e-06
-2.15425e-07 -0.00401352 -8.49609e-06
-2.47113e-07 -0.00401344 -8.44834e-06
-2.15425e-07 -0.00401352 -8.44834e-06
-2.47113e-07 -0.00401344 -8.4006e-06
-2.15425e-07 -0.00401351 -8.4006e-06
-2.47113e-07 -0.00401343 -8.35285e-06
-2.15425e-07 -0.00401351 -8.35285e-06
-2.47113e-07 -0.00401343 -8.3051e-06
-2.15425e-07 -0.00401351 -8.3051e-06
-2.47113e-07 -0.00401342 -8.25735e-06
-2.15425e-07 -0.0040135 -8.25735e-06
-2.47113e-07 -0.00401342 -8.2096e-06
-2.15425e-07 -0.0040135 -8.2096e-06
-2.47113e-07 -0.00401342 -8.16186e-06
-2.15425e-07 -0.00401349 -8.16186e-06
-2.47113e-07 -0.00401341 -8.11411e-06
-2.15425e-07 -0.00401349 -8.11411e-06
-2.47113e-07 -0.00401341 -8.06636e-06
-2.15425e-07 -0.00401349 -8.06636e-06
-2.47113e-07 -0.0040134 -8.01861e-06
-2.15425e-07 -0.00401348 -8.01861e-06
-2.47113e-07 -0.0040134 -7.97086e-06
-2.15425e-07 -0.00401348 -7.97086e-06
-2.47113e-07 -0.0040134 -7.92311e-06
-2.15425e-07 -0.00401347 -7.92311e-06
-2.47113e-07 -0.00401339 -7.87537e-06
-2.15425e-07 -0.00401347 -7.87537e-06
-2.47113e-07 -0.00401339 -7.82762e-06
-2.15425e-07 -0.00401347 -7.82762e-06
-2.47113e-07 -0.00401338 -7.77987e-06
-2.15425e-07 -0.00401346 -7.77987e-06
-2.47113e-07 -0.00401338 -7.73212e-06
-2.15425e-07 -0.00401346 -7.73212e-06
-2.47113e-07 -0.00401338 -7.68437e-06
-2.15425e-07 -0.00401345 -7.68437e-06
-2.47113e-07 -0.00401337 -7.63663e-06
-2.15425e-07 -0.00401345 -7.63663e-06
-2.47113e-07 -0.00401337 -7.58888e-06
-2.15425e-07 -0.00401344 -7.58888e-06
-2.47113e-07 -0.00401336 -7.54113e-06
-2.15425e-07 -0.00401344 -7.54113e-06
-2.47113e-07 -0.00401336 -7.49338e-06
-2.15425e-07 -0.00401344 -7.49338e-06
-2.47113e-07 -0.00401336 -7.44563e-06
-2.15425e-07 -0.00401343 -7.44563e-06
-2.47113e-07 -0.00401335 -7.39789e-06
-2.15425e-07 -0.00401343 -7.39789e-06
-2.47113e-07 -0.00401335 -7.35014e-06
-2.15425e-07 -0.00401342 -7.35014e-06
-2.47113e-07 -0.00401334 -7.30239e-06
-2.15425e-07 -0.00401342 -7.30239e-06
-2.47113e-07 -0.00401334 -7.25464e-06
-2.15425e-07 -0.00401342 -7.25464e-06
-2.47113e-07 -0.00401334 -7.20689e-06
-2.15425e-07 -0.00401341 -7.20689e-06
-1.20363e-07 -0.00401394 -1.06925e-05
-8.86758e-08 -0.00401401 -1.06925e-05
-1.20363e-07 -0.00401393 -1.06448e-05
-8.86758e-08 -0.00401401 -1.06448e-05
-1.20363e-07 -0.00401393 -1.0597e-05
-8.86758e-08 -0.004014 -1.0597e-05
-1.20363e-07 -0.00401392 -1.05493e-05
-8.86758e-08 -0.004014 -1.05493e-05
-1.20363e-07 -0.00401392 -1.05015e-05
-8.86758e-08 -0.004014 -1.05015e-05
-1.20363e-07 -0.00401392 -1.04538e-05
-8.86758e-08 -0.00401399 -1.04538e-05
-1.20363e-07 -0.00401391 -1.0406e-05
-8.86758e-08 -0.00401399 -1.0406e-05
-1.20363e-07 -0.00401391 -1.03583e-05
-8.86758e-08 -0.00401398 -1.03583e-05
-1.20363e-07 -0.0040139 -1.03105e-05
-8.86758e-08 -0.00401398 -1.03105e-05
-1.20363e-07 -0.0040139 -1.02628e-05
-8.86758e-08 -0.00401398 -1.02628e-05
-1.20363e-07 -0.0040139 -1.0215e-05
-8.86758e-08 -0.00401397 -1.0215e-05
-1.20363e-07 -0.00401389 -1.01673e-05
-8.86758e-08 -0.00401397 -1.01673e-05
-1.20363e-07 -0.00401389 -1.01195e-05
-8.86758e-08 -0.00401396 -1.01195e-05
-1.20363e-07 -0.00401388 -1.00718e-05
-8.86758e-08 -0.00401396 -1.00718e-05
-1.20363e-07 -0.00401388 -1.0024e-05
-8.86758e-08 -0.00401396 -1.0024e-05
-1.20363e-07 -0.00401388 -9.97629e-06
-8.86758e-08 -0.00401395 -9.97629e-06
-1.20363e-07 -0.00401387 -9.92854e-06
-8.86758e-08 -0.00401395 -9.92854e-06
-1.20363e-07 -0.00401387 -9.88079e-06
-8.86758e-08 -0.00401394 -9.88079e-06
-1.20363e-07 -0.00401386 -9.83304e-06
-8.86758e-08 -0.00401394 -9.83304e-06
-1.20363e-07 -0.00401386 -9.78529e-06
-8.86758e-08 -0.00401394 -9.78529e-06
-1.20363e-07 -0.00401386 -9.73755e-06
-8.86758e-08 -0.00401393 -9.73755e-06
-1.20363e-07 -0.00401385 -9.6898e-06
-8.86758e-08 -0.00401393 -9.6898e-06
-1.20363e-07 -0.00401385 -9.64205e-06
-8.86758e-08 -0.00401392 -9.64205e-06
-1.20363e-07 -0.00401384 -9.5943e-06
-8.86758e-08 -0.00401392 -9.5943e-06
-1.20363e-07 -0.00401384 -9.54655e-06
-8.86758e-08 -0.00401392 -9.54655e-06
-1.20363e-07 -0.00401384 -9.4988e-06
-8.86758e-08 -0.00401391 -9.4988e-06
-1.20363e-07 -0.00401383 -9.45106e-06
-8.86758e-08 -0.00401391 -9.45106e-06
-1.20363e-07 -0.00401383 -9.40331e-06
-8.86758e-08 -0.0040139 -9.40331e-06
-1.20363e-07 -0.00401382 -9.35556e-06
-8.86758e-08 -0.0040139 -9.35556e-06
-1.20363e-07 -0.00401382 -9.30781e-06
-8.86758e-08 -0.0040139 -9.30781e-06
-1.20363e-07 -0.00401382 -9.26006e-06
-8.86758e-08 -0.00401389 -9.26006e-06
-1.20363e-07 -0.00401381 -9.21232e-06
-8.86758e-08 -0.00401389 -9.21232e-06
-1.20363e-07 -0.00401381 -9.16457e-06
-8.86758e-08 -0.00401388 -9.16457e-06
-1.20363e-07 -0.0040138 -9.11682e-06
-8.86758e-08 -0.00401388 -9.11682e-06
-1.20363e-07 -0.0040138 -9.06907e-06
-8.86758e-08 -0.00401388 -9.06907e-06
-1.20363e-07 -0.0040138 -9.02132e-06
-8.86758e-08 -0.00401387 -9.02132e-06
-1.20363e-07 -0.00401379 -8.97357e-06
-8.86758e-08 -0.00401387 -8.97357e-06
-1.20363e-07 -0.00401379 -8.92583e-06
-8.86758e-08 -0.00401386 -8.92583e-06
-1.20363e-07 -0.00401378 -8.87808e-06
-8.86758e-08 -0.00401386 -8.87808e-06
-1.20363e-07 -0.00401378 -8.83033e-06
-8.86758e-08 -0.00401386 -8.83033e-06
-1.20363e-07 -0.00401378 -8.78258e-06
-8.86758e-08 -0.00401385 -8.78258e-06
-1.20363e-07 -0.00401377 -8.73483e-06
-8.86758e-08 -0.00401385 -8.73483e-06
-1.20363e-07 -0.00401377 -8.68709e-06
-8.86758e-08 -0.00401384 -8.68709e-06
-1.20363e-07 -0.00401376 -8.63934e-06
-8.86758e-08 -0.00401384 -8.63934e-06
-1.20363e-07 -0.00401376 -8.59159e-06
-8.86758e-08 -0.00401384 -8.59159e-06
-1.20363e-07 -0.00401376 -8.54384e-06
-8.86758e-08 -0.00401383 -8.54384e-06
-1.20363e-07 -0.00401375 -8.49609e-06
-8.86758e-08 -0.00401383 -8.49609e-06
-1.20363e-07 -0.00401375 -8.44834e-06
-8.86758e-08 -0.00401382 -8.44834e-06
-1.20363e-07 -0.00401374 -8.4006e-06
-8.86758e-08 -0.00401382 -8.4006e-06
-1.20363e-07 -0.00401374 -8.35285e-06
-8.86758e-08 -0.00401382 -8.35285e-06
-1.20363e-07 -0.00401373 -8.3051e-06
-8.86758e-08 -0.00401381 -8.3051e-06
-1.20363e-07 -0.00401373 -8.25735e-06
-8.86758e-08 -0.00401381 -8.25735e-06
-1.20363e-07 -0.00401373 -8.2096e-06
-8.86758e-08 -0.0040138 -8.2096e-06
-1.20363e-07 -0.00401372 -8.16186e-06
-8.86758e-08 -0.0040138 -8.16186e-06
-1.20363e-07 -0.00401372 -8.11411e-06
-8.86758e-08 -0.0040138 -8.11411e-06
-1.20363e-07 -0.00401371 -8.06636e-06
-8.86758e-08 -0.00401379 -8.06636e-06
-1.20363e-07 -0.00401371 -8.01861e-06
-8.86758e-08 -0.00401379 -8.01861e-06
-1.20363e-07 -0.00401371 -7.97086e-06
-8.86758e-08 -0.00401378 -7.97086e-06
-1.20363e-07 -0.0040137 -7.92311e-06
-8.86758e-08 -0.00401378 -7.92311e-06
-1.20363e-07 -0.0040137 -7.87537e-06
-8.86758e-08 -0.00401378 -7.87537e-06
-1.20363e-07 -0.00401369 -7.82762e-06
-8.86758e-08 -0.00401377 -7.82762e-06
-1.20363e-07 -0.00401369 -7.77987e-06
-8.86758e-08 -0.00401377 -7.77987e-06
-1.20363e-07 -0.00401369 -7.73212e-06
-8.86758e-08 -0.00401376 -7.73212e-06
-1.20363e-07 -0.00401368 -7.68437e-06
-8.86758e-08 -0.00401376 -7.68437e-06
-1.20363e-07 -0.00401368 -7.63663e-06
-8.86758e-08 -0.00401376 -7.63663e-06
-1.20363e-07 -0.00401367 -7.58888e-06
-8.86758e-08 -0.00401375 -7.58888e-06
-1.20363e-07 -0.00401367 -7.54113e-06
-8.86758e-08 -0.00401375 -7.54113e-06
-1.20363e-07 -0.00401367 -7.49338e-06
-8.86758e-08 -0.00401374 -7.49338e-06
-1.20363e-07 -0.00401366 -7.44563e-06
-8.86758e-08 -0.00401374 -7.44563e-06
-1.20363e-07 -0.00401366 -7.39789e-06
-8.86758e-08 -0.00401374 -7.39789e-06
-1.20363e-07 -0.00401365 -7.35014e-06
-8.86758e-08 -0.00401373 -7.35014e-06
-1.20363e-07 -0.00401365 -7.30239e-06
-8.86758e-08 -0.00401373 -7.30239e-06
-1.20363e-07 -0.00401365 -7.25464e-06
-8.86758e-08 -0.00401372 -7.25464e-06
-1.20363e-07 -0.00401364 -7.20689e-06
-8.86758e-08 -0.00401372 -7.20689e-06
