-1.43643e-07 -0.00400778 -9.75469e-06
-1.43643e-07 -0.00400749 -7.1295e-06
-2.15239e-07 -0.00400757 -9.75469e-06
-2.15239e-07 -0.00400727 -7.1295e-06
-1.43643e-07 -0.00400778 -9.71873e-06
-1.43643e-07 -0.00400777 -9.68277e-06
-1.43643e-07 -0.00400777 -9.64681e-06
-1.43643e-07 -0.00400776 -9.61085e-06
-1.43643e-07 -0.00400776 -9.57489e-06
-1.43643e-07 -0.00400776 -9.53892e-06
-1.43643e-07 -0.00400775 -9.50296e-06
-1.43643e-07 -0.00400775 -9.467e-06
-1.43643e-07 -0.00400774 -9.43104e-06
-1.43643e-07 -0.00400774 -9.39508e-06
-1.43643e-07 -0.00400774 -9.35912e-06
-1.43643e-07 -0.00400773 -9.32315e-06
-1.43643e-07 -0.00400773 -9.28719e-06
-1.43643e-07 -0.00400772 -9.25123e-06
-1.43643e-07 -0.00400772 -9.21527e-06
-1.43643e-07 -0.00400772 -9.17931e-06
-1.43643e-07 -0.00400771 -9.14335e-06
-1.43643e-07 -0.00400771 -9.10739e-06
-1.43643e-07 -0.0040077 -9.07142e-06
-1.43643e-07 -0.0040077 -9.03546e-06
-1.43643e-07 -0.0040077 -8.9995e-06
-1.43643e-07 -0.00400769 -8.96354e-06
-1.43643e-07 -0.00400769 -8.92758e-06
-1.43643e-07 -0.00400768 -8.89162e-06
-1.43643e-07 -0.00400768 -8.85565e-06
-1.43643e-07 -0.00400768 -8.81969e-06
-1.43643e-07 -0.00400767 -8.78373e-06
-1.43643e-07 -0.00400767 -8.74777e-06
-1.43643e-07 -0.00400766 -8.71181e-06
-1.43643e-07 -0.00400766 -8.67585e-06
-1.43643e-07 -0.00400766 -8.63988e-06
-1.43643e-07 -0.00400765 -8.60392e-06
-1.43643e-07 -0.00400765 -8.56796e-06
-1.43643e-07 -0.00400764 -8.532e-06
-1.43643e-07 -0.00400764 -8.49604e-06
-1.43643e-07 -0.00400764 -8.46008e-06
-1.43643e-07 -0.00400763 -8.42412e-06
-1.43643e-07 -0.00400763 -8.38815e-06
-1.43643e-07 -0.00400762 -8.35219e-06
-1.43643e-07 -0.00400762 -8.31623e-06
-1.43643e-07 -0.00400762 -8.28027e-06
-1.43643e-07 -0.00400761 -8.24431e-06
-1.43643e-07 -0.00400761 -8.20835e-06
-1.43643e-07 -0.0040076 -8.17238e-06
-1.43643e-07 -0.0040076 -8.13642e-06
-1.43643e-07 -0.0040076 -8.10046e-06
-1.43643e-07 -0.00400759 -8.0645e-06
-1.43643e-07 -0.00400759 -8.02854e-06
-1.43643e-07 -0.00400758 -7.99258e-06
-1.43643e-07 -0.00400758 -7.95662e-06
-1.43643e-07 -0.00400758 -7.92065e-06
-1.43643e-07 -0.00400757 -7.88469e-06
-1.43643e-07 -0.00400757 -7.84873e-06
-1.43643e-07 -0.00400756 -7.81277e-06
-1.43643e-07 -0.00400756 -7.77681e-06
-1.43643e-07 -0.00400756 -7.74085e-06
-1.43643e-07 -0.00400755 -7.70488e-06
-1.43643e-07 -0.00400755 -7.66892e-06
-1.43643e-07 -0.00400754 -7.63296e-06
-1.43643e-07 -0.00400754 -7.597e-06
-1.43643e-07 -0.00400754 -7.56104e-06
-1.43643e-07 -0.00400753 -7.52508e-06
-1.43643e-07 -0.00400753 -7.48911e-06
-1.43643e-07 -0.00400752 -7.45315e-06
-1.43643e-07 -0.00400752 -7.41719e-06
-1.43643e-07 -0.00400752 -7.38123e-06
-1.43643e-07 -0.00400751 -7.34527e-06
-1.43643e-07 -0.00400751 -7.30931e-06
-1.43643e-07 -0.0040075 -7.27335e-06
-1.43643e-07 -0.0040075 -7.23738e-06
-1.43643e-07 -0.0040075 -7.20142e-06
-1.43643e-07 -0.00400749 -7.16546e-06
-1.79441e-07 -0.00400738 -7.1295e-06
-1.79441e-07 -0.00400767 -9.75469e-06
-2.15239e-07 -0.00400728 -7.16546e-06
-2.15239e-07 -0.00400728 -7.20142e-06
-2.15239e-07 -0.00400728 -7.23738e-06
-2.15239e-07 -0.00400729 -7.27335e-06
-2.15239e-07 -0.00400729 -7.30931e-06
-2.15239e-07 -0.0040073 -7.34527e-06
-2.15239e-07 -0.0040073 -7.38123e-06
-2.15239e-07 -0.0040073 -7.41719e-06
-2.15239e-07 -0.00400731 -7.45315e-06
-2.15239e-07 -0.00400731 -7.48911e-06
-2.15239e-07 -0.00400732 -7.52508e-06
-2.15239e-07 -0.00400732 -7.56104e-06
-2.15239e-07 -0.00400732 -7.597e-06
-2.15239e-07 -0.00400733 -7.63296e-06
-2.15239e-07 -0.00400733 -7.66892e-06
-2.15239e-07 -0.00400734 -7.70488e-06
-2.15239e-07 -0.00400734 -7.74085e-06
-2.15239e-07 -0.00400734 -7.77681e-06
-2.15239e-07 -0.00400735 -7.81277e-06
-2.15239e-07 -0.00400735 -7.84873e-06
-2.15239e-07 -0.00400736 -7.88469e-06
-2.15239e-07 -0.00400736 -7.92065e-06
-2.15239e-07 -0.00400736 -7.95662e-06
-2.15239e-07 -0.00400737 -7.99258e-06
-2.15239e-07 -0.00400737 -8.02854e-06
-2.15239e-07 -0.00400738 -8.0645e-06
-2.15239e-07 -0.00400738 -8.10046e-06
-2.15239e-07 -0.00400738 -8.13642e-06
-2.15239e-07 -0.00400739 -8.17238e-06
-2.15239e-07 -0.00400739 -8.20835e-06
-2.15239e-07 -0.0040074 -8.24431e-06
-2.15239e-07 -0.0040074 -8.28027e-06
-2.15239e-07 -0.0040074 -8.31623e-06
-2.15239e-07 -0.00400741 -8.35219e-06
-2.15239e-07 -0.00400741 -8.38815e-06
-2.15239e-07 -0.00400742 -8.42412e-06
-2.15239e-07 -0.00400742 -8.46008e-06
-2.15239e-07 -0.00400742 -8.49604e-06
-2.15239e-07 -0.00400743 -8.532e-06
-2.15239e-07 -0.00400743 -8.56796e-06
-2.15239e-07 -0.00400744 -8.60392e-06
-2.15239e-07 -0.00400744 -8.63988e-06
-2.15239e-07 -0.00400744 -8.67585e-06
-2.15239e-07 -0.00400745 -8.71181e-06
-2.15239e-07 -0.00400745 -8.74777e-06
-2.15239e-07 -0.00400746 -8.78373e-06
-2.15239e-07 -0.00400746 -8.81969e-06
-2.15239e-07 -0.00400746 -8.85565e-06
-2.15239e-07 -0.00400747 -8.89162e-06
-2.15239e-07 -0.00400747 -8.92758e-06
-2.15239e-07 -0.00400748 -8.96354e-06
-2.15239e-07 -0.00400748 -8.9995e-06
-2.15239e-07 -0.00400748 -9.03546e-06
-2.15239e-07 -0.00400749 -9.07142e-06
-2.15239e-07 -0.00400749 -9.10739e-06
-2.15239e-07 -0.0040075 -9.14335e-06
-2.15239e-07 -0.0040075 -9.17931e-06
-2.15239e-07 -0.0040075 -9.21527e-06
-2.15239e-07 -0.00400751 -9.25123e-06
-2.15239e-07 -0.00400751 -9.28719e-06
-2.15239e-07 -0.00400752 -9.32315e-06
-2.15239e-07 -0.00400752 -9.35912e-06
-2.15239e-07 -0.00400753 -9.39508e-06
-2.15239e-07 -0.00400753 -9.43104e-06
-2.15239e-07 -0.00400753 -9.467e-06
-2.15239e-07 -0.00400754 -9.50296e-06
-2.15239e-07 -0.00400754 -9.53892e-06
-2.15239e-07 -0.00400755 -9.57489e-06
-2.15239e-07 -0.00400755 -9.61085e-06
-2.15239e-07 -0.00400755 -9.64681e-06
-2.15239e-07 -0.00400756 -9.68277e-06
-2.15239e-07 -0.00400756 -9.71873e-06
-1.79441e-07 -0.00400738 -7.16546e-06
-1.79441e-07 -0.00400739 -7.20142e-06
-1.79441e-07 -0.00400739 -7.23738e-06
-1.79441e-07 -0.0040074 -7.27335e-06
-1.79441e-07 -0.0040074 -7.30931e-06
-1.79441e-07 -0.0040074 -7.34527e-06
-1.79441e-07 -0.00400741 -7.38123e-06
-1.79441e-07 -0.00400741 -7.41719e-06
-1.79441e-07 -0.00400742 -7.45315e-06
-1.79441e-07 -0.00400742 -7.48911e-06
-1.79441e-07 -0.00400742 -7.52508e-06
-1.79441e-07 -0.00400743 -7.56104e-06
-1.79441e-07 -0.00400743 -7.597e-06
-1.79441e-07 -0.00400744 -7.63296e-06
-1.79441e-07 -0.00400744 -7.66892e-06
-1.79441e-07 -0.00400744 -7.70488e-06
-1.79441e-07 -0.00400745 -7.74085e-06
-1.79441e-07 -0.00400745 -7.77681e-06
-1.79441e-07 -0.00400746 -7.81277e-06
-1.79441e-07 -0.00400746 -7.84873e-06
-1.79441e-07 -0.00400746 -7.88469e-06
-1.79441e-07 -0.00400747 -7.92065e-06
-1.79441e-07 -0.00400747 -7.95662e-06
-1.79441e-07 -0.00400748 -7.99258e-06
-1.79441e-07 -0.00400748 -8.02854e-06
-1.79441e-07 -0.00400748 -8.0645e-06
-1.79441e-07 -0.00400749 -8.10046e-06
-1.79441e-07 -0.00400749 -8.13642e-06
-1.79441e-07 -0.0040075 -8.17238e-06
-1.79441e-07 -0.0040075 -8.20835e-06
-1.79441e-07 -0.0040075 -8.24431e-06
-1.79441e-07 -0.00400751 -8.28027e-06
-1.79441e-07 -0.00400751 -8.31623e-06
-1.79441e-07 -0.00400752 -8.35219e-06
-1.79441e-07 -0.00400752 -8.38815e-06
-1.79441e-07 -0.00400752 -8.42412e-06
-1.79441e-07 -0.00400753 -8.46008e-06
-1.79441e-07 -0.00400753 -8.49604e-06
-1.79441e-07 -0.00400754 -8.532e-06
-1.79441e-07 -0.00400754 -8.56796e-06
-1.79441e-07 -0.00400754 -8.60392e-06
-1.79441e-07 -0.00400755 -8.63988e-06
-1.79441e-07 -0.00400755 -8.67585e-06
-1.79441e-07 -0.00400756 -8.71181e-06
-1.79441e-07 -0.00400756 -8.74777e-06
-1.79441e-07 -0.00400756 -8.78373e-06
-1.79441e-07 -0.00400757 -8.81969e-06
-1.79441e-07 -0.00400757 -8.85565e-06
-1.79441e-07 -0.00400758 -8.89162e-06
-1.79441e-07 -0.00400758 -8.92758e-06
-1.79441e-07 -0.00400758 -8.96354e-06
-1.79441e-07 -0.00400759 -8.9995e-06
-1.79441e-07 -0.00400759 -9.03546e-06
-1.79441e-07 -0.0040076 -9.07142e-06
-1.79441e-07 -0.0040076 -9.10739e-06
-1.79441e-07 -0.0040076 -9.14335e-06
-1.79441e-07 -0.00400761 -9.17931e-06
-1.79441e-07 -0.00400761 -9.21527e-06
-1.79441e-07 -0.00400762 -9.25123e-06
-1.79441e-07 -0.00400762 -9.28719e-06
-1.79441e-07 -0.00400762 -9.32315e-06
-1.79441e-07 -0.00400763 -9.35912e-06
-1.79441e-07 -0.00400763 -9.39508e-06
-1.79441e-07 -0.00400764 -9.43104e-06
-1.79441e-07 -0.00400764 -9.467e-06
-1.79441e-07 -0.00400764 -9.50296e-06
-1.79441e-07 -0.00400765 -9.53892e-06
-1.79441e-07 -0.00400765 -9.57489e-06
-1.79441e-07 -0.00400766 -9.61085e-06
-1.79441e-07 -0.00400766 -9.64681e-06
-1.79441e-07 -0.00400766 -9.68277e-06
-1.79441e-07 -0.00400767 -9.71873e-06
-2.39105e-07 -0.00400749 -9.75469e-06
-2.15239e-07 -0.00400757 -9.75469e-06
-2.39105e-07 -0.00400749 -9.71873e-06
-2.15239e-07 -0.00400756 -9.71873e-06
-2.39105e-07 -0.00400749 -9.68277e-06
-2.15239e-07 -0.00400756 -9.68277e-06
-2.39105e-07 -0.00400748 -9.64681e-06
-2.15239e-07 -0.00400755 -9.64681e-06
-2.39105e-07 -0.00400748 -9.61085e-06
-2.15239e-07 -0.00400755 -9.61085e-06
-2.39105e-07 -0.00400747 -9.57489e-06
-2.15239e-07 -0.00400755 -9.57489e-06
-2.39105e-07 -0.00400747 -9.53892e-06
-2.15239e-07 -0.00400754 -9.53892e-06
-2.39105e-07 -0.00400747 -9.50296e-06
-2.15239e-07 -0.00400754 -9.50296e-06
-2.39105e-07 -0.00400746 -9.467e-06
-2.15239e-07 -0.00400753 -9.467e-06
-2.39105e-07 -0.00400746 -9.43104e-06
-2.15239e-07 -0.00400753 -9.43104e-06
-2.39105e-07 -0.00400745 -9.39508e-06
-2.15239e-07 -0.00400753 -9.39508e-06
-2.39105e-07 -0.00400745 -9.35912e-06
-2.15239e-07 -0.00400752 -9.35912e-06
-2.39105e-07 -0.00400745 -9.32315e-06
-2.15239e-07 -0.00400752 -9.32315e-06
-2.39105e-07 -0.00400744 -9.28719e-06
-2.15239e-07 -0.00400751 -9.28719e-06
-2.39105e-07 -0.00400744 -9.25123e-06
-2.15239e-07 -0.00400751 -9.25123e-06
-2.39105e-07 -0.00400743 -9.21527e-06
-2.15239e-07 -0.0040075 -9.21527e-06
-2.39105e-07 -0.00400743 -9.17931e-06
-2.15239e-07 -0.0040075 -9.17931e-06
-2.39105e-07 -0.00400743 -9.14335e-06
-2.15239e-07 -0.0040075 -9.14335e-06
-2.39105e-07 -0.00400742 -9.10739e-06
-2.15239e-07 -0.00400749 -9.10739e-06
-2.39105e-07 -0.00400742 -9.07142e-06
-2.15239e-07 -0.00400749 -9.07142e-06
-2.39105e-07 -0.00400741 -9.03546e-06
-2.15239e-07 -0.00400748 -9.03546e-06
-2.39105e-07 -0.00400741 -8.9995e-06
-2.15239e-07 -0.00400748 -8.9995e-06
-2.39105e-07 -0.00400741 -8.96354e-06
-2.15239e-07 -0.00400748 -8.96354e-06
-2.39105e-07 -0.0040074 -8.92758e-06
-2.15239e-07 -0.00400747 -8.92758e-06
-2.39105e-07 -0.0040074 -8.89162e-06
-2.15239e-07 -0.00400747 -8.89162e-06
-2.39105e-07 -0.00400739 -8.85565e-06
-2.15239e-07 -0.00400746 -8.85565e-06
-2.39105e-07 -0.00400739 -8.81969e-06
-2.15239e-07 -0.00400746 -8.81969e-06
-2.39105e-07 -0.00400739 -8.78373e-06
-2.15239e-07 -0.00400746 -8.78373e-06
-2.39105e-07 -0.00400738 -8.74777e-06
-2.15239e-07 -0.00400745 -8.74777e-06
-2.39105e-07 -0.00400738 -8.71181e-06
-2.15239e-07 -0.00400745 -8.71181e-06
-2.39105e-07 -0.00400737 -8.67585e-06
-2.15239e-07 -0.00400744 -8.67585e-06
-2.39105e-07 -0.00400737 -8.63988e-06
-2.15239e-07 -0.00400744 -8.63988e-06
-2.39105e-07 -0.00400737 -8.60392e-06
-2.15239e-07 -0.00400744 -8.60392e-06
-2.39105e-07 -0.00400736 -8.56796e-06
-2.15239e-07 -0.00400743 -8.56796e-06
-2.39105e-07 -0.00400736 -8.532e-06
-2.15239e-07 -0.00400743 -8.532e-06
-2.39105e-07 -0.00400735 -8.49604e-06
-2.15239e-07 -0.00400742 -8.49604e-06
-2.39105e-07 -0.00400735 -8.46008e-06
-2.15239e-07 -0.00400742 -8.46008e-06
-2.39105e-07 -0.00400735 -8.42412e-06
-2.15239e-07 -0.00400742 -8.42412e-06
-2.39105e-07 -0.00400734 -8.38815e-06
-2.15239e-07 -0.00400741 -8.38815e-06
-2.39105e-07 -0.00400734 -8.35219e-06
-2.15239e-07 -0.00400741 -8.35219e-06
-2.39105e-07 -0.00400733 -8.31623e-06
-2.15239e-07 -0.0040074 -8.31623e-06
-2.39105e-07 -0.00400733 -8.28027e-06
-2.15239e-07 -0.0040074 -8.28027e-06
-2.39105e-07 -0.00400733 -8.24431e-06
-2.15239e-07 -0.0040074 -8.24431e-06
-2.39105e-07 -0.00400732 -8.20835e-06
-2.15239e-07 -0.00400739 -8.20835e-06
-2.39105e-07 -0.00400732 -8.17238e-06
-2.15239e-07 -0.00400739 -8.17238e-06
-2.39105e-07 -0.00400731 -8.13642e-06
-2.15239e-07 -0.00400738 -8.13642e-06
-2.39105e-07 -0.00400731 -8.10046e-06
-2.15239e-07 -0.00400738 -8.10046e-06
-2.39105e-07 -0.00400731 -8.0645e-06
-2.15239e-07 -0.00400738 -8.0645e-06
-2.39105e-07 -0.0040073 -8.02854e-06
-2.15239e-07 -0.00400737 -8.02854e-06
-2.39105e-07 -0.0040073 -7.99258e-06
-2.15239e-07 -0.00400737 -7.99258e-06
-2.39105e-07 -0.00400729 -7.95662e-06
-2.15239e-07 -0.00400736 -7.95662e-06
-2.39105e-07 -0.00400729 -7.92065e-06
-2.15239e-07 -0.00400736 -7.92065e-06
-2.39105e-07 -0.00400728 -7.88469e-06
-2.15239e-07 -0.00400736 -7.88469e-06
-2.39105e-07 -0.00400728 -7.84873e-06
-2.15239e-07 -0.00400735 -7.84873e-06
-2.39105e-07 -0.00400728 -7.81277e-06
-2.15239e-07 -0.00400735 -7.81277e-06
-2.39105e-07 -0.00400727 -7.77681e-06
-2.15239e-07 -0.00400734 -7.77681e-06
-2.39105e-07 -0.00400727 -7.74085e-06
-2.15239e-07 -0.00400734 -7.74085e-06
-2.39105e-07 -0.00400726 -7.70488e-06
-2.15239e-07 -0.00400734 -7.70488e-06
-2.39105e-07 -0.00400726 -7.66892e-06
-2.15239e-07 -0.00400733 -7.66892e-06
-2.39105e-07 -0.00400726 -7.63296e-06
-2.15239e-07 -0.00400733 -7.63296e-06
-2.39105e-07 -0.00400725 -7.597e-06
-2.15239e-07 -0.00400732 -7.597e-06
-2.39105e-07 -0.00400725 -7.56104e-06
-2.15239e-07 -0.00400732 -7.56104e-06
-2.39105e-07 -0.00400724 -7.52508e-06
-2.15239e-07 -0.00400732 -7.52508e-06
-2.39105e-07 -0.00400724 -7.48911e-06
-2.15239e-07 -0.00400731 -7.48911e-06
-2.39105e-07 -0.00400724 -7.45315e-06
-2.15239e-07 -0.00400731 -7.45315e-06
-2.39105e-07 -0.00400723 -7.41719e-06
-2.15239e-07 -0.0040073 -7.41719e-06
-2.39105e-07 -0.00400723 -7.38123e-06
-2.15239e-07 -0.0040073 -7.38123e-06
-2.39105e-07 -0.00400722 -7.34527e-06
-2.15239e-07 -0.0040073 -7.34527e-06
-2.39105e-07 -0.00400722 -7.30931e-06
-2.15239e-07 -0.00400729 -7.30931e-06
-2.39105e-07 -0.00400722 -7.27335e-06
-2.15239e-07 -0.00400729 -7.27335e-06
-2.39105e-07 -0.00400721 -7.23738e-06
-2.15239e-07 -0.00400728 -7.23738e-06
-2.39105e-07 -0.00400721 -7.20142e-06
-2.15239e-07 -0.00400728 -7.20142e-06
-2.39105e-07 -0.0040072 -7.16546e-06
-2.15239e-07 -0.00400728 -7.16546e-06
-2.39105e-07 -0.0040072 -7.1295e-06
-2.15239e-07 -0.00400727 -7.1295e-06
-1.43643e-07 -0.00400778 -9.75469e-06
-1.19778e-07 -0.00400785 -9.75469e-06
-1.43643e-07 -0.00400778 -9.71873e-06
-1.19778e-07 -0.00400785 -9.71873e-06
-1.43643e-07 -0.00400777 -9.68277e-06
-1.19778e-07 -0.00400784 -9.68277e-06
-1.43643e-07 -0.00400777 -9.64681e-06
-1.19778e-07 -0.00400784 -9.64681e-06
-1.43643e-07 -0.00400776 -9.61085e-06
-1.19778e-07 -0.00400783 -9.61085e-06
-1.43643e-07 -0.00400776 -9.57489e-06
-1.19778e-07 -0.00400783 -9.57489e-06
-1.43643e-07 -0.00400776 -9.53892e-06
-1.19778e-07 -0.00400783 -9.53892e-06
-1.43643e-07 -0.00400775 -9.50296e-06
-1.19778e-07 -0.00400782 -9.50296e-06
-1.43643e-07 -0.00400775 -9.467e-06
-1.19778e-07 -0.00400782 -9.467e-06
-1.43643e-07 -0.00400774 -9.43104e-06
-1.19778e-07 -0.00400781 -9.43104e-06
-1.43643e-07 -0.00400774 -9.39508e-06
-1.19778e-07 -0.00400781 -9.39508e-06
-1.43643e-07 -0.00400774 -9.35912e-06
-1.19778e-07 -0.00400781 -9.35912e-06
-1.43643e-07 -0.00400773 -9.32315e-06
-1.19778e-07 -0.0040078 -9.32315e-06
-1.43643e-07 -0.00400773 -9.28719e-06
-1.19778e-07 -0.0040078 -9.28719e-06
-1.43643e-07 -0.00400772 -9.25123e-06
-1.19778e-07 -0.00400779 -9.25123e-06
-1.43643e-07 -0.00400772 -9.21527e-06
-1.19778e-07 -0.00400779 -9.21527e-06
-1.43643e-07 -0.00400772 -9.17931e-06
-1.19778e-07 -0.00400779 -9.17931e-06
-1.43643e-07 -0.00400771 -9.14335e-06
-1.19778e-07 -0.00400778 -9.14335e-06
-1.43643e-07 -0.00400771 -9.10739e-06
-1.19778e-07 -0.00400778 -9.10739e-06
-1.43643e-07 -0.0040077 -9.07142e-06
-1.19778e-07 -0.00400777 -9.07142e-06
-1.43643e-07 -0.0040077 -9.03546e-06
-1.19778e-07 -0.00400777 -9.03546e-06
-1.43643e-07 -0.0040077 -8.9995e-06
-1.19778e-07 -0.00400777 -8.9995e-06
-1.43643e-07 -0.00400769 -8.96354e-06
-1.19778e-07 -0.00400776 -8.96354e-06
-1.43643e-07 -0.00400769 -8.92758e-06
-1.19778e-07 -0.00400776 -8.92758e-06
-1.43643e-07 -0.00400768 -8.89162e-06
-1.19778e-07 -0.00400775 -8.89162e-06
-1.43643e-07 -0.00400768 -8.85565e-06
-1.19778e-07 -0.00400775 -8.85565e-06
-1.43643e-07 -0.00400768 -8.81969e-06
-1.19778e-07 -0.00400775 -8.81969e-06
-1.43643e-07 -0.00400767 -8.78373e-06
-1.19778e-07 -0.00400774 -8.78373e-06
-1.43643e-07 -0.00400767 -8.74777e-06
-1.19778e-07 -0.00400774 -8.74777e-06
-1.43643e-07 -0.00400766 -8.71181e-06
-1.19778e-07 -0.00400773 -8.71181e-06
-1.43643e-07 -0.00400766 -8.67585e-06
-1.19778e-07 -0.00400773 -8.67585e-06
-1.43643e-07 -0.00400766 -8.63988e-06
-1.19778e-07 -0.00400773 -8.63988e-06
-1.43643e-07 -0.00400765 -8.60392e-06
-1.19778e-07 -0.00400772 -8.60392e-06
-1.43643e-07 -0.00400765 -8.56796e-06
-1.19778e-07 -0.00400772 -8.56796e-06
-1.43643e-07 -0.00400764 -8.532e-06
-1.19778e-07 -0.00400771 -8.532e-06
-1.43643e-07 -0.00400764 -8.49604e-06
-1.19778e-07 -0.00400771 -8.49604e-06
-1.43643e-07 -0.00400764 -8.46008e-06
-1.19778e-07 -0.00400771 -8.46008e-06
-1.43643e-07 -0.00400763 -8.42412e-06
-1.19778e-07 -0.0040077 -8.42412e-06
-1.43643e-07 -0.00400763 -8.38815e-06
-1.19778e-07 -0.0040077 -8.38815e-06
-1.43643e-07 -0.00400762 -8.35219e-06
-1.19778e-07 -0.00400769 -8.35219e-06
-1.43643e-07 -0.00400762 -8.31623e-06
-1.19778e-07 -0.00400769 -8.31623e-06
-1.43643e-07 -0.00400762 -8.28027e-06
-1.19778e-07 -0.00400769 -8.28027e-06
-1.43643e-07 -0.00400761 -8.24431e-06
-1.19778e-07 -0.00400768 -8.24431e-06
-1.43643e-07 -0.00400761 -8.20835e-06
-1.19778e-07 -0.00400768 -8.20835e-06
-1.43643e-07 -0.0040076 -8.17238e-06
-1.19778e-07 -0.00400767 -8.17238e-06
-1.43643e-07 -0.0040076 -8.13642e-06
-1.19778e-07 -0.00400767 -8.13642e-06
-1.43643e-07 -0.0040076 -8.10046e-06
-1.19778e-07 -0.00400767 -8.10046e-06
-1.43643e-07 -0.00400759 -8.0645e-06
-1.19778e-07 -0.00400766 -8.0645e-06
-1.43643e-07 -0.00400759 -8.02854e-06
-1.19778e-07 -0.00400766 -8.02854e-06
-1.43643e-07 -0.00400758 -7.99258e-06
-1.19778e-07 -0.00400765 -7.99258e-06
-1.43643e-07 -0.00400758 -7.95662e-06
-1.19778e-07 -0.00400765 -7.95662e-06
-1.43643e-07 -0.00400758 -7.92065e-06
-1.19778e-07 -0.00400765 -7.92065e-06
-1.43643e-07 -0.00400757 -7.88469e-06
-1.19778e-07 -0.00400764 -7.88469e-06
-1.43643e-07 -0.00400757 -7.84873e-06
-1.19778e-07 -0.00400764 -7.84873e-06
-1.43643e-07 -0.00400756 -7.81277e-06
-1.19778e-07 -0.00400763 -7.81277e-06
-1.43643e-07 -0.00400756 -7.77681e-06
-1.19778e-07 -0.00400763 -7.77681e-06
-1.43643e-07 -0.00400756 -7.74085e-06
-1.19778e-07 -0.00400763 -7.74085e-06
-1.43643e-07 -0.00400755 -7.70488e-06
-1.19778e-07 -0.00400762 -7.70488e-06
-1.43643e-07 -0.00400755 -7.66892e-06
-1.19778e-07 -0.00400762 -7.66892e-06
-1.43643e-07 -0.00400754 -7.63296e-06
-1.19778e-07 -0.00400761 -7.63296e-06
-1.43643e-07 -0.00400754 -7.597e-06
-1.19778e-07 -0.00400761 -7.597e-06
-1.43643e-07 -0.00400754 -7.56104e-06
-1.19778e-07 -0.00400761 -7.56104e-06
-1.43643e-07 -0.00400753 -7.52508e-06
-1.19778e-07 -0.0040076 -7.52508e-06
-1.43643e-07 -0.00400753 -7.48911e-06
-1.19778e-07 -0.0040076 -7.48911e-06
-1.43643e-07 -0.00400752 -7.45315e-06
-1.19778e-07 -0.00400759 -7.45315e-06
-1.43643e-07 -0.00400752 -7.41719e-06
-1.19778e-07 -0.00400759 -7.41719e-06
-1.43643e-07 -0.00400752 -7.38123e-06
-1.19778e-07 -0.00400759 -7.38123e-06
-1.43643e-07 -0.00400751 -7.34527e-06
-1.19778e-07 -0.00400758 -7.34527e-06
-1.43643e-07 -0.00400751 -7.30931e-06
-1.19778e-07 -0.00400758 -7.30931e-06
-1.43643e-07 -0.0040075 -7.27335e-06
-1.19778e-07 -0.00400757 -7.27335e-06
-1.43643e-07 -0.0040075 -7.23738e-06
-1.19778e-07 -0.00400757 -7.23738e-06
-1.43643e-07 -0.0040075 -7.20142e-06
-1.19778e-07 -0.00400757 -7.20142e-06
-1.43643e-07 -0.00400749 -7.16546e-06
-1.19778e-07 -0.00400756 -7.16546e-06
-1.43643e-07 -0.00400749 -7.1295e-06
-1.19778e-07 -0.00400756 -7.1295e-06
