1.19504e-07 -0.00399852 -1.39963e-06
1.19504e-07 -0.00399866 -3.65698e-07
9.13061e-08 -0.00399852 -1.39963e-06
9.13061e-08 -0.00399865 -3.65698e-07
1.19504e-07 -0.00399853 -1.38547e-06
1.19504e-07 -0.00399853 -1.37131e-06
1.19504e-07 -0.00399853 -1.35714e-06
1.19504e-07 -0.00399853 -1.34298e-06
1.19504e-07 -0.00399853 -1.32881e-06
1.19504e-07 -0.00399853 -1.31465e-06
1.19504e-07 -0.00399854 -1.30049e-06
1.19504e-07 -0.00399854 -1.28632e-06
1.19504e-07 -0.00399854 -1.27216e-06
1.19504e-07 -0.00399854 -1.258e-06
1.19504e-07 -0.00399854 -1.24383e-06
1.19504e-07 -0.00399855 -1.22967e-06
1.19504e-07 -0.00399855 -1.21551e-06
1.19504e-07 -0.00399855 -1.20134e-06
1.19504e-07 -0.00399855 -1.18718e-06
1.19504e-07 -0.00399855 -1.17302e-06
1.19504e-07 -0.00399855 -1.15885e-06
1.19504e-07 -0.00399856 -1.14469e-06
1.19504e-07 -0.00399856 -1.13053e-06
1.19504e-07 -0.00399856 -1.11636e-06
1.19504e-07 -0.00399856 -1.1022e-06
1.19504e-07 -0.00399856 -1.08804e-06
1.19504e-07 -0.00399857 -1.07387e-06
1.19504e-07 -0.00399857 -1.05971e-06
1.19504e-07 -0.00399857 -1.04555e-06
1.19504e-07 -0.00399857 -1.03138e-06
1.19504e-07 -0.00399857 -1.01722e-06
1.19504e-07 -0.00399857 -1.00305e-06
1.19504e-07 -0.00399858 -9.88891e-07
1.19504e-07 -0.00399858 -9.74728e-07
1.19504e-07 -0.00399858 -9.60564e-07
1.19504e-07 -0.00399858 -9.46401e-07
1.19504e-07 -0.00399858 -9.32237e-07
1.19504e-07 -0.00399859 -9.18074e-07
1.19504e-07 -0.00399859 -9.0391e-07
1.19504e-07 -0.00399859 -8.89747e-07
1.19504e-07 -0.00399859 -8.75583e-07
1.19504e-07 -0.00399859 -8.6142e-07
1.19504e-07 -0.00399859 -8.47256e-07
1.19504e-07 -0.0039986 -8.33093e-07
1.19504e-07 -0.0039986 -8.18929e-07
1.19504e-07 -0.0039986 -8.04766e-07
1.19504e-07 -0.0039986 -7.90603e-07
1.19504e-07 -0.0039986 -7.76439e-07
1.19504e-07 -0.00399861 -7.62276e-07
1.19504e-07 -0.00399861 -7.48112e-07
1.19504e-07 -0.00399861 -7.33949e-07
1.19504e-07 -0.00399861 -7.19785e-07
1.19504e-07 -0.00399861 -7.05622e-07
1.19504e-07 -0.00399861 -6.91458e-07
1.19504e-07 -0.00399862 -6.77295e-07
1.19504e-07 -0.00399862 -6.63131e-07
1.19504e-07 -0.00399862 -6.48968e-07
1.19504e-07 -0.00399862 -6.34804e-07
1.19504e-07 -0.00399862 -6.20641e-07
1.19504e-07 -0.00399863 -6.06477e-07
1.19504e-07 -0.00399863 -5.92314e-07
1.19504e-07 -0.00399863 -5.7815e-07
1.19504e-07 -0.00399863 -5.63987e-07
1.19504e-07 -0.00399863 -5.49823e-07
1.19504e-07 -0.00399863 -5.3566e-07
1.19504e-07 -0.00399864 -5.21496e-07
1.19504e-07 -0.00399864 -5.07333e-07
1.19504e-07 -0.00399864 -4.9317e-07
1.19504e-07 -0.00399864 -4.79006e-07
1.19504e-07 -0.00399864 -4.64843e-07
1.19504e-07 -0.00399865 -4.50679e-07
1.19504e-07 -0.00399865 -4.36516e-07
1.19504e-07 -0.00399865 -4.22352e-07
1.19504e-07 -0.00399865 -4.08189e-07
1.19504e-07 -0.00399865 -3.94025e-07
1.19504e-07 -0.00399865 -3.79862e-07
1.05405e-07 -0.00399865 -3.65698e-07
1.05405e-07 -0.00399852 -1.39963e-06
9.13061e-08 -0.00399865 -3.79862e-07
9.13061e-08 -0.00399865 -3.94025e-07
9.13061e-08 -0.00399865 -4.08189e-07
9.13061e-08 -0.00399865 -4.22352e-07
9.13061e-08 -0.00399864 -4.36516e-07
9.13061e-08 -0.00399864 -4.50679e-07
9.13061e-08 -0.00399864 -4.64843e-07
9.13061e-08 -0.00399864 -4.79006e-07
9.13061e-08 -0.00399864 -4.9317e-07
9.13061e-08 -0.00399863 -5.07333e-07
9.13061e-08 -0.00399863 -5.21496e-07
9.13061e-08 -0.00399863 -5.3566e-07
9.13061e-08 -0.00399863 -5.49823e-07
9.13061e-08 -0.00399863 -5.63987e-07
9.13061e-08 -0.00399863 -5.7815e-07
9.13061e-08 -0.00399862 -5.92314e-07
9.13061e-08 -0.00399862 -6.06477e-07
9.13061e-08 -0.00399862 -6.20641e-07
9.13061e-08 -0.00399862 -6.34804e-07
9.13061e-08 -0.00399862 -6.48968e-07
9.13061e-08 -0.00399861 -6.63131e-07
9.13061e-08 -0.00399861 -6.77295e-07
9.13061e-08 -0.00399861 -6.91458e-07
9.13061e-08 -0.00399861 -7.05622e-07
9.13061e-08 -0.00399861 -7.19785e-07
9.13061e-08 -0.00399861 -7.33949e-07
9.13061e-08 -0.0039986 -7.48112e-07
9.13061e-08 -0.0039986 -7.62276e-07
9.13061e-08 -0.0039986 -7.76439e-07
9.13061e-08 -0.0039986 -7.90603e-07
9.13061e-08 -0.0039986 -8.04766e-07
9.13061e-08 -0.00399859 -8.18929e-07
9.13061e-08 -0.00399859 -8.33093e-07
9.13061e-08 -0.00399859 -8.47256e-07
9.13061e-08 -0.00399859 -8.6142e-07
9.13061e-08 -0.00399859 -8.75583e-07
9.13061e-08 -0.00399859 -8.89747e-07
9.13061e-08 -0.00399858 -9.0391e-07
9.13061e-08 -0.00399858 -9.18074e-07
9.13061e-08 -0.00399858 -9.32237e-07
9.13061e-08 -0.00399858 -9.46401e-07
9.13061e-08 -0.00399858 -9.60564e-07
9.13061e-08 -0.00399857 -9.74728e-07
9.13061e-08 -0.00399857 -9.88891e-07
9.13061e-08 -0.00399857 -1.00305e-06
9.13061e-08 -0.00399857 -1.01722e-06
9.13061e-08 -0.00399857 -1.03138e-06
9.13061e-08 -0.00399857 -1.04555e-06
9.13061e-08 -0.00399856 -1.05971e-06
9.13061e-08 -0.00399856 -1.07387e-06
9.13061e-08 -0.00399856 -1.08804e-06
9.13061e-08 -0.00399856 -1.1022e-06
9.13061e-08 -0.00399856 -1.11636e-06
9.13061e-08 -0.00399855 -1.13053e-06
9.13061e-08 -0.00399855 -1.14469e-06
9.13061e-08 -0.00399855 -1.15885e-06
9.13061e-08 -0.00399855 -1.17302e-06
9.13061e-08 -0.00399855 -1.18718e-06
9.13061e-08 -0.00399855 -1.20134e-06
9.13061e-08 -0.00399854 -1.21551e-06
9.13061e-08 -0.00399854 -1.22967e-06
9.13061e-08 -0.00399854 -1.24383e-06
9.13061e-08 -0.00399854 -1.258e-06
9.13061e-08 -0.00399854 -1.27216e-06
9.13061e-08 -0.00399853 -1.28632e-06
9.13061e-08 -0.00399853 -1.30049e-06
9.13061e-08 -0.00399853 -1.31465e-06
9.13061e-08 -0.00399853 -1.32881e-06
9.13061e-08 -0.00399853 -1.34298e-06
9.13061e-08 -0.00399853 -1.35714e-06
9.13061e-08 -0.00399852 -1.37131e-06
9.13061e-08 -0.00399852 -1.38547e-06
1.05405e-07 -0.00399865 -3.79862e-07
1.05405e-07 -0.00399865 -3.94025e-07
1.05405e-07 -0.00399865 -4.08189e-07
1.05405e-07 -0.00399865 -4.22352e-07
1.05405e-07 -0.00399865 -4.36516e-07
1.05405e-07 -0.00399864 -4.50679e-07
1.05405e-07 -0.00399864 -4.64843e-07
1.05405e-07 -0.00399864 -4.79006e-07
1.05405e-07 -0.00399864 -4.9317e-07
1.05405e-07 -0.00399864 -5.07333e-07
1.05405e-07 -0.00399863 -5.21496e-07
1.05405e-07 -0.00399863 -5.3566e-07
1.05405e-07 -0.00399863 -5.49823e-07
1.05405e-07 -0.00399863 -5.63987e-07
1.05405e-07 -0.00399863 -5.7815e-07
1.05405e-07 -0.00399863 -5.92314e-07
1.05405e-07 -0.00399862 -6.06477e-07
1.05405e-07 -0.00399862 -6.20641e-07
1.05405e-07 -0.00399862 -6.34804e-07
1.05405e-07 -0.00399862 -6.48968e-07
1.05405e-07 -0.00399862 -6.63131e-07
1.05405e-07 -0.00399861 -6.77295e-07
1.05405e-07 -0.00399861 -6.91458e-07
1.05405e-07 -0.00399861 -7.05622e-07
1.05405e-07 -0.00399861 -7.19785e-07
1.05405e-07 -0.00399861 -7.33949e-07
1.05405e-07 -0.00399861 -7.48112e-07
1.05405e-07 -0.0039986 -7.62276e-07
1.05405e-07 -0.0039986 -7.76439e-07
1.05405e-07 -0.0039986 -7.90603e-07
1.05405e-07 -0.0039986 -8.04766e-07
1.05405e-07 -0.0039986 -8.18929e-07
1.05405e-07 -0.00399859 -8.33093e-07
1.05405e-07 -0.00399859 -8.47256e-07
1.05405e-07 -0.00399859 -8.6142e-07
1.05405e-07 -0.00399859 -8.75583e-07
1.05405e-07 -0.00399859 -8.89747e-07
1.05405e-07 -0.00399859 -9.0391e-07
1.05405e-07 -0.00399858 -9.18074e-07
1.05405e-07 -0.00399858 -9.32237e-07
1.05405e-07 -0.00399858 -9.46401e-07
1.05405e-07 -0.00399858 -9.60564e-07
1.05405e-07 -0.00399858 -9.74728e-07
1.05405e-07 -0.00399857 -9.88891e-07
1.05405e-07 -0.00399857 -1.00305e-06
1.05405e-07 -0.00399857 -1.01722e-06
1.05405e-07 -0.00399857 -1.03138e-06
1.05405e-07 -0.00399857 -1.04555e-06
1.05405e-07 -0.00399857 -1.05971e-06
1.05405e-07 -0.00399856 -1.07387e-06
1.05405e-07 -0.00399856 -1.08804e-06
1.05405e-07 -0.00399856 -1.1022e-06
1.05405e-07 -0.00399856 -1.11636e-06
1.05405e-07 -0.00399856 -1.13053e-06
1.05405e-07 -0.00399855 -1.14469e-06
1.05405e-07 -0.00399855 -1.15885e-06
1.05405e-07 -0.00399855 -1.17302e-06
1.05405e-07 -0.00399855 -1.18718e-06
1.05405e-07 -0.00399855 -1.20134e-06
1.05405e-07 -0.00399855 -1.21551e-06
1.05405e-07 -0.00399854 -1.22967e-06
1.05405e-07 -0.00399854 -1.24383e-06
1.05405e-07 -0.00399854 -1.258e-06
1.05405e-07 -0.00399854 -1.27216e-06
1.05405e-07 -0.00399854 -1.28632e-06
1.05405e-07 -0.00399853 -1.30049e-06
1.05405e-07 -0.00399853 -1.31465e-06
1.05405e-07 -0.00399853 -1.32881e-06
1.05405e-07 -0.00399853 -1.34298e-06
1.05405e-07 -0.00399853 -1.35714e-06
1.05405e-07 -0.00399853 -1.37131e-06
1.05405e-07 -0.00399852 -1.38547e-06
8.19067e-08 -0.00399852 -1.39963e-06
9.13061e-08 -0.00399852 -1.39963e-06
8.19067e-08 -0.00399852 -1.38547e-06
9.13061e-08 -0.00399852 -1.38547e-06
8.19067e-08 -0.00399852 -1.37131e-06
9.13061e-08 -0.00399852 -1.37131e-06
8.19067e-08 -0.00399852 -1.35714e-06
9.13061e-08 -0.00399853 -1.35714e-06
8.19067e-08 -0.00399853 -1.34298e-06
9.13061e-08 -0.00399853 -1.34298e-06
8.19067e-08 -0.00399853 -1.32881e-06
9.13061e-08 -0.00399853 -1.32881e-06
8.19067e-08 -0.00399853 -1.31465e-06
9.13061e-08 -0.00399853 -1.31465e-06
8.19067e-08 -0.00399853 -1.30049e-06
9.13061e-08 -0.00399853 -1.30049e-06
8.19067e-08 -0.00399853 -1.28632e-06
9.13061e-08 -0.00399853 -1.28632e-06
8.19067e-08 -0.00399853 -1.27216e-06
9.13061e-08 -0.00399854 -1.27216e-06
8.19067e-08 -0.00399854 -1.258e-06
9.13061e-08 -0.00399854 -1.258e-06
8.19067e-08 -0.00399854 -1.24383e-06
9.13061e-08 -0.00399854 -1.24383e-06
8.19067e-08 -0.00399854 -1.22967e-06
9.13061e-08 -0.00399854 -1.22967e-06
8.19067e-08 -0.00399854 -1.21551e-06
9.13061e-08 -0.00399854 -1.21551e-06
8.19067e-08 -0.00399854 -1.20134e-06
9.13061e-08 -0.00399855 -1.20134e-06
8.19067e-08 -0.00399855 -1.18718e-06
9.13061e-08 -0.00399855 -1.18718e-06
8.19067e-08 -0.00399855 -1.17302e-06
9.13061e-08 -0.00399855 -1.17302e-06
8.19067e-08 -0.00399855 -1.15885e-06
9.13061e-08 -0.00399855 -1.15885e-06
8.19067e-08 -0.00399855 -1.14469e-06
9.13061e-08 -0.00399855 -1.14469e-06
8.19067e-08 -0.00399855 -1.13053e-06
9.13061e-08 -0.00399855 -1.13053e-06
8.19067e-08 -0.00399855 -1.11636e-06
9.13061e-08 -0.00399856 -1.11636e-06
8.19067e-08 -0.00399856 -1.1022e-06
9.13061e-08 -0.00399856 -1.1022e-06
8.19067e-08 -0.00399856 -1.08804e-06
9.13061e-08 -0.00399856 -1.08804e-06
8.19067e-08 -0.00399856 -1.07387e-06
9.13061e-08 -0.00399856 -1.07387e-06
8.19067e-08 -0.00399856 -1.05971e-06
9.13061e-08 -0.00399856 -1.05971e-06
8.19067e-08 -0.00399856 -1.04555e-06
9.13061e-08 -0.00399857 -1.04555e-06
8.19067e-08 -0.00399857 -1.03138e-06
9.13061e-08 -0.00399857 -1.03138e-06
8.19067e-08 -0.00399857 -1.01722e-06
9.13061e-08 -0.00399857 -1.01722e-06
8.19067e-08 -0.00399857 -1.00305e-06
9.13061e-08 -0.00399857 -1.00305e-06
8.19067e-08 -0.00399857 -9.88891e-07
9.13061e-08 -0.00399857 -9.88891e-07
8.19067e-08 -0.00399857 -9.74728e-07
9.13061e-08 -0.00399857 -9.74728e-07
8.19067e-08 -0.00399857 -9.60564e-07
9.13061e-08 -0.00399858 -9.60564e-07
8.19067e-08 -0.00399858 -9.46401e-07
9.13061e-08 -0.00399858 -9.46401e-07
8.19067e-08 -0.00399858 -9.32237e-07
9.13061e-08 -0.00399858 -9.32237e-07
8.19067e-08 -0.00399858 -9.18074e-07
9.13061e-08 -0.00399858 -9.18074e-07
8.19067e-08 -0.00399858 -9.0391e-07
9.13061e-08 -0.00399858 -9.0391e-07
8.19067e-08 -0.00399858 -8.89747e-07
9.13061e-08 -0.00399859 -8.89747e-07
8.19067e-08 -0.00399859 -8.75583e-07
9.13061e-08 -0.00399859 -8.75583e-07
8.19067e-08 -0.00399859 -8.6142e-07
9.13061e-08 -0.00399859 -8.6142e-07
8.19067e-08 -0.00399859 -8.47256e-07
9.13061e-08 -0.00399859 -8.47256e-07
8.19067e-08 -0.00399859 -8.33093e-07
9.13061e-08 -0.00399859 -8.33093e-07
8.19067e-08 -0.00399859 -8.18929e-07
9.13061e-08 -0.00399859 -8.18929e-07
8.19067e-08 -0.00399859 -8.04766e-07
9.13061e-08 -0.0039986 -8.04766e-07
8.19067e-08 -0.0039986 -7.90603e-07
9.13061e-08 -0.0039986 -7.90603e-07
8.19067e-08 -0.0039986 -7.76439e-07
9.13061e-08 -0.0039986 -7.76439e-07
8.19067e-08 -0.0039986 -7.62276e-07
9.13061e-08 -0.0039986 -7.62276e-07
8.19067e-08 -0.0039986 -7.48112e-07
9.13061e-08 -0.0039986 -7.48112e-07
8.19067e-08 -0.0039986 -7.33949e-07
9.13061e-08 -0.00399861 -7.33949e-07
8.19067e-08 -0.00399861 -7.19785e-07
9.13061e-08 -0.00399861 -7.19785e-07
8.19067e-08 -0.00399861 -7.05622e-07
9.13061e-08 -0.00399861 -7.05622e-07
8.19067e-08 -0.00399861 -6.91458e-07
9.13061e-08 -0.00399861 -6.91458e-07
8.19067e-08 -0.00399861 -6.77295e-07
9.13061e-08 -0.00399861 -6.77295e-07
8.19067e-08 -0.00399861 -6.63131e-07
9.13061e-08 -0.00399861 -6.63131e-07
8.19067e-08 -0.00399861 -6.48968e-07
9.13061e-08 -0.00399862 -6.48968e-07
8.19067e-08 -0.00399862 -6.34804e-07
9.13061e-08 -0.00399862 -6.34804e-07
8.19067e-08 -0.00399862 -6.20641e-07
9.13061e-08 -0.00399862 -6.20641e-07
8.19067e-08 -0.00399862 -6.06477e-07
9.13061e-08 -0.00399862 -6.06477e-07
8.19067e-08 -0.00399862 -5.92314e-07
9.13061e-08 -0.00399862 -5.92314e-07
8.19067e-08 -0.00399862 -5.7815e-07
9.13061e-08 -0.00399863 -5.7815e-07
8.19067e-08 -0.00399863 -5.63987e-07
9.13061e-08 -0.00399863 -5.63987e-07
8.19067e-08 -0.00399863 -5.49823e-07
9.13061e-08 -0.00399863 -5.49823e-07
8.19067e-08 -0.00399863 -5.3566e-07
9.13061e-08 -0.00399863 -5.3566e-07
8.19067e-08 -0.00399863 -5.21496e-07
9.13061e-08 -0.00399863 -5.21496e-07
8.19067e-08 -0.00399863 -5.07333e-07
9.13061e-08 -0.00399863 -5.07333e-07
8.19067e-08 -0.00399863 -4.9317e-07
9.13061e-08 -0.00399864 -4.9317e-07
8.19067e-08 -0.00399864 -4.79006e-07
9.13061e-08 -0.00399864 -4.79006e-07
8.19067e-08 -0.00399864 -4.64843e-07
9.13061e-08 -0.00399864 -4.64843e-07
8.19067e-08 -0.00399864 -4.50679e-07
9.13061e-08 -0.00399864 -4.50679e-07
8.19067e-08 -0.00399864 -4.36516e-07
9.13061e-08 -0.00399864 -4.36516e-07
8.19067e-08 -0.00399864 -4.22352e-07
9.13061e-08 -0.00399865 -4.22352e-07
8.19067e-08 -0.00399865 -4.08189e-07
9.13061e-08 -0.00399865 -4.08189e-07
8.19067e-08 -0.00399865 -3.94025e-07
9.13061e-08 -0.00399865 -3.94025e-07
8.19067e-08 -0.00399865 -3.79862e-07
9.13061e-08 -0.00399865 -3.79862e-07
8.19067e-08 -0.00399865 -3.65698e-07
9.13061e-08 -0.00399865 -3.65698e-07
1.19504e-07 -0.00399852 -1.39963e-06
1.28904e-07 -0.00399853 -1.39963e-06
1.19504e-07 -0.00399853 -1.38547e-06
1.28904e-07 -0.00399853 -1.38547e-06
1.19504e-07 -0.00399853 -1.37131e-06
1.28904e-07 -0.00399853 -1.37131e-06
1.19504e-07 -0.00399853 -1.35714e-06
1.28904e-07 -0.00399853 -1.35714e-06
1.19504e-07 -0.00399853 -1.34298e-06
1.28904e-07 -0.00399853 -1.34298e-06
1.19504e-07 -0.00399853 -1.32881e-06
1.28904e-07 -0.00399853 -1.32881e-06
1.19504e-07 -0.00399853 -1.31465e-06
1.28904e-07 -0.00399854 -1.31465e-06
1.19504e-07 -0.00399854 -1.30049e-06
1.28904e-07 -0.00399854 -1.30049e-06
1.19504e-07 -0.00399854 -1.28632e-06
1.28904e-07 -0.00399854 -1.28632e-06
1.19504e-07 -0.00399854 -1.27216e-06
1.28904e-07 -0.00399854 -1.27216e-06
1.19504e-07 -0.00399854 -1.258e-06
1.28904e-07 -0.00399854 -1.258e-06
1.19504e-07 -0.00399854 -1.24383e-06
1.28904e-07 -0.00399855 -1.24383e-06
1.19504e-07 -0.00399855 -1.22967e-06
1.28904e-07 -0.00399855 -1.22967e-06
1.19504e-07 -0.00399855 -1.21551e-06
1.28904e-07 -0.00399855 -1.21551e-06
1.19504e-07 -0.00399855 -1.20134e-06
1.28904e-07 -0.00399855 -1.20134e-06
1.19504e-07 -0.00399855 -1.18718e-06
1.28904e-07 -0.00399855 -1.18718e-06
1.19504e-07 -0.00399855 -1.17302e-06
1.28904e-07 -0.00399855 -1.17302e-06
1.19504e-07 -0.00399855 -1.15885e-06
1.28904e-07 -0.00399856 -1.15885e-06
1.19504e-07 -0.00399856 -1.14469e-06
1.28904e-07 -0.00399856 -1.14469e-06
1.19504e-07 -0.00399856 -1.13053e-06
1.28904e-07 -0.00399856 -1.13053e-06
1.19504e-07 -0.00399856 -1.11636e-06
1.28904e-07 -0.00399856 -1.11636e-06
1.19504e-07 -0.00399856 -1.1022e-06
1.28904e-07 -0.00399856 -1.1022e-06
1.19504e-07 -0.00399856 -1.08804e-06
1.28904e-07 -0.00399857 -1.08804e-06
1.19504e-07 -0.00399857 -1.07387e-06
1.28904e-07 -0.00399857 -1.07387e-06
1.19504e-07 -0.00399857 -1.05971e-06
1.28904e-07 -0.00399857 -1.05971e-06
1.19504e-07 -0.00399857 -1.04555e-06
1.28904e-07 -0.00399857 -1.04555e-06
1.19504e-07 -0.00399857 -1.03138e-06
1.28904e-07 -0.00399857 -1.03138e-06
1.19504e-07 -0.00399857 -1.01722e-06
1.28904e-07 -0.00399857 -1.01722e-06
1.19504e-07 -0.00399857 -1.00305e-06
1.28904e-07 -0.00399858 -1.00305e-06
1.19504e-07 -0.00399858 -9.88891e-07
1.28904e-07 -0.00399858 -9.88891e-07
1.19504e-07 -0.00399858 -9.74728e-07
1.28904e-07 -0.00399858 -9.74728e-07
1.19504e-07 -0.00399858 -9.60564e-07
1.28904e-07 -0.00399858 -9.60564e-07
1.19504e-07 -0.00399858 -9.46401e-07
1.28904e-07 -0.00399858 -9.46401e-07
1.19504e-07 -0.00399858 -9.32237e-07
1.28904e-07 -0.00399859 -9.32237e-07
1.19504e-07 -0.00399859 -9.18074e-07
1.28904e-07 -0.00399859 -9.18074e-07
1.19504e-07 -0.00399859 -9.0391e-07
1.28904e-07 -0.00399859 -9.0391e-07
1.19504e-07 -0.00399859 -8.89747e-07
1.28904e-07 -0.00399859 -8.89747e-07
1.19504e-07 -0.00399859 -8.75583e-07
1.28904e-07 -0.00399859 -8.75583e-07
1.19504e-07 -0.00399859 -8.6142e-07
1.28904e-07 -0.00399859 -8.6142e-07
1.19504e-07 -0.00399859 -8.47256e-07
1.28904e-07 -0.0039986 -8.47256e-07
1.19504e-07 -0.0039986 -8.33093e-07
1.28904e-07 -0.0039986 -8.33093e-07
1.19504e-07 -0.0039986 -8.18929e-07
1.28904e-07 -0.0039986 -8.18929e-07
1.19504e-07 -0.0039986 -8.04766e-07
1.28904e-07 -0.0039986 -8.04766e-07
1.19504e-07 -0.0039986 -7.90603e-07
1.28904e-07 -0.0039986 -7.90603e-07
1.19504e-07 -0.0039986 -7.76439e-07
1.28904e-07 -0.00399861 -7.76439e-07
1.19504e-07 -0.00399861 -7.62276e-07
1.28904e-07 -0.00399861 -7.62276e-07
1.19504e-07 -0.00399861 -7.48112e-07
1.28904e-07 -0.00399861 -7.48112e-07
1.19504e-07 -0.00399861 -7.33949e-07
1.28904e-07 -0.00399861 -7.33949e-07
1.19504e-07 -0.00399861 -7.19785e-07
1.28904e-07 -0.00399861 -7.19785e-07
1.19504e-07 -0.00399861 -7.05622e-07
1.28904e-07 -0.00399861 -7.05622e-07
1.19504e-07 -0.00399861 -6.91458e-07
1.28904e-07 -0.00399862 -6.91458e-07
1.19504e-07 -0.00399862 -6.77295e-07
1.28904e-07 -0.00399862 -6.77295e-07
1.19504e-07 -0.00399862 -6.63131e-07
1.28904e-07 -0.00399862 -6.63131e-07
1.19504e-07 -0.00399862 -6.48968e-07
1.28904e-07 -0.00399862 -6.48968e-07
1.19504e-07 -0.00399862 -6.34804e-07
1.28904e-07 -0.00399862 -6.34804e-07
1.19504e-07 -0.00399862 -6.20641e-07
1.28904e-07 -0.00399863 -6.20641e-07
1.19504e-07 -0.00399863 -6.06477e-07
1.28904e-07 -0.00399863 -6.06477e-07
1.19504e-07 -0.00399863 -5.92314e-07
1.28904e-07 -0.00399863 -5.92314e-07
1.19504e-07 -0.00399863 -5.7815e-07
1.28904e-07 -0.00399863 -5.7815e-07
1.19504e-07 -0.00399863 -5.63987e-07
1.28904e-07 -0.00399863 -5.63987e-07
1.19504e-07 -0.00399863 -5.49823e-07
1.28904e-07 -0.00399863 -5.49823e-07
1.19504e-07 -0.00399863 -5.3566e-07
1.28904e-07 -0.00399864 -5.3566e-07
1.19504e-07 -0.00399864 -5.21496e-07
1.28904e-07 -0.00399864 -5.21496e-07
1.19504e-07 -0.00399864 -5.07333e-07
1.28904e-07 -0.00399864 -5.07333e-07
1.19504e-07 -0.00399864 -4.9317e-07
1.28904e-07 -0.00399864 -4.9317e-07
1.19504e-07 -0.00399864 -4.79006e-07
1.28904e-07 -0.00399864 -4.79006e-07
1.19504e-07 -0.00399864 -4.64843e-07
1.28904e-07 -0.00399865 -4.64843e-07
1.19504e-07 -0.00399865 -4.50679e-07
1.28904e-07 -0.00399865 -4.50679e-07
1.19504e-07 -0.00399865 -4.36516e-07
1.28904e-07 -0.00399865 -4.36516e-07
1.19504e-07 -0.00399865 -4.22352e-07
1.28904e-07 -0.00399865 -4.22352e-07
1.19504e-07 -0.00399865 -4.08189e-07
1.28904e-07 -0.00399865 -4.08189e-07
1.19504e-07 -0.00399865 -3.94025e-07
1.28904e-07 -0.00399865 -3.94025e-07
1.19504e-07 -0.00399865 -3.79862e-07
1.28904e-07 -0.00399866 -3.79862e-07
1.19504e-07 -0.00399866 -3.65698e-07
1.28904e-07 -0.00399866 -3.65698e-07
