1.40221e-07 -0.00400468 -1.93373e-06
1.40221e-07 -0.00400481 -1.13264e-06
1.18373e-07 -0.00400466 -1.93373e-06
1.18373e-07 -0.0040048 -1.13264e-06
1.40221e-07 -0.00400468 -1.92275e-06
1.40221e-07 -0.00400468 -1.91178e-06
1.40221e-07 -0.00400469 -1.9008e-06
1.40221e-07 -0.00400469 -1.88983e-06
1.40221e-07 -0.00400469 -1.87886e-06
1.40221e-07 -0.00400469 -1.86788e-06
1.40221e-07 -0.00400469 -1.85691e-06
1.40221e-07 -0.0040047 -1.84594e-06
1.40221e-07 -0.0040047 -1.83496e-06
1.40221e-07 -0.0040047 -1.82399e-06
1.40221e-07 -0.0040047 -1.81302e-06
1.40221e-07 -0.0040047 -1.80204e-06
1.40221e-07 -0.0040047 -1.79107e-06
1.40221e-07 -0.00400471 -1.78009e-06
1.40221e-07 -0.00400471 -1.76912e-06
1.40221e-07 -0.00400471 -1.75815e-06
1.40221e-07 -0.00400471 -1.74717e-06
1.40221e-07 -0.00400471 -1.7362e-06
1.40221e-07 -0.00400472 -1.72523e-06
1.40221e-07 -0.00400472 -1.71425e-06
1.40221e-07 -0.00400472 -1.70328e-06
1.40221e-07 -0.00400472 -1.6923e-06
1.40221e-07 -0.00400472 -1.68133e-06
1.40221e-07 -0.00400472 -1.67036e-06
1.40221e-07 -0.00400473 -1.65938e-06
1.40221e-07 -0.00400473 -1.64841e-06
1.40221e-07 -0.00400473 -1.63744e-06
1.40221e-07 -0.00400473 -1.62646e-06
1.40221e-07 -0.00400473 -1.61549e-06
1.40221e-07 -0.00400474 -1.60451e-06
1.40221e-07 -0.00400474 -1.59354e-06
1.40221e-07 -0.00400474 -1.58257e-06
1.40221e-07 -0.00400474 -1.57159e-06
1.40221e-07 -0.00400474 -1.56062e-06
1.40221e-07 -0.00400474 -1.54965e-06
1.40221e-07 -0.00400475 -1.53867e-06
1.40221e-07 -0.00400475 -1.5277e-06
1.40221e-07 -0.00400475 -1.51672e-06
1.40221e-07 -0.00400475 -1.50575e-06
1.40221e-07 -0.00400475 -1.49478e-06
1.40221e-07 -0.00400475 -1.4838e-06
1.40221e-07 -0.00400476 -1.47283e-06
1.40221e-07 -0.00400476 -1.46186e-06
1.40221e-07 -0.00400476 -1.45088e-06
1.40221e-07 -0.00400476 -1.43991e-06
1.40221e-07 -0.00400476 -1.42894e-06
1.40221e-07 -0.00400477 -1.41796e-06
1.40221e-07 -0.00400477 -1.40699e-06
1.40221e-07 -0.00400477 -1.39601e-06
1.40221e-07 -0.00400477 -1.38504e-06
1.40221e-07 -0.00400477 -1.37407e-06
1.40221e-07 -0.00400477 -1.36309e-06
1.40221e-07 -0.00400478 -1.35212e-06
1.40221e-07 -0.00400478 -1.34115e-06
1.40221e-07 -0.00400478 -1.33017e-06
1.40221e-07 -0.00400478 -1.3192e-06
1.40221e-07 -0.00400478 -1.30822e-06
1.40221e-07 -0.00400479 -1.29725e-06
1.40221e-07 -0.00400479 -1.28628e-06
1.40221e-07 -0.00400479 -1.2753e-06
1.40221e-07 -0.00400479 -1.26433e-06
1.40221e-07 -0.00400479 -1.25336e-06
1.40221e-07 -0.00400479 -1.24238e-06
1.40221e-07 -0.0040048 -1.23141e-06
1.40221e-07 -0.0040048 -1.22043e-06
1.40221e-07 -0.0040048 -1.20946e-06
1.40221e-07 -0.0040048 -1.19849e-06
1.40221e-07 -0.0040048 -1.18751e-06
1.40221e-07 -0.0040048 -1.17654e-06
1.40221e-07 -0.00400481 -1.16557e-06
1.40221e-07 -0.00400481 -1.15459e-06
1.40221e-07 -0.00400481 -1.14362e-06
1.29297e-07 -0.0040048 -1.13264e-06
1.29297e-07 -0.00400467 -1.93373e-06
1.18373e-07 -0.00400479 -1.14362e-06
1.18373e-07 -0.00400479 -1.15459e-06
1.18373e-07 -0.00400479 -1.16557e-06
1.18373e-07 -0.00400479 -1.17654e-06
1.18373e-07 -0.00400479 -1.18751e-06
1.18373e-07 -0.00400478 -1.19849e-06
1.18373e-07 -0.00400478 -1.20946e-06
1.18373e-07 -0.00400478 -1.22043e-06
1.18373e-07 -0.00400478 -1.23141e-06
1.18373e-07 -0.00400478 -1.24238e-06
1.18373e-07 -0.00400478 -1.25336e-06
1.18373e-07 -0.00400477 -1.26433e-06
1.18373e-07 -0.00400477 -1.2753e-06
1.18373e-07 -0.00400477 -1.28628e-06
1.18373e-07 -0.00400477 -1.29725e-06
1.18373e-07 -0.00400477 -1.30822e-06
1.18373e-07 -0.00400476 -1.3192e-06
1.18373e-07 -0.00400476 -1.33017e-06
1.18373e-07 -0.00400476 -1.34115e-06
1.18373e-07 -0.00400476 -1.35212e-06
1.18373e-07 -0.00400476 -1.36309e-06
1.18373e-07 -0.00400476 -1.37407e-06
1.18373e-07 -0.00400475 -1.38504e-06
1.18373e-07 -0.00400475 -1.39601e-06
1.18373e-07 -0.00400475 -1.40699e-06
1.18373e-07 -0.00400475 -1.41796e-06
1.18373e-07 -0.00400475 -1.42894e-06
1.18373e-07 -0.00400475 -1.43991e-06
1.18373e-07 -0.00400474 -1.45088e-06
1.18373e-07 -0.00400474 -1.46186e-06
1.18373e-07 -0.00400474 -1.47283e-06
1.18373e-07 -0.00400474 -1.4838e-06
1.18373e-07 -0.00400474 -1.49478e-06
1.18373e-07 -0.00400473 -1.50575e-06
1.18373e-07 -0.00400473 -1.51672e-06
1.18373e-07 -0.00400473 -1.5277e-06
1.18373e-07 -0.00400473 -1.53867e-06
1.18373e-07 -0.00400473 -1.54965e-06
1.18373e-07 -0.00400473 -1.56062e-06
1.18373e-07 -0.00400472 -1.57159e-06
1.18373e-07 -0.00400472 -1.58257e-06
1.18373e-07 -0.00400472 -1.59354e-06
1.18373e-07 -0.00400472 -1.60451e-06
1.18373e-07 -0.00400472 -1.61549e-06
1.18373e-07 -0.00400471 -1.62646e-06
1.18373e-07 -0.00400471 -1.63744e-06
1.18373e-07 -0.00400471 -1.64841e-06
1.18373e-07 -0.00400471 -1.65938e-06
1.18373e-07 -0.00400471 -1.67036e-06
1.18373e-07 -0.00400471 -1.68133e-06
1.18373e-07 -0.0040047 -1.6923e-06
1.18373e-07 -0.0040047 -1.70328e-06
1.18373e-07 -0.0040047 -1.71425e-06
1.18373e-07 -0.0040047 -1.72523e-06
1.18373e-07 -0.0040047 -1.7362e-06
1.18373e-07 -0.00400469 -1.74717e-06
1.18373e-07 -0.00400469 -1.75815e-06
1.18373e-07 -0.00400469 -1.76912e-06
1.18373e-07 -0.00400469 -1.78009e-06
1.18373e-07 -0.00400469 -1.79107e-06
1.18373e-07 -0.00400469 -1.80204e-06
1.18373e-07 -0.00400468 -1.81302e-06
1.18373e-07 -0.00400468 -1.82399e-06
1.18373e-07 -0.00400468 -1.83496e-06
1.18373e-07 -0.00400468 -1.84594e-06
1.18373e-07 -0.00400468 -1.85691e-06
1.18373e-07 -0.00400468 -1.86788e-06
1.18373e-07 -0.00400467 -1.87886e-06
1.18373e-07 -0.00400467 -1.88983e-06
1.18373e-07 -0.00400467 -1.9008e-06
1.18373e-07 -0.00400467 -1.91178e-06
1.18373e-07 -0.00400467 -1.92275e-06
1.29297e-07 -0.0040048 -1.14362e-06
1.29297e-07 -0.0040048 -1.15459e-06
1.29297e-07 -0.0040048 -1.16557e-06
1.29297e-07 -0.0040048 -1.17654e-06
1.29297e-07 -0.00400479 -1.18751e-06
1.29297e-07 -0.00400479 -1.19849e-06
1.29297e-07 -0.00400479 -1.20946e-06
1.29297e-07 -0.00400479 -1.22043e-06
1.29297e-07 -0.00400479 -1.23141e-06
1.29297e-07 -0.00400479 -1.24238e-06
1.29297e-07 -0.00400478 -1.25336e-06
1.29297e-07 -0.00400478 -1.26433e-06
1.29297e-07 -0.00400478 -1.2753e-06
1.29297e-07 -0.00400478 -1.28628e-06
1.29297e-07 -0.00400478 -1.29725e-06
1.29297e-07 -0.00400478 -1.30822e-06
1.29297e-07 -0.00400477 -1.3192e-06
1.29297e-07 -0.00400477 -1.33017e-06
1.29297e-07 -0.00400477 -1.34115e-06
1.29297e-07 -0.00400477 -1.35212e-06
1.29297e-07 -0.00400477 -1.36309e-06
1.29297e-07 -0.00400476 -1.37407e-06
1.29297e-07 -0.00400476 -1.38504e-06
1.29297e-07 -0.00400476 -1.39601e-06
1.29297e-07 -0.00400476 -1.40699e-06
1.29297e-07 -0.00400476 -1.41796e-06
1.29297e-07 -0.00400476 -1.42894e-06
1.29297e-07 -0.00400475 -1.43991e-06
1.29297e-07 -0.00400475 -1.45088e-06
1.29297e-07 -0.00400475 -1.46186e-06
1.29297e-07 -0.00400475 -1.47283e-06
1.29297e-07 -0.00400475 -1.4838e-06
1.29297e-07 -0.00400474 -1.49478e-06
1.29297e-07 -0.00400474 -1.50575e-06
1.29297e-07 -0.00400474 -1.51672e-06
1.29297e-07 -0.00400474 -1.5277e-06
1.29297e-07 -0.00400474 -1.53867e-06
1.29297e-07 -0.00400474 -1.54965e-06
1.29297e-07 -0.00400473 -1.56062e-06
1.29297e-07 -0.00400473 -1.57159e-06
1.29297e-07 -0.00400473 -1.58257e-06
1.29297e-07 -0.00400473 -1.59354e-06
1.29297e-07 -0.00400473 -1.60451e-06
1.29297e-07 -0.00400472 -1.61549e-06
1.29297e-07 -0.00400472 -1.62646e-06
1.29297e-07 -0.00400472 -1.63744e-06
1.29297e-07 -0.00400472 -1.64841e-06
1.29297e-07 -0.00400472 -1.65938e-06
1.29297e-07 -0.00400472 -1.67036e-06
1.29297e-07 -0.00400471 -1.68133e-06
1.29297e-07 -0.00400471 -1.6923e-06
1.29297e-07 -0.00400471 -1.70328e-06
1.29297e-07 -0.00400471 -1.71425e-06
1.29297e-07 -0.00400471 -1.72523e-06
1.29297e-07 -0.00400471 -1.7362e-06
1.29297e-07 -0.0040047 -1.74717e-06
1.29297e-07 -0.0040047 -1.75815e-06
1.29297e-07 -0.0040047 -1.76912e-06
1.29297e-07 -0.0040047 -1.78009e-06
1.29297e-07 -0.0040047 -1.79107e-06
1.29297e-07 -0.00400469 -1.80204e-06
1.29297e-07 -0.00400469 -1.81302e-06
1.29297e-07 -0.00400469 -1.82399e-06
1.29297e-07 -0.00400469 -1.83496e-06
1.29297e-07 -0.00400469 -1.84594e-06
1.29297e-07 -0.00400469 -1.85691e-06
1.29297e-07 -0.00400468 -1.86788e-06
1.29297e-07 -0.00400468 -1.87886e-06
1.29297e-07 -0.00400468 -1.88983e-06
1.29297e-07 -0.00400468 -1.9008e-06
1.29297e-07 -0.00400468 -1.91178e-06
1.29297e-07 -0.00400467 -1.92275e-06
1.11091e-07 -0.00400466 -1.93373e-06
1.18373e-07 -0.00400466 -1.93373e-06
1.11091e-07 -0.00400466 -1.92275e-06
1.18373e-07 -0.00400467 -1.92275e-06
1.11091e-07 -0.00400466 -1.91178e-06
1.18373e-07 -0.00400467 -1.91178e-06
1.11091e-07 -0.00400466 -1.9008e-06
1.18373e-07 -0.00400467 -1.9008e-06
1.11091e-07 -0.00400467 -1.88983e-06
1.18373e-07 -0.00400467 -1.88983e-06
1.11091e-07 -0.00400467 -1.87886e-06
1.18373e-07 -0.00400467 -1.87886e-06
1.11091e-07 -0.00400467 -1.86788e-06
1.18373e-07 -0.00400468 -1.86788e-06
1.11091e-07 -0.00400467 -1.85691e-06
1.18373e-07 -0.00400468 -1.85691e-06
1.11091e-07 -0.00400467 -1.84594e-06
1.18373e-07 -0.00400468 -1.84594e-06
1.11091e-07 -0.00400467 -1.83496e-06
1.18373e-07 -0.00400468 -1.83496e-06
1.11091e-07 -0.00400468 -1.82399e-06
1.18373e-07 -0.00400468 -1.82399e-06
1.11091e-07 -0.00400468 -1.81302e-06
1.18373e-07 -0.00400468 -1.81302e-06
1.11091e-07 -0.00400468 -1.80204e-06
1.18373e-07 -0.00400469 -1.80204e-06
1.11091e-07 -0.00400468 -1.79107e-06
1.18373e-07 -0.00400469 -1.79107e-06
1.11091e-07 -0.00400468 -1.78009e-06
1.18373e-07 -0.00400469 -1.78009e-06
1.11091e-07 -0.00400469 -1.76912e-06
1.18373e-07 -0.00400469 -1.76912e-06
1.11091e-07 -0.00400469 -1.75815e-06
1.18373e-07 -0.00400469 -1.75815e-06
1.11091e-07 -0.00400469 -1.74717e-06
1.18373e-07 -0.00400469 -1.74717e-06
1.11091e-07 -0.00400469 -1.7362e-06
1.18373e-07 -0.0040047 -1.7362e-06
1.11091e-07 -0.00400469 -1.72523e-06
1.18373e-07 -0.0040047 -1.72523e-06
1.11091e-07 -0.00400469 -1.71425e-06
1.18373e-07 -0.0040047 -1.71425e-06
1.11091e-07 -0.0040047 -1.70328e-06
1.18373e-07 -0.0040047 -1.70328e-06
1.11091e-07 -0.0040047 -1.6923e-06
1.18373e-07 -0.0040047 -1.6923e-06
1.11091e-07 -0.0040047 -1.68133e-06
1.18373e-07 -0.00400471 -1.68133e-06
1.11091e-07 -0.0040047 -1.67036e-06
1.18373e-07 -0.00400471 -1.67036e-06
1.11091e-07 -0.0040047 -1.65938e-06
1.18373e-07 -0.00400471 -1.65938e-06
1.11091e-07 -0.00400471 -1.64841e-06
1.18373e-07 -0.00400471 -1.64841e-06
1.11091e-07 -0.00400471 -1.63744e-06
1.18373e-07 -0.00400471 -1.63744e-06
1.11091e-07 -0.00400471 -1.62646e-06
1.18373e-07 -0.00400471 -1.62646e-06
1.11091e-07 -0.00400471 -1.61549e-06
1.18373e-07 -0.00400472 -1.61549e-06
1.11091e-07 -0.00400471 -1.60451e-06
1.18373e-07 -0.00400472 -1.60451e-06
1.11091e-07 -0.00400471 -1.59354e-06
1.18373e-07 -0.00400472 -1.59354e-06
1.11091e-07 -0.00400472 -1.58257e-06
1.18373e-07 -0.00400472 -1.58257e-06
1.11091e-07 -0.00400472 -1.57159e-06
1.18373e-07 -0.00400472 -1.57159e-06
1.11091e-07 -0.00400472 -1.56062e-06
1.18373e-07 -0.00400473 -1.56062e-06
1.11091e-07 -0.00400472 -1.54965e-06
1.18373e-07 -0.00400473 -1.54965e-06
1.11091e-07 -0.00400472 -1.53867e-06
1.18373e-07 -0.00400473 -1.53867e-06
1.11091e-07 -0.00400473 -1.5277e-06
1.18373e-07 -0.00400473 -1.5277e-06
1.11091e-07 -0.00400473 -1.51672e-06
1.18373e-07 -0.00400473 -1.51672e-06
1.11091e-07 -0.00400473 -1.50575e-06
1.18373e-07 -0.00400473 -1.50575e-06
1.11091e-07 -0.00400473 -1.49478e-06
1.18373e-07 -0.00400474 -1.49478e-06
1.11091e-07 -0.00400473 -1.4838e-06
1.18373e-07 -0.00400474 -1.4838e-06
1.11091e-07 -0.00400473 -1.47283e-06
1.18373e-07 -0.00400474 -1.47283e-06
1.11091e-07 -0.00400474 -1.46186e-06
1.18373e-07 -0.00400474 -1.46186e-06
1.11091e-07 -0.00400474 -1.45088e-06
1.18373e-07 -0.00400474 -1.45088e-06
1.11091e-07 -0.00400474 -1.43991e-06
1.18373e-07 -0.00400475 -1.43991e-06
1.11091e-07 -0.00400474 -1.42894e-06
1.18373e-07 -0.00400475 -1.42894e-06
1.11091e-07 -0.00400474 -1.41796e-06
1.18373e-07 -0.00400475 -1.41796e-06
1.11091e-07 -0.00400475 -1.40699e-06
1.18373e-07 -0.00400475 -1.40699e-06
1.11091e-07 -0.00400475 -1.39601e-06
1.18373e-07 -0.00400475 -1.39601e-06
1.11091e-07 -0.00400475 -1.38504e-06
1.18373e-07 -0.00400475 -1.38504e-06
1.11091e-07 -0.00400475 -1.37407e-06
1.18373e-07 -0.00400476 -1.37407e-06
1.11091e-07 -0.00400475 -1.36309e-06
1.18373e-07 -0.00400476 -1.36309e-06
1.11091e-07 -0.00400475 -1.35212e-06
1.18373e-07 -0.00400476 -1.35212e-06
1.11091e-07 -0.00400476 -1.34115e-06
1.18373e-07 -0.00400476 -1.34115e-06
1.11091e-07 -0.00400476 -1.33017e-06
1.18373e-07 -0.00400476 -1.33017e-06
1.11091e-07 -0.00400476 -1.3192e-06
1.18373e-07 -0.00400476 -1.3192e-06
1.11091e-07 -0.00400476 -1.30822e-06
1.18373e-07 -0.00400477 -1.30822e-06
1.11091e-07 -0.00400476 -1.29725e-06
1.18373e-07 -0.00400477 -1.29725e-06
1.11091e-07 -0.00400476 -1.28628e-06
1.18373e-07 -0.00400477 -1.28628e-06
1.11091e-07 -0.00400477 -1.2753e-06
1.18373e-07 -0.00400477 -1.2753e-06
1.11091e-07 -0.00400477 -1.26433e-06
1.18373e-07 -0.00400477 -1.26433e-06
1.11091e-07 -0.00400477 -1.25336e-06
1.18373e-07 -0.00400478 -1.25336e-06
1.11091e-07 -0.00400477 -1.24238e-06
1.18373e-07 -0.00400478 -1.24238e-06
1.11091e-07 -0.00400477 -1.23141e-06
1.18373e-07 -0.00400478 -1.23141e-06
1.11091e-07 -0.00400478 -1.22043e-06
1.18373e-07 -0.00400478 -1.22043e-06
1.11091e-07 -0.00400478 -1.20946e-06
1.18373e-07 -0.00400478 -1.20946e-06
1.11091e-07 -0.00400478 -1.19849e-06
1.18373e-07 -0.00400478 -1.19849e-06
1.11091e-07 -0.00400478 -1.18751e-06
1.18373e-07 -0.00400479 -1.18751e-06
1.11091e-07 -0.00400478 -1.17654e-06
1.18373e-07 -0.00400479 -1.17654e-06
1.11091e-07 -0.00400478 -1.16557e-06
1.18373e-07 -0.00400479 -1.16557e-06
1.11091e-07 -0.00400479 -1.15459e-06
1.18373e-07 -0.00400479 -1.15459e-06
1.11091e-07 -0.00400479 -1.14362e-06
1.18373e-07 -0.00400479 -1.14362e-06
1.11091e-07 -0.00400479 -1.13264e-06
1.18373e-07 -0.0040048 -1.13264e-06
1.40221e-07 -0.00400468 -1.93373e-06
1.47504e-07 -0.00400469 -1.93373e-06
1.40221e-07 -0.00400468 -1.92275e-06
1.47504e-07 -0.00400469 -1.92275e-06
1.40221e-07 -0.00400468 -1.91178e-06
1.47504e-07 -0.00400469 -1.91178e-06
1.40221e-07 -0.00400469 -1.9008e-06
1.47504e-07 -0.00400469 -1.9008e-06
1.40221e-07 -0.00400469 -1.88983e-06
1.47504e-07 -0.00400469 -1.88983e-06
1.40221e-07 -0.00400469 -1.87886e-06
1.47504e-07 -0.0040047 -1.87886e-06
1.40221e-07 -0.00400469 -1.86788e-06
1.47504e-07 -0.0040047 -1.86788e-06
1.40221e-07 -0.00400469 -1.85691e-06
1.47504e-07 -0.0040047 -1.85691e-06
1.40221e-07 -0.0040047 -1.84594e-06
1.47504e-07 -0.0040047 -1.84594e-06
1.40221e-07 -0.0040047 -1.83496e-06
1.47504e-07 -0.0040047 -1.83496e-06
1.40221e-07 -0.0040047 -1.82399e-06
1.47504e-07 -0.0040047 -1.82399e-06
1.40221e-07 -0.0040047 -1.81302e-06
1.47504e-07 -0.00400471 -1.81302e-06
1.40221e-07 -0.0040047 -1.80204e-06
1.47504e-07 -0.00400471 -1.80204e-06
1.40221e-07 -0.0040047 -1.79107e-06
1.47504e-07 -0.00400471 -1.79107e-06
1.40221e-07 -0.00400471 -1.78009e-06
1.47504e-07 -0.00400471 -1.78009e-06
1.40221e-07 -0.00400471 -1.76912e-06
1.47504e-07 -0.00400471 -1.76912e-06
1.40221e-07 -0.00400471 -1.75815e-06
1.47504e-07 -0.00400472 -1.75815e-06
1.40221e-07 -0.00400471 -1.74717e-06
1.47504e-07 -0.00400472 -1.74717e-06
1.40221e-07 -0.00400471 -1.7362e-06
1.47504e-07 -0.00400472 -1.7362e-06
1.40221e-07 -0.00400472 -1.72523e-06
1.47504e-07 -0.00400472 -1.72523e-06
1.40221e-07 -0.00400472 -1.71425e-06
1.47504e-07 -0.00400472 -1.71425e-06
1.40221e-07 -0.00400472 -1.70328e-06
1.47504e-07 -0.00400472 -1.70328e-06
1.40221e-07 -0.00400472 -1.6923e-06
1.47504e-07 -0.00400473 -1.6923e-06
1.40221e-07 -0.00400472 -1.68133e-06
1.47504e-07 -0.00400473 -1.68133e-06
1.40221e-07 -0.00400472 -1.67036e-06
1.47504e-07 -0.00400473 -1.67036e-06
1.40221e-07 -0.00400473 -1.65938e-06
1.47504e-07 -0.00400473 -1.65938e-06
1.40221e-07 -0.00400473 -1.64841e-06
1.47504e-07 -0.00400473 -1.64841e-06
1.40221e-07 -0.00400473 -1.63744e-06
1.47504e-07 -0.00400474 -1.63744e-06
1.40221e-07 -0.00400473 -1.62646e-06
1.47504e-07 -0.00400474 -1.62646e-06
1.40221e-07 -0.00400473 -1.61549e-06
1.47504e-07 -0.00400474 -1.61549e-06
1.40221e-07 -0.00400474 -1.60451e-06
1.47504e-07 -0.00400474 -1.60451e-06
1.40221e-07 -0.00400474 -1.59354e-06
1.47504e-07 -0.00400474 -1.59354e-06
1.40221e-07 -0.00400474 -1.58257e-06
1.47504e-07 -0.00400474 -1.58257e-06
1.40221e-07 -0.00400474 -1.57159e-06
1.47504e-07 -0.00400475 -1.57159e-06
1.40221e-07 -0.00400474 -1.56062e-06
1.47504e-07 -0.00400475 -1.56062e-06
1.40221e-07 -0.00400474 -1.54965e-06
1.47504e-07 -0.00400475 -1.54965e-06
1.40221e-07 -0.00400475 -1.53867e-06
1.47504e-07 -0.00400475 -1.53867e-06
1.40221e-07 -0.00400475 -1.5277e-06
1.47504e-07 -0.00400475 -1.5277e-06
1.40221e-07 -0.00400475 -1.51672e-06
1.47504e-07 -0.00400476 -1.51672e-06
1.40221e-07 -0.00400475 -1.50575e-06
1.47504e-07 -0.00400476 -1.50575e-06
1.40221e-07 -0.00400475 -1.49478e-06
1.47504e-07 -0.00400476 -1.49478e-06
1.40221e-07 -0.00400475 -1.4838e-06
1.47504e-07 -0.00400476 -1.4838e-06
1.40221e-07 -0.00400476 -1.47283e-06
1.47504e-07 -0.00400476 -1.47283e-06
1.40221e-07 -0.00400476 -1.46186e-06
1.47504e-07 -0.00400476 -1.46186e-06
1.40221e-07 -0.00400476 -1.45088e-06
1.47504e-07 -0.00400477 -1.45088e-06
1.40221e-07 -0.00400476 -1.43991e-06
1.47504e-07 -0.00400477 -1.43991e-06
1.40221e-07 -0.00400476 -1.42894e-06
1.47504e-07 -0.00400477 -1.42894e-06
1.40221e-07 -0.00400477 -1.41796e-06
1.47504e-07 -0.00400477 -1.41796e-06
1.40221e-07 -0.00400477 -1.40699e-06
1.47504e-07 -0.00400477 -1.40699e-06
1.40221e-07 -0.00400477 -1.39601e-06
1.47504e-07 -0.00400477 -1.39601e-06
1.40221e-07 -0.00400477 -1.38504e-06
1.47504e-07 -0.00400478 -1.38504e-06
1.40221e-07 -0.00400477 -1.37407e-06
1.47504e-07 -0.00400478 -1.37407e-06
1.40221e-07 -0.00400477 -1.36309e-06
1.47504e-07 -0.00400478 -1.36309e-06
1.40221e-07 -0.00400478 -1.35212e-06
1.47504e-07 -0.00400478 -1.35212e-06
1.40221e-07 -0.00400478 -1.34115e-06
1.47504e-07 -0.00400478 -1.34115e-06
1.40221e-07 -0.00400478 -1.33017e-06
1.47504e-07 -0.00400479 -1.33017e-06
1.40221e-07 -0.00400478 -1.3192e-06
1.47504e-07 -0.00400479 -1.3192e-06
1.40221e-07 -0.00400478 -1.30822e-06
1.47504e-07 -0.00400479 -1.30822e-06
1.40221e-07 -0.00400479 -1.29725e-06
1.47504e-07 -0.00400479 -1.29725e-06
1.40221e-07 -0.00400479 -1.28628e-06
1.47504e-07 -0.00400479 -1.28628e-06
1.40221e-07 -0.00400479 -1.2753e-06
1.47504e-07 -0.00400479 -1.2753e-06
1.40221e-07 -0.00400479 -1.26433e-06
1.47504e-07 -0.0040048 -1.26433e-06
1.40221e-07 -0.00400479 -1.25336e-06
1.47504e-07 -0.0040048 -1.25336e-06
1.40221e-07 -0.00400479 -1.24238e-06
1.47504e-07 -0.0040048 -1.24238e-06
1.40221e-07 -0.0040048 -1.23141e-06
1.47504e-07 -0.0040048 -1.23141e-06
1.40221e-07 -0.0040048 -1.22043e-06
1.47504e-07 -0.0040048 -1.22043e-06
1.40221e-07 -0.0040048 -1.20946e-06
1.47504e-07 -0.00400481 -1.20946e-06
1.40221e-07 -0.0040048 -1.19849e-06
1.47504e-07 -0.00400481 -1.19849e-06
1.40221e-07 -0.0040048 -1.18751e-06
1.47504e-07 -0.00400481 -1.18751e-06
1.40221e-07 -0.0040048 -1.17654e-06
1.47504e-07 -0.00400481 -1.17654e-06
1.40221e-07 -0.00400481 -1.16557e-06
1.47504e-07 -0.00400481 -1.16557e-06
1.40221e-07 -0.00400481 -1.15459e-06
1.47504e-07 -0.00400481 -1.15459e-06
1.40221e-07 -0.00400481 -1.14362e-06
1.47504e-07 -0.00400482 -1.14362e-06
1.40221e-07 -0.00400481 -1.13264e-06
1.47504e-07 -0.00400482 -1.13264e-06
