1.04736e-07 -0.00399362 -8.71236e-07
1.04736e-07 -0.00399375 -6.22449e-07
9.79514e-08 -0.0039936 -8.71236e-07
9.79514e-08 -0.00399374 -6.22449e-07
1.04736e-07 -0.00399362 -8.67828e-07
1.04736e-07 -0.00399362 -8.6442e-07
1.04736e-07 -0.00399362 -8.61012e-07
1.04736e-07 -0.00399362 -8.57604e-07
1.04736e-07 -0.00399363 -8.54196e-07
1.04736e-07 -0.00399363 -8.50788e-07
1.04736e-07 -0.00399363 -8.4738e-07
1.04736e-07 -0.00399363 -8.43972e-07
1.04736e-07 -0.00399363 -8.40564e-07
1.04736e-07 -0.00399364 -8.37156e-07
1.04736e-07 -0.00399364 -8.33748e-07
1.04736e-07 -0.00399364 -8.3034e-07
1.04736e-07 -0.00399364 -8.26932e-07
1.04736e-07 -0.00399364 -8.23524e-07
1.04736e-07 -0.00399365 -8.20116e-07
1.04736e-07 -0.00399365 -8.16708e-07
1.04736e-07 -0.00399365 -8.133e-07
1.04736e-07 -0.00399365 -8.09892e-07
1.04736e-07 -0.00399365 -8.06484e-07
1.04736e-07 -0.00399365 -8.03076e-07
1.04736e-07 -0.00399366 -7.99667e-07
1.04736e-07 -0.00399366 -7.96259e-07
1.04736e-07 -0.00399366 -7.92851e-07
1.04736e-07 -0.00399366 -7.89443e-07
1.04736e-07 -0.00399366 -7.86035e-07
1.04736e-07 -0.00399367 -7.82627e-07
1.04736e-07 -0.00399367 -7.79219e-07
1.04736e-07 -0.00399367 -7.75811e-07
1.04736e-07 -0.00399367 -7.72403e-07
1.04736e-07 -0.00399367 -7.68995e-07
1.04736e-07 -0.00399368 -7.65587e-07
1.04736e-07 -0.00399368 -7.62179e-07
1.04736e-07 -0.00399368 -7.58771e-07
1.04736e-07 -0.00399368 -7.55363e-07
1.04736e-07 -0.00399368 -7.51955e-07
1.04736e-07 -0.00399368 -7.48547e-07
1.04736e-07 -0.00399369 -7.45139e-07
1.04736e-07 -0.00399369 -7.41731e-07
1.04736e-07 -0.00399369 -7.38323e-07
1.04736e-07 -0.00399369 -7.34915e-07
1.04736e-07 -0.00399369 -7.31507e-07
1.04736e-07 -0.0039937 -7.28098e-07
1.04736e-07 -0.0039937 -7.2469e-07
1.04736e-07 -0.0039937 -7.21282e-07
1.04736e-07 -0.0039937 -7.17874e-07
1.04736e-07 -0.0039937 -7.14466e-07
1.04736e-07 -0.0039937 -7.11058e-07
1.04736e-07 -0.00399371 -7.0765e-07
1.04736e-07 -0.00399371 -7.04242e-07
1.04736e-07 -0.00399371 -7.00834e-07
1.04736e-07 -0.00399371 -6.97426e-07
1.04736e-07 -0.00399371 -6.94018e-07
1.04736e-07 -0.00399372 -6.9061e-07
1.04736e-07 -0.00399372 -6.87202e-07
1.04736e-07 -0.00399372 -6.83794e-07
1.04736e-07 -0.00399372 -6.80386e-07
1.04736e-07 -0.00399372 -6.76978e-07
1.04736e-07 -0.00399373 -6.7357e-07
1.04736e-07 -0.00399373 -6.70162e-07
1.04736e-07 -0.00399373 -6.66754e-07
1.04736e-07 -0.00399373 -6.63346e-07
1.04736e-07 -0.00399373 -6.59938e-07
1.04736e-07 -0.00399373 -6.56529e-07
1.04736e-07 -0.00399374 -6.53121e-07
1.04736e-07 -0.00399374 -6.49713e-07
1.04736e-07 -0.00399374 -6.46305e-07
1.04736e-07 -0.00399374 -6.42897e-07
1.04736e-07 -0.00399374 -6.39489e-07
1.04736e-07 -0.00399375 -6.36081e-07
1.04736e-07 -0.00399375 -6.32673e-07
1.04736e-07 -0.00399375 -6.29265e-07
1.04736e-07 -0.00399375 -6.25857e-07
1.01344e-07 -0.00399375 -6.22449e-07
1.01344e-07 -0.00399361 -8.71236e-07
9.79514e-08 -0.00399374 -6.25857e-07
9.79514e-08 -0.00399374 -6.29265e-07
9.79514e-08 -0.00399373 -6.32673e-07
9.79514e-08 -0.00399373 -6.36081e-07
9.79514e-08 -0.00399373 -6.39489e-07
9.79514e-08 -0.00399373 -6.42897e-07
9.79514e-08 -0.00399373 -6.46305e-07
9.79514e-08 -0.00399373 -6.49713e-07
9.79514e-08 -0.00399372 -6.53121e-07
9.79514e-08 -0.00399372 -6.56529e-07
9.79514e-08 -0.00399372 -6.59938e-07
9.79514e-08 -0.00399372 -6.63346e-07
9.79514e-08 -0.00399372 -6.66754e-07
9.79514e-08 -0.00399371 -6.70162e-07
9.79514e-08 -0.00399371 -6.7357e-07
9.79514e-08 -0.00399371 -6.76978e-07
9.79514e-08 -0.00399371 -6.80386e-07
9.79514e-08 -0.00399371 -6.83794e-07
9.79514e-08 -0.0039937 -6.87202e-07
9.79514e-08 -0.0039937 -6.9061e-07
9.79514e-08 -0.0039937 -6.94018e-07
9.79514e-08 -0.0039937 -6.97426e-07
9.79514e-08 -0.0039937 -7.00834e-07
9.79514e-08 -0.0039937 -7.04242e-07
9.79514e-08 -0.00399369 -7.0765e-07
9.79514e-08 -0.00399369 -7.11058e-07
9.79514e-08 -0.00399369 -7.14466e-07
9.79514e-08 -0.00399369 -7.17874e-07
9.79514e-08 -0.00399369 -7.21282e-07
9.79514e-08 -0.00399368 -7.2469e-07
9.79514e-08 -0.00399368 -7.28098e-07
9.79514e-08 -0.00399368 -7.31507e-07
9.79514e-08 -0.00399368 -7.34915e-07
9.79514e-08 -0.00399368 -7.38323e-07
9.79514e-08 -0.00399368 -7.41731e-07
9.79514e-08 -0.00399367 -7.45139e-07
9.79514e-08 -0.00399367 -7.48547e-07
9.79514e-08 -0.00399367 -7.51955e-07
9.79514e-08 -0.00399367 -7.55363e-07
9.79514e-08 -0.00399367 -7.58771e-07
9.79514e-08 -0.00399366 -7.62179e-07
9.79514e-08 -0.00399366 -7.65587e-07
9.79514e-08 -0.00399366 -7.68995e-07
9.79514e-08 -0.00399366 -7.72403e-07
9.79514e-08 -0.00399366 -7.75811e-07
9.79514e-08 -0.00399365 -7.79219e-07
9.79514e-08 -0.00399365 -7.82627e-07
9.79514e-08 -0.00399365 -7.86035e-07
9.79514e-08 -0.00399365 -7.89443e-07
9.79514e-08 -0.00399365 -7.92851e-07
9.79514e-08 -0.00399365 -7.96259e-07
9.79514e-08 -0.00399364 -7.99667e-07
9.79514e-08 -0.00399364 -8.03076e-07
9.79514e-08 -0.00399364 -8.06484e-07
9.79514e-08 -0.00399364 -8.09892e-07
9.79514e-08 -0.00399364 -8.133e-07
9.79514e-08 -0.00399363 -8.16708e-07
9.79514e-08 -0.00399363 -8.20116e-07
9.79514e-08 -0.00399363 -8.23524e-07
9.79514e-08 -0.00399363 -8.26932e-07
9.79514e-08 -0.00399363 -8.3034e-07
9.79514e-08 -0.00399362 -8.33748e-07
9.79514e-08 -0.00399362 -8.37156e-07
9.79514e-08 -0.00399362 -8.40564e-07
9.79514e-08 -0.00399362 -8.43972e-07
9.79514e-08 -0.00399362 -8.4738e-07
9.79514e-08 -0.00399362 -8.50788e-07
9.79514e-08 -0.00399361 -8.54196e-07
9.79514e-08 -0.00399361 -8.57604e-07
9.79514e-08 -0.00399361 -8.61012e-07
9.79514e-08 -0.00399361 -8.6442e-07
9.79514e-08 -0.00399361 -8.67828e-07
1.01344e-07 -0.00399374 -6.25857e-07
1.01344e-07 -0.00399374 -6.29265e-07
1.01344e-07 -0.00399374 -6.32673e-07
1.01344e-07 -0.00399374 -6.36081e-07
1.01344e-07 -0.00399374 -6.39489e-07
1.01344e-07 -0.00399374 -6.42897e-07
1.01344e-07 -0.00399373 -6.46305e-07
1.01344e-07 -0.00399373 -6.49713e-07
1.01344e-07 -0.00399373 -6.53121e-07
1.01344e-07 -0.00399373 -6.56529e-07
1.01344e-07 -0.00399373 -6.59938e-07
1.01344e-07 -0.00399372 -6.63346e-07
1.01344e-07 -0.00399372 -6.66754e-07
1.01344e-07 -0.00399372 -6.70162e-07
1.01344e-07 -0.00399372 -6.7357e-07
1.01344e-07 -0.00399372 -6.76978e-07
1.01344e-07 -0.00399372 -6.80386e-07
1.01344e-07 -0.00399371 -6.83794e-07
1.01344e-07 -0.00399371 -6.87202e-07
1.01344e-07 -0.00399371 -6.9061e-07
1.01344e-07 -0.00399371 -6.94018e-07
1.01344e-07 -0.00399371 -6.97426e-07
1.01344e-07 -0.0039937 -7.00834e-07
1.01344e-07 -0.0039937 -7.04242e-07
1.01344e-07 -0.0039937 -7.0765e-07
1.01344e-07 -0.0039937 -7.11058e-07
1.01344e-07 -0.0039937 -7.14466e-07
1.01344e-07 -0.00399369 -7.17874e-07
1.01344e-07 -0.00399369 -7.21282e-07
1.01344e-07 -0.00399369 -7.2469e-07
1.01344e-07 -0.00399369 -7.28098e-07
1.01344e-07 -0.00399369 -7.31507e-07
1.01344e-07 -0.00399369 -7.34915e-07
1.01344e-07 -0.00399368 -7.38323e-07
1.01344e-07 -0.00399368 -7.41731e-07
1.01344e-07 -0.00399368 -7.45139e-07
1.01344e-07 -0.00399368 -7.48547e-07
1.01344e-07 -0.00399368 -7.51955e-07
1.01344e-07 -0.00399367 -7.55363e-07
1.01344e-07 -0.00399367 -7.58771e-07
1.01344e-07 -0.00399367 -7.62179e-07
1.01344e-07 -0.00399367 -7.65587e-07
1.01344e-07 -0.00399367 -7.68995e-07
1.01344e-07 -0.00399366 -7.72403e-07
1.01344e-07 -0.00399366 -7.75811e-07
1.01344e-07 -0.00399366 -7.79219e-07
1.01344e-07 -0.00399366 -7.82627e-07
1.01344e-07 -0.00399366 -7.86035e-07
1.01344e-07 -0.00399366 -7.89443e-07
1.01344e-07 -0.00399365 -7.92851e-07
1.01344e-07 -0.00399365 -7.96259e-07
1.01344e-07 -0.00399365 -7.99667e-07
1.01344e-07 -0.00399365 -8.03076e-07
1.01344e-07 -0.00399365 -8.06484e-07
1.01344e-07 -0.00399364 -8.09892e-07
1.01344e-07 -0.00399364 -8.133e-07
1.01344e-07 -0.00399364 -8.16708e-07
1.01344e-07 -0.00399364 -8.20116e-07
1.01344e-07 -0.00399364 -8.23524e-07
1.01344e-07 -0.00399364 -8.26932e-07
1.01344e-07 -0.00399363 -8.3034e-07
1.01344e-07 -0.00399363 -8.33748e-07
1.01344e-07 -0.00399363 -8.37156e-07
1.01344e-07 -0.00399363 -8.40564e-07
1.01344e-07 -0.00399363 -8.43972e-07
1.01344e-07 -0.00399362 -8.4738e-07
1.01344e-07 -0.00399362 -8.50788e-07
1.01344e-07 -0.00399362 -8.54196e-07
1.01344e-07 -0.00399362 -8.57604e-07
1.01344e-07 -0.00399362 -8.61012e-07
1.01344e-07 -0.00399361 -8.6442e-07
1.01344e-07 -0.00399361 -8.67828e-07
9.56897e-08 -0.0039936 -8.71236e-07
9.79514e-08 -0.0039936 -8.71236e-07
9.56897e-08 -0.0039936 -8.67828e-07
9.79514e-08 -0.00399361 -8.67828e-07
9.56897e-08 -0.0039936 -8.6442e-07
9.79514e-08 -0.00399361 -8.6442e-07
9.56897e-08 -0.00399361 -8.61012e-07
9.79514e-08 -0.00399361 -8.61012e-07
9.56897e-08 -0.00399361 -8.57604e-07
9.79514e-08 -0.00399361 -8.57604e-07
9.56897e-08 -0.00399361 -8.54196e-07
9.79514e-08 -0.00399361 -8.54196e-07
9.56897e-08 -0.00399361 -8.50788e-07
9.79514e-08 -0.00399362 -8.50788e-07
9.56897e-08 -0.00399361 -8.4738e-07
9.79514e-08 -0.00399362 -8.4738e-07
9.56897e-08 -0.00399361 -8.43972e-07
9.79514e-08 -0.00399362 -8.43972e-07
9.56897e-08 -0.00399362 -8.40564e-07
9.79514e-08 -0.00399362 -8.40564e-07
9.56897e-08 -0.00399362 -8.37156e-07
9.79514e-08 -0.00399362 -8.37156e-07
9.56897e-08 -0.00399362 -8.33748e-07
9.79514e-08 -0.00399362 -8.33748e-07
9.56897e-08 -0.00399362 -8.3034e-07
9.79514e-08 -0.00399363 -8.3034e-07
9.56897e-08 -0.00399362 -8.26932e-07
9.79514e-08 -0.00399363 -8.26932e-07
9.56897e-08 -0.00399363 -8.23524e-07
9.79514e-08 -0.00399363 -8.23524e-07
9.56897e-08 -0.00399363 -8.20116e-07
9.79514e-08 -0.00399363 -8.20116e-07
9.56897e-08 -0.00399363 -8.16708e-07
9.79514e-08 -0.00399363 -8.16708e-07
9.56897e-08 -0.00399363 -8.133e-07
9.79514e-08 -0.00399364 -8.133e-07
9.56897e-08 -0.00399363 -8.09892e-07
9.79514e-08 -0.00399364 -8.09892e-07
9.56897e-08 -0.00399364 -8.06484e-07
9.79514e-08 -0.00399364 -8.06484e-07
9.56897e-08 -0.00399364 -8.03076e-07
9.79514e-08 -0.00399364 -8.03076e-07
9.56897e-08 -0.00399364 -7.99667e-07
9.79514e-08 -0.00399364 -7.99667e-07
9.56897e-08 -0.00399364 -7.96259e-07
9.79514e-08 -0.00399365 -7.96259e-07
9.56897e-08 -0.00399364 -7.92851e-07
9.79514e-08 -0.00399365 -7.92851e-07
9.56897e-08 -0.00399364 -7.89443e-07
9.79514e-08 -0.00399365 -7.89443e-07
9.56897e-08 -0.00399365 -7.86035e-07
9.79514e-08 -0.00399365 -7.86035e-07
9.56897e-08 -0.00399365 -7.82627e-07
9.79514e-08 -0.00399365 -7.82627e-07
9.56897e-08 -0.00399365 -7.79219e-07
9.79514e-08 -0.00399365 -7.79219e-07
9.56897e-08 -0.00399365 -7.75811e-07
9.79514e-08 -0.00399366 -7.75811e-07
9.56897e-08 -0.00399365 -7.72403e-07
9.79514e-08 -0.00399366 -7.72403e-07
9.56897e-08 -0.00399366 -7.68995e-07
9.79514e-08 -0.00399366 -7.68995e-07
9.56897e-08 -0.00399366 -7.65587e-07
9.79514e-08 -0.00399366 -7.65587e-07
9.56897e-08 -0.00399366 -7.62179e-07
9.79514e-08 -0.00399366 -7.62179e-07
9.56897e-08 -0.00399366 -7.58771e-07
9.79514e-08 -0.00399367 -7.58771e-07
9.56897e-08 -0.00399366 -7.55363e-07
9.79514e-08 -0.00399367 -7.55363e-07
9.56897e-08 -0.00399366 -7.51955e-07
9.79514e-08 -0.00399367 -7.51955e-07
9.56897e-08 -0.00399367 -7.48547e-07
9.79514e-08 -0.00399367 -7.48547e-07
9.56897e-08 -0.00399367 -7.45139e-07
9.79514e-08 -0.00399367 -7.45139e-07
9.56897e-08 -0.00399367 -7.41731e-07
9.79514e-08 -0.00399368 -7.41731e-07
9.56897e-08 -0.00399367 -7.38323e-07
9.79514e-08 -0.00399368 -7.38323e-07
9.56897e-08 -0.00399367 -7.34915e-07
9.79514e-08 -0.00399368 -7.34915e-07
9.56897e-08 -0.00399368 -7.31507e-07
9.79514e-08 -0.00399368 -7.31507e-07
9.56897e-08 -0.00399368 -7.28098e-07
9.79514e-08 -0.00399368 -7.28098e-07
9.56897e-08 -0.00399368 -7.2469e-07
9.79514e-08 -0.00399368 -7.2469e-07
9.56897e-08 -0.00399368 -7.21282e-07
9.79514e-08 -0.00399369 -7.21282e-07
9.56897e-08 -0.00399368 -7.17874e-07
9.79514e-08 -0.00399369 -7.17874e-07
9.56897e-08 -0.00399369 -7.14466e-07
9.79514e-08 -0.00399369 -7.14466e-07
9.56897e-08 -0.00399369 -7.11058e-07
9.79514e-08 -0.00399369 -7.11058e-07
9.56897e-08 -0.00399369 -7.0765e-07
9.79514e-08 -0.00399369 -7.0765e-07
9.56897e-08 -0.00399369 -7.04242e-07
9.79514e-08 -0.0039937 -7.04242e-07
9.56897e-08 -0.00399369 -7.00834e-07
9.79514e-08 -0.0039937 -7.00834e-07
9.56897e-08 -0.00399369 -6.97426e-07
9.79514e-08 -0.0039937 -6.97426e-07
9.56897e-08 -0.0039937 -6.94018e-07
9.79514e-08 -0.0039937 -6.94018e-07
9.56897e-08 -0.0039937 -6.9061e-07
9.79514e-08 -0.0039937 -6.9061e-07
9.56897e-08 -0.0039937 -6.87202e-07
9.79514e-08 -0.0039937 -6.87202e-07
9.56897e-08 -0.0039937 -6.83794e-07
9.79514e-08 -0.00399371 -6.83794e-07
9.56897e-08 -0.0039937 -6.80386e-07
9.79514e-08 -0.00399371 -6.80386e-07
9.56897e-08 -0.00399371 -6.76978e-07
9.79514e-08 -0.00399371 -6.76978e-07
9.56897e-08 -0.00399371 -6.7357e-07
9.79514e-08 -0.00399371 -6.7357e-07
9.56897e-08 -0.00399371 -6.70162e-07
9.79514e-08 -0.00399371 -6.70162e-07
9.56897e-08 -0.00399371 -6.66754e-07
9.79514e-08 -0.00399372 -6.66754e-07
9.56897e-08 -0.00399371 -6.63346e-07
9.79514e-08 -0.00399372 -6.63346e-07
9.56897e-08 -0.00399372 -6.59938e-07
9.79514e-08 -0.00399372 -6.59938e-07
9.56897e-08 -0.00399372 -6.56529e-07
9.79514e-08 -0.00399372 -6.56529e-07
9.56897e-08 -0.00399372 -6.53121e-07
9.79514e-08 -0.00399372 -6.53121e-07
9.56897e-08 -0.00399372 -6.49713e-07
9.79514e-08 -0.00399373 -6.49713e-07
9.56897e-08 -0.00399372 -6.46305e-07
9.79514e-08 -0.00399373 -6.46305e-07
9.56897e-08 -0.00399372 -6.42897e-07
9.79514e-08 -0.00399373 -6.42897e-07
9.56897e-08 -0.00399373 -6.39489e-07
9.79514e-08 -0.00399373 -6.39489e-07
9.56897e-08 -0.00399373 -6.36081e-07
9.79514e-08 -0.00399373 -6.36081e-07
9.56897e-08 -0.00399373 -6.32673e-07
9.79514e-08 -0.00399373 -6.32673e-07
9.56897e-08 -0.00399373 -6.29265e-07
9.79514e-08 -0.00399374 -6.29265e-07
9.56897e-08 -0.00399373 -6.25857e-07
9.79514e-08 -0.00399374 -6.25857e-07
9.56897e-08 -0.00399374 -6.22449e-07
9.79514e-08 -0.00399374 -6.22449e-07
1.04736e-07 -0.00399362 -8.71236e-07
1.06998e-07 -0.00399362 -8.71236e-07
1.04736e-07 -0.00399362 -8.67828e-07
1.06998e-07 -0.00399362 -8.67828e-07
1.04736e-07 -0.00399362 -8.6442e-07
1.06998e-07 -0.00399363 -8.6442e-07
1.04736e-07 -0.00399362 -8.61012e-07
1.06998e-07 -0.00399363 -8.61012e-07
1.04736e-07 -0.00399362 -8.57604e-07
1.06998e-07 -0.00399363 -8.57604e-07
1.04736e-07 -0.00399363 -8.54196e-07
1.06998e-07 -0.00399363 -8.54196e-07
1.04736e-07 -0.00399363 -8.50788e-07
1.06998e-07 -0.00399363 -8.50788e-07
1.04736e-07 -0.00399363 -8.4738e-07
1.06998e-07 -0.00399363 -8.4738e-07
1.04736e-07 -0.00399363 -8.43972e-07
1.06998e-07 -0.00399364 -8.43972e-07
1.04736e-07 -0.00399363 -8.40564e-07
1.06998e-07 -0.00399364 -8.40564e-07
1.04736e-07 -0.00399364 -8.37156e-07
1.06998e-07 -0.00399364 -8.37156e-07
1.04736e-07 -0.00399364 -8.33748e-07
1.06998e-07 -0.00399364 -8.33748e-07
1.04736e-07 -0.00399364 -8.3034e-07
1.06998e-07 -0.00399364 -8.3034e-07
1.04736e-07 -0.00399364 -8.26932e-07
1.06998e-07 -0.00399365 -8.26932e-07
1.04736e-07 -0.00399364 -8.23524e-07
1.06998e-07 -0.00399365 -8.23524e-07
1.04736e-07 -0.00399365 -8.20116e-07
1.06998e-07 -0.00399365 -8.20116e-07
1.04736e-07 -0.00399365 -8.16708e-07
1.06998e-07 -0.00399365 -8.16708e-07
1.04736e-07 -0.00399365 -8.133e-07
1.06998e-07 -0.00399365 -8.133e-07
1.04736e-07 -0.00399365 -8.09892e-07
1.06998e-07 -0.00399366 -8.09892e-07
1.04736e-07 -0.00399365 -8.06484e-07
1.06998e-07 -0.00399366 -8.06484e-07
1.04736e-07 -0.00399365 -8.03076e-07
1.06998e-07 -0.00399366 -8.03076e-07
1.04736e-07 -0.00399366 -7.99667e-07
1.06998e-07 -0.00399366 -7.99667e-07
1.04736e-07 -0.00399366 -7.96259e-07
1.06998e-07 -0.00399366 -7.96259e-07
1.04736e-07 -0.00399366 -7.92851e-07
1.06998e-07 -0.00399366 -7.92851e-07
1.04736e-07 -0.00399366 -7.89443e-07
1.06998e-07 -0.00399367 -7.89443e-07
1.04736e-07 -0.00399366 -7.86035e-07
1.06998e-07 -0.00399367 -7.86035e-07
1.04736e-07 -0.00399367 -7.82627e-07
1.06998e-07 -0.00399367 -7.82627e-07
1.04736e-07 -0.00399367 -7.79219e-07
1.06998e-07 -0.00399367 -7.79219e-07
1.04736e-07 -0.00399367 -7.75811e-07
1.06998e-07 -0.00399367 -7.75811e-07
1.04736e-07 -0.00399367 -7.72403e-07
1.06998e-07 -0.00399368 -7.72403e-07
1.04736e-07 -0.00399367 -7.68995e-07
1.06998e-07 -0.00399368 -7.68995e-07
1.04736e-07 -0.00399368 -7.65587e-07
1.06998e-07 -0.00399368 -7.65587e-07
1.04736e-07 -0.00399368 -7.62179e-07
1.06998e-07 -0.00399368 -7.62179e-07
1.04736e-07 -0.00399368 -7.58771e-07
1.06998e-07 -0.00399368 -7.58771e-07
1.04736e-07 -0.00399368 -7.55363e-07
1.06998e-07 -0.00399369 -7.55363e-07
1.04736e-07 -0.00399368 -7.51955e-07
1.06998e-07 -0.00399369 -7.51955e-07
1.04736e-07 -0.00399368 -7.48547e-07
1.06998e-07 -0.00399369 -7.48547e-07
1.04736e-07 -0.00399369 -7.45139e-07
1.06998e-07 -0.00399369 -7.45139e-07
1.04736e-07 -0.00399369 -7.41731e-07
1.06998e-07 -0.00399369 -7.41731e-07
1.04736e-07 -0.00399369 -7.38323e-07
1.06998e-07 -0.00399369 -7.38323e-07
1.04736e-07 -0.00399369 -7.34915e-07
1.06998e-07 -0.0039937 -7.34915e-07
1.04736e-07 -0.00399369 -7.31507e-07
1.06998e-07 -0.0039937 -7.31507e-07
1.04736e-07 -0.0039937 -7.28098e-07
1.06998e-07 -0.0039937 -7.28098e-07
1.04736e-07 -0.0039937 -7.2469e-07
1.06998e-07 -0.0039937 -7.2469e-07
1.04736e-07 -0.0039937 -7.21282e-07
1.06998e-07 -0.0039937 -7.21282e-07
1.04736e-07 -0.0039937 -7.17874e-07
1.06998e-07 -0.00399371 -7.17874e-07
1.04736e-07 -0.0039937 -7.14466e-07
1.06998e-07 -0.00399371 -7.14466e-07
1.04736e-07 -0.0039937 -7.11058e-07
1.06998e-07 -0.00399371 -7.11058e-07
1.04736e-07 -0.00399371 -7.0765e-07
1.06998e-07 -0.00399371 -7.0765e-07
1.04736e-07 -0.00399371 -7.04242e-07
1.06998e-07 -0.00399371 -7.04242e-07
1.04736e-07 -0.00399371 -7.00834e-07
1.06998e-07 -0.00399372 -7.00834e-07
1.04736e-07 -0.00399371 -6.97426e-07
1.06998e-07 -0.00399372 -6.97426e-07
1.04736e-07 -0.00399371 -6.94018e-07
1.06998e-07 -0.00399372 -6.94018e-07
1.04736e-07 -0.00399372 -6.9061e-07
1.06998e-07 -0.00399372 -6.9061e-07
1.04736e-07 -0.00399372 -6.87202e-07
1.06998e-07 -0.00399372 -6.87202e-07
1.04736e-07 -0.00399372 -6.83794e-07
1.06998e-07 -0.00399372 -6.83794e-07
1.04736e-07 -0.00399372 -6.80386e-07
1.06998e-07 -0.00399373 -6.80386e-07
1.04736e-07 -0.00399372 -6.76978e-07
1.06998e-07 -0.00399373 -6.76978e-07
1.04736e-07 -0.00399373 -6.7357e-07
1.06998e-07 -0.00399373 -6.7357e-07
1.04736e-07 -0.00399373 -6.70162e-07
1.06998e-07 -0.00399373 -6.70162e-07
1.04736e-07 -0.00399373 -6.66754e-07
1.06998e-07 -0.00399373 -6.66754e-07
1.04736e-07 -0.00399373 -6.63346e-07
1.06998e-07 -0.00399374 -6.63346e-07
1.04736e-07 -0.00399373 -6.59938e-07
1.06998e-07 -0.00399374 -6.59938e-07
1.04736e-07 -0.00399373 -6.56529e-07
1.06998e-07 -0.00399374 -6.56529e-07
1.04736e-07 -0.00399374 -6.53121e-07
1.06998e-07 -0.00399374 -6.53121e-07
1.04736e-07 -0.00399374 -6.49713e-07
1.06998e-07 -0.00399374 -6.49713e-07
1.04736e-07 -0.00399374 -6.46305e-07
1.06998e-07 -0.00399374 -6.46305e-07
1.04736e-07 -0.00399374 -6.42897e-07
1.06998e-07 -0.00399375 -6.42897e-07
1.04736e-07 -0.00399374 -6.39489e-07
1.06998e-07 -0.00399375 -6.39489e-07
1.04736e-07 -0.00399375 -6.36081e-07
1.06998e-07 -0.00399375 -6.36081e-07
1.04736e-07 -0.00399375 -6.32673e-07
1.06998e-07 -0.00399375 -6.32673e-07
1.04736e-07 -0.00399375 -6.29265e-07
1.06998e-07 -0.00399375 -6.29265e-07
1.04736e-07 -0.00399375 -6.25857e-07
1.06998e-07 -0.00399376 -6.25857e-07
1.04736e-07 -0.00399375 -6.22449e-07
1.06998e-07 -0.00399376 -6.22449e-07
