8.25596e-09 -0.00400907 5.5893e-07
8.25596e-09 -0.00400909 -6.62442e-07
4.15661e-08 -0.00400909 5.5893e-07
4.15661e-08 -0.00400911 -6.62442e-07
8.25596e-09 -0.00400907 5.42199e-07
8.25596e-09 -0.00400907 5.25468e-07
8.25596e-09 -0.00400907 5.08737e-07
8.25596e-09 -0.00400907 4.92006e-07
8.25596e-09 -0.00400907 4.75275e-07
8.25596e-09 -0.00400907 4.58543e-07
8.25596e-09 -0.00400907 4.41812e-07
8.25596e-09 -0.00400907 4.25081e-07
8.25596e-09 -0.00400907 4.0835e-07
8.25596e-09 -0.00400907 3.91619e-07
8.25596e-09 -0.00400907 3.74888e-07
8.25596e-09 -0.00400907 3.58157e-07
8.25596e-09 -0.00400907 3.41426e-07
8.25596e-09 -0.00400907 3.24694e-07
8.25596e-09 -0.00400907 3.07963e-07
8.25596e-09 -0.00400907 2.91232e-07
8.25596e-09 -0.00400907 2.74501e-07
8.25596e-09 -0.00400907 2.5777e-07
8.25596e-09 -0.00400907 2.41039e-07
8.25596e-09 -0.00400907 2.24308e-07
8.25596e-09 -0.00400907 2.07577e-07
8.25596e-09 -0.00400907 1.90845e-07
8.25596e-09 -0.00400907 1.74114e-07
8.25596e-09 -0.00400907 1.57383e-07
8.25596e-09 -0.00400907 1.40652e-07
8.25596e-09 -0.00400907 1.23921e-07
8.25596e-09 -0.00400907 1.0719e-07
8.25596e-09 -0.00400907 9.04587e-08
8.25596e-09 -0.00400908 7.37275e-08
8.25596e-09 -0.00400908 5.69964e-08
8.25596e-09 -0.00400908 4.02653e-08
8.25596e-09 -0.00400908 2.35342e-08
8.25596e-09 -0.00400908 6.80301e-09
8.25596e-09 -0.00400908 -9.9281e-09
8.25596e-09 -0.00400908 -2.66593e-08
8.25596e-09 -0.00400908 -4.33904e-08
8.25596e-09 -0.00400908 -6.01215e-08
8.25596e-09 -0.00400908 -7.68526e-08
8.25596e-09 -0.00400908 -9.35838e-08
8.25596e-09 -0.00400908 -1.10315e-07
8.25596e-09 -0.00400908 -1.27046e-07
8.25596e-09 -0.00400908 -1.43777e-07
8.25596e-09 -0.00400908 -1.60508e-07
8.25596e-09 -0.00400908 -1.77239e-07
8.25596e-09 -0.00400908 -1.93971e-07
8.25596e-09 -0.00400908 -2.10702e-07
8.25596e-09 -0.00400908 -2.27433e-07
8.25596e-09 -0.00400908 -2.44164e-07
8.25596e-09 -0.00400908 -2.60895e-07
8.25596e-09 -0.00400908 -2.77626e-07
8.25596e-09 -0.00400908 -2.94357e-07
8.25596e-09 -0.00400908 -3.11088e-07
8.25596e-09 -0.00400908 -3.2782e-07
8.25596e-09 -0.00400908 -3.44551e-07
8.25596e-09 -0.00400908 -3.61282e-07
8.25596e-09 -0.00400908 -3.78013e-07
8.25596e-09 -0.00400908 -3.94744e-07
8.25596e-09 -0.00400908 -4.11475e-07
8.25596e-09 -0.00400908 -4.28206e-07
8.25596e-09 -0.00400908 -4.44937e-07
8.25596e-09 -0.00400908 -4.61669e-07
8.25596e-09 -0.00400908 -4.784e-07
8.25596e-09 -0.00400909 -4.95131e-07
8.25596e-09 -0.00400909 -5.11862e-07
8.25596e-09 -0.00400909 -5.28593e-07
8.25596e-09 -0.00400909 -5.45324e-07
8.25596e-09 -0.00400909 -5.62055e-07
8.25596e-09 -0.00400909 -5.78786e-07
8.25596e-09 -0.00400909 -5.95518e-07
8.25596e-09 -0.00400909 -6.12249e-07
8.25596e-09 -0.00400909 -6.2898e-07
8.25596e-09 -0.00400909 -6.45711e-07
2.4911e-08 -0.0040091 -6.62442e-07
2.4911e-08 -0.00400908 5.5893e-07
4.15661e-08 -0.00400911 -6.45711e-07
4.15661e-08 -0.00400911 -6.2898e-07
4.15661e-08 -0.00400911 -6.12249e-07
4.15661e-08 -0.00400911 -5.95518e-07
4.15661e-08 -0.00400911 -5.78786e-07
4.15661e-08 -0.00400911 -5.62055e-07
4.15661e-08 -0.00400911 -5.45324e-07
4.15661e-08 -0.00400911 -5.28593e-07
4.15661e-08 -0.00400911 -5.11862e-07
4.15661e-08 -0.00400911 -4.95131e-07
4.15661e-08 -0.00400911 -4.784e-07
4.15661e-08 -0.00400911 -4.61669e-07
4.15661e-08 -0.00400911 -4.44937e-07
4.15661e-08 -0.00400911 -4.28206e-07
4.15661e-08 -0.00400911 -4.11475e-07
4.15661e-08 -0.00400911 -3.94744e-07
4.15661e-08 -0.00400911 -3.78013e-07
4.15661e-08 -0.00400911 -3.61282e-07
4.15661e-08 -0.0040091 -3.44551e-07
4.15661e-08 -0.0040091 -3.2782e-07
4.15661e-08 -0.0040091 -3.11088e-07
4.15661e-08 -0.0040091 -2.94357e-07
4.15661e-08 -0.0040091 -2.77626e-07
4.15661e-08 -0.0040091 -2.60895e-07
4.15661e-08 -0.0040091 -2.44164e-07
4.15661e-08 -0.0040091 -2.27433e-07
4.15661e-08 -0.0040091 -2.10702e-07
4.15661e-08 -0.0040091 -1.93971e-07
4.15661e-08 -0.0040091 -1.77239e-07
4.15661e-08 -0.0040091 -1.60508e-07
4.15661e-08 -0.0040091 -1.43777e-07
4.15661e-08 -0.0040091 -1.27046e-07
4.15661e-08 -0.0040091 -1.10315e-07
4.15661e-08 -0.0040091 -9.35838e-08
4.15661e-08 -0.0040091 -7.68526e-08
4.15661e-08 -0.0040091 -6.01215e-08
4.15661e-08 -0.0040091 -4.33904e-08
4.15661e-08 -0.0040091 -2.66593e-08
4.15661e-08 -0.0040091 -9.9281e-09
4.15661e-08 -0.0040091 6.80301e-09
4.15661e-08 -0.0040091 2.35342e-08
4.15661e-08 -0.0040091 4.02653e-08
4.15661e-08 -0.0040091 5.69964e-08
4.15661e-08 -0.0040091 7.37275e-08
4.15661e-08 -0.0040091 9.04587e-08
4.15661e-08 -0.0040091 1.0719e-07
4.15661e-08 -0.0040091 1.23921e-07
4.15661e-08 -0.0040091 1.40652e-07
4.15661e-08 -0.0040091 1.57383e-07
4.15661e-08 -0.0040091 1.74114e-07
4.15661e-08 -0.0040091 1.90845e-07
4.15661e-08 -0.0040091 2.07577e-07
4.15661e-08 -0.0040091 2.24308e-07
4.15661e-08 -0.0040091 2.41039e-07
4.15661e-08 -0.00400909 2.5777e-07
4.15661e-08 -0.00400909 2.74501e-07
4.15661e-08 -0.00400909 2.91232e-07
4.15661e-08 -0.00400909 3.07963e-07
4.15661e-08 -0.00400909 3.24694e-07
4.15661e-08 -0.00400909 3.41426e-07
4.15661e-08 -0.00400909 3.58157e-07
4.15661e-08 -0.00400909 3.74888e-07
4.15661e-08 -0.00400909 3.91619e-07
4.15661e-08 -0.00400909 4.0835e-07
4.15661e-08 -0.00400909 4.25081e-07
4.15661e-08 -0.00400909 4.41812e-07
4.15661e-08 -0.00400909 4.58543e-07
4.15661e-08 -0.00400909 4.75275e-07
4.15661e-08 -0.00400909 4.92006e-07
4.15661e-08 -0.00400909 5.08737e-07
4.15661e-08 -0.00400909 5.25468e-07
4.15661e-08 -0.00400909 5.42199e-07
2.4911e-08 -0.0040091 -6.45711e-07
2.4911e-08 -0.0040091 -6.2898e-07
2.4911e-08 -0.0040091 -6.12249e-07
2.4911e-08 -0.0040091 -5.95518e-07
2.4911e-08 -0.0040091 -5.78786e-07
2.4911e-08 -0.0040091 -5.62055e-07
2.4911e-08 -0.0040091 -5.45324e-07
2.4911e-08 -0.0040091 -5.28593e-07
2.4911e-08 -0.0040091 -5.11862e-07
2.4911e-08 -0.0040091 -4.95131e-07
2.4911e-08 -0.0040091 -4.784e-07
2.4911e-08 -0.0040091 -4.61669e-07
2.4911e-08 -0.0040091 -4.44937e-07
2.4911e-08 -0.0040091 -4.28206e-07
2.4911e-08 -0.0040091 -4.11475e-07
2.4911e-08 -0.00400909 -3.94744e-07
2.4911e-08 -0.00400909 -3.78013e-07
2.4911e-08 -0.00400909 -3.61282e-07
2.4911e-08 -0.00400909 -3.44551e-07
2.4911e-08 -0.00400909 -3.2782e-07
2.4911e-08 -0.00400909 -3.11088e-07
2.4911e-08 -0.00400909 -2.94357e-07
2.4911e-08 -0.00400909 -2.77626e-07
2.4911e-08 -0.00400909 -2.60895e-07
2.4911e-08 -0.00400909 -2.44164e-07
2.4911e-08 -0.00400909 -2.27433e-07
2.4911e-08 -0.00400909 -2.10702e-07
2.4911e-08 -0.00400909 -1.93971e-07
2.4911e-08 -0.00400909 -1.77239e-07
2.4911e-08 -0.00400909 -1.60508e-07
2.4911e-08 -0.00400909 -1.43777e-07
2.4911e-08 -0.00400909 -1.27046e-07
2.4911e-08 -0.00400909 -1.10315e-07
2.4911e-08 -0.00400909 -9.35838e-08
2.4911e-08 -0.00400909 -7.68526e-08
2.4911e-08 -0.00400909 -6.01215e-08
2.4911e-08 -0.00400909 -4.33904e-08
2.4911e-08 -0.00400909 -2.66593e-08
2.4911e-08 -0.00400909 -9.9281e-09
2.4911e-08 -0.00400909 6.80301e-09
2.4911e-08 -0.00400909 2.35342e-08
2.4911e-08 -0.00400909 4.02653e-08
2.4911e-08 -0.00400909 5.69964e-08
2.4911e-08 -0.00400909 7.37275e-08
2.4911e-08 -0.00400909 9.04587e-08
2.4911e-08 -0.00400909 1.0719e-07
2.4911e-08 -0.00400909 1.23921e-07
2.4911e-08 -0.00400909 1.40652e-07
2.4911e-08 -0.00400909 1.57383e-07
2.4911e-08 -0.00400908 1.74114e-07
2.4911e-08 -0.00400908 1.90845e-07
2.4911e-08 -0.00400908 2.07577e-07
2.4911e-08 -0.00400908 2.24308e-07
2.4911e-08 -0.00400908 2.41039e-07
2.4911e-08 -0.00400908 2.5777e-07
2.4911e-08 -0.00400908 2.74501e-07
2.4911e-08 -0.00400908 2.91232e-07
2.4911e-08 -0.00400908 3.07963e-07
2.4911e-08 -0.00400908 3.24694e-07
2.4911e-08 -0.00400908 3.41426e-07
2.4911e-08 -0.00400908 3.58157e-07
2.4911e-08 -0.00400908 3.74888e-07
2.4911e-08 -0.00400908 3.91619e-07
2.4911e-08 -0.00400908 4.0835e-07
2.4911e-08 -0.00400908 4.25081e-07
2.4911e-08 -0.00400908 4.41812e-07
2.4911e-08 -0.00400908 4.58543e-07
2.4911e-08 -0.00400908 4.75275e-07
2.4911e-08 -0.00400908 4.92006e-07
2.4911e-08 -0.00400908 5.08737e-07
2.4911e-08 -0.00400908 5.25468e-07
2.4911e-08 -0.00400908 5.42199e-07
5.26695e-08 -0.0040091 5.5893e-07
4.15661e-08 -0.00400909 5.5893e-07
5.26695e-08 -0.0040091 5.42199e-07
4.15661e-08 -0.00400909 5.42199e-07
5.26695e-08 -0.0040091 5.25468e-07
4.15661e-08 -0.00400909 5.25468e-07
5.26695e-08 -0.0040091 5.08737e-07
4.15661e-08 -0.00400909 5.08737e-07
5.26695e-08 -0.0040091 4.92006e-07
4.15661e-08 -0.00400909 4.92006e-07
5.26695e-08 -0.0040091 4.75275e-07
4.15661e-08 -0.00400909 4.75275e-07
5.26695e-08 -0.0040091 4.58543e-07
4.15661e-08 -0.00400909 4.58543e-07
5.26695e-08 -0.0040091 4.41812e-07
4.15661e-08 -0.00400909 4.41812e-07
5.26695e-08 -0.0040091 4.25081e-07
4.15661e-08 -0.00400909 4.25081e-07
5.26695e-08 -0.0040091 4.0835e-07
4.15661e-08 -0.00400909 4.0835e-07
5.26695e-08 -0.0040091 3.91619e-07
4.15661e-08 -0.00400909 3.91619e-07
5.26695e-08 -0.0040091 3.74888e-07
4.15661e-08 -0.00400909 3.74888e-07
5.26695e-08 -0.0040091 3.58157e-07
4.15661e-08 -0.00400909 3.58157e-07
5.26695e-08 -0.0040091 3.41426e-07
4.15661e-08 -0.00400909 3.41426e-07
5.26695e-08 -0.0040091 3.24694e-07
4.15661e-08 -0.00400909 3.24694e-07
5.26695e-08 -0.0040091 3.07963e-07
4.15661e-08 -0.00400909 3.07963e-07
5.26695e-08 -0.0040091 2.91232e-07
4.15661e-08 -0.00400909 2.91232e-07
5.26695e-08 -0.0040091 2.74501e-07
4.15661e-08 -0.00400909 2.74501e-07
5.26695e-08 -0.0040091 2.5777e-07
4.15661e-08 -0.00400909 2.5777e-07
5.26695e-08 -0.0040091 2.41039e-07
4.15661e-08 -0.0040091 2.41039e-07
5.26695e-08 -0.0040091 2.24308e-07
4.15661e-08 -0.0040091 2.24308e-07
5.26695e-08 -0.0040091 2.07577e-07
4.15661e-08 -0.0040091 2.07577e-07
5.26695e-08 -0.0040091 1.90845e-07
4.15661e-08 -0.0040091 1.90845e-07
5.26695e-08 -0.0040091 1.74114e-07
4.15661e-08 -0.0040091 1.74114e-07
5.26695e-08 -0.0040091 1.57383e-07
4.15661e-08 -0.0040091 1.57383e-07
5.26695e-08 -0.0040091 1.40652e-07
4.15661e-08 -0.0040091 1.40652e-07
5.26695e-08 -0.0040091 1.23921e-07
4.15661e-08 -0.0040091 1.23921e-07
5.26695e-08 -0.0040091 1.0719e-07
4.15661e-08 -0.0040091 1.0719e-07
5.26695e-08 -0.0040091 9.04587e-08
4.15661e-08 -0.0040091 9.04587e-08
5.26695e-08 -0.00400911 7.37275e-08
4.15661e-08 -0.0040091 7.37275e-08
5.26695e-08 -0.00400911 5.69964e-08
4.15661e-08 -0.0040091 5.69964e-08
5.26695e-08 -0.00400911 4.02653e-08
4.15661e-08 -0.0040091 4.02653e-08
5.26695e-08 -0.00400911 2.35342e-08
4.15661e-08 -0.0040091 2.35342e-08
5.26695e-08 -0.00400911 6.80301e-09
4.15661e-08 -0.0040091 6.80301e-09
5.26695e-08 -0.00400911 -9.9281e-09
4.15661e-08 -0.0040091 -9.9281e-09
5.26695e-08 -0.00400911 -2.66593e-08
4.15661e-08 -0.0040091 -2.66593e-08
5.26695e-08 -0.00400911 -4.33904e-08
4.15661e-08 -0.0040091 -4.33904e-08
5.26695e-08 -0.00400911 -6.01215e-08
4.15661e-08 -0.0040091 -6.01215e-08
5.26695e-08 -0.00400911 -7.68526e-08
4.15661e-08 -0.0040091 -7.68526e-08
5.26695e-08 -0.00400911 -9.35838e-08
4.15661e-08 -0.0040091 -9.35838e-08
5.26695e-08 -0.00400911 -1.10315e-07
4.15661e-08 -0.0040091 -1.10315e-07
5.26695e-08 -0.00400911 -1.27046e-07
4.15661e-08 -0.0040091 -1.27046e-07
5.26695e-08 -0.00400911 -1.43777e-07
4.15661e-08 -0.0040091 -1.43777e-07
5.26695e-08 -0.00400911 -1.60508e-07
4.15661e-08 -0.0040091 -1.60508e-07
5.26695e-08 -0.00400911 -1.77239e-07
4.15661e-08 -0.0040091 -1.77239e-07
5.26695e-08 -0.00400911 -1.93971e-07
4.15661e-08 -0.0040091 -1.93971e-07
5.26695e-08 -0.00400911 -2.10702e-07
4.15661e-08 -0.0040091 -2.10702e-07
5.26695e-08 -0.00400911 -2.27433e-07
4.15661e-08 -0.0040091 -2.27433e-07
5.26695e-08 -0.00400911 -2.44164e-07
4.15661e-08 -0.0040091 -2.44164e-07
5.26695e-08 -0.00400911 -2.60895e-07
4.15661e-08 -0.0040091 -2.60895e-07
5.26695e-08 -0.00400911 -2.77626e-07
4.15661e-08 -0.0040091 -2.77626e-07
5.26695e-08 -0.00400911 -2.94357e-07
4.15661e-08 -0.0040091 -2.94357e-07
5.26695e-08 -0.00400911 -3.11088e-07
4.15661e-08 -0.0040091 -3.11088e-07
5.26695e-08 -0.00400911 -3.2782e-07
4.15661e-08 -0.0040091 -3.2782e-07
5.26695e-08 -0.00400911 -3.44551e-07
4.15661e-08 -0.0040091 -3.44551e-07
5.26695e-08 -0.00400911 -3.61282e-07
4.15661e-08 -0.00400911 -3.61282e-07
5.26695e-08 -0.00400911 -3.78013e-07
4.15661e-08 -0.00400911 -3.78013e-07
5.26695e-08 -0.00400911 -3.94744e-07
4.15661e-08 -0.00400911 -3.94744e-07
5.26695e-08 -0.00400911 -4.11475e-07
4.15661e-08 -0.00400911 -4.11475e-07
5.26695e-08 -0.00400911 -4.28206e-07
4.15661e-08 -0.00400911 -4.28206e-07
5.26695e-08 -0.00400911 -4.44937e-07
4.15661e-08 -0.00400911 -4.44937e-07
5.26695e-08 -0.00400911 -4.61669e-07
4.15661e-08 -0.00400911 -4.61669e-07
5.26695e-08 -0.00400911 -4.784e-07
4.15661e-08 -0.00400911 -4.784e-07
5.26695e-08 -0.00400912 -4.95131e-07
4.15661e-08 -0.00400911 -4.95131e-07
5.26695e-08 -0.00400912 -5.11862e-07
4.15661e-08 -0.00400911 -5.11862e-07
5.26695e-08 -0.00400912 -5.28593e-07
4.15661e-08 -0.00400911 -5.28593e-07
5.26695e-08 -0.00400912 -5.45324e-07
4.15661e-08 -0.00400911 -5.45324e-07
5.26695e-08 -0.00400912 -5.62055e-07
4.15661e-08 -0.00400911 -5.62055e-07
5.26695e-08 -0.00400912 -5.78786e-07
4.15661e-08 -0.00400911 -5.78786e-07
5.26695e-08 -0.00400912 -5.95518e-07
4.15661e-08 -0.00400911 -5.95518e-07
5.26695e-08 -0.00400912 -6.12249e-07
4.15661e-08 -0.00400911 -6.12249e-07
5.26695e-08 -0.00400912 -6.2898e-07
4.15661e-08 -0.00400911 -6.2898e-07
5.26695e-08 -0.00400912 -6.45711e-07
4.15661e-08 -0.00400911 -6.45711e-07
5.26695e-08 -0.00400912 -6.62442e-07
4.15661e-08 -0.00400911 -6.62442e-07
8.25596e-09 -0.00400907 5.5893e-07
-2.84743e-09 -0.00400906 5.5893e-07
8.25596e-09 -0.00400907 5.42199e-07
-2.84743e-09 -0.00400906 5.42199e-07
8.25596e-09 -0.00400907 5.25468e-07
-2.84743e-09 -0.00400906 5.25468e-07
8.25596e-09 -0.00400907 5.08737e-07
-2.84743e-09 -0.00400906 5.08737e-07
8.25596e-09 -0.00400907 4.92006e-07
-2.84743e-09 -0.00400906 4.92006e-07
8.25596e-09 -0.00400907 4.75275e-07
-2.84743e-09 -0.00400906 4.75275e-07
8.25596e-09 -0.00400907 4.58543e-07
-2.84743e-09 -0.00400906 4.58543e-07
8.25596e-09 -0.00400907 4.41812e-07
-2.84743e-09 -0.00400906 4.41812e-07
8.25596e-09 -0.00400907 4.25081e-07
-2.84743e-09 -0.00400906 4.25081e-07
8.25596e-09 -0.00400907 4.0835e-07
-2.84743e-09 -0.00400906 4.0835e-07
8.25596e-09 -0.00400907 3.91619e-07
-2.84743e-09 -0.00400906 3.91619e-07
8.25596e-09 -0.00400907 3.74888e-07
-2.84743e-09 -0.00400906 3.74888e-07
8.25596e-09 -0.00400907 3.58157e-07
-2.84743e-09 -0.00400906 3.58157e-07
8.25596e-09 -0.00400907 3.41426e-07
-2.84743e-09 -0.00400906 3.41426e-07
8.25596e-09 -0.00400907 3.24694e-07
-2.84743e-09 -0.00400906 3.24694e-07
8.25596e-09 -0.00400907 3.07963e-07
-2.84743e-09 -0.00400906 3.07963e-07
8.25596e-09 -0.00400907 2.91232e-07
-2.84743e-09 -0.00400906 2.91232e-07
8.25596e-09 -0.00400907 2.74501e-07
-2.84743e-09 -0.00400906 2.74501e-07
8.25596e-09 -0.00400907 2.5777e-07
-2.84743e-09 -0.00400906 2.5777e-07
8.25596e-09 -0.00400907 2.41039e-07
-2.84743e-09 -0.00400906 2.41039e-07
8.25596e-09 -0.00400907 2.24308e-07
-2.84743e-09 -0.00400907 2.24308e-07
8.25596e-09 -0.00400907 2.07577e-07
-2.84743e-09 -0.00400907 2.07577e-07
8.25596e-09 -0.00400907 1.90845e-07
-2.84743e-09 -0.00400907 1.90845e-07
8.25596e-09 -0.00400907 1.74114e-07
-2.84743e-09 -0.00400907 1.74114e-07
8.25596e-09 -0.00400907 1.57383e-07
-2.84743e-09 -0.00400907 1.57383e-07
8.25596e-09 -0.00400907 1.40652e-07
-2.84743e-09 -0.00400907 1.40652e-07
8.25596e-09 -0.00400907 1.23921e-07
-2.84743e-09 -0.00400907 1.23921e-07
8.25596e-09 -0.00400907 1.0719e-07
-2.84743e-09 -0.00400907 1.0719e-07
8.25596e-09 -0.00400907 9.04587e-08
-2.84743e-09 -0.00400907 9.04587e-08
8.25596e-09 -0.00400908 7.37275e-08
-2.84743e-09 -0.00400907 7.37275e-08
8.25596e-09 -0.00400908 5.69964e-08
-2.84743e-09 -0.00400907 5.69964e-08
8.25596e-09 -0.00400908 4.02653e-08
-2.84743e-09 -0.00400907 4.02653e-08
8.25596e-09 -0.00400908 2.35342e-08
-2.84743e-09 -0.00400907 2.35342e-08
8.25596e-09 -0.00400908 6.80301e-09
-2.84743e-09 -0.00400907 6.80301e-09
8.25596e-09 -0.00400908 -9.9281e-09
-2.84743e-09 -0.00400907 -9.9281e-09
8.25596e-09 -0.00400908 -2.66593e-08
-2.84743e-09 -0.00400907 -2.66593e-08
8.25596e-09 -0.00400908 -4.33904e-08
-2.84743e-09 -0.00400907 -4.33904e-08
8.25596e-09 -0.00400908 -6.01215e-08
-2.84743e-09 -0.00400907 -6.01215e-08
8.25596e-09 -0.00400908 -7.68526e-08
-2.84743e-09 -0.00400907 -7.68526e-08
8.25596e-09 -0.00400908 -9.35838e-08
-2.84743e-09 -0.00400907 -9.35838e-08
8.25596e-09 -0.00400908 -1.10315e-07
-2.84743e-09 -0.00400907 -1.10315e-07
8.25596e-09 -0.00400908 -1.27046e-07
-2.84743e-09 -0.00400907 -1.27046e-07
8.25596e-09 -0.00400908 -1.43777e-07
-2.84743e-09 -0.00400907 -1.43777e-07
8.25596e-09 -0.00400908 -1.60508e-07
-2.84743e-09 -0.00400907 -1.60508e-07
8.25596e-09 -0.00400908 -1.77239e-07
-2.84743e-09 -0.00400907 -1.77239e-07
8.25596e-09 -0.00400908 -1.93971e-07
-2.84743e-09 -0.00400907 -1.93971e-07
8.25596e-09 -0.00400908 -2.10702e-07
-2.84743e-09 -0.00400907 -2.10702e-07
8.25596e-09 -0.00400908 -2.27433e-07
-2.84743e-09 -0.00400907 -2.27433e-07
8.25596e-09 -0.00400908 -2.44164e-07
-2.84743e-09 -0.00400907 -2.44164e-07
8.25596e-09 -0.00400908 -2.60895e-07
-2.84743e-09 -0.00400907 -2.60895e-07
8.25596e-09 -0.00400908 -2.77626e-07
-2.84743e-09 -0.00400907 -2.77626e-07
8.25596e-09 -0.00400908 -2.94357e-07
-2.84743e-09 -0.00400907 -2.94357e-07
8.25596e-09 -0.00400908 -3.11088e-07
-2.84743e-09 -0.00400907 -3.11088e-07
8.25596e-09 -0.00400908 -3.2782e-07
-2.84743e-09 -0.00400907 -3.2782e-07
8.25596e-09 -0.00400908 -3.44551e-07
-2.84743e-09 -0.00400907 -3.44551e-07
8.25596e-09 -0.00400908 -3.61282e-07
-2.84743e-09 -0.00400908 -3.61282e-07
8.25596e-09 -0.00400908 -3.78013e-07
-2.84743e-09 -0.00400908 -3.78013e-07
8.25596e-09 -0.00400908 -3.94744e-07
-2.84743e-09 -0.00400908 -3.94744e-07
8.25596e-09 -0.00400908 -4.11475e-07
-2.84743e-09 -0.00400908 -4.11475e-07
8.25596e-09 -0.00400908 -4.28206e-07
-2.84743e-09 -0.00400908 -4.28206e-07
8.25596e-09 -0.00400908 -4.44937e-07
-2.84743e-09 -0.00400908 -4.44937e-07
8.25596e-09 -0.00400908 -4.61669e-07
-2.84743e-09 -0.00400908 -4.61669e-07
8.25596e-09 -0.00400908 -4.784e-07
-2.84743e-09 -0.00400908 -4.784e-07
8.25596e-09 -0.00400909 -4.95131e-07
-2.84743e-09 -0.00400908 -4.95131e-07
8.25596e-09 -0.00400909 -5.11862e-07
-2.84743e-09 -0.00400908 -5.11862e-07
8.25596e-09 -0.00400909 -5.28593e-07
-2.84743e-09 -0.00400908 -5.28593e-07
8.25596e-09 -0.00400909 -5.45324e-07
-2.84743e-09 -0.00400908 -5.45324e-07
8.25596e-09 -0.00400909 -5.62055e-07
-2.84743e-09 -0.00400908 -5.62055e-07
8.25596e-09 -0.00400909 -5.78786e-07
-2.84743e-09 -0.00400908 -5.78786e-07
8.25596e-09 -0.00400909 -5.95518e-07
-2.84743e-09 -0.00400908 -5.95518e-07
8.25596e-09 -0.00400909 -6.12249e-07
-2.84743e-09 -0.00400908 -6.12249e-07
8.25596e-09 -0.00400909 -6.2898e-07
-2.84743e-09 -0.00400908 -6.2898e-07
8.25596e-09 -0.00400909 -6.45711e-07
-2.84743e-09 -0.00400908 -6.45711e-07
8.25596e-09 -0.00400909 -6.62442e-07
-2.84743e-09 -0.00400908 -6.62442e-07
