2.06077e-08 -0.003998 1.47005e-07
2.06077e-08 -0.00399803 -9.48297e-08
2.72031e-08 -0.00399803 1.47005e-07
2.72031e-08 -0.00399806 -9.48297e-08
2.06077e-08 -0.003998 1.43692e-07
2.06077e-08 -0.003998 1.40379e-07
2.06077e-08 -0.003998 1.37067e-07
2.06077e-08 -0.003998 1.33754e-07
2.06077e-08 -0.003998 1.30441e-07
2.06077e-08 -0.003998 1.27128e-07
2.06077e-08 -0.003998 1.23815e-07
2.06077e-08 -0.003998 1.20503e-07
2.06077e-08 -0.003998 1.1719e-07
2.06077e-08 -0.003998 1.13877e-07
2.06077e-08 -0.003998 1.10564e-07
2.06077e-08 -0.003998 1.07251e-07
2.06077e-08 -0.003998 1.03939e-07
2.06077e-08 -0.00399801 1.00626e-07
2.06077e-08 -0.00399801 9.7313e-08
2.06077e-08 -0.00399801 9.40002e-08
2.06077e-08 -0.00399801 9.06874e-08
2.06077e-08 -0.00399801 8.73745e-08
2.06077e-08 -0.00399801 8.40617e-08
2.06077e-08 -0.00399801 8.07489e-08
2.06077e-08 -0.00399801 7.74361e-08
2.06077e-08 -0.00399801 7.41233e-08
2.06077e-08 -0.00399801 7.08105e-08
2.06077e-08 -0.00399801 6.74977e-08
2.06077e-08 -0.00399801 6.41849e-08
2.06077e-08 -0.00399801 6.08721e-08
2.06077e-08 -0.00399801 5.75593e-08
2.06077e-08 -0.00399801 5.42465e-08
2.06077e-08 -0.00399801 5.09337e-08
2.06077e-08 -0.00399801 4.76209e-08
2.06077e-08 -0.00399801 4.43081e-08
2.06077e-08 -0.00399801 4.09953e-08
2.06077e-08 -0.00399801 3.76825e-08
2.06077e-08 -0.00399801 3.43697e-08
2.06077e-08 -0.00399801 3.10569e-08
2.06077e-08 -0.00399801 2.77441e-08
2.06077e-08 -0.00399801 2.44313e-08
2.06077e-08 -0.00399801 2.11185e-08
2.06077e-08 -0.00399801 1.78057e-08
2.06077e-08 -0.00399801 1.44929e-08
2.06077e-08 -0.00399801 1.118e-08
2.06077e-08 -0.00399802 7.86724e-09
2.06077e-08 -0.00399802 4.55444e-09
2.06077e-08 -0.00399802 1.24163e-09
2.06077e-08 -0.00399802 -2.07118e-09
2.06077e-08 -0.00399802 -5.38398e-09
2.06077e-08 -0.00399802 -8.69678e-09
2.06077e-08 -0.00399802 -1.20096e-08
2.06077e-08 -0.00399802 -1.53224e-08
2.06077e-08 -0.00399802 -1.86352e-08
2.06077e-08 -0.00399802 -2.1948e-08
2.06077e-08 -0.00399802 -2.52608e-08
2.06077e-08 -0.00399802 -2.85736e-08
2.06077e-08 -0.00399802 -3.18864e-08
2.06077e-08 -0.00399802 -3.51992e-08
2.06077e-08 -0.00399802 -3.8512e-08
2.06077e-08 -0.00399802 -4.18248e-08
2.06077e-08 -0.00399802 -4.51376e-08
2.06077e-08 -0.00399802 -4.84504e-08
2.06077e-08 -0.00399802 -5.17632e-08
2.06077e-08 -0.00399802 -5.5076e-08
2.06077e-08 -0.00399802 -5.83889e-08
2.06077e-08 -0.00399802 -6.17016e-08
2.06077e-08 -0.00399802 -6.50145e-08
2.06077e-08 -0.00399802 -6.83273e-08
2.06077e-08 -0.00399802 -7.16401e-08
2.06077e-08 -0.00399802 -7.49529e-08
2.06077e-08 -0.00399802 -7.82657e-08
2.06077e-08 -0.00399802 -8.15785e-08
2.06077e-08 -0.00399802 -8.48913e-08
2.06077e-08 -0.00399803 -8.82041e-08
2.06077e-08 -0.00399803 -9.15169e-08
2.39054e-08 -0.00399804 -9.48297e-08
2.39054e-08 -0.00399802 1.47005e-07
2.72031e-08 -0.00399806 -9.15169e-08
2.72031e-08 -0.00399806 -8.82041e-08
2.72031e-08 -0.00399806 -8.48913e-08
2.72031e-08 -0.00399806 -8.15785e-08
2.72031e-08 -0.00399806 -7.82657e-08
2.72031e-08 -0.00399806 -7.49529e-08
2.72031e-08 -0.00399806 -7.16401e-08
2.72031e-08 -0.00399806 -6.83273e-08
2.72031e-08 -0.00399806 -6.50145e-08
2.72031e-08 -0.00399806 -6.17016e-08
2.72031e-08 -0.00399805 -5.83889e-08
2.72031e-08 -0.00399805 -5.5076e-08
2.72031e-08 -0.00399805 -5.17632e-08
2.72031e-08 -0.00399805 -4.84504e-08
2.72031e-08 -0.00399805 -4.51376e-08
2.72031e-08 -0.00399805 -4.18248e-08
2.72031e-08 -0.00399805 -3.8512e-08
2.72031e-08 -0.00399805 -3.51992e-08
2.72031e-08 -0.00399805 -3.18864e-08
2.72031e-08 -0.00399805 -2.85736e-08
2.72031e-08 -0.00399805 -2.52608e-08
2.72031e-08 -0.00399805 -2.1948e-08
2.72031e-08 -0.00399805 -1.86352e-08
2.72031e-08 -0.00399805 -1.53224e-08
2.72031e-08 -0.00399805 -1.20096e-08
2.72031e-08 -0.00399805 -8.69678e-09
2.72031e-08 -0.00399805 -5.38398e-09
2.72031e-08 -0.00399805 -2.07118e-09
2.72031e-08 -0.00399805 1.24163e-09
2.72031e-08 -0.00399805 4.55444e-09
2.72031e-08 -0.00399805 7.86724e-09
2.72031e-08 -0.00399805 1.118e-08
2.72031e-08 -0.00399805 1.44929e-08
2.72031e-08 -0.00399805 1.78057e-08
2.72031e-08 -0.00399805 2.11185e-08
2.72031e-08 -0.00399805 2.44313e-08
2.72031e-08 -0.00399805 2.77441e-08
2.72031e-08 -0.00399804 3.10569e-08
2.72031e-08 -0.00399804 3.43697e-08
2.72031e-08 -0.00399804 3.76825e-08
2.72031e-08 -0.00399804 4.09953e-08
2.72031e-08 -0.00399804 4.43081e-08
2.72031e-08 -0.00399804 4.76209e-08
2.72031e-08 -0.00399804 5.09337e-08
2.72031e-08 -0.00399804 5.42465e-08
2.72031e-08 -0.00399804 5.75593e-08
2.72031e-08 -0.00399804 6.08721e-08
2.72031e-08 -0.00399804 6.41849e-08
2.72031e-08 -0.00399804 6.74977e-08
2.72031e-08 -0.00399804 7.08105e-08
2.72031e-08 -0.00399804 7.41233e-08
2.72031e-08 -0.00399804 7.74361e-08
2.72031e-08 -0.00399804 8.07489e-08
2.72031e-08 -0.00399804 8.40617e-08
2.72031e-08 -0.00399804 8.73745e-08
2.72031e-08 -0.00399804 9.06874e-08
2.72031e-08 -0.00399804 9.40002e-08
2.72031e-08 -0.00399804 9.7313e-08
2.72031e-08 -0.00399804 1.00626e-07
2.72031e-08 -0.00399804 1.03939e-07
2.72031e-08 -0.00399804 1.07251e-07
2.72031e-08 -0.00399804 1.10564e-07
2.72031e-08 -0.00399804 1.13877e-07
2.72031e-08 -0.00399804 1.1719e-07
2.72031e-08 -0.00399804 1.20503e-07
2.72031e-08 -0.00399804 1.23815e-07
2.72031e-08 -0.00399803 1.27128e-07
2.72031e-08 -0.00399803 1.30441e-07
2.72031e-08 -0.00399803 1.33754e-07
2.72031e-08 -0.00399803 1.37067e-07
2.72031e-08 -0.00399803 1.40379e-07
2.72031e-08 -0.00399803 1.43692e-07
2.39054e-08 -0.00399804 -9.15169e-08
2.39054e-08 -0.00399804 -8.82041e-08
2.39054e-08 -0.00399804 -8.48913e-08
2.39054e-08 -0.00399804 -8.15785e-08
2.39054e-08 -0.00399804 -7.82657e-08
2.39054e-08 -0.00399804 -7.49529e-08
2.39054e-08 -0.00399804 -7.16401e-08
2.39054e-08 -0.00399804 -6.83273e-08
2.39054e-08 -0.00399804 -6.50145e-08
2.39054e-08 -0.00399804 -6.17016e-08
2.39054e-08 -0.00399804 -5.83889e-08
2.39054e-08 -0.00399804 -5.5076e-08
2.39054e-08 -0.00399804 -5.17632e-08
2.39054e-08 -0.00399804 -4.84504e-08
2.39054e-08 -0.00399804 -4.51376e-08
2.39054e-08 -0.00399804 -4.18248e-08
2.39054e-08 -0.00399804 -3.8512e-08
2.39054e-08 -0.00399804 -3.51992e-08
2.39054e-08 -0.00399804 -3.18864e-08
2.39054e-08 -0.00399804 -2.85736e-08
2.39054e-08 -0.00399803 -2.52608e-08
2.39054e-08 -0.00399803 -2.1948e-08
2.39054e-08 -0.00399803 -1.86352e-08
2.39054e-08 -0.00399803 -1.53224e-08
2.39054e-08 -0.00399803 -1.20096e-08
2.39054e-08 -0.00399803 -8.69678e-09
2.39054e-08 -0.00399803 -5.38398e-09
2.39054e-08 -0.00399803 -2.07118e-09
2.39054e-08 -0.00399803 1.24163e-09
2.39054e-08 -0.00399803 4.55444e-09
2.39054e-08 -0.00399803 7.86724e-09
2.39054e-08 -0.00399803 1.118e-08
2.39054e-08 -0.00399803 1.44929e-08
2.39054e-08 -0.00399803 1.78057e-08
2.39054e-08 -0.00399803 2.11185e-08
2.39054e-08 -0.00399803 2.44313e-08
2.39054e-08 -0.00399803 2.77441e-08
2.39054e-08 -0.00399803 3.10569e-08
2.39054e-08 -0.00399803 3.43697e-08
2.39054e-08 -0.00399803 3.76825e-08
2.39054e-08 -0.00399803 4.09953e-08
2.39054e-08 -0.00399803 4.43081e-08
2.39054e-08 -0.00399803 4.76209e-08
2.39054e-08 -0.00399803 5.09337e-08
2.39054e-08 -0.00399803 5.42465e-08
2.39054e-08 -0.00399803 5.75593e-08
2.39054e-08 -0.00399803 6.08721e-08
2.39054e-08 -0.00399803 6.41849e-08
2.39054e-08 -0.00399802 6.74977e-08
2.39054e-08 -0.00399802 7.08105e-08
2.39054e-08 -0.00399802 7.41233e-08
2.39054e-08 -0.00399802 7.74361e-08
2.39054e-08 -0.00399802 8.07489e-08
2.39054e-08 -0.00399802 8.40617e-08
2.39054e-08 -0.00399802 8.73745e-08
2.39054e-08 -0.00399802 9.06874e-08
2.39054e-08 -0.00399802 9.40002e-08
2.39054e-08 -0.00399802 9.7313e-08
2.39054e-08 -0.00399802 1.00626e-07
2.39054e-08 -0.00399802 1.03939e-07
2.39054e-08 -0.00399802 1.07251e-07
2.39054e-08 -0.00399802 1.10564e-07
2.39054e-08 -0.00399802 1.13877e-07
2.39054e-08 -0.00399802 1.1719e-07
2.39054e-08 -0.00399802 1.20503e-07
2.39054e-08 -0.00399802 1.23815e-07
2.39054e-08 -0.00399802 1.27128e-07
2.39054e-08 -0.00399802 1.30441e-07
2.39054e-08 -0.00399802 1.33754e-07
2.39054e-08 -0.00399802 1.37067e-07
2.39054e-08 -0.00399802 1.40379e-07
2.39054e-08 -0.00399802 1.43692e-07
2.94016e-08 -0.00399804 1.47005e-07
2.72031e-08 -0.00399803 1.47005e-07
2.94016e-08 -0.00399804 1.43692e-07
2.72031e-08 -0.00399803 1.43692e-07
2.94016e-08 -0.00399804 1.40379e-07
2.72031e-08 -0.00399803 1.40379e-07
2.94016e-08 -0.00399804 1.37067e-07
2.72031e-08 -0.00399803 1.37067e-07
2.94016e-08 -0.00399804 1.33754e-07
2.72031e-08 -0.00399803 1.33754e-07
2.94016e-08 -0.00399805 1.30441e-07
2.72031e-08 -0.00399803 1.30441e-07
2.94016e-08 -0.00399805 1.27128e-07
2.72031e-08 -0.00399803 1.27128e-07
2.94016e-08 -0.00399805 1.23815e-07
2.72031e-08 -0.00399804 1.23815e-07
2.94016e-08 -0.00399805 1.20503e-07
2.72031e-08 -0.00399804 1.20503e-07
2.94016e-08 -0.00399805 1.1719e-07
2.72031e-08 -0.00399804 1.1719e-07
2.94016e-08 -0.00399805 1.13877e-07
2.72031e-08 -0.00399804 1.13877e-07
2.94016e-08 -0.00399805 1.10564e-07
2.72031e-08 -0.00399804 1.10564e-07
2.94016e-08 -0.00399805 1.07251e-07
2.72031e-08 -0.00399804 1.07251e-07
2.94016e-08 -0.00399805 1.03939e-07
2.72031e-08 -0.00399804 1.03939e-07
2.94016e-08 -0.00399805 1.00626e-07
2.72031e-08 -0.00399804 1.00626e-07
2.94016e-08 -0.00399805 9.7313e-08
2.72031e-08 -0.00399804 9.7313e-08
2.94016e-08 -0.00399805 9.40002e-08
2.72031e-08 -0.00399804 9.40002e-08
2.94016e-08 -0.00399805 9.06874e-08
2.72031e-08 -0.00399804 9.06874e-08
2.94016e-08 -0.00399805 8.73745e-08
2.72031e-08 -0.00399804 8.73745e-08
2.94016e-08 -0.00399805 8.40617e-08
2.72031e-08 -0.00399804 8.40617e-08
2.94016e-08 -0.00399805 8.07489e-08
2.72031e-08 -0.00399804 8.07489e-08
2.94016e-08 -0.00399805 7.74361e-08
2.72031e-08 -0.00399804 7.74361e-08
2.94016e-08 -0.00399805 7.41233e-08
2.72031e-08 -0.00399804 7.41233e-08
2.94016e-08 -0.00399805 7.08105e-08
2.72031e-08 -0.00399804 7.08105e-08
2.94016e-08 -0.00399805 6.74977e-08
2.72031e-08 -0.00399804 6.74977e-08
2.94016e-08 -0.00399805 6.41849e-08
2.72031e-08 -0.00399804 6.41849e-08
2.94016e-08 -0.00399805 6.08721e-08
2.72031e-08 -0.00399804 6.08721e-08
2.94016e-08 -0.00399805 5.75593e-08
2.72031e-08 -0.00399804 5.75593e-08
2.94016e-08 -0.00399805 5.42465e-08
2.72031e-08 -0.00399804 5.42465e-08
2.94016e-08 -0.00399805 5.09337e-08
2.72031e-08 -0.00399804 5.09337e-08
2.94016e-08 -0.00399805 4.76209e-08
2.72031e-08 -0.00399804 4.76209e-08
2.94016e-08 -0.00399805 4.43081e-08
2.72031e-08 -0.00399804 4.43081e-08
2.94016e-08 -0.00399805 4.09953e-08
2.72031e-08 -0.00399804 4.09953e-08
2.94016e-08 -0.00399806 3.76825e-08
2.72031e-08 -0.00399804 3.76825e-08
2.94016e-08 -0.00399806 3.43697e-08
2.72031e-08 -0.00399804 3.43697e-08
2.94016e-08 -0.00399806 3.10569e-08
2.72031e-08 -0.00399804 3.10569e-08
2.94016e-08 -0.00399806 2.77441e-08
2.72031e-08 -0.00399805 2.77441e-08
2.94016e-08 -0.00399806 2.44313e-08
2.72031e-08 -0.00399805 2.44313e-08
2.94016e-08 -0.00399806 2.11185e-08
2.72031e-08 -0.00399805 2.11185e-08
2.94016e-08 -0.00399806 1.78057e-08
2.72031e-08 -0.00399805 1.78057e-08
2.94016e-08 -0.00399806 1.44929e-08
2.72031e-08 -0.00399805 1.44929e-08
2.94016e-08 -0.00399806 1.118e-08
2.72031e-08 -0.00399805 1.118e-08
2.94016e-08 -0.00399806 7.86724e-09
2.72031e-08 -0.00399805 7.86724e-09
2.94016e-08 -0.00399806 4.55444e-09
2.72031e-08 -0.00399805 4.55444e-09
2.94016e-08 -0.00399806 1.24163e-09
2.72031e-08 -0.00399805 1.24163e-09
2.94016e-08 -0.00399806 -2.07118e-09
2.72031e-08 -0.00399805 -2.07118e-09
2.94016e-08 -0.00399806 -5.38398e-09
2.72031e-08 -0.00399805 -5.38398e-09
2.94016e-08 -0.00399806 -8.69678e-09
2.72031e-08 -0.00399805 -8.69678e-09
2.94016e-08 -0.00399806 -1.20096e-08
2.72031e-08 -0.00399805 -1.20096e-08
2.94016e-08 -0.00399806 -1.53224e-08
2.72031e-08 -0.00399805 -1.53224e-08
2.94016e-08 -0.00399806 -1.86352e-08
2.72031e-08 -0.00399805 -1.86352e-08
2.94016e-08 -0.00399806 -2.1948e-08
2.72031e-08 -0.00399805 -2.1948e-08
2.94016e-08 -0.00399806 -2.52608e-08
2.72031e-08 -0.00399805 -2.52608e-08
2.94016e-08 -0.00399806 -2.85736e-08
2.72031e-08 -0.00399805 -2.85736e-08
2.94016e-08 -0.00399806 -3.18864e-08
2.72031e-08 -0.00399805 -3.18864e-08
2.94016e-08 -0.00399806 -3.51992e-08
2.72031e-08 -0.00399805 -3.51992e-08
2.94016e-08 -0.00399806 -3.8512e-08
2.72031e-08 -0.00399805 -3.8512e-08
2.94016e-08 -0.00399806 -4.18248e-08
2.72031e-08 -0.00399805 -4.18248e-08
2.94016e-08 -0.00399806 -4.51376e-08
2.72031e-08 -0.00399805 -4.51376e-08
2.94016e-08 -0.00399806 -4.84504e-08
2.72031e-08 -0.00399805 -4.84504e-08
2.94016e-08 -0.00399806 -5.17632e-08
2.72031e-08 -0.00399805 -5.17632e-08
2.94016e-08 -0.00399806 -5.5076e-08
2.72031e-08 -0.00399805 -5.5076e-08
2.94016e-08 -0.00399807 -5.83889e-08
2.72031e-08 -0.00399805 -5.83889e-08
2.94016e-08 -0.00399807 -6.17016e-08
2.72031e-08 -0.00399806 -6.17016e-08
2.94016e-08 -0.00399807 -6.50145e-08
2.72031e-08 -0.00399806 -6.50145e-08
2.94016e-08 -0.00399807 -6.83273e-08
2.72031e-08 -0.00399806 -6.83273e-08
2.94016e-08 -0.00399807 -7.16401e-08
2.72031e-08 -0.00399806 -7.16401e-08
2.94016e-08 -0.00399807 -7.49529e-08
2.72031e-08 -0.00399806 -7.49529e-08
2.94016e-08 -0.00399807 -7.82657e-08
2.72031e-08 -0.00399806 -7.82657e-08
2.94016e-08 -0.00399807 -8.15785e-08
2.72031e-08 -0.00399806 -8.15785e-08
2.94016e-08 -0.00399807 -8.48913e-08
2.72031e-08 -0.00399806 -8.48913e-08
2.94016e-08 -0.00399807 -8.82041e-08
2.72031e-08 -0.00399806 -8.82041e-08
2.94016e-08 -0.00399807 -9.15169e-08
2.72031e-08 -0.00399806 -9.15169e-08
2.94016e-08 -0.00399807 -9.48297e-08
2.72031e-08 -0.00399806 -9.48297e-08
2.06077e-08 -0.003998 1.47005e-07
1.84092e-08 -0.00399799 1.47005e-07
2.06077e-08 -0.003998 1.43692e-07
1.84092e-08 -0.00399799 1.43692e-07
2.06077e-08 -0.003998 1.40379e-07
1.84092e-08 -0.00399799 1.40379e-07
2.06077e-08 -0.003998 1.37067e-07
1.84092e-08 -0.00399799 1.37067e-07
2.06077e-08 -0.003998 1.33754e-07
1.84092e-08 -0.00399799 1.33754e-07
2.06077e-08 -0.003998 1.30441e-07
1.84092e-08 -0.00399799 1.30441e-07
2.06077e-08 -0.003998 1.27128e-07
1.84092e-08 -0.00399799 1.27128e-07
2.06077e-08 -0.003998 1.23815e-07
1.84092e-08 -0.00399799 1.23815e-07
2.06077e-08 -0.003998 1.20503e-07
1.84092e-08 -0.00399799 1.20503e-07
2.06077e-08 -0.003998 1.1719e-07
1.84092e-08 -0.00399799 1.1719e-07
2.06077e-08 -0.003998 1.13877e-07
1.84092e-08 -0.00399799 1.13877e-07
2.06077e-08 -0.003998 1.10564e-07
1.84092e-08 -0.00399799 1.10564e-07
2.06077e-08 -0.003998 1.07251e-07
1.84092e-08 -0.00399799 1.07251e-07
2.06077e-08 -0.003998 1.03939e-07
1.84092e-08 -0.00399799 1.03939e-07
2.06077e-08 -0.00399801 1.00626e-07
1.84092e-08 -0.00399799 1.00626e-07
2.06077e-08 -0.00399801 9.7313e-08
1.84092e-08 -0.00399799 9.7313e-08
2.06077e-08 -0.00399801 9.40002e-08
1.84092e-08 -0.003998 9.40002e-08
2.06077e-08 -0.00399801 9.06874e-08
1.84092e-08 -0.003998 9.06874e-08
2.06077e-08 -0.00399801 8.73745e-08
1.84092e-08 -0.003998 8.73745e-08
2.06077e-08 -0.00399801 8.40617e-08
1.84092e-08 -0.003998 8.40617e-08
2.06077e-08 -0.00399801 8.07489e-08
1.84092e-08 -0.003998 8.07489e-08
2.06077e-08 -0.00399801 7.74361e-08
1.84092e-08 -0.003998 7.74361e-08
2.06077e-08 -0.00399801 7.41233e-08
1.84092e-08 -0.003998 7.41233e-08
2.06077e-08 -0.00399801 7.08105e-08
1.84092e-08 -0.003998 7.08105e-08
2.06077e-08 -0.00399801 6.74977e-08
1.84092e-08 -0.003998 6.74977e-08
2.06077e-08 -0.00399801 6.41849e-08
1.84092e-08 -0.003998 6.41849e-08
2.06077e-08 -0.00399801 6.08721e-08
1.84092e-08 -0.003998 6.08721e-08
2.06077e-08 -0.00399801 5.75593e-08
1.84092e-08 -0.003998 5.75593e-08
2.06077e-08 -0.00399801 5.42465e-08
1.84092e-08 -0.003998 5.42465e-08
2.06077e-08 -0.00399801 5.09337e-08
1.84092e-08 -0.003998 5.09337e-08
2.06077e-08 -0.00399801 4.76209e-08
1.84092e-08 -0.003998 4.76209e-08
2.06077e-08 -0.00399801 4.43081e-08
1.84092e-08 -0.003998 4.43081e-08
2.06077e-08 -0.00399801 4.09953e-08
1.84092e-08 -0.003998 4.09953e-08
2.06077e-08 -0.00399801 3.76825e-08
1.84092e-08 -0.003998 3.76825e-08
2.06077e-08 -0.00399801 3.43697e-08
1.84092e-08 -0.003998 3.43697e-08
2.06077e-08 -0.00399801 3.10569e-08
1.84092e-08 -0.003998 3.10569e-08
2.06077e-08 -0.00399801 2.77441e-08
1.84092e-08 -0.003998 2.77441e-08
2.06077e-08 -0.00399801 2.44313e-08
1.84092e-08 -0.003998 2.44313e-08
2.06077e-08 -0.00399801 2.11185e-08
1.84092e-08 -0.003998 2.11185e-08
2.06077e-08 -0.00399801 1.78057e-08
1.84092e-08 -0.003998 1.78057e-08
2.06077e-08 -0.00399801 1.44929e-08
1.84092e-08 -0.003998 1.44929e-08
2.06077e-08 -0.00399801 1.118e-08
1.84092e-08 -0.003998 1.118e-08
2.06077e-08 -0.00399802 7.86724e-09
1.84092e-08 -0.003998 7.86724e-09
2.06077e-08 -0.00399802 4.55444e-09
1.84092e-08 -0.003998 4.55444e-09
2.06077e-08 -0.00399802 1.24163e-09
1.84092e-08 -0.003998 1.24163e-09
2.06077e-08 -0.00399802 -2.07118e-09
1.84092e-08 -0.00399801 -2.07118e-09
2.06077e-08 -0.00399802 -5.38398e-09
1.84092e-08 -0.00399801 -5.38398e-09
2.06077e-08 -0.00399802 -8.69678e-09
1.84092e-08 -0.00399801 -8.69678e-09
2.06077e-08 -0.00399802 -1.20096e-08
1.84092e-08 -0.00399801 -1.20096e-08
2.06077e-08 -0.00399802 -1.53224e-08
1.84092e-08 -0.00399801 -1.53224e-08
2.06077e-08 -0.00399802 -1.86352e-08
1.84092e-08 -0.00399801 -1.86352e-08
2.06077e-08 -0.00399802 -2.1948e-08
1.84092e-08 -0.00399801 -2.1948e-08
2.06077e-08 -0.00399802 -2.52608e-08
1.84092e-08 -0.00399801 -2.52608e-08
2.06077e-08 -0.00399802 -2.85736e-08
1.84092e-08 -0.00399801 -2.85736e-08
2.06077e-08 -0.00399802 -3.18864e-08
1.84092e-08 -0.00399801 -3.18864e-08
2.06077e-08 -0.00399802 -3.51992e-08
1.84092e-08 -0.00399801 -3.51992e-08
2.06077e-08 -0.00399802 -3.8512e-08
1.84092e-08 -0.00399801 -3.8512e-08
2.06077e-08 -0.00399802 -4.18248e-08
1.84092e-08 -0.00399801 -4.18248e-08
2.06077e-08 -0.00399802 -4.51376e-08
1.84092e-08 -0.00399801 -4.51376e-08
2.06077e-08 -0.00399802 -4.84504e-08
1.84092e-08 -0.00399801 -4.84504e-08
2.06077e-08 -0.00399802 -5.17632e-08
1.84092e-08 -0.00399801 -5.17632e-08
2.06077e-08 -0.00399802 -5.5076e-08
1.84092e-08 -0.00399801 -5.5076e-08
2.06077e-08 -0.00399802 -5.83889e-08
1.84092e-08 -0.00399801 -5.83889e-08
2.06077e-08 -0.00399802 -6.17016e-08
1.84092e-08 -0.00399801 -6.17016e-08
2.06077e-08 -0.00399802 -6.50145e-08
1.84092e-08 -0.00399801 -6.50145e-08
2.06077e-08 -0.00399802 -6.83273e-08
1.84092e-08 -0.00399801 -6.83273e-08
2.06077e-08 -0.00399802 -7.16401e-08
1.84092e-08 -0.00399801 -7.16401e-08
2.06077e-08 -0.00399802 -7.49529e-08
1.84092e-08 -0.00399801 -7.49529e-08
2.06077e-08 -0.00399802 -7.82657e-08
1.84092e-08 -0.00399801 -7.82657e-08
2.06077e-08 -0.00399802 -8.15785e-08
1.84092e-08 -0.00399801 -8.15785e-08
2.06077e-08 -0.00399802 -8.48913e-08
1.84092e-08 -0.00399801 -8.48913e-08
2.06077e-08 -0.00399803 -8.82041e-08
1.84092e-08 -0.00399801 -8.82041e-08
2.06077e-08 -0.00399803 -9.15169e-08
1.84092e-08 -0.00399801 -9.15169e-08
2.06077e-08 -0.00399803 -9.48297e-08
1.84092e-08 -0.00399802 -9.48297e-08
