1.95518e-08 -0.0040029 2.52431e-07
1.95518e-08 -0.00400292 -6.17551e-07
4.32786e-08 -0.00400294 2.52431e-07
4.32786e-08 -0.00400296 -6.17551e-07
1.95518e-08 -0.0040029 2.40514e-07
1.95518e-08 -0.0040029 2.28596e-07
1.95518e-08 -0.0040029 2.16679e-07
1.95518e-08 -0.0040029 2.04761e-07
1.95518e-08 -0.0040029 1.92843e-07
1.95518e-08 -0.0040029 1.80926e-07
1.95518e-08 -0.0040029 1.69008e-07
1.95518e-08 -0.0040029 1.57091e-07
1.95518e-08 -0.0040029 1.45173e-07
1.95518e-08 -0.0040029 1.33256e-07
1.95518e-08 -0.0040029 1.21338e-07
1.95518e-08 -0.0040029 1.0942e-07
1.95518e-08 -0.0040029 9.75029e-08
1.95518e-08 -0.0040029 8.55853e-08
1.95518e-08 -0.0040029 7.36677e-08
1.95518e-08 -0.0040029 6.17502e-08
1.95518e-08 -0.0040029 4.98326e-08
1.95518e-08 -0.0040029 3.7915e-08
1.95518e-08 -0.0040029 2.59975e-08
1.95518e-08 -0.0040029 1.40799e-08
1.95518e-08 -0.0040029 2.16232e-09
1.95518e-08 -0.0040029 -9.75525e-09
1.95518e-08 -0.0040029 -2.16728e-08
1.95518e-08 -0.0040029 -3.35904e-08
1.95518e-08 -0.0040029 -4.5508e-08
1.95518e-08 -0.0040029 -5.74255e-08
1.95518e-08 -0.0040029 -6.93431e-08
1.95518e-08 -0.0040029 -8.12607e-08
1.95518e-08 -0.0040029 -9.31783e-08
1.95518e-08 -0.0040029 -1.05096e-07
1.95518e-08 -0.0040029 -1.17013e-07
1.95518e-08 -0.0040029 -1.28931e-07
1.95518e-08 -0.0040029 -1.40849e-07
1.95518e-08 -0.0040029 -1.52766e-07
1.95518e-08 -0.00400291 -1.64684e-07
1.95518e-08 -0.00400291 -1.76601e-07
1.95518e-08 -0.00400291 -1.88519e-07
1.95518e-08 -0.00400291 -2.00436e-07
1.95518e-08 -0.00400291 -2.12354e-07
1.95518e-08 -0.00400291 -2.24272e-07
1.95518e-08 -0.00400291 -2.36189e-07
1.95518e-08 -0.00400291 -2.48107e-07
1.95518e-08 -0.00400291 -2.60024e-07
1.95518e-08 -0.00400291 -2.71942e-07
1.95518e-08 -0.00400291 -2.83859e-07
1.95518e-08 -0.00400291 -2.95777e-07
1.95518e-08 -0.00400291 -3.07695e-07
1.95518e-08 -0.00400291 -3.19612e-07
1.95518e-08 -0.00400291 -3.3153e-07
1.95518e-08 -0.00400291 -3.43447e-07
1.95518e-08 -0.00400291 -3.55365e-07
1.95518e-08 -0.00400291 -3.67282e-07
1.95518e-08 -0.00400291 -3.792e-07
1.95518e-08 -0.00400291 -3.91118e-07
1.95518e-08 -0.00400291 -4.03035e-07
1.95518e-08 -0.00400291 -4.14953e-07
1.95518e-08 -0.00400291 -4.2687e-07
1.95518e-08 -0.00400291 -4.38788e-07
1.95518e-08 -0.00400291 -4.50705e-07
1.95518e-08 -0.00400291 -4.62623e-07
1.95518e-08 -0.00400291 -4.74541e-07
1.95518e-08 -0.00400291 -4.86458e-07
1.95518e-08 -0.00400291 -4.98376e-07
1.95518e-08 -0.00400291 -5.10293e-07
1.95518e-08 -0.00400291 -5.22211e-07
1.95518e-08 -0.00400291 -5.34128e-07
1.95518e-08 -0.00400291 -5.46046e-07
1.95518e-08 -0.00400291 -5.57964e-07
1.95518e-08 -0.00400292 -5.69881e-07
1.95518e-08 -0.00400292 -5.81799e-07
1.95518e-08 -0.00400292 -5.93716e-07
1.95518e-08 -0.00400292 -6.05634e-07
3.14152e-08 -0.00400294 -6.17551e-07
3.14152e-08 -0.00400292 2.52431e-07
4.32786e-08 -0.00400296 -6.05634e-07
4.32786e-08 -0.00400296 -5.93716e-07
4.32786e-08 -0.00400296 -5.81799e-07
4.32786e-08 -0.00400296 -5.69881e-07
4.32786e-08 -0.00400296 -5.57964e-07
4.32786e-08 -0.00400296 -5.46046e-07
4.32786e-08 -0.00400296 -5.34128e-07
4.32786e-08 -0.00400295 -5.22211e-07
4.32786e-08 -0.00400295 -5.10293e-07
4.32786e-08 -0.00400295 -4.98376e-07
4.32786e-08 -0.00400295 -4.86458e-07
4.32786e-08 -0.00400295 -4.74541e-07
4.32786e-08 -0.00400295 -4.62623e-07
4.32786e-08 -0.00400295 -4.50705e-07
4.32786e-08 -0.00400295 -4.38788e-07
4.32786e-08 -0.00400295 -4.2687e-07
4.32786e-08 -0.00400295 -4.14953e-07
4.32786e-08 -0.00400295 -4.03035e-07
4.32786e-08 -0.00400295 -3.91118e-07
4.32786e-08 -0.00400295 -3.792e-07
4.32786e-08 -0.00400295 -3.67282e-07
4.32786e-08 -0.00400295 -3.55365e-07
4.32786e-08 -0.00400295 -3.43447e-07
4.32786e-08 -0.00400295 -3.3153e-07
4.32786e-08 -0.00400295 -3.19612e-07
4.32786e-08 -0.00400295 -3.07695e-07
4.32786e-08 -0.00400295 -2.95777e-07
4.32786e-08 -0.00400295 -2.83859e-07
4.32786e-08 -0.00400295 -2.71942e-07
4.32786e-08 -0.00400295 -2.60024e-07
4.32786e-08 -0.00400295 -2.48107e-07
4.32786e-08 -0.00400295 -2.36189e-07
4.32786e-08 -0.00400295 -2.24272e-07
4.32786e-08 -0.00400295 -2.12354e-07
4.32786e-08 -0.00400295 -2.00436e-07
4.32786e-08 -0.00400295 -1.88519e-07
4.32786e-08 -0.00400295 -1.76601e-07
4.32786e-08 -0.00400295 -1.64684e-07
4.32786e-08 -0.00400295 -1.52766e-07
4.32786e-08 -0.00400295 -1.40849e-07
4.32786e-08 -0.00400295 -1.28931e-07
4.32786e-08 -0.00400295 -1.17013e-07
4.32786e-08 -0.00400294 -1.05096e-07
4.32786e-08 -0.00400294 -9.31783e-08
4.32786e-08 -0.00400294 -8.12607e-08
4.32786e-08 -0.00400294 -6.93431e-08
4.32786e-08 -0.00400294 -5.74255e-08
4.32786e-08 -0.00400294 -4.5508e-08
4.32786e-08 -0.00400294 -3.35904e-08
4.32786e-08 -0.00400294 -2.16728e-08
4.32786e-08 -0.00400294 -9.75525e-09
4.32786e-08 -0.00400294 2.16232e-09
4.32786e-08 -0.00400294 1.40799e-08
4.32786e-08 -0.00400294 2.59975e-08
4.32786e-08 -0.00400294 3.7915e-08
4.32786e-08 -0.00400294 4.98326e-08
4.32786e-08 -0.00400294 6.17502e-08
4.32786e-08 -0.00400294 7.36677e-08
4.32786e-08 -0.00400294 8.55853e-08
4.32786e-08 -0.00400294 9.75029e-08
4.32786e-08 -0.00400294 1.0942e-07
4.32786e-08 -0.00400294 1.21338e-07
4.32786e-08 -0.00400294 1.33256e-07
4.32786e-08 -0.00400294 1.45173e-07
4.32786e-08 -0.00400294 1.57091e-07
4.32786e-08 -0.00400294 1.69008e-07
4.32786e-08 -0.00400294 1.80926e-07
4.32786e-08 -0.00400294 1.92843e-07
4.32786e-08 -0.00400294 2.04761e-07
4.32786e-08 -0.00400294 2.16679e-07
4.32786e-08 -0.00400294 2.28596e-07
4.32786e-08 -0.00400294 2.40514e-07
3.14152e-08 -0.00400294 -6.05634e-07
3.14152e-08 -0.00400294 -5.93716e-07
3.14152e-08 -0.00400294 -5.81799e-07
3.14152e-08 -0.00400294 -5.69881e-07
3.14152e-08 -0.00400294 -5.57964e-07
3.14152e-08 -0.00400293 -5.46046e-07
3.14152e-08 -0.00400293 -5.34128e-07
3.14152e-08 -0.00400293 -5.22211e-07
3.14152e-08 -0.00400293 -5.10293e-07
3.14152e-08 -0.00400293 -4.98376e-07
3.14152e-08 -0.00400293 -4.86458e-07
3.14152e-08 -0.00400293 -4.74541e-07
3.14152e-08 -0.00400293 -4.62623e-07
3.14152e-08 -0.00400293 -4.50705e-07
3.14152e-08 -0.00400293 -4.38788e-07
3.14152e-08 -0.00400293 -4.2687e-07
3.14152e-08 -0.00400293 -4.14953e-07
3.14152e-08 -0.00400293 -4.03035e-07
3.14152e-08 -0.00400293 -3.91118e-07
3.14152e-08 -0.00400293 -3.792e-07
3.14152e-08 -0.00400293 -3.67282e-07
3.14152e-08 -0.00400293 -3.55365e-07
3.14152e-08 -0.00400293 -3.43447e-07
3.14152e-08 -0.00400293 -3.3153e-07
3.14152e-08 -0.00400293 -3.19612e-07
3.14152e-08 -0.00400293 -3.07695e-07
3.14152e-08 -0.00400293 -2.95777e-07
3.14152e-08 -0.00400293 -2.83859e-07
3.14152e-08 -0.00400293 -2.71942e-07
3.14152e-08 -0.00400293 -2.60024e-07
3.14152e-08 -0.00400293 -2.48107e-07
3.14152e-08 -0.00400293 -2.36189e-07
3.14152e-08 -0.00400293 -2.24272e-07
3.14152e-08 -0.00400293 -2.12354e-07
3.14152e-08 -0.00400293 -2.00436e-07
3.14152e-08 -0.00400293 -1.88519e-07
3.14152e-08 -0.00400293 -1.76601e-07
3.14152e-08 -0.00400293 -1.64684e-07
3.14152e-08 -0.00400293 -1.52766e-07
3.14152e-08 -0.00400293 -1.40849e-07
3.14152e-08 -0.00400293 -1.28931e-07
3.14152e-08 -0.00400292 -1.17013e-07
3.14152e-08 -0.00400292 -1.05096e-07
3.14152e-08 -0.00400292 -9.31783e-08
3.14152e-08 -0.00400292 -8.12607e-08
3.14152e-08 -0.00400292 -6.93431e-08
3.14152e-08 -0.00400292 -5.74255e-08
3.14152e-08 -0.00400292 -4.5508e-08
3.14152e-08 -0.00400292 -3.35904e-08
3.14152e-08 -0.00400292 -2.16728e-08
3.14152e-08 -0.00400292 -9.75525e-09
3.14152e-08 -0.00400292 2.16232e-09
3.14152e-08 -0.00400292 1.40799e-08
3.14152e-08 -0.00400292 2.59975e-08
3.14152e-08 -0.00400292 3.7915e-08
3.14152e-08 -0.00400292 4.98326e-08
3.14152e-08 -0.00400292 6.17502e-08
3.14152e-08 -0.00400292 7.36677e-08
3.14152e-08 -0.00400292 8.55853e-08
3.14152e-08 -0.00400292 9.75029e-08
3.14152e-08 -0.00400292 1.0942e-07
3.14152e-08 -0.00400292 1.21338e-07
3.14152e-08 -0.00400292 1.33256e-07
3.14152e-08 -0.00400292 1.45173e-07
3.14152e-08 -0.00400292 1.57091e-07
3.14152e-08 -0.00400292 1.69008e-07
3.14152e-08 -0.00400292 1.80926e-07
3.14152e-08 -0.00400292 1.92843e-07
3.14152e-08 -0.00400292 2.04761e-07
3.14152e-08 -0.00400292 2.16679e-07
3.14152e-08 -0.00400292 2.28596e-07
3.14152e-08 -0.00400292 2.40514e-07
5.11876e-08 -0.00400295 2.52431e-07
4.32786e-08 -0.00400294 2.52431e-07
5.11876e-08 -0.00400295 2.40514e-07
4.32786e-08 -0.00400294 2.40514e-07
5.11876e-08 -0.00400295 2.28596e-07
4.32786e-08 -0.00400294 2.28596e-07
5.11876e-08 -0.00400295 2.16679e-07
4.32786e-08 -0.00400294 2.16679e-07
5.11876e-08 -0.00400295 2.04761e-07
4.32786e-08 -0.00400294 2.04761e-07
5.11876e-08 -0.00400295 1.92843e-07
4.32786e-08 -0.00400294 1.92843e-07
5.11876e-08 -0.00400295 1.80926e-07
4.32786e-08 -0.00400294 1.80926e-07
5.11876e-08 -0.00400295 1.69008e-07
4.32786e-08 -0.00400294 1.69008e-07
5.11876e-08 -0.00400295 1.57091e-07
4.32786e-08 -0.00400294 1.57091e-07
5.11876e-08 -0.00400295 1.45173e-07
4.32786e-08 -0.00400294 1.45173e-07
5.11876e-08 -0.00400295 1.33256e-07
4.32786e-08 -0.00400294 1.33256e-07
5.11876e-08 -0.00400295 1.21338e-07
4.32786e-08 -0.00400294 1.21338e-07
5.11876e-08 -0.00400295 1.0942e-07
4.32786e-08 -0.00400294 1.0942e-07
5.11876e-08 -0.00400295 9.75029e-08
4.32786e-08 -0.00400294 9.75029e-08
5.11876e-08 -0.00400295 8.55853e-08
4.32786e-08 -0.00400294 8.55853e-08
5.11876e-08 -0.00400295 7.36677e-08
4.32786e-08 -0.00400294 7.36677e-08
5.11876e-08 -0.00400295 6.17502e-08
4.32786e-08 -0.00400294 6.17502e-08
5.11876e-08 -0.00400295 4.98326e-08
4.32786e-08 -0.00400294 4.98326e-08
5.11876e-08 -0.00400295 3.7915e-08
4.32786e-08 -0.00400294 3.7915e-08
5.11876e-08 -0.00400296 2.59975e-08
4.32786e-08 -0.00400294 2.59975e-08
5.11876e-08 -0.00400296 1.40799e-08
4.32786e-08 -0.00400294 1.40799e-08
5.11876e-08 -0.00400296 2.16232e-09
4.32786e-08 -0.00400294 2.16232e-09
5.11876e-08 -0.00400296 -9.75525e-09
4.32786e-08 -0.00400294 -9.75525e-09
5.11876e-08 -0.00400296 -2.16728e-08
4.32786e-08 -0.00400294 -2.16728e-08
5.11876e-08 -0.00400296 -3.35904e-08
4.32786e-08 -0.00400294 -3.35904e-08
5.11876e-08 -0.00400296 -4.5508e-08
4.32786e-08 -0.00400294 -4.5508e-08
5.11876e-08 -0.00400296 -5.74255e-08
4.32786e-08 -0.00400294 -5.74255e-08
5.11876e-08 -0.00400296 -6.93431e-08
4.32786e-08 -0.00400294 -6.93431e-08
5.11876e-08 -0.00400296 -8.12607e-08
4.32786e-08 -0.00400294 -8.12607e-08
5.11876e-08 -0.00400296 -9.31783e-08
4.32786e-08 -0.00400294 -9.31783e-08
5.11876e-08 -0.00400296 -1.05096e-07
4.32786e-08 -0.00400294 -1.05096e-07
5.11876e-08 -0.00400296 -1.17013e-07
4.32786e-08 -0.00400295 -1.17013e-07
5.11876e-08 -0.00400296 -1.28931e-07
4.32786e-08 -0.00400295 -1.28931e-07
5.11876e-08 -0.00400296 -1.40849e-07
4.32786e-08 -0.00400295 -1.40849e-07
5.11876e-08 -0.00400296 -1.52766e-07
4.32786e-08 -0.00400295 -1.52766e-07
5.11876e-08 -0.00400296 -1.64684e-07
4.32786e-08 -0.00400295 -1.64684e-07
5.11876e-08 -0.00400296 -1.76601e-07
4.32786e-08 -0.00400295 -1.76601e-07
5.11876e-08 -0.00400296 -1.88519e-07
4.32786e-08 -0.00400295 -1.88519e-07
5.11876e-08 -0.00400296 -2.00436e-07
4.32786e-08 -0.00400295 -2.00436e-07
5.11876e-08 -0.00400296 -2.12354e-07
4.32786e-08 -0.00400295 -2.12354e-07
5.11876e-08 -0.00400296 -2.24272e-07
4.32786e-08 -0.00400295 -2.24272e-07
5.11876e-08 -0.00400296 -2.36189e-07
4.32786e-08 -0.00400295 -2.36189e-07
5.11876e-08 -0.00400296 -2.48107e-07
4.32786e-08 -0.00400295 -2.48107e-07
5.11876e-08 -0.00400296 -2.60024e-07
4.32786e-08 -0.00400295 -2.60024e-07
5.11876e-08 -0.00400296 -2.71942e-07
4.32786e-08 -0.00400295 -2.71942e-07
5.11876e-08 -0.00400296 -2.83859e-07
4.32786e-08 -0.00400295 -2.83859e-07
5.11876e-08 -0.00400296 -2.95777e-07
4.32786e-08 -0.00400295 -2.95777e-07
5.11876e-08 -0.00400296 -3.07695e-07
4.32786e-08 -0.00400295 -3.07695e-07
5.11876e-08 -0.00400296 -3.19612e-07
4.32786e-08 -0.00400295 -3.19612e-07
5.11876e-08 -0.00400296 -3.3153e-07
4.32786e-08 -0.00400295 -3.3153e-07
5.11876e-08 -0.00400296 -3.43447e-07
4.32786e-08 -0.00400295 -3.43447e-07
5.11876e-08 -0.00400296 -3.55365e-07
4.32786e-08 -0.00400295 -3.55365e-07
5.11876e-08 -0.00400296 -3.67282e-07
4.32786e-08 -0.00400295 -3.67282e-07
5.11876e-08 -0.00400297 -3.792e-07
4.32786e-08 -0.00400295 -3.792e-07
5.11876e-08 -0.00400297 -3.91118e-07
4.32786e-08 -0.00400295 -3.91118e-07
5.11876e-08 -0.00400297 -4.03035e-07
4.32786e-08 -0.00400295 -4.03035e-07
5.11876e-08 -0.00400297 -4.14953e-07
4.32786e-08 -0.00400295 -4.14953e-07
5.11876e-08 -0.00400297 -4.2687e-07
4.32786e-08 -0.00400295 -4.2687e-07
5.11876e-08 -0.00400297 -4.38788e-07
4.32786e-08 -0.00400295 -4.38788e-07
5.11876e-08 -0.00400297 -4.50705e-07
4.32786e-08 -0.00400295 -4.50705e-07
5.11876e-08 -0.00400297 -4.62623e-07
4.32786e-08 -0.00400295 -4.62623e-07
5.11876e-08 -0.00400297 -4.74541e-07
4.32786e-08 -0.00400295 -4.74541e-07
5.11876e-08 -0.00400297 -4.86458e-07
4.32786e-08 -0.00400295 -4.86458e-07
5.11876e-08 -0.00400297 -4.98376e-07
4.32786e-08 -0.00400295 -4.98376e-07
5.11876e-08 -0.00400297 -5.10293e-07
4.32786e-08 -0.00400295 -5.10293e-07
5.11876e-08 -0.00400297 -5.22211e-07
4.32786e-08 -0.00400295 -5.22211e-07
5.11876e-08 -0.00400297 -5.34128e-07
4.32786e-08 -0.00400296 -5.34128e-07
5.11876e-08 -0.00400297 -5.46046e-07
4.32786e-08 -0.00400296 -5.46046e-07
5.11876e-08 -0.00400297 -5.57964e-07
4.32786e-08 -0.00400296 -5.57964e-07
5.11876e-08 -0.00400297 -5.69881e-07
4.32786e-08 -0.00400296 -5.69881e-07
5.11876e-08 -0.00400297 -5.81799e-07
4.32786e-08 -0.00400296 -5.81799e-07
5.11876e-08 -0.00400297 -5.93716e-07
4.32786e-08 -0.00400296 -5.93716e-07
5.11876e-08 -0.00400297 -6.05634e-07
4.32786e-08 -0.00400296 -6.05634e-07
5.11876e-08 -0.00400297 -6.17551e-07
4.32786e-08 -0.00400296 -6.17551e-07
1.95518e-08 -0.0040029 2.52431e-07
1.16429e-08 -0.00400288 2.52431e-07
1.95518e-08 -0.0040029 2.40514e-07
1.16429e-08 -0.00400288 2.40514e-07
1.95518e-08 -0.0040029 2.28596e-07
1.16429e-08 -0.00400288 2.28596e-07
1.95518e-08 -0.0040029 2.16679e-07
1.16429e-08 -0.00400288 2.16679e-07
1.95518e-08 -0.0040029 2.04761e-07
1.16429e-08 -0.00400288 2.04761e-07
1.95518e-08 -0.0040029 1.92843e-07
1.16429e-08 -0.00400288 1.92843e-07
1.95518e-08 -0.0040029 1.80926e-07
1.16429e-08 -0.00400288 1.80926e-07
1.95518e-08 -0.0040029 1.69008e-07
1.16429e-08 -0.00400288 1.69008e-07
1.95518e-08 -0.0040029 1.57091e-07
1.16429e-08 -0.00400288 1.57091e-07
1.95518e-08 -0.0040029 1.45173e-07
1.16429e-08 -0.00400288 1.45173e-07
1.95518e-08 -0.0040029 1.33256e-07
1.16429e-08 -0.00400288 1.33256e-07
1.95518e-08 -0.0040029 1.21338e-07
1.16429e-08 -0.00400288 1.21338e-07
1.95518e-08 -0.0040029 1.0942e-07
1.16429e-08 -0.00400289 1.0942e-07
1.95518e-08 -0.0040029 9.75029e-08
1.16429e-08 -0.00400289 9.75029e-08
1.95518e-08 -0.0040029 8.55853e-08
1.16429e-08 -0.00400289 8.55853e-08
1.95518e-08 -0.0040029 7.36677e-08
1.16429e-08 -0.00400289 7.36677e-08
1.95518e-08 -0.0040029 6.17502e-08
1.16429e-08 -0.00400289 6.17502e-08
1.95518e-08 -0.0040029 4.98326e-08
1.16429e-08 -0.00400289 4.98326e-08
1.95518e-08 -0.0040029 3.7915e-08
1.16429e-08 -0.00400289 3.7915e-08
1.95518e-08 -0.0040029 2.59975e-08
1.16429e-08 -0.00400289 2.59975e-08
1.95518e-08 -0.0040029 1.40799e-08
1.16429e-08 -0.00400289 1.40799e-08
1.95518e-08 -0.0040029 2.16232e-09
1.16429e-08 -0.00400289 2.16232e-09
1.95518e-08 -0.0040029 -9.75525e-09
1.16429e-08 -0.00400289 -9.75525e-09
1.95518e-08 -0.0040029 -2.16728e-08
1.16429e-08 -0.00400289 -2.16728e-08
1.95518e-08 -0.0040029 -3.35904e-08
1.16429e-08 -0.00400289 -3.35904e-08
1.95518e-08 -0.0040029 -4.5508e-08
1.16429e-08 -0.00400289 -4.5508e-08
1.95518e-08 -0.0040029 -5.74255e-08
1.16429e-08 -0.00400289 -5.74255e-08
1.95518e-08 -0.0040029 -6.93431e-08
1.16429e-08 -0.00400289 -6.93431e-08
1.95518e-08 -0.0040029 -8.12607e-08
1.16429e-08 -0.00400289 -8.12607e-08
1.95518e-08 -0.0040029 -9.31783e-08
1.16429e-08 -0.00400289 -9.31783e-08
1.95518e-08 -0.0040029 -1.05096e-07
1.16429e-08 -0.00400289 -1.05096e-07
1.95518e-08 -0.0040029 -1.17013e-07
1.16429e-08 -0.00400289 -1.17013e-07
1.95518e-08 -0.0040029 -1.28931e-07
1.16429e-08 -0.00400289 -1.28931e-07
1.95518e-08 -0.0040029 -1.40849e-07
1.16429e-08 -0.00400289 -1.40849e-07
1.95518e-08 -0.0040029 -1.52766e-07
1.16429e-08 -0.00400289 -1.52766e-07
1.95518e-08 -0.00400291 -1.64684e-07
1.16429e-08 -0.00400289 -1.64684e-07
1.95518e-08 -0.00400291 -1.76601e-07
1.16429e-08 -0.00400289 -1.76601e-07
1.95518e-08 -0.00400291 -1.88519e-07
1.16429e-08 -0.00400289 -1.88519e-07
1.95518e-08 -0.00400291 -2.00436e-07
1.16429e-08 -0.00400289 -2.00436e-07
1.95518e-08 -0.00400291 -2.12354e-07
1.16429e-08 -0.00400289 -2.12354e-07
1.95518e-08 -0.00400291 -2.24272e-07
1.16429e-08 -0.00400289 -2.24272e-07
1.95518e-08 -0.00400291 -2.36189e-07
1.16429e-08 -0.00400289 -2.36189e-07
1.95518e-08 -0.00400291 -2.48107e-07
1.16429e-08 -0.00400289 -2.48107e-07
1.95518e-08 -0.00400291 -2.60024e-07
1.16429e-08 -0.00400289 -2.60024e-07
1.95518e-08 -0.00400291 -2.71942e-07
1.16429e-08 -0.00400289 -2.71942e-07
1.95518e-08 -0.00400291 -2.83859e-07
1.16429e-08 -0.00400289 -2.83859e-07
1.95518e-08 -0.00400291 -2.95777e-07
1.16429e-08 -0.0040029 -2.95777e-07
1.95518e-08 -0.00400291 -3.07695e-07
1.16429e-08 -0.0040029 -3.07695e-07
1.95518e-08 -0.00400291 -3.19612e-07
1.16429e-08 -0.0040029 -3.19612e-07
1.95518e-08 -0.00400291 -3.3153e-07
1.16429e-08 -0.0040029 -3.3153e-07
1.95518e-08 -0.00400291 -3.43447e-07
1.16429e-08 -0.0040029 -3.43447e-07
1.95518e-08 -0.00400291 -3.55365e-07
1.16429e-08 -0.0040029 -3.55365e-07
1.95518e-08 -0.00400291 -3.67282e-07
1.16429e-08 -0.0040029 -3.67282e-07
1.95518e-08 -0.00400291 -3.792e-07
1.16429e-08 -0.0040029 -3.792e-07
1.95518e-08 -0.00400291 -3.91118e-07
1.16429e-08 -0.0040029 -3.91118e-07
1.95518e-08 -0.00400291 -4.03035e-07
1.16429e-08 -0.0040029 -4.03035e-07
1.95518e-08 -0.00400291 -4.14953e-07
1.16429e-08 -0.0040029 -4.14953e-07
1.95518e-08 -0.00400291 -4.2687e-07
1.16429e-08 -0.0040029 -4.2687e-07
1.95518e-08 -0.00400291 -4.38788e-07
1.16429e-08 -0.0040029 -4.38788e-07
1.95518e-08 -0.00400291 -4.50705e-07
1.16429e-08 -0.0040029 -4.50705e-07
1.95518e-08 -0.00400291 -4.62623e-07
1.16429e-08 -0.0040029 -4.62623e-07
1.95518e-08 -0.00400291 -4.74541e-07
1.16429e-08 -0.0040029 -4.74541e-07
1.95518e-08 -0.00400291 -4.86458e-07
1.16429e-08 -0.0040029 -4.86458e-07
1.95518e-08 -0.00400291 -4.98376e-07
1.16429e-08 -0.0040029 -4.98376e-07
1.95518e-08 -0.00400291 -5.10293e-07
1.16429e-08 -0.0040029 -5.10293e-07
1.95518e-08 -0.00400291 -5.22211e-07
1.16429e-08 -0.0040029 -5.22211e-07
1.95518e-08 -0.00400291 -5.34128e-07
1.16429e-08 -0.0040029 -5.34128e-07
1.95518e-08 -0.00400291 -5.46046e-07
1.16429e-08 -0.0040029 -5.46046e-07
1.95518e-08 -0.00400291 -5.57964e-07
1.16429e-08 -0.0040029 -5.57964e-07
1.95518e-08 -0.00400292 -5.69881e-07
1.16429e-08 -0.0040029 -5.69881e-07
1.95518e-08 -0.00400292 -5.81799e-07
1.16429e-08 -0.0040029 -5.81799e-07
1.95518e-08 -0.00400292 -5.93716e-07
1.16429e-08 -0.0040029 -5.93716e-07
1.95518e-08 -0.00400292 -6.05634e-07
1.16429e-08 -0.0040029 -6.05634e-07
1.95518e-08 -0.00400292 -6.17551e-07
1.16429e-08 -0.0040029 -6.17551e-07
