-8.8533e-08 0.00404408 8.83781e-07
-8.8533e-08 0.00404421 5.20658e-07
-5.55219e-08 0.00404393 8.83781e-07
-5.55219e-08 0.00404406 5.20658e-07
-8.8533e-08 0.00404408 8.78806e-07
-8.8533e-08 0.00404408 8.73832e-07
-8.8533e-08 0.00404409 8.68858e-07
-8.8533e-08 0.00404409 8.63884e-07
-8.8533e-08 0.00404409 8.58909e-07
-8.8533e-08 0.00404409 8.53935e-07
-8.8533e-08 0.00404409 8.48961e-07
-8.8533e-08 0.0040441 8.43986e-07
-8.8533e-08 0.0040441 8.39012e-07
-8.8533e-08 0.0040441 8.34038e-07
-8.8533e-08 0.0040441 8.29064e-07
-8.8533e-08 0.0040441 8.24089e-07
-8.8533e-08 0.0040441 8.19115e-07
-8.8533e-08 0.00404411 8.14141e-07
-8.8533e-08 0.00404411 8.09166e-07
-8.8533e-08 0.00404411 8.04192e-07
-8.8533e-08 0.00404411 7.99218e-07
-8.8533e-08 0.00404411 7.94244e-07
-8.8533e-08 0.00404412 7.89269e-07
-8.8533e-08 0.00404412 7.84295e-07
-8.8533e-08 0.00404412 7.79321e-07
-8.8533e-08 0.00404412 7.74347e-07
-8.8533e-08 0.00404412 7.69372e-07
-8.8533e-08 0.00404412 7.64398e-07
-8.8533e-08 0.00404413 7.59424e-07
-8.8533e-08 0.00404413 7.54449e-07
-8.8533e-08 0.00404413 7.49475e-07
-8.8533e-08 0.00404413 7.44501e-07
-8.8533e-08 0.00404413 7.39527e-07
-8.8533e-08 0.00404414 7.34552e-07
-8.8533e-08 0.00404414 7.29578e-07
-8.8533e-08 0.00404414 7.24604e-07
-8.8533e-08 0.00404414 7.19629e-07
-8.8533e-08 0.00404414 7.14655e-07
-8.8533e-08 0.00404414 7.09681e-07
-8.8533e-08 0.00404415 7.04707e-07
-8.8533e-08 0.00404415 6.99732e-07
-8.8533e-08 0.00404415 6.94758e-07
-8.8533e-08 0.00404415 6.89784e-07
-8.8533e-08 0.00404415 6.84809e-07
-8.8533e-08 0.00404416 6.79835e-07
-8.8533e-08 0.00404416 6.74861e-07
-8.8533e-08 0.00404416 6.69887e-07
-8.8533e-08 0.00404416 6.64912e-07
-8.8533e-08 0.00404416 6.59938e-07
-8.8533e-08 0.00404416 6.54964e-07
-8.8533e-08 0.00404417 6.49989e-07
-8.8533e-08 0.00404417 6.45015e-07
-8.8533e-08 0.00404417 6.40041e-07
-8.8533e-08 0.00404417 6.35067e-07
-8.8533e-08 0.00404417 6.30092e-07
-8.8533e-08 0.00404418 6.25118e-07
-8.8533e-08 0.00404418 6.20144e-07
-8.8533e-08 0.00404418 6.15169e-07
-8.8533e-08 0.00404418 6.10195e-07
-8.8533e-08 0.00404418 6.05221e-07
-8.8533e-08 0.00404418 6.00247e-07
-8.8533e-08 0.00404419 5.95272e-07
-8.8533e-08 0.00404419 5.90298e-07
-8.8533e-08 0.00404419 5.85324e-07
-8.8533e-08 0.00404419 5.80349e-07
-8.8533e-08 0.00404419 5.75375e-07
-8.8533e-08 0.0040442 5.70401e-07
-8.8533e-08 0.0040442 5.65427e-07
-8.8533e-08 0.0040442 5.60452e-07
-8.8533e-08 0.0040442 5.55478e-07
-8.8533e-08 0.0040442 5.50504e-07
-8.8533e-08 0.0040442 5.45529e-07
-8.8533e-08 0.00404421 5.40555e-07
-8.8533e-08 0.00404421 5.35581e-07
-8.8533e-08 0.00404421 5.30607e-07
-8.8533e-08 0.00404421 5.25632e-07
-8.38172e-08 0.00404419 5.20658e-07
-7.91013e-08 0.00404417 5.20658e-07
-7.43854e-08 0.00404415 5.20658e-07
-6.96695e-08 0.00404413 5.20658e-07
-6.49537e-08 0.00404411 5.20658e-07
-6.02378e-08 0.00404408 5.20658e-07
-8.38172e-08 0.00404406 8.83781e-07
-7.91013e-08 0.00404404 8.83781e-07
-7.43854e-08 0.00404402 8.83781e-07
-6.96695e-08 0.00404399 8.83781e-07
-6.49537e-08 0.00404397 8.83781e-07
-6.02378e-08 0.00404395 8.83781e-07
-5.55219e-08 0.00404406 5.25632e-07
-5.55219e-08 0.00404406 5.30607e-07
-5.55219e-08 0.00404406 5.35581e-07
-5.55219e-08 0.00404406 5.40555e-07
-5.55219e-08 0.00404405 5.45529e-07
-5.55219e-08 0.00404405 5.50504e-07
-5.55219e-08 0.00404405 5.55478e-07
-5.55219e-08 0.00404405 5.60452e-07
-5.55219e-08 0.00404405 5.65427e-07
-5.55219e-08 0.00404405 5.70401e-07
-5.55219e-08 0.00404404 5.75375e-07
-5.55219e-08 0.00404404 5.80349e-07
-5.55219e-08 0.00404404 5.85324e-07
-5.55219e-08 0.00404404 5.90298e-07
-5.55219e-08 0.00404404 5.95272e-07
-5.55219e-08 0.00404403 6.00247e-07
-5.55219e-08 0.00404403 6.05221e-07
-5.55219e-08 0.00404403 6.10195e-07
-5.55219e-08 0.00404403 6.15169e-07
-5.55219e-08 0.00404403 6.20144e-07
-5.55219e-08 0.00404403 6.25118e-07
-5.55219e-08 0.00404402 6.30092e-07
-5.55219e-08 0.00404402 6.35067e-07
-5.55219e-08 0.00404402 6.40041e-07
-5.55219e-08 0.00404402 6.45015e-07
-5.55219e-08 0.00404402 6.49989e-07
-5.55219e-08 0.00404401 6.54964e-07
-5.55219e-08 0.00404401 6.59938e-07
-5.55219e-08 0.00404401 6.64912e-07
-5.55219e-08 0.00404401 6.69887e-07
-5.55219e-08 0.00404401 6.74861e-07
-5.55219e-08 0.00404401 6.79835e-07
-5.55219e-08 0.004044 6.84809e-07
-5.55219e-08 0.004044 6.89784e-07
-5.55219e-08 0.004044 6.94758e-07
-5.55219e-08 0.004044 6.99732e-07
-5.55219e-08 0.004044 7.04707e-07
-5.55219e-08 0.00404399 7.09681e-07
-5.55219e-08 0.00404399 7.14655e-07
-5.55219e-08 0.00404399 7.19629e-07
-5.55219e-08 0.00404399 7.24604e-07
-5.55219e-08 0.00404399 7.29578e-07
-5.55219e-08 0.00404399 7.34552e-07
-5.55219e-08 0.00404398 7.39527e-07
-5.55219e-08 0.00404398 7.44501e-07
-5.55219e-08 0.00404398 7.49475e-07
-5.55219e-08 0.00404398 7.54449e-07
-5.55219e-08 0.00404398 7.59424e-07
-5.55219e-08 0.00404397 7.64398e-07
-5.55219e-08 0.00404397 7.69372e-07
-5.55219e-08 0.00404397 7.74347e-07
-5.55219e-08 0.00404397 7.79321e-07
-5.55219e-08 0.00404397 7.84295e-07
-5.55219e-08 0.00404397 7.89269e-07
-5.55219e-08 0.00404396 7.94244e-07
-5.55219e-08 0.00404396 7.99218e-07
-5.55219e-08 0.00404396 8.04192e-07
-5.55219e-08 0.00404396 8.09166e-07
-5.55219e-08 0.00404396 8.14141e-07
-5.55219e-08 0.00404395 8.19115e-07
-5.55219e-08 0.00404395 8.24089e-07
-5.55219e-08 0.00404395 8.29064e-07
-5.55219e-08 0.00404395 8.34038e-07
-5.55219e-08 0.00404395 8.39012e-07
-5.55219e-08 0.00404395 8.43986e-07
-5.55219e-08 0.00404394 8.48961e-07
-5.55219e-08 0.00404394 8.53935e-07
-5.55219e-08 0.00404394 8.58909e-07
-5.55219e-08 0.00404394 8.63884e-07
-5.55219e-08 0.00404394 8.68858e-07
-5.55219e-08 0.00404393 8.73832e-07
-5.55219e-08 0.00404393 8.78806e-07
-8.38172e-08 0.00404419 5.25632e-07
-8.38172e-08 0.00404419 5.30607e-07
-8.38172e-08 0.00404419 5.35581e-07
-8.38172e-08 0.00404418 5.40555e-07
-8.38172e-08 0.00404418 5.45529e-07
-8.38172e-08 0.00404418 5.50504e-07
-8.38172e-08 0.00404418 5.55478e-07
-8.38172e-08 0.00404418 5.60452e-07
-8.38172e-08 0.00404418 5.65427e-07
-8.38172e-08 0.00404417 5.70401e-07
-8.38172e-08 0.00404417 5.75375e-07
-8.38172e-08 0.00404417 5.80349e-07
-8.38172e-08 0.00404417 5.85324e-07
-8.38172e-08 0.00404417 5.90298e-07
-8.38172e-08 0.00404416 5.95272e-07
-8.38172e-08 0.00404416 6.00247e-07
-8.38172e-08 0.00404416 6.05221e-07
-8.38172e-08 0.00404416 6.10195e-07
-8.38172e-08 0.00404416 6.15169e-07
-8.38172e-08 0.00404416 6.20144e-07
-8.38172e-08 0.00404415 6.25118e-07
-8.38172e-08 0.00404415 6.30092e-07
-8.38172e-08 0.00404415 6.35067e-07
-8.38172e-08 0.00404415 6.40041e-07
-8.38172e-08 0.00404415 6.45015e-07
-8.38172e-08 0.00404414 6.49989e-07
-8.38172e-08 0.00404414 6.54964e-07
-8.38172e-08 0.00404414 6.59938e-07
-8.38172e-08 0.00404414 6.64912e-07
-8.38172e-08 0.00404414 6.69887e-07
-8.38172e-08 0.00404414 6.74861e-07
-8.38172e-08 0.00404413 6.79835e-07
-8.38172e-08 0.00404413 6.84809e-07
-8.38172e-08 0.00404413 6.89784e-07
-8.38172e-08 0.00404413 6.94758e-07
-8.38172e-08 0.00404413 6.99732e-07
-8.38172e-08 0.00404412 7.04707e-07
-8.38172e-08 0.00404412 7.09681e-07
-8.38172e-08 0.00404412 7.14655e-07
-8.38172e-08 0.00404412 7.19629e-07
-8.38172e-08 0.00404412 7.24604e-07
-8.38172e-08 0.00404412 7.29578e-07
-8.38172e-08 0.00404411 7.34552e-07
-8.38172e-08 0.00404411 7.39527e-07
-8.38172e-08 0.00404411 7.44501e-07
-8.38172e-08 0.00404411 7.49475e-07
-8.38172e-08 0.00404411 7.54449e-07
-8.38172e-08 0.0040441 7.59424e-07
-8.38172e-08 0.0040441 7.64398e-07
-8.38172e-08 0.0040441 7.69372e-07
-8.38172e-08 0.0040441 7.74347e-07
-8.38172e-08 0.0040441 7.79321e-07
-8.38172e-08 0.0040441 7.84295e-07
-8.38172e-08 0.00404409 7.89269e-07
-8.38172e-08 0.00404409 7.94244e-07
-8.38172e-08 0.00404409 7.99218e-07
-8.38172e-08 0.00404409 8.04192e-07
-8.38172e-08 0.00404409 8.09166e-07
-8.38172e-08 0.00404408 8.14141e-07
-8.38172e-08 0.00404408 8.19115e-07
-8.38172e-08 0.00404408 8.24089e-07
-8.38172e-08 0.00404408 8.29064e-07
-8.38172e-08 0.00404408 8.34038e-07
-8.38172e-08 0.00404408 8.39012e-07
-8.38172e-08 0.00404407 8.43986e-07
-8.38172e-08 0.00404407 8.48961e-07
-8.38172e-08 0.00404407 8.53935e-07
-8.38172e-08 0.00404407 8.58909e-07
-8.38172e-08 0.00404407 8.63884e-07
-8.38172e-08 0.00404406 8.68858e-07
-8.38172e-08 0.00404406 8.73832e-07
-8.38172e-08 0.00404406 8.78806e-07
-7.91013e-08 0.00404417 5.25632e-07
-7.91013e-08 0.00404417 5.30607e-07
-7.91013e-08 0.00404416 5.35581e-07
-7.91013e-08 0.00404416 5.40555e-07
-7.91013e-08 0.00404416 5.45529e-07
-7.91013e-08 0.00404416 5.50504e-07
-7.91013e-08 0.00404416 5.55478e-07
-7.91013e-08 0.00404416 5.60452e-07
-7.91013e-08 0.00404415 5.65427e-07
-7.91013e-08 0.00404415 5.70401e-07
-7.91013e-08 0.00404415 5.75375e-07
-7.91013e-08 0.00404415 5.80349e-07
-7.91013e-08 0.00404415 5.85324e-07
-7.91013e-08 0.00404414 5.90298e-07
-7.91013e-08 0.00404414 5.95272e-07
-7.91013e-08 0.00404414 6.00247e-07
-7.91013e-08 0.00404414 6.05221e-07
-7.91013e-08 0.00404414 6.10195e-07
-7.91013e-08 0.00404414 6.15169e-07
-7.91013e-08 0.00404413 6.20144e-07
-7.91013e-08 0.00404413 6.25118e-07
-7.91013e-08 0.00404413 6.30092e-07
-7.91013e-08 0.00404413 6.35067e-07
-7.91013e-08 0.00404413 6.40041e-07
-7.91013e-08 0.00404412 6.45015e-07
-7.91013e-08 0.00404412 6.49989e-07
-7.91013e-08 0.00404412 6.54964e-07
-7.91013e-08 0.00404412 6.59938e-07
-7.91013e-08 0.00404412 6.64912e-07
-7.91013e-08 0.00404412 6.69887e-07
-7.91013e-08 0.00404411 6.74861e-07
-7.91013e-08 0.00404411 6.79835e-07
-7.91013e-08 0.00404411 6.84809e-07
-7.91013e-08 0.00404411 6.89784e-07
-7.91013e-08 0.00404411 6.94758e-07
-7.91013e-08 0.0040441 6.99732e-07
-7.91013e-08 0.0040441 7.04707e-07
-7.91013e-08 0.0040441 7.09681e-07
-7.91013e-08 0.0040441 7.14655e-07
-7.91013e-08 0.0040441 7.19629e-07
-7.91013e-08 0.0040441 7.24604e-07
-7.91013e-08 0.00404409 7.29578e-07
-7.91013e-08 0.00404409 7.34552e-07
-7.91013e-08 0.00404409 7.39527e-07
-7.91013e-08 0.00404409 7.44501e-07
-7.91013e-08 0.00404409 7.49475e-07
-7.91013e-08 0.00404408 7.54449e-07
-7.91013e-08 0.00404408 7.59424e-07
-7.91013e-08 0.00404408 7.64398e-07
-7.91013e-08 0.00404408 7.69372e-07
-7.91013e-08 0.00404408 7.74347e-07
-7.91013e-08 0.00404408 7.79321e-07
-7.91013e-08 0.00404407 7.84295e-07
-7.91013e-08 0.00404407 7.89269e-07
-7.91013e-08 0.00404407 7.94244e-07
-7.91013e-08 0.00404407 7.99218e-07
-7.91013e-08 0.00404407 8.04192e-07
-7.91013e-08 0.00404406 8.09166e-07
-7.91013e-08 0.00404406 8.14141e-07
-7.91013e-08 0.00404406 8.19115e-07
-7.91013e-08 0.00404406 8.24089e-07
-7.91013e-08 0.00404406 8.29064e-07
-7.91013e-08 0.00404406 8.34038e-07
-7.91013e-08 0.00404405 8.39012e-07
-7.91013e-08 0.00404405 8.43986e-07
-7.91013e-08 0.00404405 8.48961e-07
-7.91013e-08 0.00404405 8.53935e-07
-7.91013e-08 0.00404405 8.58909e-07
-7.91013e-08 0.00404404 8.63884e-07
-7.91013e-08 0.00404404 8.68858e-07
-7.91013e-08 0.00404404 8.73832e-07
-7.91013e-08 0.00404404 8.78806e-07
-7.43854e-08 0.00404415 5.25632e-07
-7.43854e-08 0.00404415 5.30607e-07
-7.43854e-08 0.00404414 5.35581e-07
-7.43854e-08 0.00404414 5.40555e-07
-7.43854e-08 0.00404414 5.45529e-07
-7.43854e-08 0.00404414 5.50504e-07
-7.43854e-08 0.00404414 5.55478e-07
-7.43854e-08 0.00404413 5.60452e-07
-7.43854e-08 0.00404413 5.65427e-07
-7.43854e-08 0.00404413 5.70401e-07
-7.43854e-08 0.00404413 5.75375e-07
-7.43854e-08 0.00404413 5.80349e-07
-7.43854e-08 0.00404413 5.85324e-07
-7.43854e-08 0.00404412 5.90298e-07
-7.43854e-08 0.00404412 5.95272e-07
-7.43854e-08 0.00404412 6.00247e-07
-7.43854e-08 0.00404412 6.05221e-07
-7.43854e-08 0.00404412 6.10195e-07
-7.43854e-08 0.00404411 6.15169e-07
-7.43854e-08 0.00404411 6.20144e-07
-7.43854e-08 0.00404411 6.25118e-07
-7.43854e-08 0.00404411 6.30092e-07
-7.43854e-08 0.00404411 6.35067e-07
-7.43854e-08 0.00404411 6.40041e-07
-7.43854e-08 0.0040441 6.45015e-07
-7.43854e-08 0.0040441 6.49989e-07
-7.43854e-08 0.0040441 6.54964e-07
-7.43854e-08 0.0040441 6.59938e-07
-7.43854e-08 0.0040441 6.64912e-07
-7.43854e-08 0.00404409 6.69887e-07
-7.43854e-08 0.00404409 6.74861e-07
-7.43854e-08 0.00404409 6.79835e-07
-7.43854e-08 0.00404409 6.84809e-07
-7.43854e-08 0.00404409 6.89784e-07
-7.43854e-08 0.00404409 6.94758e-07
-7.43854e-08 0.00404408 6.99732e-07
-7.43854e-08 0.00404408 7.04707e-07
-7.43854e-08 0.00404408 7.09681e-07
-7.43854e-08 0.00404408 7.14655e-07
-7.43854e-08 0.00404408 7.19629e-07
-7.43854e-08 0.00404407 7.24604e-07
-7.43854e-08 0.00404407 7.29578e-07
-7.43854e-08 0.00404407 7.34552e-07
-7.43854e-08 0.00404407 7.39527e-07
-7.43854e-08 0.00404407 7.44501e-07
-7.43854e-08 0.00404407 7.49475e-07
-7.43854e-08 0.00404406 7.54449e-07
-7.43854e-08 0.00404406 7.59424e-07
-7.43854e-08 0.00404406 7.64398e-07
-7.43854e-08 0.00404406 7.69372e-07
-7.43854e-08 0.00404406 7.74347e-07
-7.43854e-08 0.00404405 7.79321e-07
-7.43854e-08 0.00404405 7.84295e-07
-7.43854e-08 0.00404405 7.89269e-07
-7.43854e-08 0.00404405 7.94244e-07
-7.43854e-08 0.00404405 7.99218e-07
-7.43854e-08 0.00404405 8.04192e-07
-7.43854e-08 0.00404404 8.09166e-07
-7.43854e-08 0.00404404 8.14141e-07
-7.43854e-08 0.00404404 8.19115e-07
-7.43854e-08 0.00404404 8.24089e-07
-7.43854e-08 0.00404404 8.29064e-07
-7.43854e-08 0.00404403 8.34038e-07
-7.43854e-08 0.00404403 8.39012e-07
-7.43854e-08 0.00404403 8.43986e-07
-7.43854e-08 0.00404403 8.48961e-07
-7.43854e-08 0.00404403 8.53935e-07
-7.43854e-08 0.00404403 8.58909e-07
-7.43854e-08 0.00404402 8.63884e-07
-7.43854e-08 0.00404402 8.68858e-07
-7.43854e-08 0.00404402 8.73832e-07
-7.43854e-08 0.00404402 8.78806e-07
-6.96695e-08 0.00404413 5.25632e-07
-6.96695e-08 0.00404412 5.30607e-07
-6.96695e-08 0.00404412 5.35581e-07
-6.96695e-08 0.00404412 5.40555e-07
-6.96695e-08 0.00404412 5.45529e-07
-6.96695e-08 0.00404412 5.50504e-07
-6.96695e-08 0.00404412 5.55478e-07
-6.96695e-08 0.00404411 5.60452e-07
-6.96695e-08 0.00404411 5.65427e-07
-6.96695e-08 0.00404411 5.70401e-07
-6.96695e-08 0.00404411 5.75375e-07
-6.96695e-08 0.00404411 5.80349e-07
-6.96695e-08 0.0040441 5.85324e-07
-6.96695e-08 0.0040441 5.90298e-07
-6.96695e-08 0.0040441 5.95272e-07
-6.96695e-08 0.0040441 6.00247e-07
-6.96695e-08 0.0040441 6.05221e-07
-6.96695e-08 0.00404409 6.10195e-07
-6.96695e-08 0.00404409 6.15169e-07
-6.96695e-08 0.00404409 6.20144e-07
-6.96695e-08 0.00404409 6.25118e-07
-6.96695e-08 0.00404409 6.30092e-07
-6.96695e-08 0.00404409 6.35067e-07
-6.96695e-08 0.00404408 6.40041e-07
-6.96695e-08 0.00404408 6.45015e-07
-6.96695e-08 0.00404408 6.49989e-07
-6.96695e-08 0.00404408 6.54964e-07
-6.96695e-08 0.00404408 6.59938e-07
-6.96695e-08 0.00404407 6.64912e-07
-6.96695e-08 0.00404407 6.69887e-07
-6.96695e-08 0.00404407 6.74861e-07
-6.96695e-08 0.00404407 6.79835e-07
-6.96695e-08 0.00404407 6.84809e-07
-6.96695e-08 0.00404407 6.89784e-07
-6.96695e-08 0.00404406 6.94758e-07
-6.96695e-08 0.00404406 6.99732e-07
-6.96695e-08 0.00404406 7.04707e-07
-6.96695e-08 0.00404406 7.09681e-07
-6.96695e-08 0.00404406 7.14655e-07
-6.96695e-08 0.00404405 7.19629e-07
-6.96695e-08 0.00404405 7.24604e-07
-6.96695e-08 0.00404405 7.29578e-07
-6.96695e-08 0.00404405 7.34552e-07
-6.96695e-08 0.00404405 7.39527e-07
-6.96695e-08 0.00404405 7.44501e-07
-6.96695e-08 0.00404404 7.49475e-07
-6.96695e-08 0.00404404 7.54449e-07
-6.96695e-08 0.00404404 7.59424e-07
-6.96695e-08 0.00404404 7.64398e-07
-6.96695e-08 0.00404404 7.69372e-07
-6.96695e-08 0.00404403 7.74347e-07
-6.96695e-08 0.00404403 7.79321e-07
-6.96695e-08 0.00404403 7.84295e-07
-6.96695e-08 0.00404403 7.89269e-07
-6.96695e-08 0.00404403 7.94244e-07
-6.96695e-08 0.00404403 7.99218e-07
-6.96695e-08 0.00404402 8.04192e-07
-6.96695e-08 0.00404402 8.09166e-07
-6.96695e-08 0.00404402 8.14141e-07
-6.96695e-08 0.00404402 8.19115e-07
-6.96695e-08 0.00404402 8.24089e-07
-6.96695e-08 0.00404401 8.29064e-07
-6.96695e-08 0.00404401 8.34038e-07
-6.96695e-08 0.00404401 8.39012e-07
-6.96695e-08 0.00404401 8.43986e-07
-6.96695e-08 0.00404401 8.48961e-07
-6.96695e-08 0.00404401 8.53935e-07
-6.96695e-08 0.004044 8.58909e-07
-6.96695e-08 0.004044 8.63884e-07
-6.96695e-08 0.004044 8.68858e-07
-6.96695e-08 0.004044 8.73832e-07
-6.96695e-08 0.004044 8.78806e-07
-6.49537e-08 0.0040441 5.25632e-07
-6.49537e-08 0.0040441 5.30607e-07
-6.49537e-08 0.0040441 5.35581e-07
-6.49537e-08 0.0040441 5.40555e-07
-6.49537e-08 0.0040441 5.45529e-07
-6.49537e-08 0.0040441 5.50504e-07
-6.49537e-08 0.00404409 5.55478e-07
-6.49537e-08 0.00404409 5.60452e-07
-6.49537e-08 0.00404409 5.65427e-07
-6.49537e-08 0.00404409 5.70401e-07
-6.49537e-08 0.00404409 5.75375e-07
-6.49537e-08 0.00404408 5.80349e-07
-6.49537e-08 0.00404408 5.85324e-07
-6.49537e-08 0.00404408 5.90298e-07
-6.49537e-08 0.00404408 5.95272e-07
-6.49537e-08 0.00404408 6.00247e-07
-6.49537e-08 0.00404408 6.05221e-07
-6.49537e-08 0.00404407 6.10195e-07
-6.49537e-08 0.00404407 6.15169e-07
-6.49537e-08 0.00404407 6.20144e-07
-6.49537e-08 0.00404407 6.25118e-07
-6.49537e-08 0.00404407 6.30092e-07
-6.49537e-08 0.00404406 6.35067e-07
-6.49537e-08 0.00404406 6.40041e-07
-6.49537e-08 0.00404406 6.45015e-07
-6.49537e-08 0.00404406 6.49989e-07
-6.49537e-08 0.00404406 6.54964e-07
-6.49537e-08 0.00404406 6.59938e-07
-6.49537e-08 0.00404405 6.64912e-07
-6.49537e-08 0.00404405 6.69887e-07
-6.49537e-08 0.00404405 6.74861e-07
-6.49537e-08 0.00404405 6.79835e-07
-6.49537e-08 0.00404405 6.84809e-07
-6.49537e-08 0.00404404 6.89784e-07
-6.49537e-08 0.00404404 6.94758e-07
-6.49537e-08 0.00404404 6.99732e-07
-6.49537e-08 0.00404404 7.04707e-07
-6.49537e-08 0.00404404 7.09681e-07
-6.49537e-08 0.00404403 7.14655e-07
-6.49537e-08 0.00404403 7.19629e-07
-6.49537e-08 0.00404403 7.24604e-07
-6.49537e-08 0.00404403 7.29578e-07
-6.49537e-08 0.00404403 7.34552e-07
-6.49537e-08 0.00404403 7.39527e-07
-6.49537e-08 0.00404402 7.44501e-07
-6.49537e-08 0.00404402 7.49475e-07
-6.49537e-08 0.00404402 7.54449e-07
-6.49537e-08 0.00404402 7.59424e-07
-6.49537e-08 0.00404402 7.64398e-07
-6.49537e-08 0.00404401 7.69372e-07
-6.49537e-08 0.00404401 7.74347e-07
-6.49537e-08 0.00404401 7.79321e-07
-6.49537e-08 0.00404401 7.84295e-07
-6.49537e-08 0.00404401 7.89269e-07
-6.49537e-08 0.00404401 7.94244e-07
-6.49537e-08 0.004044 7.99218e-07
-6.49537e-08 0.004044 8.04192e-07
-6.49537e-08 0.004044 8.09166e-07
-6.49537e-08 0.004044 8.14141e-07
-6.49537e-08 0.004044 8.19115e-07
-6.49537e-08 0.00404399 8.24089e-07
-6.49537e-08 0.00404399 8.29064e-07
-6.49537e-08 0.00404399 8.34038e-07
-6.49537e-08 0.00404399 8.39012e-07
-6.49537e-08 0.00404399 8.43986e-07
-6.49537e-08 0.00404399 8.48961e-07
-6.49537e-08 0.00404398 8.53935e-07
-6.49537e-08 0.00404398 8.58909e-07
-6.49537e-08 0.00404398 8.63884e-07
-6.49537e-08 0.00404398 8.68858e-07
-6.49537e-08 0.00404398 8.73832e-07
-6.49537e-08 0.00404397 8.78806e-07
-6.02378e-08 0.00404408 5.25632e-07
-6.02378e-08 0.00404408 5.30607e-07
-6.02378e-08 0.00404408 5.35581e-07
-6.02378e-08 0.00404408 5.40555e-07
-6.02378e-08 0.00404408 5.45529e-07
-6.02378e-08 0.00404407 5.50504e-07
-6.02378e-08 0.00404407 5.55478e-07
-6.02378e-08 0.00404407 5.60452e-07
-6.02378e-08 0.00404407 5.65427e-07
-6.02378e-08 0.00404407 5.70401e-07
-6.02378e-08 0.00404406 5.75375e-07
-6.02378e-08 0.00404406 5.80349e-07
-6.02378e-08 0.00404406 5.85324e-07
-6.02378e-08 0.00404406 5.90298e-07
-6.02378e-08 0.00404406 5.95272e-07
-6.02378e-08 0.00404406 6.00247e-07
-6.02378e-08 0.00404405 6.05221e-07
-6.02378e-08 0.00404405 6.10195e-07
-6.02378e-08 0.00404405 6.15169e-07
-6.02378e-08 0.00404405 6.20144e-07
-6.02378e-08 0.00404405 6.25118e-07
-6.02378e-08 0.00404404 6.30092e-07
-6.02378e-08 0.00404404 6.35067e-07
-6.02378e-08 0.00404404 6.40041e-07
-6.02378e-08 0.00404404 6.45015e-07
-6.02378e-08 0.00404404 6.49989e-07
-6.02378e-08 0.00404404 6.54964e-07
-6.02378e-08 0.00404403 6.59938e-07
-6.02378e-08 0.00404403 6.64912e-07
-6.02378e-08 0.00404403 6.69887e-07
-6.02378e-08 0.00404403 6.74861e-07
-6.02378e-08 0.00404403 6.79835e-07
-6.02378e-08 0.00404402 6.84809e-07
-6.02378e-08 0.00404402 6.89784e-07
-6.02378e-08 0.00404402 6.94758e-07
-6.02378e-08 0.00404402 6.99732e-07
-6.02378e-08 0.00404402 7.04707e-07
-6.02378e-08 0.00404402 7.09681e-07
-6.02378e-08 0.00404401 7.14655e-07
-6.02378e-08 0.00404401 7.19629e-07
-6.02378e-08 0.00404401 7.24604e-07
-6.02378e-08 0.00404401 7.29578e-07
-6.02378e-08 0.00404401 7.34552e-07
-6.02378e-08 0.004044 7.39527e-07
-6.02378e-08 0.004044 7.44501e-07
-6.02378e-08 0.004044 7.49475e-07
-6.02378e-08 0.004044 7.54449e-07
-6.02378e-08 0.004044 7.59424e-07
-6.02378e-08 0.004044 7.64398e-07
-6.02378e-08 0.00404399 7.69372e-07
-6.02378e-08 0.00404399 7.74347e-07
-6.02378e-08 0.00404399 7.79321e-07
-6.02378e-08 0.00404399 7.84295e-07
-6.02378e-08 0.00404399 7.89269e-07
-6.02378e-08 0.00404398 7.94244e-07
-6.02378e-08 0.00404398 7.99218e-07
-6.02378e-08 0.00404398 8.04192e-07
-6.02378e-08 0.00404398 8.09166e-07
-6.02378e-08 0.00404398 8.14141e-07
-6.02378e-08 0.00404398 8.19115e-07
-6.02378e-08 0.00404397 8.24089e-07
-6.02378e-08 0.00404397 8.29064e-07
-6.02378e-08 0.00404397 8.34038e-07
-6.02378e-08 0.00404397 8.39012e-07
-6.02378e-08 0.00404397 8.43986e-07
-6.02378e-08 0.00404396 8.48961e-07
-6.02378e-08 0.00404396 8.53935e-07
-6.02378e-08 0.00404396 8.58909e-07
-6.02378e-08 0.00404396 8.63884e-07
-6.02378e-08 0.00404396 8.68858e-07
-6.02378e-08 0.00404396 8.73832e-07
-6.02378e-08 0.00404395 8.78806e-07
-5.2881e-08 0.00404392 8.83781e-07
-5.55219e-08 0.00404393 8.83781e-07
-5.2881e-08 0.00404392 8.78806e-07
-5.55219e-08 0.00404393 8.78806e-07
-5.2881e-08 0.00404392 8.73832e-07
-5.55219e-08 0.00404393 8.73832e-07
-5.2881e-08 0.00404392 8.68858e-07
-5.55219e-08 0.00404394 8.68858e-07
-5.2881e-08 0.00404393 8.63884e-07
-5.55219e-08 0.00404394 8.63884e-07
-5.2881e-08 0.00404393 8.58909e-07
-5.55219e-08 0.00404394 8.58909e-07
-5.2881e-08 0.00404393 8.53935e-07
-5.55219e-08 0.00404394 8.53935e-07
-5.2881e-08 0.00404393 8.48961e-07
-5.55219e-08 0.00404394 8.48961e-07
-5.2881e-08 0.00404393 8.43986e-07
-5.55219e-08 0.00404395 8.43986e-07
-5.2881e-08 0.00404393 8.39012e-07
-5.55219e-08 0.00404395 8.39012e-07
-5.2881e-08 0.00404394 8.34038e-07
-5.55219e-08 0.00404395 8.34038e-07
-5.2881e-08 0.00404394 8.29064e-07
-5.55219e-08 0.00404395 8.29064e-07
-5.2881e-08 0.00404394 8.24089e-07
-5.55219e-08 0.00404395 8.24089e-07
-5.2881e-08 0.00404394 8.19115e-07
-5.55219e-08 0.00404395 8.19115e-07
-5.2881e-08 0.00404394 8.14141e-07
-5.55219e-08 0.00404396 8.14141e-07
-5.2881e-08 0.00404395 8.09166e-07
-5.55219e-08 0.00404396 8.09166e-07
-5.2881e-08 0.00404395 8.04192e-07
-5.55219e-08 0.00404396 8.04192e-07
-5.2881e-08 0.00404395 7.99218e-07
-5.55219e-08 0.00404396 7.99218e-07
-5.2881e-08 0.00404395 7.94244e-07
-5.55219e-08 0.00404396 7.94244e-07
-5.2881e-08 0.00404395 7.89269e-07
-5.55219e-08 0.00404397 7.89269e-07
-5.2881e-08 0.00404395 7.84295e-07
-5.55219e-08 0.00404397 7.84295e-07
-5.2881e-08 0.00404396 7.79321e-07
-5.55219e-08 0.00404397 7.79321e-07
-5.2881e-08 0.00404396 7.74347e-07
-5.55219e-08 0.00404397 7.74347e-07
-5.2881e-08 0.00404396 7.69372e-07
-5.55219e-08 0.00404397 7.69372e-07
-5.2881e-08 0.00404396 7.64398e-07
-5.55219e-08 0.00404397 7.64398e-07
-5.2881e-08 0.00404396 7.59424e-07
-5.55219e-08 0.00404398 7.59424e-07
-5.2881e-08 0.00404397 7.54449e-07
-5.55219e-08 0.00404398 7.54449e-07
-5.2881e-08 0.00404397 7.49475e-07
-5.55219e-08 0.00404398 7.49475e-07
-5.2881e-08 0.00404397 7.44501e-07
-5.55219e-08 0.00404398 7.44501e-07
-5.2881e-08 0.00404397 7.39527e-07
-5.55219e-08 0.00404398 7.39527e-07
-5.2881e-08 0.00404397 7.34552e-07
-5.55219e-08 0.00404399 7.34552e-07
-5.2881e-08 0.00404397 7.29578e-07
-5.55219e-08 0.00404399 7.29578e-07
-5.2881e-08 0.00404398 7.24604e-07
-5.55219e-08 0.00404399 7.24604e-07
-5.2881e-08 0.00404398 7.19629e-07
-5.55219e-08 0.00404399 7.19629e-07
-5.2881e-08 0.00404398 7.14655e-07
-5.55219e-08 0.00404399 7.14655e-07
-5.2881e-08 0.00404398 7.09681e-07
-5.55219e-08 0.00404399 7.09681e-07
-5.2881e-08 0.00404398 7.04707e-07
-5.55219e-08 0.004044 7.04707e-07
-5.2881e-08 0.00404399 6.99732e-07
-5.55219e-08 0.004044 6.99732e-07
-5.2881e-08 0.00404399 6.94758e-07
-5.55219e-08 0.004044 6.94758e-07
-5.2881e-08 0.00404399 6.89784e-07
-5.55219e-08 0.004044 6.89784e-07
-5.2881e-08 0.00404399 6.84809e-07
-5.55219e-08 0.004044 6.84809e-07
-5.2881e-08 0.00404399 6.79835e-07
-5.55219e-08 0.00404401 6.79835e-07
-5.2881e-08 0.00404399 6.74861e-07
-5.55219e-08 0.00404401 6.74861e-07
-5.2881e-08 0.004044 6.69887e-07
-5.55219e-08 0.00404401 6.69887e-07
-5.2881e-08 0.004044 6.64912e-07
-5.55219e-08 0.00404401 6.64912e-07
-5.2881e-08 0.004044 6.59938e-07
-5.55219e-08 0.00404401 6.59938e-07
-5.2881e-08 0.004044 6.54964e-07
-5.55219e-08 0.00404401 6.54964e-07
-5.2881e-08 0.004044 6.49989e-07
-5.55219e-08 0.00404402 6.49989e-07
-5.2881e-08 0.00404401 6.45015e-07
-5.55219e-08 0.00404402 6.45015e-07
-5.2881e-08 0.00404401 6.40041e-07
-5.55219e-08 0.00404402 6.40041e-07
-5.2881e-08 0.00404401 6.35067e-07
-5.55219e-08 0.00404402 6.35067e-07
-5.2881e-08 0.00404401 6.30092e-07
-5.55219e-08 0.00404402 6.30092e-07
-5.2881e-08 0.00404401 6.25118e-07
-5.55219e-08 0.00404403 6.25118e-07
-5.2881e-08 0.00404401 6.20144e-07
-5.55219e-08 0.00404403 6.20144e-07
-5.2881e-08 0.00404402 6.15169e-07
-5.55219e-08 0.00404403 6.15169e-07
-5.2881e-08 0.00404402 6.10195e-07
-5.55219e-08 0.00404403 6.10195e-07
-5.2881e-08 0.00404402 6.05221e-07
-5.55219e-08 0.00404403 6.05221e-07
-5.2881e-08 0.00404402 6.00247e-07
-5.55219e-08 0.00404403 6.00247e-07
-5.2881e-08 0.00404402 5.95272e-07
-5.55219e-08 0.00404404 5.95272e-07
-5.2881e-08 0.00404403 5.90298e-07
-5.55219e-08 0.00404404 5.90298e-07
-5.2881e-08 0.00404403 5.85324e-07
-5.55219e-08 0.00404404 5.85324e-07
-5.2881e-08 0.00404403 5.80349e-07
-5.55219e-08 0.00404404 5.80349e-07
-5.2881e-08 0.00404403 5.75375e-07
-5.55219e-08 0.00404404 5.75375e-07
-5.2881e-08 0.00404403 5.70401e-07
-5.55219e-08 0.00404405 5.70401e-07
-5.2881e-08 0.00404403 5.65427e-07
-5.55219e-08 0.00404405 5.65427e-07
-5.2881e-08 0.00404404 5.60452e-07
-5.55219e-08 0.00404405 5.60452e-07
-5.2881e-08 0.00404404 5.55478e-07
-5.55219e-08 0.00404405 5.55478e-07
-5.2881e-08 0.00404404 5.50504e-07
-5.55219e-08 0.00404405 5.50504e-07
-5.2881e-08 0.00404404 5.45529e-07
-5.55219e-08 0.00404405 5.45529e-07
-5.2881e-08 0.00404404 5.40555e-07
-5.55219e-08 0.00404406 5.40555e-07
-5.2881e-08 0.00404405 5.35581e-07
-5.55219e-08 0.00404406 5.35581e-07
-5.2881e-08 0.00404405 5.30607e-07
-5.55219e-08 0.00404406 5.30607e-07
-5.2881e-08 0.00404405 5.25632e-07
-5.55219e-08 0.00404406 5.25632e-07
-5.2881e-08 0.00404405 5.20658e-07
-5.55219e-08 0.00404406 5.20658e-07
-8.8533e-08 0.00404408 8.83781e-07
-9.11739e-08 0.00404409 8.83781e-07
-8.8533e-08 0.00404408 8.78806e-07
-9.11739e-08 0.00404409 8.78806e-07
-8.8533e-08 0.00404408 8.73832e-07
-9.11739e-08 0.0040441 8.73832e-07
-8.8533e-08 0.00404409 8.68858e-07
-9.11739e-08 0.0040441 8.68858e-07
-8.8533e-08 0.00404409 8.63884e-07
-9.11739e-08 0.0040441 8.63884e-07
-8.8533e-08 0.00404409 8.58909e-07
-9.11739e-08 0.0040441 8.58909e-07
-8.8533e-08 0.00404409 8.53935e-07
-9.11739e-08 0.0040441 8.53935e-07
-8.8533e-08 0.00404409 8.48961e-07
-9.11739e-08 0.00404411 8.48961e-07
-8.8533e-08 0.0040441 8.43986e-07
-9.11739e-08 0.00404411 8.43986e-07
-8.8533e-08 0.0040441 8.39012e-07
-9.11739e-08 0.00404411 8.39012e-07
-8.8533e-08 0.0040441 8.34038e-07
-9.11739e-08 0.00404411 8.34038e-07
-8.8533e-08 0.0040441 8.29064e-07
-9.11739e-08 0.00404411 8.29064e-07
-8.8533e-08 0.0040441 8.24089e-07
-9.11739e-08 0.00404411 8.24089e-07
-8.8533e-08 0.0040441 8.19115e-07
-9.11739e-08 0.00404412 8.19115e-07
-8.8533e-08 0.00404411 8.14141e-07
-9.11739e-08 0.00404412 8.14141e-07
-8.8533e-08 0.00404411 8.09166e-07
-9.11739e-08 0.00404412 8.09166e-07
-8.8533e-08 0.00404411 8.04192e-07
-9.11739e-08 0.00404412 8.04192e-07
-8.8533e-08 0.00404411 7.99218e-07
-9.11739e-08 0.00404412 7.99218e-07
-8.8533e-08 0.00404411 7.94244e-07
-9.11739e-08 0.00404413 7.94244e-07
-8.8533e-08 0.00404412 7.89269e-07
-9.11739e-08 0.00404413 7.89269e-07
-8.8533e-08 0.00404412 7.84295e-07
-9.11739e-08 0.00404413 7.84295e-07
-8.8533e-08 0.00404412 7.79321e-07
-9.11739e-08 0.00404413 7.79321e-07
-8.8533e-08 0.00404412 7.74347e-07
-9.11739e-08 0.00404413 7.74347e-07
-8.8533e-08 0.00404412 7.69372e-07
-9.11739e-08 0.00404413 7.69372e-07
-8.8533e-08 0.00404412 7.64398e-07
-9.11739e-08 0.00404414 7.64398e-07
-8.8533e-08 0.00404413 7.59424e-07
-9.11739e-08 0.00404414 7.59424e-07
-8.8533e-08 0.00404413 7.54449e-07
-9.11739e-08 0.00404414 7.54449e-07
-8.8533e-08 0.00404413 7.49475e-07
-9.11739e-08 0.00404414 7.49475e-07
-8.8533e-08 0.00404413 7.44501e-07
-9.11739e-08 0.00404414 7.44501e-07
-8.8533e-08 0.00404413 7.39527e-07
-9.11739e-08 0.00404415 7.39527e-07
-8.8533e-08 0.00404414 7.34552e-07
-9.11739e-08 0.00404415 7.34552e-07
-8.8533e-08 0.00404414 7.29578e-07
-9.11739e-08 0.00404415 7.29578e-07
-8.8533e-08 0.00404414 7.24604e-07
-9.11739e-08 0.00404415 7.24604e-07
-8.8533e-08 0.00404414 7.19629e-07
-9.11739e-08 0.00404415 7.19629e-07
-8.8533e-08 0.00404414 7.14655e-07
-9.11739e-08 0.00404415 7.14655e-07
-8.8533e-08 0.00404414 7.09681e-07
-9.11739e-08 0.00404416 7.09681e-07
-8.8533e-08 0.00404415 7.04707e-07
-9.11739e-08 0.00404416 7.04707e-07
-8.8533e-08 0.00404415 6.99732e-07
-9.11739e-08 0.00404416 6.99732e-07
-8.8533e-08 0.00404415 6.94758e-07
-9.11739e-08 0.00404416 6.94758e-07
-8.8533e-08 0.00404415 6.89784e-07
-9.11739e-08 0.00404416 6.89784e-07
-8.8533e-08 0.00404415 6.84809e-07
-9.11739e-08 0.00404417 6.84809e-07
-8.8533e-08 0.00404416 6.79835e-07
-9.11739e-08 0.00404417 6.79835e-07
-8.8533e-08 0.00404416 6.74861e-07
-9.11739e-08 0.00404417 6.74861e-07
-8.8533e-08 0.00404416 6.69887e-07
-9.11739e-08 0.00404417 6.69887e-07
-8.8533e-08 0.00404416 6.64912e-07
-9.11739e-08 0.00404417 6.64912e-07
-8.8533e-08 0.00404416 6.59938e-07
-9.11739e-08 0.00404417 6.59938e-07
-8.8533e-08 0.00404416 6.54964e-07
-9.11739e-08 0.00404418 6.54964e-07
-8.8533e-08 0.00404417 6.49989e-07
-9.11739e-08 0.00404418 6.49989e-07
-8.8533e-08 0.00404417 6.45015e-07
-9.11739e-08 0.00404418 6.45015e-07
-8.8533e-08 0.00404417 6.40041e-07
-9.11739e-08 0.00404418 6.40041e-07
-8.8533e-08 0.00404417 6.35067e-07
-9.11739e-08 0.00404418 6.35067e-07
-8.8533e-08 0.00404417 6.30092e-07
-9.11739e-08 0.00404419 6.30092e-07
-8.8533e-08 0.00404418 6.25118e-07
-9.11739e-08 0.00404419 6.25118e-07
-8.8533e-08 0.00404418 6.20144e-07
-9.11739e-08 0.00404419 6.20144e-07
-8.8533e-08 0.00404418 6.15169e-07
-9.11739e-08 0.00404419 6.15169e-07
-8.8533e-08 0.00404418 6.10195e-07
-9.11739e-08 0.00404419 6.10195e-07
-8.8533e-08 0.00404418 6.05221e-07
-9.11739e-08 0.00404419 6.05221e-07
-8.8533e-08 0.00404418 6.00247e-07
-9.11739e-08 0.0040442 6.00247e-07
-8.8533e-08 0.00404419 5.95272e-07
-9.11739e-08 0.0040442 5.95272e-07
-8.8533e-08 0.00404419 5.90298e-07
-9.11739e-08 0.0040442 5.90298e-07
-8.8533e-08 0.00404419 5.85324e-07
-9.11739e-08 0.0040442 5.85324e-07
-8.8533e-08 0.00404419 5.80349e-07
-9.11739e-08 0.0040442 5.80349e-07
-8.8533e-08 0.00404419 5.75375e-07
-9.11739e-08 0.00404421 5.75375e-07
-8.8533e-08 0.0040442 5.70401e-07
-9.11739e-08 0.00404421 5.70401e-07
-8.8533e-08 0.0040442 5.65427e-07
-9.11739e-08 0.00404421 5.65427e-07
-8.8533e-08 0.0040442 5.60452e-07
-9.11739e-08 0.00404421 5.60452e-07
-8.8533e-08 0.0040442 5.55478e-07
-9.11739e-08 0.00404421 5.55478e-07
-8.8533e-08 0.0040442 5.50504e-07
-9.11739e-08 0.00404421 5.50504e-07
-8.8533e-08 0.0040442 5.45529e-07
-9.11739e-08 0.00404422 5.45529e-07
-8.8533e-08 0.00404421 5.40555e-07
-9.11739e-08 0.00404422 5.40555e-07
-8.8533e-08 0.00404421 5.35581e-07
-9.11739e-08 0.00404422 5.35581e-07
-8.8533e-08 0.00404421 5.30607e-07
-9.11739e-08 0.00404422 5.30607e-07
-8.8533e-08 0.00404421 5.25632e-07
-9.11739e-08 0.00404422 5.25632e-07
-8.8533e-08 0.00404421 5.20658e-07
-9.11739e-08 0.00404423 5.20658e-07
