-3.90485e-08 0.00408539 -5.05943e-08
-3.90485e-08 0.00408542 2.09785e-07
-6.27194e-08 0.00408537 -5.05943e-08
-6.27194e-08 0.0040854 2.09785e-07
-3.90485e-08 0.00408539 -4.70275e-08
-3.90485e-08 0.00408539 -4.34606e-08
-3.90485e-08 0.00408539 -3.98938e-08
-3.90485e-08 0.00408539 -3.6327e-08
-3.90485e-08 0.00408539 -3.27601e-08
-3.90485e-08 0.00408539 -2.91933e-08
-3.90485e-08 0.00408539 -2.56264e-08
-3.90485e-08 0.00408539 -2.20596e-08
-3.90485e-08 0.00408539 -1.84927e-08
-3.90485e-08 0.00408539 -1.49259e-08
-3.90485e-08 0.00408539 -1.13591e-08
-3.90485e-08 0.0040854 -7.79222e-09
-3.90485e-08 0.0040854 -4.22537e-09
-3.90485e-08 0.0040854 -6.58531e-10
-3.90485e-08 0.0040854 2.90831e-09
-3.90485e-08 0.0040854 6.47516e-09
-3.90485e-08 0.0040854 1.0042e-08
-3.90485e-08 0.0040854 1.36088e-08
-3.90485e-08 0.0040854 1.71757e-08
-3.90485e-08 0.0040854 2.07425e-08
-3.90485e-08 0.0040854 2.43094e-08
-3.90485e-08 0.0040854 2.78762e-08
-3.90485e-08 0.0040854 3.14431e-08
-3.90485e-08 0.0040854 3.50099e-08
-3.90485e-08 0.0040854 3.85767e-08
-3.90485e-08 0.0040854 4.21436e-08
-3.90485e-08 0.0040854 4.57104e-08
-3.90485e-08 0.0040854 4.92773e-08
-3.90485e-08 0.0040854 5.28441e-08
-3.90485e-08 0.0040854 5.6411e-08
-3.90485e-08 0.0040854 5.99778e-08
-3.90485e-08 0.0040854 6.35446e-08
-3.90485e-08 0.0040854 6.71115e-08
-3.90485e-08 0.0040854 7.06783e-08
-3.90485e-08 0.0040854 7.42452e-08
-3.90485e-08 0.0040854 7.7812e-08
-3.90485e-08 0.0040854 8.13789e-08
-3.90485e-08 0.0040854 8.49457e-08
-3.90485e-08 0.0040854 8.85125e-08
-3.90485e-08 0.00408541 9.20794e-08
-3.90485e-08 0.00408541 9.56462e-08
-3.90485e-08 0.00408541 9.92131e-08
-3.90485e-08 0.00408541 1.0278e-07
-3.90485e-08 0.00408541 1.06347e-07
-3.90485e-08 0.00408541 1.09914e-07
-3.90485e-08 0.00408541 1.1348e-07
-3.90485e-08 0.00408541 1.17047e-07
-3.90485e-08 0.00408541 1.20614e-07
-3.90485e-08 0.00408541 1.24181e-07
-3.90485e-08 0.00408541 1.27748e-07
-3.90485e-08 0.00408541 1.31315e-07
-3.90485e-08 0.00408541 1.34882e-07
-3.90485e-08 0.00408541 1.38448e-07
-3.90485e-08 0.00408541 1.42015e-07
-3.90485e-08 0.00408541 1.45582e-07
-3.90485e-08 0.00408541 1.49149e-07
-3.90485e-08 0.00408541 1.52716e-07
-3.90485e-08 0.00408541 1.56283e-07
-3.90485e-08 0.00408541 1.59849e-07
-3.90485e-08 0.00408541 1.63416e-07
-3.90485e-08 0.00408541 1.66983e-07
-3.90485e-08 0.00408541 1.7055e-07
-3.90485e-08 0.00408541 1.74117e-07
-3.90485e-08 0.00408541 1.77684e-07
-3.90485e-08 0.00408541 1.8125e-07
-3.90485e-08 0.00408542 1.84817e-07
-3.90485e-08 0.00408542 1.88384e-07
-3.90485e-08 0.00408542 1.91951e-07
-3.90485e-08 0.00408542 1.95518e-07
-3.90485e-08 0.00408542 1.99085e-07
-3.90485e-08 0.00408542 2.02652e-07
-3.90485e-08 0.00408542 2.06218e-07
-4.24301e-08 0.00408541 2.09785e-07
-4.58116e-08 0.00408541 2.09785e-07
-4.91932e-08 0.00408541 2.09785e-07
-5.25747e-08 0.00408541 2.09785e-07
-5.59563e-08 0.0040854 2.09785e-07
-5.93379e-08 0.0040854 2.09785e-07
-4.24301e-08 0.00408539 -5.05943e-08
-4.58116e-08 0.00408538 -5.05943e-08
-4.91932e-08 0.00408538 -5.05943e-08
-5.25747e-08 0.00408538 -5.05943e-08
-5.59563e-08 0.00408538 -5.05943e-08
-5.93379e-08 0.00408537 -5.05943e-08
-6.27194e-08 0.0040854 2.06218e-07
-6.27194e-08 0.0040854 2.02652e-07
-6.27194e-08 0.0040854 1.99085e-07
-6.27194e-08 0.0040854 1.95518e-07
-6.27194e-08 0.00408539 1.91951e-07
-6.27194e-08 0.00408539 1.88384e-07
-6.27194e-08 0.00408539 1.84817e-07
-6.27194e-08 0.00408539 1.8125e-07
-6.27194e-08 0.00408539 1.77684e-07
-6.27194e-08 0.00408539 1.74117e-07
-6.27194e-08 0.00408539 1.7055e-07
-6.27194e-08 0.00408539 1.66983e-07
-6.27194e-08 0.00408539 1.63416e-07
-6.27194e-08 0.00408539 1.59849e-07
-6.27194e-08 0.00408539 1.56283e-07
-6.27194e-08 0.00408539 1.52716e-07
-6.27194e-08 0.00408539 1.49149e-07
-6.27194e-08 0.00408539 1.45582e-07
-6.27194e-08 0.00408539 1.42015e-07
-6.27194e-08 0.00408539 1.38448e-07
-6.27194e-08 0.00408539 1.34882e-07
-6.27194e-08 0.00408539 1.31315e-07
-6.27194e-08 0.00408539 1.27748e-07
-6.27194e-08 0.00408539 1.24181e-07
-6.27194e-08 0.00408539 1.20614e-07
-6.27194e-08 0.00408539 1.17047e-07
-6.27194e-08 0.00408539 1.1348e-07
-6.27194e-08 0.00408539 1.09914e-07
-6.27194e-08 0.00408539 1.06347e-07
-6.27194e-08 0.00408539 1.0278e-07
-6.27194e-08 0.00408539 9.92131e-08
-6.27194e-08 0.00408538 9.56462e-08
-6.27194e-08 0.00408538 9.20794e-08
-6.27194e-08 0.00408538 8.85125e-08
-6.27194e-08 0.00408538 8.49457e-08
-6.27194e-08 0.00408538 8.13789e-08
-6.27194e-08 0.00408538 7.7812e-08
-6.27194e-08 0.00408538 7.42452e-08
-6.27194e-08 0.00408538 7.06783e-08
-6.27194e-08 0.00408538 6.71115e-08
-6.27194e-08 0.00408538 6.35446e-08
-6.27194e-08 0.00408538 5.99778e-08
-6.27194e-08 0.00408538 5.6411e-08
-6.27194e-08 0.00408538 5.28441e-08
-6.27194e-08 0.00408538 4.92773e-08
-6.27194e-08 0.00408538 4.57104e-08
-6.27194e-08 0.00408538 4.21436e-08
-6.27194e-08 0.00408538 3.85767e-08
-6.27194e-08 0.00408538 3.50099e-08
-6.27194e-08 0.00408538 3.14431e-08
-6.27194e-08 0.00408538 2.78762e-08
-6.27194e-08 0.00408538 2.43094e-08
-6.27194e-08 0.00408538 2.07425e-08
-6.27194e-08 0.00408538 1.71757e-08
-6.27194e-08 0.00408538 1.36088e-08
-6.27194e-08 0.00408538 1.0042e-08
-6.27194e-08 0.00408538 6.47516e-09
-6.27194e-08 0.00408537 2.90831e-09
-6.27194e-08 0.00408537 -6.58531e-10
-6.27194e-08 0.00408537 -4.22537e-09
-6.27194e-08 0.00408537 -7.79222e-09
-6.27194e-08 0.00408537 -1.13591e-08
-6.27194e-08 0.00408537 -1.49259e-08
-6.27194e-08 0.00408537 -1.84927e-08
-6.27194e-08 0.00408537 -2.20596e-08
-6.27194e-08 0.00408537 -2.56264e-08
-6.27194e-08 0.00408537 -2.91933e-08
-6.27194e-08 0.00408537 -3.27601e-08
-6.27194e-08 0.00408537 -3.6327e-08
-6.27194e-08 0.00408537 -3.98938e-08
-6.27194e-08 0.00408537 -4.34606e-08
-6.27194e-08 0.00408537 -4.70275e-08
-4.24301e-08 0.00408541 2.06218e-07
-4.24301e-08 0.00408541 2.02652e-07
-4.24301e-08 0.00408541 1.99085e-07
-4.24301e-08 0.00408541 1.95518e-07
-4.24301e-08 0.00408541 1.91951e-07
-4.24301e-08 0.00408541 1.88384e-07
-4.24301e-08 0.00408541 1.84817e-07
-4.24301e-08 0.00408541 1.8125e-07
-4.24301e-08 0.00408541 1.77684e-07
-4.24301e-08 0.00408541 1.74117e-07
-4.24301e-08 0.00408541 1.7055e-07
-4.24301e-08 0.00408541 1.66983e-07
-4.24301e-08 0.00408541 1.63416e-07
-4.24301e-08 0.00408541 1.59849e-07
-4.24301e-08 0.00408541 1.56283e-07
-4.24301e-08 0.00408541 1.52716e-07
-4.24301e-08 0.00408541 1.49149e-07
-4.24301e-08 0.00408541 1.45582e-07
-4.24301e-08 0.00408541 1.42015e-07
-4.24301e-08 0.00408541 1.38448e-07
-4.24301e-08 0.00408541 1.34882e-07
-4.24301e-08 0.00408541 1.31315e-07
-4.24301e-08 0.00408541 1.27748e-07
-4.24301e-08 0.00408541 1.24181e-07
-4.24301e-08 0.00408541 1.20614e-07
-4.24301e-08 0.0040854 1.17047e-07
-4.24301e-08 0.0040854 1.1348e-07
-4.24301e-08 0.0040854 1.09914e-07
-4.24301e-08 0.0040854 1.06347e-07
-4.24301e-08 0.0040854 1.0278e-07
-4.24301e-08 0.0040854 9.92131e-08
-4.24301e-08 0.0040854 9.56462e-08
-4.24301e-08 0.0040854 9.20794e-08
-4.24301e-08 0.0040854 8.85125e-08
-4.24301e-08 0.0040854 8.49457e-08
-4.24301e-08 0.0040854 8.13789e-08
-4.24301e-08 0.0040854 7.7812e-08
-4.24301e-08 0.0040854 7.42452e-08
-4.24301e-08 0.0040854 7.06783e-08
-4.24301e-08 0.0040854 6.71115e-08
-4.24301e-08 0.0040854 6.35446e-08
-4.24301e-08 0.0040854 5.99778e-08
-4.24301e-08 0.0040854 5.6411e-08
-4.24301e-08 0.0040854 5.28441e-08
-4.24301e-08 0.0040854 4.92773e-08
-4.24301e-08 0.0040854 4.57104e-08
-4.24301e-08 0.0040854 4.21436e-08
-4.24301e-08 0.0040854 3.85767e-08
-4.24301e-08 0.0040854 3.50099e-08
-4.24301e-08 0.0040854 3.14431e-08
-4.24301e-08 0.0040854 2.78762e-08
-4.24301e-08 0.0040854 2.43094e-08
-4.24301e-08 0.0040854 2.07425e-08
-4.24301e-08 0.00408539 1.71757e-08
-4.24301e-08 0.00408539 1.36088e-08
-4.24301e-08 0.00408539 1.0042e-08
-4.24301e-08 0.00408539 6.47516e-09
-4.24301e-08 0.00408539 2.90831e-09
-4.24301e-08 0.00408539 -6.58531e-10
-4.24301e-08 0.00408539 -4.22537e-09
-4.24301e-08 0.00408539 -7.79222e-09
-4.24301e-08 0.00408539 -1.13591e-08
-4.24301e-08 0.00408539 -1.49259e-08
-4.24301e-08 0.00408539 -1.84927e-08
-4.24301e-08 0.00408539 -2.20596e-08
-4.24301e-08 0.00408539 -2.56264e-08
-4.24301e-08 0.00408539 -2.91933e-08
-4.24301e-08 0.00408539 -3.27601e-08
-4.24301e-08 0.00408539 -3.6327e-08
-4.24301e-08 0.00408539 -3.98938e-08
-4.24301e-08 0.00408539 -4.34606e-08
-4.24301e-08 0.00408539 -4.70275e-08
-4.58116e-08 0.00408541 2.06218e-07
-4.58116e-08 0.00408541 2.02652e-07
-4.58116e-08 0.00408541 1.99085e-07
-4.58116e-08 0.00408541 1.95518e-07
-4.58116e-08 0.00408541 1.91951e-07
-4.58116e-08 0.00408541 1.88384e-07
-4.58116e-08 0.00408541 1.84817e-07
-4.58116e-08 0.00408541 1.8125e-07
-4.58116e-08 0.00408541 1.77684e-07
-4.58116e-08 0.00408541 1.74117e-07
-4.58116e-08 0.00408541 1.7055e-07
-4.58116e-08 0.00408541 1.66983e-07
-4.58116e-08 0.00408541 1.63416e-07
-4.58116e-08 0.00408541 1.59849e-07
-4.58116e-08 0.00408541 1.56283e-07
-4.58116e-08 0.00408541 1.52716e-07
-4.58116e-08 0.00408541 1.49149e-07
-4.58116e-08 0.0040854 1.45582e-07
-4.58116e-08 0.0040854 1.42015e-07
-4.58116e-08 0.0040854 1.38448e-07
-4.58116e-08 0.0040854 1.34882e-07
-4.58116e-08 0.0040854 1.31315e-07
-4.58116e-08 0.0040854 1.27748e-07
-4.58116e-08 0.0040854 1.24181e-07
-4.58116e-08 0.0040854 1.20614e-07
-4.58116e-08 0.0040854 1.17047e-07
-4.58116e-08 0.0040854 1.1348e-07
-4.58116e-08 0.0040854 1.09914e-07
-4.58116e-08 0.0040854 1.06347e-07
-4.58116e-08 0.0040854 1.0278e-07
-4.58116e-08 0.0040854 9.92131e-08
-4.58116e-08 0.0040854 9.56462e-08
-4.58116e-08 0.0040854 9.20794e-08
-4.58116e-08 0.0040854 8.85125e-08
-4.58116e-08 0.0040854 8.49457e-08
-4.58116e-08 0.0040854 8.13789e-08
-4.58116e-08 0.0040854 7.7812e-08
-4.58116e-08 0.0040854 7.42452e-08
-4.58116e-08 0.0040854 7.06783e-08
-4.58116e-08 0.0040854 6.71115e-08
-4.58116e-08 0.0040854 6.35446e-08
-4.58116e-08 0.0040854 5.99778e-08
-4.58116e-08 0.0040854 5.6411e-08
-4.58116e-08 0.0040854 5.28441e-08
-4.58116e-08 0.0040854 4.92773e-08
-4.58116e-08 0.00408539 4.57104e-08
-4.58116e-08 0.00408539 4.21436e-08
-4.58116e-08 0.00408539 3.85767e-08
-4.58116e-08 0.00408539 3.50099e-08
-4.58116e-08 0.00408539 3.14431e-08
-4.58116e-08 0.00408539 2.78762e-08
-4.58116e-08 0.00408539 2.43094e-08
-4.58116e-08 0.00408539 2.07425e-08
-4.58116e-08 0.00408539 1.71757e-08
-4.58116e-08 0.00408539 1.36088e-08
-4.58116e-08 0.00408539 1.0042e-08
-4.58116e-08 0.00408539 6.47516e-09
-4.58116e-08 0.00408539 2.90831e-09
-4.58116e-08 0.00408539 -6.58531e-10
-4.58116e-08 0.00408539 -4.22537e-09
-4.58116e-08 0.00408539 -7.79222e-09
-4.58116e-08 0.00408539 -1.13591e-08
-4.58116e-08 0.00408539 -1.49259e-08
-4.58116e-08 0.00408539 -1.84927e-08
-4.58116e-08 0.00408539 -2.20596e-08
-4.58116e-08 0.00408539 -2.56264e-08
-4.58116e-08 0.00408539 -2.91933e-08
-4.58116e-08 0.00408539 -3.27601e-08
-4.58116e-08 0.00408539 -3.6327e-08
-4.58116e-08 0.00408539 -3.98938e-08
-4.58116e-08 0.00408539 -4.34606e-08
-4.58116e-08 0.00408538 -4.70275e-08
-4.91932e-08 0.00408541 2.06218e-07
-4.91932e-08 0.00408541 2.02652e-07
-4.91932e-08 0.00408541 1.99085e-07
-4.91932e-08 0.00408541 1.95518e-07
-4.91932e-08 0.00408541 1.91951e-07
-4.91932e-08 0.00408541 1.88384e-07
-4.91932e-08 0.00408541 1.84817e-07
-4.91932e-08 0.00408541 1.8125e-07
-4.91932e-08 0.00408541 1.77684e-07
-4.91932e-08 0.0040854 1.74117e-07
-4.91932e-08 0.0040854 1.7055e-07
-4.91932e-08 0.0040854 1.66983e-07
-4.91932e-08 0.0040854 1.63416e-07
-4.91932e-08 0.0040854 1.59849e-07
-4.91932e-08 0.0040854 1.56283e-07
-4.91932e-08 0.0040854 1.52716e-07
-4.91932e-08 0.0040854 1.49149e-07
-4.91932e-08 0.0040854 1.45582e-07
-4.91932e-08 0.0040854 1.42015e-07
-4.91932e-08 0.0040854 1.38448e-07
-4.91932e-08 0.0040854 1.34882e-07
-4.91932e-08 0.0040854 1.31315e-07
-4.91932e-08 0.0040854 1.27748e-07
-4.91932e-08 0.0040854 1.24181e-07
-4.91932e-08 0.0040854 1.20614e-07
-4.91932e-08 0.0040854 1.17047e-07
-4.91932e-08 0.0040854 1.1348e-07
-4.91932e-08 0.0040854 1.09914e-07
-4.91932e-08 0.0040854 1.06347e-07
-4.91932e-08 0.0040854 1.0278e-07
-4.91932e-08 0.0040854 9.92131e-08
-4.91932e-08 0.0040854 9.56462e-08
-4.91932e-08 0.0040854 9.20794e-08
-4.91932e-08 0.0040854 8.85125e-08
-4.91932e-08 0.0040854 8.49457e-08
-4.91932e-08 0.0040854 8.13789e-08
-4.91932e-08 0.00408539 7.7812e-08
-4.91932e-08 0.00408539 7.42452e-08
-4.91932e-08 0.00408539 7.06783e-08
-4.91932e-08 0.00408539 6.71115e-08
-4.91932e-08 0.00408539 6.35446e-08
-4.91932e-08 0.00408539 5.99778e-08
-4.91932e-08 0.00408539 5.6411e-08
-4.91932e-08 0.00408539 5.28441e-08
-4.91932e-08 0.00408539 4.92773e-08
-4.91932e-08 0.00408539 4.57104e-08
-4.91932e-08 0.00408539 4.21436e-08
-4.91932e-08 0.00408539 3.85767e-08
-4.91932e-08 0.00408539 3.50099e-08
-4.91932e-08 0.00408539 3.14431e-08
-4.91932e-08 0.00408539 2.78762e-08
-4.91932e-08 0.00408539 2.43094e-08
-4.91932e-08 0.00408539 2.07425e-08
-4.91932e-08 0.00408539 1.71757e-08
-4.91932e-08 0.00408539 1.36088e-08
-4.91932e-08 0.00408539 1.0042e-08
-4.91932e-08 0.00408539 6.47516e-09
-4.91932e-08 0.00408539 2.90831e-09
-4.91932e-08 0.00408539 -6.58531e-10
-4.91932e-08 0.00408539 -4.22537e-09
-4.91932e-08 0.00408539 -7.79222e-09
-4.91932e-08 0.00408539 -1.13591e-08
-4.91932e-08 0.00408539 -1.49259e-08
-4.91932e-08 0.00408538 -1.84927e-08
-4.91932e-08 0.00408538 -2.20596e-08
-4.91932e-08 0.00408538 -2.56264e-08
-4.91932e-08 0.00408538 -2.91933e-08
-4.91932e-08 0.00408538 -3.27601e-08
-4.91932e-08 0.00408538 -3.6327e-08
-4.91932e-08 0.00408538 -3.98938e-08
-4.91932e-08 0.00408538 -4.34606e-08
-4.91932e-08 0.00408538 -4.70275e-08
-5.25747e-08 0.00408541 2.06218e-07
-5.25747e-08 0.0040854 2.02652e-07
-5.25747e-08 0.0040854 1.99085e-07
-5.25747e-08 0.0040854 1.95518e-07
-5.25747e-08 0.0040854 1.91951e-07
-5.25747e-08 0.0040854 1.88384e-07
-5.25747e-08 0.0040854 1.84817e-07
-5.25747e-08 0.0040854 1.8125e-07
-5.25747e-08 0.0040854 1.77684e-07
-5.25747e-08 0.0040854 1.74117e-07
-5.25747e-08 0.0040854 1.7055e-07
-5.25747e-08 0.0040854 1.66983e-07
-5.25747e-08 0.0040854 1.63416e-07
-5.25747e-08 0.0040854 1.59849e-07
-5.25747e-08 0.0040854 1.56283e-07
-5.25747e-08 0.0040854 1.52716e-07
-5.25747e-08 0.0040854 1.49149e-07
-5.25747e-08 0.0040854 1.45582e-07
-5.25747e-08 0.0040854 1.42015e-07
-5.25747e-08 0.0040854 1.38448e-07
-5.25747e-08 0.0040854 1.34882e-07
-5.25747e-08 0.0040854 1.31315e-07
-5.25747e-08 0.0040854 1.27748e-07
-5.25747e-08 0.0040854 1.24181e-07
-5.25747e-08 0.0040854 1.20614e-07
-5.25747e-08 0.0040854 1.17047e-07
-5.25747e-08 0.0040854 1.1348e-07
-5.25747e-08 0.0040854 1.09914e-07
-5.25747e-08 0.00408539 1.06347e-07
-5.25747e-08 0.00408539 1.0278e-07
-5.25747e-08 0.00408539 9.92131e-08
-5.25747e-08 0.00408539 9.56462e-08
-5.25747e-08 0.00408539 9.20794e-08
-5.25747e-08 0.00408539 8.85125e-08
-5.25747e-08 0.00408539 8.49457e-08
-5.25747e-08 0.00408539 8.13789e-08
-5.25747e-08 0.00408539 7.7812e-08
-5.25747e-08 0.00408539 7.42452e-08
-5.25747e-08 0.00408539 7.06783e-08
-5.25747e-08 0.00408539 6.71115e-08
-5.25747e-08 0.00408539 6.35446e-08
-5.25747e-08 0.00408539 5.99778e-08
-5.25747e-08 0.00408539 5.6411e-08
-5.25747e-08 0.00408539 5.28441e-08
-5.25747e-08 0.00408539 4.92773e-08
-5.25747e-08 0.00408539 4.57104e-08
-5.25747e-08 0.00408539 4.21436e-08
-5.25747e-08 0.00408539 3.85767e-08
-5.25747e-08 0.00408539 3.50099e-08
-5.25747e-08 0.00408539 3.14431e-08
-5.25747e-08 0.00408539 2.78762e-08
-5.25747e-08 0.00408539 2.43094e-08
-5.25747e-08 0.00408539 2.07425e-08
-5.25747e-08 0.00408539 1.71757e-08
-5.25747e-08 0.00408539 1.36088e-08
-5.25747e-08 0.00408538 1.0042e-08
-5.25747e-08 0.00408538 6.47516e-09
-5.25747e-08 0.00408538 2.90831e-09
-5.25747e-08 0.00408538 -6.58531e-10
-5.25747e-08 0.00408538 -4.22537e-09
-5.25747e-08 0.00408538 -7.79222e-09
-5.25747e-08 0.00408538 -1.13591e-08
-5.25747e-08 0.00408538 -1.49259e-08
-5.25747e-08 0.00408538 -1.84927e-08
-5.25747e-08 0.00408538 -2.20596e-08
-5.25747e-08 0.00408538 -2.56264e-08
-5.25747e-08 0.00408538 -2.91933e-08
-5.25747e-08 0.00408538 -3.27601e-08
-5.25747e-08 0.00408538 -3.6327e-08
-5.25747e-08 0.00408538 -3.98938e-08
-5.25747e-08 0.00408538 -4.34606e-08
-5.25747e-08 0.00408538 -4.70275e-08
-5.59563e-08 0.0040854 2.06218e-07
-5.59563e-08 0.0040854 2.02652e-07
-5.59563e-08 0.0040854 1.99085e-07
-5.59563e-08 0.0040854 1.95518e-07
-5.59563e-08 0.0040854 1.91951e-07
-5.59563e-08 0.0040854 1.88384e-07
-5.59563e-08 0.0040854 1.84817e-07
-5.59563e-08 0.0040854 1.8125e-07
-5.59563e-08 0.0040854 1.77684e-07
-5.59563e-08 0.0040854 1.74117e-07
-5.59563e-08 0.0040854 1.7055e-07
-5.59563e-08 0.0040854 1.66983e-07
-5.59563e-08 0.0040854 1.63416e-07
-5.59563e-08 0.0040854 1.59849e-07
-5.59563e-08 0.0040854 1.56283e-07
-5.59563e-08 0.0040854 1.52716e-07
-5.59563e-08 0.0040854 1.49149e-07
-5.59563e-08 0.0040854 1.45582e-07
-5.59563e-08 0.0040854 1.42015e-07
-5.59563e-08 0.0040854 1.38448e-07
-5.59563e-08 0.00408539 1.34882e-07
-5.59563e-08 0.00408539 1.31315e-07
-5.59563e-08 0.00408539 1.27748e-07
-5.59563e-08 0.00408539 1.24181e-07
-5.59563e-08 0.00408539 1.20614e-07
-5.59563e-08 0.00408539 1.17047e-07
-5.59563e-08 0.00408539 1.1348e-07
-5.59563e-08 0.00408539 1.09914e-07
-5.59563e-08 0.00408539 1.06347e-07
-5.59563e-08 0.00408539 1.0278e-07
-5.59563e-08 0.00408539 9.92131e-08
-5.59563e-08 0.00408539 9.56462e-08
-5.59563e-08 0.00408539 9.20794e-08
-5.59563e-08 0.00408539 8.85125e-08
-5.59563e-08 0.00408539 8.49457e-08
-5.59563e-08 0.00408539 8.13789e-08
-5.59563e-08 0.00408539 7.7812e-08
-5.59563e-08 0.00408539 7.42452e-08
-5.59563e-08 0.00408539 7.06783e-08
-5.59563e-08 0.00408539 6.71115e-08
-5.59563e-08 0.00408539 6.35446e-08
-5.59563e-08 0.00408539 5.99778e-08
-5.59563e-08 0.00408539 5.6411e-08
-5.59563e-08 0.00408539 5.28441e-08
-5.59563e-08 0.00408539 4.92773e-08
-5.59563e-08 0.00408539 4.57104e-08
-5.59563e-08 0.00408539 4.21436e-08
-5.59563e-08 0.00408538 3.85767e-08
-5.59563e-08 0.00408538 3.50099e-08
-5.59563e-08 0.00408538 3.14431e-08
-5.59563e-08 0.00408538 2.78762e-08
-5.59563e-08 0.00408538 2.43094e-08
-5.59563e-08 0.00408538 2.07425e-08
-5.59563e-08 0.00408538 1.71757e-08
-5.59563e-08 0.00408538 1.36088e-08
-5.59563e-08 0.00408538 1.0042e-08
-5.59563e-08 0.00408538 6.47516e-09
-5.59563e-08 0.00408538 2.90831e-09
-5.59563e-08 0.00408538 -6.58531e-10
-5.59563e-08 0.00408538 -4.22537e-09
-5.59563e-08 0.00408538 -7.79222e-09
-5.59563e-08 0.00408538 -1.13591e-08
-5.59563e-08 0.00408538 -1.49259e-08
-5.59563e-08 0.00408538 -1.84927e-08
-5.59563e-08 0.00408538 -2.20596e-08
-5.59563e-08 0.00408538 -2.56264e-08
-5.59563e-08 0.00408538 -2.91933e-08
-5.59563e-08 0.00408538 -3.27601e-08
-5.59563e-08 0.00408538 -3.6327e-08
-5.59563e-08 0.00408538 -3.98938e-08
-5.59563e-08 0.00408538 -4.34606e-08
-5.59563e-08 0.00408538 -4.70275e-08
-5.93379e-08 0.0040854 2.06218e-07
-5.93379e-08 0.0040854 2.02652e-07
-5.93379e-08 0.0040854 1.99085e-07
-5.93379e-08 0.0040854 1.95518e-07
-5.93379e-08 0.0040854 1.91951e-07
-5.93379e-08 0.0040854 1.88384e-07
-5.93379e-08 0.0040854 1.84817e-07
-5.93379e-08 0.0040854 1.8125e-07
-5.93379e-08 0.0040854 1.77684e-07
-5.93379e-08 0.0040854 1.74117e-07
-5.93379e-08 0.0040854 1.7055e-07
-5.93379e-08 0.0040854 1.66983e-07
-5.93379e-08 0.00408539 1.63416e-07
-5.93379e-08 0.00408539 1.59849e-07
-5.93379e-08 0.00408539 1.56283e-07
-5.93379e-08 0.00408539 1.52716e-07
-5.93379e-08 0.00408539 1.49149e-07
-5.93379e-08 0.00408539 1.45582e-07
-5.93379e-08 0.00408539 1.42015e-07
-5.93379e-08 0.00408539 1.38448e-07
-5.93379e-08 0.00408539 1.34882e-07
-5.93379e-08 0.00408539 1.31315e-07
-5.93379e-08 0.00408539 1.27748e-07
-5.93379e-08 0.00408539 1.24181e-07
-5.93379e-08 0.00408539 1.20614e-07
-5.93379e-08 0.00408539 1.17047e-07
-5.93379e-08 0.00408539 1.1348e-07
-5.93379e-08 0.00408539 1.09914e-07
-5.93379e-08 0.00408539 1.06347e-07
-5.93379e-08 0.00408539 1.0278e-07
-5.93379e-08 0.00408539 9.92131e-08
-5.93379e-08 0.00408539 9.56462e-08
-5.93379e-08 0.00408539 9.20794e-08
-5.93379e-08 0.00408539 8.85125e-08
-5.93379e-08 0.00408539 8.49457e-08
-5.93379e-08 0.00408539 8.13789e-08
-5.93379e-08 0.00408539 7.7812e-08
-5.93379e-08 0.00408539 7.42452e-08
-5.93379e-08 0.00408539 7.06783e-08
-5.93379e-08 0.00408538 6.71115e-08
-5.93379e-08 0.00408538 6.35446e-08
-5.93379e-08 0.00408538 5.99778e-08
-5.93379e-08 0.00408538 5.6411e-08
-5.93379e-08 0.00408538 5.28441e-08
-5.93379e-08 0.00408538 4.92773e-08
-5.93379e-08 0.00408538 4.57104e-08
-5.93379e-08 0.00408538 4.21436e-08
-5.93379e-08 0.00408538 3.85767e-08
-5.93379e-08 0.00408538 3.50099e-08
-5.93379e-08 0.00408538 3.14431e-08
-5.93379e-08 0.00408538 2.78762e-08
-5.93379e-08 0.00408538 2.43094e-08
-5.93379e-08 0.00408538 2.07425e-08
-5.93379e-08 0.00408538 1.71757e-08
-5.93379e-08 0.00408538 1.36088e-08
-5.93379e-08 0.00408538 1.0042e-08
-5.93379e-08 0.00408538 6.47516e-09
-5.93379e-08 0.00408538 2.90831e-09
-5.93379e-08 0.00408538 -6.58531e-10
-5.93379e-08 0.00408538 -4.22537e-09
-5.93379e-08 0.00408538 -7.79222e-09
-5.93379e-08 0.00408538 -1.13591e-08
-5.93379e-08 0.00408538 -1.49259e-08
-5.93379e-08 0.00408538 -1.84927e-08
-5.93379e-08 0.00408538 -2.20596e-08
-5.93379e-08 0.00408537 -2.56264e-08
-5.93379e-08 0.00408537 -2.91933e-08
-5.93379e-08 0.00408537 -3.27601e-08
-5.93379e-08 0.00408537 -3.6327e-08
-5.93379e-08 0.00408537 -3.98938e-08
-5.93379e-08 0.00408537 -4.34606e-08
-5.93379e-08 0.00408537 -4.70275e-08
-6.46131e-08 0.00408537 -5.05943e-08
-6.27194e-08 0.00408537 -5.05943e-08
-6.46131e-08 0.00408537 -4.70275e-08
-6.27194e-08 0.00408537 -4.70275e-08
-6.46131e-08 0.00408537 -4.34606e-08
-6.27194e-08 0.00408537 -4.34606e-08
-6.46131e-08 0.00408537 -3.98938e-08
-6.27194e-08 0.00408537 -3.98938e-08
-6.46131e-08 0.00408537 -3.6327e-08
-6.27194e-08 0.00408537 -3.6327e-08
-6.46131e-08 0.00408537 -3.27601e-08
-6.27194e-08 0.00408537 -3.27601e-08
-6.46131e-08 0.00408537 -2.91933e-08
-6.27194e-08 0.00408537 -2.91933e-08
-6.46131e-08 0.00408537 -2.56264e-08
-6.27194e-08 0.00408537 -2.56264e-08
-6.46131e-08 0.00408537 -2.20596e-08
-6.27194e-08 0.00408537 -2.20596e-08
-6.46131e-08 0.00408537 -1.84927e-08
-6.27194e-08 0.00408537 -1.84927e-08
-6.46131e-08 0.00408537 -1.49259e-08
-6.27194e-08 0.00408537 -1.49259e-08
-6.46131e-08 0.00408537 -1.13591e-08
-6.27194e-08 0.00408537 -1.13591e-08
-6.46131e-08 0.00408537 -7.79222e-09
-6.27194e-08 0.00408537 -7.79222e-09
-6.46131e-08 0.00408537 -4.22537e-09
-6.27194e-08 0.00408537 -4.22537e-09
-6.46131e-08 0.00408537 -6.58531e-10
-6.27194e-08 0.00408537 -6.58531e-10
-6.46131e-08 0.00408537 2.90831e-09
-6.27194e-08 0.00408537 2.90831e-09
-6.46131e-08 0.00408537 6.47516e-09
-6.27194e-08 0.00408538 6.47516e-09
-6.46131e-08 0.00408537 1.0042e-08
-6.27194e-08 0.00408538 1.0042e-08
-6.46131e-08 0.00408537 1.36088e-08
-6.27194e-08 0.00408538 1.36088e-08
-6.46131e-08 0.00408537 1.71757e-08
-6.27194e-08 0.00408538 1.71757e-08
-6.46131e-08 0.00408538 2.07425e-08
-6.27194e-08 0.00408538 2.07425e-08
-6.46131e-08 0.00408538 2.43094e-08
-6.27194e-08 0.00408538 2.43094e-08
-6.46131e-08 0.00408538 2.78762e-08
-6.27194e-08 0.00408538 2.78762e-08
-6.46131e-08 0.00408538 3.14431e-08
-6.27194e-08 0.00408538 3.14431e-08
-6.46131e-08 0.00408538 3.50099e-08
-6.27194e-08 0.00408538 3.50099e-08
-6.46131e-08 0.00408538 3.85767e-08
-6.27194e-08 0.00408538 3.85767e-08
-6.46131e-08 0.00408538 4.21436e-08
-6.27194e-08 0.00408538 4.21436e-08
-6.46131e-08 0.00408538 4.57104e-08
-6.27194e-08 0.00408538 4.57104e-08
-6.46131e-08 0.00408538 4.92773e-08
-6.27194e-08 0.00408538 4.92773e-08
-6.46131e-08 0.00408538 5.28441e-08
-6.27194e-08 0.00408538 5.28441e-08
-6.46131e-08 0.00408538 5.6411e-08
-6.27194e-08 0.00408538 5.6411e-08
-6.46131e-08 0.00408538 5.99778e-08
-6.27194e-08 0.00408538 5.99778e-08
-6.46131e-08 0.00408538 6.35446e-08
-6.27194e-08 0.00408538 6.35446e-08
-6.46131e-08 0.00408538 6.71115e-08
-6.27194e-08 0.00408538 6.71115e-08
-6.46131e-08 0.00408538 7.06783e-08
-6.27194e-08 0.00408538 7.06783e-08
-6.46131e-08 0.00408538 7.42452e-08
-6.27194e-08 0.00408538 7.42452e-08
-6.46131e-08 0.00408538 7.7812e-08
-6.27194e-08 0.00408538 7.7812e-08
-6.46131e-08 0.00408538 8.13789e-08
-6.27194e-08 0.00408538 8.13789e-08
-6.46131e-08 0.00408538 8.49457e-08
-6.27194e-08 0.00408538 8.49457e-08
-6.46131e-08 0.00408538 8.85125e-08
-6.27194e-08 0.00408538 8.85125e-08
-6.46131e-08 0.00408538 9.20794e-08
-6.27194e-08 0.00408538 9.20794e-08
-6.46131e-08 0.00408538 9.56462e-08
-6.27194e-08 0.00408538 9.56462e-08
-6.46131e-08 0.00408538 9.92131e-08
-6.27194e-08 0.00408539 9.92131e-08
-6.46131e-08 0.00408538 1.0278e-07
-6.27194e-08 0.00408539 1.0278e-07
-6.46131e-08 0.00408538 1.06347e-07
-6.27194e-08 0.00408539 1.06347e-07
-6.46131e-08 0.00408538 1.09914e-07
-6.27194e-08 0.00408539 1.09914e-07
-6.46131e-08 0.00408538 1.1348e-07
-6.27194e-08 0.00408539 1.1348e-07
-6.46131e-08 0.00408539 1.17047e-07
-6.27194e-08 0.00408539 1.17047e-07
-6.46131e-08 0.00408539 1.20614e-07
-6.27194e-08 0.00408539 1.20614e-07
-6.46131e-08 0.00408539 1.24181e-07
-6.27194e-08 0.00408539 1.24181e-07
-6.46131e-08 0.00408539 1.27748e-07
-6.27194e-08 0.00408539 1.27748e-07
-6.46131e-08 0.00408539 1.31315e-07
-6.27194e-08 0.00408539 1.31315e-07
-6.46131e-08 0.00408539 1.34882e-07
-6.27194e-08 0.00408539 1.34882e-07
-6.46131e-08 0.00408539 1.38448e-07
-6.27194e-08 0.00408539 1.38448e-07
-6.46131e-08 0.00408539 1.42015e-07
-6.27194e-08 0.00408539 1.42015e-07
-6.46131e-08 0.00408539 1.45582e-07
-6.27194e-08 0.00408539 1.45582e-07
-6.46131e-08 0.00408539 1.49149e-07
-6.27194e-08 0.00408539 1.49149e-07
-6.46131e-08 0.00408539 1.52716e-07
-6.27194e-08 0.00408539 1.52716e-07
-6.46131e-08 0.00408539 1.56283e-07
-6.27194e-08 0.00408539 1.56283e-07
-6.46131e-08 0.00408539 1.59849e-07
-6.27194e-08 0.00408539 1.59849e-07
-6.46131e-08 0.00408539 1.63416e-07
-6.27194e-08 0.00408539 1.63416e-07
-6.46131e-08 0.00408539 1.66983e-07
-6.27194e-08 0.00408539 1.66983e-07
-6.46131e-08 0.00408539 1.7055e-07
-6.27194e-08 0.00408539 1.7055e-07
-6.46131e-08 0.00408539 1.74117e-07
-6.27194e-08 0.00408539 1.74117e-07
-6.46131e-08 0.00408539 1.77684e-07
-6.27194e-08 0.00408539 1.77684e-07
-6.46131e-08 0.00408539 1.8125e-07
-6.27194e-08 0.00408539 1.8125e-07
-6.46131e-08 0.00408539 1.84817e-07
-6.27194e-08 0.00408539 1.84817e-07
-6.46131e-08 0.00408539 1.88384e-07
-6.27194e-08 0.00408539 1.88384e-07
-6.46131e-08 0.00408539 1.91951e-07
-6.27194e-08 0.00408539 1.91951e-07
-6.46131e-08 0.00408539 1.95518e-07
-6.27194e-08 0.0040854 1.95518e-07
-6.46131e-08 0.00408539 1.99085e-07
-6.27194e-08 0.0040854 1.99085e-07
-6.46131e-08 0.00408539 2.02652e-07
-6.27194e-08 0.0040854 2.02652e-07
-6.46131e-08 0.00408539 2.06218e-07
-6.27194e-08 0.0040854 2.06218e-07
-6.46131e-08 0.0040854 2.09785e-07
-6.27194e-08 0.0040854 2.09785e-07
-3.90485e-08 0.00408539 -5.05943e-08
-3.71549e-08 0.00408539 -5.05943e-08
-3.90485e-08 0.00408539 -4.70275e-08
-3.71549e-08 0.00408539 -4.70275e-08
-3.90485e-08 0.00408539 -4.34606e-08
-3.71549e-08 0.00408539 -4.34606e-08
-3.90485e-08 0.00408539 -3.98938e-08
-3.71549e-08 0.00408539 -3.98938e-08
-3.90485e-08 0.00408539 -3.6327e-08
-3.71549e-08 0.00408539 -3.6327e-08
-3.90485e-08 0.00408539 -3.27601e-08
-3.71549e-08 0.00408539 -3.27601e-08
-3.90485e-08 0.00408539 -2.91933e-08
-3.71549e-08 0.00408539 -2.91933e-08
-3.90485e-08 0.00408539 -2.56264e-08
-3.71549e-08 0.00408539 -2.56264e-08
-3.90485e-08 0.00408539 -2.20596e-08
-3.71549e-08 0.0040854 -2.20596e-08
-3.90485e-08 0.00408539 -1.84927e-08
-3.71549e-08 0.0040854 -1.84927e-08
-3.90485e-08 0.00408539 -1.49259e-08
-3.71549e-08 0.0040854 -1.49259e-08
-3.90485e-08 0.00408539 -1.13591e-08
-3.71549e-08 0.0040854 -1.13591e-08
-3.90485e-08 0.0040854 -7.79222e-09
-3.71549e-08 0.0040854 -7.79222e-09
-3.90485e-08 0.0040854 -4.22537e-09
-3.71549e-08 0.0040854 -4.22537e-09
-3.90485e-08 0.0040854 -6.58531e-10
-3.71549e-08 0.0040854 -6.58531e-10
-3.90485e-08 0.0040854 2.90831e-09
-3.71549e-08 0.0040854 2.90831e-09
-3.90485e-08 0.0040854 6.47516e-09
-3.71549e-08 0.0040854 6.47516e-09
-3.90485e-08 0.0040854 1.0042e-08
-3.71549e-08 0.0040854 1.0042e-08
-3.90485e-08 0.0040854 1.36088e-08
-3.71549e-08 0.0040854 1.36088e-08
-3.90485e-08 0.0040854 1.71757e-08
-3.71549e-08 0.0040854 1.71757e-08
-3.90485e-08 0.0040854 2.07425e-08
-3.71549e-08 0.0040854 2.07425e-08
-3.90485e-08 0.0040854 2.43094e-08
-3.71549e-08 0.0040854 2.43094e-08
-3.90485e-08 0.0040854 2.78762e-08
-3.71549e-08 0.0040854 2.78762e-08
-3.90485e-08 0.0040854 3.14431e-08
-3.71549e-08 0.0040854 3.14431e-08
-3.90485e-08 0.0040854 3.50099e-08
-3.71549e-08 0.0040854 3.50099e-08
-3.90485e-08 0.0040854 3.85767e-08
-3.71549e-08 0.0040854 3.85767e-08
-3.90485e-08 0.0040854 4.21436e-08
-3.71549e-08 0.0040854 4.21436e-08
-3.90485e-08 0.0040854 4.57104e-08
-3.71549e-08 0.0040854 4.57104e-08
-3.90485e-08 0.0040854 4.92773e-08
-3.71549e-08 0.0040854 4.92773e-08
-3.90485e-08 0.0040854 5.28441e-08
-3.71549e-08 0.0040854 5.28441e-08
-3.90485e-08 0.0040854 5.6411e-08
-3.71549e-08 0.0040854 5.6411e-08
-3.90485e-08 0.0040854 5.99778e-08
-3.71549e-08 0.0040854 5.99778e-08
-3.90485e-08 0.0040854 6.35446e-08
-3.71549e-08 0.0040854 6.35446e-08
-3.90485e-08 0.0040854 6.71115e-08
-3.71549e-08 0.0040854 6.71115e-08
-3.90485e-08 0.0040854 7.06783e-08
-3.71549e-08 0.0040854 7.06783e-08
-3.90485e-08 0.0040854 7.42452e-08
-3.71549e-08 0.0040854 7.42452e-08
-3.90485e-08 0.0040854 7.7812e-08
-3.71549e-08 0.00408541 7.7812e-08
-3.90485e-08 0.0040854 8.13789e-08
-3.71549e-08 0.00408541 8.13789e-08
-3.90485e-08 0.0040854 8.49457e-08
-3.71549e-08 0.00408541 8.49457e-08
-3.90485e-08 0.0040854 8.85125e-08
-3.71549e-08 0.00408541 8.85125e-08
-3.90485e-08 0.00408541 9.20794e-08
-3.71549e-08 0.00408541 9.20794e-08
-3.90485e-08 0.00408541 9.56462e-08
-3.71549e-08 0.00408541 9.56462e-08
-3.90485e-08 0.00408541 9.92131e-08
-3.71549e-08 0.00408541 9.92131e-08
-3.90485e-08 0.00408541 1.0278e-07
-3.71549e-08 0.00408541 1.0278e-07
-3.90485e-08 0.00408541 1.06347e-07
-3.71549e-08 0.00408541 1.06347e-07
-3.90485e-08 0.00408541 1.09914e-07
-3.71549e-08 0.00408541 1.09914e-07
-3.90485e-08 0.00408541 1.1348e-07
-3.71549e-08 0.00408541 1.1348e-07
-3.90485e-08 0.00408541 1.17047e-07
-3.71549e-08 0.00408541 1.17047e-07
-3.90485e-08 0.00408541 1.20614e-07
-3.71549e-08 0.00408541 1.20614e-07
-3.90485e-08 0.00408541 1.24181e-07
-3.71549e-08 0.00408541 1.24181e-07
-3.90485e-08 0.00408541 1.27748e-07
-3.71549e-08 0.00408541 1.27748e-07
-3.90485e-08 0.00408541 1.31315e-07
-3.71549e-08 0.00408541 1.31315e-07
-3.90485e-08 0.00408541 1.34882e-07
-3.71549e-08 0.00408541 1.34882e-07
-3.90485e-08 0.00408541 1.38448e-07
-3.71549e-08 0.00408541 1.38448e-07
-3.90485e-08 0.00408541 1.42015e-07
-3.71549e-08 0.00408541 1.42015e-07
-3.90485e-08 0.00408541 1.45582e-07
-3.71549e-08 0.00408541 1.45582e-07
-3.90485e-08 0.00408541 1.49149e-07
-3.71549e-08 0.00408541 1.49149e-07
-3.90485e-08 0.00408541 1.52716e-07
-3.71549e-08 0.00408541 1.52716e-07
-3.90485e-08 0.00408541 1.56283e-07
-3.71549e-08 0.00408541 1.56283e-07
-3.90485e-08 0.00408541 1.59849e-07
-3.71549e-08 0.00408541 1.59849e-07
-3.90485e-08 0.00408541 1.63416e-07
-3.71549e-08 0.00408541 1.63416e-07
-3.90485e-08 0.00408541 1.66983e-07
-3.71549e-08 0.00408541 1.66983e-07
-3.90485e-08 0.00408541 1.7055e-07
-3.71549e-08 0.00408542 1.7055e-07
-3.90485e-08 0.00408541 1.74117e-07
-3.71549e-08 0.00408542 1.74117e-07
-3.90485e-08 0.00408541 1.77684e-07
-3.71549e-08 0.00408542 1.77684e-07
-3.90485e-08 0.00408541 1.8125e-07
-3.71549e-08 0.00408542 1.8125e-07
-3.90485e-08 0.00408542 1.84817e-07
-3.71549e-08 0.00408542 1.84817e-07
-3.90485e-08 0.00408542 1.88384e-07
-3.71549e-08 0.00408542 1.88384e-07
-3.90485e-08 0.00408542 1.91951e-07
-3.71549e-08 0.00408542 1.91951e-07
-3.90485e-08 0.00408542 1.95518e-07
-3.71549e-08 0.00408542 1.95518e-07
-3.90485e-08 0.00408542 1.99085e-07
-3.71549e-08 0.00408542 1.99085e-07
-3.90485e-08 0.00408542 2.02652e-07
-3.71549e-08 0.00408542 2.02652e-07
-3.90485e-08 0.00408542 2.06218e-07
-3.71549e-08 0.00408542 2.06218e-07
-3.90485e-08 0.00408542 2.09785e-07
-3.71549e-08 0.00408542 2.09785e-07
