1.53077e-07 0.00413276 4.51122e-06
1.53077e-07 0.00413242 2.24233e-06
3.5934e-07 0.00413246 4.51122e-06
3.5934e-07 0.00413212 2.24233e-06
1.53077e-07 0.00413276 4.48014e-06
1.53077e-07 0.00413275 4.44906e-06
1.53077e-07 0.00413275 4.41798e-06
1.53077e-07 0.00413274 4.3869e-06
1.53077e-07 0.00413274 4.35582e-06
1.53077e-07 0.00413273 4.32474e-06
1.53077e-07 0.00413273 4.29366e-06
1.53077e-07 0.00413273 4.26258e-06
1.53077e-07 0.00413272 4.2315e-06
1.53077e-07 0.00413272 4.20041e-06
1.53077e-07 0.00413271 4.16933e-06
1.53077e-07 0.00413271 4.13825e-06
1.53077e-07 0.0041327 4.10717e-06
1.53077e-07 0.0041327 4.07609e-06
1.53077e-07 0.00413269 4.04501e-06
1.53077e-07 0.00413269 4.01393e-06
1.53077e-07 0.00413268 3.98285e-06
1.53077e-07 0.00413268 3.95177e-06
1.53077e-07 0.00413267 3.92069e-06
1.53077e-07 0.00413267 3.88961e-06
1.53077e-07 0.00413266 3.85853e-06
1.53077e-07 0.00413266 3.82745e-06
1.53077e-07 0.00413266 3.79636e-06
1.53077e-07 0.00413265 3.76528e-06
1.53077e-07 0.00413265 3.7342e-06
1.53077e-07 0.00413264 3.70312e-06
1.53077e-07 0.00413264 3.67204e-06
1.53077e-07 0.00413263 3.64096e-06
1.53077e-07 0.00413263 3.60988e-06
1.53077e-07 0.00413262 3.5788e-06
1.53077e-07 0.00413262 3.54772e-06
1.53077e-07 0.00413261 3.51664e-06
1.53077e-07 0.00413261 3.48556e-06
1.53077e-07 0.0041326 3.45448e-06
1.53077e-07 0.0041326 3.4234e-06
1.53077e-07 0.00413259 3.39231e-06
1.53077e-07 0.00413259 3.36123e-06
1.53077e-07 0.00413259 3.33015e-06
1.53077e-07 0.00413258 3.29907e-06
1.53077e-07 0.00413258 3.26799e-06
1.53077e-07 0.00413257 3.23691e-06
1.53077e-07 0.00413257 3.20583e-06
1.53077e-07 0.00413256 3.17475e-06
1.53077e-07 0.00413256 3.14367e-06
1.53077e-07 0.00413255 3.11259e-06
1.53077e-07 0.00413255 3.08151e-06
1.53077e-07 0.00413254 3.05043e-06
1.53077e-07 0.00413254 3.01934e-06
1.53077e-07 0.00413253 2.98826e-06
1.53077e-07 0.00413253 2.95718e-06
1.53077e-07 0.00413253 2.9261e-06
1.53077e-07 0.00413252 2.89502e-06
1.53077e-07 0.00413252 2.86394e-06
1.53077e-07 0.00413251 2.83286e-06
1.53077e-07 0.00413251 2.80178e-06
1.53077e-07 0.0041325 2.7707e-06
1.53077e-07 0.0041325 2.73962e-06
1.53077e-07 0.00413249 2.70854e-06
1.53077e-07 0.00413249 2.67746e-06
1.53077e-07 0.00413248 2.64638e-06
1.53077e-07 0.00413248 2.61529e-06
1.53077e-07 0.00413247 2.58421e-06
1.53077e-07 0.00413247 2.55313e-06
1.53077e-07 0.00413246 2.52205e-06
1.53077e-07 0.00413246 2.49097e-06
1.53077e-07 0.00413246 2.45989e-06
1.53077e-07 0.00413245 2.42881e-06
1.53077e-07 0.00413245 2.39773e-06
1.53077e-07 0.00413244 2.36665e-06
1.53077e-07 0.00413244 2.33557e-06
1.53077e-07 0.00413243 2.30449e-06
1.53077e-07 0.00413243 2.27341e-06
1.82543e-07 0.00413238 2.24233e-06
2.12009e-07 0.00413234 2.24233e-06
2.41475e-07 0.00413229 2.24233e-06
2.70941e-07 0.00413225 2.24233e-06
3.00408e-07 0.00413221 2.24233e-06
3.29874e-07 0.00413217 2.24233e-06
1.82543e-07 0.00413272 4.51122e-06
2.12009e-07 0.00413268 4.51122e-06
2.41475e-07 0.00413263 4.51122e-06
2.70941e-07 0.00413259 4.51122e-06
3.00408e-07 0.00413255 4.51122e-06
3.29874e-07 0.00413251 4.51122e-06
3.5934e-07 0.00413213 2.27341e-06
3.5934e-07 0.00413213 2.30449e-06
3.5934e-07 0.00413214 2.33557e-06
3.5934e-07 0.00413214 2.36665e-06
3.5934e-07 0.00413215 2.39773e-06
3.5934e-07 0.00413215 2.42881e-06
3.5934e-07 0.00413216 2.45989e-06
3.5934e-07 0.00413216 2.49097e-06
3.5934e-07 0.00413216 2.52205e-06
3.5934e-07 0.00413217 2.55313e-06
3.5934e-07 0.00413217 2.58421e-06
3.5934e-07 0.00413218 2.61529e-06
3.5934e-07 0.00413218 2.64638e-06
3.5934e-07 0.00413219 2.67746e-06
3.5934e-07 0.00413219 2.70854e-06
3.5934e-07 0.0041322 2.73962e-06
3.5934e-07 0.0041322 2.7707e-06
3.5934e-07 0.00413221 2.80178e-06
3.5934e-07 0.00413221 2.83286e-06
3.5934e-07 0.00413222 2.86394e-06
3.5934e-07 0.00413222 2.89502e-06
3.5934e-07 0.00413223 2.9261e-06
3.5934e-07 0.00413223 2.95718e-06
3.5934e-07 0.00413223 2.98826e-06
3.5934e-07 0.00413224 3.01934e-06
3.5934e-07 0.00413224 3.05043e-06
3.5934e-07 0.00413225 3.08151e-06
3.5934e-07 0.00413225 3.11259e-06
3.5934e-07 0.00413226 3.14367e-06
3.5934e-07 0.00413226 3.17475e-06
3.5934e-07 0.00413227 3.20583e-06
3.5934e-07 0.00413227 3.23691e-06
3.5934e-07 0.00413228 3.26799e-06
3.5934e-07 0.00413228 3.29907e-06
3.5934e-07 0.00413229 3.33015e-06
3.5934e-07 0.00413229 3.36123e-06
3.5934e-07 0.00413229 3.39231e-06
3.5934e-07 0.0041323 3.4234e-06
3.5934e-07 0.0041323 3.45448e-06
3.5934e-07 0.00413231 3.48556e-06
3.5934e-07 0.00413231 3.51664e-06
3.5934e-07 0.00413232 3.54772e-06
3.5934e-07 0.00413232 3.5788e-06
3.5934e-07 0.00413233 3.60988e-06
3.5934e-07 0.00413233 3.64096e-06
3.5934e-07 0.00413234 3.67204e-06
3.5934e-07 0.00413234 3.70312e-06
3.5934e-07 0.00413235 3.7342e-06
3.5934e-07 0.00413235 3.76528e-06
3.5934e-07 0.00413236 3.79636e-06
3.5934e-07 0.00413236 3.82745e-06
3.5934e-07 0.00413236 3.85853e-06
3.5934e-07 0.00413237 3.88961e-06
3.5934e-07 0.00413237 3.92069e-06
3.5934e-07 0.00413238 3.95177e-06
3.5934e-07 0.00413238 3.98285e-06
3.5934e-07 0.00413239 4.01393e-06
3.5934e-07 0.00413239 4.04501e-06
3.5934e-07 0.0041324 4.07609e-06
3.5934e-07 0.0041324 4.10717e-06
3.5934e-07 0.00413241 4.13825e-06
3.5934e-07 0.00413241 4.16933e-06
3.5934e-07 0.00413242 4.20041e-06
3.5934e-07 0.00413242 4.2315e-06
3.5934e-07 0.00413242 4.26258e-06
3.5934e-07 0.00413243 4.29366e-06
3.5934e-07 0.00413243 4.32474e-06
3.5934e-07 0.00413244 4.35582e-06
3.5934e-07 0.00413244 4.3869e-06
3.5934e-07 0.00413245 4.41798e-06
3.5934e-07 0.00413245 4.44906e-06
3.5934e-07 0.00413246 4.48014e-06
1.82543e-07 0.00413238 2.27341e-06
1.82543e-07 0.00413239 2.30449e-06
1.82543e-07 0.00413239 2.33557e-06
1.82543e-07 0.0041324 2.36665e-06
1.82543e-07 0.0041324 2.39773e-06
1.82543e-07 0.00413241 2.42881e-06
1.82543e-07 0.00413241 2.45989e-06
1.82543e-07 0.00413242 2.49097e-06
1.82543e-07 0.00413242 2.52205e-06
1.82543e-07 0.00413243 2.55313e-06
1.82543e-07 0.00413243 2.58421e-06
1.82543e-07 0.00413244 2.61529e-06
1.82543e-07 0.00413244 2.64638e-06
1.82543e-07 0.00413244 2.67746e-06
1.82543e-07 0.00413245 2.70854e-06
1.82543e-07 0.00413245 2.73962e-06
1.82543e-07 0.00413246 2.7707e-06
1.82543e-07 0.00413246 2.80178e-06
1.82543e-07 0.00413247 2.83286e-06
1.82543e-07 0.00413247 2.86394e-06
1.82543e-07 0.00413248 2.89502e-06
1.82543e-07 0.00413248 2.9261e-06
1.82543e-07 0.00413249 2.95718e-06
1.82543e-07 0.00413249 2.98826e-06
1.82543e-07 0.0041325 3.01934e-06
1.82543e-07 0.0041325 3.05043e-06
1.82543e-07 0.00413251 3.08151e-06
1.82543e-07 0.00413251 3.11259e-06
1.82543e-07 0.00413251 3.14367e-06
1.82543e-07 0.00413252 3.17475e-06
1.82543e-07 0.00413252 3.20583e-06
1.82543e-07 0.00413253 3.23691e-06
1.82543e-07 0.00413253 3.26799e-06
1.82543e-07 0.00413254 3.29907e-06
1.82543e-07 0.00413254 3.33015e-06
1.82543e-07 0.00413255 3.36123e-06
1.82543e-07 0.00413255 3.39231e-06
1.82543e-07 0.00413256 3.4234e-06
1.82543e-07 0.00413256 3.45448e-06
1.82543e-07 0.00413257 3.48556e-06
1.82543e-07 0.00413257 3.51664e-06
1.82543e-07 0.00413258 3.54772e-06
1.82543e-07 0.00413258 3.5788e-06
1.82543e-07 0.00413258 3.60988e-06
1.82543e-07 0.00413259 3.64096e-06
1.82543e-07 0.00413259 3.67204e-06
1.82543e-07 0.0041326 3.70312e-06
1.82543e-07 0.0041326 3.7342e-06
1.82543e-07 0.00413261 3.76528e-06
1.82543e-07 0.00413261 3.79636e-06
1.82543e-07 0.00413262 3.82745e-06
1.82543e-07 0.00413262 3.85853e-06
1.82543e-07 0.00413263 3.88961e-06
1.82543e-07 0.00413263 3.92069e-06
1.82543e-07 0.00413264 3.95177e-06
1.82543e-07 0.00413264 3.98285e-06
1.82543e-07 0.00413265 4.01393e-06
1.82543e-07 0.00413265 4.04501e-06
1.82543e-07 0.00413265 4.07609e-06
1.82543e-07 0.00413266 4.10717e-06
1.82543e-07 0.00413266 4.13825e-06
1.82543e-07 0.00413267 4.16933e-06
1.82543e-07 0.00413267 4.20041e-06
1.82543e-07 0.00413268 4.2315e-06
1.82543e-07 0.00413268 4.26258e-06
1.82543e-07 0.00413269 4.29366e-06
1.82543e-07 0.00413269 4.32474e-06
1.82543e-07 0.0041327 4.35582e-06
1.82543e-07 0.0041327 4.3869e-06
1.82543e-07 0.00413271 4.41798e-06
1.82543e-07 0.00413271 4.44906e-06
1.82543e-07 0.00413271 4.48014e-06
2.12009e-07 0.00413234 2.27341e-06
2.12009e-07 0.00413235 2.30449e-06
2.12009e-07 0.00413235 2.33557e-06
2.12009e-07 0.00413236 2.36665e-06
2.12009e-07 0.00413236 2.39773e-06
2.12009e-07 0.00413236 2.42881e-06
2.12009e-07 0.00413237 2.45989e-06
2.12009e-07 0.00413237 2.49097e-06
2.12009e-07 0.00413238 2.52205e-06
2.12009e-07 0.00413238 2.55313e-06
2.12009e-07 0.00413239 2.58421e-06
2.12009e-07 0.00413239 2.61529e-06
2.12009e-07 0.0041324 2.64638e-06
2.12009e-07 0.0041324 2.67746e-06
2.12009e-07 0.00413241 2.70854e-06
2.12009e-07 0.00413241 2.73962e-06
2.12009e-07 0.00413242 2.7707e-06
2.12009e-07 0.00413242 2.80178e-06
2.12009e-07 0.00413243 2.83286e-06
2.12009e-07 0.00413243 2.86394e-06
2.12009e-07 0.00413243 2.89502e-06
2.12009e-07 0.00413244 2.9261e-06
2.12009e-07 0.00413244 2.95718e-06
2.12009e-07 0.00413245 2.98826e-06
2.12009e-07 0.00413245 3.01934e-06
2.12009e-07 0.00413246 3.05043e-06
2.12009e-07 0.00413246 3.08151e-06
2.12009e-07 0.00413247 3.11259e-06
2.12009e-07 0.00413247 3.14367e-06
2.12009e-07 0.00413248 3.17475e-06
2.12009e-07 0.00413248 3.20583e-06
2.12009e-07 0.00413249 3.23691e-06
2.12009e-07 0.00413249 3.26799e-06
2.12009e-07 0.0041325 3.29907e-06
2.12009e-07 0.0041325 3.33015e-06
2.12009e-07 0.0041325 3.36123e-06
2.12009e-07 0.00413251 3.39231e-06
2.12009e-07 0.00413251 3.4234e-06
2.12009e-07 0.00413252 3.45448e-06
2.12009e-07 0.00413252 3.48556e-06
2.12009e-07 0.00413253 3.51664e-06
2.12009e-07 0.00413253 3.54772e-06
2.12009e-07 0.00413254 3.5788e-06
2.12009e-07 0.00413254 3.60988e-06
2.12009e-07 0.00413255 3.64096e-06
2.12009e-07 0.00413255 3.67204e-06
2.12009e-07 0.00413256 3.70312e-06
2.12009e-07 0.00413256 3.7342e-06
2.12009e-07 0.00413257 3.76528e-06
2.12009e-07 0.00413257 3.79636e-06
2.12009e-07 0.00413257 3.82745e-06
2.12009e-07 0.00413258 3.85853e-06
2.12009e-07 0.00413258 3.88961e-06
2.12009e-07 0.00413259 3.92069e-06
2.12009e-07 0.00413259 3.95177e-06
2.12009e-07 0.0041326 3.98285e-06
2.12009e-07 0.0041326 4.01393e-06
2.12009e-07 0.00413261 4.04501e-06
2.12009e-07 0.00413261 4.07609e-06
2.12009e-07 0.00413262 4.10717e-06
2.12009e-07 0.00413262 4.13825e-06
2.12009e-07 0.00413263 4.16933e-06
2.12009e-07 0.00413263 4.20041e-06
2.12009e-07 0.00413263 4.2315e-06
2.12009e-07 0.00413264 4.26258e-06
2.12009e-07 0.00413264 4.29366e-06
2.12009e-07 0.00413265 4.32474e-06
2.12009e-07 0.00413265 4.35582e-06
2.12009e-07 0.00413266 4.3869e-06
2.12009e-07 0.00413266 4.41798e-06
2.12009e-07 0.00413267 4.44906e-06
2.12009e-07 0.00413267 4.48014e-06
2.41475e-07 0.0041323 2.27341e-06
2.41475e-07 0.0041323 2.30449e-06
2.41475e-07 0.00413231 2.33557e-06
2.41475e-07 0.00413231 2.36665e-06
2.41475e-07 0.00413232 2.39773e-06
2.41475e-07 0.00413232 2.42881e-06
2.41475e-07 0.00413233 2.45989e-06
2.41475e-07 0.00413233 2.49097e-06
2.41475e-07 0.00413234 2.52205e-06
2.41475e-07 0.00413234 2.55313e-06
2.41475e-07 0.00413235 2.58421e-06
2.41475e-07 0.00413235 2.61529e-06
2.41475e-07 0.00413235 2.64638e-06
2.41475e-07 0.00413236 2.67746e-06
2.41475e-07 0.00413236 2.70854e-06
2.41475e-07 0.00413237 2.73962e-06
2.41475e-07 0.00413237 2.7707e-06
2.41475e-07 0.00413238 2.80178e-06
2.41475e-07 0.00413238 2.83286e-06
2.41475e-07 0.00413239 2.86394e-06
2.41475e-07 0.00413239 2.89502e-06
2.41475e-07 0.0041324 2.9261e-06
2.41475e-07 0.0041324 2.95718e-06
2.41475e-07 0.00413241 2.98826e-06
2.41475e-07 0.00413241 3.01934e-06
2.41475e-07 0.00413242 3.05043e-06
2.41475e-07 0.00413242 3.08151e-06
2.41475e-07 0.00413242 3.11259e-06
2.41475e-07 0.00413243 3.14367e-06
2.41475e-07 0.00413243 3.17475e-06
2.41475e-07 0.00413244 3.20583e-06
2.41475e-07 0.00413244 3.23691e-06
2.41475e-07 0.00413245 3.26799e-06
2.41475e-07 0.00413245 3.29907e-06
2.41475e-07 0.00413246 3.33015e-06
2.41475e-07 0.00413246 3.36123e-06
2.41475e-07 0.00413247 3.39231e-06
2.41475e-07 0.00413247 3.4234e-06
2.41475e-07 0.00413248 3.45448e-06
2.41475e-07 0.00413248 3.48556e-06
2.41475e-07 0.00413249 3.51664e-06
2.41475e-07 0.00413249 3.54772e-06
2.41475e-07 0.00413249 3.5788e-06
2.41475e-07 0.0041325 3.60988e-06
2.41475e-07 0.0041325 3.64096e-06
2.41475e-07 0.00413251 3.67204e-06
2.41475e-07 0.00413251 3.70312e-06
2.41475e-07 0.00413252 3.7342e-06
2.41475e-07 0.00413252 3.76528e-06
2.41475e-07 0.00413253 3.79636e-06
2.41475e-07 0.00413253 3.82745e-06
2.41475e-07 0.00413254 3.85853e-06
2.41475e-07 0.00413254 3.88961e-06
2.41475e-07 0.00413255 3.92069e-06
2.41475e-07 0.00413255 3.95177e-06
2.41475e-07 0.00413255 3.98285e-06
2.41475e-07 0.00413256 4.01393e-06
2.41475e-07 0.00413256 4.04501e-06
2.41475e-07 0.00413257 4.07609e-06
2.41475e-07 0.00413257 4.10717e-06
2.41475e-07 0.00413258 4.13825e-06
2.41475e-07 0.00413258 4.16933e-06
2.41475e-07 0.00413259 4.20041e-06
2.41475e-07 0.00413259 4.2315e-06
2.41475e-07 0.0041326 4.26258e-06
2.41475e-07 0.0041326 4.29366e-06
2.41475e-07 0.00413261 4.32474e-06
2.41475e-07 0.00413261 4.35582e-06
2.41475e-07 0.00413261 4.3869e-06
2.41475e-07 0.00413262 4.41798e-06
2.41475e-07 0.00413262 4.44906e-06
2.41475e-07 0.00413263 4.48014e-06
2.70941e-07 0.00413226 2.27341e-06
2.70941e-07 0.00413226 2.30449e-06
2.70941e-07 0.00413227 2.33557e-06
2.70941e-07 0.00413227 2.36665e-06
2.70941e-07 0.00413227 2.39773e-06
2.70941e-07 0.00413228 2.42881e-06
2.70941e-07 0.00413228 2.45989e-06
2.70941e-07 0.00413229 2.49097e-06
2.70941e-07 0.00413229 2.52205e-06
2.70941e-07 0.0041323 2.55313e-06
2.70941e-07 0.0041323 2.58421e-06
2.70941e-07 0.00413231 2.61529e-06
2.70941e-07 0.00413231 2.64638e-06
2.70941e-07 0.00413232 2.67746e-06
2.70941e-07 0.00413232 2.70854e-06
2.70941e-07 0.00413233 2.73962e-06
2.70941e-07 0.00413233 2.7707e-06
2.70941e-07 0.00413234 2.80178e-06
2.70941e-07 0.00413234 2.83286e-06
2.70941e-07 0.00413234 2.86394e-06
2.70941e-07 0.00413235 2.89502e-06
2.70941e-07 0.00413235 2.9261e-06
2.70941e-07 0.00413236 2.95718e-06
2.70941e-07 0.00413236 2.98826e-06
2.70941e-07 0.00413237 3.01934e-06
2.70941e-07 0.00413237 3.05043e-06
2.70941e-07 0.00413238 3.08151e-06
2.70941e-07 0.00413238 3.11259e-06
2.70941e-07 0.00413239 3.14367e-06
2.70941e-07 0.00413239 3.17475e-06
2.70941e-07 0.0041324 3.20583e-06
2.70941e-07 0.0041324 3.23691e-06
2.70941e-07 0.0041324 3.26799e-06
2.70941e-07 0.00413241 3.29907e-06
2.70941e-07 0.00413241 3.33015e-06
2.70941e-07 0.00413242 3.36123e-06
2.70941e-07 0.00413242 3.39231e-06
2.70941e-07 0.00413243 3.4234e-06
2.70941e-07 0.00413243 3.45448e-06
2.70941e-07 0.00413244 3.48556e-06
2.70941e-07 0.00413244 3.51664e-06
2.70941e-07 0.00413245 3.54772e-06
2.70941e-07 0.00413245 3.5788e-06
2.70941e-07 0.00413246 3.60988e-06
2.70941e-07 0.00413246 3.64096e-06
2.70941e-07 0.00413247 3.67204e-06
2.70941e-07 0.00413247 3.70312e-06
2.70941e-07 0.00413247 3.7342e-06
2.70941e-07 0.00413248 3.76528e-06
2.70941e-07 0.00413248 3.79636e-06
2.70941e-07 0.00413249 3.82745e-06
2.70941e-07 0.00413249 3.85853e-06
2.70941e-07 0.0041325 3.88961e-06
2.70941e-07 0.0041325 3.92069e-06
2.70941e-07 0.00413251 3.95177e-06
2.70941e-07 0.00413251 3.98285e-06
2.70941e-07 0.00413252 4.01393e-06
2.70941e-07 0.00413252 4.04501e-06
2.70941e-07 0.00413253 4.07609e-06
2.70941e-07 0.00413253 4.10717e-06
2.70941e-07 0.00413253 4.13825e-06
2.70941e-07 0.00413254 4.16933e-06
2.70941e-07 0.00413254 4.20041e-06
2.70941e-07 0.00413255 4.2315e-06
2.70941e-07 0.00413255 4.26258e-06
2.70941e-07 0.00413256 4.29366e-06
2.70941e-07 0.00413256 4.32474e-06
2.70941e-07 0.00413257 4.35582e-06
2.70941e-07 0.00413257 4.3869e-06
2.70941e-07 0.00413258 4.41798e-06
2.70941e-07 0.00413258 4.44906e-06
2.70941e-07 0.00413259 4.48014e-06
3.00408e-07 0.00413221 2.27341e-06
3.00408e-07 0.00413222 2.30449e-06
3.00408e-07 0.00413222 2.33557e-06
3.00408e-07 0.00413223 2.36665e-06
3.00408e-07 0.00413223 2.39773e-06
3.00408e-07 0.00413224 2.42881e-06
3.00408e-07 0.00413224 2.45989e-06
3.00408e-07 0.00413225 2.49097e-06
3.00408e-07 0.00413225 2.52205e-06
3.00408e-07 0.00413225 2.55313e-06
3.00408e-07 0.00413226 2.58421e-06
3.00408e-07 0.00413226 2.61529e-06
3.00408e-07 0.00413227 2.64638e-06
3.00408e-07 0.00413227 2.67746e-06
3.00408e-07 0.00413228 2.70854e-06
3.00408e-07 0.00413228 2.73962e-06
3.00408e-07 0.00413229 2.7707e-06
3.00408e-07 0.00413229 2.80178e-06
3.00408e-07 0.0041323 2.83286e-06
3.00408e-07 0.0041323 2.86394e-06
3.00408e-07 0.00413231 2.89502e-06
3.00408e-07 0.00413231 2.9261e-06
3.00408e-07 0.00413232 2.95718e-06
3.00408e-07 0.00413232 2.98826e-06
3.00408e-07 0.00413232 3.01934e-06
3.00408e-07 0.00413233 3.05043e-06
3.00408e-07 0.00413233 3.08151e-06
3.00408e-07 0.00413234 3.11259e-06
3.00408e-07 0.00413234 3.14367e-06
3.00408e-07 0.00413235 3.17475e-06
3.00408e-07 0.00413235 3.20583e-06
3.00408e-07 0.00413236 3.23691e-06
3.00408e-07 0.00413236 3.26799e-06
3.00408e-07 0.00413237 3.29907e-06
3.00408e-07 0.00413237 3.33015e-06
3.00408e-07 0.00413238 3.36123e-06
3.00408e-07 0.00413238 3.39231e-06
3.00408e-07 0.00413239 3.4234e-06
3.00408e-07 0.00413239 3.45448e-06
3.00408e-07 0.00413239 3.48556e-06
3.00408e-07 0.0041324 3.51664e-06
3.00408e-07 0.0041324 3.54772e-06
3.00408e-07 0.00413241 3.5788e-06
3.00408e-07 0.00413241 3.60988e-06
3.00408e-07 0.00413242 3.64096e-06
3.00408e-07 0.00413242 3.67204e-06
3.00408e-07 0.00413243 3.70312e-06
3.00408e-07 0.00413243 3.7342e-06
3.00408e-07 0.00413244 3.76528e-06
3.00408e-07 0.00413244 3.79636e-06
3.00408e-07 0.00413245 3.82745e-06
3.00408e-07 0.00413245 3.85853e-06
3.00408e-07 0.00413245 3.88961e-06
3.00408e-07 0.00413246 3.92069e-06
3.00408e-07 0.00413246 3.95177e-06
3.00408e-07 0.00413247 3.98285e-06
3.00408e-07 0.00413247 4.01393e-06
3.00408e-07 0.00413248 4.04501e-06
3.00408e-07 0.00413248 4.07609e-06
3.00408e-07 0.00413249 4.10717e-06
3.00408e-07 0.00413249 4.13825e-06
3.00408e-07 0.0041325 4.16933e-06
3.00408e-07 0.0041325 4.20041e-06
3.00408e-07 0.00413251 4.2315e-06
3.00408e-07 0.00413251 4.26258e-06
3.00408e-07 0.00413252 4.29366e-06
3.00408e-07 0.00413252 4.32474e-06
3.00408e-07 0.00413252 4.35582e-06
3.00408e-07 0.00413253 4.3869e-06
3.00408e-07 0.00413253 4.41798e-06
3.00408e-07 0.00413254 4.44906e-06
3.00408e-07 0.00413254 4.48014e-06
3.29874e-07 0.00413217 2.27341e-06
3.29874e-07 0.00413217 2.30449e-06
3.29874e-07 0.00413218 2.33557e-06
3.29874e-07 0.00413218 2.36665e-06
3.29874e-07 0.00413219 2.39773e-06
3.29874e-07 0.00413219 2.42881e-06
3.29874e-07 0.0041322 2.45989e-06
3.29874e-07 0.0041322 2.49097e-06
3.29874e-07 0.00413221 2.52205e-06
3.29874e-07 0.00413221 2.55313e-06
3.29874e-07 0.00413222 2.58421e-06
3.29874e-07 0.00413222 2.61529e-06
3.29874e-07 0.00413223 2.64638e-06
3.29874e-07 0.00413223 2.67746e-06
3.29874e-07 0.00413224 2.70854e-06
3.29874e-07 0.00413224 2.73962e-06
3.29874e-07 0.00413224 2.7707e-06
3.29874e-07 0.00413225 2.80178e-06
3.29874e-07 0.00413225 2.83286e-06
3.29874e-07 0.00413226 2.86394e-06
3.29874e-07 0.00413226 2.89502e-06
3.29874e-07 0.00413227 2.9261e-06
3.29874e-07 0.00413227 2.95718e-06
3.29874e-07 0.00413228 2.98826e-06
3.29874e-07 0.00413228 3.01934e-06
3.29874e-07 0.00413229 3.05043e-06
3.29874e-07 0.00413229 3.08151e-06
3.29874e-07 0.0041323 3.11259e-06
3.29874e-07 0.0041323 3.14367e-06
3.29874e-07 0.00413231 3.17475e-06
3.29874e-07 0.00413231 3.20583e-06
3.29874e-07 0.00413231 3.23691e-06
3.29874e-07 0.00413232 3.26799e-06
3.29874e-07 0.00413232 3.29907e-06
3.29874e-07 0.00413233 3.33015e-06
3.29874e-07 0.00413233 3.36123e-06
3.29874e-07 0.00413234 3.39231e-06
3.29874e-07 0.00413234 3.4234e-06
3.29874e-07 0.00413235 3.45448e-06
3.29874e-07 0.00413235 3.48556e-06
3.29874e-07 0.00413236 3.51664e-06
3.29874e-07 0.00413236 3.54772e-06
3.29874e-07 0.00413237 3.5788e-06
3.29874e-07 0.00413237 3.60988e-06
3.29874e-07 0.00413237 3.64096e-06
3.29874e-07 0.00413238 3.67204e-06
3.29874e-07 0.00413238 3.70312e-06
3.29874e-07 0.00413239 3.7342e-06
3.29874e-07 0.00413239 3.76528e-06
3.29874e-07 0.0041324 3.79636e-06
3.29874e-07 0.0041324 3.82745e-06
3.29874e-07 0.00413241 3.85853e-06
3.29874e-07 0.00413241 3.88961e-06
3.29874e-07 0.00413242 3.92069e-06
3.29874e-07 0.00413242 3.95177e-06
3.29874e-07 0.00413243 3.98285e-06
3.29874e-07 0.00413243 4.01393e-06
3.29874e-07 0.00413244 4.04501e-06
3.29874e-07 0.00413244 4.07609e-06
3.29874e-07 0.00413244 4.10717e-06
3.29874e-07 0.00413245 4.13825e-06
3.29874e-07 0.00413245 4.16933e-06
3.29874e-07 0.00413246 4.20041e-06
3.29874e-07 0.00413246 4.2315e-06
3.29874e-07 0.00413247 4.26258e-06
3.29874e-07 0.00413247 4.29366e-06
3.29874e-07 0.00413248 4.32474e-06
3.29874e-07 0.00413248 4.35582e-06
3.29874e-07 0.00413249 4.3869e-06
3.29874e-07 0.00413249 4.41798e-06
3.29874e-07 0.0041325 4.44906e-06
3.29874e-07 0.0041325 4.48014e-06
3.75841e-07 0.00413244 4.51122e-06
3.5934e-07 0.00413246 4.51122e-06
3.75841e-07 0.00413243 4.48014e-06
3.5934e-07 0.00413246 4.48014e-06
3.75841e-07 0.00413243 4.44906e-06
3.5934e-07 0.00413245 4.44906e-06
3.75841e-07 0.00413242 4.41798e-06
3.5934e-07 0.00413245 4.41798e-06
3.75841e-07 0.00413242 4.3869e-06
3.5934e-07 0.00413244 4.3869e-06
3.75841e-07 0.00413241 4.35582e-06
3.5934e-07 0.00413244 4.35582e-06
3.75841e-07 0.00413241 4.32474e-06
3.5934e-07 0.00413243 4.32474e-06
3.75841e-07 0.00413241 4.29366e-06
3.5934e-07 0.00413243 4.29366e-06
3.75841e-07 0.0041324 4.26258e-06
3.5934e-07 0.00413242 4.26258e-06
3.75841e-07 0.0041324 4.2315e-06
3.5934e-07 0.00413242 4.2315e-06
3.75841e-07 0.00413239 4.20041e-06
3.5934e-07 0.00413242 4.20041e-06
3.75841e-07 0.00413239 4.16933e-06
3.5934e-07 0.00413241 4.16933e-06
3.75841e-07 0.00413238 4.13825e-06
3.5934e-07 0.00413241 4.13825e-06
3.75841e-07 0.00413238 4.10717e-06
3.5934e-07 0.0041324 4.10717e-06
3.75841e-07 0.00413237 4.07609e-06
3.5934e-07 0.0041324 4.07609e-06
3.75841e-07 0.00413237 4.04501e-06
3.5934e-07 0.00413239 4.04501e-06
3.75841e-07 0.00413236 4.01393e-06
3.5934e-07 0.00413239 4.01393e-06
3.75841e-07 0.00413236 3.98285e-06
3.5934e-07 0.00413238 3.98285e-06
3.75841e-07 0.00413235 3.95177e-06
3.5934e-07 0.00413238 3.95177e-06
3.75841e-07 0.00413235 3.92069e-06
3.5934e-07 0.00413237 3.92069e-06
3.75841e-07 0.00413235 3.88961e-06
3.5934e-07 0.00413237 3.88961e-06
3.75841e-07 0.00413234 3.85853e-06
3.5934e-07 0.00413236 3.85853e-06
3.75841e-07 0.00413234 3.82745e-06
3.5934e-07 0.00413236 3.82745e-06
3.75841e-07 0.00413233 3.79636e-06
3.5934e-07 0.00413236 3.79636e-06
3.75841e-07 0.00413233 3.76528e-06
3.5934e-07 0.00413235 3.76528e-06
3.75841e-07 0.00413232 3.7342e-06
3.5934e-07 0.00413235 3.7342e-06
3.75841e-07 0.00413232 3.70312e-06
3.5934e-07 0.00413234 3.70312e-06
3.75841e-07 0.00413231 3.67204e-06
3.5934e-07 0.00413234 3.67204e-06
3.75841e-07 0.00413231 3.64096e-06
3.5934e-07 0.00413233 3.64096e-06
3.75841e-07 0.0041323 3.60988e-06
3.5934e-07 0.00413233 3.60988e-06
3.75841e-07 0.0041323 3.5788e-06
3.5934e-07 0.00413232 3.5788e-06
3.75841e-07 0.00413229 3.54772e-06
3.5934e-07 0.00413232 3.54772e-06
3.75841e-07 0.00413229 3.51664e-06
3.5934e-07 0.00413231 3.51664e-06
3.75841e-07 0.00413228 3.48556e-06
3.5934e-07 0.00413231 3.48556e-06
3.75841e-07 0.00413228 3.45448e-06
3.5934e-07 0.0041323 3.45448e-06
3.75841e-07 0.00413228 3.4234e-06
3.5934e-07 0.0041323 3.4234e-06
3.75841e-07 0.00413227 3.39231e-06
3.5934e-07 0.00413229 3.39231e-06
3.75841e-07 0.00413227 3.36123e-06
3.5934e-07 0.00413229 3.36123e-06
3.75841e-07 0.00413226 3.33015e-06
3.5934e-07 0.00413229 3.33015e-06
3.75841e-07 0.00413226 3.29907e-06
3.5934e-07 0.00413228 3.29907e-06
3.75841e-07 0.00413225 3.26799e-06
3.5934e-07 0.00413228 3.26799e-06
3.75841e-07 0.00413225 3.23691e-06
3.5934e-07 0.00413227 3.23691e-06
3.75841e-07 0.00413224 3.20583e-06
3.5934e-07 0.00413227 3.20583e-06
3.75841e-07 0.00413224 3.17475e-06
3.5934e-07 0.00413226 3.17475e-06
3.75841e-07 0.00413223 3.14367e-06
3.5934e-07 0.00413226 3.14367e-06
3.75841e-07 0.00413223 3.11259e-06
3.5934e-07 0.00413225 3.11259e-06
3.75841e-07 0.00413222 3.08151e-06
3.5934e-07 0.00413225 3.08151e-06
3.75841e-07 0.00413222 3.05043e-06
3.5934e-07 0.00413224 3.05043e-06
3.75841e-07 0.00413221 3.01934e-06
3.5934e-07 0.00413224 3.01934e-06
3.75841e-07 0.00413221 2.98826e-06
3.5934e-07 0.00413223 2.98826e-06
3.75841e-07 0.00413221 2.95718e-06
3.5934e-07 0.00413223 2.95718e-06
3.75841e-07 0.0041322 2.9261e-06
3.5934e-07 0.00413223 2.9261e-06
3.75841e-07 0.0041322 2.89502e-06
3.5934e-07 0.00413222 2.89502e-06
3.75841e-07 0.00413219 2.86394e-06
3.5934e-07 0.00413222 2.86394e-06
3.75841e-07 0.00413219 2.83286e-06
3.5934e-07 0.00413221 2.83286e-06
3.75841e-07 0.00413218 2.80178e-06
3.5934e-07 0.00413221 2.80178e-06
3.75841e-07 0.00413218 2.7707e-06
3.5934e-07 0.0041322 2.7707e-06
3.75841e-07 0.00413217 2.73962e-06
3.5934e-07 0.0041322 2.73962e-06
3.75841e-07 0.00413217 2.70854e-06
3.5934e-07 0.00413219 2.70854e-06
3.75841e-07 0.00413216 2.67746e-06
3.5934e-07 0.00413219 2.67746e-06
3.75841e-07 0.00413216 2.64638e-06
3.5934e-07 0.00413218 2.64638e-06
3.75841e-07 0.00413215 2.61529e-06
3.5934e-07 0.00413218 2.61529e-06
3.75841e-07 0.00413215 2.58421e-06
3.5934e-07 0.00413217 2.58421e-06
3.75841e-07 0.00413215 2.55313e-06
3.5934e-07 0.00413217 2.55313e-06
3.75841e-07 0.00413214 2.52205e-06
3.5934e-07 0.00413216 2.52205e-06
3.75841e-07 0.00413214 2.49097e-06
3.5934e-07 0.00413216 2.49097e-06
3.75841e-07 0.00413213 2.45989e-06
3.5934e-07 0.00413216 2.45989e-06
3.75841e-07 0.00413213 2.42881e-06
3.5934e-07 0.00413215 2.42881e-06
3.75841e-07 0.00413212 2.39773e-06
3.5934e-07 0.00413215 2.39773e-06
3.75841e-07 0.00413212 2.36665e-06
3.5934e-07 0.00413214 2.36665e-06
3.75841e-07 0.00413211 2.33557e-06
3.5934e-07 0.00413214 2.33557e-06
3.75841e-07 0.00413211 2.30449e-06
3.5934e-07 0.00413213 2.30449e-06
3.75841e-07 0.0041321 2.27341e-06
3.5934e-07 0.00413213 2.27341e-06
3.75841e-07 0.0041321 2.24233e-06
3.5934e-07 0.00413212 2.24233e-06
1.53077e-07 0.00413276 4.51122e-06
1.36576e-07 0.00413279 4.51122e-06
1.53077e-07 0.00413276 4.48014e-06
1.36576e-07 0.00413278 4.48014e-06
1.53077e-07 0.00413275 4.44906e-06
1.36576e-07 0.00413278 4.44906e-06
1.53077e-07 0.00413275 4.41798e-06
1.36576e-07 0.00413277 4.41798e-06
1.53077e-07 0.00413274 4.3869e-06
1.36576e-07 0.00413277 4.3869e-06
1.53077e-07 0.00413274 4.35582e-06
1.36576e-07 0.00413276 4.35582e-06
1.53077e-07 0.00413273 4.32474e-06
1.36576e-07 0.00413276 4.32474e-06
1.53077e-07 0.00413273 4.29366e-06
1.36576e-07 0.00413275 4.29366e-06
1.53077e-07 0.00413273 4.26258e-06
1.36576e-07 0.00413275 4.26258e-06
1.53077e-07 0.00413272 4.2315e-06
1.36576e-07 0.00413274 4.2315e-06
1.53077e-07 0.00413272 4.20041e-06
1.36576e-07 0.00413274 4.20041e-06
1.53077e-07 0.00413271 4.16933e-06
1.36576e-07 0.00413274 4.16933e-06
1.53077e-07 0.00413271 4.13825e-06
1.36576e-07 0.00413273 4.13825e-06
1.53077e-07 0.0041327 4.10717e-06
1.36576e-07 0.00413273 4.10717e-06
1.53077e-07 0.0041327 4.07609e-06
1.36576e-07 0.00413272 4.07609e-06
1.53077e-07 0.00413269 4.04501e-06
1.36576e-07 0.00413272 4.04501e-06
1.53077e-07 0.00413269 4.01393e-06
1.36576e-07 0.00413271 4.01393e-06
1.53077e-07 0.00413268 3.98285e-06
1.36576e-07 0.00413271 3.98285e-06
1.53077e-07 0.00413268 3.95177e-06
1.36576e-07 0.0041327 3.95177e-06
1.53077e-07 0.00413267 3.92069e-06
1.36576e-07 0.0041327 3.92069e-06
1.53077e-07 0.00413267 3.88961e-06
1.36576e-07 0.00413269 3.88961e-06
1.53077e-07 0.00413266 3.85853e-06
1.36576e-07 0.00413269 3.85853e-06
1.53077e-07 0.00413266 3.82745e-06
1.36576e-07 0.00413268 3.82745e-06
1.53077e-07 0.00413266 3.79636e-06
1.36576e-07 0.00413268 3.79636e-06
1.53077e-07 0.00413265 3.76528e-06
1.36576e-07 0.00413267 3.76528e-06
1.53077e-07 0.00413265 3.7342e-06
1.36576e-07 0.00413267 3.7342e-06
1.53077e-07 0.00413264 3.70312e-06
1.36576e-07 0.00413267 3.70312e-06
1.53077e-07 0.00413264 3.67204e-06
1.36576e-07 0.00413266 3.67204e-06
1.53077e-07 0.00413263 3.64096e-06
1.36576e-07 0.00413266 3.64096e-06
1.53077e-07 0.00413263 3.60988e-06
1.36576e-07 0.00413265 3.60988e-06
1.53077e-07 0.00413262 3.5788e-06
1.36576e-07 0.00413265 3.5788e-06
1.53077e-07 0.00413262 3.54772e-06
1.36576e-07 0.00413264 3.54772e-06
1.53077e-07 0.00413261 3.51664e-06
1.36576e-07 0.00413264 3.51664e-06
1.53077e-07 0.00413261 3.48556e-06
1.36576e-07 0.00413263 3.48556e-06
1.53077e-07 0.0041326 3.45448e-06
1.36576e-07 0.00413263 3.45448e-06
1.53077e-07 0.0041326 3.4234e-06
1.36576e-07 0.00413262 3.4234e-06
1.53077e-07 0.00413259 3.39231e-06
1.36576e-07 0.00413262 3.39231e-06
1.53077e-07 0.00413259 3.36123e-06
1.36576e-07 0.00413261 3.36123e-06
1.53077e-07 0.00413259 3.33015e-06
1.36576e-07 0.00413261 3.33015e-06
1.53077e-07 0.00413258 3.29907e-06
1.36576e-07 0.00413261 3.29907e-06
1.53077e-07 0.00413258 3.26799e-06
1.36576e-07 0.0041326 3.26799e-06
1.53077e-07 0.00413257 3.23691e-06
1.36576e-07 0.0041326 3.23691e-06
1.53077e-07 0.00413257 3.20583e-06
1.36576e-07 0.00413259 3.20583e-06
1.53077e-07 0.00413256 3.17475e-06
1.36576e-07 0.00413259 3.17475e-06
1.53077e-07 0.00413256 3.14367e-06
1.36576e-07 0.00413258 3.14367e-06
1.53077e-07 0.00413255 3.11259e-06
1.36576e-07 0.00413258 3.11259e-06
1.53077e-07 0.00413255 3.08151e-06
1.36576e-07 0.00413257 3.08151e-06
1.53077e-07 0.00413254 3.05043e-06
1.36576e-07 0.00413257 3.05043e-06
1.53077e-07 0.00413254 3.01934e-06
1.36576e-07 0.00413256 3.01934e-06
1.53077e-07 0.00413253 2.98826e-06
1.36576e-07 0.00413256 2.98826e-06
1.53077e-07 0.00413253 2.95718e-06
1.36576e-07 0.00413255 2.95718e-06
1.53077e-07 0.00413253 2.9261e-06
1.36576e-07 0.00413255 2.9261e-06
1.53077e-07 0.00413252 2.89502e-06
1.36576e-07 0.00413254 2.89502e-06
1.53077e-07 0.00413252 2.86394e-06
1.36576e-07 0.00413254 2.86394e-06
1.53077e-07 0.00413251 2.83286e-06
1.36576e-07 0.00413254 2.83286e-06
1.53077e-07 0.00413251 2.80178e-06
1.36576e-07 0.00413253 2.80178e-06
1.53077e-07 0.0041325 2.7707e-06
1.36576e-07 0.00413253 2.7707e-06
1.53077e-07 0.0041325 2.73962e-06
1.36576e-07 0.00413252 2.73962e-06
1.53077e-07 0.00413249 2.70854e-06
1.36576e-07 0.00413252 2.70854e-06
1.53077e-07 0.00413249 2.67746e-06
1.36576e-07 0.00413251 2.67746e-06
1.53077e-07 0.00413248 2.64638e-06
1.36576e-07 0.00413251 2.64638e-06
1.53077e-07 0.00413248 2.61529e-06
1.36576e-07 0.0041325 2.61529e-06
1.53077e-07 0.00413247 2.58421e-06
1.36576e-07 0.0041325 2.58421e-06
1.53077e-07 0.00413247 2.55313e-06
1.36576e-07 0.00413249 2.55313e-06
1.53077e-07 0.00413246 2.52205e-06
1.36576e-07 0.00413249 2.52205e-06
1.53077e-07 0.00413246 2.49097e-06
1.36576e-07 0.00413248 2.49097e-06
1.53077e-07 0.00413246 2.45989e-06
1.36576e-07 0.00413248 2.45989e-06
1.53077e-07 0.00413245 2.42881e-06
1.36576e-07 0.00413247 2.42881e-06
1.53077e-07 0.00413245 2.39773e-06
1.36576e-07 0.00413247 2.39773e-06
1.53077e-07 0.00413244 2.36665e-06
1.36576e-07 0.00413247 2.36665e-06
1.53077e-07 0.00413244 2.33557e-06
1.36576e-07 0.00413246 2.33557e-06
1.53077e-07 0.00413243 2.30449e-06
1.36576e-07 0.00413246 2.30449e-06
1.53077e-07 0.00413243 2.27341e-06
1.36576e-07 0.00413245 2.27341e-06
1.53077e-07 0.00413242 2.24233e-06
1.36576e-07 0.00413245 2.24233e-06
