-2.22184e-09 0.00101445 -7.76223e-08
-2.22184e-09 0.00101446 -2.89329e-09
-9.01539e-09 0.00101445 -7.76223e-08
-9.01539e-09 0.00101445 -2.89329e-09
-2.22184e-09 0.00101445 -7.65986e-08
-2.22184e-09 0.00101445 -7.55749e-08
-2.22184e-09 0.00101445 -7.45513e-08
-2.22184e-09 0.00101445 -7.35276e-08
-2.22184e-09 0.00101445 -7.25039e-08
-2.22184e-09 0.00101445 -7.14802e-08
-2.22184e-09 0.00101445 -7.04565e-08
-2.22184e-09 0.00101445 -6.94328e-08
-2.22184e-09 0.00101445 -6.84091e-08
-2.22184e-09 0.00101445 -6.73855e-08
-2.22184e-09 0.00101445 -6.63618e-08
-2.22184e-09 0.00101445 -6.53381e-08
-2.22184e-09 0.00101445 -6.43144e-08
-2.22184e-09 0.00101445 -6.32907e-08
-2.22184e-09 0.00101445 -6.2267e-08
-2.22184e-09 0.00101445 -6.12433e-08
-2.22184e-09 0.00101445 -6.02197e-08
-2.22184e-09 0.00101445 -5.9196e-08
-2.22184e-09 0.00101445 -5.81723e-08
-2.22184e-09 0.00101445 -5.71486e-08
-2.22184e-09 0.00101445 -5.61249e-08
-2.22184e-09 0.00101445 -5.51012e-08
-2.22184e-09 0.00101445 -5.40775e-08
-2.22184e-09 0.00101445 -5.30539e-08
-2.22184e-09 0.00101445 -5.20302e-08
-2.22184e-09 0.00101445 -5.10065e-08
-2.22184e-09 0.00101445 -4.99828e-08
-2.22184e-09 0.00101445 -4.89591e-08
-2.22184e-09 0.00101445 -4.79354e-08
-2.22184e-09 0.00101445 -4.69118e-08
-2.22184e-09 0.00101445 -4.58881e-08
-2.22184e-09 0.00101445 -4.48644e-08
-2.22184e-09 0.00101445 -4.38407e-08
-2.22184e-09 0.00101445 -4.2817e-08
-2.22184e-09 0.00101445 -4.17933e-08
-2.22184e-09 0.00101445 -4.07696e-08
-2.22184e-09 0.00101445 -3.9746e-08
-2.22184e-09 0.00101445 -3.87223e-08
-2.22184e-09 0.00101445 -3.76986e-08
-2.22184e-09 0.00101445 -3.66749e-08
-2.22184e-09 0.00101445 -3.56512e-08
-2.22184e-09 0.00101445 -3.46275e-08
-2.22184e-09 0.00101445 -3.36038e-08
-2.22184e-09 0.00101445 -3.25802e-08
-2.22184e-09 0.00101445 -3.15565e-08
-2.22184e-09 0.00101445 -3.05328e-08
-2.22184e-09 0.00101445 -2.95091e-08
-2.22184e-09 0.00101445 -2.84854e-08
-2.22184e-09 0.00101445 -2.74617e-08
-2.22184e-09 0.00101445 -2.6438e-08
-2.22184e-09 0.00101445 -2.54144e-08
-2.22184e-09 0.00101445 -2.43907e-08
-2.22184e-09 0.00101445 -2.3367e-08
-2.22184e-09 0.00101445 -2.23433e-08
-2.22184e-09 0.00101445 -2.13196e-08
-2.22184e-09 0.00101446 -2.02959e-08
-2.22184e-09 0.00101446 -1.92722e-08
-2.22184e-09 0.00101446 -1.82486e-08
-2.22184e-09 0.00101446 -1.72249e-08
-2.22184e-09 0.00101446 -1.62012e-08
-2.22184e-09 0.00101446 -1.51775e-08
-2.22184e-09 0.00101446 -1.41538e-08
-2.22184e-09 0.00101446 -1.31301e-08
-2.22184e-09 0.00101446 -1.21065e-08
-2.22184e-09 0.00101446 -1.10828e-08
-2.22184e-09 0.00101446 -1.00591e-08
-2.22184e-09 0.00101446 -9.0354e-09
-2.22184e-09 0.00101446 -8.01171e-09
-2.22184e-09 0.00101446 -6.98803e-09
-2.22184e-09 0.00101446 -5.96434e-09
-2.22184e-09 0.00101446 -4.94066e-09
-2.22184e-09 0.00101446 -3.91697e-09
-3.19235e-09 0.00101446 -2.89329e-09
-4.16286e-09 0.00101446 -2.89329e-09
-5.13336e-09 0.00101446 -2.89329e-09
-6.10387e-09 0.00101445 -2.89329e-09
-7.07438e-09 0.00101445 -2.89329e-09
-8.04488e-09 0.00101445 -2.89329e-09
-3.19235e-09 0.00101445 -7.76223e-08
-4.16286e-09 0.00101445 -7.76223e-08
-5.13336e-09 0.00101445 -7.76223e-08
-6.10387e-09 0.00101445 -7.76223e-08
-7.07438e-09 0.00101445 -7.76223e-08
-8.04488e-09 0.00101445 -7.76223e-08
-9.01539e-09 0.00101445 -3.91697e-09
-9.01539e-09 0.00101445 -4.94066e-09
-9.01539e-09 0.00101445 -5.96434e-09
-9.01539e-09 0.00101445 -6.98803e-09
-9.01539e-09 0.00101445 -8.01171e-09
-9.01539e-09 0.00101445 -9.0354e-09
-9.01539e-09 0.00101445 -1.00591e-08
-9.01539e-09 0.00101445 -1.10828e-08
-9.01539e-09 0.00101445 -1.21065e-08
-9.01539e-09 0.00101445 -1.31301e-08
-9.01539e-09 0.00101445 -1.41538e-08
-9.01539e-09 0.00101445 -1.51775e-08
-9.01539e-09 0.00101445 -1.62012e-08
-9.01539e-09 0.00101445 -1.72249e-08
-9.01539e-09 0.00101445 -1.82486e-08
-9.01539e-09 0.00101445 -1.92722e-08
-9.01539e-09 0.00101445 -2.02959e-08
-9.01539e-09 0.00101445 -2.13196e-08
-9.01539e-09 0.00101445 -2.23433e-08
-9.01539e-09 0.00101445 -2.3367e-08
-9.01539e-09 0.00101445 -2.43907e-08
-9.01539e-09 0.00101445 -2.54144e-08
-9.01539e-09 0.00101445 -2.6438e-08
-9.01539e-09 0.00101445 -2.74617e-08
-9.01539e-09 0.00101445 -2.84854e-08
-9.01539e-09 0.00101445 -2.95091e-08
-9.01539e-09 0.00101445 -3.05328e-08
-9.01539e-09 0.00101445 -3.15565e-08
-9.01539e-09 0.00101445 -3.25802e-08
-9.01539e-09 0.00101445 -3.36038e-08
-9.01539e-09 0.00101445 -3.46275e-08
-9.01539e-09 0.00101445 -3.56512e-08
-9.01539e-09 0.00101445 -3.66749e-08
-9.01539e-09 0.00101445 -3.76986e-08
-9.01539e-09 0.00101445 -3.87223e-08
-9.01539e-09 0.00101445 -3.9746e-08
-9.01539e-09 0.00101445 -4.07696e-08
-9.01539e-09 0.00101445 -4.17933e-08
-9.01539e-09 0.00101445 -4.2817e-08
-9.01539e-09 0.00101445 -4.38407e-08
-9.01539e-09 0.00101445 -4.48644e-08
-9.01539e-09 0.00101445 -4.58881e-08
-9.01539e-09 0.00101445 -4.69118e-08
-9.01539e-09 0.00101445 -4.79354e-08
-9.01539e-09 0.00101445 -4.89591e-08
-9.01539e-09 0.00101445 -4.99828e-08
-9.01539e-09 0.00101445 -5.10065e-08
-9.01539e-09 0.00101445 -5.20302e-08
-9.01539e-09 0.00101445 -5.30539e-08
-9.01539e-09 0.00101445 -5.40775e-08
-9.01539e-09 0.00101445 -5.51012e-08
-9.01539e-09 0.00101445 -5.61249e-08
-9.01539e-09 0.00101445 -5.71486e-08
-9.01539e-09 0.00101445 -5.81723e-08
-9.01539e-09 0.00101445 -5.9196e-08
-9.01539e-09 0.00101445 -6.02197e-08
-9.01539e-09 0.00101445 -6.12433e-08
-9.01539e-09 0.00101445 -6.2267e-08
-9.01539e-09 0.00101445 -6.32907e-08
-9.01539e-09 0.00101445 -6.43144e-08
-9.01539e-09 0.00101445 -6.53381e-08
-9.01539e-09 0.00101445 -6.63618e-08
-9.01539e-09 0.00101445 -6.73855e-08
-9.01539e-09 0.00101445 -6.84091e-08
-9.01539e-09 0.00101445 -6.94328e-08
-9.01539e-09 0.00101445 -7.04565e-08
-9.01539e-09 0.00101445 -7.14802e-08
-9.01539e-09 0.00101445 -7.25039e-08
-9.01539e-09 0.00101445 -7.35276e-08
-9.01539e-09 0.00101445 -7.45513e-08
-9.01539e-09 0.00101445 -7.55749e-08
-9.01539e-09 0.00101445 -7.65986e-08
-3.19235e-09 0.00101446 -3.91697e-09
-3.19235e-09 0.00101446 -4.94066e-09
-3.19235e-09 0.00101446 -5.96434e-09
-3.19235e-09 0.00101446 -6.98803e-09
-3.19235e-09 0.00101446 -8.01171e-09
-3.19235e-09 0.00101446 -9.0354e-09
-3.19235e-09 0.00101446 -1.00591e-08
-3.19235e-09 0.00101446 -1.10828e-08
-3.19235e-09 0.00101446 -1.21065e-08
-3.19235e-09 0.00101446 -1.31301e-08
-3.19235e-09 0.00101446 -1.41538e-08
-3.19235e-09 0.00101446 -1.51775e-08
-3.19235e-09 0.00101445 -1.62012e-08
-3.19235e-09 0.00101445 -1.72249e-08
-3.19235e-09 0.00101445 -1.82486e-08
-3.19235e-09 0.00101445 -1.92722e-08
-3.19235e-09 0.00101445 -2.02959e-08
-3.19235e-09 0.00101445 -2.13196e-08
-3.19235e-09 0.00101445 -2.23433e-08
-3.19235e-09 0.00101445 -2.3367e-08
-3.19235e-09 0.00101445 -2.43907e-08
-3.19235e-09 0.00101445 -2.54144e-08
-3.19235e-09 0.00101445 -2.6438e-08
-3.19235e-09 0.00101445 -2.74617e-08
-3.19235e-09 0.00101445 -2.84854e-08
-3.19235e-09 0.00101445 -2.95091e-08
-3.19235e-09 0.00101445 -3.05328e-08
-3.19235e-09 0.00101445 -3.15565e-08
-3.19235e-09 0.00101445 -3.25802e-08
-3.19235e-09 0.00101445 -3.36038e-08
-3.19235e-09 0.00101445 -3.46275e-08
-3.19235e-09 0.00101445 -3.56512e-08
-3.19235e-09 0.00101445 -3.66749e-08
-3.19235e-09 0.00101445 -3.76986e-08
-3.19235e-09 0.00101445 -3.87223e-08
-3.19235e-09 0.00101445 -3.9746e-08
-3.19235e-09 0.00101445 -4.07696e-08
-3.19235e-09 0.00101445 -4.17933e-08
-3.19235e-09 0.00101445 -4.2817e-08
-3.19235e-09 0.00101445 -4.38407e-08
-3.19235e-09 0.00101445 -4.48644e-08
-3.19235e-09 0.00101445 -4.58881e-08
-3.19235e-09 0.00101445 -4.69118e-08
-3.19235e-09 0.00101445 -4.79354e-08
-3.19235e-09 0.00101445 -4.89591e-08
-3.19235e-09 0.00101445 -4.99828e-08
-3.19235e-09 0.00101445 -5.10065e-08
-3.19235e-09 0.00101445 -5.20302e-08
-3.19235e-09 0.00101445 -5.30539e-08
-3.19235e-09 0.00101445 -5.40775e-08
-3.19235e-09 0.00101445 -5.51012e-08
-3.19235e-09 0.00101445 -5.61249e-08
-3.19235e-09 0.00101445 -5.71486e-08
-3.19235e-09 0.00101445 -5.81723e-08
-3.19235e-09 0.00101445 -5.9196e-08
-3.19235e-09 0.00101445 -6.02197e-08
-3.19235e-09 0.00101445 -6.12433e-08
-3.19235e-09 0.00101445 -6.2267e-08
-3.19235e-09 0.00101445 -6.32907e-08
-3.19235e-09 0.00101445 -6.43144e-08
-3.19235e-09 0.00101445 -6.53381e-08
-3.19235e-09 0.00101445 -6.63618e-08
-3.19235e-09 0.00101445 -6.73855e-08
-3.19235e-09 0.00101445 -6.84091e-08
-3.19235e-09 0.00101445 -6.94328e-08
-3.19235e-09 0.00101445 -7.04565e-08
-3.19235e-09 0.00101445 -7.14802e-08
-3.19235e-09 0.00101445 -7.25039e-08
-3.19235e-09 0.00101445 -7.35276e-08
-3.19235e-09 0.00101445 -7.45513e-08
-3.19235e-09 0.00101445 -7.55749e-08
-3.19235e-09 0.00101445 -7.65986e-08
-4.16286e-09 0.00101446 -3.91697e-09
-4.16286e-09 0.00101446 -4.94066e-09
-4.16286e-09 0.00101446 -5.96434e-09
-4.16286e-09 0.00101446 -6.98803e-09
-4.16286e-09 0.00101446 -8.01171e-09
-4.16286e-09 0.00101446 -9.0354e-09
-4.16286e-09 0.00101446 -1.00591e-08
-4.16286e-09 0.00101445 -1.10828e-08
-4.16286e-09 0.00101445 -1.21065e-08
-4.16286e-09 0.00101445 -1.31301e-08
-4.16286e-09 0.00101445 -1.41538e-08
-4.16286e-09 0.00101445 -1.51775e-08
-4.16286e-09 0.00101445 -1.62012e-08
-4.16286e-09 0.00101445 -1.72249e-08
-4.16286e-09 0.00101445 -1.82486e-08
-4.16286e-09 0.00101445 -1.92722e-08
-4.16286e-09 0.00101445 -2.02959e-08
-4.16286e-09 0.00101445 -2.13196e-08
-4.16286e-09 0.00101445 -2.23433e-08
-4.16286e-09 0.00101445 -2.3367e-08
-4.16286e-09 0.00101445 -2.43907e-08
-4.16286e-09 0.00101445 -2.54144e-08
-4.16286e-09 0.00101445 -2.6438e-08
-4.16286e-09 0.00101445 -2.74617e-08
-4.16286e-09 0.00101445 -2.84854e-08
-4.16286e-09 0.00101445 -2.95091e-08
-4.16286e-09 0.00101445 -3.05328e-08
-4.16286e-09 0.00101445 -3.15565e-08
-4.16286e-09 0.00101445 -3.25802e-08
-4.16286e-09 0.00101445 -3.36038e-08
-4.16286e-09 0.00101445 -3.46275e-08
-4.16286e-09 0.00101445 -3.56512e-08
-4.16286e-09 0.00101445 -3.66749e-08
-4.16286e-09 0.00101445 -3.76986e-08
-4.16286e-09 0.00101445 -3.87223e-08
-4.16286e-09 0.00101445 -3.9746e-08
-4.16286e-09 0.00101445 -4.07696e-08
-4.16286e-09 0.00101445 -4.17933e-08
-4.16286e-09 0.00101445 -4.2817e-08
-4.16286e-09 0.00101445 -4.38407e-08
-4.16286e-09 0.00101445 -4.48644e-08
-4.16286e-09 0.00101445 -4.58881e-08
-4.16286e-09 0.00101445 -4.69118e-08
-4.16286e-09 0.00101445 -4.79354e-08
-4.16286e-09 0.00101445 -4.89591e-08
-4.16286e-09 0.00101445 -4.99828e-08
-4.16286e-09 0.00101445 -5.10065e-08
-4.16286e-09 0.00101445 -5.20302e-08
-4.16286e-09 0.00101445 -5.30539e-08
-4.16286e-09 0.00101445 -5.40775e-08
-4.16286e-09 0.00101445 -5.51012e-08
-4.16286e-09 0.00101445 -5.61249e-08
-4.16286e-09 0.00101445 -5.71486e-08
-4.16286e-09 0.00101445 -5.81723e-08
-4.16286e-09 0.00101445 -5.9196e-08
-4.16286e-09 0.00101445 -6.02197e-08
-4.16286e-09 0.00101445 -6.12433e-08
-4.16286e-09 0.00101445 -6.2267e-08
-4.16286e-09 0.00101445 -6.32907e-08
-4.16286e-09 0.00101445 -6.43144e-08
-4.16286e-09 0.00101445 -6.53381e-08
-4.16286e-09 0.00101445 -6.63618e-08
-4.16286e-09 0.00101445 -6.73855e-08
-4.16286e-09 0.00101445 -6.84091e-08
-4.16286e-09 0.00101445 -6.94328e-08
-4.16286e-09 0.00101445 -7.04565e-08
-4.16286e-09 0.00101445 -7.14802e-08
-4.16286e-09 0.00101445 -7.25039e-08
-4.16286e-09 0.00101445 -7.35276e-08
-4.16286e-09 0.00101445 -7.45513e-08
-4.16286e-09 0.00101445 -7.55749e-08
-4.16286e-09 0.00101445 -7.65986e-08
-5.13336e-09 0.00101446 -3.91697e-09
-5.13336e-09 0.00101446 -4.94066e-09
-5.13336e-09 0.00101445 -5.96434e-09
-5.13336e-09 0.00101445 -6.98803e-09
-5.13336e-09 0.00101445 -8.01171e-09
-5.13336e-09 0.00101445 -9.0354e-09
-5.13336e-09 0.00101445 -1.00591e-08
-5.13336e-09 0.00101445 -1.10828e-08
-5.13336e-09 0.00101445 -1.21065e-08
-5.13336e-09 0.00101445 -1.31301e-08
-5.13336e-09 0.00101445 -1.41538e-08
-5.13336e-09 0.00101445 -1.51775e-08
-5.13336e-09 0.00101445 -1.62012e-08
-5.13336e-09 0.00101445 -1.72249e-08
-5.13336e-09 0.00101445 -1.82486e-08
-5.13336e-09 0.00101445 -1.92722e-08
-5.13336e-09 0.00101445 -2.02959e-08
-5.13336e-09 0.00101445 -2.13196e-08
-5.13336e-09 0.00101445 -2.23433e-08
-5.13336e-09 0.00101445 -2.3367e-08
-5.13336e-09 0.00101445 -2.43907e-08
-5.13336e-09 0.00101445 -2.54144e-08
-5.13336e-09 0.00101445 -2.6438e-08
-5.13336e-09 0.00101445 -2.74617e-08
-5.13336e-09 0.00101445 -2.84854e-08
-5.13336e-09 0.00101445 -2.95091e-08
-5.13336e-09 0.00101445 -3.05328e-08
-5.13336e-09 0.00101445 -3.15565e-08
-5.13336e-09 0.00101445 -3.25802e-08
-5.13336e-09 0.00101445 -3.36038e-08
-5.13336e-09 0.00101445 -3.46275e-08
-5.13336e-09 0.00101445 -3.56512e-08
-5.13336e-09 0.00101445 -3.66749e-08
-5.13336e-09 0.00101445 -3.76986e-08
-5.13336e-09 0.00101445 -3.87223e-08
-5.13336e-09 0.00101445 -3.9746e-08
-5.13336e-09 0.00101445 -4.07696e-08
-5.13336e-09 0.00101445 -4.17933e-08
-5.13336e-09 0.00101445 -4.2817e-08
-5.13336e-09 0.00101445 -4.38407e-08
-5.13336e-09 0.00101445 -4.48644e-08
-5.13336e-09 0.00101445 -4.58881e-08
-5.13336e-09 0.00101445 -4.69118e-08
-5.13336e-09 0.00101445 -4.79354e-08
-5.13336e-09 0.00101445 -4.89591e-08
-5.13336e-09 0.00101445 -4.99828e-08
-5.13336e-09 0.00101445 -5.10065e-08
-5.13336e-09 0.00101445 -5.20302e-08
-5.13336e-09 0.00101445 -5.30539e-08
-5.13336e-09 0.00101445 -5.40775e-08
-5.13336e-09 0.00101445 -5.51012e-08
-5.13336e-09 0.00101445 -5.61249e-08
-5.13336e-09 0.00101445 -5.71486e-08
-5.13336e-09 0.00101445 -5.81723e-08
-5.13336e-09 0.00101445 -5.9196e-08
-5.13336e-09 0.00101445 -6.02197e-08
-5.13336e-09 0.00101445 -6.12433e-08
-5.13336e-09 0.00101445 -6.2267e-08
-5.13336e-09 0.00101445 -6.32907e-08
-5.13336e-09 0.00101445 -6.43144e-08
-5.13336e-09 0.00101445 -6.53381e-08
-5.13336e-09 0.00101445 -6.63618e-08
-5.13336e-09 0.00101445 -6.73855e-08
-5.13336e-09 0.00101445 -6.84091e-08
-5.13336e-09 0.00101445 -6.94328e-08
-5.13336e-09 0.00101445 -7.04565e-08
-5.13336e-09 0.00101445 -7.14802e-08
-5.13336e-09 0.00101445 -7.25039e-08
-5.13336e-09 0.00101445 -7.35276e-08
-5.13336e-09 0.00101445 -7.45513e-08
-5.13336e-09 0.00101445 -7.55749e-08
-5.13336e-09 0.00101445 -7.65986e-08
-6.10387e-09 0.00101445 -3.91697e-09
-6.10387e-09 0.00101445 -4.94066e-09
-6.10387e-09 0.00101445 -5.96434e-09
-6.10387e-09 0.00101445 -6.98803e-09
-6.10387e-09 0.00101445 -8.01171e-09
-6.10387e-09 0.00101445 -9.0354e-09
-6.10387e-09 0.00101445 -1.00591e-08
-6.10387e-09 0.00101445 -1.10828e-08
-6.10387e-09 0.00101445 -1.21065e-08
-6.10387e-09 0.00101445 -1.31301e-08
-6.10387e-09 0.00101445 -1.41538e-08
-6.10387e-09 0.00101445 -1.51775e-08
-6.10387e-09 0.00101445 -1.62012e-08
-6.10387e-09 0.00101445 -1.72249e-08
-6.10387e-09 0.00101445 -1.82486e-08
-6.10387e-09 0.00101445 -1.92722e-08
-6.10387e-09 0.00101445 -2.02959e-08
-6.10387e-09 0.00101445 -2.13196e-08
-6.10387e-09 0.00101445 -2.23433e-08
-6.10387e-09 0.00101445 -2.3367e-08
-6.10387e-09 0.00101445 -2.43907e-08
-6.10387e-09 0.00101445 -2.54144e-08
-6.10387e-09 0.00101445 -2.6438e-08
-6.10387e-09 0.00101445 -2.74617e-08
-6.10387e-09 0.00101445 -2.84854e-08
-6.10387e-09 0.00101445 -2.95091e-08
-6.10387e-09 0.00101445 -3.05328e-08
-6.10387e-09 0.00101445 -3.15565e-08
-6.10387e-09 0.00101445 -3.25802e-08
-6.10387e-09 0.00101445 -3.36038e-08
-6.10387e-09 0.00101445 -3.46275e-08
-6.10387e-09 0.00101445 -3.56512e-08
-6.10387e-09 0.00101445 -3.66749e-08
-6.10387e-09 0.00101445 -3.76986e-08
-6.10387e-09 0.00101445 -3.87223e-08
-6.10387e-09 0.00101445 -3.9746e-08
-6.10387e-09 0.00101445 -4.07696e-08
-6.10387e-09 0.00101445 -4.17933e-08
-6.10387e-09 0.00101445 -4.2817e-08
-6.10387e-09 0.00101445 -4.38407e-08
-6.10387e-09 0.00101445 -4.48644e-08
-6.10387e-09 0.00101445 -4.58881e-08
-6.10387e-09 0.00101445 -4.69118e-08
-6.10387e-09 0.00101445 -4.79354e-08
-6.10387e-09 0.00101445 -4.89591e-08
-6.10387e-09 0.00101445 -4.99828e-08
-6.10387e-09 0.00101445 -5.10065e-08
-6.10387e-09 0.00101445 -5.20302e-08
-6.10387e-09 0.00101445 -5.30539e-08
-6.10387e-09 0.00101445 -5.40775e-08
-6.10387e-09 0.00101445 -5.51012e-08
-6.10387e-09 0.00101445 -5.61249e-08
-6.10387e-09 0.00101445 -5.71486e-08
-6.10387e-09 0.00101445 -5.81723e-08
-6.10387e-09 0.00101445 -5.9196e-08
-6.10387e-09 0.00101445 -6.02197e-08
-6.10387e-09 0.00101445 -6.12433e-08
-6.10387e-09 0.00101445 -6.2267e-08
-6.10387e-09 0.00101445 -6.32907e-08
-6.10387e-09 0.00101445 -6.43144e-08
-6.10387e-09 0.00101445 -6.53381e-08
-6.10387e-09 0.00101445 -6.63618e-08
-6.10387e-09 0.00101445 -6.73855e-08
-6.10387e-09 0.00101445 -6.84091e-08
-6.10387e-09 0.00101445 -6.94328e-08
-6.10387e-09 0.00101445 -7.04565e-08
-6.10387e-09 0.00101445 -7.14802e-08
-6.10387e-09 0.00101445 -7.25039e-08
-6.10387e-09 0.00101445 -7.35276e-08
-6.10387e-09 0.00101445 -7.45513e-08
-6.10387e-09 0.00101445 -7.55749e-08
-6.10387e-09 0.00101445 -7.65986e-08
-7.07438e-09 0.00101445 -3.91697e-09
-7.07438e-09 0.00101445 -4.94066e-09
-7.07438e-09 0.00101445 -5.96434e-09
-7.07438e-09 0.00101445 -6.98803e-09
-7.07438e-09 0.00101445 -8.01171e-09
-7.07438e-09 0.00101445 -9.0354e-09
-7.07438e-09 0.00101445 -1.00591e-08
-7.07438e-09 0.00101445 -1.10828e-08
-7.07438e-09 0.00101445 -1.21065e-08
-7.07438e-09 0.00101445 -1.31301e-08
-7.07438e-09 0.00101445 -1.41538e-08
-7.07438e-09 0.00101445 -1.51775e-08
-7.07438e-09 0.00101445 -1.62012e-08
-7.07438e-09 0.00101445 -1.72249e-08
-7.07438e-09 0.00101445 -1.82486e-08
-7.07438e-09 0.00101445 -1.92722e-08
-7.07438e-09 0.00101445 -2.02959e-08
-7.07438e-09 0.00101445 -2.13196e-08
-7.07438e-09 0.00101445 -2.23433e-08
-7.07438e-09 0.00101445 -2.3367e-08
-7.07438e-09 0.00101445 -2.43907e-08
-7.07438e-09 0.00101445 -2.54144e-08
-7.07438e-09 0.00101445 -2.6438e-08
-7.07438e-09 0.00101445 -2.74617e-08
-7.07438e-09 0.00101445 -2.84854e-08
-7.07438e-09 0.00101445 -2.95091e-08
-7.07438e-09 0.00101445 -3.05328e-08
-7.07438e-09 0.00101445 -3.15565e-08
-7.07438e-09 0.00101445 -3.25802e-08
-7.07438e-09 0.00101445 -3.36038e-08
-7.07438e-09 0.00101445 -3.46275e-08
-7.07438e-09 0.00101445 -3.56512e-08
-7.07438e-09 0.00101445 -3.66749e-08
-7.07438e-09 0.00101445 -3.76986e-08
-7.07438e-09 0.00101445 -3.87223e-08
-7.07438e-09 0.00101445 -3.9746e-08
-7.07438e-09 0.00101445 -4.07696e-08
-7.07438e-09 0.00101445 -4.17933e-08
-7.07438e-09 0.00101445 -4.2817e-08
-7.07438e-09 0.00101445 -4.38407e-08
-7.07438e-09 0.00101445 -4.48644e-08
-7.07438e-09 0.00101445 -4.58881e-08
-7.07438e-09 0.00101445 -4.69118e-08
-7.07438e-09 0.00101445 -4.79354e-08
-7.07438e-09 0.00101445 -4.89591e-08
-7.07438e-09 0.00101445 -4.99828e-08
-7.07438e-09 0.00101445 -5.10065e-08
-7.07438e-09 0.00101445 -5.20302e-08
-7.07438e-09 0.00101445 -5.30539e-08
-7.07438e-09 0.00101445 -5.40775e-08
-7.07438e-09 0.00101445 -5.51012e-08
-7.07438e-09 0.00101445 -5.61249e-08
-7.07438e-09 0.00101445 -5.71486e-08
-7.07438e-09 0.00101445 -5.81723e-08
-7.07438e-09 0.00101445 -5.9196e-08
-7.07438e-09 0.00101445 -6.02197e-08
-7.07438e-09 0.00101445 -6.12433e-08
-7.07438e-09 0.00101445 -6.2267e-08
-7.07438e-09 0.00101445 -6.32907e-08
-7.07438e-09 0.00101445 -6.43144e-08
-7.07438e-09 0.00101445 -6.53381e-08
-7.07438e-09 0.00101445 -6.63618e-08
-7.07438e-09 0.00101445 -6.73855e-08
-7.07438e-09 0.00101445 -6.84091e-08
-7.07438e-09 0.00101445 -6.94328e-08
-7.07438e-09 0.00101445 -7.04565e-08
-7.07438e-09 0.00101445 -7.14802e-08
-7.07438e-09 0.00101445 -7.25039e-08
-7.07438e-09 0.00101445 -7.35276e-08
-7.07438e-09 0.00101445 -7.45513e-08
-7.07438e-09 0.00101445 -7.55749e-08
-7.07438e-09 0.00101445 -7.65986e-08
-8.04488e-09 0.00101445 -3.91697e-09
-8.04488e-09 0.00101445 -4.94066e-09
-8.04488e-09 0.00101445 -5.96434e-09
-8.04488e-09 0.00101445 -6.98803e-09
-8.04488e-09 0.00101445 -8.01171e-09
-8.04488e-09 0.00101445 -9.0354e-09
-8.04488e-09 0.00101445 -1.00591e-08
-8.04488e-09 0.00101445 -1.10828e-08
-8.04488e-09 0.00101445 -1.21065e-08
-8.04488e-09 0.00101445 -1.31301e-08
-8.04488e-09 0.00101445 -1.41538e-08
-8.04488e-09 0.00101445 -1.51775e-08
-8.04488e-09 0.00101445 -1.62012e-08
-8.04488e-09 0.00101445 -1.72249e-08
-8.04488e-09 0.00101445 -1.82486e-08
-8.04488e-09 0.00101445 -1.92722e-08
-8.04488e-09 0.00101445 -2.02959e-08
-8.04488e-09 0.00101445 -2.13196e-08
-8.04488e-09 0.00101445 -2.23433e-08
-8.04488e-09 0.00101445 -2.3367e-08
-8.04488e-09 0.00101445 -2.43907e-08
-8.04488e-09 0.00101445 -2.54144e-08
-8.04488e-09 0.00101445 -2.6438e-08
-8.04488e-09 0.00101445 -2.74617e-08
-8.04488e-09 0.00101445 -2.84854e-08
-8.04488e-09 0.00101445 -2.95091e-08
-8.04488e-09 0.00101445 -3.05328e-08
-8.04488e-09 0.00101445 -3.15565e-08
-8.04488e-09 0.00101445 -3.25802e-08
-8.04488e-09 0.00101445 -3.36038e-08
-8.04488e-09 0.00101445 -3.46275e-08
-8.04488e-09 0.00101445 -3.56512e-08
-8.04488e-09 0.00101445 -3.66749e-08
-8.04488e-09 0.00101445 -3.76986e-08
-8.04488e-09 0.00101445 -3.87223e-08
-8.04488e-09 0.00101445 -3.9746e-08
-8.04488e-09 0.00101445 -4.07696e-08
-8.04488e-09 0.00101445 -4.17933e-08
-8.04488e-09 0.00101445 -4.2817e-08
-8.04488e-09 0.00101445 -4.38407e-08
-8.04488e-09 0.00101445 -4.48644e-08
-8.04488e-09 0.00101445 -4.58881e-08
-8.04488e-09 0.00101445 -4.69118e-08
-8.04488e-09 0.00101445 -4.79354e-08
-8.04488e-09 0.00101445 -4.89591e-08
-8.04488e-09 0.00101445 -4.99828e-08
-8.04488e-09 0.00101445 -5.10065e-08
-8.04488e-09 0.00101445 -5.20302e-08
-8.04488e-09 0.00101445 -5.30539e-08
-8.04488e-09 0.00101445 -5.40775e-08
-8.04488e-09 0.00101445 -5.51012e-08
-8.04488e-09 0.00101445 -5.61249e-08
-8.04488e-09 0.00101445 -5.71486e-08
-8.04488e-09 0.00101445 -5.81723e-08
-8.04488e-09 0.00101445 -5.9196e-08
-8.04488e-09 0.00101445 -6.02197e-08
-8.04488e-09 0.00101445 -6.12433e-08
-8.04488e-09 0.00101445 -6.2267e-08
-8.04488e-09 0.00101445 -6.32907e-08
-8.04488e-09 0.00101445 -6.43144e-08
-8.04488e-09 0.00101445 -6.53381e-08
-8.04488e-09 0.00101445 -6.63618e-08
-8.04488e-09 0.00101445 -6.73855e-08
-8.04488e-09 0.00101445 -6.84091e-08
-8.04488e-09 0.00101445 -6.94328e-08
-8.04488e-09 0.00101445 -7.04565e-08
-8.04488e-09 0.00101445 -7.14802e-08
-8.04488e-09 0.00101445 -7.25039e-08
-8.04488e-09 0.00101445 -7.35276e-08
-8.04488e-09 0.00101445 -7.45513e-08
-8.04488e-09 0.00101445 -7.55749e-08
-8.04488e-09 0.00101445 -7.65986e-08
-9.55888e-09 0.00101445 -7.76223e-08
-9.01539e-09 0.00101445 -7.76223e-08
-9.55888e-09 0.00101445 -7.65986e-08
-9.01539e-09 0.00101445 -7.65986e-08
-9.55888e-09 0.00101445 -7.55749e-08
-9.01539e-09 0.00101445 -7.55749e-08
-9.55888e-09 0.00101445 -7.45513e-08
-9.01539e-09 0.00101445 -7.45513e-08
-9.55888e-09 0.00101445 -7.35276e-08
-9.01539e-09 0.00101445 -7.35276e-08
-9.55888e-09 0.00101445 -7.25039e-08
-9.01539e-09 0.00101445 -7.25039e-08
-9.55888e-09 0.00101445 -7.14802e-08
-9.01539e-09 0.00101445 -7.14802e-08
-9.55888e-09 0.00101445 -7.04565e-08
-9.01539e-09 0.00101445 -7.04565e-08
-9.55888e-09 0.00101445 -6.94328e-08
-9.01539e-09 0.00101445 -6.94328e-08
-9.55888e-09 0.00101445 -6.84091e-08
-9.01539e-09 0.00101445 -6.84091e-08
-9.55888e-09 0.00101445 -6.73855e-08
-9.01539e-09 0.00101445 -6.73855e-08
-9.55888e-09 0.00101445 -6.63618e-08
-9.01539e-09 0.00101445 -6.63618e-08
-9.55888e-09 0.00101445 -6.53381e-08
-9.01539e-09 0.00101445 -6.53381e-08
-9.55888e-09 0.00101445 -6.43144e-08
-9.01539e-09 0.00101445 -6.43144e-08
-9.55888e-09 0.00101445 -6.32907e-08
-9.01539e-09 0.00101445 -6.32907e-08
-9.55888e-09 0.00101445 -6.2267e-08
-9.01539e-09 0.00101445 -6.2267e-08
-9.55888e-09 0.00101445 -6.12433e-08
-9.01539e-09 0.00101445 -6.12433e-08
-9.55888e-09 0.00101445 -6.02197e-08
-9.01539e-09 0.00101445 -6.02197e-08
-9.55888e-09 0.00101445 -5.9196e-08
-9.01539e-09 0.00101445 -5.9196e-08
-9.55888e-09 0.00101445 -5.81723e-08
-9.01539e-09 0.00101445 -5.81723e-08
-9.55888e-09 0.00101445 -5.71486e-08
-9.01539e-09 0.00101445 -5.71486e-08
-9.55888e-09 0.00101445 -5.61249e-08
-9.01539e-09 0.00101445 -5.61249e-08
-9.55888e-09 0.00101445 -5.51012e-08
-9.01539e-09 0.00101445 -5.51012e-08
-9.55888e-09 0.00101445 -5.40775e-08
-9.01539e-09 0.00101445 -5.40775e-08
-9.55888e-09 0.00101445 -5.30539e-08
-9.01539e-09 0.00101445 -5.30539e-08
-9.55888e-09 0.00101445 -5.20302e-08
-9.01539e-09 0.00101445 -5.20302e-08
-9.55888e-09 0.00101445 -5.10065e-08
-9.01539e-09 0.00101445 -5.10065e-08
-9.55888e-09 0.00101445 -4.99828e-08
-9.01539e-09 0.00101445 -4.99828e-08
-9.55888e-09 0.00101445 -4.89591e-08
-9.01539e-09 0.00101445 -4.89591e-08
-9.55888e-09 0.00101445 -4.79354e-08
-9.01539e-09 0.00101445 -4.79354e-08
-9.55888e-09 0.00101445 -4.69118e-08
-9.01539e-09 0.00101445 -4.69118e-08
-9.55888e-09 0.00101445 -4.58881e-08
-9.01539e-09 0.00101445 -4.58881e-08
-9.55888e-09 0.00101445 -4.48644e-08
-9.01539e-09 0.00101445 -4.48644e-08
-9.55888e-09 0.00101445 -4.38407e-08
-9.01539e-09 0.00101445 -4.38407e-08
-9.55888e-09 0.00101445 -4.2817e-08
-9.01539e-09 0.00101445 -4.2817e-08
-9.55888e-09 0.00101445 -4.17933e-08
-9.01539e-09 0.00101445 -4.17933e-08
-9.55888e-09 0.00101445 -4.07696e-08
-9.01539e-09 0.00101445 -4.07696e-08
-9.55888e-09 0.00101445 -3.9746e-08
-9.01539e-09 0.00101445 -3.9746e-08
-9.55888e-09 0.00101445 -3.87223e-08
-9.01539e-09 0.00101445 -3.87223e-08
-9.55888e-09 0.00101445 -3.76986e-08
-9.01539e-09 0.00101445 -3.76986e-08
-9.55888e-09 0.00101445 -3.66749e-08
-9.01539e-09 0.00101445 -3.66749e-08
-9.55888e-09 0.00101445 -3.56512e-08
-9.01539e-09 0.00101445 -3.56512e-08
-9.55888e-09 0.00101445 -3.46275e-08
-9.01539e-09 0.00101445 -3.46275e-08
-9.55888e-09 0.00101445 -3.36038e-08
-9.01539e-09 0.00101445 -3.36038e-08
-9.55888e-09 0.00101445 -3.25802e-08
-9.01539e-09 0.00101445 -3.25802e-08
-9.55888e-09 0.00101445 -3.15565e-08
-9.01539e-09 0.00101445 -3.15565e-08
-9.55888e-09 0.00101445 -3.05328e-08
-9.01539e-09 0.00101445 -3.05328e-08
-9.55888e-09 0.00101445 -2.95091e-08
-9.01539e-09 0.00101445 -2.95091e-08
-9.55888e-09 0.00101445 -2.84854e-08
-9.01539e-09 0.00101445 -2.84854e-08
-9.55888e-09 0.00101445 -2.74617e-08
-9.01539e-09 0.00101445 -2.74617e-08
-9.55888e-09 0.00101445 -2.6438e-08
-9.01539e-09 0.00101445 -2.6438e-08
-9.55888e-09 0.00101445 -2.54144e-08
-9.01539e-09 0.00101445 -2.54144e-08
-9.55888e-09 0.00101445 -2.43907e-08
-9.01539e-09 0.00101445 -2.43907e-08
-9.55888e-09 0.00101445 -2.3367e-08
-9.01539e-09 0.00101445 -2.3367e-08
-9.55888e-09 0.00101445 -2.23433e-08
-9.01539e-09 0.00101445 -2.23433e-08
-9.55888e-09 0.00101445 -2.13196e-08
-9.01539e-09 0.00101445 -2.13196e-08
-9.55888e-09 0.00101445 -2.02959e-08
-9.01539e-09 0.00101445 -2.02959e-08
-9.55888e-09 0.00101445 -1.92722e-08
-9.01539e-09 0.00101445 -1.92722e-08
-9.55888e-09 0.00101445 -1.82486e-08
-9.01539e-09 0.00101445 -1.82486e-08
-9.55888e-09 0.00101445 -1.72249e-08
-9.01539e-09 0.00101445 -1.72249e-08
-9.55888e-09 0.00101445 -1.62012e-08
-9.01539e-09 0.00101445 -1.62012e-08
-9.55888e-09 0.00101445 -1.51775e-08
-9.01539e-09 0.00101445 -1.51775e-08
-9.55888e-09 0.00101445 -1.41538e-08
-9.01539e-09 0.00101445 -1.41538e-08
-9.55888e-09 0.00101445 -1.31301e-08
-9.01539e-09 0.00101445 -1.31301e-08
-9.55888e-09 0.00101445 -1.21065e-08
-9.01539e-09 0.00101445 -1.21065e-08
-9.55888e-09 0.00101445 -1.10828e-08
-9.01539e-09 0.00101445 -1.10828e-08
-9.55888e-09 0.00101445 -1.00591e-08
-9.01539e-09 0.00101445 -1.00591e-08
-9.55888e-09 0.00101445 -9.0354e-09
-9.01539e-09 0.00101445 -9.0354e-09
-9.55888e-09 0.00101445 -8.01171e-09
-9.01539e-09 0.00101445 -8.01171e-09
-9.55888e-09 0.00101445 -6.98803e-09
-9.01539e-09 0.00101445 -6.98803e-09
-9.55888e-09 0.00101445 -5.96434e-09
-9.01539e-09 0.00101445 -5.96434e-09
-9.55888e-09 0.00101445 -4.94066e-09
-9.01539e-09 0.00101445 -4.94066e-09
-9.55888e-09 0.00101445 -3.91697e-09
-9.01539e-09 0.00101445 -3.91697e-09
-9.55888e-09 0.00101445 -2.89329e-09
-9.01539e-09 0.00101445 -2.89329e-09
-2.22184e-09 0.00101445 -7.76223e-08
-1.67836e-09 0.00101445 -7.76223e-08
-2.22184e-09 0.00101445 -7.65986e-08
-1.67836e-09 0.00101445 -7.65986e-08
-2.22184e-09 0.00101445 -7.55749e-08
-1.67836e-09 0.00101445 -7.55749e-08
-2.22184e-09 0.00101445 -7.45513e-08
-1.67836e-09 0.00101445 -7.45513e-08
-2.22184e-09 0.00101445 -7.35276e-08
-1.67836e-09 0.00101445 -7.35276e-08
-2.22184e-09 0.00101445 -7.25039e-08
-1.67836e-09 0.00101445 -7.25039e-08
-2.22184e-09 0.00101445 -7.14802e-08
-1.67836e-09 0.00101445 -7.14802e-08
-2.22184e-09 0.00101445 -7.04565e-08
-1.67836e-09 0.00101445 -7.04565e-08
-2.22184e-09 0.00101445 -6.94328e-08
-1.67836e-09 0.00101445 -6.94328e-08
-2.22184e-09 0.00101445 -6.84091e-08
-1.67836e-09 0.00101445 -6.84091e-08
-2.22184e-09 0.00101445 -6.73855e-08
-1.67836e-09 0.00101445 -6.73855e-08
-2.22184e-09 0.00101445 -6.63618e-08
-1.67836e-09 0.00101445 -6.63618e-08
-2.22184e-09 0.00101445 -6.53381e-08
-1.67836e-09 0.00101445 -6.53381e-08
-2.22184e-09 0.00101445 -6.43144e-08
-1.67836e-09 0.00101445 -6.43144e-08
-2.22184e-09 0.00101445 -6.32907e-08
-1.67836e-09 0.00101445 -6.32907e-08
-2.22184e-09 0.00101445 -6.2267e-08
-1.67836e-09 0.00101445 -6.2267e-08
-2.22184e-09 0.00101445 -6.12433e-08
-1.67836e-09 0.00101445 -6.12433e-08
-2.22184e-09 0.00101445 -6.02197e-08
-1.67836e-09 0.00101445 -6.02197e-08
-2.22184e-09 0.00101445 -5.9196e-08
-1.67836e-09 0.00101445 -5.9196e-08
-2.22184e-09 0.00101445 -5.81723e-08
-1.67836e-09 0.00101445 -5.81723e-08
-2.22184e-09 0.00101445 -5.71486e-08
-1.67836e-09 0.00101445 -5.71486e-08
-2.22184e-09 0.00101445 -5.61249e-08
-1.67836e-09 0.00101445 -5.61249e-08
-2.22184e-09 0.00101445 -5.51012e-08
-1.67836e-09 0.00101445 -5.51012e-08
-2.22184e-09 0.00101445 -5.40775e-08
-1.67836e-09 0.00101445 -5.40775e-08
-2.22184e-09 0.00101445 -5.30539e-08
-1.67836e-09 0.00101445 -5.30539e-08
-2.22184e-09 0.00101445 -5.20302e-08
-1.67836e-09 0.00101445 -5.20302e-08
-2.22184e-09 0.00101445 -5.10065e-08
-1.67836e-09 0.00101445 -5.10065e-08
-2.22184e-09 0.00101445 -4.99828e-08
-1.67836e-09 0.00101445 -4.99828e-08
-2.22184e-09 0.00101445 -4.89591e-08
-1.67836e-09 0.00101445 -4.89591e-08
-2.22184e-09 0.00101445 -4.79354e-08
-1.67836e-09 0.00101445 -4.79354e-08
-2.22184e-09 0.00101445 -4.69118e-08
-1.67836e-09 0.00101445 -4.69118e-08
-2.22184e-09 0.00101445 -4.58881e-08
-1.67836e-09 0.00101445 -4.58881e-08
-2.22184e-09 0.00101445 -4.48644e-08
-1.67836e-09 0.00101445 -4.48644e-08
-2.22184e-09 0.00101445 -4.38407e-08
-1.67836e-09 0.00101445 -4.38407e-08
-2.22184e-09 0.00101445 -4.2817e-08
-1.67836e-09 0.00101445 -4.2817e-08
-2.22184e-09 0.00101445 -4.17933e-08
-1.67836e-09 0.00101445 -4.17933e-08
-2.22184e-09 0.00101445 -4.07696e-08
-1.67836e-09 0.00101445 -4.07696e-08
-2.22184e-09 0.00101445 -3.9746e-08
-1.67836e-09 0.00101445 -3.9746e-08
-2.22184e-09 0.00101445 -3.87223e-08
-1.67836e-09 0.00101445 -3.87223e-08
-2.22184e-09 0.00101445 -3.76986e-08
-1.67836e-09 0.00101445 -3.76986e-08
-2.22184e-09 0.00101445 -3.66749e-08
-1.67836e-09 0.00101445 -3.66749e-08
-2.22184e-09 0.00101445 -3.56512e-08
-1.67836e-09 0.00101445 -3.56512e-08
-2.22184e-09 0.00101445 -3.46275e-08
-1.67836e-09 0.00101445 -3.46275e-08
-2.22184e-09 0.00101445 -3.36038e-08
-1.67836e-09 0.00101445 -3.36038e-08
-2.22184e-09 0.00101445 -3.25802e-08
-1.67836e-09 0.00101445 -3.25802e-08
-2.22184e-09 0.00101445 -3.15565e-08
-1.67836e-09 0.00101445 -3.15565e-08
-2.22184e-09 0.00101445 -3.05328e-08
-1.67836e-09 0.00101445 -3.05328e-08
-2.22184e-09 0.00101445 -2.95091e-08
-1.67836e-09 0.00101445 -2.95091e-08
-2.22184e-09 0.00101445 -2.84854e-08
-1.67836e-09 0.00101445 -2.84854e-08
-2.22184e-09 0.00101445 -2.74617e-08
-1.67836e-09 0.00101445 -2.74617e-08
-2.22184e-09 0.00101445 -2.6438e-08
-1.67836e-09 0.00101445 -2.6438e-08
-2.22184e-09 0.00101445 -2.54144e-08
-1.67836e-09 0.00101445 -2.54144e-08
-2.22184e-09 0.00101445 -2.43907e-08
-1.67836e-09 0.00101445 -2.43907e-08
-2.22184e-09 0.00101445 -2.3367e-08
-1.67836e-09 0.00101446 -2.3367e-08
-2.22184e-09 0.00101445 -2.23433e-08
-1.67836e-09 0.00101446 -2.23433e-08
-2.22184e-09 0.00101445 -2.13196e-08
-1.67836e-09 0.00101446 -2.13196e-08
-2.22184e-09 0.00101446 -2.02959e-08
-1.67836e-09 0.00101446 -2.02959e-08
-2.22184e-09 0.00101446 -1.92722e-08
-1.67836e-09 0.00101446 -1.92722e-08
-2.22184e-09 0.00101446 -1.82486e-08
-1.67836e-09 0.00101446 -1.82486e-08
-2.22184e-09 0.00101446 -1.72249e-08
-1.67836e-09 0.00101446 -1.72249e-08
-2.22184e-09 0.00101446 -1.62012e-08
-1.67836e-09 0.00101446 -1.62012e-08
-2.22184e-09 0.00101446 -1.51775e-08
-1.67836e-09 0.00101446 -1.51775e-08
-2.22184e-09 0.00101446 -1.41538e-08
-1.67836e-09 0.00101446 -1.41538e-08
-2.22184e-09 0.00101446 -1.31301e-08
-1.67836e-09 0.00101446 -1.31301e-08
-2.22184e-09 0.00101446 -1.21065e-08
-1.67836e-09 0.00101446 -1.21065e-08
-2.22184e-09 0.00101446 -1.10828e-08
-1.67836e-09 0.00101446 -1.10828e-08
-2.22184e-09 0.00101446 -1.00591e-08
-1.67836e-09 0.00101446 -1.00591e-08
-2.22184e-09 0.00101446 -9.0354e-09
-1.67836e-09 0.00101446 -9.0354e-09
-2.22184e-09 0.00101446 -8.01171e-09
-1.67836e-09 0.00101446 -8.01171e-09
-2.22184e-09 0.00101446 -6.98803e-09
-1.67836e-09 0.00101446 -6.98803e-09
-2.22184e-09 0.00101446 -5.96434e-09
-1.67836e-09 0.00101446 -5.96434e-09
-2.22184e-09 0.00101446 -4.94066e-09
-1.67836e-09 0.00101446 -4.94066e-09
-2.22184e-09 0.00101446 -3.91697e-09
-1.67836e-09 0.00101446 -3.91697e-09
-2.22184e-09 0.00101446 -2.89329e-09
-1.67836e-09 0.00101446 -2.89329e-09
