-4.49064e-10 0.00411053 4.26089e-08
-4.49064e-10 0.00411054 2.25162e-07
-1.70448e-08 0.0041105 4.26089e-08
-1.70448e-08 0.00411052 2.25162e-07
-4.49064e-10 0.00411053 4.51097e-08
-4.49064e-10 0.00411053 4.76104e-08
-4.49064e-10 0.00411053 5.01111e-08
-4.49064e-10 0.00411053 5.26118e-08
-4.49064e-10 0.00411053 5.51125e-08
-4.49064e-10 0.00411053 5.76133e-08
-4.49064e-10 0.00411053 6.0114e-08
-4.49064e-10 0.00411053 6.26147e-08
-4.49064e-10 0.00411053 6.51154e-08
-4.49064e-10 0.00411053 6.76161e-08
-4.49064e-10 0.00411053 7.01169e-08
-4.49064e-10 0.00411053 7.26176e-08
-4.49064e-10 0.00411053 7.51183e-08
-4.49064e-10 0.00411053 7.7619e-08
-4.49064e-10 0.00411053 8.01198e-08
-4.49064e-10 0.00411053 8.26205e-08
-4.49064e-10 0.00411053 8.51212e-08
-4.49064e-10 0.00411053 8.76219e-08
-4.49064e-10 0.00411053 9.01226e-08
-4.49064e-10 0.00411053 9.26234e-08
-4.49064e-10 0.00411053 9.51241e-08
-4.49064e-10 0.00411053 9.76248e-08
-4.49064e-10 0.00411053 1.00126e-07
-4.49064e-10 0.00411053 1.02626e-07
-4.49064e-10 0.00411053 1.05127e-07
-4.49064e-10 0.00411053 1.07628e-07
-4.49064e-10 0.00411053 1.10128e-07
-4.49064e-10 0.00411053 1.12629e-07
-4.49064e-10 0.00411053 1.1513e-07
-4.49064e-10 0.00411053 1.17631e-07
-4.49064e-10 0.00411053 1.20131e-07
-4.49064e-10 0.00411053 1.22632e-07
-4.49064e-10 0.00411053 1.25133e-07
-4.49064e-10 0.00411053 1.27633e-07
-4.49064e-10 0.00411053 1.30134e-07
-4.49064e-10 0.00411054 1.32635e-07
-4.49064e-10 0.00411054 1.35136e-07
-4.49064e-10 0.00411054 1.37636e-07
-4.49064e-10 0.00411054 1.40137e-07
-4.49064e-10 0.00411054 1.42638e-07
-4.49064e-10 0.00411054 1.45139e-07
-4.49064e-10 0.00411054 1.47639e-07
-4.49064e-10 0.00411054 1.5014e-07
-4.49064e-10 0.00411054 1.52641e-07
-4.49064e-10 0.00411054 1.55141e-07
-4.49064e-10 0.00411054 1.57642e-07
-4.49064e-10 0.00411054 1.60143e-07
-4.49064e-10 0.00411054 1.62644e-07
-4.49064e-10 0.00411054 1.65144e-07
-4.49064e-10 0.00411054 1.67645e-07
-4.49064e-10 0.00411054 1.70146e-07
-4.49064e-10 0.00411054 1.72646e-07
-4.49064e-10 0.00411054 1.75147e-07
-4.49064e-10 0.00411054 1.77648e-07
-4.49064e-10 0.00411054 1.80149e-07
-4.49064e-10 0.00411054 1.82649e-07
-4.49064e-10 0.00411054 1.8515e-07
-4.49064e-10 0.00411054 1.87651e-07
-4.49064e-10 0.00411054 1.90151e-07
-4.49064e-10 0.00411054 1.92652e-07
-4.49064e-10 0.00411054 1.95153e-07
-4.49064e-10 0.00411054 1.97654e-07
-4.49064e-10 0.00411054 2.00154e-07
-4.49064e-10 0.00411054 2.02655e-07
-4.49064e-10 0.00411054 2.05156e-07
-4.49064e-10 0.00411054 2.07657e-07
-4.49064e-10 0.00411054 2.10157e-07
-4.49064e-10 0.00411054 2.12658e-07
-4.49064e-10 0.00411054 2.15159e-07
-4.49064e-10 0.00411054 2.17659e-07
-4.49064e-10 0.00411054 2.2016e-07
-4.49064e-10 0.00411054 2.22661e-07
-2.81988e-09 0.00411054 2.25162e-07
-5.19069e-09 0.00411054 2.25162e-07
-7.56151e-09 0.00411053 2.25162e-07
-9.93232e-09 0.00411053 2.25162e-07
-1.23031e-08 0.00411052 2.25162e-07
-1.46739e-08 0.00411052 2.25162e-07
-2.81988e-09 0.00411052 4.26089e-08
-5.19069e-09 0.00411052 4.26089e-08
-7.56151e-09 0.00411052 4.26089e-08
-9.93232e-09 0.00411051 4.26089e-08
-1.23031e-08 0.00411051 4.26089e-08
-1.46739e-08 0.0041105 4.26089e-08
-1.70448e-08 0.00411052 2.22661e-07
-1.70448e-08 0.00411051 2.2016e-07
-1.70448e-08 0.00411051 2.17659e-07
-1.70448e-08 0.00411051 2.15159e-07
-1.70448e-08 0.00411051 2.12658e-07
-1.70448e-08 0.00411051 2.10157e-07
-1.70448e-08 0.00411051 2.07657e-07
-1.70448e-08 0.00411051 2.05156e-07
-1.70448e-08 0.00411051 2.02655e-07
-1.70448e-08 0.00411051 2.00154e-07
-1.70448e-08 0.00411051 1.97654e-07
-1.70448e-08 0.00411051 1.95153e-07
-1.70448e-08 0.00411051 1.92652e-07
-1.70448e-08 0.00411051 1.90151e-07
-1.70448e-08 0.00411051 1.87651e-07
-1.70448e-08 0.00411051 1.8515e-07
-1.70448e-08 0.00411051 1.82649e-07
-1.70448e-08 0.00411051 1.80149e-07
-1.70448e-08 0.00411051 1.77648e-07
-1.70448e-08 0.00411051 1.75147e-07
-1.70448e-08 0.00411051 1.72646e-07
-1.70448e-08 0.00411051 1.70146e-07
-1.70448e-08 0.00411051 1.67645e-07
-1.70448e-08 0.00411051 1.65144e-07
-1.70448e-08 0.00411051 1.62644e-07
-1.70448e-08 0.00411051 1.60143e-07
-1.70448e-08 0.00411051 1.57642e-07
-1.70448e-08 0.00411051 1.55141e-07
-1.70448e-08 0.00411051 1.52641e-07
-1.70448e-08 0.00411051 1.5014e-07
-1.70448e-08 0.00411051 1.47639e-07
-1.70448e-08 0.00411051 1.45139e-07
-1.70448e-08 0.00411051 1.42638e-07
-1.70448e-08 0.00411051 1.40137e-07
-1.70448e-08 0.00411051 1.37636e-07
-1.70448e-08 0.00411051 1.35136e-07
-1.70448e-08 0.00411051 1.32635e-07
-1.70448e-08 0.00411051 1.30134e-07
-1.70448e-08 0.00411051 1.27633e-07
-1.70448e-08 0.00411051 1.25133e-07
-1.70448e-08 0.00411051 1.22632e-07
-1.70448e-08 0.00411051 1.20131e-07
-1.70448e-08 0.00411051 1.17631e-07
-1.70448e-08 0.00411051 1.1513e-07
-1.70448e-08 0.00411051 1.12629e-07
-1.70448e-08 0.00411051 1.10128e-07
-1.70448e-08 0.0041105 1.07628e-07
-1.70448e-08 0.0041105 1.05127e-07
-1.70448e-08 0.0041105 1.02626e-07
-1.70448e-08 0.0041105 1.00126e-07
-1.70448e-08 0.0041105 9.76248e-08
-1.70448e-08 0.0041105 9.51241e-08
-1.70448e-08 0.0041105 9.26234e-08
-1.70448e-08 0.0041105 9.01226e-08
-1.70448e-08 0.0041105 8.76219e-08
-1.70448e-08 0.0041105 8.51212e-08
-1.70448e-08 0.0041105 8.26205e-08
-1.70448e-08 0.0041105 8.01198e-08
-1.70448e-08 0.0041105 7.7619e-08
-1.70448e-08 0.0041105 7.51183e-08
-1.70448e-08 0.0041105 7.26176e-08
-1.70448e-08 0.0041105 7.01169e-08
-1.70448e-08 0.0041105 6.76161e-08
-1.70448e-08 0.0041105 6.51154e-08
-1.70448e-08 0.0041105 6.26147e-08
-1.70448e-08 0.0041105 6.0114e-08
-1.70448e-08 0.0041105 5.76133e-08
-1.70448e-08 0.0041105 5.51125e-08
-1.70448e-08 0.0041105 5.26118e-08
-1.70448e-08 0.0041105 5.01111e-08
-1.70448e-08 0.0041105 4.76104e-08
-1.70448e-08 0.0041105 4.51097e-08
-2.81988e-09 0.00411054 2.22661e-07
-2.81988e-09 0.00411054 2.2016e-07
-2.81988e-09 0.00411054 2.17659e-07
-2.81988e-09 0.00411054 2.15159e-07
-2.81988e-09 0.00411054 2.12658e-07
-2.81988e-09 0.00411054 2.10157e-07
-2.81988e-09 0.00411054 2.07657e-07
-2.81988e-09 0.00411054 2.05156e-07
-2.81988e-09 0.00411054 2.02655e-07
-2.81988e-09 0.00411054 2.00154e-07
-2.81988e-09 0.00411054 1.97654e-07
-2.81988e-09 0.00411054 1.95153e-07
-2.81988e-09 0.00411054 1.92652e-07
-2.81988e-09 0.00411054 1.90151e-07
-2.81988e-09 0.00411054 1.87651e-07
-2.81988e-09 0.00411054 1.8515e-07
-2.81988e-09 0.00411054 1.82649e-07
-2.81988e-09 0.00411054 1.80149e-07
-2.81988e-09 0.00411054 1.77648e-07
-2.81988e-09 0.00411053 1.75147e-07
-2.81988e-09 0.00411053 1.72646e-07
-2.81988e-09 0.00411053 1.70146e-07
-2.81988e-09 0.00411053 1.67645e-07
-2.81988e-09 0.00411053 1.65144e-07
-2.81988e-09 0.00411053 1.62644e-07
-2.81988e-09 0.00411053 1.60143e-07
-2.81988e-09 0.00411053 1.57642e-07
-2.81988e-09 0.00411053 1.55141e-07
-2.81988e-09 0.00411053 1.52641e-07
-2.81988e-09 0.00411053 1.5014e-07
-2.81988e-09 0.00411053 1.47639e-07
-2.81988e-09 0.00411053 1.45139e-07
-2.81988e-09 0.00411053 1.42638e-07
-2.81988e-09 0.00411053 1.40137e-07
-2.81988e-09 0.00411053 1.37636e-07
-2.81988e-09 0.00411053 1.35136e-07
-2.81988e-09 0.00411053 1.32635e-07
-2.81988e-09 0.00411053 1.30134e-07
-2.81988e-09 0.00411053 1.27633e-07
-2.81988e-09 0.00411053 1.25133e-07
-2.81988e-09 0.00411053 1.22632e-07
-2.81988e-09 0.00411053 1.20131e-07
-2.81988e-09 0.00411053 1.17631e-07
-2.81988e-09 0.00411053 1.1513e-07
-2.81988e-09 0.00411053 1.12629e-07
-2.81988e-09 0.00411053 1.10128e-07
-2.81988e-09 0.00411053 1.07628e-07
-2.81988e-09 0.00411053 1.05127e-07
-2.81988e-09 0.00411053 1.02626e-07
-2.81988e-09 0.00411053 1.00126e-07
-2.81988e-09 0.00411053 9.76248e-08
-2.81988e-09 0.00411053 9.51241e-08
-2.81988e-09 0.00411053 9.26234e-08
-2.81988e-09 0.00411053 9.01226e-08
-2.81988e-09 0.00411053 8.76219e-08
-2.81988e-09 0.00411053 8.51212e-08
-2.81988e-09 0.00411053 8.26205e-08
-2.81988e-09 0.00411053 8.01198e-08
-2.81988e-09 0.00411053 7.7619e-08
-2.81988e-09 0.00411053 7.51183e-08
-2.81988e-09 0.00411053 7.26176e-08
-2.81988e-09 0.00411053 7.01169e-08
-2.81988e-09 0.00411053 6.76161e-08
-2.81988e-09 0.00411053 6.51154e-08
-2.81988e-09 0.00411052 6.26147e-08
-2.81988e-09 0.00411052 6.0114e-08
-2.81988e-09 0.00411052 5.76133e-08
-2.81988e-09 0.00411052 5.51125e-08
-2.81988e-09 0.00411052 5.26118e-08
-2.81988e-09 0.00411052 5.01111e-08
-2.81988e-09 0.00411052 4.76104e-08
-2.81988e-09 0.00411052 4.51097e-08
-5.19069e-09 0.00411054 2.22661e-07
-5.19069e-09 0.00411053 2.2016e-07
-5.19069e-09 0.00411053 2.17659e-07
-5.19069e-09 0.00411053 2.15159e-07
-5.19069e-09 0.00411053 2.12658e-07
-5.19069e-09 0.00411053 2.10157e-07
-5.19069e-09 0.00411053 2.07657e-07
-5.19069e-09 0.00411053 2.05156e-07
-5.19069e-09 0.00411053 2.02655e-07
-5.19069e-09 0.00411053 2.00154e-07
-5.19069e-09 0.00411053 1.97654e-07
-5.19069e-09 0.00411053 1.95153e-07
-5.19069e-09 0.00411053 1.92652e-07
-5.19069e-09 0.00411053 1.90151e-07
-5.19069e-09 0.00411053 1.87651e-07
-5.19069e-09 0.00411053 1.8515e-07
-5.19069e-09 0.00411053 1.82649e-07
-5.19069e-09 0.00411053 1.80149e-07
-5.19069e-09 0.00411053 1.77648e-07
-5.19069e-09 0.00411053 1.75147e-07
-5.19069e-09 0.00411053 1.72646e-07
-5.19069e-09 0.00411053 1.70146e-07
-5.19069e-09 0.00411053 1.67645e-07
-5.19069e-09 0.00411053 1.65144e-07
-5.19069e-09 0.00411053 1.62644e-07
-5.19069e-09 0.00411053 1.60143e-07
-5.19069e-09 0.00411053 1.57642e-07
-5.19069e-09 0.00411053 1.55141e-07
-5.19069e-09 0.00411053 1.52641e-07
-5.19069e-09 0.00411053 1.5014e-07
-5.19069e-09 0.00411053 1.47639e-07
-5.19069e-09 0.00411053 1.45139e-07
-5.19069e-09 0.00411053 1.42638e-07
-5.19069e-09 0.00411053 1.40137e-07
-5.19069e-09 0.00411053 1.37636e-07
-5.19069e-09 0.00411053 1.35136e-07
-5.19069e-09 0.00411053 1.32635e-07
-5.19069e-09 0.00411053 1.30134e-07
-5.19069e-09 0.00411053 1.27633e-07
-5.19069e-09 0.00411053 1.25133e-07
-5.19069e-09 0.00411053 1.22632e-07
-5.19069e-09 0.00411053 1.20131e-07
-5.19069e-09 0.00411053 1.17631e-07
-5.19069e-09 0.00411053 1.1513e-07
-5.19069e-09 0.00411053 1.12629e-07
-5.19069e-09 0.00411053 1.10128e-07
-5.19069e-09 0.00411052 1.07628e-07
-5.19069e-09 0.00411052 1.05127e-07
-5.19069e-09 0.00411052 1.02626e-07
-5.19069e-09 0.00411052 1.00126e-07
-5.19069e-09 0.00411052 9.76248e-08
-5.19069e-09 0.00411052 9.51241e-08
-5.19069e-09 0.00411052 9.26234e-08
-5.19069e-09 0.00411052 9.01226e-08
-5.19069e-09 0.00411052 8.76219e-08
-5.19069e-09 0.00411052 8.51212e-08
-5.19069e-09 0.00411052 8.26205e-08
-5.19069e-09 0.00411052 8.01198e-08
-5.19069e-09 0.00411052 7.7619e-08
-5.19069e-09 0.00411052 7.51183e-08
-5.19069e-09 0.00411052 7.26176e-08
-5.19069e-09 0.00411052 7.01169e-08
-5.19069e-09 0.00411052 6.76161e-08
-5.19069e-09 0.00411052 6.51154e-08
-5.19069e-09 0.00411052 6.26147e-08
-5.19069e-09 0.00411052 6.0114e-08
-5.19069e-09 0.00411052 5.76133e-08
-5.19069e-09 0.00411052 5.51125e-08
-5.19069e-09 0.00411052 5.26118e-08
-5.19069e-09 0.00411052 5.01111e-08
-5.19069e-09 0.00411052 4.76104e-08
-5.19069e-09 0.00411052 4.51097e-08
-7.56151e-09 0.00411053 2.22661e-07
-7.56151e-09 0.00411053 2.2016e-07
-7.56151e-09 0.00411053 2.17659e-07
-7.56151e-09 0.00411053 2.15159e-07
-7.56151e-09 0.00411053 2.12658e-07
-7.56151e-09 0.00411053 2.10157e-07
-7.56151e-09 0.00411053 2.07657e-07
-7.56151e-09 0.00411053 2.05156e-07
-7.56151e-09 0.00411053 2.02655e-07
-7.56151e-09 0.00411053 2.00154e-07
-7.56151e-09 0.00411053 1.97654e-07
-7.56151e-09 0.00411053 1.95153e-07
-7.56151e-09 0.00411053 1.92652e-07
-7.56151e-09 0.00411053 1.90151e-07
-7.56151e-09 0.00411053 1.87651e-07
-7.56151e-09 0.00411053 1.8515e-07
-7.56151e-09 0.00411053 1.82649e-07
-7.56151e-09 0.00411053 1.80149e-07
-7.56151e-09 0.00411053 1.77648e-07
-7.56151e-09 0.00411053 1.75147e-07
-7.56151e-09 0.00411053 1.72646e-07
-7.56151e-09 0.00411053 1.70146e-07
-7.56151e-09 0.00411053 1.67645e-07
-7.56151e-09 0.00411053 1.65144e-07
-7.56151e-09 0.00411053 1.62644e-07
-7.56151e-09 0.00411053 1.60143e-07
-7.56151e-09 0.00411053 1.57642e-07
-7.56151e-09 0.00411052 1.55141e-07
-7.56151e-09 0.00411052 1.52641e-07
-7.56151e-09 0.00411052 1.5014e-07
-7.56151e-09 0.00411052 1.47639e-07
-7.56151e-09 0.00411052 1.45139e-07
-7.56151e-09 0.00411052 1.42638e-07
-7.56151e-09 0.00411052 1.40137e-07
-7.56151e-09 0.00411052 1.37636e-07
-7.56151e-09 0.00411052 1.35136e-07
-7.56151e-09 0.00411052 1.32635e-07
-7.56151e-09 0.00411052 1.30134e-07
-7.56151e-09 0.00411052 1.27633e-07
-7.56151e-09 0.00411052 1.25133e-07
-7.56151e-09 0.00411052 1.22632e-07
-7.56151e-09 0.00411052 1.20131e-07
-7.56151e-09 0.00411052 1.17631e-07
-7.56151e-09 0.00411052 1.1513e-07
-7.56151e-09 0.00411052 1.12629e-07
-7.56151e-09 0.00411052 1.10128e-07
-7.56151e-09 0.00411052 1.07628e-07
-7.56151e-09 0.00411052 1.05127e-07
-7.56151e-09 0.00411052 1.02626e-07
-7.56151e-09 0.00411052 1.00126e-07
-7.56151e-09 0.00411052 9.76248e-08
-7.56151e-09 0.00411052 9.51241e-08
-7.56151e-09 0.00411052 9.26234e-08
-7.56151e-09 0.00411052 9.01226e-08
-7.56151e-09 0.00411052 8.76219e-08
-7.56151e-09 0.00411052 8.51212e-08
-7.56151e-09 0.00411052 8.26205e-08
-7.56151e-09 0.00411052 8.01198e-08
-7.56151e-09 0.00411052 7.7619e-08
-7.56151e-09 0.00411052 7.51183e-08
-7.56151e-09 0.00411052 7.26176e-08
-7.56151e-09 0.00411052 7.01169e-08
-7.56151e-09 0.00411052 6.76161e-08
-7.56151e-09 0.00411052 6.51154e-08
-7.56151e-09 0.00411052 6.26147e-08
-7.56151e-09 0.00411052 6.0114e-08
-7.56151e-09 0.00411052 5.76133e-08
-7.56151e-09 0.00411052 5.51125e-08
-7.56151e-09 0.00411052 5.26118e-08
-7.56151e-09 0.00411052 5.01111e-08
-7.56151e-09 0.00411052 4.76104e-08
-7.56151e-09 0.00411052 4.51097e-08
-9.93232e-09 0.00411053 2.22661e-07
-9.93232e-09 0.00411053 2.2016e-07
-9.93232e-09 0.00411053 2.17659e-07
-9.93232e-09 0.00411053 2.15159e-07
-9.93232e-09 0.00411053 2.12658e-07
-9.93232e-09 0.00411053 2.10157e-07
-9.93232e-09 0.00411053 2.07657e-07
-9.93232e-09 0.00411053 2.05156e-07
-9.93232e-09 0.00411053 2.02655e-07
-9.93232e-09 0.00411052 2.00154e-07
-9.93232e-09 0.00411052 1.97654e-07
-9.93232e-09 0.00411052 1.95153e-07
-9.93232e-09 0.00411052 1.92652e-07
-9.93232e-09 0.00411052 1.90151e-07
-9.93232e-09 0.00411052 1.87651e-07
-9.93232e-09 0.00411052 1.8515e-07
-9.93232e-09 0.00411052 1.82649e-07
-9.93232e-09 0.00411052 1.80149e-07
-9.93232e-09 0.00411052 1.77648e-07
-9.93232e-09 0.00411052 1.75147e-07
-9.93232e-09 0.00411052 1.72646e-07
-9.93232e-09 0.00411052 1.70146e-07
-9.93232e-09 0.00411052 1.67645e-07
-9.93232e-09 0.00411052 1.65144e-07
-9.93232e-09 0.00411052 1.62644e-07
-9.93232e-09 0.00411052 1.60143e-07
-9.93232e-09 0.00411052 1.57642e-07
-9.93232e-09 0.00411052 1.55141e-07
-9.93232e-09 0.00411052 1.52641e-07
-9.93232e-09 0.00411052 1.5014e-07
-9.93232e-09 0.00411052 1.47639e-07
-9.93232e-09 0.00411052 1.45139e-07
-9.93232e-09 0.00411052 1.42638e-07
-9.93232e-09 0.00411052 1.40137e-07
-9.93232e-09 0.00411052 1.37636e-07
-9.93232e-09 0.00411052 1.35136e-07
-9.93232e-09 0.00411052 1.32635e-07
-9.93232e-09 0.00411052 1.30134e-07
-9.93232e-09 0.00411052 1.27633e-07
-9.93232e-09 0.00411052 1.25133e-07
-9.93232e-09 0.00411052 1.22632e-07
-9.93232e-09 0.00411052 1.20131e-07
-9.93232e-09 0.00411052 1.17631e-07
-9.93232e-09 0.00411052 1.1513e-07
-9.93232e-09 0.00411052 1.12629e-07
-9.93232e-09 0.00411052 1.10128e-07
-9.93232e-09 0.00411052 1.07628e-07
-9.93232e-09 0.00411052 1.05127e-07
-9.93232e-09 0.00411052 1.02626e-07
-9.93232e-09 0.00411052 1.00126e-07
-9.93232e-09 0.00411052 9.76248e-08
-9.93232e-09 0.00411052 9.51241e-08
-9.93232e-09 0.00411052 9.26234e-08
-9.93232e-09 0.00411052 9.01226e-08
-9.93232e-09 0.00411052 8.76219e-08
-9.93232e-09 0.00411052 8.51212e-08
-9.93232e-09 0.00411051 8.26205e-08
-9.93232e-09 0.00411051 8.01198e-08
-9.93232e-09 0.00411051 7.7619e-08
-9.93232e-09 0.00411051 7.51183e-08
-9.93232e-09 0.00411051 7.26176e-08
-9.93232e-09 0.00411051 7.01169e-08
-9.93232e-09 0.00411051 6.76161e-08
-9.93232e-09 0.00411051 6.51154e-08
-9.93232e-09 0.00411051 6.26147e-08
-9.93232e-09 0.00411051 6.0114e-08
-9.93232e-09 0.00411051 5.76133e-08
-9.93232e-09 0.00411051 5.51125e-08
-9.93232e-09 0.00411051 5.26118e-08
-9.93232e-09 0.00411051 5.01111e-08
-9.93232e-09 0.00411051 4.76104e-08
-9.93232e-09 0.00411051 4.51097e-08
-1.23031e-08 0.00411052 2.22661e-07
-1.23031e-08 0.00411052 2.2016e-07
-1.23031e-08 0.00411052 2.17659e-07
-1.23031e-08 0.00411052 2.15159e-07
-1.23031e-08 0.00411052 2.12658e-07
-1.23031e-08 0.00411052 2.10157e-07
-1.23031e-08 0.00411052 2.07657e-07
-1.23031e-08 0.00411052 2.05156e-07
-1.23031e-08 0.00411052 2.02655e-07
-1.23031e-08 0.00411052 2.00154e-07
-1.23031e-08 0.00411052 1.97654e-07
-1.23031e-08 0.00411052 1.95153e-07
-1.23031e-08 0.00411052 1.92652e-07
-1.23031e-08 0.00411052 1.90151e-07
-1.23031e-08 0.00411052 1.87651e-07
-1.23031e-08 0.00411052 1.8515e-07
-1.23031e-08 0.00411052 1.82649e-07
-1.23031e-08 0.00411052 1.80149e-07
-1.23031e-08 0.00411052 1.77648e-07
-1.23031e-08 0.00411052 1.75147e-07
-1.23031e-08 0.00411052 1.72646e-07
-1.23031e-08 0.00411052 1.70146e-07
-1.23031e-08 0.00411052 1.67645e-07
-1.23031e-08 0.00411052 1.65144e-07
-1.23031e-08 0.00411052 1.62644e-07
-1.23031e-08 0.00411052 1.60143e-07
-1.23031e-08 0.00411052 1.57642e-07
-1.23031e-08 0.00411052 1.55141e-07
-1.23031e-08 0.00411052 1.52641e-07
-1.23031e-08 0.00411052 1.5014e-07
-1.23031e-08 0.00411052 1.47639e-07
-1.23031e-08 0.00411052 1.45139e-07
-1.23031e-08 0.00411052 1.42638e-07
-1.23031e-08 0.00411052 1.40137e-07
-1.23031e-08 0.00411052 1.37636e-07
-1.23031e-08 0.00411052 1.35136e-07
-1.23031e-08 0.00411052 1.32635e-07
-1.23031e-08 0.00411052 1.30134e-07
-1.23031e-08 0.00411051 1.27633e-07
-1.23031e-08 0.00411051 1.25133e-07
-1.23031e-08 0.00411051 1.22632e-07
-1.23031e-08 0.00411051 1.20131e-07
-1.23031e-08 0.00411051 1.17631e-07
-1.23031e-08 0.00411051 1.1513e-07
-1.23031e-08 0.00411051 1.12629e-07
-1.23031e-08 0.00411051 1.10128e-07
-1.23031e-08 0.00411051 1.07628e-07
-1.23031e-08 0.00411051 1.05127e-07
-1.23031e-08 0.00411051 1.02626e-07
-1.23031e-08 0.00411051 1.00126e-07
-1.23031e-08 0.00411051 9.76248e-08
-1.23031e-08 0.00411051 9.51241e-08
-1.23031e-08 0.00411051 9.26234e-08
-1.23031e-08 0.00411051 9.01226e-08
-1.23031e-08 0.00411051 8.76219e-08
-1.23031e-08 0.00411051 8.51212e-08
-1.23031e-08 0.00411051 8.26205e-08
-1.23031e-08 0.00411051 8.01198e-08
-1.23031e-08 0.00411051 7.7619e-08
-1.23031e-08 0.00411051 7.51183e-08
-1.23031e-08 0.00411051 7.26176e-08
-1.23031e-08 0.00411051 7.01169e-08
-1.23031e-08 0.00411051 6.76161e-08
-1.23031e-08 0.00411051 6.51154e-08
-1.23031e-08 0.00411051 6.26147e-08
-1.23031e-08 0.00411051 6.0114e-08
-1.23031e-08 0.00411051 5.76133e-08
-1.23031e-08 0.00411051 5.51125e-08
-1.23031e-08 0.00411051 5.26118e-08
-1.23031e-08 0.00411051 5.01111e-08
-1.23031e-08 0.00411051 4.76104e-08
-1.23031e-08 0.00411051 4.51097e-08
-1.46739e-08 0.00411052 2.22661e-07
-1.46739e-08 0.00411052 2.2016e-07
-1.46739e-08 0.00411052 2.17659e-07
-1.46739e-08 0.00411052 2.15159e-07
-1.46739e-08 0.00411052 2.12658e-07
-1.46739e-08 0.00411052 2.10157e-07
-1.46739e-08 0.00411052 2.07657e-07
-1.46739e-08 0.00411052 2.05156e-07
-1.46739e-08 0.00411052 2.02655e-07
-1.46739e-08 0.00411052 2.00154e-07
-1.46739e-08 0.00411052 1.97654e-07
-1.46739e-08 0.00411052 1.95153e-07
-1.46739e-08 0.00411052 1.92652e-07
-1.46739e-08 0.00411052 1.90151e-07
-1.46739e-08 0.00411052 1.87651e-07
-1.46739e-08 0.00411052 1.8515e-07
-1.46739e-08 0.00411052 1.82649e-07
-1.46739e-08 0.00411052 1.80149e-07
-1.46739e-08 0.00411052 1.77648e-07
-1.46739e-08 0.00411051 1.75147e-07
-1.46739e-08 0.00411051 1.72646e-07
-1.46739e-08 0.00411051 1.70146e-07
-1.46739e-08 0.00411051 1.67645e-07
-1.46739e-08 0.00411051 1.65144e-07
-1.46739e-08 0.00411051 1.62644e-07
-1.46739e-08 0.00411051 1.60143e-07
-1.46739e-08 0.00411051 1.57642e-07
-1.46739e-08 0.00411051 1.55141e-07
-1.46739e-08 0.00411051 1.52641e-07
-1.46739e-08 0.00411051 1.5014e-07
-1.46739e-08 0.00411051 1.47639e-07
-1.46739e-08 0.00411051 1.45139e-07
-1.46739e-08 0.00411051 1.42638e-07
-1.46739e-08 0.00411051 1.40137e-07
-1.46739e-08 0.00411051 1.37636e-07
-1.46739e-08 0.00411051 1.35136e-07
-1.46739e-08 0.00411051 1.32635e-07
-1.46739e-08 0.00411051 1.30134e-07
-1.46739e-08 0.00411051 1.27633e-07
-1.46739e-08 0.00411051 1.25133e-07
-1.46739e-08 0.00411051 1.22632e-07
-1.46739e-08 0.00411051 1.20131e-07
-1.46739e-08 0.00411051 1.17631e-07
-1.46739e-08 0.00411051 1.1513e-07
-1.46739e-08 0.00411051 1.12629e-07
-1.46739e-08 0.00411051 1.10128e-07
-1.46739e-08 0.00411051 1.07628e-07
-1.46739e-08 0.00411051 1.05127e-07
-1.46739e-08 0.00411051 1.02626e-07
-1.46739e-08 0.00411051 1.00126e-07
-1.46739e-08 0.00411051 9.76248e-08
-1.46739e-08 0.00411051 9.51241e-08
-1.46739e-08 0.00411051 9.26234e-08
-1.46739e-08 0.00411051 9.01226e-08
-1.46739e-08 0.00411051 8.76219e-08
-1.46739e-08 0.00411051 8.51212e-08
-1.46739e-08 0.00411051 8.26205e-08
-1.46739e-08 0.00411051 8.01198e-08
-1.46739e-08 0.00411051 7.7619e-08
-1.46739e-08 0.00411051 7.51183e-08
-1.46739e-08 0.00411051 7.26176e-08
-1.46739e-08 0.00411051 7.01169e-08
-1.46739e-08 0.00411051 6.76161e-08
-1.46739e-08 0.00411051 6.51154e-08
-1.46739e-08 0.0041105 6.26147e-08
-1.46739e-08 0.0041105 6.0114e-08
-1.46739e-08 0.0041105 5.76133e-08
-1.46739e-08 0.0041105 5.51125e-08
-1.46739e-08 0.0041105 5.26118e-08
-1.46739e-08 0.0041105 5.01111e-08
-1.46739e-08 0.0041105 4.76104e-08
-1.46739e-08 0.0041105 4.51097e-08
-1.83724e-08 0.0041105 4.26089e-08
-1.70448e-08 0.0041105 4.26089e-08
-1.83724e-08 0.0041105 4.51097e-08
-1.70448e-08 0.0041105 4.51097e-08
-1.83724e-08 0.0041105 4.76104e-08
-1.70448e-08 0.0041105 4.76104e-08
-1.83724e-08 0.0041105 5.01111e-08
-1.70448e-08 0.0041105 5.01111e-08
-1.83724e-08 0.0041105 5.26118e-08
-1.70448e-08 0.0041105 5.26118e-08
-1.83724e-08 0.0041105 5.51125e-08
-1.70448e-08 0.0041105 5.51125e-08
-1.83724e-08 0.0041105 5.76133e-08
-1.70448e-08 0.0041105 5.76133e-08
-1.83724e-08 0.0041105 6.0114e-08
-1.70448e-08 0.0041105 6.0114e-08
-1.83724e-08 0.0041105 6.26147e-08
-1.70448e-08 0.0041105 6.26147e-08
-1.83724e-08 0.0041105 6.51154e-08
-1.70448e-08 0.0041105 6.51154e-08
-1.83724e-08 0.0041105 6.76161e-08
-1.70448e-08 0.0041105 6.76161e-08
-1.83724e-08 0.0041105 7.01169e-08
-1.70448e-08 0.0041105 7.01169e-08
-1.83724e-08 0.0041105 7.26176e-08
-1.70448e-08 0.0041105 7.26176e-08
-1.83724e-08 0.0041105 7.51183e-08
-1.70448e-08 0.0041105 7.51183e-08
-1.83724e-08 0.0041105 7.7619e-08
-1.70448e-08 0.0041105 7.7619e-08
-1.83724e-08 0.0041105 8.01198e-08
-1.70448e-08 0.0041105 8.01198e-08
-1.83724e-08 0.0041105 8.26205e-08
-1.70448e-08 0.0041105 8.26205e-08
-1.83724e-08 0.0041105 8.51212e-08
-1.70448e-08 0.0041105 8.51212e-08
-1.83724e-08 0.0041105 8.76219e-08
-1.70448e-08 0.0041105 8.76219e-08
-1.83724e-08 0.0041105 9.01226e-08
-1.70448e-08 0.0041105 9.01226e-08
-1.83724e-08 0.0041105 9.26234e-08
-1.70448e-08 0.0041105 9.26234e-08
-1.83724e-08 0.0041105 9.51241e-08
-1.70448e-08 0.0041105 9.51241e-08
-1.83724e-08 0.0041105 9.76248e-08
-1.70448e-08 0.0041105 9.76248e-08
-1.83724e-08 0.0041105 1.00126e-07
-1.70448e-08 0.0041105 1.00126e-07
-1.83724e-08 0.0041105 1.02626e-07
-1.70448e-08 0.0041105 1.02626e-07
-1.83724e-08 0.0041105 1.05127e-07
-1.70448e-08 0.0041105 1.05127e-07
-1.83724e-08 0.0041105 1.07628e-07
-1.70448e-08 0.0041105 1.07628e-07
-1.83724e-08 0.0041105 1.10128e-07
-1.70448e-08 0.00411051 1.10128e-07
-1.83724e-08 0.0041105 1.12629e-07
-1.70448e-08 0.00411051 1.12629e-07
-1.83724e-08 0.0041105 1.1513e-07
-1.70448e-08 0.00411051 1.1513e-07
-1.83724e-08 0.0041105 1.17631e-07
-1.70448e-08 0.00411051 1.17631e-07
-1.83724e-08 0.0041105 1.20131e-07
-1.70448e-08 0.00411051 1.20131e-07
-1.83724e-08 0.0041105 1.22632e-07
-1.70448e-08 0.00411051 1.22632e-07
-1.83724e-08 0.0041105 1.25133e-07
-1.70448e-08 0.00411051 1.25133e-07
-1.83724e-08 0.0041105 1.27633e-07
-1.70448e-08 0.00411051 1.27633e-07
-1.83724e-08 0.0041105 1.30134e-07
-1.70448e-08 0.00411051 1.30134e-07
-1.83724e-08 0.0041105 1.32635e-07
-1.70448e-08 0.00411051 1.32635e-07
-1.83724e-08 0.00411051 1.35136e-07
-1.70448e-08 0.00411051 1.35136e-07
-1.83724e-08 0.00411051 1.37636e-07
-1.70448e-08 0.00411051 1.37636e-07
-1.83724e-08 0.00411051 1.40137e-07
-1.70448e-08 0.00411051 1.40137e-07
-1.83724e-08 0.00411051 1.42638e-07
-1.70448e-08 0.00411051 1.42638e-07
-1.83724e-08 0.00411051 1.45139e-07
-1.70448e-08 0.00411051 1.45139e-07
-1.83724e-08 0.00411051 1.47639e-07
-1.70448e-08 0.00411051 1.47639e-07
-1.83724e-08 0.00411051 1.5014e-07
-1.70448e-08 0.00411051 1.5014e-07
-1.83724e-08 0.00411051 1.52641e-07
-1.70448e-08 0.00411051 1.52641e-07
-1.83724e-08 0.00411051 1.55141e-07
-1.70448e-08 0.00411051 1.55141e-07
-1.83724e-08 0.00411051 1.57642e-07
-1.70448e-08 0.00411051 1.57642e-07
-1.83724e-08 0.00411051 1.60143e-07
-1.70448e-08 0.00411051 1.60143e-07
-1.83724e-08 0.00411051 1.62644e-07
-1.70448e-08 0.00411051 1.62644e-07
-1.83724e-08 0.00411051 1.65144e-07
-1.70448e-08 0.00411051 1.65144e-07
-1.83724e-08 0.00411051 1.67645e-07
-1.70448e-08 0.00411051 1.67645e-07
-1.83724e-08 0.00411051 1.70146e-07
-1.70448e-08 0.00411051 1.70146e-07
-1.83724e-08 0.00411051 1.72646e-07
-1.70448e-08 0.00411051 1.72646e-07
-1.83724e-08 0.00411051 1.75147e-07
-1.70448e-08 0.00411051 1.75147e-07
-1.83724e-08 0.00411051 1.77648e-07
-1.70448e-08 0.00411051 1.77648e-07
-1.83724e-08 0.00411051 1.80149e-07
-1.70448e-08 0.00411051 1.80149e-07
-1.83724e-08 0.00411051 1.82649e-07
-1.70448e-08 0.00411051 1.82649e-07
-1.83724e-08 0.00411051 1.8515e-07
-1.70448e-08 0.00411051 1.8515e-07
-1.83724e-08 0.00411051 1.87651e-07
-1.70448e-08 0.00411051 1.87651e-07
-1.83724e-08 0.00411051 1.90151e-07
-1.70448e-08 0.00411051 1.90151e-07
-1.83724e-08 0.00411051 1.92652e-07
-1.70448e-08 0.00411051 1.92652e-07
-1.83724e-08 0.00411051 1.95153e-07
-1.70448e-08 0.00411051 1.95153e-07
-1.83724e-08 0.00411051 1.97654e-07
-1.70448e-08 0.00411051 1.97654e-07
-1.83724e-08 0.00411051 2.00154e-07
-1.70448e-08 0.00411051 2.00154e-07
-1.83724e-08 0.00411051 2.02655e-07
-1.70448e-08 0.00411051 2.02655e-07
-1.83724e-08 0.00411051 2.05156e-07
-1.70448e-08 0.00411051 2.05156e-07
-1.83724e-08 0.00411051 2.07657e-07
-1.70448e-08 0.00411051 2.07657e-07
-1.83724e-08 0.00411051 2.10157e-07
-1.70448e-08 0.00411051 2.10157e-07
-1.83724e-08 0.00411051 2.12658e-07
-1.70448e-08 0.00411051 2.12658e-07
-1.83724e-08 0.00411051 2.15159e-07
-1.70448e-08 0.00411051 2.15159e-07
-1.83724e-08 0.00411051 2.17659e-07
-1.70448e-08 0.00411051 2.17659e-07
-1.83724e-08 0.00411051 2.2016e-07
-1.70448e-08 0.00411051 2.2016e-07
-1.83724e-08 0.00411051 2.22661e-07
-1.70448e-08 0.00411052 2.22661e-07
-1.83724e-08 0.00411051 2.25162e-07
-1.70448e-08 0.00411052 2.25162e-07
-4.49064e-10 0.00411053 4.26089e-08
8.78591e-10 0.00411053 4.26089e-08
-4.49064e-10 0.00411053 4.51097e-08
8.78591e-10 0.00411053 4.51097e-08
-4.49064e-10 0.00411053 4.76104e-08
8.78591e-10 0.00411053 4.76104e-08
-4.49064e-10 0.00411053 5.01111e-08
8.78591e-10 0.00411053 5.01111e-08
-4.49064e-10 0.00411053 5.26118e-08
8.78591e-10 0.00411053 5.26118e-08
-4.49064e-10 0.00411053 5.51125e-08
8.78591e-10 0.00411053 5.51125e-08
-4.49064e-10 0.00411053 5.76133e-08
8.78591e-10 0.00411053 5.76133e-08
-4.49064e-10 0.00411053 6.0114e-08
8.78591e-10 0.00411053 6.0114e-08
-4.49064e-10 0.00411053 6.26147e-08
8.78591e-10 0.00411053 6.26147e-08
-4.49064e-10 0.00411053 6.51154e-08
8.78591e-10 0.00411053 6.51154e-08
-4.49064e-10 0.00411053 6.76161e-08
8.78591e-10 0.00411053 6.76161e-08
-4.49064e-10 0.00411053 7.01169e-08
8.78591e-10 0.00411053 7.01169e-08
-4.49064e-10 0.00411053 7.26176e-08
8.78591e-10 0.00411053 7.26176e-08
-4.49064e-10 0.00411053 7.51183e-08
8.78591e-10 0.00411053 7.51183e-08
-4.49064e-10 0.00411053 7.7619e-08
8.78591e-10 0.00411053 7.7619e-08
-4.49064e-10 0.00411053 8.01198e-08
8.78591e-10 0.00411053 8.01198e-08
-4.49064e-10 0.00411053 8.26205e-08
8.78591e-10 0.00411053 8.26205e-08
-4.49064e-10 0.00411053 8.51212e-08
8.78591e-10 0.00411053 8.51212e-08
-4.49064e-10 0.00411053 8.76219e-08
8.78591e-10 0.00411053 8.76219e-08
-4.49064e-10 0.00411053 9.01226e-08
8.78591e-10 0.00411053 9.01226e-08
-4.49064e-10 0.00411053 9.26234e-08
8.78591e-10 0.00411053 9.26234e-08
-4.49064e-10 0.00411053 9.51241e-08
8.78591e-10 0.00411053 9.51241e-08
-4.49064e-10 0.00411053 9.76248e-08
8.78591e-10 0.00411053 9.76248e-08
-4.49064e-10 0.00411053 1.00126e-07
8.78591e-10 0.00411053 1.00126e-07
-4.49064e-10 0.00411053 1.02626e-07
8.78591e-10 0.00411053 1.02626e-07
-4.49064e-10 0.00411053 1.05127e-07
8.78591e-10 0.00411053 1.05127e-07
-4.49064e-10 0.00411053 1.07628e-07
8.78591e-10 0.00411054 1.07628e-07
-4.49064e-10 0.00411053 1.10128e-07
8.78591e-10 0.00411054 1.10128e-07
-4.49064e-10 0.00411053 1.12629e-07
8.78591e-10 0.00411054 1.12629e-07
-4.49064e-10 0.00411053 1.1513e-07
8.78591e-10 0.00411054 1.1513e-07
-4.49064e-10 0.00411053 1.17631e-07
8.78591e-10 0.00411054 1.17631e-07
-4.49064e-10 0.00411053 1.20131e-07
8.78591e-10 0.00411054 1.20131e-07
-4.49064e-10 0.00411053 1.22632e-07
8.78591e-10 0.00411054 1.22632e-07
-4.49064e-10 0.00411053 1.25133e-07
8.78591e-10 0.00411054 1.25133e-07
-4.49064e-10 0.00411053 1.27633e-07
8.78591e-10 0.00411054 1.27633e-07
-4.49064e-10 0.00411053 1.30134e-07
8.78591e-10 0.00411054 1.30134e-07
-4.49064e-10 0.00411054 1.32635e-07
8.78591e-10 0.00411054 1.32635e-07
-4.49064e-10 0.00411054 1.35136e-07
8.78591e-10 0.00411054 1.35136e-07
-4.49064e-10 0.00411054 1.37636e-07
8.78591e-10 0.00411054 1.37636e-07
-4.49064e-10 0.00411054 1.40137e-07
8.78591e-10 0.00411054 1.40137e-07
-4.49064e-10 0.00411054 1.42638e-07
8.78591e-10 0.00411054 1.42638e-07
-4.49064e-10 0.00411054 1.45139e-07
8.78591e-10 0.00411054 1.45139e-07
-4.49064e-10 0.00411054 1.47639e-07
8.78591e-10 0.00411054 1.47639e-07
-4.49064e-10 0.00411054 1.5014e-07
8.78591e-10 0.00411054 1.5014e-07
-4.49064e-10 0.00411054 1.52641e-07
8.78591e-10 0.00411054 1.52641e-07
-4.49064e-10 0.00411054 1.55141e-07
8.78591e-10 0.00411054 1.55141e-07
-4.49064e-10 0.00411054 1.57642e-07
8.78591e-10 0.00411054 1.57642e-07
-4.49064e-10 0.00411054 1.60143e-07
8.78591e-10 0.00411054 1.60143e-07
-4.49064e-10 0.00411054 1.62644e-07
8.78591e-10 0.00411054 1.62644e-07
-4.49064e-10 0.00411054 1.65144e-07
8.78591e-10 0.00411054 1.65144e-07
-4.49064e-10 0.00411054 1.67645e-07
8.78591e-10 0.00411054 1.67645e-07
-4.49064e-10 0.00411054 1.70146e-07
8.78591e-10 0.00411054 1.70146e-07
-4.49064e-10 0.00411054 1.72646e-07
8.78591e-10 0.00411054 1.72646e-07
-4.49064e-10 0.00411054 1.75147e-07
8.78591e-10 0.00411054 1.75147e-07
-4.49064e-10 0.00411054 1.77648e-07
8.78591e-10 0.00411054 1.77648e-07
-4.49064e-10 0.00411054 1.80149e-07
8.78591e-10 0.00411054 1.80149e-07
-4.49064e-10 0.00411054 1.82649e-07
8.78591e-10 0.00411054 1.82649e-07
-4.49064e-10 0.00411054 1.8515e-07
8.78591e-10 0.00411054 1.8515e-07
-4.49064e-10 0.00411054 1.87651e-07
8.78591e-10 0.00411054 1.87651e-07
-4.49064e-10 0.00411054 1.90151e-07
8.78591e-10 0.00411054 1.90151e-07
-4.49064e-10 0.00411054 1.92652e-07
8.78591e-10 0.00411054 1.92652e-07
-4.49064e-10 0.00411054 1.95153e-07
8.78591e-10 0.00411054 1.95153e-07
-4.49064e-10 0.00411054 1.97654e-07
8.78591e-10 0.00411054 1.97654e-07
-4.49064e-10 0.00411054 2.00154e-07
8.78591e-10 0.00411054 2.00154e-07
-4.49064e-10 0.00411054 2.02655e-07
8.78591e-10 0.00411054 2.02655e-07
-4.49064e-10 0.00411054 2.05156e-07
8.78591e-10 0.00411054 2.05156e-07
-4.49064e-10 0.00411054 2.07657e-07
8.78591e-10 0.00411054 2.07657e-07
-4.49064e-10 0.00411054 2.10157e-07
8.78591e-10 0.00411054 2.10157e-07
-4.49064e-10 0.00411054 2.12658e-07
8.78591e-10 0.00411054 2.12658e-07
-4.49064e-10 0.00411054 2.15159e-07
8.78591e-10 0.00411054 2.15159e-07
-4.49064e-10 0.00411054 2.17659e-07
8.78591e-10 0.00411054 2.17659e-07
-4.49064e-10 0.00411054 2.2016e-07
8.78591e-10 0.00411054 2.2016e-07
-4.49064e-10 0.00411054 2.22661e-07
8.78591e-10 0.00411054 2.22661e-07
-4.49064e-10 0.00411054 2.25162e-07
8.78591e-10 0.00411055 2.25162e-07
