-1.18364e-07 0.00413884 5.03184e-07
-1.18364e-07 0.00413898 4.68635e-07
-1.15223e-07 0.00413877 5.03184e-07
-1.15223e-07 0.00413891 4.68635e-07
-1.18364e-07 0.00413884 5.02711e-07
-1.18364e-07 0.00413885 5.02237e-07
-1.18364e-07 0.00413885 5.01764e-07
-1.18364e-07 0.00413885 5.01291e-07
-1.18364e-07 0.00413885 5.00818e-07
-1.18364e-07 0.00413885 5.00344e-07
-1.18364e-07 0.00413886 4.99871e-07
-1.18364e-07 0.00413886 4.99398e-07
-1.18364e-07 0.00413886 4.98925e-07
-1.18364e-07 0.00413886 4.98451e-07
-1.18364e-07 0.00413886 4.97978e-07
-1.18364e-07 0.00413887 4.97505e-07
-1.18364e-07 0.00413887 4.97031e-07
-1.18364e-07 0.00413887 4.96558e-07
-1.18364e-07 0.00413887 4.96085e-07
-1.18364e-07 0.00413887 4.95612e-07
-1.18364e-07 0.00413888 4.95138e-07
-1.18364e-07 0.00413888 4.94665e-07
-1.18364e-07 0.00413888 4.94192e-07
-1.18364e-07 0.00413888 4.93719e-07
-1.18364e-07 0.00413888 4.93245e-07
-1.18364e-07 0.00413889 4.92772e-07
-1.18364e-07 0.00413889 4.92299e-07
-1.18364e-07 0.00413889 4.91825e-07
-1.18364e-07 0.00413889 4.91352e-07
-1.18364e-07 0.00413889 4.90879e-07
-1.18364e-07 0.00413889 4.90406e-07
-1.18364e-07 0.0041389 4.89932e-07
-1.18364e-07 0.0041389 4.89459e-07
-1.18364e-07 0.0041389 4.88986e-07
-1.18364e-07 0.0041389 4.88513e-07
-1.18364e-07 0.0041389 4.88039e-07
-1.18364e-07 0.00413891 4.87566e-07
-1.18364e-07 0.00413891 4.87093e-07
-1.18364e-07 0.00413891 4.86619e-07
-1.18364e-07 0.00413891 4.86146e-07
-1.18364e-07 0.00413891 4.85673e-07
-1.18364e-07 0.00413892 4.852e-07
-1.18364e-07 0.00413892 4.84726e-07
-1.18364e-07 0.00413892 4.84253e-07
-1.18364e-07 0.00413892 4.8378e-07
-1.18364e-07 0.00413892 4.83307e-07
-1.18364e-07 0.00413893 4.82833e-07
-1.18364e-07 0.00413893 4.8236e-07
-1.18364e-07 0.00413893 4.81887e-07
-1.18364e-07 0.00413893 4.81413e-07
-1.18364e-07 0.00413893 4.8094e-07
-1.18364e-07 0.00413894 4.80467e-07
-1.18364e-07 0.00413894 4.79994e-07
-1.18364e-07 0.00413894 4.7952e-07
-1.18364e-07 0.00413894 4.79047e-07
-1.18364e-07 0.00413894 4.78574e-07
-1.18364e-07 0.00413895 4.78101e-07
-1.18364e-07 0.00413895 4.77627e-07
-1.18364e-07 0.00413895 4.77154e-07
-1.18364e-07 0.00413895 4.76681e-07
-1.18364e-07 0.00413895 4.76207e-07
-1.18364e-07 0.00413895 4.75734e-07
-1.18364e-07 0.00413896 4.75261e-07
-1.18364e-07 0.00413896 4.74788e-07
-1.18364e-07 0.00413896 4.74314e-07
-1.18364e-07 0.00413896 4.73841e-07
-1.18364e-07 0.00413896 4.73368e-07
-1.18364e-07 0.00413897 4.72895e-07
-1.18364e-07 0.00413897 4.72421e-07
-1.18364e-07 0.00413897 4.71948e-07
-1.18364e-07 0.00413897 4.71475e-07
-1.18364e-07 0.00413897 4.71001e-07
-1.18364e-07 0.00413898 4.70528e-07
-1.18364e-07 0.00413898 4.70055e-07
-1.18364e-07 0.00413898 4.69582e-07
-1.18364e-07 0.00413898 4.69108e-07
-1.17916e-07 0.00413897 4.68635e-07
-1.17467e-07 0.00413896 4.68635e-07
-1.17018e-07 0.00413895 4.68635e-07
-1.16569e-07 0.00413894 4.68635e-07
-1.16121e-07 0.00413893 4.68635e-07
-1.15672e-07 0.00413892 4.68635e-07
-1.17916e-07 0.00413883 5.03184e-07
-1.17467e-07 0.00413882 5.03184e-07
-1.17018e-07 0.00413881 5.03184e-07
-1.16569e-07 0.0041388 5.03184e-07
-1.16121e-07 0.00413879 5.03184e-07
-1.15672e-07 0.00413878 5.03184e-07
-1.15223e-07 0.00413891 4.69108e-07
-1.15223e-07 0.00413891 4.69582e-07
-1.15223e-07 0.00413891 4.70055e-07
-1.15223e-07 0.00413891 4.70528e-07
-1.15223e-07 0.0041389 4.71001e-07
-1.15223e-07 0.0041389 4.71475e-07
-1.15223e-07 0.0041389 4.71948e-07
-1.15223e-07 0.0041389 4.72421e-07
-1.15223e-07 0.0041389 4.72895e-07
-1.15223e-07 0.00413889 4.73368e-07
-1.15223e-07 0.00413889 4.73841e-07
-1.15223e-07 0.00413889 4.74314e-07
-1.15223e-07 0.00413889 4.74788e-07
-1.15223e-07 0.00413889 4.75261e-07
-1.15223e-07 0.00413889 4.75734e-07
-1.15223e-07 0.00413888 4.76207e-07
-1.15223e-07 0.00413888 4.76681e-07
-1.15223e-07 0.00413888 4.77154e-07
-1.15223e-07 0.00413888 4.77627e-07
-1.15223e-07 0.00413888 4.78101e-07
-1.15223e-07 0.00413887 4.78574e-07
-1.15223e-07 0.00413887 4.79047e-07
-1.15223e-07 0.00413887 4.7952e-07
-1.15223e-07 0.00413887 4.79994e-07
-1.15223e-07 0.00413887 4.80467e-07
-1.15223e-07 0.00413886 4.8094e-07
-1.15223e-07 0.00413886 4.81413e-07
-1.15223e-07 0.00413886 4.81887e-07
-1.15223e-07 0.00413886 4.8236e-07
-1.15223e-07 0.00413886 4.82833e-07
-1.15223e-07 0.00413885 4.83307e-07
-1.15223e-07 0.00413885 4.8378e-07
-1.15223e-07 0.00413885 4.84253e-07
-1.15223e-07 0.00413885 4.84726e-07
-1.15223e-07 0.00413885 4.852e-07
-1.15223e-07 0.00413884 4.85673e-07
-1.15223e-07 0.00413884 4.86146e-07
-1.15223e-07 0.00413884 4.86619e-07
-1.15223e-07 0.00413884 4.87093e-07
-1.15223e-07 0.00413884 4.87566e-07
-1.15223e-07 0.00413883 4.88039e-07
-1.15223e-07 0.00413883 4.88513e-07
-1.15223e-07 0.00413883 4.88986e-07
-1.15223e-07 0.00413883 4.89459e-07
-1.15223e-07 0.00413883 4.89932e-07
-1.15223e-07 0.00413883 4.90406e-07
-1.15223e-07 0.00413882 4.90879e-07
-1.15223e-07 0.00413882 4.91352e-07
-1.15223e-07 0.00413882 4.91825e-07
-1.15223e-07 0.00413882 4.92299e-07
-1.15223e-07 0.00413882 4.92772e-07
-1.15223e-07 0.00413881 4.93245e-07
-1.15223e-07 0.00413881 4.93719e-07
-1.15223e-07 0.00413881 4.94192e-07
-1.15223e-07 0.00413881 4.94665e-07
-1.15223e-07 0.00413881 4.95138e-07
-1.15223e-07 0.0041388 4.95612e-07
-1.15223e-07 0.0041388 4.96085e-07
-1.15223e-07 0.0041388 4.96558e-07
-1.15223e-07 0.0041388 4.97031e-07
-1.15223e-07 0.0041388 4.97505e-07
-1.15223e-07 0.00413879 4.97978e-07
-1.15223e-07 0.00413879 4.98451e-07
-1.15223e-07 0.00413879 4.98925e-07
-1.15223e-07 0.00413879 4.99398e-07
-1.15223e-07 0.00413879 4.99871e-07
-1.15223e-07 0.00413878 5.00344e-07
-1.15223e-07 0.00413878 5.00818e-07
-1.15223e-07 0.00413878 5.01291e-07
-1.15223e-07 0.00413878 5.01764e-07
-1.15223e-07 0.00413878 5.02237e-07
-1.15223e-07 0.00413878 5.02711e-07
-1.17916e-07 0.00413897 4.69108e-07
-1.17916e-07 0.00413897 4.69582e-07
-1.17916e-07 0.00413897 4.70055e-07
-1.17916e-07 0.00413897 4.70528e-07
-1.17916e-07 0.00413896 4.71001e-07
-1.17916e-07 0.00413896 4.71475e-07
-1.17916e-07 0.00413896 4.71948e-07
-1.17916e-07 0.00413896 4.72421e-07
-1.17916e-07 0.00413896 4.72895e-07
-1.17916e-07 0.00413895 4.73368e-07
-1.17916e-07 0.00413895 4.73841e-07
-1.17916e-07 0.00413895 4.74314e-07
-1.17916e-07 0.00413895 4.74788e-07
-1.17916e-07 0.00413895 4.75261e-07
-1.17916e-07 0.00413894 4.75734e-07
-1.17916e-07 0.00413894 4.76207e-07
-1.17916e-07 0.00413894 4.76681e-07
-1.17916e-07 0.00413894 4.77154e-07
-1.17916e-07 0.00413894 4.77627e-07
-1.17916e-07 0.00413894 4.78101e-07
-1.17916e-07 0.00413893 4.78574e-07
-1.17916e-07 0.00413893 4.79047e-07
-1.17916e-07 0.00413893 4.7952e-07
-1.17916e-07 0.00413893 4.79994e-07
-1.17916e-07 0.00413893 4.80467e-07
-1.17916e-07 0.00413892 4.8094e-07
-1.17916e-07 0.00413892 4.81413e-07
-1.17916e-07 0.00413892 4.81887e-07
-1.17916e-07 0.00413892 4.8236e-07
-1.17916e-07 0.00413892 4.82833e-07
-1.17916e-07 0.00413891 4.83307e-07
-1.17916e-07 0.00413891 4.8378e-07
-1.17916e-07 0.00413891 4.84253e-07
-1.17916e-07 0.00413891 4.84726e-07
-1.17916e-07 0.00413891 4.852e-07
-1.17916e-07 0.0041389 4.85673e-07
-1.17916e-07 0.0041389 4.86146e-07
-1.17916e-07 0.0041389 4.86619e-07
-1.17916e-07 0.0041389 4.87093e-07
-1.17916e-07 0.0041389 4.87566e-07
-1.17916e-07 0.00413889 4.88039e-07
-1.17916e-07 0.00413889 4.88513e-07
-1.17916e-07 0.00413889 4.88986e-07
-1.17916e-07 0.00413889 4.89459e-07
-1.17916e-07 0.00413889 4.89932e-07
-1.17916e-07 0.00413889 4.90406e-07
-1.17916e-07 0.00413888 4.90879e-07
-1.17916e-07 0.00413888 4.91352e-07
-1.17916e-07 0.00413888 4.91825e-07
-1.17916e-07 0.00413888 4.92299e-07
-1.17916e-07 0.00413888 4.92772e-07
-1.17916e-07 0.00413887 4.93245e-07
-1.17916e-07 0.00413887 4.93719e-07
-1.17916e-07 0.00413887 4.94192e-07
-1.17916e-07 0.00413887 4.94665e-07
-1.17916e-07 0.00413887 4.95138e-07
-1.17916e-07 0.00413886 4.95612e-07
-1.17916e-07 0.00413886 4.96085e-07
-1.17916e-07 0.00413886 4.96558e-07
-1.17916e-07 0.00413886 4.97031e-07
-1.17916e-07 0.00413886 4.97505e-07
-1.17916e-07 0.00413885 4.97978e-07
-1.17916e-07 0.00413885 4.98451e-07
-1.17916e-07 0.00413885 4.98925e-07
-1.17916e-07 0.00413885 4.99398e-07
-1.17916e-07 0.00413885 4.99871e-07
-1.17916e-07 0.00413884 5.00344e-07
-1.17916e-07 0.00413884 5.00818e-07
-1.17916e-07 0.00413884 5.01291e-07
-1.17916e-07 0.00413884 5.01764e-07
-1.17916e-07 0.00413884 5.02237e-07
-1.17916e-07 0.00413883 5.02711e-07
-1.17467e-07 0.00413896 4.69108e-07
-1.17467e-07 0.00413896 4.69582e-07
-1.17467e-07 0.00413896 4.70055e-07
-1.17467e-07 0.00413896 4.70528e-07
-1.17467e-07 0.00413895 4.71001e-07
-1.17467e-07 0.00413895 4.71475e-07
-1.17467e-07 0.00413895 4.71948e-07
-1.17467e-07 0.00413895 4.72421e-07
-1.17467e-07 0.00413895 4.72895e-07
-1.17467e-07 0.00413894 4.73368e-07
-1.17467e-07 0.00413894 4.73841e-07
-1.17467e-07 0.00413894 4.74314e-07
-1.17467e-07 0.00413894 4.74788e-07
-1.17467e-07 0.00413894 4.75261e-07
-1.17467e-07 0.00413893 4.75734e-07
-1.17467e-07 0.00413893 4.76207e-07
-1.17467e-07 0.00413893 4.76681e-07
-1.17467e-07 0.00413893 4.77154e-07
-1.17467e-07 0.00413893 4.77627e-07
-1.17467e-07 0.00413893 4.78101e-07
-1.17467e-07 0.00413892 4.78574e-07
-1.17467e-07 0.00413892 4.79047e-07
-1.17467e-07 0.00413892 4.7952e-07
-1.17467e-07 0.00413892 4.79994e-07
-1.17467e-07 0.00413892 4.80467e-07
-1.17467e-07 0.00413891 4.8094e-07
-1.17467e-07 0.00413891 4.81413e-07
-1.17467e-07 0.00413891 4.81887e-07
-1.17467e-07 0.00413891 4.8236e-07
-1.17467e-07 0.00413891 4.82833e-07
-1.17467e-07 0.0041389 4.83307e-07
-1.17467e-07 0.0041389 4.8378e-07
-1.17467e-07 0.0041389 4.84253e-07
-1.17467e-07 0.0041389 4.84726e-07
-1.17467e-07 0.0041389 4.852e-07
-1.17467e-07 0.00413889 4.85673e-07
-1.17467e-07 0.00413889 4.86146e-07
-1.17467e-07 0.00413889 4.86619e-07
-1.17467e-07 0.00413889 4.87093e-07
-1.17467e-07 0.00413889 4.87566e-07
-1.17467e-07 0.00413888 4.88039e-07
-1.17467e-07 0.00413888 4.88513e-07
-1.17467e-07 0.00413888 4.88986e-07
-1.17467e-07 0.00413888 4.89459e-07
-1.17467e-07 0.00413888 4.89932e-07
-1.17467e-07 0.00413887 4.90406e-07
-1.17467e-07 0.00413887 4.90879e-07
-1.17467e-07 0.00413887 4.91352e-07
-1.17467e-07 0.00413887 4.91825e-07
-1.17467e-07 0.00413887 4.92299e-07
-1.17467e-07 0.00413887 4.92772e-07
-1.17467e-07 0.00413886 4.93245e-07
-1.17467e-07 0.00413886 4.93719e-07
-1.17467e-07 0.00413886 4.94192e-07
-1.17467e-07 0.00413886 4.94665e-07
-1.17467e-07 0.00413886 4.95138e-07
-1.17467e-07 0.00413885 4.95612e-07
-1.17467e-07 0.00413885 4.96085e-07
-1.17467e-07 0.00413885 4.96558e-07
-1.17467e-07 0.00413885 4.97031e-07
-1.17467e-07 0.00413885 4.97505e-07
-1.17467e-07 0.00413884 4.97978e-07
-1.17467e-07 0.00413884 4.98451e-07
-1.17467e-07 0.00413884 4.98925e-07
-1.17467e-07 0.00413884 4.99398e-07
-1.17467e-07 0.00413884 4.99871e-07
-1.17467e-07 0.00413883 5.00344e-07
-1.17467e-07 0.00413883 5.00818e-07
-1.17467e-07 0.00413883 5.01291e-07
-1.17467e-07 0.00413883 5.01764e-07
-1.17467e-07 0.00413883 5.02237e-07
-1.17467e-07 0.00413882 5.02711e-07
-1.17018e-07 0.00413895 4.69108e-07
-1.17018e-07 0.00413895 4.69582e-07
-1.17018e-07 0.00413895 4.70055e-07
-1.17018e-07 0.00413895 4.70528e-07
-1.17018e-07 0.00413894 4.71001e-07
-1.17018e-07 0.00413894 4.71475e-07
-1.17018e-07 0.00413894 4.71948e-07
-1.17018e-07 0.00413894 4.72421e-07
-1.17018e-07 0.00413894 4.72895e-07
-1.17018e-07 0.00413893 4.73368e-07
-1.17018e-07 0.00413893 4.73841e-07
-1.17018e-07 0.00413893 4.74314e-07
-1.17018e-07 0.00413893 4.74788e-07
-1.17018e-07 0.00413893 4.75261e-07
-1.17018e-07 0.00413893 4.75734e-07
-1.17018e-07 0.00413892 4.76207e-07
-1.17018e-07 0.00413892 4.76681e-07
-1.17018e-07 0.00413892 4.77154e-07
-1.17018e-07 0.00413892 4.77627e-07
-1.17018e-07 0.00413892 4.78101e-07
-1.17018e-07 0.00413891 4.78574e-07
-1.17018e-07 0.00413891 4.79047e-07
-1.17018e-07 0.00413891 4.7952e-07
-1.17018e-07 0.00413891 4.79994e-07
-1.17018e-07 0.00413891 4.80467e-07
-1.17018e-07 0.0041389 4.8094e-07
-1.17018e-07 0.0041389 4.81413e-07
-1.17018e-07 0.0041389 4.81887e-07
-1.17018e-07 0.0041389 4.8236e-07
-1.17018e-07 0.0041389 4.82833e-07
-1.17018e-07 0.00413889 4.83307e-07
-1.17018e-07 0.00413889 4.8378e-07
-1.17018e-07 0.00413889 4.84253e-07
-1.17018e-07 0.00413889 4.84726e-07
-1.17018e-07 0.00413889 4.852e-07
-1.17018e-07 0.00413888 4.85673e-07
-1.17018e-07 0.00413888 4.86146e-07
-1.17018e-07 0.00413888 4.86619e-07
-1.17018e-07 0.00413888 4.87093e-07
-1.17018e-07 0.00413888 4.87566e-07
-1.17018e-07 0.00413887 4.88039e-07
-1.17018e-07 0.00413887 4.88513e-07
-1.17018e-07 0.00413887 4.88986e-07
-1.17018e-07 0.00413887 4.89459e-07
-1.17018e-07 0.00413887 4.89932e-07
-1.17018e-07 0.00413887 4.90406e-07
-1.17018e-07 0.00413886 4.90879e-07
-1.17018e-07 0.00413886 4.91352e-07
-1.17018e-07 0.00413886 4.91825e-07
-1.17018e-07 0.00413886 4.92299e-07
-1.17018e-07 0.00413886 4.92772e-07
-1.17018e-07 0.00413885 4.93245e-07
-1.17018e-07 0.00413885 4.93719e-07
-1.17018e-07 0.00413885 4.94192e-07
-1.17018e-07 0.00413885 4.94665e-07
-1.17018e-07 0.00413885 4.95138e-07
-1.17018e-07 0.00413884 4.95612e-07
-1.17018e-07 0.00413884 4.96085e-07
-1.17018e-07 0.00413884 4.96558e-07
-1.17018e-07 0.00413884 4.97031e-07
-1.17018e-07 0.00413884 4.97505e-07
-1.17018e-07 0.00413883 4.97978e-07
-1.17018e-07 0.00413883 4.98451e-07
-1.17018e-07 0.00413883 4.98925e-07
-1.17018e-07 0.00413883 4.99398e-07
-1.17018e-07 0.00413883 4.99871e-07
-1.17018e-07 0.00413882 5.00344e-07
-1.17018e-07 0.00413882 5.00818e-07
-1.17018e-07 0.00413882 5.01291e-07
-1.17018e-07 0.00413882 5.01764e-07
-1.17018e-07 0.00413882 5.02237e-07
-1.17018e-07 0.00413881 5.02711e-07
-1.16569e-07 0.00413894 4.69108e-07
-1.16569e-07 0.00413894 4.69582e-07
-1.16569e-07 0.00413894 4.70055e-07
-1.16569e-07 0.00413894 4.70528e-07
-1.16569e-07 0.00413893 4.71001e-07
-1.16569e-07 0.00413893 4.71475e-07
-1.16569e-07 0.00413893 4.71948e-07
-1.16569e-07 0.00413893 4.72421e-07
-1.16569e-07 0.00413893 4.72895e-07
-1.16569e-07 0.00413892 4.73368e-07
-1.16569e-07 0.00413892 4.73841e-07
-1.16569e-07 0.00413892 4.74314e-07
-1.16569e-07 0.00413892 4.74788e-07
-1.16569e-07 0.00413892 4.75261e-07
-1.16569e-07 0.00413891 4.75734e-07
-1.16569e-07 0.00413891 4.76207e-07
-1.16569e-07 0.00413891 4.76681e-07
-1.16569e-07 0.00413891 4.77154e-07
-1.16569e-07 0.00413891 4.77627e-07
-1.16569e-07 0.00413891 4.78101e-07
-1.16569e-07 0.0041389 4.78574e-07
-1.16569e-07 0.0041389 4.79047e-07
-1.16569e-07 0.0041389 4.7952e-07
-1.16569e-07 0.0041389 4.79994e-07
-1.16569e-07 0.0041389 4.80467e-07
-1.16569e-07 0.00413889 4.8094e-07
-1.16569e-07 0.00413889 4.81413e-07
-1.16569e-07 0.00413889 4.81887e-07
-1.16569e-07 0.00413889 4.8236e-07
-1.16569e-07 0.00413889 4.82833e-07
-1.16569e-07 0.00413888 4.83307e-07
-1.16569e-07 0.00413888 4.8378e-07
-1.16569e-07 0.00413888 4.84253e-07
-1.16569e-07 0.00413888 4.84726e-07
-1.16569e-07 0.00413888 4.852e-07
-1.16569e-07 0.00413887 4.85673e-07
-1.16569e-07 0.00413887 4.86146e-07
-1.16569e-07 0.00413887 4.86619e-07
-1.16569e-07 0.00413887 4.87093e-07
-1.16569e-07 0.00413887 4.87566e-07
-1.16569e-07 0.00413886 4.88039e-07
-1.16569e-07 0.00413886 4.88513e-07
-1.16569e-07 0.00413886 4.88986e-07
-1.16569e-07 0.00413886 4.89459e-07
-1.16569e-07 0.00413886 4.89932e-07
-1.16569e-07 0.00413886 4.90406e-07
-1.16569e-07 0.00413885 4.90879e-07
-1.16569e-07 0.00413885 4.91352e-07
-1.16569e-07 0.00413885 4.91825e-07
-1.16569e-07 0.00413885 4.92299e-07
-1.16569e-07 0.00413885 4.92772e-07
-1.16569e-07 0.00413884 4.93245e-07
-1.16569e-07 0.00413884 4.93719e-07
-1.16569e-07 0.00413884 4.94192e-07
-1.16569e-07 0.00413884 4.94665e-07
-1.16569e-07 0.00413884 4.95138e-07
-1.16569e-07 0.00413883 4.95612e-07
-1.16569e-07 0.00413883 4.96085e-07
-1.16569e-07 0.00413883 4.96558e-07
-1.16569e-07 0.00413883 4.97031e-07
-1.16569e-07 0.00413883 4.97505e-07
-1.16569e-07 0.00413882 4.97978e-07
-1.16569e-07 0.00413882 4.98451e-07
-1.16569e-07 0.00413882 4.98925e-07
-1.16569e-07 0.00413882 4.99398e-07
-1.16569e-07 0.00413882 4.99871e-07
-1.16569e-07 0.00413881 5.00344e-07
-1.16569e-07 0.00413881 5.00818e-07
-1.16569e-07 0.00413881 5.01291e-07
-1.16569e-07 0.00413881 5.01764e-07
-1.16569e-07 0.00413881 5.02237e-07
-1.16569e-07 0.0041388 5.02711e-07
-1.16121e-07 0.00413893 4.69108e-07
-1.16121e-07 0.00413893 4.69582e-07
-1.16121e-07 0.00413893 4.70055e-07
-1.16121e-07 0.00413893 4.70528e-07
-1.16121e-07 0.00413892 4.71001e-07
-1.16121e-07 0.00413892 4.71475e-07
-1.16121e-07 0.00413892 4.71948e-07
-1.16121e-07 0.00413892 4.72421e-07
-1.16121e-07 0.00413892 4.72895e-07
-1.16121e-07 0.00413891 4.73368e-07
-1.16121e-07 0.00413891 4.73841e-07
-1.16121e-07 0.00413891 4.74314e-07
-1.16121e-07 0.00413891 4.74788e-07
-1.16121e-07 0.00413891 4.75261e-07
-1.16121e-07 0.00413891 4.75734e-07
-1.16121e-07 0.0041389 4.76207e-07
-1.16121e-07 0.0041389 4.76681e-07
-1.16121e-07 0.0041389 4.77154e-07
-1.16121e-07 0.0041389 4.77627e-07
-1.16121e-07 0.0041389 4.78101e-07
-1.16121e-07 0.00413889 4.78574e-07
-1.16121e-07 0.00413889 4.79047e-07
-1.16121e-07 0.00413889 4.7952e-07
-1.16121e-07 0.00413889 4.79994e-07
-1.16121e-07 0.00413889 4.80467e-07
-1.16121e-07 0.00413888 4.8094e-07
-1.16121e-07 0.00413888 4.81413e-07
-1.16121e-07 0.00413888 4.81887e-07
-1.16121e-07 0.00413888 4.8236e-07
-1.16121e-07 0.00413888 4.82833e-07
-1.16121e-07 0.00413887 4.83307e-07
-1.16121e-07 0.00413887 4.8378e-07
-1.16121e-07 0.00413887 4.84253e-07
-1.16121e-07 0.00413887 4.84726e-07
-1.16121e-07 0.00413887 4.852e-07
-1.16121e-07 0.00413886 4.85673e-07
-1.16121e-07 0.00413886 4.86146e-07
-1.16121e-07 0.00413886 4.86619e-07
-1.16121e-07 0.00413886 4.87093e-07
-1.16121e-07 0.00413886 4.87566e-07
-1.16121e-07 0.00413885 4.88039e-07
-1.16121e-07 0.00413885 4.88513e-07
-1.16121e-07 0.00413885 4.88986e-07
-1.16121e-07 0.00413885 4.89459e-07
-1.16121e-07 0.00413885 4.89932e-07
-1.16121e-07 0.00413885 4.90406e-07
-1.16121e-07 0.00413884 4.90879e-07
-1.16121e-07 0.00413884 4.91352e-07
-1.16121e-07 0.00413884 4.91825e-07
-1.16121e-07 0.00413884 4.92299e-07
-1.16121e-07 0.00413884 4.92772e-07
-1.16121e-07 0.00413883 4.93245e-07
-1.16121e-07 0.00413883 4.93719e-07
-1.16121e-07 0.00413883 4.94192e-07
-1.16121e-07 0.00413883 4.94665e-07
-1.16121e-07 0.00413883 4.95138e-07
-1.16121e-07 0.00413882 4.95612e-07
-1.16121e-07 0.00413882 4.96085e-07
-1.16121e-07 0.00413882 4.96558e-07
-1.16121e-07 0.00413882 4.97031e-07
-1.16121e-07 0.00413882 4.97505e-07
-1.16121e-07 0.00413881 4.97978e-07
-1.16121e-07 0.00413881 4.98451e-07
-1.16121e-07 0.00413881 4.98925e-07
-1.16121e-07 0.00413881 4.99398e-07
-1.16121e-07 0.00413881 4.99871e-07
-1.16121e-07 0.0041388 5.00344e-07
-1.16121e-07 0.0041388 5.00818e-07
-1.16121e-07 0.0041388 5.01291e-07
-1.16121e-07 0.0041388 5.01764e-07
-1.16121e-07 0.0041388 5.02237e-07
-1.16121e-07 0.00413879 5.02711e-07
-1.15672e-07 0.00413892 4.69108e-07
-1.15672e-07 0.00413892 4.69582e-07
-1.15672e-07 0.00413892 4.70055e-07
-1.15672e-07 0.00413892 4.70528e-07
-1.15672e-07 0.00413891 4.71001e-07
-1.15672e-07 0.00413891 4.71475e-07
-1.15672e-07 0.00413891 4.71948e-07
-1.15672e-07 0.00413891 4.72421e-07
-1.15672e-07 0.00413891 4.72895e-07
-1.15672e-07 0.00413891 4.73368e-07
-1.15672e-07 0.0041389 4.73841e-07
-1.15672e-07 0.0041389 4.74314e-07
-1.15672e-07 0.0041389 4.74788e-07
-1.15672e-07 0.0041389 4.75261e-07
-1.15672e-07 0.0041389 4.75734e-07
-1.15672e-07 0.00413889 4.76207e-07
-1.15672e-07 0.00413889 4.76681e-07
-1.15672e-07 0.00413889 4.77154e-07
-1.15672e-07 0.00413889 4.77627e-07
-1.15672e-07 0.00413889 4.78101e-07
-1.15672e-07 0.00413888 4.78574e-07
-1.15672e-07 0.00413888 4.79047e-07
-1.15672e-07 0.00413888 4.7952e-07
-1.15672e-07 0.00413888 4.79994e-07
-1.15672e-07 0.00413888 4.80467e-07
-1.15672e-07 0.00413887 4.8094e-07
-1.15672e-07 0.00413887 4.81413e-07
-1.15672e-07 0.00413887 4.81887e-07
-1.15672e-07 0.00413887 4.8236e-07
-1.15672e-07 0.00413887 4.82833e-07
-1.15672e-07 0.00413886 4.83307e-07
-1.15672e-07 0.00413886 4.8378e-07
-1.15672e-07 0.00413886 4.84253e-07
-1.15672e-07 0.00413886 4.84726e-07
-1.15672e-07 0.00413886 4.852e-07
-1.15672e-07 0.00413885 4.85673e-07
-1.15672e-07 0.00413885 4.86146e-07
-1.15672e-07 0.00413885 4.86619e-07
-1.15672e-07 0.00413885 4.87093e-07
-1.15672e-07 0.00413885 4.87566e-07
-1.15672e-07 0.00413885 4.88039e-07
-1.15672e-07 0.00413884 4.88513e-07
-1.15672e-07 0.00413884 4.88986e-07
-1.15672e-07 0.00413884 4.89459e-07
-1.15672e-07 0.00413884 4.89932e-07
-1.15672e-07 0.00413884 4.90406e-07
-1.15672e-07 0.00413883 4.90879e-07
-1.15672e-07 0.00413883 4.91352e-07
-1.15672e-07 0.00413883 4.91825e-07
-1.15672e-07 0.00413883 4.92299e-07
-1.15672e-07 0.00413883 4.92772e-07
-1.15672e-07 0.00413882 4.93245e-07
-1.15672e-07 0.00413882 4.93719e-07
-1.15672e-07 0.00413882 4.94192e-07
-1.15672e-07 0.00413882 4.94665e-07
-1.15672e-07 0.00413882 4.95138e-07
-1.15672e-07 0.00413881 4.95612e-07
-1.15672e-07 0.00413881 4.96085e-07
-1.15672e-07 0.00413881 4.96558e-07
-1.15672e-07 0.00413881 4.97031e-07
-1.15672e-07 0.00413881 4.97505e-07
-1.15672e-07 0.0041388 4.97978e-07
-1.15672e-07 0.0041388 4.98451e-07
-1.15672e-07 0.0041388 4.98925e-07
-1.15672e-07 0.0041388 4.99398e-07
-1.15672e-07 0.0041388 4.99871e-07
-1.15672e-07 0.00413879 5.00344e-07
-1.15672e-07 0.00413879 5.00818e-07
-1.15672e-07 0.00413879 5.01291e-07
-1.15672e-07 0.00413879 5.01764e-07
-1.15672e-07 0.00413879 5.02237e-07
-1.15672e-07 0.00413878 5.02711e-07
-1.14972e-07 0.00413877 5.03184e-07
-1.15223e-07 0.00413877 5.03184e-07
-1.14972e-07 0.00413877 5.02711e-07
-1.15223e-07 0.00413878 5.02711e-07
-1.14972e-07 0.00413877 5.02237e-07
-1.15223e-07 0.00413878 5.02237e-07
-1.14972e-07 0.00413877 5.01764e-07
-1.15223e-07 0.00413878 5.01764e-07
-1.14972e-07 0.00413878 5.01291e-07
-1.15223e-07 0.00413878 5.01291e-07
-1.14972e-07 0.00413878 5.00818e-07
-1.15223e-07 0.00413878 5.00818e-07
-1.14972e-07 0.00413878 5.00344e-07
-1.15223e-07 0.00413878 5.00344e-07
-1.14972e-07 0.00413878 4.99871e-07
-1.15223e-07 0.00413879 4.99871e-07
-1.14972e-07 0.00413878 4.99398e-07
-1.15223e-07 0.00413879 4.99398e-07
-1.14972e-07 0.00413878 4.98925e-07
-1.15223e-07 0.00413879 4.98925e-07
-1.14972e-07 0.00413879 4.98451e-07
-1.15223e-07 0.00413879 4.98451e-07
-1.14972e-07 0.00413879 4.97978e-07
-1.15223e-07 0.00413879 4.97978e-07
-1.14972e-07 0.00413879 4.97505e-07
-1.15223e-07 0.0041388 4.97505e-07
-1.14972e-07 0.00413879 4.97031e-07
-1.15223e-07 0.0041388 4.97031e-07
-1.14972e-07 0.00413879 4.96558e-07
-1.15223e-07 0.0041388 4.96558e-07
-1.14972e-07 0.0041388 4.96085e-07
-1.15223e-07 0.0041388 4.96085e-07
-1.14972e-07 0.0041388 4.95612e-07
-1.15223e-07 0.0041388 4.95612e-07
-1.14972e-07 0.0041388 4.95138e-07
-1.15223e-07 0.00413881 4.95138e-07
-1.14972e-07 0.0041388 4.94665e-07
-1.15223e-07 0.00413881 4.94665e-07
-1.14972e-07 0.0041388 4.94192e-07
-1.15223e-07 0.00413881 4.94192e-07
-1.14972e-07 0.00413881 4.93719e-07
-1.15223e-07 0.00413881 4.93719e-07
-1.14972e-07 0.00413881 4.93245e-07
-1.15223e-07 0.00413881 4.93245e-07
-1.14972e-07 0.00413881 4.92772e-07
-1.15223e-07 0.00413882 4.92772e-07
-1.14972e-07 0.00413881 4.92299e-07
-1.15223e-07 0.00413882 4.92299e-07
-1.14972e-07 0.00413881 4.91825e-07
-1.15223e-07 0.00413882 4.91825e-07
-1.14972e-07 0.00413882 4.91352e-07
-1.15223e-07 0.00413882 4.91352e-07
-1.14972e-07 0.00413882 4.90879e-07
-1.15223e-07 0.00413882 4.90879e-07
-1.14972e-07 0.00413882 4.90406e-07
-1.15223e-07 0.00413883 4.90406e-07
-1.14972e-07 0.00413882 4.89932e-07
-1.15223e-07 0.00413883 4.89932e-07
-1.14972e-07 0.00413882 4.89459e-07
-1.15223e-07 0.00413883 4.89459e-07
-1.14972e-07 0.00413883 4.88986e-07
-1.15223e-07 0.00413883 4.88986e-07
-1.14972e-07 0.00413883 4.88513e-07
-1.15223e-07 0.00413883 4.88513e-07
-1.14972e-07 0.00413883 4.88039e-07
-1.15223e-07 0.00413883 4.88039e-07
-1.14972e-07 0.00413883 4.87566e-07
-1.15223e-07 0.00413884 4.87566e-07
-1.14972e-07 0.00413883 4.87093e-07
-1.15223e-07 0.00413884 4.87093e-07
-1.14972e-07 0.00413884 4.86619e-07
-1.15223e-07 0.00413884 4.86619e-07
-1.14972e-07 0.00413884 4.86146e-07
-1.15223e-07 0.00413884 4.86146e-07
-1.14972e-07 0.00413884 4.85673e-07
-1.15223e-07 0.00413884 4.85673e-07
-1.14972e-07 0.00413884 4.852e-07
-1.15223e-07 0.00413885 4.852e-07
-1.14972e-07 0.00413884 4.84726e-07
-1.15223e-07 0.00413885 4.84726e-07
-1.14972e-07 0.00413885 4.84253e-07
-1.15223e-07 0.00413885 4.84253e-07
-1.14972e-07 0.00413885 4.8378e-07
-1.15223e-07 0.00413885 4.8378e-07
-1.14972e-07 0.00413885 4.83307e-07
-1.15223e-07 0.00413885 4.83307e-07
-1.14972e-07 0.00413885 4.82833e-07
-1.15223e-07 0.00413886 4.82833e-07
-1.14972e-07 0.00413885 4.8236e-07
-1.15223e-07 0.00413886 4.8236e-07
-1.14972e-07 0.00413885 4.81887e-07
-1.15223e-07 0.00413886 4.81887e-07
-1.14972e-07 0.00413886 4.81413e-07
-1.15223e-07 0.00413886 4.81413e-07
-1.14972e-07 0.00413886 4.8094e-07
-1.15223e-07 0.00413886 4.8094e-07
-1.14972e-07 0.00413886 4.80467e-07
-1.15223e-07 0.00413887 4.80467e-07
-1.14972e-07 0.00413886 4.79994e-07
-1.15223e-07 0.00413887 4.79994e-07
-1.14972e-07 0.00413886 4.7952e-07
-1.15223e-07 0.00413887 4.7952e-07
-1.14972e-07 0.00413887 4.79047e-07
-1.15223e-07 0.00413887 4.79047e-07
-1.14972e-07 0.00413887 4.78574e-07
-1.15223e-07 0.00413887 4.78574e-07
-1.14972e-07 0.00413887 4.78101e-07
-1.15223e-07 0.00413888 4.78101e-07
-1.14972e-07 0.00413887 4.77627e-07
-1.15223e-07 0.00413888 4.77627e-07
-1.14972e-07 0.00413887 4.77154e-07
-1.15223e-07 0.00413888 4.77154e-07
-1.14972e-07 0.00413888 4.76681e-07
-1.15223e-07 0.00413888 4.76681e-07
-1.14972e-07 0.00413888 4.76207e-07
-1.15223e-07 0.00413888 4.76207e-07
-1.14972e-07 0.00413888 4.75734e-07
-1.15223e-07 0.00413889 4.75734e-07
-1.14972e-07 0.00413888 4.75261e-07
-1.15223e-07 0.00413889 4.75261e-07
-1.14972e-07 0.00413888 4.74788e-07
-1.15223e-07 0.00413889 4.74788e-07
-1.14972e-07 0.00413889 4.74314e-07
-1.15223e-07 0.00413889 4.74314e-07
-1.14972e-07 0.00413889 4.73841e-07
-1.15223e-07 0.00413889 4.73841e-07
-1.14972e-07 0.00413889 4.73368e-07
-1.15223e-07 0.00413889 4.73368e-07
-1.14972e-07 0.00413889 4.72895e-07
-1.15223e-07 0.0041389 4.72895e-07
-1.14972e-07 0.00413889 4.72421e-07
-1.15223e-07 0.0041389 4.72421e-07
-1.14972e-07 0.0041389 4.71948e-07
-1.15223e-07 0.0041389 4.71948e-07
-1.14972e-07 0.0041389 4.71475e-07
-1.15223e-07 0.0041389 4.71475e-07
-1.14972e-07 0.0041389 4.71001e-07
-1.15223e-07 0.0041389 4.71001e-07
-1.14972e-07 0.0041389 4.70528e-07
-1.15223e-07 0.00413891 4.70528e-07
-1.14972e-07 0.0041389 4.70055e-07
-1.15223e-07 0.00413891 4.70055e-07
-1.14972e-07 0.00413891 4.69582e-07
-1.15223e-07 0.00413891 4.69582e-07
-1.14972e-07 0.00413891 4.69108e-07
-1.15223e-07 0.00413891 4.69108e-07
-1.14972e-07 0.00413891 4.68635e-07
-1.15223e-07 0.00413891 4.68635e-07
-1.18364e-07 0.00413884 5.03184e-07
-1.18615e-07 0.00413885 5.03184e-07
-1.18364e-07 0.00413884 5.02711e-07
-1.18615e-07 0.00413885 5.02711e-07
-1.18364e-07 0.00413885 5.02237e-07
-1.18615e-07 0.00413885 5.02237e-07
-1.18364e-07 0.00413885 5.01764e-07
-1.18615e-07 0.00413885 5.01764e-07
-1.18364e-07 0.00413885 5.01291e-07
-1.18615e-07 0.00413886 5.01291e-07
-1.18364e-07 0.00413885 5.00818e-07
-1.18615e-07 0.00413886 5.00818e-07
-1.18364e-07 0.00413885 5.00344e-07
-1.18615e-07 0.00413886 5.00344e-07
-1.18364e-07 0.00413886 4.99871e-07
-1.18615e-07 0.00413886 4.99871e-07
-1.18364e-07 0.00413886 4.99398e-07
-1.18615e-07 0.00413886 4.99398e-07
-1.18364e-07 0.00413886 4.98925e-07
-1.18615e-07 0.00413887 4.98925e-07
-1.18364e-07 0.00413886 4.98451e-07
-1.18615e-07 0.00413887 4.98451e-07
-1.18364e-07 0.00413886 4.97978e-07
-1.18615e-07 0.00413887 4.97978e-07
-1.18364e-07 0.00413887 4.97505e-07
-1.18615e-07 0.00413887 4.97505e-07
-1.18364e-07 0.00413887 4.97031e-07
-1.18615e-07 0.00413887 4.97031e-07
-1.18364e-07 0.00413887 4.96558e-07
-1.18615e-07 0.00413888 4.96558e-07
-1.18364e-07 0.00413887 4.96085e-07
-1.18615e-07 0.00413888 4.96085e-07
-1.18364e-07 0.00413887 4.95612e-07
-1.18615e-07 0.00413888 4.95612e-07
-1.18364e-07 0.00413888 4.95138e-07
-1.18615e-07 0.00413888 4.95138e-07
-1.18364e-07 0.00413888 4.94665e-07
-1.18615e-07 0.00413888 4.94665e-07
-1.18364e-07 0.00413888 4.94192e-07
-1.18615e-07 0.00413889 4.94192e-07
-1.18364e-07 0.00413888 4.93719e-07
-1.18615e-07 0.00413889 4.93719e-07
-1.18364e-07 0.00413888 4.93245e-07
-1.18615e-07 0.00413889 4.93245e-07
-1.18364e-07 0.00413889 4.92772e-07
-1.18615e-07 0.00413889 4.92772e-07
-1.18364e-07 0.00413889 4.92299e-07
-1.18615e-07 0.00413889 4.92299e-07
-1.18364e-07 0.00413889 4.91825e-07
-1.18615e-07 0.00413889 4.91825e-07
-1.18364e-07 0.00413889 4.91352e-07
-1.18615e-07 0.0041389 4.91352e-07
-1.18364e-07 0.00413889 4.90879e-07
-1.18615e-07 0.0041389 4.90879e-07
-1.18364e-07 0.00413889 4.90406e-07
-1.18615e-07 0.0041389 4.90406e-07
-1.18364e-07 0.0041389 4.89932e-07
-1.18615e-07 0.0041389 4.89932e-07
-1.18364e-07 0.0041389 4.89459e-07
-1.18615e-07 0.0041389 4.89459e-07
-1.18364e-07 0.0041389 4.88986e-07
-1.18615e-07 0.00413891 4.88986e-07
-1.18364e-07 0.0041389 4.88513e-07
-1.18615e-07 0.00413891 4.88513e-07
-1.18364e-07 0.0041389 4.88039e-07
-1.18615e-07 0.00413891 4.88039e-07
-1.18364e-07 0.00413891 4.87566e-07
-1.18615e-07 0.00413891 4.87566e-07
-1.18364e-07 0.00413891 4.87093e-07
-1.18615e-07 0.00413891 4.87093e-07
-1.18364e-07 0.00413891 4.86619e-07
-1.18615e-07 0.00413892 4.86619e-07
-1.18364e-07 0.00413891 4.86146e-07
-1.18615e-07 0.00413892 4.86146e-07
-1.18364e-07 0.00413891 4.85673e-07
-1.18615e-07 0.00413892 4.85673e-07
-1.18364e-07 0.00413892 4.852e-07
-1.18615e-07 0.00413892 4.852e-07
-1.18364e-07 0.00413892 4.84726e-07
-1.18615e-07 0.00413892 4.84726e-07
-1.18364e-07 0.00413892 4.84253e-07
-1.18615e-07 0.00413893 4.84253e-07
-1.18364e-07 0.00413892 4.8378e-07
-1.18615e-07 0.00413893 4.8378e-07
-1.18364e-07 0.00413892 4.83307e-07
-1.18615e-07 0.00413893 4.83307e-07
-1.18364e-07 0.00413893 4.82833e-07
-1.18615e-07 0.00413893 4.82833e-07
-1.18364e-07 0.00413893 4.8236e-07
-1.18615e-07 0.00413893 4.8236e-07
-1.18364e-07 0.00413893 4.81887e-07
-1.18615e-07 0.00413894 4.81887e-07
-1.18364e-07 0.00413893 4.81413e-07
-1.18615e-07 0.00413894 4.81413e-07
-1.18364e-07 0.00413893 4.8094e-07
-1.18615e-07 0.00413894 4.8094e-07
-1.18364e-07 0.00413894 4.80467e-07
-1.18615e-07 0.00413894 4.80467e-07
-1.18364e-07 0.00413894 4.79994e-07
-1.18615e-07 0.00413894 4.79994e-07
-1.18364e-07 0.00413894 4.7952e-07
-1.18615e-07 0.00413894 4.7952e-07
-1.18364e-07 0.00413894 4.79047e-07
-1.18615e-07 0.00413895 4.79047e-07
-1.18364e-07 0.00413894 4.78574e-07
-1.18615e-07 0.00413895 4.78574e-07
-1.18364e-07 0.00413895 4.78101e-07
-1.18615e-07 0.00413895 4.78101e-07
-1.18364e-07 0.00413895 4.77627e-07
-1.18615e-07 0.00413895 4.77627e-07
-1.18364e-07 0.00413895 4.77154e-07
-1.18615e-07 0.00413895 4.77154e-07
-1.18364e-07 0.00413895 4.76681e-07
-1.18615e-07 0.00413896 4.76681e-07
-1.18364e-07 0.00413895 4.76207e-07
-1.18615e-07 0.00413896 4.76207e-07
-1.18364e-07 0.00413895 4.75734e-07
-1.18615e-07 0.00413896 4.75734e-07
-1.18364e-07 0.00413896 4.75261e-07
-1.18615e-07 0.00413896 4.75261e-07
-1.18364e-07 0.00413896 4.74788e-07
-1.18615e-07 0.00413896 4.74788e-07
-1.18364e-07 0.00413896 4.74314e-07
-1.18615e-07 0.00413897 4.74314e-07
-1.18364e-07 0.00413896 4.73841e-07
-1.18615e-07 0.00413897 4.73841e-07
-1.18364e-07 0.00413896 4.73368e-07
-1.18615e-07 0.00413897 4.73368e-07
-1.18364e-07 0.00413897 4.72895e-07
-1.18615e-07 0.00413897 4.72895e-07
-1.18364e-07 0.00413897 4.72421e-07
-1.18615e-07 0.00413897 4.72421e-07
-1.18364e-07 0.00413897 4.71948e-07
-1.18615e-07 0.00413898 4.71948e-07
-1.18364e-07 0.00413897 4.71475e-07
-1.18615e-07 0.00413898 4.71475e-07
-1.18364e-07 0.00413897 4.71001e-07
-1.18615e-07 0.00413898 4.71001e-07
-1.18364e-07 0.00413898 4.70528e-07
-1.18615e-07 0.00413898 4.70528e-07
-1.18364e-07 0.00413898 4.70055e-07
-1.18615e-07 0.00413898 4.70055e-07
-1.18364e-07 0.00413898 4.69582e-07
-1.18615e-07 0.00413899 4.69582e-07
-1.18364e-07 0.00413898 4.69108e-07
-1.18615e-07 0.00413899 4.69108e-07
-1.18364e-07 0.00413898 4.68635e-07
-1.18615e-07 0.00413899 4.68635e-07
