-1.84482e-07 0.00409442 1.0457e-06
-1.84482e-07 0.00409454 4.94199e-07
-1.34346e-07 0.0040943 1.0457e-06
-1.34346e-07 0.00409443 4.94199e-07
-1.84482e-07 0.00409442 1.03814e-06
-1.84482e-07 0.00409442 1.03059e-06
-1.84482e-07 0.00409442 1.02303e-06
-1.84482e-07 0.00409442 1.01548e-06
-1.84482e-07 0.00409442 1.00792e-06
-1.84482e-07 0.00409443 1.00037e-06
-1.84482e-07 0.00409443 9.92815e-07
-1.84482e-07 0.00409443 9.8526e-07
-1.84482e-07 0.00409443 9.77705e-07
-1.84482e-07 0.00409443 9.70151e-07
-1.84482e-07 0.00409443 9.62596e-07
-1.84482e-07 0.00409444 9.55041e-07
-1.84482e-07 0.00409444 9.47486e-07
-1.84482e-07 0.00409444 9.39932e-07
-1.84482e-07 0.00409444 9.32377e-07
-1.84482e-07 0.00409444 9.24822e-07
-1.84482e-07 0.00409445 9.17267e-07
-1.84482e-07 0.00409445 9.09712e-07
-1.84482e-07 0.00409445 9.02158e-07
-1.84482e-07 0.00409445 8.94603e-07
-1.84482e-07 0.00409445 8.87048e-07
-1.84482e-07 0.00409445 8.79493e-07
-1.84482e-07 0.00409446 8.71938e-07
-1.84482e-07 0.00409446 8.64384e-07
-1.84482e-07 0.00409446 8.56829e-07
-1.84482e-07 0.00409446 8.49274e-07
-1.84482e-07 0.00409446 8.41719e-07
-1.84482e-07 0.00409446 8.34165e-07
-1.84482e-07 0.00409447 8.2661e-07
-1.84482e-07 0.00409447 8.19055e-07
-1.84482e-07 0.00409447 8.115e-07
-1.84482e-07 0.00409447 8.03945e-07
-1.84482e-07 0.00409447 7.96391e-07
-1.84482e-07 0.00409447 7.88836e-07
-1.84482e-07 0.00409448 7.81281e-07
-1.84482e-07 0.00409448 7.73726e-07
-1.84482e-07 0.00409448 7.66172e-07
-1.84482e-07 0.00409448 7.58617e-07
-1.84482e-07 0.00409448 7.51062e-07
-1.84482e-07 0.00409448 7.43507e-07
-1.84482e-07 0.00409449 7.35952e-07
-1.84482e-07 0.00409449 7.28398e-07
-1.84482e-07 0.00409449 7.20843e-07
-1.84482e-07 0.00409449 7.13288e-07
-1.84482e-07 0.00409449 7.05733e-07
-1.84482e-07 0.0040945 6.98178e-07
-1.84482e-07 0.0040945 6.90624e-07
-1.84482e-07 0.0040945 6.83069e-07
-1.84482e-07 0.0040945 6.75514e-07
-1.84482e-07 0.0040945 6.67959e-07
-1.84482e-07 0.0040945 6.60405e-07
-1.84482e-07 0.00409451 6.5285e-07
-1.84482e-07 0.00409451 6.45295e-07
-1.84482e-07 0.00409451 6.3774e-07
-1.84482e-07 0.00409451 6.30186e-07
-1.84482e-07 0.00409451 6.22631e-07
-1.84482e-07 0.00409451 6.15076e-07
-1.84482e-07 0.00409452 6.07521e-07
-1.84482e-07 0.00409452 5.99966e-07
-1.84482e-07 0.00409452 5.92412e-07
-1.84482e-07 0.00409452 5.84857e-07
-1.84482e-07 0.00409452 5.77302e-07
-1.84482e-07 0.00409452 5.69747e-07
-1.84482e-07 0.00409453 5.62192e-07
-1.84482e-07 0.00409453 5.54638e-07
-1.84482e-07 0.00409453 5.47083e-07
-1.84482e-07 0.00409453 5.39528e-07
-1.84482e-07 0.00409453 5.31973e-07
-1.84482e-07 0.00409454 5.24419e-07
-1.84482e-07 0.00409454 5.16864e-07
-1.84482e-07 0.00409454 5.09309e-07
-1.84482e-07 0.00409454 5.01754e-07
-1.7732e-07 0.00409453 4.94199e-07
-1.70158e-07 0.00409451 4.94199e-07
-1.62995e-07 0.00409449 4.94199e-07
-1.55833e-07 0.00409448 4.94199e-07
-1.48671e-07 0.00409446 4.94199e-07
-1.41508e-07 0.00409444 4.94199e-07
-1.7732e-07 0.0040944 1.0457e-06
-1.70158e-07 0.00409438 1.0457e-06
-1.62995e-07 0.00409437 1.0457e-06
-1.55833e-07 0.00409435 1.0457e-06
-1.48671e-07 0.00409433 1.0457e-06
-1.41508e-07 0.00409432 1.0457e-06
-1.34346e-07 0.00409443 5.01754e-07
-1.34346e-07 0.00409442 5.09309e-07
-1.34346e-07 0.00409442 5.16864e-07
-1.34346e-07 0.00409442 5.24419e-07
-1.34346e-07 0.00409442 5.31973e-07
-1.34346e-07 0.00409442 5.39528e-07
-1.34346e-07 0.00409442 5.47083e-07
-1.34346e-07 0.00409441 5.54638e-07
-1.34346e-07 0.00409441 5.62192e-07
-1.34346e-07 0.00409441 5.69747e-07
-1.34346e-07 0.00409441 5.77302e-07
-1.34346e-07 0.00409441 5.84857e-07
-1.34346e-07 0.00409441 5.92412e-07
-1.34346e-07 0.0040944 5.99966e-07
-1.34346e-07 0.0040944 6.07521e-07
-1.34346e-07 0.0040944 6.15076e-07
-1.34346e-07 0.0040944 6.22631e-07
-1.34346e-07 0.0040944 6.30186e-07
-1.34346e-07 0.00409439 6.3774e-07
-1.34346e-07 0.00409439 6.45295e-07
-1.34346e-07 0.00409439 6.5285e-07
-1.34346e-07 0.00409439 6.60405e-07
-1.34346e-07 0.00409439 6.67959e-07
-1.34346e-07 0.00409439 6.75514e-07
-1.34346e-07 0.00409438 6.83069e-07
-1.34346e-07 0.00409438 6.90624e-07
-1.34346e-07 0.00409438 6.98178e-07
-1.34346e-07 0.00409438 7.05733e-07
-1.34346e-07 0.00409438 7.13288e-07
-1.34346e-07 0.00409438 7.20843e-07
-1.34346e-07 0.00409437 7.28398e-07
-1.34346e-07 0.00409437 7.35952e-07
-1.34346e-07 0.00409437 7.43507e-07
-1.34346e-07 0.00409437 7.51062e-07
-1.34346e-07 0.00409437 7.58617e-07
-1.34346e-07 0.00409437 7.66172e-07
-1.34346e-07 0.00409436 7.73726e-07
-1.34346e-07 0.00409436 7.81281e-07
-1.34346e-07 0.00409436 7.88836e-07
-1.34346e-07 0.00409436 7.96391e-07
-1.34346e-07 0.00409436 8.03945e-07
-1.34346e-07 0.00409435 8.115e-07
-1.34346e-07 0.00409435 8.19055e-07
-1.34346e-07 0.00409435 8.2661e-07
-1.34346e-07 0.00409435 8.34165e-07
-1.34346e-07 0.00409435 8.41719e-07
-1.34346e-07 0.00409435 8.49274e-07
-1.34346e-07 0.00409434 8.56829e-07
-1.34346e-07 0.00409434 8.64384e-07
-1.34346e-07 0.00409434 8.71938e-07
-1.34346e-07 0.00409434 8.79493e-07
-1.34346e-07 0.00409434 8.87048e-07
-1.34346e-07 0.00409434 8.94603e-07
-1.34346e-07 0.00409433 9.02158e-07
-1.34346e-07 0.00409433 9.09712e-07
-1.34346e-07 0.00409433 9.17267e-07
-1.34346e-07 0.00409433 9.24822e-07
-1.34346e-07 0.00409433 9.32377e-07
-1.34346e-07 0.00409433 9.39932e-07
-1.34346e-07 0.00409432 9.47486e-07
-1.34346e-07 0.00409432 9.55041e-07
-1.34346e-07 0.00409432 9.62596e-07
-1.34346e-07 0.00409432 9.70151e-07
-1.34346e-07 0.00409432 9.77705e-07
-1.34346e-07 0.00409432 9.8526e-07
-1.34346e-07 0.00409431 9.92815e-07
-1.34346e-07 0.00409431 1.00037e-06
-1.34346e-07 0.00409431 1.00792e-06
-1.34346e-07 0.00409431 1.01548e-06
-1.34346e-07 0.00409431 1.02303e-06
-1.34346e-07 0.0040943 1.03059e-06
-1.34346e-07 0.0040943 1.03814e-06
-1.7732e-07 0.00409452 5.01754e-07
-1.7732e-07 0.00409452 5.09309e-07
-1.7732e-07 0.00409452 5.16864e-07
-1.7732e-07 0.00409452 5.24419e-07
-1.7732e-07 0.00409452 5.31973e-07
-1.7732e-07 0.00409451 5.39528e-07
-1.7732e-07 0.00409451 5.47083e-07
-1.7732e-07 0.00409451 5.54638e-07
-1.7732e-07 0.00409451 5.62192e-07
-1.7732e-07 0.00409451 5.69747e-07
-1.7732e-07 0.00409451 5.77302e-07
-1.7732e-07 0.0040945 5.84857e-07
-1.7732e-07 0.0040945 5.92412e-07
-1.7732e-07 0.0040945 5.99966e-07
-1.7732e-07 0.0040945 6.07521e-07
-1.7732e-07 0.0040945 6.15076e-07
-1.7732e-07 0.0040945 6.22631e-07
-1.7732e-07 0.00409449 6.30186e-07
-1.7732e-07 0.00409449 6.3774e-07
-1.7732e-07 0.00409449 6.45295e-07
-1.7732e-07 0.00409449 6.5285e-07
-1.7732e-07 0.00409449 6.60405e-07
-1.7732e-07 0.00409449 6.67959e-07
-1.7732e-07 0.00409448 6.75514e-07
-1.7732e-07 0.00409448 6.83069e-07
-1.7732e-07 0.00409448 6.90624e-07
-1.7732e-07 0.00409448 6.98178e-07
-1.7732e-07 0.00409448 7.05733e-07
-1.7732e-07 0.00409448 7.13288e-07
-1.7732e-07 0.00409447 7.20843e-07
-1.7732e-07 0.00409447 7.28398e-07
-1.7732e-07 0.00409447 7.35952e-07
-1.7732e-07 0.00409447 7.43507e-07
-1.7732e-07 0.00409447 7.51062e-07
-1.7732e-07 0.00409447 7.58617e-07
-1.7732e-07 0.00409446 7.66172e-07
-1.7732e-07 0.00409446 7.73726e-07
-1.7732e-07 0.00409446 7.81281e-07
-1.7732e-07 0.00409446 7.88836e-07
-1.7732e-07 0.00409446 7.96391e-07
-1.7732e-07 0.00409445 8.03945e-07
-1.7732e-07 0.00409445 8.115e-07
-1.7732e-07 0.00409445 8.19055e-07
-1.7732e-07 0.00409445 8.2661e-07
-1.7732e-07 0.00409445 8.34165e-07
-1.7732e-07 0.00409445 8.41719e-07
-1.7732e-07 0.00409444 8.49274e-07
-1.7732e-07 0.00409444 8.56829e-07
-1.7732e-07 0.00409444 8.64384e-07
-1.7732e-07 0.00409444 8.71938e-07
-1.7732e-07 0.00409444 8.79493e-07
-1.7732e-07 0.00409444 8.87048e-07
-1.7732e-07 0.00409443 8.94603e-07
-1.7732e-07 0.00409443 9.02158e-07
-1.7732e-07 0.00409443 9.09712e-07
-1.7732e-07 0.00409443 9.17267e-07
-1.7732e-07 0.00409443 9.24822e-07
-1.7732e-07 0.00409443 9.32377e-07
-1.7732e-07 0.00409442 9.39932e-07
-1.7732e-07 0.00409442 9.47486e-07
-1.7732e-07 0.00409442 9.55041e-07
-1.7732e-07 0.00409442 9.62596e-07
-1.7732e-07 0.00409442 9.70151e-07
-1.7732e-07 0.00409441 9.77705e-07
-1.7732e-07 0.00409441 9.8526e-07
-1.7732e-07 0.00409441 9.92815e-07
-1.7732e-07 0.00409441 1.00037e-06
-1.7732e-07 0.00409441 1.00792e-06
-1.7732e-07 0.00409441 1.01548e-06
-1.7732e-07 0.0040944 1.02303e-06
-1.7732e-07 0.0040944 1.03059e-06
-1.7732e-07 0.0040944 1.03814e-06
-1.70158e-07 0.00409451 5.01754e-07
-1.70158e-07 0.00409451 5.09309e-07
-1.70158e-07 0.0040945 5.16864e-07
-1.70158e-07 0.0040945 5.24419e-07
-1.70158e-07 0.0040945 5.31973e-07
-1.70158e-07 0.0040945 5.39528e-07
-1.70158e-07 0.0040945 5.47083e-07
-1.70158e-07 0.0040945 5.54638e-07
-1.70158e-07 0.00409449 5.62192e-07
-1.70158e-07 0.00409449 5.69747e-07
-1.70158e-07 0.00409449 5.77302e-07
-1.70158e-07 0.00409449 5.84857e-07
-1.70158e-07 0.00409449 5.92412e-07
-1.70158e-07 0.00409449 5.99966e-07
-1.70158e-07 0.00409448 6.07521e-07
-1.70158e-07 0.00409448 6.15076e-07
-1.70158e-07 0.00409448 6.22631e-07
-1.70158e-07 0.00409448 6.30186e-07
-1.70158e-07 0.00409448 6.3774e-07
-1.70158e-07 0.00409447 6.45295e-07
-1.70158e-07 0.00409447 6.5285e-07
-1.70158e-07 0.00409447 6.60405e-07
-1.70158e-07 0.00409447 6.67959e-07
-1.70158e-07 0.00409447 6.75514e-07
-1.70158e-07 0.00409447 6.83069e-07
-1.70158e-07 0.00409446 6.90624e-07
-1.70158e-07 0.00409446 6.98178e-07
-1.70158e-07 0.00409446 7.05733e-07
-1.70158e-07 0.00409446 7.13288e-07
-1.70158e-07 0.00409446 7.20843e-07
-1.70158e-07 0.00409446 7.28398e-07
-1.70158e-07 0.00409445 7.35952e-07
-1.70158e-07 0.00409445 7.43507e-07
-1.70158e-07 0.00409445 7.51062e-07
-1.70158e-07 0.00409445 7.58617e-07
-1.70158e-07 0.00409445 7.66172e-07
-1.70158e-07 0.00409445 7.73726e-07
-1.70158e-07 0.00409444 7.81281e-07
-1.70158e-07 0.00409444 7.88836e-07
-1.70158e-07 0.00409444 7.96391e-07
-1.70158e-07 0.00409444 8.03945e-07
-1.70158e-07 0.00409444 8.115e-07
-1.70158e-07 0.00409443 8.19055e-07
-1.70158e-07 0.00409443 8.2661e-07
-1.70158e-07 0.00409443 8.34165e-07
-1.70158e-07 0.00409443 8.41719e-07
-1.70158e-07 0.00409443 8.49274e-07
-1.70158e-07 0.00409443 8.56829e-07
-1.70158e-07 0.00409442 8.64384e-07
-1.70158e-07 0.00409442 8.71938e-07
-1.70158e-07 0.00409442 8.79493e-07
-1.70158e-07 0.00409442 8.87048e-07
-1.70158e-07 0.00409442 8.94603e-07
-1.70158e-07 0.00409442 9.02158e-07
-1.70158e-07 0.00409441 9.09712e-07
-1.70158e-07 0.00409441 9.17267e-07
-1.70158e-07 0.00409441 9.24822e-07
-1.70158e-07 0.00409441 9.32377e-07
-1.70158e-07 0.00409441 9.39932e-07
-1.70158e-07 0.00409441 9.47486e-07
-1.70158e-07 0.0040944 9.55041e-07
-1.70158e-07 0.0040944 9.62596e-07
-1.70158e-07 0.0040944 9.70151e-07
-1.70158e-07 0.0040944 9.77705e-07
-1.70158e-07 0.0040944 9.8526e-07
-1.70158e-07 0.0040944 9.92815e-07
-1.70158e-07 0.00409439 1.00037e-06
-1.70158e-07 0.00409439 1.00792e-06
-1.70158e-07 0.00409439 1.01548e-06
-1.70158e-07 0.00409439 1.02303e-06
-1.70158e-07 0.00409439 1.03059e-06
-1.70158e-07 0.00409438 1.03814e-06
-1.62995e-07 0.00409449 5.01754e-07
-1.62995e-07 0.00409449 5.09309e-07
-1.62995e-07 0.00409449 5.16864e-07
-1.62995e-07 0.00409449 5.24419e-07
-1.62995e-07 0.00409448 5.31973e-07
-1.62995e-07 0.00409448 5.39528e-07
-1.62995e-07 0.00409448 5.47083e-07
-1.62995e-07 0.00409448 5.54638e-07
-1.62995e-07 0.00409448 5.62192e-07
-1.62995e-07 0.00409448 5.69747e-07
-1.62995e-07 0.00409447 5.77302e-07
-1.62995e-07 0.00409447 5.84857e-07
-1.62995e-07 0.00409447 5.92412e-07
-1.62995e-07 0.00409447 5.99966e-07
-1.62995e-07 0.00409447 6.07521e-07
-1.62995e-07 0.00409447 6.15076e-07
-1.62995e-07 0.00409446 6.22631e-07
-1.62995e-07 0.00409446 6.30186e-07
-1.62995e-07 0.00409446 6.3774e-07
-1.62995e-07 0.00409446 6.45295e-07
-1.62995e-07 0.00409446 6.5285e-07
-1.62995e-07 0.00409445 6.60405e-07
-1.62995e-07 0.00409445 6.67959e-07
-1.62995e-07 0.00409445 6.75514e-07
-1.62995e-07 0.00409445 6.83069e-07
-1.62995e-07 0.00409445 6.90624e-07
-1.62995e-07 0.00409445 6.98178e-07
-1.62995e-07 0.00409444 7.05733e-07
-1.62995e-07 0.00409444 7.13288e-07
-1.62995e-07 0.00409444 7.20843e-07
-1.62995e-07 0.00409444 7.28398e-07
-1.62995e-07 0.00409444 7.35952e-07
-1.62995e-07 0.00409444 7.43507e-07
-1.62995e-07 0.00409443 7.51062e-07
-1.62995e-07 0.00409443 7.58617e-07
-1.62995e-07 0.00409443 7.66172e-07
-1.62995e-07 0.00409443 7.73726e-07
-1.62995e-07 0.00409443 7.81281e-07
-1.62995e-07 0.00409443 7.88836e-07
-1.62995e-07 0.00409442 7.96391e-07
-1.62995e-07 0.00409442 8.03945e-07
-1.62995e-07 0.00409442 8.115e-07
-1.62995e-07 0.00409442 8.19055e-07
-1.62995e-07 0.00409442 8.2661e-07
-1.62995e-07 0.00409441 8.34165e-07
-1.62995e-07 0.00409441 8.41719e-07
-1.62995e-07 0.00409441 8.49274e-07
-1.62995e-07 0.00409441 8.56829e-07
-1.62995e-07 0.00409441 8.64384e-07
-1.62995e-07 0.00409441 8.71938e-07
-1.62995e-07 0.0040944 8.79493e-07
-1.62995e-07 0.0040944 8.87048e-07
-1.62995e-07 0.0040944 8.94603e-07
-1.62995e-07 0.0040944 9.02158e-07
-1.62995e-07 0.0040944 9.09712e-07
-1.62995e-07 0.0040944 9.17267e-07
-1.62995e-07 0.00409439 9.24822e-07
-1.62995e-07 0.00409439 9.32377e-07
-1.62995e-07 0.00409439 9.39932e-07
-1.62995e-07 0.00409439 9.47486e-07
-1.62995e-07 0.00409439 9.55041e-07
-1.62995e-07 0.00409439 9.62596e-07
-1.62995e-07 0.00409438 9.70151e-07
-1.62995e-07 0.00409438 9.77705e-07
-1.62995e-07 0.00409438 9.8526e-07
-1.62995e-07 0.00409438 9.92815e-07
-1.62995e-07 0.00409438 1.00037e-06
-1.62995e-07 0.00409438 1.00792e-06
-1.62995e-07 0.00409437 1.01548e-06
-1.62995e-07 0.00409437 1.02303e-06
-1.62995e-07 0.00409437 1.03059e-06
-1.62995e-07 0.00409437 1.03814e-06
-1.55833e-07 0.00409447 5.01754e-07
-1.55833e-07 0.00409447 5.09309e-07
-1.55833e-07 0.00409447 5.16864e-07
-1.55833e-07 0.00409447 5.24419e-07
-1.55833e-07 0.00409447 5.31973e-07
-1.55833e-07 0.00409447 5.39528e-07
-1.55833e-07 0.00409446 5.47083e-07
-1.55833e-07 0.00409446 5.54638e-07
-1.55833e-07 0.00409446 5.62192e-07
-1.55833e-07 0.00409446 5.69747e-07
-1.55833e-07 0.00409446 5.77302e-07
-1.55833e-07 0.00409446 5.84857e-07
-1.55833e-07 0.00409445 5.92412e-07
-1.55833e-07 0.00409445 5.99966e-07
-1.55833e-07 0.00409445 6.07521e-07
-1.55833e-07 0.00409445 6.15076e-07
-1.55833e-07 0.00409445 6.22631e-07
-1.55833e-07 0.00409445 6.30186e-07
-1.55833e-07 0.00409444 6.3774e-07
-1.55833e-07 0.00409444 6.45295e-07
-1.55833e-07 0.00409444 6.5285e-07
-1.55833e-07 0.00409444 6.60405e-07
-1.55833e-07 0.00409444 6.67959e-07
-1.55833e-07 0.00409443 6.75514e-07
-1.55833e-07 0.00409443 6.83069e-07
-1.55833e-07 0.00409443 6.90624e-07
-1.55833e-07 0.00409443 6.98178e-07
-1.55833e-07 0.00409443 7.05733e-07
-1.55833e-07 0.00409443 7.13288e-07
-1.55833e-07 0.00409442 7.20843e-07
-1.55833e-07 0.00409442 7.28398e-07
-1.55833e-07 0.00409442 7.35952e-07
-1.55833e-07 0.00409442 7.43507e-07
-1.55833e-07 0.00409442 7.51062e-07
-1.55833e-07 0.00409442 7.58617e-07
-1.55833e-07 0.00409441 7.66172e-07
-1.55833e-07 0.00409441 7.73726e-07
-1.55833e-07 0.00409441 7.81281e-07
-1.55833e-07 0.00409441 7.88836e-07
-1.55833e-07 0.00409441 7.96391e-07
-1.55833e-07 0.00409441 8.03945e-07
-1.55833e-07 0.0040944 8.115e-07
-1.55833e-07 0.0040944 8.19055e-07
-1.55833e-07 0.0040944 8.2661e-07
-1.55833e-07 0.0040944 8.34165e-07
-1.55833e-07 0.0040944 8.41719e-07
-1.55833e-07 0.0040944 8.49274e-07
-1.55833e-07 0.00409439 8.56829e-07
-1.55833e-07 0.00409439 8.64384e-07
-1.55833e-07 0.00409439 8.71938e-07
-1.55833e-07 0.00409439 8.79493e-07
-1.55833e-07 0.00409439 8.87048e-07
-1.55833e-07 0.00409439 8.94603e-07
-1.55833e-07 0.00409438 9.02158e-07
-1.55833e-07 0.00409438 9.09712e-07
-1.55833e-07 0.00409438 9.17267e-07
-1.55833e-07 0.00409438 9.24822e-07
-1.55833e-07 0.00409438 9.32377e-07
-1.55833e-07 0.00409437 9.39932e-07
-1.55833e-07 0.00409437 9.47486e-07
-1.55833e-07 0.00409437 9.55041e-07
-1.55833e-07 0.00409437 9.62596e-07
-1.55833e-07 0.00409437 9.70151e-07
-1.55833e-07 0.00409437 9.77705e-07
-1.55833e-07 0.00409436 9.8526e-07
-1.55833e-07 0.00409436 9.92815e-07
-1.55833e-07 0.00409436 1.00037e-06
-1.55833e-07 0.00409436 1.00792e-06
-1.55833e-07 0.00409436 1.01548e-06
-1.55833e-07 0.00409436 1.02303e-06
-1.55833e-07 0.00409435 1.03059e-06
-1.55833e-07 0.00409435 1.03814e-06
-1.48671e-07 0.00409446 5.01754e-07
-1.48671e-07 0.00409446 5.09309e-07
-1.48671e-07 0.00409445 5.16864e-07
-1.48671e-07 0.00409445 5.24419e-07
-1.48671e-07 0.00409445 5.31973e-07
-1.48671e-07 0.00409445 5.39528e-07
-1.48671e-07 0.00409445 5.47083e-07
-1.48671e-07 0.00409445 5.54638e-07
-1.48671e-07 0.00409444 5.62192e-07
-1.48671e-07 0.00409444 5.69747e-07
-1.48671e-07 0.00409444 5.77302e-07
-1.48671e-07 0.00409444 5.84857e-07
-1.48671e-07 0.00409444 5.92412e-07
-1.48671e-07 0.00409444 5.99966e-07
-1.48671e-07 0.00409443 6.07521e-07
-1.48671e-07 0.00409443 6.15076e-07
-1.48671e-07 0.00409443 6.22631e-07
-1.48671e-07 0.00409443 6.30186e-07
-1.48671e-07 0.00409443 6.3774e-07
-1.48671e-07 0.00409443 6.45295e-07
-1.48671e-07 0.00409442 6.5285e-07
-1.48671e-07 0.00409442 6.60405e-07
-1.48671e-07 0.00409442 6.67959e-07
-1.48671e-07 0.00409442 6.75514e-07
-1.48671e-07 0.00409442 6.83069e-07
-1.48671e-07 0.00409442 6.90624e-07
-1.48671e-07 0.00409441 6.98178e-07
-1.48671e-07 0.00409441 7.05733e-07
-1.48671e-07 0.00409441 7.13288e-07
-1.48671e-07 0.00409441 7.20843e-07
-1.48671e-07 0.00409441 7.28398e-07
-1.48671e-07 0.0040944 7.35952e-07
-1.48671e-07 0.0040944 7.43507e-07
-1.48671e-07 0.0040944 7.51062e-07
-1.48671e-07 0.0040944 7.58617e-07
-1.48671e-07 0.0040944 7.66172e-07
-1.48671e-07 0.0040944 7.73726e-07
-1.48671e-07 0.00409439 7.81281e-07
-1.48671e-07 0.00409439 7.88836e-07
-1.48671e-07 0.00409439 7.96391e-07
-1.48671e-07 0.00409439 8.03945e-07
-1.48671e-07 0.00409439 8.115e-07
-1.48671e-07 0.00409439 8.19055e-07
-1.48671e-07 0.00409438 8.2661e-07
-1.48671e-07 0.00409438 8.34165e-07
-1.48671e-07 0.00409438 8.41719e-07
-1.48671e-07 0.00409438 8.49274e-07
-1.48671e-07 0.00409438 8.56829e-07
-1.48671e-07 0.00409438 8.64384e-07
-1.48671e-07 0.00409437 8.71938e-07
-1.48671e-07 0.00409437 8.79493e-07
-1.48671e-07 0.00409437 8.87048e-07
-1.48671e-07 0.00409437 8.94603e-07
-1.48671e-07 0.00409437 9.02158e-07
-1.48671e-07 0.00409437 9.09712e-07
-1.48671e-07 0.00409436 9.17267e-07
-1.48671e-07 0.00409436 9.24822e-07
-1.48671e-07 0.00409436 9.32377e-07
-1.48671e-07 0.00409436 9.39932e-07
-1.48671e-07 0.00409436 9.47486e-07
-1.48671e-07 0.00409435 9.55041e-07
-1.48671e-07 0.00409435 9.62596e-07
-1.48671e-07 0.00409435 9.70151e-07
-1.48671e-07 0.00409435 9.77705e-07
-1.48671e-07 0.00409435 9.8526e-07
-1.48671e-07 0.00409435 9.92815e-07
-1.48671e-07 0.00409434 1.00037e-06
-1.48671e-07 0.00409434 1.00792e-06
-1.48671e-07 0.00409434 1.01548e-06
-1.48671e-07 0.00409434 1.02303e-06
-1.48671e-07 0.00409434 1.03059e-06
-1.48671e-07 0.00409434 1.03814e-06
-1.41508e-07 0.00409444 5.01754e-07
-1.41508e-07 0.00409444 5.09309e-07
-1.41508e-07 0.00409444 5.16864e-07
-1.41508e-07 0.00409444 5.24419e-07
-1.41508e-07 0.00409444 5.31973e-07
-1.41508e-07 0.00409443 5.39528e-07
-1.41508e-07 0.00409443 5.47083e-07
-1.41508e-07 0.00409443 5.54638e-07
-1.41508e-07 0.00409443 5.62192e-07
-1.41508e-07 0.00409443 5.69747e-07
-1.41508e-07 0.00409442 5.77302e-07
-1.41508e-07 0.00409442 5.84857e-07
-1.41508e-07 0.00409442 5.92412e-07
-1.41508e-07 0.00409442 5.99966e-07
-1.41508e-07 0.00409442 6.07521e-07
-1.41508e-07 0.00409442 6.15076e-07
-1.41508e-07 0.00409441 6.22631e-07
-1.41508e-07 0.00409441 6.30186e-07
-1.41508e-07 0.00409441 6.3774e-07
-1.41508e-07 0.00409441 6.45295e-07
-1.41508e-07 0.00409441 6.5285e-07
-1.41508e-07 0.00409441 6.60405e-07
-1.41508e-07 0.0040944 6.67959e-07
-1.41508e-07 0.0040944 6.75514e-07
-1.41508e-07 0.0040944 6.83069e-07
-1.41508e-07 0.0040944 6.90624e-07
-1.41508e-07 0.0040944 6.98178e-07
-1.41508e-07 0.0040944 7.05733e-07
-1.41508e-07 0.00409439 7.13288e-07
-1.41508e-07 0.00409439 7.20843e-07
-1.41508e-07 0.00409439 7.28398e-07
-1.41508e-07 0.00409439 7.35952e-07
-1.41508e-07 0.00409439 7.43507e-07
-1.41508e-07 0.00409439 7.51062e-07
-1.41508e-07 0.00409438 7.58617e-07
-1.41508e-07 0.00409438 7.66172e-07
-1.41508e-07 0.00409438 7.73726e-07
-1.41508e-07 0.00409438 7.81281e-07
-1.41508e-07 0.00409438 7.88836e-07
-1.41508e-07 0.00409437 7.96391e-07
-1.41508e-07 0.00409437 8.03945e-07
-1.41508e-07 0.00409437 8.115e-07
-1.41508e-07 0.00409437 8.19055e-07
-1.41508e-07 0.00409437 8.2661e-07
-1.41508e-07 0.00409437 8.34165e-07
-1.41508e-07 0.00409436 8.41719e-07
-1.41508e-07 0.00409436 8.49274e-07
-1.41508e-07 0.00409436 8.56829e-07
-1.41508e-07 0.00409436 8.64384e-07
-1.41508e-07 0.00409436 8.71938e-07
-1.41508e-07 0.00409436 8.79493e-07
-1.41508e-07 0.00409435 8.87048e-07
-1.41508e-07 0.00409435 8.94603e-07
-1.41508e-07 0.00409435 9.02158e-07
-1.41508e-07 0.00409435 9.09712e-07
-1.41508e-07 0.00409435 9.17267e-07
-1.41508e-07 0.00409435 9.24822e-07
-1.41508e-07 0.00409434 9.32377e-07
-1.41508e-07 0.00409434 9.39932e-07
-1.41508e-07 0.00409434 9.47486e-07
-1.41508e-07 0.00409434 9.55041e-07
-1.41508e-07 0.00409434 9.62596e-07
-1.41508e-07 0.00409433 9.70151e-07
-1.41508e-07 0.00409433 9.77705e-07
-1.41508e-07 0.00409433 9.8526e-07
-1.41508e-07 0.00409433 9.92815e-07
-1.41508e-07 0.00409433 1.00037e-06
-1.41508e-07 0.00409433 1.00792e-06
-1.41508e-07 0.00409432 1.01548e-06
-1.41508e-07 0.00409432 1.02303e-06
-1.41508e-07 0.00409432 1.03059e-06
-1.41508e-07 0.00409432 1.03814e-06
-1.30335e-07 0.00409429 1.0457e-06
-1.34346e-07 0.0040943 1.0457e-06
-1.30335e-07 0.00409429 1.03814e-06
-1.34346e-07 0.0040943 1.03814e-06
-1.30335e-07 0.0040943 1.03059e-06
-1.34346e-07 0.0040943 1.03059e-06
-1.30335e-07 0.0040943 1.02303e-06
-1.34346e-07 0.00409431 1.02303e-06
-1.30335e-07 0.0040943 1.01548e-06
-1.34346e-07 0.00409431 1.01548e-06
-1.30335e-07 0.0040943 1.00792e-06
-1.34346e-07 0.00409431 1.00792e-06
-1.30335e-07 0.0040943 1.00037e-06
-1.34346e-07 0.00409431 1.00037e-06
-1.30335e-07 0.0040943 9.92815e-07
-1.34346e-07 0.00409431 9.92815e-07
-1.30335e-07 0.00409431 9.8526e-07
-1.34346e-07 0.00409432 9.8526e-07
-1.30335e-07 0.00409431 9.77705e-07
-1.34346e-07 0.00409432 9.77705e-07
-1.30335e-07 0.00409431 9.70151e-07
-1.34346e-07 0.00409432 9.70151e-07
-1.30335e-07 0.00409431 9.62596e-07
-1.34346e-07 0.00409432 9.62596e-07
-1.30335e-07 0.00409431 9.55041e-07
-1.34346e-07 0.00409432 9.55041e-07
-1.30335e-07 0.00409431 9.47486e-07
-1.34346e-07 0.00409432 9.47486e-07
-1.30335e-07 0.00409432 9.39932e-07
-1.34346e-07 0.00409433 9.39932e-07
-1.30335e-07 0.00409432 9.32377e-07
-1.34346e-07 0.00409433 9.32377e-07
-1.30335e-07 0.00409432 9.24822e-07
-1.34346e-07 0.00409433 9.24822e-07
-1.30335e-07 0.00409432 9.17267e-07
-1.34346e-07 0.00409433 9.17267e-07
-1.30335e-07 0.00409432 9.09712e-07
-1.34346e-07 0.00409433 9.09712e-07
-1.30335e-07 0.00409433 9.02158e-07
-1.34346e-07 0.00409433 9.02158e-07
-1.30335e-07 0.00409433 8.94603e-07
-1.34346e-07 0.00409434 8.94603e-07
-1.30335e-07 0.00409433 8.87048e-07
-1.34346e-07 0.00409434 8.87048e-07
-1.30335e-07 0.00409433 8.79493e-07
-1.34346e-07 0.00409434 8.79493e-07
-1.30335e-07 0.00409433 8.71938e-07
-1.34346e-07 0.00409434 8.71938e-07
-1.30335e-07 0.00409433 8.64384e-07
-1.34346e-07 0.00409434 8.64384e-07
-1.30335e-07 0.00409434 8.56829e-07
-1.34346e-07 0.00409434 8.56829e-07
-1.30335e-07 0.00409434 8.49274e-07
-1.34346e-07 0.00409435 8.49274e-07
-1.30335e-07 0.00409434 8.41719e-07
-1.34346e-07 0.00409435 8.41719e-07
-1.30335e-07 0.00409434 8.34165e-07
-1.34346e-07 0.00409435 8.34165e-07
-1.30335e-07 0.00409434 8.2661e-07
-1.34346e-07 0.00409435 8.2661e-07
-1.30335e-07 0.00409434 8.19055e-07
-1.34346e-07 0.00409435 8.19055e-07
-1.30335e-07 0.00409435 8.115e-07
-1.34346e-07 0.00409435 8.115e-07
-1.30335e-07 0.00409435 8.03945e-07
-1.34346e-07 0.00409436 8.03945e-07
-1.30335e-07 0.00409435 7.96391e-07
-1.34346e-07 0.00409436 7.96391e-07
-1.30335e-07 0.00409435 7.88836e-07
-1.34346e-07 0.00409436 7.88836e-07
-1.30335e-07 0.00409435 7.81281e-07
-1.34346e-07 0.00409436 7.81281e-07
-1.30335e-07 0.00409435 7.73726e-07
-1.34346e-07 0.00409436 7.73726e-07
-1.30335e-07 0.00409436 7.66172e-07
-1.34346e-07 0.00409437 7.66172e-07
-1.30335e-07 0.00409436 7.58617e-07
-1.34346e-07 0.00409437 7.58617e-07
-1.30335e-07 0.00409436 7.51062e-07
-1.34346e-07 0.00409437 7.51062e-07
-1.30335e-07 0.00409436 7.43507e-07
-1.34346e-07 0.00409437 7.43507e-07
-1.30335e-07 0.00409436 7.35952e-07
-1.34346e-07 0.00409437 7.35952e-07
-1.30335e-07 0.00409436 7.28398e-07
-1.34346e-07 0.00409437 7.28398e-07
-1.30335e-07 0.00409437 7.20843e-07
-1.34346e-07 0.00409438 7.20843e-07
-1.30335e-07 0.00409437 7.13288e-07
-1.34346e-07 0.00409438 7.13288e-07
-1.30335e-07 0.00409437 7.05733e-07
-1.34346e-07 0.00409438 7.05733e-07
-1.30335e-07 0.00409437 6.98178e-07
-1.34346e-07 0.00409438 6.98178e-07
-1.30335e-07 0.00409437 6.90624e-07
-1.34346e-07 0.00409438 6.90624e-07
-1.30335e-07 0.00409438 6.83069e-07
-1.34346e-07 0.00409438 6.83069e-07
-1.30335e-07 0.00409438 6.75514e-07
-1.34346e-07 0.00409439 6.75514e-07
-1.30335e-07 0.00409438 6.67959e-07
-1.34346e-07 0.00409439 6.67959e-07
-1.30335e-07 0.00409438 6.60405e-07
-1.34346e-07 0.00409439 6.60405e-07
-1.30335e-07 0.00409438 6.5285e-07
-1.34346e-07 0.00409439 6.5285e-07
-1.30335e-07 0.00409438 6.45295e-07
-1.34346e-07 0.00409439 6.45295e-07
-1.30335e-07 0.00409439 6.3774e-07
-1.34346e-07 0.00409439 6.3774e-07
-1.30335e-07 0.00409439 6.30186e-07
-1.34346e-07 0.0040944 6.30186e-07
-1.30335e-07 0.00409439 6.22631e-07
-1.34346e-07 0.0040944 6.22631e-07
-1.30335e-07 0.00409439 6.15076e-07
-1.34346e-07 0.0040944 6.15076e-07
-1.30335e-07 0.00409439 6.07521e-07
-1.34346e-07 0.0040944 6.07521e-07
-1.30335e-07 0.00409439 5.99966e-07
-1.34346e-07 0.0040944 5.99966e-07
-1.30335e-07 0.0040944 5.92412e-07
-1.34346e-07 0.00409441 5.92412e-07
-1.30335e-07 0.0040944 5.84857e-07
-1.34346e-07 0.00409441 5.84857e-07
-1.30335e-07 0.0040944 5.77302e-07
-1.34346e-07 0.00409441 5.77302e-07
-1.30335e-07 0.0040944 5.69747e-07
-1.34346e-07 0.00409441 5.69747e-07
-1.30335e-07 0.0040944 5.62192e-07
-1.34346e-07 0.00409441 5.62192e-07
-1.30335e-07 0.0040944 5.54638e-07
-1.34346e-07 0.00409441 5.54638e-07
-1.30335e-07 0.00409441 5.47083e-07
-1.34346e-07 0.00409442 5.47083e-07
-1.30335e-07 0.00409441 5.39528e-07
-1.34346e-07 0.00409442 5.39528e-07
-1.30335e-07 0.00409441 5.31973e-07
-1.34346e-07 0.00409442 5.31973e-07
-1.30335e-07 0.00409441 5.24419e-07
-1.34346e-07 0.00409442 5.24419e-07
-1.30335e-07 0.00409441 5.16864e-07
-1.34346e-07 0.00409442 5.16864e-07
-1.30335e-07 0.00409441 5.09309e-07
-1.34346e-07 0.00409442 5.09309e-07
-1.30335e-07 0.00409442 5.01754e-07
-1.34346e-07 0.00409443 5.01754e-07
-1.30335e-07 0.00409442 4.94199e-07
-1.34346e-07 0.00409443 4.94199e-07
-1.84482e-07 0.00409442 1.0457e-06
-1.88493e-07 0.00409443 1.0457e-06
-1.84482e-07 0.00409442 1.03814e-06
-1.88493e-07 0.00409443 1.03814e-06
-1.84482e-07 0.00409442 1.03059e-06
-1.88493e-07 0.00409443 1.03059e-06
-1.84482e-07 0.00409442 1.02303e-06
-1.88493e-07 0.00409443 1.02303e-06
-1.84482e-07 0.00409442 1.01548e-06
-1.88493e-07 0.00409443 1.01548e-06
-1.84482e-07 0.00409442 1.00792e-06
-1.88493e-07 0.00409443 1.00792e-06
-1.84482e-07 0.00409443 1.00037e-06
-1.88493e-07 0.00409444 1.00037e-06
-1.84482e-07 0.00409443 9.92815e-07
-1.88493e-07 0.00409444 9.92815e-07
-1.84482e-07 0.00409443 9.8526e-07
-1.88493e-07 0.00409444 9.8526e-07
-1.84482e-07 0.00409443 9.77705e-07
-1.88493e-07 0.00409444 9.77705e-07
-1.84482e-07 0.00409443 9.70151e-07
-1.88493e-07 0.00409444 9.70151e-07
-1.84482e-07 0.00409443 9.62596e-07
-1.88493e-07 0.00409444 9.62596e-07
-1.84482e-07 0.00409444 9.55041e-07
-1.88493e-07 0.00409445 9.55041e-07
-1.84482e-07 0.00409444 9.47486e-07
-1.88493e-07 0.00409445 9.47486e-07
-1.84482e-07 0.00409444 9.39932e-07
-1.88493e-07 0.00409445 9.39932e-07
-1.84482e-07 0.00409444 9.32377e-07
-1.88493e-07 0.00409445 9.32377e-07
-1.84482e-07 0.00409444 9.24822e-07
-1.88493e-07 0.00409445 9.24822e-07
-1.84482e-07 0.00409445 9.17267e-07
-1.88493e-07 0.00409445 9.17267e-07
-1.84482e-07 0.00409445 9.09712e-07
-1.88493e-07 0.00409446 9.09712e-07
-1.84482e-07 0.00409445 9.02158e-07
-1.88493e-07 0.00409446 9.02158e-07
-1.84482e-07 0.00409445 8.94603e-07
-1.88493e-07 0.00409446 8.94603e-07
-1.84482e-07 0.00409445 8.87048e-07
-1.88493e-07 0.00409446 8.87048e-07
-1.84482e-07 0.00409445 8.79493e-07
-1.88493e-07 0.00409446 8.79493e-07
-1.84482e-07 0.00409446 8.71938e-07
-1.88493e-07 0.00409446 8.71938e-07
-1.84482e-07 0.00409446 8.64384e-07
-1.88493e-07 0.00409447 8.64384e-07
-1.84482e-07 0.00409446 8.56829e-07
-1.88493e-07 0.00409447 8.56829e-07
-1.84482e-07 0.00409446 8.49274e-07
-1.88493e-07 0.00409447 8.49274e-07
-1.84482e-07 0.00409446 8.41719e-07
-1.88493e-07 0.00409447 8.41719e-07
-1.84482e-07 0.00409446 8.34165e-07
-1.88493e-07 0.00409447 8.34165e-07
-1.84482e-07 0.00409447 8.2661e-07
-1.88493e-07 0.00409447 8.2661e-07
-1.84482e-07 0.00409447 8.19055e-07
-1.88493e-07 0.00409448 8.19055e-07
-1.84482e-07 0.00409447 8.115e-07
-1.88493e-07 0.00409448 8.115e-07
-1.84482e-07 0.00409447 8.03945e-07
-1.88493e-07 0.00409448 8.03945e-07
-1.84482e-07 0.00409447 7.96391e-07
-1.88493e-07 0.00409448 7.96391e-07
-1.84482e-07 0.00409447 7.88836e-07
-1.88493e-07 0.00409448 7.88836e-07
-1.84482e-07 0.00409448 7.81281e-07
-1.88493e-07 0.00409449 7.81281e-07
-1.84482e-07 0.00409448 7.73726e-07
-1.88493e-07 0.00409449 7.73726e-07
-1.84482e-07 0.00409448 7.66172e-07
-1.88493e-07 0.00409449 7.66172e-07
-1.84482e-07 0.00409448 7.58617e-07
-1.88493e-07 0.00409449 7.58617e-07
-1.84482e-07 0.00409448 7.51062e-07
-1.88493e-07 0.00409449 7.51062e-07
-1.84482e-07 0.00409448 7.43507e-07
-1.88493e-07 0.00409449 7.43507e-07
-1.84482e-07 0.00409449 7.35952e-07
-1.88493e-07 0.0040945 7.35952e-07
-1.84482e-07 0.00409449 7.28398e-07
-1.88493e-07 0.0040945 7.28398e-07
-1.84482e-07 0.00409449 7.20843e-07
-1.88493e-07 0.0040945 7.20843e-07
-1.84482e-07 0.00409449 7.13288e-07
-1.88493e-07 0.0040945 7.13288e-07
-1.84482e-07 0.00409449 7.05733e-07
-1.88493e-07 0.0040945 7.05733e-07
-1.84482e-07 0.0040945 6.98178e-07
-1.88493e-07 0.0040945 6.98178e-07
-1.84482e-07 0.0040945 6.90624e-07
-1.88493e-07 0.00409451 6.90624e-07
-1.84482e-07 0.0040945 6.83069e-07
-1.88493e-07 0.00409451 6.83069e-07
-1.84482e-07 0.0040945 6.75514e-07
-1.88493e-07 0.00409451 6.75514e-07
-1.84482e-07 0.0040945 6.67959e-07
-1.88493e-07 0.00409451 6.67959e-07
-1.84482e-07 0.0040945 6.60405e-07
-1.88493e-07 0.00409451 6.60405e-07
-1.84482e-07 0.00409451 6.5285e-07
-1.88493e-07 0.00409451 6.5285e-07
-1.84482e-07 0.00409451 6.45295e-07
-1.88493e-07 0.00409452 6.45295e-07
-1.84482e-07 0.00409451 6.3774e-07
-1.88493e-07 0.00409452 6.3774e-07
-1.84482e-07 0.00409451 6.30186e-07
-1.88493e-07 0.00409452 6.30186e-07
-1.84482e-07 0.00409451 6.22631e-07
-1.88493e-07 0.00409452 6.22631e-07
-1.84482e-07 0.00409451 6.15076e-07
-1.88493e-07 0.00409452 6.15076e-07
-1.84482e-07 0.00409452 6.07521e-07
-1.88493e-07 0.00409453 6.07521e-07
-1.84482e-07 0.00409452 5.99966e-07
-1.88493e-07 0.00409453 5.99966e-07
-1.84482e-07 0.00409452 5.92412e-07
-1.88493e-07 0.00409453 5.92412e-07
-1.84482e-07 0.00409452 5.84857e-07
-1.88493e-07 0.00409453 5.84857e-07
-1.84482e-07 0.00409452 5.77302e-07
-1.88493e-07 0.00409453 5.77302e-07
-1.84482e-07 0.00409452 5.69747e-07
-1.88493e-07 0.00409453 5.69747e-07
-1.84482e-07 0.00409453 5.62192e-07
-1.88493e-07 0.00409454 5.62192e-07
-1.84482e-07 0.00409453 5.54638e-07
-1.88493e-07 0.00409454 5.54638e-07
-1.84482e-07 0.00409453 5.47083e-07
-1.88493e-07 0.00409454 5.47083e-07
-1.84482e-07 0.00409453 5.39528e-07
-1.88493e-07 0.00409454 5.39528e-07
-1.84482e-07 0.00409453 5.31973e-07
-1.88493e-07 0.00409454 5.31973e-07
-1.84482e-07 0.00409454 5.24419e-07
-1.88493e-07 0.00409454 5.24419e-07
-1.84482e-07 0.00409454 5.16864e-07
-1.88493e-07 0.00409455 5.16864e-07
-1.84482e-07 0.00409454 5.09309e-07
-1.88493e-07 0.00409455 5.09309e-07
-1.84482e-07 0.00409454 5.01754e-07
-1.88493e-07 0.00409455 5.01754e-07
-1.84482e-07 0.00409454 4.94199e-07
-1.88493e-07 0.00409455 4.94199e-07
