9.85364e-09 0.00025492 2.11957e-07
9.85364e-09 0.0002549 1.14745e-07
1.86911e-08 0.00025491 2.11957e-07
1.86911e-08 0.000254889 1.14745e-07
9.85364e-09 0.00025492 2.10625e-07
9.85364e-09 0.00025492 2.09294e-07
9.85364e-09 0.000254919 2.07962e-07
9.85364e-09 0.000254919 2.0663e-07
9.85364e-09 0.000254919 2.05299e-07
9.85364e-09 0.000254919 2.03967e-07
9.85364e-09 0.000254918 2.02635e-07
9.85364e-09 0.000254918 2.01304e-07
9.85364e-09 0.000254918 1.99972e-07
9.85364e-09 0.000254917 1.9864e-07
9.85364e-09 0.000254917 1.97309e-07
9.85364e-09 0.000254917 1.95977e-07
9.85364e-09 0.000254917 1.94645e-07
9.85364e-09 0.000254916 1.93314e-07
9.85364e-09 0.000254916 1.91982e-07
9.85364e-09 0.000254916 1.9065e-07
9.85364e-09 0.000254916 1.89319e-07
9.85364e-09 0.000254915 1.87987e-07
9.85364e-09 0.000254915 1.86655e-07
9.85364e-09 0.000254915 1.85324e-07
9.85364e-09 0.000254914 1.83992e-07
9.85364e-09 0.000254914 1.8266e-07
9.85364e-09 0.000254914 1.81329e-07
9.85364e-09 0.000254913 1.79997e-07
9.85364e-09 0.000254913 1.78665e-07
9.85364e-09 0.000254913 1.77334e-07
9.85364e-09 0.000254913 1.76002e-07
9.85364e-09 0.000254912 1.7467e-07
9.85364e-09 0.000254912 1.73339e-07
9.85364e-09 0.000254912 1.72007e-07
9.85364e-09 0.000254912 1.70675e-07
9.85364e-09 0.000254911 1.69344e-07
9.85364e-09 0.000254911 1.68012e-07
9.85364e-09 0.000254911 1.6668e-07
9.85364e-09 0.00025491 1.65349e-07
9.85364e-09 0.00025491 1.64017e-07
9.85364e-09 0.00025491 1.62685e-07
9.85364e-09 0.00025491 1.61354e-07
9.85364e-09 0.000254909 1.60022e-07
9.85364e-09 0.000254909 1.5869e-07
9.85364e-09 0.000254909 1.57359e-07
9.85364e-09 0.000254908 1.56027e-07
9.85364e-09 0.000254908 1.54695e-07
9.85364e-09 0.000254908 1.53364e-07
9.85364e-09 0.000254908 1.52032e-07
9.85364e-09 0.000254907 1.507e-07
9.85364e-09 0.000254907 1.49369e-07
9.85364e-09 0.000254907 1.48037e-07
9.85364e-09 0.000254906 1.46705e-07
9.85364e-09 0.000254906 1.45374e-07
9.85364e-09 0.000254906 1.44042e-07
9.85364e-09 0.000254906 1.4271e-07
9.85364e-09 0.000254905 1.41379e-07
9.85364e-09 0.000254905 1.40047e-07
9.85364e-09 0.000254905 1.38715e-07
9.85364e-09 0.000254904 1.37384e-07
9.85364e-09 0.000254904 1.36052e-07
9.85364e-09 0.000254904 1.3472e-07
9.85364e-09 0.000254904 1.33389e-07
9.85364e-09 0.000254903 1.32057e-07
9.85364e-09 0.000254903 1.30725e-07
9.85364e-09 0.000254903 1.29394e-07
9.85364e-09 0.000254902 1.28062e-07
9.85364e-09 0.000254902 1.2673e-07
9.85364e-09 0.000254902 1.25399e-07
9.85364e-09 0.000254902 1.24067e-07
9.85364e-09 0.000254901 1.22735e-07
9.85364e-09 0.000254901 1.21404e-07
9.85364e-09 0.000254901 1.20072e-07
9.85364e-09 0.0002549 1.1874e-07
9.85364e-09 0.0002549 1.17409e-07
9.85364e-09 0.0002549 1.16077e-07
1.11161e-08 0.000254898 1.14745e-07
1.23786e-08 0.000254897 1.14745e-07
1.36411e-08 0.000254895 1.14745e-07
1.49036e-08 0.000254894 1.14745e-07
1.61661e-08 0.000254892 1.14745e-07
1.74286e-08 0.000254891 1.14745e-07
1.11161e-08 0.000254919 2.11957e-07
1.23786e-08 0.000254917 2.11957e-07
1.36411e-08 0.000254916 2.11957e-07
1.49036e-08 0.000254914 2.11957e-07
1.61661e-08 0.000254913 2.11957e-07
1.74286e-08 0.000254911 2.11957e-07
1.86911e-08 0.000254889 1.16077e-07
1.86911e-08 0.00025489 1.17409e-07
1.86911e-08 0.00025489 1.1874e-07
1.86911e-08 0.00025489 1.20072e-07
1.86911e-08 0.00025489 1.21404e-07
1.86911e-08 0.000254891 1.22735e-07
1.86911e-08 0.000254891 1.24067e-07
1.86911e-08 0.000254891 1.25399e-07
1.86911e-08 0.000254892 1.2673e-07
1.86911e-08 0.000254892 1.28062e-07
1.86911e-08 0.000254892 1.29394e-07
1.86911e-08 0.000254892 1.30725e-07
1.86911e-08 0.000254893 1.32057e-07
1.86911e-08 0.000254893 1.33389e-07
1.86911e-08 0.000254893 1.3472e-07
1.86911e-08 0.000254894 1.36052e-07
1.86911e-08 0.000254894 1.37384e-07
1.86911e-08 0.000254894 1.38715e-07
1.86911e-08 0.000254894 1.40047e-07
1.86911e-08 0.000254895 1.41379e-07
1.86911e-08 0.000254895 1.4271e-07
1.86911e-08 0.000254895 1.44042e-07
1.86911e-08 0.000254896 1.45374e-07
1.86911e-08 0.000254896 1.46705e-07
1.86911e-08 0.000254896 1.48037e-07
1.86911e-08 0.000254896 1.49369e-07
1.86911e-08 0.000254897 1.507e-07
1.86911e-08 0.000254897 1.52032e-07
1.86911e-08 0.000254897 1.53364e-07
1.86911e-08 0.000254898 1.54695e-07
1.86911e-08 0.000254898 1.56027e-07
1.86911e-08 0.000254898 1.57359e-07
1.86911e-08 0.000254898 1.5869e-07
1.86911e-08 0.000254899 1.60022e-07
1.86911e-08 0.000254899 1.61354e-07
1.86911e-08 0.000254899 1.62685e-07
1.86911e-08 0.0002549 1.64017e-07
1.86911e-08 0.0002549 1.65349e-07
1.86911e-08 0.0002549 1.6668e-07
1.86911e-08 0.0002549 1.68012e-07
1.86911e-08 0.000254901 1.69344e-07
1.86911e-08 0.000254901 1.70675e-07
1.86911e-08 0.000254901 1.72007e-07
1.86911e-08 0.000254902 1.73339e-07
1.86911e-08 0.000254902 1.7467e-07
1.86911e-08 0.000254902 1.76002e-07
1.86911e-08 0.000254902 1.77334e-07
1.86911e-08 0.000254903 1.78665e-07
1.86911e-08 0.000254903 1.79997e-07
1.86911e-08 0.000254903 1.81329e-07
1.86911e-08 0.000254904 1.8266e-07
1.86911e-08 0.000254904 1.83992e-07
1.86911e-08 0.000254904 1.85324e-07
1.86911e-08 0.000254904 1.86655e-07
1.86911e-08 0.000254905 1.87987e-07
1.86911e-08 0.000254905 1.89319e-07
1.86911e-08 0.000254905 1.9065e-07
1.86911e-08 0.000254906 1.91982e-07
1.86911e-08 0.000254906 1.93314e-07
1.86911e-08 0.000254906 1.94645e-07
1.86911e-08 0.000254906 1.95977e-07
1.86911e-08 0.000254907 1.97309e-07
1.86911e-08 0.000254907 1.9864e-07
1.86911e-08 0.000254907 1.99972e-07
1.86911e-08 0.000254907 2.01304e-07
1.86911e-08 0.000254908 2.02635e-07
1.86911e-08 0.000254908 2.03967e-07
1.86911e-08 0.000254908 2.05299e-07
1.86911e-08 0.000254909 2.0663e-07
1.86911e-08 0.000254909 2.07962e-07
1.86911e-08 0.000254909 2.09294e-07
1.86911e-08 0.00025491 2.10625e-07
1.11161e-08 0.000254898 1.16077e-07
1.11161e-08 0.000254899 1.17409e-07
1.11161e-08 0.000254899 1.1874e-07
1.11161e-08 0.000254899 1.20072e-07
1.11161e-08 0.000254899 1.21404e-07
1.11161e-08 0.0002549 1.22735e-07
1.11161e-08 0.0002549 1.24067e-07
1.11161e-08 0.0002549 1.25399e-07
1.11161e-08 0.000254901 1.2673e-07
1.11161e-08 0.000254901 1.28062e-07
1.11161e-08 0.000254901 1.29394e-07
1.11161e-08 0.000254901 1.30725e-07
1.11161e-08 0.000254902 1.32057e-07
1.11161e-08 0.000254902 1.33389e-07
1.11161e-08 0.000254902 1.3472e-07
1.11161e-08 0.000254903 1.36052e-07
1.11161e-08 0.000254903 1.37384e-07
1.11161e-08 0.000254903 1.38715e-07
1.11161e-08 0.000254903 1.40047e-07
1.11161e-08 0.000254904 1.41379e-07
1.11161e-08 0.000254904 1.4271e-07
1.11161e-08 0.000254904 1.44042e-07
1.11161e-08 0.000254905 1.45374e-07
1.11161e-08 0.000254905 1.46705e-07
1.11161e-08 0.000254905 1.48037e-07
1.11161e-08 0.000254905 1.49369e-07
1.11161e-08 0.000254906 1.507e-07
1.11161e-08 0.000254906 1.52032e-07
1.11161e-08 0.000254906 1.53364e-07
1.11161e-08 0.000254907 1.54695e-07
1.11161e-08 0.000254907 1.56027e-07
1.11161e-08 0.000254907 1.57359e-07
1.11161e-08 0.000254907 1.5869e-07
1.11161e-08 0.000254908 1.60022e-07
1.11161e-08 0.000254908 1.61354e-07
1.11161e-08 0.000254908 1.62685e-07
1.11161e-08 0.000254909 1.64017e-07
1.11161e-08 0.000254909 1.65349e-07
1.11161e-08 0.000254909 1.6668e-07
1.11161e-08 0.000254909 1.68012e-07
1.11161e-08 0.00025491 1.69344e-07
1.11161e-08 0.00025491 1.70675e-07
1.11161e-08 0.00025491 1.72007e-07
1.11161e-08 0.000254911 1.73339e-07
1.11161e-08 0.000254911 1.7467e-07
1.11161e-08 0.000254911 1.76002e-07
1.11161e-08 0.000254911 1.77334e-07
1.11161e-08 0.000254912 1.78665e-07
1.11161e-08 0.000254912 1.79997e-07
1.11161e-08 0.000254912 1.81329e-07
1.11161e-08 0.000254913 1.8266e-07
1.11161e-08 0.000254913 1.83992e-07
1.11161e-08 0.000254913 1.85324e-07
1.11161e-08 0.000254913 1.86655e-07
1.11161e-08 0.000254914 1.87987e-07
1.11161e-08 0.000254914 1.89319e-07
1.11161e-08 0.000254914 1.9065e-07
1.11161e-08 0.000254915 1.91982e-07
1.11161e-08 0.000254915 1.93314e-07
1.11161e-08 0.000254915 1.94645e-07
1.11161e-08 0.000254915 1.95977e-07
1.11161e-08 0.000254916 1.97309e-07
1.11161e-08 0.000254916 1.9864e-07
1.11161e-08 0.000254916 1.99972e-07
1.11161e-08 0.000254917 2.01304e-07
1.11161e-08 0.000254917 2.02635e-07
1.11161e-08 0.000254917 2.03967e-07
1.11161e-08 0.000254917 2.05299e-07
1.11161e-08 0.000254918 2.0663e-07
1.11161e-08 0.000254918 2.07962e-07
1.11161e-08 0.000254918 2.09294e-07
1.11161e-08 0.000254919 2.10625e-07
1.23786e-08 0.000254897 1.16077e-07
1.23786e-08 0.000254897 1.17409e-07
1.23786e-08 0.000254897 1.1874e-07
1.23786e-08 0.000254898 1.20072e-07
1.23786e-08 0.000254898 1.21404e-07
1.23786e-08 0.000254898 1.22735e-07
1.23786e-08 0.000254899 1.24067e-07
1.23786e-08 0.000254899 1.25399e-07
1.23786e-08 0.000254899 1.2673e-07
1.23786e-08 0.000254899 1.28062e-07
1.23786e-08 0.0002549 1.29394e-07
1.23786e-08 0.0002549 1.30725e-07
1.23786e-08 0.0002549 1.32057e-07
1.23786e-08 0.000254901 1.33389e-07
1.23786e-08 0.000254901 1.3472e-07
1.23786e-08 0.000254901 1.36052e-07
1.23786e-08 0.000254901 1.37384e-07
1.23786e-08 0.000254902 1.38715e-07
1.23786e-08 0.000254902 1.40047e-07
1.23786e-08 0.000254902 1.41379e-07
1.23786e-08 0.000254903 1.4271e-07
1.23786e-08 0.000254903 1.44042e-07
1.23786e-08 0.000254903 1.45374e-07
1.23786e-08 0.000254903 1.46705e-07
1.23786e-08 0.000254904 1.48037e-07
1.23786e-08 0.000254904 1.49369e-07
1.23786e-08 0.000254904 1.507e-07
1.23786e-08 0.000254905 1.52032e-07
1.23786e-08 0.000254905 1.53364e-07
1.23786e-08 0.000254905 1.54695e-07
1.23786e-08 0.000254905 1.56027e-07
1.23786e-08 0.000254906 1.57359e-07
1.23786e-08 0.000254906 1.5869e-07
1.23786e-08 0.000254906 1.60022e-07
1.23786e-08 0.000254907 1.61354e-07
1.23786e-08 0.000254907 1.62685e-07
1.23786e-08 0.000254907 1.64017e-07
1.23786e-08 0.000254907 1.65349e-07
1.23786e-08 0.000254908 1.6668e-07
1.23786e-08 0.000254908 1.68012e-07
1.23786e-08 0.000254908 1.69344e-07
1.23786e-08 0.000254908 1.70675e-07
1.23786e-08 0.000254909 1.72007e-07
1.23786e-08 0.000254909 1.73339e-07
1.23786e-08 0.000254909 1.7467e-07
1.23786e-08 0.00025491 1.76002e-07
1.23786e-08 0.00025491 1.77334e-07
1.23786e-08 0.00025491 1.78665e-07
1.23786e-08 0.00025491 1.79997e-07
1.23786e-08 0.000254911 1.81329e-07
1.23786e-08 0.000254911 1.8266e-07
1.23786e-08 0.000254911 1.83992e-07
1.23786e-08 0.000254912 1.85324e-07
1.23786e-08 0.000254912 1.86655e-07
1.23786e-08 0.000254912 1.87987e-07
1.23786e-08 0.000254912 1.89319e-07
1.23786e-08 0.000254913 1.9065e-07
1.23786e-08 0.000254913 1.91982e-07
1.23786e-08 0.000254913 1.93314e-07
1.23786e-08 0.000254914 1.94645e-07
1.23786e-08 0.000254914 1.95977e-07
1.23786e-08 0.000254914 1.97309e-07
1.23786e-08 0.000254914 1.9864e-07
1.23786e-08 0.000254915 1.99972e-07
1.23786e-08 0.000254915 2.01304e-07
1.23786e-08 0.000254915 2.02635e-07
1.23786e-08 0.000254916 2.03967e-07
1.23786e-08 0.000254916 2.05299e-07
1.23786e-08 0.000254916 2.0663e-07
1.23786e-08 0.000254916 2.07962e-07
1.23786e-08 0.000254917 2.09294e-07
1.23786e-08 0.000254917 2.10625e-07
1.36411e-08 0.000254895 1.16077e-07
1.36411e-08 0.000254896 1.17409e-07
1.36411e-08 0.000254896 1.1874e-07
1.36411e-08 0.000254896 1.20072e-07
1.36411e-08 0.000254896 1.21404e-07
1.36411e-08 0.000254897 1.22735e-07
1.36411e-08 0.000254897 1.24067e-07
1.36411e-08 0.000254897 1.25399e-07
1.36411e-08 0.000254898 1.2673e-07
1.36411e-08 0.000254898 1.28062e-07
1.36411e-08 0.000254898 1.29394e-07
1.36411e-08 0.000254898 1.30725e-07
1.36411e-08 0.000254899 1.32057e-07
1.36411e-08 0.000254899 1.33389e-07
1.36411e-08 0.000254899 1.3472e-07
1.36411e-08 0.0002549 1.36052e-07
1.36411e-08 0.0002549 1.37384e-07
1.36411e-08 0.0002549 1.38715e-07
1.36411e-08 0.0002549 1.40047e-07
1.36411e-08 0.000254901 1.41379e-07
1.36411e-08 0.000254901 1.4271e-07
1.36411e-08 0.000254901 1.44042e-07
1.36411e-08 0.000254902 1.45374e-07
1.36411e-08 0.000254902 1.46705e-07
1.36411e-08 0.000254902 1.48037e-07
1.36411e-08 0.000254902 1.49369e-07
1.36411e-08 0.000254903 1.507e-07
1.36411e-08 0.000254903 1.52032e-07
1.36411e-08 0.000254903 1.53364e-07
1.36411e-08 0.000254904 1.54695e-07
1.36411e-08 0.000254904 1.56027e-07
1.36411e-08 0.000254904 1.57359e-07
1.36411e-08 0.000254904 1.5869e-07
1.36411e-08 0.000254905 1.60022e-07
1.36411e-08 0.000254905 1.61354e-07
1.36411e-08 0.000254905 1.62685e-07
1.36411e-08 0.000254906 1.64017e-07
1.36411e-08 0.000254906 1.65349e-07
1.36411e-08 0.000254906 1.6668e-07
1.36411e-08 0.000254906 1.68012e-07
1.36411e-08 0.000254907 1.69344e-07
1.36411e-08 0.000254907 1.70675e-07
1.36411e-08 0.000254907 1.72007e-07
1.36411e-08 0.000254908 1.73339e-07
1.36411e-08 0.000254908 1.7467e-07
1.36411e-08 0.000254908 1.76002e-07
1.36411e-08 0.000254908 1.77334e-07
1.36411e-08 0.000254909 1.78665e-07
1.36411e-08 0.000254909 1.79997e-07
1.36411e-08 0.000254909 1.81329e-07
1.36411e-08 0.00025491 1.8266e-07
1.36411e-08 0.00025491 1.83992e-07
1.36411e-08 0.00025491 1.85324e-07
1.36411e-08 0.00025491 1.86655e-07
1.36411e-08 0.000254911 1.87987e-07
1.36411e-08 0.000254911 1.89319e-07
1.36411e-08 0.000254911 1.9065e-07
1.36411e-08 0.000254912 1.91982e-07
1.36411e-08 0.000254912 1.93314e-07
1.36411e-08 0.000254912 1.94645e-07
1.36411e-08 0.000254912 1.95977e-07
1.36411e-08 0.000254913 1.97309e-07
1.36411e-08 0.000254913 1.9864e-07
1.36411e-08 0.000254913 1.99972e-07
1.36411e-08 0.000254914 2.01304e-07
1.36411e-08 0.000254914 2.02635e-07
1.36411e-08 0.000254914 2.03967e-07
1.36411e-08 0.000254914 2.05299e-07
1.36411e-08 0.000254915 2.0663e-07
1.36411e-08 0.000254915 2.07962e-07
1.36411e-08 0.000254915 2.09294e-07
1.36411e-08 0.000254916 2.10625e-07
1.49036e-08 0.000254894 1.16077e-07
1.49036e-08 0.000254894 1.17409e-07
1.49036e-08 0.000254894 1.1874e-07
1.49036e-08 0.000254895 1.20072e-07
1.49036e-08 0.000254895 1.21404e-07
1.49036e-08 0.000254895 1.22735e-07
1.49036e-08 0.000254896 1.24067e-07
1.49036e-08 0.000254896 1.25399e-07
1.49036e-08 0.000254896 1.2673e-07
1.49036e-08 0.000254896 1.28062e-07
1.49036e-08 0.000254897 1.29394e-07
1.49036e-08 0.000254897 1.30725e-07
1.49036e-08 0.000254897 1.32057e-07
1.49036e-08 0.000254898 1.33389e-07
1.49036e-08 0.000254898 1.3472e-07
1.49036e-08 0.000254898 1.36052e-07
1.49036e-08 0.000254898 1.37384e-07
1.49036e-08 0.000254899 1.38715e-07
1.49036e-08 0.000254899 1.40047e-07
1.49036e-08 0.000254899 1.41379e-07
1.49036e-08 0.0002549 1.4271e-07
1.49036e-08 0.0002549 1.44042e-07
1.49036e-08 0.0002549 1.45374e-07
1.49036e-08 0.0002549 1.46705e-07
1.49036e-08 0.000254901 1.48037e-07
1.49036e-08 0.000254901 1.49369e-07
1.49036e-08 0.000254901 1.507e-07
1.49036e-08 0.000254902 1.52032e-07
1.49036e-08 0.000254902 1.53364e-07
1.49036e-08 0.000254902 1.54695e-07
1.49036e-08 0.000254902 1.56027e-07
1.49036e-08 0.000254903 1.57359e-07
1.49036e-08 0.000254903 1.5869e-07
1.49036e-08 0.000254903 1.60022e-07
1.49036e-08 0.000254904 1.61354e-07
1.49036e-08 0.000254904 1.62685e-07
1.49036e-08 0.000254904 1.64017e-07
1.49036e-08 0.000254904 1.65349e-07
1.49036e-08 0.000254905 1.6668e-07
1.49036e-08 0.000254905 1.68012e-07
1.49036e-08 0.000254905 1.69344e-07
1.49036e-08 0.000254905 1.70675e-07
1.49036e-08 0.000254906 1.72007e-07
1.49036e-08 0.000254906 1.73339e-07
1.49036e-08 0.000254906 1.7467e-07
1.49036e-08 0.000254907 1.76002e-07
1.49036e-08 0.000254907 1.77334e-07
1.49036e-08 0.000254907 1.78665e-07
1.49036e-08 0.000254907 1.79997e-07
1.49036e-08 0.000254908 1.81329e-07
1.49036e-08 0.000254908 1.8266e-07
1.49036e-08 0.000254908 1.83992e-07
1.49036e-08 0.000254909 1.85324e-07
1.49036e-08 0.000254909 1.86655e-07
1.49036e-08 0.000254909 1.87987e-07
1.49036e-08 0.000254909 1.89319e-07
1.49036e-08 0.00025491 1.9065e-07
1.49036e-08 0.00025491 1.91982e-07
1.49036e-08 0.00025491 1.93314e-07
1.49036e-08 0.000254911 1.94645e-07
1.49036e-08 0.000254911 1.95977e-07
1.49036e-08 0.000254911 1.97309e-07
1.49036e-08 0.000254911 1.9864e-07
1.49036e-08 0.000254912 1.99972e-07
1.49036e-08 0.000254912 2.01304e-07
1.49036e-08 0.000254912 2.02635e-07
1.49036e-08 0.000254913 2.03967e-07
1.49036e-08 0.000254913 2.05299e-07
1.49036e-08 0.000254913 2.0663e-07
1.49036e-08 0.000254913 2.07962e-07
1.49036e-08 0.000254914 2.09294e-07
1.49036e-08 0.000254914 2.10625e-07
1.61661e-08 0.000254892 1.16077e-07
1.61661e-08 0.000254893 1.17409e-07
1.61661e-08 0.000254893 1.1874e-07
1.61661e-08 0.000254893 1.20072e-07
1.61661e-08 0.000254893 1.21404e-07
1.61661e-08 0.000254894 1.22735e-07
1.61661e-08 0.000254894 1.24067e-07
1.61661e-08 0.000254894 1.25399e-07
1.61661e-08 0.000254895 1.2673e-07
1.61661e-08 0.000254895 1.28062e-07
1.61661e-08 0.000254895 1.29394e-07
1.61661e-08 0.000254895 1.30725e-07
1.61661e-08 0.000254896 1.32057e-07
1.61661e-08 0.000254896 1.33389e-07
1.61661e-08 0.000254896 1.3472e-07
1.61661e-08 0.000254897 1.36052e-07
1.61661e-08 0.000254897 1.37384e-07
1.61661e-08 0.000254897 1.38715e-07
1.61661e-08 0.000254897 1.40047e-07
1.61661e-08 0.000254898 1.41379e-07
1.61661e-08 0.000254898 1.4271e-07
1.61661e-08 0.000254898 1.44042e-07
1.61661e-08 0.000254899 1.45374e-07
1.61661e-08 0.000254899 1.46705e-07
1.61661e-08 0.000254899 1.48037e-07
1.61661e-08 0.000254899 1.49369e-07
1.61661e-08 0.0002549 1.507e-07
1.61661e-08 0.0002549 1.52032e-07
1.61661e-08 0.0002549 1.53364e-07
1.61661e-08 0.000254901 1.54695e-07
1.61661e-08 0.000254901 1.56027e-07
1.61661e-08 0.000254901 1.57359e-07
1.61661e-08 0.000254901 1.5869e-07
1.61661e-08 0.000254902 1.60022e-07
1.61661e-08 0.000254902 1.61354e-07
1.61661e-08 0.000254902 1.62685e-07
1.61661e-08 0.000254903 1.64017e-07
1.61661e-08 0.000254903 1.65349e-07
1.61661e-08 0.000254903 1.6668e-07
1.61661e-08 0.000254903 1.68012e-07
1.61661e-08 0.000254904 1.69344e-07
1.61661e-08 0.000254904 1.70675e-07
1.61661e-08 0.000254904 1.72007e-07
1.61661e-08 0.000254905 1.73339e-07
1.61661e-08 0.000254905 1.7467e-07
1.61661e-08 0.000254905 1.76002e-07
1.61661e-08 0.000254905 1.77334e-07
1.61661e-08 0.000254906 1.78665e-07
1.61661e-08 0.000254906 1.79997e-07
1.61661e-08 0.000254906 1.81329e-07
1.61661e-08 0.000254907 1.8266e-07
1.61661e-08 0.000254907 1.83992e-07
1.61661e-08 0.000254907 1.85324e-07
1.61661e-08 0.000254907 1.86655e-07
1.61661e-08 0.000254908 1.87987e-07
1.61661e-08 0.000254908 1.89319e-07
1.61661e-08 0.000254908 1.9065e-07
1.61661e-08 0.000254909 1.91982e-07
1.61661e-08 0.000254909 1.93314e-07
1.61661e-08 0.000254909 1.94645e-07
1.61661e-08 0.000254909 1.95977e-07
1.61661e-08 0.00025491 1.97309e-07
1.61661e-08 0.00025491 1.9864e-07
1.61661e-08 0.00025491 1.99972e-07
1.61661e-08 0.000254911 2.01304e-07
1.61661e-08 0.000254911 2.02635e-07
1.61661e-08 0.000254911 2.03967e-07
1.61661e-08 0.000254911 2.05299e-07
1.61661e-08 0.000254912 2.0663e-07
1.61661e-08 0.000254912 2.07962e-07
1.61661e-08 0.000254912 2.09294e-07
1.61661e-08 0.000254913 2.10625e-07
1.74286e-08 0.000254891 1.16077e-07
1.74286e-08 0.000254891 1.17409e-07
1.74286e-08 0.000254891 1.1874e-07
1.74286e-08 0.000254892 1.20072e-07
1.74286e-08 0.000254892 1.21404e-07
1.74286e-08 0.000254892 1.22735e-07
1.74286e-08 0.000254893 1.24067e-07
1.74286e-08 0.000254893 1.25399e-07
1.74286e-08 0.000254893 1.2673e-07
1.74286e-08 0.000254893 1.28062e-07
1.74286e-08 0.000254894 1.29394e-07
1.74286e-08 0.000254894 1.30725e-07
1.74286e-08 0.000254894 1.32057e-07
1.74286e-08 0.000254895 1.33389e-07
1.74286e-08 0.000254895 1.3472e-07
1.74286e-08 0.000254895 1.36052e-07
1.74286e-08 0.000254895 1.37384e-07
1.74286e-08 0.000254896 1.38715e-07
1.74286e-08 0.000254896 1.40047e-07
1.74286e-08 0.000254896 1.41379e-07
1.74286e-08 0.000254896 1.4271e-07
1.74286e-08 0.000254897 1.44042e-07
1.74286e-08 0.000254897 1.45374e-07
1.74286e-08 0.000254897 1.46705e-07
1.74286e-08 0.000254898 1.48037e-07
1.74286e-08 0.000254898 1.49369e-07
1.74286e-08 0.000254898 1.507e-07
1.74286e-08 0.000254899 1.52032e-07
1.74286e-08 0.000254899 1.53364e-07
1.74286e-08 0.000254899 1.54695e-07
1.74286e-08 0.000254899 1.56027e-07
1.74286e-08 0.0002549 1.57359e-07
1.74286e-08 0.0002549 1.5869e-07
1.74286e-08 0.0002549 1.60022e-07
1.74286e-08 0.0002549 1.61354e-07
1.74286e-08 0.000254901 1.62685e-07
1.74286e-08 0.000254901 1.64017e-07
1.74286e-08 0.000254901 1.65349e-07
1.74286e-08 0.000254902 1.6668e-07
1.74286e-08 0.000254902 1.68012e-07
1.74286e-08 0.000254902 1.69344e-07
1.74286e-08 0.000254902 1.70675e-07
1.74286e-08 0.000254903 1.72007e-07
1.74286e-08 0.000254903 1.73339e-07
1.74286e-08 0.000254903 1.7467e-07
1.74286e-08 0.000254904 1.76002e-07
1.74286e-08 0.000254904 1.77334e-07
1.74286e-08 0.000254904 1.78665e-07
1.74286e-08 0.000254904 1.79997e-07
1.74286e-08 0.000254905 1.81329e-07
1.74286e-08 0.000254905 1.8266e-07
1.74286e-08 0.000254905 1.83992e-07
1.74286e-08 0.000254906 1.85324e-07
1.74286e-08 0.000254906 1.86655e-07
1.74286e-08 0.000254906 1.87987e-07
1.74286e-08 0.000254906 1.89319e-07
1.74286e-08 0.000254907 1.9065e-07
1.74286e-08 0.000254907 1.91982e-07
1.74286e-08 0.000254907 1.93314e-07
1.74286e-08 0.000254908 1.94645e-07
1.74286e-08 0.000254908 1.95977e-07
1.74286e-08 0.000254908 1.97309e-07
1.74286e-08 0.000254908 1.9864e-07
1.74286e-08 0.000254909 1.99972e-07
1.74286e-08 0.000254909 2.01304e-07
1.74286e-08 0.000254909 2.02635e-07
1.74286e-08 0.00025491 2.03967e-07
1.74286e-08 0.00025491 2.05299e-07
1.74286e-08 0.00025491 2.0663e-07
1.74286e-08 0.00025491 2.07962e-07
1.74286e-08 0.000254911 2.09294e-07
1.74286e-08 0.000254911 2.10625e-07
1.93981e-08 0.000254909 2.11957e-07
1.86911e-08 0.00025491 2.11957e-07
1.93981e-08 0.000254909 2.10625e-07
1.86911e-08 0.00025491 2.10625e-07
1.93981e-08 0.000254908 2.09294e-07
1.86911e-08 0.000254909 2.09294e-07
1.93981e-08 0.000254908 2.07962e-07
1.86911e-08 0.000254909 2.07962e-07
1.93981e-08 0.000254908 2.0663e-07
1.86911e-08 0.000254909 2.0663e-07
1.93981e-08 0.000254907 2.05299e-07
1.86911e-08 0.000254908 2.05299e-07
1.93981e-08 0.000254907 2.03967e-07
1.86911e-08 0.000254908 2.03967e-07
1.93981e-08 0.000254907 2.02635e-07
1.86911e-08 0.000254908 2.02635e-07
1.93981e-08 0.000254907 2.01304e-07
1.86911e-08 0.000254907 2.01304e-07
1.93981e-08 0.000254906 1.99972e-07
1.86911e-08 0.000254907 1.99972e-07
1.93981e-08 0.000254906 1.9864e-07
1.86911e-08 0.000254907 1.9864e-07
1.93981e-08 0.000254906 1.97309e-07
1.86911e-08 0.000254907 1.97309e-07
1.93981e-08 0.000254906 1.95977e-07
1.86911e-08 0.000254906 1.95977e-07
1.93981e-08 0.000254905 1.94645e-07
1.86911e-08 0.000254906 1.94645e-07
1.93981e-08 0.000254905 1.93314e-07
1.86911e-08 0.000254906 1.93314e-07
1.93981e-08 0.000254905 1.91982e-07
1.86911e-08 0.000254906 1.91982e-07
1.93981e-08 0.000254904 1.9065e-07
1.86911e-08 0.000254905 1.9065e-07
1.93981e-08 0.000254904 1.89319e-07
1.86911e-08 0.000254905 1.89319e-07
1.93981e-08 0.000254904 1.87987e-07
1.86911e-08 0.000254905 1.87987e-07
1.93981e-08 0.000254904 1.86655e-07
1.86911e-08 0.000254904 1.86655e-07
1.93981e-08 0.000254903 1.85324e-07
1.86911e-08 0.000254904 1.85324e-07
1.93981e-08 0.000254903 1.83992e-07
1.86911e-08 0.000254904 1.83992e-07
1.93981e-08 0.000254903 1.8266e-07
1.86911e-08 0.000254904 1.8266e-07
1.93981e-08 0.000254902 1.81329e-07
1.86911e-08 0.000254903 1.81329e-07
1.93981e-08 0.000254902 1.79997e-07
1.86911e-08 0.000254903 1.79997e-07
1.93981e-08 0.000254902 1.78665e-07
1.86911e-08 0.000254903 1.78665e-07
1.93981e-08 0.000254902 1.77334e-07
1.86911e-08 0.000254902 1.77334e-07
1.93981e-08 0.000254901 1.76002e-07
1.86911e-08 0.000254902 1.76002e-07
1.93981e-08 0.000254901 1.7467e-07
1.86911e-08 0.000254902 1.7467e-07
1.93981e-08 0.000254901 1.73339e-07
1.86911e-08 0.000254902 1.73339e-07
1.93981e-08 0.0002549 1.72007e-07
1.86911e-08 0.000254901 1.72007e-07
1.93981e-08 0.0002549 1.70675e-07
1.86911e-08 0.000254901 1.70675e-07
1.93981e-08 0.0002549 1.69344e-07
1.86911e-08 0.000254901 1.69344e-07
1.93981e-08 0.0002549 1.68012e-07
1.86911e-08 0.0002549 1.68012e-07
1.93981e-08 0.000254899 1.6668e-07
1.86911e-08 0.0002549 1.6668e-07
1.93981e-08 0.000254899 1.65349e-07
1.86911e-08 0.0002549 1.65349e-07
1.93981e-08 0.000254899 1.64017e-07
1.86911e-08 0.0002549 1.64017e-07
1.93981e-08 0.000254898 1.62685e-07
1.86911e-08 0.000254899 1.62685e-07
1.93981e-08 0.000254898 1.61354e-07
1.86911e-08 0.000254899 1.61354e-07
1.93981e-08 0.000254898 1.60022e-07
1.86911e-08 0.000254899 1.60022e-07
1.93981e-08 0.000254898 1.5869e-07
1.86911e-08 0.000254898 1.5869e-07
1.93981e-08 0.000254897 1.57359e-07
1.86911e-08 0.000254898 1.57359e-07
1.93981e-08 0.000254897 1.56027e-07
1.86911e-08 0.000254898 1.56027e-07
1.93981e-08 0.000254897 1.54695e-07
1.86911e-08 0.000254898 1.54695e-07
1.93981e-08 0.000254896 1.53364e-07
1.86911e-08 0.000254897 1.53364e-07
1.93981e-08 0.000254896 1.52032e-07
1.86911e-08 0.000254897 1.52032e-07
1.93981e-08 0.000254896 1.507e-07
1.86911e-08 0.000254897 1.507e-07
1.93981e-08 0.000254896 1.49369e-07
1.86911e-08 0.000254896 1.49369e-07
1.93981e-08 0.000254895 1.48037e-07
1.86911e-08 0.000254896 1.48037e-07
1.93981e-08 0.000254895 1.46705e-07
1.86911e-08 0.000254896 1.46705e-07
1.93981e-08 0.000254895 1.45374e-07
1.86911e-08 0.000254896 1.45374e-07
1.93981e-08 0.000254894 1.44042e-07
1.86911e-08 0.000254895 1.44042e-07
1.93981e-08 0.000254894 1.4271e-07
1.86911e-08 0.000254895 1.4271e-07
1.93981e-08 0.000254894 1.41379e-07
1.86911e-08 0.000254895 1.41379e-07
1.93981e-08 0.000254894 1.40047e-07
1.86911e-08 0.000254894 1.40047e-07
1.93981e-08 0.000254893 1.38715e-07
1.86911e-08 0.000254894 1.38715e-07
1.93981e-08 0.000254893 1.37384e-07
1.86911e-08 0.000254894 1.37384e-07
1.93981e-08 0.000254893 1.36052e-07
1.86911e-08 0.000254894 1.36052e-07
1.93981e-08 0.000254892 1.3472e-07
1.86911e-08 0.000254893 1.3472e-07
1.93981e-08 0.000254892 1.33389e-07
1.86911e-08 0.000254893 1.33389e-07
1.93981e-08 0.000254892 1.32057e-07
1.86911e-08 0.000254893 1.32057e-07
1.93981e-08 0.000254892 1.30725e-07
1.86911e-08 0.000254892 1.30725e-07
1.93981e-08 0.000254891 1.29394e-07
1.86911e-08 0.000254892 1.29394e-07
1.93981e-08 0.000254891 1.28062e-07
1.86911e-08 0.000254892 1.28062e-07
1.93981e-08 0.000254891 1.2673e-07
1.86911e-08 0.000254892 1.2673e-07
1.93981e-08 0.00025489 1.25399e-07
1.86911e-08 0.000254891 1.25399e-07
1.93981e-08 0.00025489 1.24067e-07
1.86911e-08 0.000254891 1.24067e-07
1.93981e-08 0.00025489 1.22735e-07
1.86911e-08 0.000254891 1.22735e-07
1.93981e-08 0.00025489 1.21404e-07
1.86911e-08 0.00025489 1.21404e-07
1.93981e-08 0.000254889 1.20072e-07
1.86911e-08 0.00025489 1.20072e-07
1.93981e-08 0.000254889 1.1874e-07
1.86911e-08 0.00025489 1.1874e-07
1.93981e-08 0.000254889 1.17409e-07
1.86911e-08 0.00025489 1.17409e-07
1.93981e-08 0.000254888 1.16077e-07
1.86911e-08 0.000254889 1.16077e-07
1.93981e-08 0.000254888 1.14745e-07
1.86911e-08 0.000254889 1.14745e-07
9.85364e-09 0.00025492 2.11957e-07
9.14665e-09 0.000254921 2.11957e-07
9.85364e-09 0.00025492 2.10625e-07
9.14665e-09 0.000254921 2.10625e-07
9.85364e-09 0.00025492 2.09294e-07
9.14665e-09 0.000254921 2.09294e-07
9.85364e-09 0.000254919 2.07962e-07
9.14665e-09 0.00025492 2.07962e-07
9.85364e-09 0.000254919 2.0663e-07
9.14665e-09 0.00025492 2.0663e-07
9.85364e-09 0.000254919 2.05299e-07
9.14665e-09 0.00025492 2.05299e-07
9.85364e-09 0.000254919 2.03967e-07
9.14665e-09 0.000254919 2.03967e-07
9.85364e-09 0.000254918 2.02635e-07
9.14665e-09 0.000254919 2.02635e-07
9.85364e-09 0.000254918 2.01304e-07
9.14665e-09 0.000254919 2.01304e-07
9.85364e-09 0.000254918 1.99972e-07
9.14665e-09 0.000254919 1.99972e-07
9.85364e-09 0.000254917 1.9864e-07
9.14665e-09 0.000254918 1.9864e-07
9.85364e-09 0.000254917 1.97309e-07
9.14665e-09 0.000254918 1.97309e-07
9.85364e-09 0.000254917 1.95977e-07
9.14665e-09 0.000254918 1.95977e-07
9.85364e-09 0.000254917 1.94645e-07
9.14665e-09 0.000254917 1.94645e-07
9.85364e-09 0.000254916 1.93314e-07
9.14665e-09 0.000254917 1.93314e-07
9.85364e-09 0.000254916 1.91982e-07
9.14665e-09 0.000254917 1.91982e-07
9.85364e-09 0.000254916 1.9065e-07
9.14665e-09 0.000254917 1.9065e-07
9.85364e-09 0.000254916 1.89319e-07
9.14665e-09 0.000254916 1.89319e-07
9.85364e-09 0.000254915 1.87987e-07
9.14665e-09 0.000254916 1.87987e-07
9.85364e-09 0.000254915 1.86655e-07
9.14665e-09 0.000254916 1.86655e-07
9.85364e-09 0.000254915 1.85324e-07
9.14665e-09 0.000254915 1.85324e-07
9.85364e-09 0.000254914 1.83992e-07
9.14665e-09 0.000254915 1.83992e-07
9.85364e-09 0.000254914 1.8266e-07
9.14665e-09 0.000254915 1.8266e-07
9.85364e-09 0.000254914 1.81329e-07
9.14665e-09 0.000254915 1.81329e-07
9.85364e-09 0.000254913 1.79997e-07
9.14665e-09 0.000254914 1.79997e-07
9.85364e-09 0.000254913 1.78665e-07
9.14665e-09 0.000254914 1.78665e-07
9.85364e-09 0.000254913 1.77334e-07
9.14665e-09 0.000254914 1.77334e-07
9.85364e-09 0.000254913 1.76002e-07
9.14665e-09 0.000254913 1.76002e-07
9.85364e-09 0.000254912 1.7467e-07
9.14665e-09 0.000254913 1.7467e-07
9.85364e-09 0.000254912 1.73339e-07
9.14665e-09 0.000254913 1.73339e-07
9.85364e-09 0.000254912 1.72007e-07
9.14665e-09 0.000254913 1.72007e-07
9.85364e-09 0.000254912 1.70675e-07
9.14665e-09 0.000254912 1.70675e-07
9.85364e-09 0.000254911 1.69344e-07
9.14665e-09 0.000254912 1.69344e-07
9.85364e-09 0.000254911 1.68012e-07
9.14665e-09 0.000254912 1.68012e-07
9.85364e-09 0.000254911 1.6668e-07
9.14665e-09 0.000254912 1.6668e-07
9.85364e-09 0.00025491 1.65349e-07
9.14665e-09 0.000254911 1.65349e-07
9.85364e-09 0.00025491 1.64017e-07
9.14665e-09 0.000254911 1.64017e-07
9.85364e-09 0.00025491 1.62685e-07
9.14665e-09 0.000254911 1.62685e-07
9.85364e-09 0.00025491 1.61354e-07
9.14665e-09 0.00025491 1.61354e-07
9.85364e-09 0.000254909 1.60022e-07
9.14665e-09 0.00025491 1.60022e-07
9.85364e-09 0.000254909 1.5869e-07
9.14665e-09 0.00025491 1.5869e-07
9.85364e-09 0.000254909 1.57359e-07
9.14665e-09 0.00025491 1.57359e-07
9.85364e-09 0.000254908 1.56027e-07
9.14665e-09 0.000254909 1.56027e-07
9.85364e-09 0.000254908 1.54695e-07
9.14665e-09 0.000254909 1.54695e-07
9.85364e-09 0.000254908 1.53364e-07
9.14665e-09 0.000254909 1.53364e-07
9.85364e-09 0.000254908 1.52032e-07
9.14665e-09 0.000254908 1.52032e-07
9.85364e-09 0.000254907 1.507e-07
9.14665e-09 0.000254908 1.507e-07
9.85364e-09 0.000254907 1.49369e-07
9.14665e-09 0.000254908 1.49369e-07
9.85364e-09 0.000254907 1.48037e-07
9.14665e-09 0.000254908 1.48037e-07
9.85364e-09 0.000254906 1.46705e-07
9.14665e-09 0.000254907 1.46705e-07
9.85364e-09 0.000254906 1.45374e-07
9.14665e-09 0.000254907 1.45374e-07
9.85364e-09 0.000254906 1.44042e-07
9.14665e-09 0.000254907 1.44042e-07
9.85364e-09 0.000254906 1.4271e-07
9.14665e-09 0.000254906 1.4271e-07
9.85364e-09 0.000254905 1.41379e-07
9.14665e-09 0.000254906 1.41379e-07
9.85364e-09 0.000254905 1.40047e-07
9.14665e-09 0.000254906 1.40047e-07
9.85364e-09 0.000254905 1.38715e-07
9.14665e-09 0.000254906 1.38715e-07
9.85364e-09 0.000254904 1.37384e-07
9.14665e-09 0.000254905 1.37384e-07
9.85364e-09 0.000254904 1.36052e-07
9.14665e-09 0.000254905 1.36052e-07
9.85364e-09 0.000254904 1.3472e-07
9.14665e-09 0.000254905 1.3472e-07
9.85364e-09 0.000254904 1.33389e-07
9.14665e-09 0.000254904 1.33389e-07
9.85364e-09 0.000254903 1.32057e-07
9.14665e-09 0.000254904 1.32057e-07
9.85364e-09 0.000254903 1.30725e-07
9.14665e-09 0.000254904 1.30725e-07
9.85364e-09 0.000254903 1.29394e-07
9.14665e-09 0.000254904 1.29394e-07
9.85364e-09 0.000254902 1.28062e-07
9.14665e-09 0.000254903 1.28062e-07
9.85364e-09 0.000254902 1.2673e-07
9.14665e-09 0.000254903 1.2673e-07
9.85364e-09 0.000254902 1.25399e-07
9.14665e-09 0.000254903 1.25399e-07
9.85364e-09 0.000254902 1.24067e-07
9.14665e-09 0.000254902 1.24067e-07
9.85364e-09 0.000254901 1.22735e-07
9.14665e-09 0.000254902 1.22735e-07
9.85364e-09 0.000254901 1.21404e-07
9.14665e-09 0.000254902 1.21404e-07
9.85364e-09 0.000254901 1.20072e-07
9.14665e-09 0.000254902 1.20072e-07
9.85364e-09 0.0002549 1.1874e-07
9.14665e-09 0.000254901 1.1874e-07
9.85364e-09 0.0002549 1.17409e-07
9.14665e-09 0.000254901 1.17409e-07
9.85364e-09 0.0002549 1.16077e-07
9.14665e-09 0.000254901 1.16077e-07
9.85364e-09 0.0002549 1.14745e-07
9.14665e-09 0.0002549 1.14745e-07
