1.43857e-07 0.00412665 4.48322e-06
1.43857e-07 0.00412631 2.61958e-06
3.1328e-07 0.00412635 4.48322e-06
3.1328e-07 0.00412602 2.61958e-06
1.43857e-07 0.00412665 4.4577e-06
1.43857e-07 0.00412664 4.43217e-06
1.43857e-07 0.00412664 4.40664e-06
1.43857e-07 0.00412663 4.38111e-06
1.43857e-07 0.00412663 4.35558e-06
1.43857e-07 0.00412662 4.33005e-06
1.43857e-07 0.00412662 4.30452e-06
1.43857e-07 0.00412662 4.27899e-06
1.43857e-07 0.00412661 4.25346e-06
1.43857e-07 0.00412661 4.22793e-06
1.43857e-07 0.0041266 4.2024e-06
1.43857e-07 0.0041266 4.17687e-06
1.43857e-07 0.00412659 4.15134e-06
1.43857e-07 0.00412659 4.12581e-06
1.43857e-07 0.00412658 4.10028e-06
1.43857e-07 0.00412658 4.07475e-06
1.43857e-07 0.00412657 4.04922e-06
1.43857e-07 0.00412657 4.0237e-06
1.43857e-07 0.00412656 3.99817e-06
1.43857e-07 0.00412656 3.97264e-06
1.43857e-07 0.00412656 3.94711e-06
1.43857e-07 0.00412655 3.92158e-06
1.43857e-07 0.00412655 3.89605e-06
1.43857e-07 0.00412654 3.87052e-06
1.43857e-07 0.00412654 3.84499e-06
1.43857e-07 0.00412653 3.81946e-06
1.43857e-07 0.00412653 3.79393e-06
1.43857e-07 0.00412652 3.7684e-06
1.43857e-07 0.00412652 3.74287e-06
1.43857e-07 0.00412651 3.71734e-06
1.43857e-07 0.00412651 3.69181e-06
1.43857e-07 0.0041265 3.66628e-06
1.43857e-07 0.0041265 3.64075e-06
1.43857e-07 0.0041265 3.61522e-06
1.43857e-07 0.00412649 3.58969e-06
1.43857e-07 0.00412649 3.56417e-06
1.43857e-07 0.00412648 3.53864e-06
1.43857e-07 0.00412648 3.51311e-06
1.43857e-07 0.00412647 3.48758e-06
1.43857e-07 0.00412647 3.46205e-06
1.43857e-07 0.00412646 3.43652e-06
1.43857e-07 0.00412646 3.41099e-06
1.43857e-07 0.00412645 3.38546e-06
1.43857e-07 0.00412645 3.35993e-06
1.43857e-07 0.00412644 3.3344e-06
1.43857e-07 0.00412644 3.30887e-06
1.43857e-07 0.00412644 3.28334e-06
1.43857e-07 0.00412643 3.25781e-06
1.43857e-07 0.00412643 3.23228e-06
1.43857e-07 0.00412642 3.20675e-06
1.43857e-07 0.00412642 3.18122e-06
1.43857e-07 0.00412641 3.15569e-06
1.43857e-07 0.00412641 3.13016e-06
1.43857e-07 0.0041264 3.10463e-06
1.43857e-07 0.0041264 3.07911e-06
1.43857e-07 0.00412639 3.05358e-06
1.43857e-07 0.00412639 3.02805e-06
1.43857e-07 0.00412638 3.00252e-06
1.43857e-07 0.00412638 2.97699e-06
1.43857e-07 0.00412637 2.95146e-06
1.43857e-07 0.00412637 2.92593e-06
1.43857e-07 0.00412637 2.9004e-06
1.43857e-07 0.00412636 2.87487e-06
1.43857e-07 0.00412636 2.84934e-06
1.43857e-07 0.00412635 2.82381e-06
1.43857e-07 0.00412635 2.79828e-06
1.43857e-07 0.00412634 2.77275e-06
1.43857e-07 0.00412634 2.74722e-06
1.43857e-07 0.00412633 2.72169e-06
1.43857e-07 0.00412633 2.69616e-06
1.43857e-07 0.00412632 2.67063e-06
1.43857e-07 0.00412632 2.64511e-06
1.6806e-07 0.00412627 2.61958e-06
1.92264e-07 0.00412623 2.61958e-06
2.16467e-07 0.00412619 2.61958e-06
2.4067e-07 0.00412614 2.61958e-06
2.64873e-07 0.0041261 2.61958e-06
2.89077e-07 0.00412606 2.61958e-06
1.6806e-07 0.00412661 4.48322e-06
1.92264e-07 0.00412657 4.48322e-06
2.16467e-07 0.00412652 4.48322e-06
2.4067e-07 0.00412648 4.48322e-06
2.64873e-07 0.00412644 4.48322e-06
2.89077e-07 0.0041264 4.48322e-06
3.1328e-07 0.00412602 2.64511e-06
3.1328e-07 0.00412602 2.67063e-06
3.1328e-07 0.00412603 2.69616e-06
3.1328e-07 0.00412603 2.72169e-06
3.1328e-07 0.00412604 2.74722e-06
3.1328e-07 0.00412604 2.77275e-06
3.1328e-07 0.00412605 2.79828e-06
3.1328e-07 0.00412605 2.82381e-06
3.1328e-07 0.00412606 2.84934e-06
3.1328e-07 0.00412606 2.87487e-06
3.1328e-07 0.00412607 2.9004e-06
3.1328e-07 0.00412607 2.92593e-06
3.1328e-07 0.00412608 2.95146e-06
3.1328e-07 0.00412608 2.97699e-06
3.1328e-07 0.00412608 3.00252e-06
3.1328e-07 0.00412609 3.02805e-06
3.1328e-07 0.00412609 3.05358e-06
3.1328e-07 0.0041261 3.07911e-06
3.1328e-07 0.0041261 3.10463e-06
3.1328e-07 0.00412611 3.13016e-06
3.1328e-07 0.00412611 3.15569e-06
3.1328e-07 0.00412612 3.18122e-06
3.1328e-07 0.00412612 3.20675e-06
3.1328e-07 0.00412613 3.23228e-06
3.1328e-07 0.00412613 3.25781e-06
3.1328e-07 0.00412614 3.28334e-06
3.1328e-07 0.00412614 3.30887e-06
3.1328e-07 0.00412615 3.3344e-06
3.1328e-07 0.00412615 3.35993e-06
3.1328e-07 0.00412615 3.38546e-06
3.1328e-07 0.00412616 3.41099e-06
3.1328e-07 0.00412616 3.43652e-06
3.1328e-07 0.00412617 3.46205e-06
3.1328e-07 0.00412617 3.48758e-06
3.1328e-07 0.00412618 3.51311e-06
3.1328e-07 0.00412618 3.53864e-06
3.1328e-07 0.00412619 3.56417e-06
3.1328e-07 0.00412619 3.58969e-06
3.1328e-07 0.0041262 3.61522e-06
3.1328e-07 0.0041262 3.64075e-06
3.1328e-07 0.00412621 3.66628e-06
3.1328e-07 0.00412621 3.69181e-06
3.1328e-07 0.00412621 3.71734e-06
3.1328e-07 0.00412622 3.74287e-06
3.1328e-07 0.00412622 3.7684e-06
3.1328e-07 0.00412623 3.79393e-06
3.1328e-07 0.00412623 3.81946e-06
3.1328e-07 0.00412624 3.84499e-06
3.1328e-07 0.00412624 3.87052e-06
3.1328e-07 0.00412625 3.89605e-06
3.1328e-07 0.00412625 3.92158e-06
3.1328e-07 0.00412626 3.94711e-06
3.1328e-07 0.00412626 3.97264e-06
3.1328e-07 0.00412627 3.99817e-06
3.1328e-07 0.00412627 4.0237e-06
3.1328e-07 0.00412627 4.04922e-06
3.1328e-07 0.00412628 4.07475e-06
3.1328e-07 0.00412628 4.10028e-06
3.1328e-07 0.00412629 4.12581e-06
3.1328e-07 0.00412629 4.15134e-06
3.1328e-07 0.0041263 4.17687e-06
3.1328e-07 0.0041263 4.2024e-06
3.1328e-07 0.00412631 4.22793e-06
3.1328e-07 0.00412631 4.25346e-06
3.1328e-07 0.00412632 4.27899e-06
3.1328e-07 0.00412632 4.30452e-06
3.1328e-07 0.00412633 4.33005e-06
3.1328e-07 0.00412633 4.35558e-06
3.1328e-07 0.00412634 4.38111e-06
3.1328e-07 0.00412634 4.40664e-06
3.1328e-07 0.00412634 4.43217e-06
3.1328e-07 0.00412635 4.4577e-06
1.6806e-07 0.00412628 2.64511e-06
1.6806e-07 0.00412628 2.67063e-06
1.6806e-07 0.00412629 2.69616e-06
1.6806e-07 0.00412629 2.72169e-06
1.6806e-07 0.00412629 2.74722e-06
1.6806e-07 0.0041263 2.77275e-06
1.6806e-07 0.0041263 2.79828e-06
1.6806e-07 0.00412631 2.82381e-06
1.6806e-07 0.00412631 2.84934e-06
1.6806e-07 0.00412632 2.87487e-06
1.6806e-07 0.00412632 2.9004e-06
1.6806e-07 0.00412633 2.92593e-06
1.6806e-07 0.00412633 2.95146e-06
1.6806e-07 0.00412634 2.97699e-06
1.6806e-07 0.00412634 3.00252e-06
1.6806e-07 0.00412635 3.02805e-06
1.6806e-07 0.00412635 3.05358e-06
1.6806e-07 0.00412636 3.07911e-06
1.6806e-07 0.00412636 3.10463e-06
1.6806e-07 0.00412636 3.13016e-06
1.6806e-07 0.00412637 3.15569e-06
1.6806e-07 0.00412637 3.18122e-06
1.6806e-07 0.00412638 3.20675e-06
1.6806e-07 0.00412638 3.23228e-06
1.6806e-07 0.00412639 3.25781e-06
1.6806e-07 0.00412639 3.28334e-06
1.6806e-07 0.0041264 3.30887e-06
1.6806e-07 0.0041264 3.3344e-06
1.6806e-07 0.00412641 3.35993e-06
1.6806e-07 0.00412641 3.38546e-06
1.6806e-07 0.00412642 3.41099e-06
1.6806e-07 0.00412642 3.43652e-06
1.6806e-07 0.00412642 3.46205e-06
1.6806e-07 0.00412643 3.48758e-06
1.6806e-07 0.00412643 3.51311e-06
1.6806e-07 0.00412644 3.53864e-06
1.6806e-07 0.00412644 3.56417e-06
1.6806e-07 0.00412645 3.58969e-06
1.6806e-07 0.00412645 3.61522e-06
1.6806e-07 0.00412646 3.64075e-06
1.6806e-07 0.00412646 3.66628e-06
1.6806e-07 0.00412647 3.69181e-06
1.6806e-07 0.00412647 3.71734e-06
1.6806e-07 0.00412648 3.74287e-06
1.6806e-07 0.00412648 3.7684e-06
1.6806e-07 0.00412648 3.79393e-06
1.6806e-07 0.00412649 3.81946e-06
1.6806e-07 0.00412649 3.84499e-06
1.6806e-07 0.0041265 3.87052e-06
1.6806e-07 0.0041265 3.89605e-06
1.6806e-07 0.00412651 3.92158e-06
1.6806e-07 0.00412651 3.94711e-06
1.6806e-07 0.00412652 3.97264e-06
1.6806e-07 0.00412652 3.99817e-06
1.6806e-07 0.00412653 4.0237e-06
1.6806e-07 0.00412653 4.04922e-06
1.6806e-07 0.00412654 4.07475e-06
1.6806e-07 0.00412654 4.10028e-06
1.6806e-07 0.00412655 4.12581e-06
1.6806e-07 0.00412655 4.15134e-06
1.6806e-07 0.00412655 4.17687e-06
1.6806e-07 0.00412656 4.2024e-06
1.6806e-07 0.00412656 4.22793e-06
1.6806e-07 0.00412657 4.25346e-06
1.6806e-07 0.00412657 4.27899e-06
1.6806e-07 0.00412658 4.30452e-06
1.6806e-07 0.00412658 4.33005e-06
1.6806e-07 0.00412659 4.35558e-06
1.6806e-07 0.00412659 4.38111e-06
1.6806e-07 0.0041266 4.40664e-06
1.6806e-07 0.0041266 4.43217e-06
1.6806e-07 0.00412661 4.4577e-06
1.92264e-07 0.00412623 2.64511e-06
1.92264e-07 0.00412624 2.67063e-06
1.92264e-07 0.00412624 2.69616e-06
1.92264e-07 0.00412625 2.72169e-06
1.92264e-07 0.00412625 2.74722e-06
1.92264e-07 0.00412626 2.77275e-06
1.92264e-07 0.00412626 2.79828e-06
1.92264e-07 0.00412627 2.82381e-06
1.92264e-07 0.00412627 2.84934e-06
1.92264e-07 0.00412628 2.87487e-06
1.92264e-07 0.00412628 2.9004e-06
1.92264e-07 0.00412628 2.92593e-06
1.92264e-07 0.00412629 2.95146e-06
1.92264e-07 0.00412629 2.97699e-06
1.92264e-07 0.0041263 3.00252e-06
1.92264e-07 0.0041263 3.02805e-06
1.92264e-07 0.00412631 3.05358e-06
1.92264e-07 0.00412631 3.07911e-06
1.92264e-07 0.00412632 3.10463e-06
1.92264e-07 0.00412632 3.13016e-06
1.92264e-07 0.00412633 3.15569e-06
1.92264e-07 0.00412633 3.18122e-06
1.92264e-07 0.00412634 3.20675e-06
1.92264e-07 0.00412634 3.23228e-06
1.92264e-07 0.00412634 3.25781e-06
1.92264e-07 0.00412635 3.28334e-06
1.92264e-07 0.00412635 3.30887e-06
1.92264e-07 0.00412636 3.3344e-06
1.92264e-07 0.00412636 3.35993e-06
1.92264e-07 0.00412637 3.38546e-06
1.92264e-07 0.00412637 3.41099e-06
1.92264e-07 0.00412638 3.43652e-06
1.92264e-07 0.00412638 3.46205e-06
1.92264e-07 0.00412639 3.48758e-06
1.92264e-07 0.00412639 3.51311e-06
1.92264e-07 0.0041264 3.53864e-06
1.92264e-07 0.0041264 3.56417e-06
1.92264e-07 0.0041264 3.58969e-06
1.92264e-07 0.00412641 3.61522e-06
1.92264e-07 0.00412641 3.64075e-06
1.92264e-07 0.00412642 3.66628e-06
1.92264e-07 0.00412642 3.69181e-06
1.92264e-07 0.00412643 3.71734e-06
1.92264e-07 0.00412643 3.74287e-06
1.92264e-07 0.00412644 3.7684e-06
1.92264e-07 0.00412644 3.79393e-06
1.92264e-07 0.00412645 3.81946e-06
1.92264e-07 0.00412645 3.84499e-06
1.92264e-07 0.00412646 3.87052e-06
1.92264e-07 0.00412646 3.89605e-06
1.92264e-07 0.00412647 3.92158e-06
1.92264e-07 0.00412647 3.94711e-06
1.92264e-07 0.00412647 3.97264e-06
1.92264e-07 0.00412648 3.99817e-06
1.92264e-07 0.00412648 4.0237e-06
1.92264e-07 0.00412649 4.04922e-06
1.92264e-07 0.00412649 4.07475e-06
1.92264e-07 0.0041265 4.10028e-06
1.92264e-07 0.0041265 4.12581e-06
1.92264e-07 0.00412651 4.15134e-06
1.92264e-07 0.00412651 4.17687e-06
1.92264e-07 0.00412652 4.2024e-06
1.92264e-07 0.00412652 4.22793e-06
1.92264e-07 0.00412653 4.25346e-06
1.92264e-07 0.00412653 4.27899e-06
1.92264e-07 0.00412653 4.30452e-06
1.92264e-07 0.00412654 4.33005e-06
1.92264e-07 0.00412654 4.35558e-06
1.92264e-07 0.00412655 4.38111e-06
1.92264e-07 0.00412655 4.40664e-06
1.92264e-07 0.00412656 4.43217e-06
1.92264e-07 0.00412656 4.4577e-06
2.16467e-07 0.00412619 2.64511e-06
2.16467e-07 0.0041262 2.67063e-06
2.16467e-07 0.0041262 2.69616e-06
2.16467e-07 0.0041262 2.72169e-06
2.16467e-07 0.00412621 2.74722e-06
2.16467e-07 0.00412621 2.77275e-06
2.16467e-07 0.00412622 2.79828e-06
2.16467e-07 0.00412622 2.82381e-06
2.16467e-07 0.00412623 2.84934e-06
2.16467e-07 0.00412623 2.87487e-06
2.16467e-07 0.00412624 2.9004e-06
2.16467e-07 0.00412624 2.92593e-06
2.16467e-07 0.00412625 2.95146e-06
2.16467e-07 0.00412625 2.97699e-06
2.16467e-07 0.00412626 3.00252e-06
2.16467e-07 0.00412626 3.02805e-06
2.16467e-07 0.00412627 3.05358e-06
2.16467e-07 0.00412627 3.07911e-06
2.16467e-07 0.00412627 3.10463e-06
2.16467e-07 0.00412628 3.13016e-06
2.16467e-07 0.00412628 3.15569e-06
2.16467e-07 0.00412629 3.18122e-06
2.16467e-07 0.00412629 3.20675e-06
2.16467e-07 0.0041263 3.23228e-06
2.16467e-07 0.0041263 3.25781e-06
2.16467e-07 0.00412631 3.28334e-06
2.16467e-07 0.00412631 3.30887e-06
2.16467e-07 0.00412632 3.3344e-06
2.16467e-07 0.00412632 3.35993e-06
2.16467e-07 0.00412633 3.38546e-06
2.16467e-07 0.00412633 3.41099e-06
2.16467e-07 0.00412633 3.43652e-06
2.16467e-07 0.00412634 3.46205e-06
2.16467e-07 0.00412634 3.48758e-06
2.16467e-07 0.00412635 3.51311e-06
2.16467e-07 0.00412635 3.53864e-06
2.16467e-07 0.00412636 3.56417e-06
2.16467e-07 0.00412636 3.58969e-06
2.16467e-07 0.00412637 3.61522e-06
2.16467e-07 0.00412637 3.64075e-06
2.16467e-07 0.00412638 3.66628e-06
2.16467e-07 0.00412638 3.69181e-06
2.16467e-07 0.00412639 3.71734e-06
2.16467e-07 0.00412639 3.74287e-06
2.16467e-07 0.00412639 3.7684e-06
2.16467e-07 0.0041264 3.79393e-06
2.16467e-07 0.0041264 3.81946e-06
2.16467e-07 0.00412641 3.84499e-06
2.16467e-07 0.00412641 3.87052e-06
2.16467e-07 0.00412642 3.89605e-06
2.16467e-07 0.00412642 3.92158e-06
2.16467e-07 0.00412643 3.94711e-06
2.16467e-07 0.00412643 3.97264e-06
2.16467e-07 0.00412644 3.99817e-06
2.16467e-07 0.00412644 4.0237e-06
2.16467e-07 0.00412645 4.04922e-06
2.16467e-07 0.00412645 4.07475e-06
2.16467e-07 0.00412646 4.10028e-06
2.16467e-07 0.00412646 4.12581e-06
2.16467e-07 0.00412646 4.15134e-06
2.16467e-07 0.00412647 4.17687e-06
2.16467e-07 0.00412647 4.2024e-06
2.16467e-07 0.00412648 4.22793e-06
2.16467e-07 0.00412648 4.25346e-06
2.16467e-07 0.00412649 4.27899e-06
2.16467e-07 0.00412649 4.30452e-06
2.16467e-07 0.0041265 4.33005e-06
2.16467e-07 0.0041265 4.35558e-06
2.16467e-07 0.00412651 4.38111e-06
2.16467e-07 0.00412651 4.40664e-06
2.16467e-07 0.00412652 4.43217e-06
2.16467e-07 0.00412652 4.4577e-06
2.4067e-07 0.00412615 2.64511e-06
2.4067e-07 0.00412615 2.67063e-06
2.4067e-07 0.00412616 2.69616e-06
2.4067e-07 0.00412616 2.72169e-06
2.4067e-07 0.00412617 2.74722e-06
2.4067e-07 0.00412617 2.77275e-06
2.4067e-07 0.00412618 2.79828e-06
2.4067e-07 0.00412618 2.82381e-06
2.4067e-07 0.00412619 2.84934e-06
2.4067e-07 0.00412619 2.87487e-06
2.4067e-07 0.00412619 2.9004e-06
2.4067e-07 0.0041262 2.92593e-06
2.4067e-07 0.0041262 2.95146e-06
2.4067e-07 0.00412621 2.97699e-06
2.4067e-07 0.00412621 3.00252e-06
2.4067e-07 0.00412622 3.02805e-06
2.4067e-07 0.00412622 3.05358e-06
2.4067e-07 0.00412623 3.07911e-06
2.4067e-07 0.00412623 3.10463e-06
2.4067e-07 0.00412624 3.13016e-06
2.4067e-07 0.00412624 3.15569e-06
2.4067e-07 0.00412625 3.18122e-06
2.4067e-07 0.00412625 3.20675e-06
2.4067e-07 0.00412625 3.23228e-06
2.4067e-07 0.00412626 3.25781e-06
2.4067e-07 0.00412626 3.28334e-06
2.4067e-07 0.00412627 3.30887e-06
2.4067e-07 0.00412627 3.3344e-06
2.4067e-07 0.00412628 3.35993e-06
2.4067e-07 0.00412628 3.38546e-06
2.4067e-07 0.00412629 3.41099e-06
2.4067e-07 0.00412629 3.43652e-06
2.4067e-07 0.0041263 3.46205e-06
2.4067e-07 0.0041263 3.48758e-06
2.4067e-07 0.00412631 3.51311e-06
2.4067e-07 0.00412631 3.53864e-06
2.4067e-07 0.00412632 3.56417e-06
2.4067e-07 0.00412632 3.58969e-06
2.4067e-07 0.00412632 3.61522e-06
2.4067e-07 0.00412633 3.64075e-06
2.4067e-07 0.00412633 3.66628e-06
2.4067e-07 0.00412634 3.69181e-06
2.4067e-07 0.00412634 3.71734e-06
2.4067e-07 0.00412635 3.74287e-06
2.4067e-07 0.00412635 3.7684e-06
2.4067e-07 0.00412636 3.79393e-06
2.4067e-07 0.00412636 3.81946e-06
2.4067e-07 0.00412637 3.84499e-06
2.4067e-07 0.00412637 3.87052e-06
2.4067e-07 0.00412638 3.89605e-06
2.4067e-07 0.00412638 3.92158e-06
2.4067e-07 0.00412638 3.94711e-06
2.4067e-07 0.00412639 3.97264e-06
2.4067e-07 0.00412639 3.99817e-06
2.4067e-07 0.0041264 4.0237e-06
2.4067e-07 0.0041264 4.04922e-06
2.4067e-07 0.00412641 4.07475e-06
2.4067e-07 0.00412641 4.10028e-06
2.4067e-07 0.00412642 4.12581e-06
2.4067e-07 0.00412642 4.15134e-06
2.4067e-07 0.00412643 4.17687e-06
2.4067e-07 0.00412643 4.2024e-06
2.4067e-07 0.00412644 4.22793e-06
2.4067e-07 0.00412644 4.25346e-06
2.4067e-07 0.00412644 4.27899e-06
2.4067e-07 0.00412645 4.30452e-06
2.4067e-07 0.00412645 4.33005e-06
2.4067e-07 0.00412646 4.35558e-06
2.4067e-07 0.00412646 4.38111e-06
2.4067e-07 0.00412647 4.40664e-06
2.4067e-07 0.00412647 4.43217e-06
2.4067e-07 0.00412648 4.4577e-06
2.64873e-07 0.00412611 2.64511e-06
2.64873e-07 0.00412611 2.67063e-06
2.64873e-07 0.00412611 2.69616e-06
2.64873e-07 0.00412612 2.72169e-06
2.64873e-07 0.00412612 2.74722e-06
2.64873e-07 0.00412613 2.77275e-06
2.64873e-07 0.00412613 2.79828e-06
2.64873e-07 0.00412614 2.82381e-06
2.64873e-07 0.00412614 2.84934e-06
2.64873e-07 0.00412615 2.87487e-06
2.64873e-07 0.00412615 2.9004e-06
2.64873e-07 0.00412616 2.92593e-06
2.64873e-07 0.00412616 2.95146e-06
2.64873e-07 0.00412617 2.97699e-06
2.64873e-07 0.00412617 3.00252e-06
2.64873e-07 0.00412617 3.02805e-06
2.64873e-07 0.00412618 3.05358e-06
2.64873e-07 0.00412618 3.07911e-06
2.64873e-07 0.00412619 3.10463e-06
2.64873e-07 0.00412619 3.13016e-06
2.64873e-07 0.0041262 3.15569e-06
2.64873e-07 0.0041262 3.18122e-06
2.64873e-07 0.00412621 3.20675e-06
2.64873e-07 0.00412621 3.23228e-06
2.64873e-07 0.00412622 3.25781e-06
2.64873e-07 0.00412622 3.28334e-06
2.64873e-07 0.00412623 3.30887e-06
2.64873e-07 0.00412623 3.3344e-06
2.64873e-07 0.00412624 3.35993e-06
2.64873e-07 0.00412624 3.38546e-06
2.64873e-07 0.00412624 3.41099e-06
2.64873e-07 0.00412625 3.43652e-06
2.64873e-07 0.00412625 3.46205e-06
2.64873e-07 0.00412626 3.48758e-06
2.64873e-07 0.00412626 3.51311e-06
2.64873e-07 0.00412627 3.53864e-06
2.64873e-07 0.00412627 3.56417e-06
2.64873e-07 0.00412628 3.58969e-06
2.64873e-07 0.00412628 3.61522e-06
2.64873e-07 0.00412629 3.64075e-06
2.64873e-07 0.00412629 3.66628e-06
2.64873e-07 0.0041263 3.69181e-06
2.64873e-07 0.0041263 3.71734e-06
2.64873e-07 0.0041263 3.74287e-06
2.64873e-07 0.00412631 3.7684e-06
2.64873e-07 0.00412631 3.79393e-06
2.64873e-07 0.00412632 3.81946e-06
2.64873e-07 0.00412632 3.84499e-06
2.64873e-07 0.00412633 3.87052e-06
2.64873e-07 0.00412633 3.89605e-06
2.64873e-07 0.00412634 3.92158e-06
2.64873e-07 0.00412634 3.94711e-06
2.64873e-07 0.00412635 3.97264e-06
2.64873e-07 0.00412635 3.99817e-06
2.64873e-07 0.00412636 4.0237e-06
2.64873e-07 0.00412636 4.04922e-06
2.64873e-07 0.00412636 4.07475e-06
2.64873e-07 0.00412637 4.10028e-06
2.64873e-07 0.00412637 4.12581e-06
2.64873e-07 0.00412638 4.15134e-06
2.64873e-07 0.00412638 4.17687e-06
2.64873e-07 0.00412639 4.2024e-06
2.64873e-07 0.00412639 4.22793e-06
2.64873e-07 0.0041264 4.25346e-06
2.64873e-07 0.0041264 4.27899e-06
2.64873e-07 0.00412641 4.30452e-06
2.64873e-07 0.00412641 4.33005e-06
2.64873e-07 0.00412642 4.35558e-06
2.64873e-07 0.00412642 4.38111e-06
2.64873e-07 0.00412642 4.40664e-06
2.64873e-07 0.00412643 4.43217e-06
2.64873e-07 0.00412643 4.4577e-06
2.89077e-07 0.00412606 2.64511e-06
2.89077e-07 0.00412607 2.67063e-06
2.89077e-07 0.00412607 2.69616e-06
2.89077e-07 0.00412608 2.72169e-06
2.89077e-07 0.00412608 2.74722e-06
2.89077e-07 0.00412609 2.77275e-06
2.89077e-07 0.00412609 2.79828e-06
2.89077e-07 0.0041261 2.82381e-06
2.89077e-07 0.0041261 2.84934e-06
2.89077e-07 0.0041261 2.87487e-06
2.89077e-07 0.00412611 2.9004e-06
2.89077e-07 0.00412611 2.92593e-06
2.89077e-07 0.00412612 2.95146e-06
2.89077e-07 0.00412612 2.97699e-06
2.89077e-07 0.00412613 3.00252e-06
2.89077e-07 0.00412613 3.02805e-06
2.89077e-07 0.00412614 3.05358e-06
2.89077e-07 0.00412614 3.07911e-06
2.89077e-07 0.00412615 3.10463e-06
2.89077e-07 0.00412615 3.13016e-06
2.89077e-07 0.00412616 3.15569e-06
2.89077e-07 0.00412616 3.18122e-06
2.89077e-07 0.00412616 3.20675e-06
2.89077e-07 0.00412617 3.23228e-06
2.89077e-07 0.00412617 3.25781e-06
2.89077e-07 0.00412618 3.28334e-06
2.89077e-07 0.00412618 3.30887e-06
2.89077e-07 0.00412619 3.3344e-06
2.89077e-07 0.00412619 3.35993e-06
2.89077e-07 0.0041262 3.38546e-06
2.89077e-07 0.0041262 3.41099e-06
2.89077e-07 0.00412621 3.43652e-06
2.89077e-07 0.00412621 3.46205e-06
2.89077e-07 0.00412622 3.48758e-06
2.89077e-07 0.00412622 3.51311e-06
2.89077e-07 0.00412622 3.53864e-06
2.89077e-07 0.00412623 3.56417e-06
2.89077e-07 0.00412623 3.58969e-06
2.89077e-07 0.00412624 3.61522e-06
2.89077e-07 0.00412624 3.64075e-06
2.89077e-07 0.00412625 3.66628e-06
2.89077e-07 0.00412625 3.69181e-06
2.89077e-07 0.00412626 3.71734e-06
2.89077e-07 0.00412626 3.74287e-06
2.89077e-07 0.00412627 3.7684e-06
2.89077e-07 0.00412627 3.79393e-06
2.89077e-07 0.00412628 3.81946e-06
2.89077e-07 0.00412628 3.84499e-06
2.89077e-07 0.00412629 3.87052e-06
2.89077e-07 0.00412629 3.89605e-06
2.89077e-07 0.00412629 3.92158e-06
2.89077e-07 0.0041263 3.94711e-06
2.89077e-07 0.0041263 3.97264e-06
2.89077e-07 0.00412631 3.99817e-06
2.89077e-07 0.00412631 4.0237e-06
2.89077e-07 0.00412632 4.04922e-06
2.89077e-07 0.00412632 4.07475e-06
2.89077e-07 0.00412633 4.10028e-06
2.89077e-07 0.00412633 4.12581e-06
2.89077e-07 0.00412634 4.15134e-06
2.89077e-07 0.00412634 4.17687e-06
2.89077e-07 0.00412635 4.2024e-06
2.89077e-07 0.00412635 4.22793e-06
2.89077e-07 0.00412635 4.25346e-06
2.89077e-07 0.00412636 4.27899e-06
2.89077e-07 0.00412636 4.30452e-06
2.89077e-07 0.00412637 4.33005e-06
2.89077e-07 0.00412637 4.35558e-06
2.89077e-07 0.00412638 4.38111e-06
2.89077e-07 0.00412638 4.40664e-06
2.89077e-07 0.00412639 4.43217e-06
2.89077e-07 0.00412639 4.4577e-06
3.26834e-07 0.00412633 4.48322e-06
3.1328e-07 0.00412635 4.48322e-06
3.26834e-07 0.00412632 4.4577e-06
3.1328e-07 0.00412635 4.4577e-06
3.26834e-07 0.00412632 4.43217e-06
3.1328e-07 0.00412634 4.43217e-06
3.26834e-07 0.00412632 4.40664e-06
3.1328e-07 0.00412634 4.40664e-06
3.26834e-07 0.00412631 4.38111e-06
3.1328e-07 0.00412634 4.38111e-06
3.26834e-07 0.00412631 4.35558e-06
3.1328e-07 0.00412633 4.35558e-06
3.26834e-07 0.0041263 4.33005e-06
3.1328e-07 0.00412633 4.33005e-06
3.26834e-07 0.0041263 4.30452e-06
3.1328e-07 0.00412632 4.30452e-06
3.26834e-07 0.00412629 4.27899e-06
3.1328e-07 0.00412632 4.27899e-06
3.26834e-07 0.00412629 4.25346e-06
3.1328e-07 0.00412631 4.25346e-06
3.26834e-07 0.00412628 4.22793e-06
3.1328e-07 0.00412631 4.22793e-06
3.26834e-07 0.00412628 4.2024e-06
3.1328e-07 0.0041263 4.2024e-06
3.26834e-07 0.00412627 4.17687e-06
3.1328e-07 0.0041263 4.17687e-06
3.26834e-07 0.00412627 4.15134e-06
3.1328e-07 0.00412629 4.15134e-06
3.26834e-07 0.00412626 4.12581e-06
3.1328e-07 0.00412629 4.12581e-06
3.26834e-07 0.00412626 4.10028e-06
3.1328e-07 0.00412628 4.10028e-06
3.26834e-07 0.00412626 4.07475e-06
3.1328e-07 0.00412628 4.07475e-06
3.26834e-07 0.00412625 4.04922e-06
3.1328e-07 0.00412627 4.04922e-06
3.26834e-07 0.00412625 4.0237e-06
3.1328e-07 0.00412627 4.0237e-06
3.26834e-07 0.00412624 3.99817e-06
3.1328e-07 0.00412627 3.99817e-06
3.26834e-07 0.00412624 3.97264e-06
3.1328e-07 0.00412626 3.97264e-06
3.26834e-07 0.00412623 3.94711e-06
3.1328e-07 0.00412626 3.94711e-06
3.26834e-07 0.00412623 3.92158e-06
3.1328e-07 0.00412625 3.92158e-06
3.26834e-07 0.00412622 3.89605e-06
3.1328e-07 0.00412625 3.89605e-06
3.26834e-07 0.00412622 3.87052e-06
3.1328e-07 0.00412624 3.87052e-06
3.26834e-07 0.00412621 3.84499e-06
3.1328e-07 0.00412624 3.84499e-06
3.26834e-07 0.00412621 3.81946e-06
3.1328e-07 0.00412623 3.81946e-06
3.26834e-07 0.0041262 3.79393e-06
3.1328e-07 0.00412623 3.79393e-06
3.26834e-07 0.0041262 3.7684e-06
3.1328e-07 0.00412622 3.7684e-06
3.26834e-07 0.0041262 3.74287e-06
3.1328e-07 0.00412622 3.74287e-06
3.26834e-07 0.00412619 3.71734e-06
3.1328e-07 0.00412621 3.71734e-06
3.26834e-07 0.00412619 3.69181e-06
3.1328e-07 0.00412621 3.69181e-06
3.26834e-07 0.00412618 3.66628e-06
3.1328e-07 0.00412621 3.66628e-06
3.26834e-07 0.00412618 3.64075e-06
3.1328e-07 0.0041262 3.64075e-06
3.26834e-07 0.00412617 3.61522e-06
3.1328e-07 0.0041262 3.61522e-06
3.26834e-07 0.00412617 3.58969e-06
3.1328e-07 0.00412619 3.58969e-06
3.26834e-07 0.00412616 3.56417e-06
3.1328e-07 0.00412619 3.56417e-06
3.26834e-07 0.00412616 3.53864e-06
3.1328e-07 0.00412618 3.53864e-06
3.26834e-07 0.00412615 3.51311e-06
3.1328e-07 0.00412618 3.51311e-06
3.26834e-07 0.00412615 3.48758e-06
3.1328e-07 0.00412617 3.48758e-06
3.26834e-07 0.00412614 3.46205e-06
3.1328e-07 0.00412617 3.46205e-06
3.26834e-07 0.00412614 3.43652e-06
3.1328e-07 0.00412616 3.43652e-06
3.26834e-07 0.00412614 3.41099e-06
3.1328e-07 0.00412616 3.41099e-06
3.26834e-07 0.00412613 3.38546e-06
3.1328e-07 0.00412615 3.38546e-06
3.26834e-07 0.00412613 3.35993e-06
3.1328e-07 0.00412615 3.35993e-06
3.26834e-07 0.00412612 3.3344e-06
3.1328e-07 0.00412615 3.3344e-06
3.26834e-07 0.00412612 3.30887e-06
3.1328e-07 0.00412614 3.30887e-06
3.26834e-07 0.00412611 3.28334e-06
3.1328e-07 0.00412614 3.28334e-06
3.26834e-07 0.00412611 3.25781e-06
3.1328e-07 0.00412613 3.25781e-06
3.26834e-07 0.0041261 3.23228e-06
3.1328e-07 0.00412613 3.23228e-06
3.26834e-07 0.0041261 3.20675e-06
3.1328e-07 0.00412612 3.20675e-06
3.26834e-07 0.00412609 3.18122e-06
3.1328e-07 0.00412612 3.18122e-06
3.26834e-07 0.00412609 3.15569e-06
3.1328e-07 0.00412611 3.15569e-06
3.26834e-07 0.00412608 3.13016e-06
3.1328e-07 0.00412611 3.13016e-06
3.26834e-07 0.00412608 3.10463e-06
3.1328e-07 0.0041261 3.10463e-06
3.26834e-07 0.00412607 3.07911e-06
3.1328e-07 0.0041261 3.07911e-06
3.26834e-07 0.00412607 3.05358e-06
3.1328e-07 0.00412609 3.05358e-06
3.26834e-07 0.00412607 3.02805e-06
3.1328e-07 0.00412609 3.02805e-06
3.26834e-07 0.00412606 3.00252e-06
3.1328e-07 0.00412608 3.00252e-06
3.26834e-07 0.00412606 2.97699e-06
3.1328e-07 0.00412608 2.97699e-06
3.26834e-07 0.00412605 2.95146e-06
3.1328e-07 0.00412608 2.95146e-06
3.26834e-07 0.00412605 2.92593e-06
3.1328e-07 0.00412607 2.92593e-06
3.26834e-07 0.00412604 2.9004e-06
3.1328e-07 0.00412607 2.9004e-06
3.26834e-07 0.00412604 2.87487e-06
3.1328e-07 0.00412606 2.87487e-06
3.26834e-07 0.00412603 2.84934e-06
3.1328e-07 0.00412606 2.84934e-06
3.26834e-07 0.00412603 2.82381e-06
3.1328e-07 0.00412605 2.82381e-06
3.26834e-07 0.00412602 2.79828e-06
3.1328e-07 0.00412605 2.79828e-06
3.26834e-07 0.00412602 2.77275e-06
3.1328e-07 0.00412604 2.77275e-06
3.26834e-07 0.00412601 2.74722e-06
3.1328e-07 0.00412604 2.74722e-06
3.26834e-07 0.00412601 2.72169e-06
3.1328e-07 0.00412603 2.72169e-06
3.26834e-07 0.00412601 2.69616e-06
3.1328e-07 0.00412603 2.69616e-06
3.26834e-07 0.004126 2.67063e-06
3.1328e-07 0.00412602 2.67063e-06
3.26834e-07 0.004126 2.64511e-06
3.1328e-07 0.00412602 2.64511e-06
3.26834e-07 0.00412599 2.61958e-06
3.1328e-07 0.00412602 2.61958e-06
1.43857e-07 0.00412665 4.48322e-06
1.30303e-07 0.00412668 4.48322e-06
1.43857e-07 0.00412665 4.4577e-06
1.30303e-07 0.00412667 4.4577e-06
1.43857e-07 0.00412664 4.43217e-06
1.30303e-07 0.00412667 4.43217e-06
1.43857e-07 0.00412664 4.40664e-06
1.30303e-07 0.00412666 4.40664e-06
1.43857e-07 0.00412663 4.38111e-06
1.30303e-07 0.00412666 4.38111e-06
1.43857e-07 0.00412663 4.35558e-06
1.30303e-07 0.00412665 4.35558e-06
1.43857e-07 0.00412662 4.33005e-06
1.30303e-07 0.00412665 4.33005e-06
1.43857e-07 0.00412662 4.30452e-06
1.30303e-07 0.00412664 4.30452e-06
1.43857e-07 0.00412662 4.27899e-06
1.30303e-07 0.00412664 4.27899e-06
1.43857e-07 0.00412661 4.25346e-06
1.30303e-07 0.00412663 4.25346e-06
1.43857e-07 0.00412661 4.22793e-06
1.30303e-07 0.00412663 4.22793e-06
1.43857e-07 0.0041266 4.2024e-06
1.30303e-07 0.00412663 4.2024e-06
1.43857e-07 0.0041266 4.17687e-06
1.30303e-07 0.00412662 4.17687e-06
1.43857e-07 0.00412659 4.15134e-06
1.30303e-07 0.00412662 4.15134e-06
1.43857e-07 0.00412659 4.12581e-06
1.30303e-07 0.00412661 4.12581e-06
1.43857e-07 0.00412658 4.10028e-06
1.30303e-07 0.00412661 4.10028e-06
1.43857e-07 0.00412658 4.07475e-06
1.30303e-07 0.0041266 4.07475e-06
1.43857e-07 0.00412657 4.04922e-06
1.30303e-07 0.0041266 4.04922e-06
1.43857e-07 0.00412657 4.0237e-06
1.30303e-07 0.00412659 4.0237e-06
1.43857e-07 0.00412656 3.99817e-06
1.30303e-07 0.00412659 3.99817e-06
1.43857e-07 0.00412656 3.97264e-06
1.30303e-07 0.00412658 3.97264e-06
1.43857e-07 0.00412656 3.94711e-06
1.30303e-07 0.00412658 3.94711e-06
1.43857e-07 0.00412655 3.92158e-06
1.30303e-07 0.00412657 3.92158e-06
1.43857e-07 0.00412655 3.89605e-06
1.30303e-07 0.00412657 3.89605e-06
1.43857e-07 0.00412654 3.87052e-06
1.30303e-07 0.00412657 3.87052e-06
1.43857e-07 0.00412654 3.84499e-06
1.30303e-07 0.00412656 3.84499e-06
1.43857e-07 0.00412653 3.81946e-06
1.30303e-07 0.00412656 3.81946e-06
1.43857e-07 0.00412653 3.79393e-06
1.30303e-07 0.00412655 3.79393e-06
1.43857e-07 0.00412652 3.7684e-06
1.30303e-07 0.00412655 3.7684e-06
1.43857e-07 0.00412652 3.74287e-06
1.30303e-07 0.00412654 3.74287e-06
1.43857e-07 0.00412651 3.71734e-06
1.30303e-07 0.00412654 3.71734e-06
1.43857e-07 0.00412651 3.69181e-06
1.30303e-07 0.00412653 3.69181e-06
1.43857e-07 0.0041265 3.66628e-06
1.30303e-07 0.00412653 3.66628e-06
1.43857e-07 0.0041265 3.64075e-06
1.30303e-07 0.00412652 3.64075e-06
1.43857e-07 0.0041265 3.61522e-06
1.30303e-07 0.00412652 3.61522e-06
1.43857e-07 0.00412649 3.58969e-06
1.30303e-07 0.00412651 3.58969e-06
1.43857e-07 0.00412649 3.56417e-06
1.30303e-07 0.00412651 3.56417e-06
1.43857e-07 0.00412648 3.53864e-06
1.30303e-07 0.0041265 3.53864e-06
1.43857e-07 0.00412648 3.51311e-06
1.30303e-07 0.0041265 3.51311e-06
1.43857e-07 0.00412647 3.48758e-06
1.30303e-07 0.0041265 3.48758e-06
1.43857e-07 0.00412647 3.46205e-06
1.30303e-07 0.00412649 3.46205e-06
1.43857e-07 0.00412646 3.43652e-06
1.30303e-07 0.00412649 3.43652e-06
1.43857e-07 0.00412646 3.41099e-06
1.30303e-07 0.00412648 3.41099e-06
1.43857e-07 0.00412645 3.38546e-06
1.30303e-07 0.00412648 3.38546e-06
1.43857e-07 0.00412645 3.35993e-06
1.30303e-07 0.00412647 3.35993e-06
1.43857e-07 0.00412644 3.3344e-06
1.30303e-07 0.00412647 3.3344e-06
1.43857e-07 0.00412644 3.30887e-06
1.30303e-07 0.00412646 3.30887e-06
1.43857e-07 0.00412644 3.28334e-06
1.30303e-07 0.00412646 3.28334e-06
1.43857e-07 0.00412643 3.25781e-06
1.30303e-07 0.00412645 3.25781e-06
1.43857e-07 0.00412643 3.23228e-06
1.30303e-07 0.00412645 3.23228e-06
1.43857e-07 0.00412642 3.20675e-06
1.30303e-07 0.00412644 3.20675e-06
1.43857e-07 0.00412642 3.18122e-06
1.30303e-07 0.00412644 3.18122e-06
1.43857e-07 0.00412641 3.15569e-06
1.30303e-07 0.00412644 3.15569e-06
1.43857e-07 0.00412641 3.13016e-06
1.30303e-07 0.00412643 3.13016e-06
1.43857e-07 0.0041264 3.10463e-06
1.30303e-07 0.00412643 3.10463e-06
1.43857e-07 0.0041264 3.07911e-06
1.30303e-07 0.00412642 3.07911e-06
1.43857e-07 0.00412639 3.05358e-06
1.30303e-07 0.00412642 3.05358e-06
1.43857e-07 0.00412639 3.02805e-06
1.30303e-07 0.00412641 3.02805e-06
1.43857e-07 0.00412638 3.00252e-06
1.30303e-07 0.00412641 3.00252e-06
1.43857e-07 0.00412638 2.97699e-06
1.30303e-07 0.0041264 2.97699e-06
1.43857e-07 0.00412637 2.95146e-06
1.30303e-07 0.0041264 2.95146e-06
1.43857e-07 0.00412637 2.92593e-06
1.30303e-07 0.00412639 2.92593e-06
1.43857e-07 0.00412637 2.9004e-06
1.30303e-07 0.00412639 2.9004e-06
1.43857e-07 0.00412636 2.87487e-06
1.30303e-07 0.00412638 2.87487e-06
1.43857e-07 0.00412636 2.84934e-06
1.30303e-07 0.00412638 2.84934e-06
1.43857e-07 0.00412635 2.82381e-06
1.30303e-07 0.00412638 2.82381e-06
1.43857e-07 0.00412635 2.79828e-06
1.30303e-07 0.00412637 2.79828e-06
1.43857e-07 0.00412634 2.77275e-06
1.30303e-07 0.00412637 2.77275e-06
1.43857e-07 0.00412634 2.74722e-06
1.30303e-07 0.00412636 2.74722e-06
1.43857e-07 0.00412633 2.72169e-06
1.30303e-07 0.00412636 2.72169e-06
1.43857e-07 0.00412633 2.69616e-06
1.30303e-07 0.00412635 2.69616e-06
1.43857e-07 0.00412632 2.67063e-06
1.30303e-07 0.00412635 2.67063e-06
1.43857e-07 0.00412632 2.64511e-06
1.30303e-07 0.00412634 2.64511e-06
1.43857e-07 0.00412631 2.61958e-06
1.30303e-07 0.00412634 2.61958e-06
