-2.58715e-10 0.0010181 2.48567e-09
-2.58715e-10 0.0010181 2.93934e-08
-2.70487e-09 0.00101809 2.48567e-09
-2.70487e-09 0.0010181 2.93934e-08
-2.58715e-10 0.0010181 2.85427e-09
-2.58715e-10 0.0010181 3.22287e-09
-2.58715e-10 0.0010181 3.59147e-09
-2.58715e-10 0.0010181 3.96007e-09
-2.58715e-10 0.0010181 4.32867e-09
-2.58715e-10 0.0010181 4.69727e-09
-2.58715e-10 0.0010181 5.06587e-09
-2.58715e-10 0.0010181 5.43447e-09
-2.58715e-10 0.0010181 5.80307e-09
-2.58715e-10 0.0010181 6.17167e-09
-2.58715e-10 0.0010181 6.54027e-09
-2.58715e-10 0.0010181 6.90886e-09
-2.58715e-10 0.0010181 7.27746e-09
-2.58715e-10 0.0010181 7.64606e-09
-2.58715e-10 0.0010181 8.01466e-09
-2.58715e-10 0.0010181 8.38326e-09
-2.58715e-10 0.0010181 8.75186e-09
-2.58715e-10 0.0010181 9.12046e-09
-2.58715e-10 0.0010181 9.48906e-09
-2.58715e-10 0.0010181 9.85766e-09
-2.58715e-10 0.0010181 1.02263e-08
-2.58715e-10 0.0010181 1.05949e-08
-2.58715e-10 0.0010181 1.09635e-08
-2.58715e-10 0.0010181 1.13321e-08
-2.58715e-10 0.0010181 1.17007e-08
-2.58715e-10 0.0010181 1.20693e-08
-2.58715e-10 0.0010181 1.24379e-08
-2.58715e-10 0.0010181 1.28065e-08
-2.58715e-10 0.0010181 1.31751e-08
-2.58715e-10 0.0010181 1.35436e-08
-2.58715e-10 0.0010181 1.39122e-08
-2.58715e-10 0.0010181 1.42808e-08
-2.58715e-10 0.0010181 1.46494e-08
-2.58715e-10 0.0010181 1.5018e-08
-2.58715e-10 0.0010181 1.53866e-08
-2.58715e-10 0.0010181 1.57552e-08
-2.58715e-10 0.0010181 1.61238e-08
-2.58715e-10 0.0010181 1.64924e-08
-2.58715e-10 0.0010181 1.6861e-08
-2.58715e-10 0.0010181 1.72296e-08
-2.58715e-10 0.0010181 1.75982e-08
-2.58715e-10 0.0010181 1.79668e-08
-2.58715e-10 0.0010181 1.83354e-08
-2.58715e-10 0.0010181 1.8704e-08
-2.58715e-10 0.0010181 1.90726e-08
-2.58715e-10 0.0010181 1.94412e-08
-2.58715e-10 0.0010181 1.98098e-08
-2.58715e-10 0.0010181 2.01784e-08
-2.58715e-10 0.0010181 2.0547e-08
-2.58715e-10 0.0010181 2.09156e-08
-2.58715e-10 0.0010181 2.12842e-08
-2.58715e-10 0.0010181 2.16528e-08
-2.58715e-10 0.0010181 2.20214e-08
-2.58715e-10 0.0010181 2.239e-08
-2.58715e-10 0.0010181 2.27586e-08
-2.58715e-10 0.0010181 2.31272e-08
-2.58715e-10 0.0010181 2.34958e-08
-2.58715e-10 0.0010181 2.38644e-08
-2.58715e-10 0.0010181 2.4233e-08
-2.58715e-10 0.0010181 2.46016e-08
-2.58715e-10 0.0010181 2.49702e-08
-2.58715e-10 0.0010181 2.53388e-08
-2.58715e-10 0.0010181 2.57074e-08
-2.58715e-10 0.0010181 2.6076e-08
-2.58715e-10 0.0010181 2.64446e-08
-2.58715e-10 0.0010181 2.68132e-08
-2.58715e-10 0.0010181 2.71818e-08
-2.58715e-10 0.0010181 2.75504e-08
-2.58715e-10 0.0010181 2.7919e-08
-2.58715e-10 0.0010181 2.82876e-08
-2.58715e-10 0.0010181 2.86562e-08
-2.58715e-10 0.0010181 2.90248e-08
-6.08166e-10 0.0010181 2.93934e-08
-9.57617e-10 0.0010181 2.93934e-08
-1.30707e-09 0.0010181 2.93934e-08
-1.65652e-09 0.0010181 2.93934e-08
-2.00597e-09 0.0010181 2.93934e-08
-2.35542e-09 0.0010181 2.93934e-08
-6.08166e-10 0.0010181 2.48567e-09
-9.57617e-10 0.0010181 2.48567e-09
-1.30707e-09 0.0010181 2.48567e-09
-1.65652e-09 0.0010181 2.48567e-09
-2.00597e-09 0.0010181 2.48567e-09
-2.35542e-09 0.00101809 2.48567e-09
-2.70487e-09 0.0010181 2.90248e-08
-2.70487e-09 0.0010181 2.86562e-08
-2.70487e-09 0.0010181 2.82876e-08
-2.70487e-09 0.0010181 2.7919e-08
-2.70487e-09 0.0010181 2.75504e-08
-2.70487e-09 0.0010181 2.71818e-08
-2.70487e-09 0.0010181 2.68132e-08
-2.70487e-09 0.0010181 2.64446e-08
-2.70487e-09 0.0010181 2.6076e-08
-2.70487e-09 0.0010181 2.57074e-08
-2.70487e-09 0.0010181 2.53388e-08
-2.70487e-09 0.0010181 2.49702e-08
-2.70487e-09 0.0010181 2.46016e-08
-2.70487e-09 0.0010181 2.4233e-08
-2.70487e-09 0.0010181 2.38644e-08
-2.70487e-09 0.0010181 2.34958e-08
-2.70487e-09 0.0010181 2.31272e-08
-2.70487e-09 0.0010181 2.27586e-08
-2.70487e-09 0.0010181 2.239e-08
-2.70487e-09 0.0010181 2.20214e-08
-2.70487e-09 0.0010181 2.16528e-08
-2.70487e-09 0.0010181 2.12842e-08
-2.70487e-09 0.0010181 2.09156e-08
-2.70487e-09 0.0010181 2.0547e-08
-2.70487e-09 0.0010181 2.01784e-08
-2.70487e-09 0.0010181 1.98098e-08
-2.70487e-09 0.0010181 1.94412e-08
-2.70487e-09 0.0010181 1.90726e-08
-2.70487e-09 0.0010181 1.8704e-08
-2.70487e-09 0.0010181 1.83354e-08
-2.70487e-09 0.0010181 1.79668e-08
-2.70487e-09 0.0010181 1.75982e-08
-2.70487e-09 0.0010181 1.72296e-08
-2.70487e-09 0.0010181 1.6861e-08
-2.70487e-09 0.0010181 1.64924e-08
-2.70487e-09 0.0010181 1.61238e-08
-2.70487e-09 0.0010181 1.57552e-08
-2.70487e-09 0.0010181 1.53866e-08
-2.70487e-09 0.0010181 1.5018e-08
-2.70487e-09 0.0010181 1.46494e-08
-2.70487e-09 0.0010181 1.42808e-08
-2.70487e-09 0.0010181 1.39122e-08
-2.70487e-09 0.0010181 1.35436e-08
-2.70487e-09 0.0010181 1.31751e-08
-2.70487e-09 0.0010181 1.28065e-08
-2.70487e-09 0.0010181 1.24379e-08
-2.70487e-09 0.0010181 1.20693e-08
-2.70487e-09 0.0010181 1.17007e-08
-2.70487e-09 0.0010181 1.13321e-08
-2.70487e-09 0.0010181 1.09635e-08
-2.70487e-09 0.0010181 1.05949e-08
-2.70487e-09 0.0010181 1.02263e-08
-2.70487e-09 0.0010181 9.85766e-09
-2.70487e-09 0.0010181 9.48906e-09
-2.70487e-09 0.0010181 9.12046e-09
-2.70487e-09 0.0010181 8.75186e-09
-2.70487e-09 0.0010181 8.38326e-09
-2.70487e-09 0.0010181 8.01466e-09
-2.70487e-09 0.0010181 7.64606e-09
-2.70487e-09 0.0010181 7.27746e-09
-2.70487e-09 0.0010181 6.90886e-09
-2.70487e-09 0.0010181 6.54027e-09
-2.70487e-09 0.0010181 6.17167e-09
-2.70487e-09 0.00101809 5.80307e-09
-2.70487e-09 0.00101809 5.43447e-09
-2.70487e-09 0.00101809 5.06587e-09
-2.70487e-09 0.00101809 4.69727e-09
-2.70487e-09 0.00101809 4.32867e-09
-2.70487e-09 0.00101809 3.96007e-09
-2.70487e-09 0.00101809 3.59147e-09
-2.70487e-09 0.00101809 3.22287e-09
-2.70487e-09 0.00101809 2.85427e-09
-6.08166e-10 0.0010181 2.90248e-08
-6.08166e-10 0.0010181 2.86562e-08
-6.08166e-10 0.0010181 2.82876e-08
-6.08166e-10 0.0010181 2.7919e-08
-6.08166e-10 0.0010181 2.75504e-08
-6.08166e-10 0.0010181 2.71818e-08
-6.08166e-10 0.0010181 2.68132e-08
-6.08166e-10 0.0010181 2.64446e-08
-6.08166e-10 0.0010181 2.6076e-08
-6.08166e-10 0.0010181 2.57074e-08
-6.08166e-10 0.0010181 2.53388e-08
-6.08166e-10 0.0010181 2.49702e-08
-6.08166e-10 0.0010181 2.46016e-08
-6.08166e-10 0.0010181 2.4233e-08
-6.08166e-10 0.0010181 2.38644e-08
-6.08166e-10 0.0010181 2.34958e-08
-6.08166e-10 0.0010181 2.31272e-08
-6.08166e-10 0.0010181 2.27586e-08
-6.08166e-10 0.0010181 2.239e-08
-6.08166e-10 0.0010181 2.20214e-08
-6.08166e-10 0.0010181 2.16528e-08
-6.08166e-10 0.0010181 2.12842e-08
-6.08166e-10 0.0010181 2.09156e-08
-6.08166e-10 0.0010181 2.0547e-08
-6.08166e-10 0.0010181 2.01784e-08
-6.08166e-10 0.0010181 1.98098e-08
-6.08166e-10 0.0010181 1.94412e-08
-6.08166e-10 0.0010181 1.90726e-08
-6.08166e-10 0.0010181 1.8704e-08
-6.08166e-10 0.0010181 1.83354e-08
-6.08166e-10 0.0010181 1.79668e-08
-6.08166e-10 0.0010181 1.75982e-08
-6.08166e-10 0.0010181 1.72296e-08
-6.08166e-10 0.0010181 1.6861e-08
-6.08166e-10 0.0010181 1.64924e-08
-6.08166e-10 0.0010181 1.61238e-08
-6.08166e-10 0.0010181 1.57552e-08
-6.08166e-10 0.0010181 1.53866e-08
-6.08166e-10 0.0010181 1.5018e-08
-6.08166e-10 0.0010181 1.46494e-08
-6.08166e-10 0.0010181 1.42808e-08
-6.08166e-10 0.0010181 1.39122e-08
-6.08166e-10 0.0010181 1.35436e-08
-6.08166e-10 0.0010181 1.31751e-08
-6.08166e-10 0.0010181 1.28065e-08
-6.08166e-10 0.0010181 1.24379e-08
-6.08166e-10 0.0010181 1.20693e-08
-6.08166e-10 0.0010181 1.17007e-08
-6.08166e-10 0.0010181 1.13321e-08
-6.08166e-10 0.0010181 1.09635e-08
-6.08166e-10 0.0010181 1.05949e-08
-6.08166e-10 0.0010181 1.02263e-08
-6.08166e-10 0.0010181 9.85766e-09
-6.08166e-10 0.0010181 9.48906e-09
-6.08166e-10 0.0010181 9.12046e-09
-6.08166e-10 0.0010181 8.75186e-09
-6.08166e-10 0.0010181 8.38326e-09
-6.08166e-10 0.0010181 8.01466e-09
-6.08166e-10 0.0010181 7.64606e-09
-6.08166e-10 0.0010181 7.27746e-09
-6.08166e-10 0.0010181 6.90886e-09
-6.08166e-10 0.0010181 6.54027e-09
-6.08166e-10 0.0010181 6.17167e-09
-6.08166e-10 0.0010181 5.80307e-09
-6.08166e-10 0.0010181 5.43447e-09
-6.08166e-10 0.0010181 5.06587e-09
-6.08166e-10 0.0010181 4.69727e-09
-6.08166e-10 0.0010181 4.32867e-09
-6.08166e-10 0.0010181 3.96007e-09
-6.08166e-10 0.0010181 3.59147e-09
-6.08166e-10 0.0010181 3.22287e-09
-6.08166e-10 0.0010181 2.85427e-09
-9.57617e-10 0.0010181 2.90248e-08
-9.57617e-10 0.0010181 2.86562e-08
-9.57617e-10 0.0010181 2.82876e-08
-9.57617e-10 0.0010181 2.7919e-08
-9.57617e-10 0.0010181 2.75504e-08
-9.57617e-10 0.0010181 2.71818e-08
-9.57617e-10 0.0010181 2.68132e-08
-9.57617e-10 0.0010181 2.64446e-08
-9.57617e-10 0.0010181 2.6076e-08
-9.57617e-10 0.0010181 2.57074e-08
-9.57617e-10 0.0010181 2.53388e-08
-9.57617e-10 0.0010181 2.49702e-08
-9.57617e-10 0.0010181 2.46016e-08
-9.57617e-10 0.0010181 2.4233e-08
-9.57617e-10 0.0010181 2.38644e-08
-9.57617e-10 0.0010181 2.34958e-08
-9.57617e-10 0.0010181 2.31272e-08
-9.57617e-10 0.0010181 2.27586e-08
-9.57617e-10 0.0010181 2.239e-08
-9.57617e-10 0.0010181 2.20214e-08
-9.57617e-10 0.0010181 2.16528e-08
-9.57617e-10 0.0010181 2.12842e-08
-9.57617e-10 0.0010181 2.09156e-08
-9.57617e-10 0.0010181 2.0547e-08
-9.57617e-10 0.0010181 2.01784e-08
-9.57617e-10 0.0010181 1.98098e-08
-9.57617e-10 0.0010181 1.94412e-08
-9.57617e-10 0.0010181 1.90726e-08
-9.57617e-10 0.0010181 1.8704e-08
-9.57617e-10 0.0010181 1.83354e-08
-9.57617e-10 0.0010181 1.79668e-08
-9.57617e-10 0.0010181 1.75982e-08
-9.57617e-10 0.0010181 1.72296e-08
-9.57617e-10 0.0010181 1.6861e-08
-9.57617e-10 0.0010181 1.64924e-08
-9.57617e-10 0.0010181 1.61238e-08
-9.57617e-10 0.0010181 1.57552e-08
-9.57617e-10 0.0010181 1.53866e-08
-9.57617e-10 0.0010181 1.5018e-08
-9.57617e-10 0.0010181 1.46494e-08
-9.57617e-10 0.0010181 1.42808e-08
-9.57617e-10 0.0010181 1.39122e-08
-9.57617e-10 0.0010181 1.35436e-08
-9.57617e-10 0.0010181 1.31751e-08
-9.57617e-10 0.0010181 1.28065e-08
-9.57617e-10 0.0010181 1.24379e-08
-9.57617e-10 0.0010181 1.20693e-08
-9.57617e-10 0.0010181 1.17007e-08
-9.57617e-10 0.0010181 1.13321e-08
-9.57617e-10 0.0010181 1.09635e-08
-9.57617e-10 0.0010181 1.05949e-08
-9.57617e-10 0.0010181 1.02263e-08
-9.57617e-10 0.0010181 9.85766e-09
-9.57617e-10 0.0010181 9.48906e-09
-9.57617e-10 0.0010181 9.12046e-09
-9.57617e-10 0.0010181 8.75186e-09
-9.57617e-10 0.0010181 8.38326e-09
-9.57617e-10 0.0010181 8.01466e-09
-9.57617e-10 0.0010181 7.64606e-09
-9.57617e-10 0.0010181 7.27746e-09
-9.57617e-10 0.0010181 6.90886e-09
-9.57617e-10 0.0010181 6.54027e-09
-9.57617e-10 0.0010181 6.17167e-09
-9.57617e-10 0.0010181 5.80307e-09
-9.57617e-10 0.0010181 5.43447e-09
-9.57617e-10 0.0010181 5.06587e-09
-9.57617e-10 0.0010181 4.69727e-09
-9.57617e-10 0.0010181 4.32867e-09
-9.57617e-10 0.0010181 3.96007e-09
-9.57617e-10 0.0010181 3.59147e-09
-9.57617e-10 0.0010181 3.22287e-09
-9.57617e-10 0.0010181 2.85427e-09
-1.30707e-09 0.0010181 2.90248e-08
-1.30707e-09 0.0010181 2.86562e-08
-1.30707e-09 0.0010181 2.82876e-08
-1.30707e-09 0.0010181 2.7919e-08
-1.30707e-09 0.0010181 2.75504e-08
-1.30707e-09 0.0010181 2.71818e-08
-1.30707e-09 0.0010181 2.68132e-08
-1.30707e-09 0.0010181 2.64446e-08
-1.30707e-09 0.0010181 2.6076e-08
-1.30707e-09 0.0010181 2.57074e-08
-1.30707e-09 0.0010181 2.53388e-08
-1.30707e-09 0.0010181 2.49702e-08
-1.30707e-09 0.0010181 2.46016e-08
-1.30707e-09 0.0010181 2.4233e-08
-1.30707e-09 0.0010181 2.38644e-08
-1.30707e-09 0.0010181 2.34958e-08
-1.30707e-09 0.0010181 2.31272e-08
-1.30707e-09 0.0010181 2.27586e-08
-1.30707e-09 0.0010181 2.239e-08
-1.30707e-09 0.0010181 2.20214e-08
-1.30707e-09 0.0010181 2.16528e-08
-1.30707e-09 0.0010181 2.12842e-08
-1.30707e-09 0.0010181 2.09156e-08
-1.30707e-09 0.0010181 2.0547e-08
-1.30707e-09 0.0010181 2.01784e-08
-1.30707e-09 0.0010181 1.98098e-08
-1.30707e-09 0.0010181 1.94412e-08
-1.30707e-09 0.0010181 1.90726e-08
-1.30707e-09 0.0010181 1.8704e-08
-1.30707e-09 0.0010181 1.83354e-08
-1.30707e-09 0.0010181 1.79668e-08
-1.30707e-09 0.0010181 1.75982e-08
-1.30707e-09 0.0010181 1.72296e-08
-1.30707e-09 0.0010181 1.6861e-08
-1.30707e-09 0.0010181 1.64924e-08
-1.30707e-09 0.0010181 1.61238e-08
-1.30707e-09 0.0010181 1.57552e-08
-1.30707e-09 0.0010181 1.53866e-08
-1.30707e-09 0.0010181 1.5018e-08
-1.30707e-09 0.0010181 1.46494e-08
-1.30707e-09 0.0010181 1.42808e-08
-1.30707e-09 0.0010181 1.39122e-08
-1.30707e-09 0.0010181 1.35436e-08
-1.30707e-09 0.0010181 1.31751e-08
-1.30707e-09 0.0010181 1.28065e-08
-1.30707e-09 0.0010181 1.24379e-08
-1.30707e-09 0.0010181 1.20693e-08
-1.30707e-09 0.0010181 1.17007e-08
-1.30707e-09 0.0010181 1.13321e-08
-1.30707e-09 0.0010181 1.09635e-08
-1.30707e-09 0.0010181 1.05949e-08
-1.30707e-09 0.0010181 1.02263e-08
-1.30707e-09 0.0010181 9.85766e-09
-1.30707e-09 0.0010181 9.48906e-09
-1.30707e-09 0.0010181 9.12046e-09
-1.30707e-09 0.0010181 8.75186e-09
-1.30707e-09 0.0010181 8.38326e-09
-1.30707e-09 0.0010181 8.01466e-09
-1.30707e-09 0.0010181 7.64606e-09
-1.30707e-09 0.0010181 7.27746e-09
-1.30707e-09 0.0010181 6.90886e-09
-1.30707e-09 0.0010181 6.54027e-09
-1.30707e-09 0.0010181 6.17167e-09
-1.30707e-09 0.0010181 5.80307e-09
-1.30707e-09 0.0010181 5.43447e-09
-1.30707e-09 0.0010181 5.06587e-09
-1.30707e-09 0.0010181 4.69727e-09
-1.30707e-09 0.0010181 4.32867e-09
-1.30707e-09 0.0010181 3.96007e-09
-1.30707e-09 0.0010181 3.59147e-09
-1.30707e-09 0.0010181 3.22287e-09
-1.30707e-09 0.0010181 2.85427e-09
-1.65652e-09 0.0010181 2.90248e-08
-1.65652e-09 0.0010181 2.86562e-08
-1.65652e-09 0.0010181 2.82876e-08
-1.65652e-09 0.0010181 2.7919e-08
-1.65652e-09 0.0010181 2.75504e-08
-1.65652e-09 0.0010181 2.71818e-08
-1.65652e-09 0.0010181 2.68132e-08
-1.65652e-09 0.0010181 2.64446e-08
-1.65652e-09 0.0010181 2.6076e-08
-1.65652e-09 0.0010181 2.57074e-08
-1.65652e-09 0.0010181 2.53388e-08
-1.65652e-09 0.0010181 2.49702e-08
-1.65652e-09 0.0010181 2.46016e-08
-1.65652e-09 0.0010181 2.4233e-08
-1.65652e-09 0.0010181 2.38644e-08
-1.65652e-09 0.0010181 2.34958e-08
-1.65652e-09 0.0010181 2.31272e-08
-1.65652e-09 0.0010181 2.27586e-08
-1.65652e-09 0.0010181 2.239e-08
-1.65652e-09 0.0010181 2.20214e-08
-1.65652e-09 0.0010181 2.16528e-08
-1.65652e-09 0.0010181 2.12842e-08
-1.65652e-09 0.0010181 2.09156e-08
-1.65652e-09 0.0010181 2.0547e-08
-1.65652e-09 0.0010181 2.01784e-08
-1.65652e-09 0.0010181 1.98098e-08
-1.65652e-09 0.0010181 1.94412e-08
-1.65652e-09 0.0010181 1.90726e-08
-1.65652e-09 0.0010181 1.8704e-08
-1.65652e-09 0.0010181 1.83354e-08
-1.65652e-09 0.0010181 1.79668e-08
-1.65652e-09 0.0010181 1.75982e-08
-1.65652e-09 0.0010181 1.72296e-08
-1.65652e-09 0.0010181 1.6861e-08
-1.65652e-09 0.0010181 1.64924e-08
-1.65652e-09 0.0010181 1.61238e-08
-1.65652e-09 0.0010181 1.57552e-08
-1.65652e-09 0.0010181 1.53866e-08
-1.65652e-09 0.0010181 1.5018e-08
-1.65652e-09 0.0010181 1.46494e-08
-1.65652e-09 0.0010181 1.42808e-08
-1.65652e-09 0.0010181 1.39122e-08
-1.65652e-09 0.0010181 1.35436e-08
-1.65652e-09 0.0010181 1.31751e-08
-1.65652e-09 0.0010181 1.28065e-08
-1.65652e-09 0.0010181 1.24379e-08
-1.65652e-09 0.0010181 1.20693e-08
-1.65652e-09 0.0010181 1.17007e-08
-1.65652e-09 0.0010181 1.13321e-08
-1.65652e-09 0.0010181 1.09635e-08
-1.65652e-09 0.0010181 1.05949e-08
-1.65652e-09 0.0010181 1.02263e-08
-1.65652e-09 0.0010181 9.85766e-09
-1.65652e-09 0.0010181 9.48906e-09
-1.65652e-09 0.0010181 9.12046e-09
-1.65652e-09 0.0010181 8.75186e-09
-1.65652e-09 0.0010181 8.38326e-09
-1.65652e-09 0.0010181 8.01466e-09
-1.65652e-09 0.0010181 7.64606e-09
-1.65652e-09 0.0010181 7.27746e-09
-1.65652e-09 0.0010181 6.90886e-09
-1.65652e-09 0.0010181 6.54027e-09
-1.65652e-09 0.0010181 6.17167e-09
-1.65652e-09 0.0010181 5.80307e-09
-1.65652e-09 0.0010181 5.43447e-09
-1.65652e-09 0.0010181 5.06587e-09
-1.65652e-09 0.0010181 4.69727e-09
-1.65652e-09 0.0010181 4.32867e-09
-1.65652e-09 0.0010181 3.96007e-09
-1.65652e-09 0.0010181 3.59147e-09
-1.65652e-09 0.0010181 3.22287e-09
-1.65652e-09 0.0010181 2.85427e-09
-2.00597e-09 0.0010181 2.90248e-08
-2.00597e-09 0.0010181 2.86562e-08
-2.00597e-09 0.0010181 2.82876e-08
-2.00597e-09 0.0010181 2.7919e-08
-2.00597e-09 0.0010181 2.75504e-08
-2.00597e-09 0.0010181 2.71818e-08
-2.00597e-09 0.0010181 2.68132e-08
-2.00597e-09 0.0010181 2.64446e-08
-2.00597e-09 0.0010181 2.6076e-08
-2.00597e-09 0.0010181 2.57074e-08
-2.00597e-09 0.0010181 2.53388e-08
-2.00597e-09 0.0010181 2.49702e-08
-2.00597e-09 0.0010181 2.46016e-08
-2.00597e-09 0.0010181 2.4233e-08
-2.00597e-09 0.0010181 2.38644e-08
-2.00597e-09 0.0010181 2.34958e-08
-2.00597e-09 0.0010181 2.31272e-08
-2.00597e-09 0.0010181 2.27586e-08
-2.00597e-09 0.0010181 2.239e-08
-2.00597e-09 0.0010181 2.20214e-08
-2.00597e-09 0.0010181 2.16528e-08
-2.00597e-09 0.0010181 2.12842e-08
-2.00597e-09 0.0010181 2.09156e-08
-2.00597e-09 0.0010181 2.0547e-08
-2.00597e-09 0.0010181 2.01784e-08
-2.00597e-09 0.0010181 1.98098e-08
-2.00597e-09 0.0010181 1.94412e-08
-2.00597e-09 0.0010181 1.90726e-08
-2.00597e-09 0.0010181 1.8704e-08
-2.00597e-09 0.0010181 1.83354e-08
-2.00597e-09 0.0010181 1.79668e-08
-2.00597e-09 0.0010181 1.75982e-08
-2.00597e-09 0.0010181 1.72296e-08
-2.00597e-09 0.0010181 1.6861e-08
-2.00597e-09 0.0010181 1.64924e-08
-2.00597e-09 0.0010181 1.61238e-08
-2.00597e-09 0.0010181 1.57552e-08
-2.00597e-09 0.0010181 1.53866e-08
-2.00597e-09 0.0010181 1.5018e-08
-2.00597e-09 0.0010181 1.46494e-08
-2.00597e-09 0.0010181 1.42808e-08
-2.00597e-09 0.0010181 1.39122e-08
-2.00597e-09 0.0010181 1.35436e-08
-2.00597e-09 0.0010181 1.31751e-08
-2.00597e-09 0.0010181 1.28065e-08
-2.00597e-09 0.0010181 1.24379e-08
-2.00597e-09 0.0010181 1.20693e-08
-2.00597e-09 0.0010181 1.17007e-08
-2.00597e-09 0.0010181 1.13321e-08
-2.00597e-09 0.0010181 1.09635e-08
-2.00597e-09 0.0010181 1.05949e-08
-2.00597e-09 0.0010181 1.02263e-08
-2.00597e-09 0.0010181 9.85766e-09
-2.00597e-09 0.0010181 9.48906e-09
-2.00597e-09 0.0010181 9.12046e-09
-2.00597e-09 0.0010181 8.75186e-09
-2.00597e-09 0.0010181 8.38326e-09
-2.00597e-09 0.0010181 8.01466e-09
-2.00597e-09 0.0010181 7.64606e-09
-2.00597e-09 0.0010181 7.27746e-09
-2.00597e-09 0.0010181 6.90886e-09
-2.00597e-09 0.0010181 6.54027e-09
-2.00597e-09 0.0010181 6.17167e-09
-2.00597e-09 0.0010181 5.80307e-09
-2.00597e-09 0.0010181 5.43447e-09
-2.00597e-09 0.0010181 5.06587e-09
-2.00597e-09 0.0010181 4.69727e-09
-2.00597e-09 0.0010181 4.32867e-09
-2.00597e-09 0.0010181 3.96007e-09
-2.00597e-09 0.0010181 3.59147e-09
-2.00597e-09 0.0010181 3.22287e-09
-2.00597e-09 0.0010181 2.85427e-09
-2.35542e-09 0.0010181 2.90248e-08
-2.35542e-09 0.0010181 2.86562e-08
-2.35542e-09 0.0010181 2.82876e-08
-2.35542e-09 0.0010181 2.7919e-08
-2.35542e-09 0.0010181 2.75504e-08
-2.35542e-09 0.0010181 2.71818e-08
-2.35542e-09 0.0010181 2.68132e-08
-2.35542e-09 0.0010181 2.64446e-08
-2.35542e-09 0.0010181 2.6076e-08
-2.35542e-09 0.0010181 2.57074e-08
-2.35542e-09 0.0010181 2.53388e-08
-2.35542e-09 0.0010181 2.49702e-08
-2.35542e-09 0.0010181 2.46016e-08
-2.35542e-09 0.0010181 2.4233e-08
-2.35542e-09 0.0010181 2.38644e-08
-2.35542e-09 0.0010181 2.34958e-08
-2.35542e-09 0.0010181 2.31272e-08
-2.35542e-09 0.0010181 2.27586e-08
-2.35542e-09 0.0010181 2.239e-08
-2.35542e-09 0.0010181 2.20214e-08
-2.35542e-09 0.0010181 2.16528e-08
-2.35542e-09 0.0010181 2.12842e-08
-2.35542e-09 0.0010181 2.09156e-08
-2.35542e-09 0.0010181 2.0547e-08
-2.35542e-09 0.0010181 2.01784e-08
-2.35542e-09 0.0010181 1.98098e-08
-2.35542e-09 0.0010181 1.94412e-08
-2.35542e-09 0.0010181 1.90726e-08
-2.35542e-09 0.0010181 1.8704e-08
-2.35542e-09 0.0010181 1.83354e-08
-2.35542e-09 0.0010181 1.79668e-08
-2.35542e-09 0.0010181 1.75982e-08
-2.35542e-09 0.0010181 1.72296e-08
-2.35542e-09 0.0010181 1.6861e-08
-2.35542e-09 0.0010181 1.64924e-08
-2.35542e-09 0.0010181 1.61238e-08
-2.35542e-09 0.0010181 1.57552e-08
-2.35542e-09 0.0010181 1.53866e-08
-2.35542e-09 0.0010181 1.5018e-08
-2.35542e-09 0.0010181 1.46494e-08
-2.35542e-09 0.0010181 1.42808e-08
-2.35542e-09 0.0010181 1.39122e-08
-2.35542e-09 0.0010181 1.35436e-08
-2.35542e-09 0.0010181 1.31751e-08
-2.35542e-09 0.0010181 1.28065e-08
-2.35542e-09 0.0010181 1.24379e-08
-2.35542e-09 0.0010181 1.20693e-08
-2.35542e-09 0.0010181 1.17007e-08
-2.35542e-09 0.0010181 1.13321e-08
-2.35542e-09 0.0010181 1.09635e-08
-2.35542e-09 0.0010181 1.05949e-08
-2.35542e-09 0.0010181 1.02263e-08
-2.35542e-09 0.0010181 9.85766e-09
-2.35542e-09 0.0010181 9.48906e-09
-2.35542e-09 0.0010181 9.12046e-09
-2.35542e-09 0.0010181 8.75186e-09
-2.35542e-09 0.0010181 8.38326e-09
-2.35542e-09 0.0010181 8.01466e-09
-2.35542e-09 0.0010181 7.64606e-09
-2.35542e-09 0.0010181 7.27746e-09
-2.35542e-09 0.0010181 6.90886e-09
-2.35542e-09 0.0010181 6.54027e-09
-2.35542e-09 0.0010181 6.17167e-09
-2.35542e-09 0.0010181 5.80307e-09
-2.35542e-09 0.0010181 5.43447e-09
-2.35542e-09 0.0010181 5.06587e-09
-2.35542e-09 0.0010181 4.69727e-09
-2.35542e-09 0.0010181 4.32867e-09
-2.35542e-09 0.0010181 3.96007e-09
-2.35542e-09 0.00101809 3.59147e-09
-2.35542e-09 0.00101809 3.22287e-09
-2.35542e-09 0.00101809 2.85427e-09
-2.90057e-09 0.00101809 2.48567e-09
-2.70487e-09 0.00101809 2.48567e-09
-2.90057e-09 0.00101809 2.85427e-09
-2.70487e-09 0.00101809 2.85427e-09
-2.90057e-09 0.00101809 3.22287e-09
-2.70487e-09 0.00101809 3.22287e-09
-2.90057e-09 0.00101809 3.59147e-09
-2.70487e-09 0.00101809 3.59147e-09
-2.90057e-09 0.00101809 3.96007e-09
-2.70487e-09 0.00101809 3.96007e-09
-2.90057e-09 0.00101809 4.32867e-09
-2.70487e-09 0.00101809 4.32867e-09
-2.90057e-09 0.00101809 4.69727e-09
-2.70487e-09 0.00101809 4.69727e-09
-2.90057e-09 0.00101809 5.06587e-09
-2.70487e-09 0.00101809 5.06587e-09
-2.90057e-09 0.00101809 5.43447e-09
-2.70487e-09 0.00101809 5.43447e-09
-2.90057e-09 0.00101809 5.80307e-09
-2.70487e-09 0.00101809 5.80307e-09
-2.90057e-09 0.00101809 6.17167e-09
-2.70487e-09 0.0010181 6.17167e-09
-2.90057e-09 0.00101809 6.54027e-09
-2.70487e-09 0.0010181 6.54027e-09
-2.90057e-09 0.00101809 6.90886e-09
-2.70487e-09 0.0010181 6.90886e-09
-2.90057e-09 0.00101809 7.27746e-09
-2.70487e-09 0.0010181 7.27746e-09
-2.90057e-09 0.0010181 7.64606e-09
-2.70487e-09 0.0010181 7.64606e-09
-2.90057e-09 0.0010181 8.01466e-09
-2.70487e-09 0.0010181 8.01466e-09
-2.90057e-09 0.0010181 8.38326e-09
-2.70487e-09 0.0010181 8.38326e-09
-2.90057e-09 0.0010181 8.75186e-09
-2.70487e-09 0.0010181 8.75186e-09
-2.90057e-09 0.0010181 9.12046e-09
-2.70487e-09 0.0010181 9.12046e-09
-2.90057e-09 0.0010181 9.48906e-09
-2.70487e-09 0.0010181 9.48906e-09
-2.90057e-09 0.0010181 9.85766e-09
-2.70487e-09 0.0010181 9.85766e-09
-2.90057e-09 0.0010181 1.02263e-08
-2.70487e-09 0.0010181 1.02263e-08
-2.90057e-09 0.0010181 1.05949e-08
-2.70487e-09 0.0010181 1.05949e-08
-2.90057e-09 0.0010181 1.09635e-08
-2.70487e-09 0.0010181 1.09635e-08
-2.90057e-09 0.0010181 1.13321e-08
-2.70487e-09 0.0010181 1.13321e-08
-2.90057e-09 0.0010181 1.17007e-08
-2.70487e-09 0.0010181 1.17007e-08
-2.90057e-09 0.0010181 1.20693e-08
-2.70487e-09 0.0010181 1.20693e-08
-2.90057e-09 0.0010181 1.24379e-08
-2.70487e-09 0.0010181 1.24379e-08
-2.90057e-09 0.0010181 1.28065e-08
-2.70487e-09 0.0010181 1.28065e-08
-2.90057e-09 0.0010181 1.31751e-08
-2.70487e-09 0.0010181 1.31751e-08
-2.90057e-09 0.0010181 1.35436e-08
-2.70487e-09 0.0010181 1.35436e-08
-2.90057e-09 0.0010181 1.39122e-08
-2.70487e-09 0.0010181 1.39122e-08
-2.90057e-09 0.0010181 1.42808e-08
-2.70487e-09 0.0010181 1.42808e-08
-2.90057e-09 0.0010181 1.46494e-08
-2.70487e-09 0.0010181 1.46494e-08
-2.90057e-09 0.0010181 1.5018e-08
-2.70487e-09 0.0010181 1.5018e-08
-2.90057e-09 0.0010181 1.53866e-08
-2.70487e-09 0.0010181 1.53866e-08
-2.90057e-09 0.0010181 1.57552e-08
-2.70487e-09 0.0010181 1.57552e-08
-2.90057e-09 0.0010181 1.61238e-08
-2.70487e-09 0.0010181 1.61238e-08
-2.90057e-09 0.0010181 1.64924e-08
-2.70487e-09 0.0010181 1.64924e-08
-2.90057e-09 0.0010181 1.6861e-08
-2.70487e-09 0.0010181 1.6861e-08
-2.90057e-09 0.0010181 1.72296e-08
-2.70487e-09 0.0010181 1.72296e-08
-2.90057e-09 0.0010181 1.75982e-08
-2.70487e-09 0.0010181 1.75982e-08
-2.90057e-09 0.0010181 1.79668e-08
-2.70487e-09 0.0010181 1.79668e-08
-2.90057e-09 0.0010181 1.83354e-08
-2.70487e-09 0.0010181 1.83354e-08
-2.90057e-09 0.0010181 1.8704e-08
-2.70487e-09 0.0010181 1.8704e-08
-2.90057e-09 0.0010181 1.90726e-08
-2.70487e-09 0.0010181 1.90726e-08
-2.90057e-09 0.0010181 1.94412e-08
-2.70487e-09 0.0010181 1.94412e-08
-2.90057e-09 0.0010181 1.98098e-08
-2.70487e-09 0.0010181 1.98098e-08
-2.90057e-09 0.0010181 2.01784e-08
-2.70487e-09 0.0010181 2.01784e-08
-2.90057e-09 0.0010181 2.0547e-08
-2.70487e-09 0.0010181 2.0547e-08
-2.90057e-09 0.0010181 2.09156e-08
-2.70487e-09 0.0010181 2.09156e-08
-2.90057e-09 0.0010181 2.12842e-08
-2.70487e-09 0.0010181 2.12842e-08
-2.90057e-09 0.0010181 2.16528e-08
-2.70487e-09 0.0010181 2.16528e-08
-2.90057e-09 0.0010181 2.20214e-08
-2.70487e-09 0.0010181 2.20214e-08
-2.90057e-09 0.0010181 2.239e-08
-2.70487e-09 0.0010181 2.239e-08
-2.90057e-09 0.0010181 2.27586e-08
-2.70487e-09 0.0010181 2.27586e-08
-2.90057e-09 0.0010181 2.31272e-08
-2.70487e-09 0.0010181 2.31272e-08
-2.90057e-09 0.0010181 2.34958e-08
-2.70487e-09 0.0010181 2.34958e-08
-2.90057e-09 0.0010181 2.38644e-08
-2.70487e-09 0.0010181 2.38644e-08
-2.90057e-09 0.0010181 2.4233e-08
-2.70487e-09 0.0010181 2.4233e-08
-2.90057e-09 0.0010181 2.46016e-08
-2.70487e-09 0.0010181 2.46016e-08
-2.90057e-09 0.0010181 2.49702e-08
-2.70487e-09 0.0010181 2.49702e-08
-2.90057e-09 0.0010181 2.53388e-08
-2.70487e-09 0.0010181 2.53388e-08
-2.90057e-09 0.0010181 2.57074e-08
-2.70487e-09 0.0010181 2.57074e-08
-2.90057e-09 0.0010181 2.6076e-08
-2.70487e-09 0.0010181 2.6076e-08
-2.90057e-09 0.0010181 2.64446e-08
-2.70487e-09 0.0010181 2.64446e-08
-2.90057e-09 0.0010181 2.68132e-08
-2.70487e-09 0.0010181 2.68132e-08
-2.90057e-09 0.0010181 2.71818e-08
-2.70487e-09 0.0010181 2.71818e-08
-2.90057e-09 0.0010181 2.75504e-08
-2.70487e-09 0.0010181 2.75504e-08
-2.90057e-09 0.0010181 2.7919e-08
-2.70487e-09 0.0010181 2.7919e-08
-2.90057e-09 0.0010181 2.82876e-08
-2.70487e-09 0.0010181 2.82876e-08
-2.90057e-09 0.0010181 2.86562e-08
-2.70487e-09 0.0010181 2.86562e-08
-2.90057e-09 0.0010181 2.90248e-08
-2.70487e-09 0.0010181 2.90248e-08
-2.90057e-09 0.0010181 2.93934e-08
-2.70487e-09 0.0010181 2.93934e-08
-2.58715e-10 0.0010181 2.48567e-09
-6.30223e-11 0.0010181 2.48567e-09
-2.58715e-10 0.0010181 2.85427e-09
-6.30223e-11 0.0010181 2.85427e-09
-2.58715e-10 0.0010181 3.22287e-09
-6.30223e-11 0.0010181 3.22287e-09
-2.58715e-10 0.0010181 3.59147e-09
-6.30223e-11 0.0010181 3.59147e-09
-2.58715e-10 0.0010181 3.96007e-09
-6.30223e-11 0.0010181 3.96007e-09
-2.58715e-10 0.0010181 4.32867e-09
-6.30223e-11 0.0010181 4.32867e-09
-2.58715e-10 0.0010181 4.69727e-09
-6.30223e-11 0.0010181 4.69727e-09
-2.58715e-10 0.0010181 5.06587e-09
-6.30223e-11 0.0010181 5.06587e-09
-2.58715e-10 0.0010181 5.43447e-09
-6.30223e-11 0.0010181 5.43447e-09
-2.58715e-10 0.0010181 5.80307e-09
-6.30223e-11 0.0010181 5.80307e-09
-2.58715e-10 0.0010181 6.17167e-09
-6.30223e-11 0.0010181 6.17167e-09
-2.58715e-10 0.0010181 6.54027e-09
-6.30223e-11 0.0010181 6.54027e-09
-2.58715e-10 0.0010181 6.90886e-09
-6.30223e-11 0.0010181 6.90886e-09
-2.58715e-10 0.0010181 7.27746e-09
-6.30223e-11 0.0010181 7.27746e-09
-2.58715e-10 0.0010181 7.64606e-09
-6.30223e-11 0.0010181 7.64606e-09
-2.58715e-10 0.0010181 8.01466e-09
-6.30223e-11 0.0010181 8.01466e-09
-2.58715e-10 0.0010181 8.38326e-09
-6.30223e-11 0.0010181 8.38326e-09
-2.58715e-10 0.0010181 8.75186e-09
-6.30223e-11 0.0010181 8.75186e-09
-2.58715e-10 0.0010181 9.12046e-09
-6.30223e-11 0.0010181 9.12046e-09
-2.58715e-10 0.0010181 9.48906e-09
-6.30223e-11 0.0010181 9.48906e-09
-2.58715e-10 0.0010181 9.85766e-09
-6.30223e-11 0.0010181 9.85766e-09
-2.58715e-10 0.0010181 1.02263e-08
-6.30223e-11 0.0010181 1.02263e-08
-2.58715e-10 0.0010181 1.05949e-08
-6.30223e-11 0.0010181 1.05949e-08
-2.58715e-10 0.0010181 1.09635e-08
-6.30223e-11 0.0010181 1.09635e-08
-2.58715e-10 0.0010181 1.13321e-08
-6.30223e-11 0.0010181 1.13321e-08
-2.58715e-10 0.0010181 1.17007e-08
-6.30223e-11 0.0010181 1.17007e-08
-2.58715e-10 0.0010181 1.20693e-08
-6.30223e-11 0.0010181 1.20693e-08
-2.58715e-10 0.0010181 1.24379e-08
-6.30223e-11 0.0010181 1.24379e-08
-2.58715e-10 0.0010181 1.28065e-08
-6.30223e-11 0.0010181 1.28065e-08
-2.58715e-10 0.0010181 1.31751e-08
-6.30223e-11 0.0010181 1.31751e-08
-2.58715e-10 0.0010181 1.35436e-08
-6.30223e-11 0.0010181 1.35436e-08
-2.58715e-10 0.0010181 1.39122e-08
-6.30223e-11 0.0010181 1.39122e-08
-2.58715e-10 0.0010181 1.42808e-08
-6.30223e-11 0.0010181 1.42808e-08
-2.58715e-10 0.0010181 1.46494e-08
-6.30223e-11 0.0010181 1.46494e-08
-2.58715e-10 0.0010181 1.5018e-08
-6.30223e-11 0.0010181 1.5018e-08
-2.58715e-10 0.0010181 1.53866e-08
-6.30223e-11 0.0010181 1.53866e-08
-2.58715e-10 0.0010181 1.57552e-08
-6.30223e-11 0.0010181 1.57552e-08
-2.58715e-10 0.0010181 1.61238e-08
-6.30223e-11 0.0010181 1.61238e-08
-2.58715e-10 0.0010181 1.64924e-08
-6.30223e-11 0.0010181 1.64924e-08
-2.58715e-10 0.0010181 1.6861e-08
-6.30223e-11 0.0010181 1.6861e-08
-2.58715e-10 0.0010181 1.72296e-08
-6.30223e-11 0.0010181 1.72296e-08
-2.58715e-10 0.0010181 1.75982e-08
-6.30223e-11 0.0010181 1.75982e-08
-2.58715e-10 0.0010181 1.79668e-08
-6.30223e-11 0.0010181 1.79668e-08
-2.58715e-10 0.0010181 1.83354e-08
-6.30223e-11 0.0010181 1.83354e-08
-2.58715e-10 0.0010181 1.8704e-08
-6.30223e-11 0.0010181 1.8704e-08
-2.58715e-10 0.0010181 1.90726e-08
-6.30223e-11 0.0010181 1.90726e-08
-2.58715e-10 0.0010181 1.94412e-08
-6.30223e-11 0.0010181 1.94412e-08
-2.58715e-10 0.0010181 1.98098e-08
-6.30223e-11 0.0010181 1.98098e-08
-2.58715e-10 0.0010181 2.01784e-08
-6.30223e-11 0.0010181 2.01784e-08
-2.58715e-10 0.0010181 2.0547e-08
-6.30223e-11 0.0010181 2.0547e-08
-2.58715e-10 0.0010181 2.09156e-08
-6.30223e-11 0.0010181 2.09156e-08
-2.58715e-10 0.0010181 2.12842e-08
-6.30223e-11 0.0010181 2.12842e-08
-2.58715e-10 0.0010181 2.16528e-08
-6.30223e-11 0.0010181 2.16528e-08
-2.58715e-10 0.0010181 2.20214e-08
-6.30223e-11 0.0010181 2.20214e-08
-2.58715e-10 0.0010181 2.239e-08
-6.30223e-11 0.0010181 2.239e-08
-2.58715e-10 0.0010181 2.27586e-08
-6.30223e-11 0.0010181 2.27586e-08
-2.58715e-10 0.0010181 2.31272e-08
-6.30223e-11 0.0010181 2.31272e-08
-2.58715e-10 0.0010181 2.34958e-08
-6.30223e-11 0.0010181 2.34958e-08
-2.58715e-10 0.0010181 2.38644e-08
-6.30223e-11 0.0010181 2.38644e-08
-2.58715e-10 0.0010181 2.4233e-08
-6.30223e-11 0.0010181 2.4233e-08
-2.58715e-10 0.0010181 2.46016e-08
-6.30223e-11 0.0010181 2.46016e-08
-2.58715e-10 0.0010181 2.49702e-08
-6.30223e-11 0.0010181 2.49702e-08
-2.58715e-10 0.0010181 2.53388e-08
-6.30223e-11 0.0010181 2.53388e-08
-2.58715e-10 0.0010181 2.57074e-08
-6.30223e-11 0.0010181 2.57074e-08
-2.58715e-10 0.0010181 2.6076e-08
-6.30223e-11 0.0010181 2.6076e-08
-2.58715e-10 0.0010181 2.64446e-08
-6.30223e-11 0.0010181 2.64446e-08
-2.58715e-10 0.0010181 2.68132e-08
-6.30223e-11 0.0010181 2.68132e-08
-2.58715e-10 0.0010181 2.71818e-08
-6.30223e-11 0.0010181 2.71818e-08
-2.58715e-10 0.0010181 2.75504e-08
-6.30223e-11 0.0010181 2.75504e-08
-2.58715e-10 0.0010181 2.7919e-08
-6.30223e-11 0.0010181 2.7919e-08
-2.58715e-10 0.0010181 2.82876e-08
-6.30223e-11 0.0010181 2.82876e-08
-2.58715e-10 0.0010181 2.86562e-08
-6.30223e-11 0.0010181 2.86562e-08
-2.58715e-10 0.0010181 2.90248e-08
-6.30223e-11 0.0010181 2.90248e-08
-2.58715e-10 0.0010181 2.93934e-08
-6.30223e-11 0.0010181 2.93934e-08
