4.63458e-08 0.00101545 9.27505e-07
4.63458e-08 0.00101536 5.73641e-07
7.85152e-08 0.00101539 9.27505e-07
7.85152e-08 0.00101531 5.73641e-07
4.63458e-08 0.00101545 9.22658e-07
4.63458e-08 0.00101544 9.1781e-07
4.63458e-08 0.00101544 9.12963e-07
4.63458e-08 0.00101544 9.08116e-07
4.63458e-08 0.00101544 9.03268e-07
4.63458e-08 0.00101544 8.98421e-07
4.63458e-08 0.00101544 8.93573e-07
4.63458e-08 0.00101544 8.88726e-07
4.63458e-08 0.00101544 8.83878e-07
4.63458e-08 0.00101544 8.79031e-07
4.63458e-08 0.00101543 8.74183e-07
4.63458e-08 0.00101543 8.69336e-07
4.63458e-08 0.00101543 8.64488e-07
4.63458e-08 0.00101543 8.59641e-07
4.63458e-08 0.00101543 8.54794e-07
4.63458e-08 0.00101543 8.49946e-07
4.63458e-08 0.00101543 8.45099e-07
4.63458e-08 0.00101543 8.40251e-07
4.63458e-08 0.00101543 8.35404e-07
4.63458e-08 0.00101542 8.30556e-07
4.63458e-08 0.00101542 8.25709e-07
4.63458e-08 0.00101542 8.20861e-07
4.63458e-08 0.00101542 8.16014e-07
4.63458e-08 0.00101542 8.11167e-07
4.63458e-08 0.00101542 8.06319e-07
4.63458e-08 0.00101542 8.01472e-07
4.63458e-08 0.00101542 7.96624e-07
4.63458e-08 0.00101542 7.91777e-07
4.63458e-08 0.00101541 7.86929e-07
4.63458e-08 0.00101541 7.82082e-07
4.63458e-08 0.00101541 7.77234e-07
4.63458e-08 0.00101541 7.72387e-07
4.63458e-08 0.00101541 7.67539e-07
4.63458e-08 0.00101541 7.62692e-07
4.63458e-08 0.00101541 7.57845e-07
4.63458e-08 0.00101541 7.52997e-07
4.63458e-08 0.0010154 7.4815e-07
4.63458e-08 0.0010154 7.43302e-07
4.63458e-08 0.0010154 7.38455e-07
4.63458e-08 0.0010154 7.33607e-07
4.63458e-08 0.0010154 7.2876e-07
4.63458e-08 0.0010154 7.23912e-07
4.63458e-08 0.0010154 7.19065e-07
4.63458e-08 0.0010154 7.14217e-07
4.63458e-08 0.0010154 7.0937e-07
4.63458e-08 0.00101539 7.04523e-07
4.63458e-08 0.00101539 6.99675e-07
4.63458e-08 0.00101539 6.94828e-07
4.63458e-08 0.00101539 6.8998e-07
4.63458e-08 0.00101539 6.85133e-07
4.63458e-08 0.00101539 6.80285e-07
4.63458e-08 0.00101539 6.75438e-07
4.63458e-08 0.00101539 6.7059e-07
4.63458e-08 0.00101539 6.65743e-07
4.63458e-08 0.00101538 6.60896e-07
4.63458e-08 0.00101538 6.56048e-07
4.63458e-08 0.00101538 6.51201e-07
4.63458e-08 0.00101538 6.46353e-07
4.63458e-08 0.00101538 6.41506e-07
4.63458e-08 0.00101538 6.36658e-07
4.63458e-08 0.00101538 6.31811e-07
4.63458e-08 0.00101538 6.26963e-07
4.63458e-08 0.00101538 6.22116e-07
4.63458e-08 0.00101537 6.17268e-07
4.63458e-08 0.00101537 6.12421e-07
4.63458e-08 0.00101537 6.07574e-07
4.63458e-08 0.00101537 6.02726e-07
4.63458e-08 0.00101537 5.97879e-07
4.63458e-08 0.00101537 5.93031e-07
4.63458e-08 0.00101537 5.88184e-07
4.63458e-08 0.00101537 5.83336e-07
4.63458e-08 0.00101537 5.78489e-07
5.09414e-08 0.00101536 5.73641e-07
5.55371e-08 0.00101535 5.73641e-07
6.01327e-08 0.00101534 5.73641e-07
6.47283e-08 0.00101533 5.73641e-07
6.9324e-08 0.00101532 5.73641e-07
7.39196e-08 0.00101532 5.73641e-07
5.09414e-08 0.00101544 9.27505e-07
5.55371e-08 0.00101543 9.27505e-07
6.01327e-08 0.00101542 9.27505e-07
6.47283e-08 0.00101541 9.27505e-07
6.9324e-08 0.00101541 9.27505e-07
7.39196e-08 0.0010154 9.27505e-07
7.85152e-08 0.00101531 5.78489e-07
7.85152e-08 0.00101531 5.83336e-07
7.85152e-08 0.00101531 5.88184e-07
7.85152e-08 0.00101531 5.93031e-07
7.85152e-08 0.00101531 5.97879e-07
7.85152e-08 0.00101531 6.02726e-07
7.85152e-08 0.00101531 6.07574e-07
7.85152e-08 0.00101532 6.12421e-07
7.85152e-08 0.00101532 6.17268e-07
7.85152e-08 0.00101532 6.22116e-07
7.85152e-08 0.00101532 6.26963e-07
7.85152e-08 0.00101532 6.31811e-07
7.85152e-08 0.00101532 6.36658e-07
7.85152e-08 0.00101532 6.41506e-07
7.85152e-08 0.00101532 6.46353e-07
7.85152e-08 0.00101533 6.51201e-07
7.85152e-08 0.00101533 6.56048e-07
7.85152e-08 0.00101533 6.60896e-07
7.85152e-08 0.00101533 6.65743e-07
7.85152e-08 0.00101533 6.7059e-07
7.85152e-08 0.00101533 6.75438e-07
7.85152e-08 0.00101533 6.80285e-07
7.85152e-08 0.00101533 6.85133e-07
7.85152e-08 0.00101533 6.8998e-07
7.85152e-08 0.00101534 6.94828e-07
7.85152e-08 0.00101534 6.99675e-07
7.85152e-08 0.00101534 7.04523e-07
7.85152e-08 0.00101534 7.0937e-07
7.85152e-08 0.00101534 7.14217e-07
7.85152e-08 0.00101534 7.19065e-07
7.85152e-08 0.00101534 7.23912e-07
7.85152e-08 0.00101534 7.2876e-07
7.85152e-08 0.00101534 7.33607e-07
7.85152e-08 0.00101535 7.38455e-07
7.85152e-08 0.00101535 7.43302e-07
7.85152e-08 0.00101535 7.4815e-07
7.85152e-08 0.00101535 7.52997e-07
7.85152e-08 0.00101535 7.57845e-07
7.85152e-08 0.00101535 7.62692e-07
7.85152e-08 0.00101535 7.67539e-07
7.85152e-08 0.00101535 7.72387e-07
7.85152e-08 0.00101535 7.77234e-07
7.85152e-08 0.00101536 7.82082e-07
7.85152e-08 0.00101536 7.86929e-07
7.85152e-08 0.00101536 7.91777e-07
7.85152e-08 0.00101536 7.96624e-07
7.85152e-08 0.00101536 8.01472e-07
7.85152e-08 0.00101536 8.06319e-07
7.85152e-08 0.00101536 8.11167e-07
7.85152e-08 0.00101536 8.16014e-07
7.85152e-08 0.00101536 8.20861e-07
7.85152e-08 0.00101537 8.25709e-07
7.85152e-08 0.00101537 8.30556e-07
7.85152e-08 0.00101537 8.35404e-07
7.85152e-08 0.00101537 8.40251e-07
7.85152e-08 0.00101537 8.45099e-07
7.85152e-08 0.00101537 8.49946e-07
7.85152e-08 0.00101537 8.54794e-07
7.85152e-08 0.00101537 8.59641e-07
7.85152e-08 0.00101538 8.64488e-07
7.85152e-08 0.00101538 8.69336e-07
7.85152e-08 0.00101538 8.74183e-07
7.85152e-08 0.00101538 8.79031e-07
7.85152e-08 0.00101538 8.83878e-07
7.85152e-08 0.00101538 8.88726e-07
7.85152e-08 0.00101538 8.93573e-07
7.85152e-08 0.00101538 8.98421e-07
7.85152e-08 0.00101538 9.03268e-07
7.85152e-08 0.00101539 9.08116e-07
7.85152e-08 0.00101539 9.12963e-07
7.85152e-08 0.00101539 9.1781e-07
7.85152e-08 0.00101539 9.22658e-07
5.09414e-08 0.00101536 5.78489e-07
5.09414e-08 0.00101536 5.83336e-07
5.09414e-08 0.00101536 5.88184e-07
5.09414e-08 0.00101536 5.93031e-07
5.09414e-08 0.00101536 5.97879e-07
5.09414e-08 0.00101536 6.02726e-07
5.09414e-08 0.00101536 6.07574e-07
5.09414e-08 0.00101537 6.12421e-07
5.09414e-08 0.00101537 6.17268e-07
5.09414e-08 0.00101537 6.22116e-07
5.09414e-08 0.00101537 6.26963e-07
5.09414e-08 0.00101537 6.31811e-07
5.09414e-08 0.00101537 6.36658e-07
5.09414e-08 0.00101537 6.41506e-07
5.09414e-08 0.00101537 6.46353e-07
5.09414e-08 0.00101537 6.51201e-07
5.09414e-08 0.00101538 6.56048e-07
5.09414e-08 0.00101538 6.60896e-07
5.09414e-08 0.00101538 6.65743e-07
5.09414e-08 0.00101538 6.7059e-07
5.09414e-08 0.00101538 6.75438e-07
5.09414e-08 0.00101538 6.80285e-07
5.09414e-08 0.00101538 6.85133e-07
5.09414e-08 0.00101538 6.8998e-07
5.09414e-08 0.00101538 6.94828e-07
5.09414e-08 0.00101539 6.99675e-07
5.09414e-08 0.00101539 7.04523e-07
5.09414e-08 0.00101539 7.0937e-07
5.09414e-08 0.00101539 7.14217e-07
5.09414e-08 0.00101539 7.19065e-07
5.09414e-08 0.00101539 7.23912e-07
5.09414e-08 0.00101539 7.2876e-07
5.09414e-08 0.00101539 7.33607e-07
5.09414e-08 0.00101539 7.38455e-07
5.09414e-08 0.0010154 7.43302e-07
5.09414e-08 0.0010154 7.4815e-07
5.09414e-08 0.0010154 7.52997e-07
5.09414e-08 0.0010154 7.57845e-07
5.09414e-08 0.0010154 7.62692e-07
5.09414e-08 0.0010154 7.67539e-07
5.09414e-08 0.0010154 7.72387e-07
5.09414e-08 0.0010154 7.77234e-07
5.09414e-08 0.0010154 7.82082e-07
5.09414e-08 0.00101541 7.86929e-07
5.09414e-08 0.00101541 7.91777e-07
5.09414e-08 0.00101541 7.96624e-07
5.09414e-08 0.00101541 8.01472e-07
5.09414e-08 0.00101541 8.06319e-07
5.09414e-08 0.00101541 8.11167e-07
5.09414e-08 0.00101541 8.16014e-07
5.09414e-08 0.00101541 8.20861e-07
5.09414e-08 0.00101541 8.25709e-07
5.09414e-08 0.00101542 8.30556e-07
5.09414e-08 0.00101542 8.35404e-07
5.09414e-08 0.00101542 8.40251e-07
5.09414e-08 0.00101542 8.45099e-07
5.09414e-08 0.00101542 8.49946e-07
5.09414e-08 0.00101542 8.54794e-07
5.09414e-08 0.00101542 8.59641e-07
5.09414e-08 0.00101542 8.64488e-07
5.09414e-08 0.00101543 8.69336e-07
5.09414e-08 0.00101543 8.74183e-07
5.09414e-08 0.00101543 8.79031e-07
5.09414e-08 0.00101543 8.83878e-07
5.09414e-08 0.00101543 8.88726e-07
5.09414e-08 0.00101543 8.93573e-07
5.09414e-08 0.00101543 8.98421e-07
5.09414e-08 0.00101543 9.03268e-07
5.09414e-08 0.00101543 9.08116e-07
5.09414e-08 0.00101544 9.12963e-07
5.09414e-08 0.00101544 9.1781e-07
5.09414e-08 0.00101544 9.22658e-07
5.55371e-08 0.00101535 5.78489e-07
5.55371e-08 0.00101535 5.83336e-07
5.55371e-08 0.00101535 5.88184e-07
5.55371e-08 0.00101535 5.93031e-07
5.55371e-08 0.00101535 5.97879e-07
5.55371e-08 0.00101535 6.02726e-07
5.55371e-08 0.00101536 6.07574e-07
5.55371e-08 0.00101536 6.12421e-07
5.55371e-08 0.00101536 6.17268e-07
5.55371e-08 0.00101536 6.22116e-07
5.55371e-08 0.00101536 6.26963e-07
5.55371e-08 0.00101536 6.31811e-07
5.55371e-08 0.00101536 6.36658e-07
5.55371e-08 0.00101536 6.41506e-07
5.55371e-08 0.00101536 6.46353e-07
5.55371e-08 0.00101537 6.51201e-07
5.55371e-08 0.00101537 6.56048e-07
5.55371e-08 0.00101537 6.60896e-07
5.55371e-08 0.00101537 6.65743e-07
5.55371e-08 0.00101537 6.7059e-07
5.55371e-08 0.00101537 6.75438e-07
5.55371e-08 0.00101537 6.80285e-07
5.55371e-08 0.00101537 6.85133e-07
5.55371e-08 0.00101538 6.8998e-07
5.55371e-08 0.00101538 6.94828e-07
5.55371e-08 0.00101538 6.99675e-07
5.55371e-08 0.00101538 7.04523e-07
5.55371e-08 0.00101538 7.0937e-07
5.55371e-08 0.00101538 7.14217e-07
5.55371e-08 0.00101538 7.19065e-07
5.55371e-08 0.00101538 7.23912e-07
5.55371e-08 0.00101538 7.2876e-07
5.55371e-08 0.00101539 7.33607e-07
5.55371e-08 0.00101539 7.38455e-07
5.55371e-08 0.00101539 7.43302e-07
5.55371e-08 0.00101539 7.4815e-07
5.55371e-08 0.00101539 7.52997e-07
5.55371e-08 0.00101539 7.57845e-07
5.55371e-08 0.00101539 7.62692e-07
5.55371e-08 0.00101539 7.67539e-07
5.55371e-08 0.00101539 7.72387e-07
5.55371e-08 0.0010154 7.77234e-07
5.55371e-08 0.0010154 7.82082e-07
5.55371e-08 0.0010154 7.86929e-07
5.55371e-08 0.0010154 7.91777e-07
5.55371e-08 0.0010154 7.96624e-07
5.55371e-08 0.0010154 8.01472e-07
5.55371e-08 0.0010154 8.06319e-07
5.55371e-08 0.0010154 8.11167e-07
5.55371e-08 0.0010154 8.16014e-07
5.55371e-08 0.00101541 8.20861e-07
5.55371e-08 0.00101541 8.25709e-07
5.55371e-08 0.00101541 8.30556e-07
5.55371e-08 0.00101541 8.35404e-07
5.55371e-08 0.00101541 8.40251e-07
5.55371e-08 0.00101541 8.45099e-07
5.55371e-08 0.00101541 8.49946e-07
5.55371e-08 0.00101541 8.54794e-07
5.55371e-08 0.00101541 8.59641e-07
5.55371e-08 0.00101542 8.64488e-07
5.55371e-08 0.00101542 8.69336e-07
5.55371e-08 0.00101542 8.74183e-07
5.55371e-08 0.00101542 8.79031e-07
5.55371e-08 0.00101542 8.83878e-07
5.55371e-08 0.00101542 8.88726e-07
5.55371e-08 0.00101542 8.93573e-07
5.55371e-08 0.00101542 8.98421e-07
5.55371e-08 0.00101542 9.03268e-07
5.55371e-08 0.00101543 9.08116e-07
5.55371e-08 0.00101543 9.12963e-07
5.55371e-08 0.00101543 9.1781e-07
5.55371e-08 0.00101543 9.22658e-07
6.01327e-08 0.00101534 5.78489e-07
6.01327e-08 0.00101534 5.83336e-07
6.01327e-08 0.00101534 5.88184e-07
6.01327e-08 0.00101534 5.93031e-07
6.01327e-08 0.00101535 5.97879e-07
6.01327e-08 0.00101535 6.02726e-07
6.01327e-08 0.00101535 6.07574e-07
6.01327e-08 0.00101535 6.12421e-07
6.01327e-08 0.00101535 6.17268e-07
6.01327e-08 0.00101535 6.22116e-07
6.01327e-08 0.00101535 6.26963e-07
6.01327e-08 0.00101535 6.31811e-07
6.01327e-08 0.00101535 6.36658e-07
6.01327e-08 0.00101536 6.41506e-07
6.01327e-08 0.00101536 6.46353e-07
6.01327e-08 0.00101536 6.51201e-07
6.01327e-08 0.00101536 6.56048e-07
6.01327e-08 0.00101536 6.60896e-07
6.01327e-08 0.00101536 6.65743e-07
6.01327e-08 0.00101536 6.7059e-07
6.01327e-08 0.00101536 6.75438e-07
6.01327e-08 0.00101536 6.80285e-07
6.01327e-08 0.00101537 6.85133e-07
6.01327e-08 0.00101537 6.8998e-07
6.01327e-08 0.00101537 6.94828e-07
6.01327e-08 0.00101537 6.99675e-07
6.01327e-08 0.00101537 7.04523e-07
6.01327e-08 0.00101537 7.0937e-07
6.01327e-08 0.00101537 7.14217e-07
6.01327e-08 0.00101537 7.19065e-07
6.01327e-08 0.00101537 7.23912e-07
6.01327e-08 0.00101538 7.2876e-07
6.01327e-08 0.00101538 7.33607e-07
6.01327e-08 0.00101538 7.38455e-07
6.01327e-08 0.00101538 7.43302e-07
6.01327e-08 0.00101538 7.4815e-07
6.01327e-08 0.00101538 7.52997e-07
6.01327e-08 0.00101538 7.57845e-07
6.01327e-08 0.00101538 7.62692e-07
6.01327e-08 0.00101538 7.67539e-07
6.01327e-08 0.00101539 7.72387e-07
6.01327e-08 0.00101539 7.77234e-07
6.01327e-08 0.00101539 7.82082e-07
6.01327e-08 0.00101539 7.86929e-07
6.01327e-08 0.00101539 7.91777e-07
6.01327e-08 0.00101539 7.96624e-07
6.01327e-08 0.00101539 8.01472e-07
6.01327e-08 0.00101539 8.06319e-07
6.01327e-08 0.0010154 8.11167e-07
6.01327e-08 0.0010154 8.16014e-07
6.01327e-08 0.0010154 8.20861e-07
6.01327e-08 0.0010154 8.25709e-07
6.01327e-08 0.0010154 8.30556e-07
6.01327e-08 0.0010154 8.35404e-07
6.01327e-08 0.0010154 8.40251e-07
6.01327e-08 0.0010154 8.45099e-07
6.01327e-08 0.0010154 8.49946e-07
6.01327e-08 0.00101541 8.54794e-07
6.01327e-08 0.00101541 8.59641e-07
6.01327e-08 0.00101541 8.64488e-07
6.01327e-08 0.00101541 8.69336e-07
6.01327e-08 0.00101541 8.74183e-07
6.01327e-08 0.00101541 8.79031e-07
6.01327e-08 0.00101541 8.83878e-07
6.01327e-08 0.00101541 8.88726e-07
6.01327e-08 0.00101541 8.93573e-07
6.01327e-08 0.00101542 8.98421e-07
6.01327e-08 0.00101542 9.03268e-07
6.01327e-08 0.00101542 9.08116e-07
6.01327e-08 0.00101542 9.12963e-07
6.01327e-08 0.00101542 9.1781e-07
6.01327e-08 0.00101542 9.22658e-07
6.47283e-08 0.00101533 5.78489e-07
6.47283e-08 0.00101533 5.83336e-07
6.47283e-08 0.00101533 5.88184e-07
6.47283e-08 0.00101534 5.93031e-07
6.47283e-08 0.00101534 5.97879e-07
6.47283e-08 0.00101534 6.02726e-07
6.47283e-08 0.00101534 6.07574e-07
6.47283e-08 0.00101534 6.12421e-07
6.47283e-08 0.00101534 6.17268e-07
6.47283e-08 0.00101534 6.22116e-07
6.47283e-08 0.00101534 6.26963e-07
6.47283e-08 0.00101535 6.31811e-07
6.47283e-08 0.00101535 6.36658e-07
6.47283e-08 0.00101535 6.41506e-07
6.47283e-08 0.00101535 6.46353e-07
6.47283e-08 0.00101535 6.51201e-07
6.47283e-08 0.00101535 6.56048e-07
6.47283e-08 0.00101535 6.60896e-07
6.47283e-08 0.00101535 6.65743e-07
6.47283e-08 0.00101535 6.7059e-07
6.47283e-08 0.00101536 6.75438e-07
6.47283e-08 0.00101536 6.80285e-07
6.47283e-08 0.00101536 6.85133e-07
6.47283e-08 0.00101536 6.8998e-07
6.47283e-08 0.00101536 6.94828e-07
6.47283e-08 0.00101536 6.99675e-07
6.47283e-08 0.00101536 7.04523e-07
6.47283e-08 0.00101536 7.0937e-07
6.47283e-08 0.00101536 7.14217e-07
6.47283e-08 0.00101537 7.19065e-07
6.47283e-08 0.00101537 7.23912e-07
6.47283e-08 0.00101537 7.2876e-07
6.47283e-08 0.00101537 7.33607e-07
6.47283e-08 0.00101537 7.38455e-07
6.47283e-08 0.00101537 7.43302e-07
6.47283e-08 0.00101537 7.4815e-07
6.47283e-08 0.00101537 7.52997e-07
6.47283e-08 0.00101537 7.57845e-07
6.47283e-08 0.00101538 7.62692e-07
6.47283e-08 0.00101538 7.67539e-07
6.47283e-08 0.00101538 7.72387e-07
6.47283e-08 0.00101538 7.77234e-07
6.47283e-08 0.00101538 7.82082e-07
6.47283e-08 0.00101538 7.86929e-07
6.47283e-08 0.00101538 7.91777e-07
6.47283e-08 0.00101538 7.96624e-07
6.47283e-08 0.00101538 8.01472e-07
6.47283e-08 0.00101539 8.06319e-07
6.47283e-08 0.00101539 8.11167e-07
6.47283e-08 0.00101539 8.16014e-07
6.47283e-08 0.00101539 8.20861e-07
6.47283e-08 0.00101539 8.25709e-07
6.47283e-08 0.00101539 8.30556e-07
6.47283e-08 0.00101539 8.35404e-07
6.47283e-08 0.00101539 8.40251e-07
6.47283e-08 0.00101539 8.45099e-07
6.47283e-08 0.0010154 8.49946e-07
6.47283e-08 0.0010154 8.54794e-07
6.47283e-08 0.0010154 8.59641e-07
6.47283e-08 0.0010154 8.64488e-07
6.47283e-08 0.0010154 8.69336e-07
6.47283e-08 0.0010154 8.74183e-07
6.47283e-08 0.0010154 8.79031e-07
6.47283e-08 0.0010154 8.83878e-07
6.47283e-08 0.00101541 8.88726e-07
6.47283e-08 0.00101541 8.93573e-07
6.47283e-08 0.00101541 8.98421e-07
6.47283e-08 0.00101541 9.03268e-07
6.47283e-08 0.00101541 9.08116e-07
6.47283e-08 0.00101541 9.12963e-07
6.47283e-08 0.00101541 9.1781e-07
6.47283e-08 0.00101541 9.22658e-07
6.9324e-08 0.00101532 5.78489e-07
6.9324e-08 0.00101533 5.83336e-07
6.9324e-08 0.00101533 5.88184e-07
6.9324e-08 0.00101533 5.93031e-07
6.9324e-08 0.00101533 5.97879e-07
6.9324e-08 0.00101533 6.02726e-07
6.9324e-08 0.00101533 6.07574e-07
6.9324e-08 0.00101533 6.12421e-07
6.9324e-08 0.00101533 6.17268e-07
6.9324e-08 0.00101533 6.22116e-07
6.9324e-08 0.00101534 6.26963e-07
6.9324e-08 0.00101534 6.31811e-07
6.9324e-08 0.00101534 6.36658e-07
6.9324e-08 0.00101534 6.41506e-07
6.9324e-08 0.00101534 6.46353e-07
6.9324e-08 0.00101534 6.51201e-07
6.9324e-08 0.00101534 6.56048e-07
6.9324e-08 0.00101534 6.60896e-07
6.9324e-08 0.00101534 6.65743e-07
6.9324e-08 0.00101535 6.7059e-07
6.9324e-08 0.00101535 6.75438e-07
6.9324e-08 0.00101535 6.80285e-07
6.9324e-08 0.00101535 6.85133e-07
6.9324e-08 0.00101535 6.8998e-07
6.9324e-08 0.00101535 6.94828e-07
6.9324e-08 0.00101535 6.99675e-07
6.9324e-08 0.00101535 7.04523e-07
6.9324e-08 0.00101535 7.0937e-07
6.9324e-08 0.00101536 7.14217e-07
6.9324e-08 0.00101536 7.19065e-07
6.9324e-08 0.00101536 7.23912e-07
6.9324e-08 0.00101536 7.2876e-07
6.9324e-08 0.00101536 7.33607e-07
6.9324e-08 0.00101536 7.38455e-07
6.9324e-08 0.00101536 7.43302e-07
6.9324e-08 0.00101536 7.4815e-07
6.9324e-08 0.00101537 7.52997e-07
6.9324e-08 0.00101537 7.57845e-07
6.9324e-08 0.00101537 7.62692e-07
6.9324e-08 0.00101537 7.67539e-07
6.9324e-08 0.00101537 7.72387e-07
6.9324e-08 0.00101537 7.77234e-07
6.9324e-08 0.00101537 7.82082e-07
6.9324e-08 0.00101537 7.86929e-07
6.9324e-08 0.00101537 7.91777e-07
6.9324e-08 0.00101538 7.96624e-07
6.9324e-08 0.00101538 8.01472e-07
6.9324e-08 0.00101538 8.06319e-07
6.9324e-08 0.00101538 8.11167e-07
6.9324e-08 0.00101538 8.16014e-07
6.9324e-08 0.00101538 8.20861e-07
6.9324e-08 0.00101538 8.25709e-07
6.9324e-08 0.00101538 8.30556e-07
6.9324e-08 0.00101538 8.35404e-07
6.9324e-08 0.00101539 8.40251e-07
6.9324e-08 0.00101539 8.45099e-07
6.9324e-08 0.00101539 8.49946e-07
6.9324e-08 0.00101539 8.54794e-07
6.9324e-08 0.00101539 8.59641e-07
6.9324e-08 0.00101539 8.64488e-07
6.9324e-08 0.00101539 8.69336e-07
6.9324e-08 0.00101539 8.74183e-07
6.9324e-08 0.00101539 8.79031e-07
6.9324e-08 0.0010154 8.83878e-07
6.9324e-08 0.0010154 8.88726e-07
6.9324e-08 0.0010154 8.93573e-07
6.9324e-08 0.0010154 8.98421e-07
6.9324e-08 0.0010154 9.03268e-07
6.9324e-08 0.0010154 9.08116e-07
6.9324e-08 0.0010154 9.12963e-07
6.9324e-08 0.0010154 9.1781e-07
6.9324e-08 0.0010154 9.22658e-07
7.39196e-08 0.00101532 5.78489e-07
7.39196e-08 0.00101532 5.83336e-07
7.39196e-08 0.00101532 5.88184e-07
7.39196e-08 0.00101532 5.93031e-07
7.39196e-08 0.00101532 5.97879e-07
7.39196e-08 0.00101532 6.02726e-07
7.39196e-08 0.00101532 6.07574e-07
7.39196e-08 0.00101532 6.12421e-07
7.39196e-08 0.00101533 6.17268e-07
7.39196e-08 0.00101533 6.22116e-07
7.39196e-08 0.00101533 6.26963e-07
7.39196e-08 0.00101533 6.31811e-07
7.39196e-08 0.00101533 6.36658e-07
7.39196e-08 0.00101533 6.41506e-07
7.39196e-08 0.00101533 6.46353e-07
7.39196e-08 0.00101533 6.51201e-07
7.39196e-08 0.00101533 6.56048e-07
7.39196e-08 0.00101534 6.60896e-07
7.39196e-08 0.00101534 6.65743e-07
7.39196e-08 0.00101534 6.7059e-07
7.39196e-08 0.00101534 6.75438e-07
7.39196e-08 0.00101534 6.80285e-07
7.39196e-08 0.00101534 6.85133e-07
7.39196e-08 0.00101534 6.8998e-07
7.39196e-08 0.00101534 6.94828e-07
7.39196e-08 0.00101534 6.99675e-07
7.39196e-08 0.00101535 7.04523e-07
7.39196e-08 0.00101535 7.0937e-07
7.39196e-08 0.00101535 7.14217e-07
7.39196e-08 0.00101535 7.19065e-07
7.39196e-08 0.00101535 7.23912e-07
7.39196e-08 0.00101535 7.2876e-07
7.39196e-08 0.00101535 7.33607e-07
7.39196e-08 0.00101535 7.38455e-07
7.39196e-08 0.00101535 7.43302e-07
7.39196e-08 0.00101536 7.4815e-07
7.39196e-08 0.00101536 7.52997e-07
7.39196e-08 0.00101536 7.57845e-07
7.39196e-08 0.00101536 7.62692e-07
7.39196e-08 0.00101536 7.67539e-07
7.39196e-08 0.00101536 7.72387e-07
7.39196e-08 0.00101536 7.77234e-07
7.39196e-08 0.00101536 7.82082e-07
7.39196e-08 0.00101537 7.86929e-07
7.39196e-08 0.00101537 7.91777e-07
7.39196e-08 0.00101537 7.96624e-07
7.39196e-08 0.00101537 8.01472e-07
7.39196e-08 0.00101537 8.06319e-07
7.39196e-08 0.00101537 8.11167e-07
7.39196e-08 0.00101537 8.16014e-07
7.39196e-08 0.00101537 8.20861e-07
7.39196e-08 0.00101537 8.25709e-07
7.39196e-08 0.00101538 8.30556e-07
7.39196e-08 0.00101538 8.35404e-07
7.39196e-08 0.00101538 8.40251e-07
7.39196e-08 0.00101538 8.45099e-07
7.39196e-08 0.00101538 8.49946e-07
7.39196e-08 0.00101538 8.54794e-07
7.39196e-08 0.00101538 8.59641e-07
7.39196e-08 0.00101538 8.64488e-07
7.39196e-08 0.00101538 8.69336e-07
7.39196e-08 0.00101539 8.74183e-07
7.39196e-08 0.00101539 8.79031e-07
7.39196e-08 0.00101539 8.83878e-07
7.39196e-08 0.00101539 8.88726e-07
7.39196e-08 0.00101539 8.93573e-07
7.39196e-08 0.00101539 8.98421e-07
7.39196e-08 0.00101539 9.03268e-07
7.39196e-08 0.00101539 9.08116e-07
7.39196e-08 0.00101539 9.12963e-07
7.39196e-08 0.0010154 9.1781e-07
7.39196e-08 0.0010154 9.22658e-07
8.10888e-08 0.00101539 9.27505e-07
7.85152e-08 0.00101539 9.27505e-07
8.10888e-08 0.00101538 9.22658e-07
7.85152e-08 0.00101539 9.22658e-07
8.10888e-08 0.00101538 9.1781e-07
7.85152e-08 0.00101539 9.1781e-07
8.10888e-08 0.00101538 9.12963e-07
7.85152e-08 0.00101539 9.12963e-07
8.10888e-08 0.00101538 9.08116e-07
7.85152e-08 0.00101539 9.08116e-07
8.10888e-08 0.00101538 9.03268e-07
7.85152e-08 0.00101538 9.03268e-07
8.10888e-08 0.00101538 8.98421e-07
7.85152e-08 0.00101538 8.98421e-07
8.10888e-08 0.00101538 8.93573e-07
7.85152e-08 0.00101538 8.93573e-07
8.10888e-08 0.00101538 8.88726e-07
7.85152e-08 0.00101538 8.88726e-07
8.10888e-08 0.00101537 8.83878e-07
7.85152e-08 0.00101538 8.83878e-07
8.10888e-08 0.00101537 8.79031e-07
7.85152e-08 0.00101538 8.79031e-07
8.10888e-08 0.00101537 8.74183e-07
7.85152e-08 0.00101538 8.74183e-07
8.10888e-08 0.00101537 8.69336e-07
7.85152e-08 0.00101538 8.69336e-07
8.10888e-08 0.00101537 8.64488e-07
7.85152e-08 0.00101538 8.64488e-07
8.10888e-08 0.00101537 8.59641e-07
7.85152e-08 0.00101537 8.59641e-07
8.10888e-08 0.00101537 8.54794e-07
7.85152e-08 0.00101537 8.54794e-07
8.10888e-08 0.00101537 8.49946e-07
7.85152e-08 0.00101537 8.49946e-07
8.10888e-08 0.00101537 8.45099e-07
7.85152e-08 0.00101537 8.45099e-07
8.10888e-08 0.00101536 8.40251e-07
7.85152e-08 0.00101537 8.40251e-07
8.10888e-08 0.00101536 8.35404e-07
7.85152e-08 0.00101537 8.35404e-07
8.10888e-08 0.00101536 8.30556e-07
7.85152e-08 0.00101537 8.30556e-07
8.10888e-08 0.00101536 8.25709e-07
7.85152e-08 0.00101537 8.25709e-07
8.10888e-08 0.00101536 8.20861e-07
7.85152e-08 0.00101536 8.20861e-07
8.10888e-08 0.00101536 8.16014e-07
7.85152e-08 0.00101536 8.16014e-07
8.10888e-08 0.00101536 8.11167e-07
7.85152e-08 0.00101536 8.11167e-07
8.10888e-08 0.00101536 8.06319e-07
7.85152e-08 0.00101536 8.06319e-07
8.10888e-08 0.00101536 8.01472e-07
7.85152e-08 0.00101536 8.01472e-07
8.10888e-08 0.00101535 7.96624e-07
7.85152e-08 0.00101536 7.96624e-07
8.10888e-08 0.00101535 7.91777e-07
7.85152e-08 0.00101536 7.91777e-07
8.10888e-08 0.00101535 7.86929e-07
7.85152e-08 0.00101536 7.86929e-07
8.10888e-08 0.00101535 7.82082e-07
7.85152e-08 0.00101536 7.82082e-07
8.10888e-08 0.00101535 7.77234e-07
7.85152e-08 0.00101535 7.77234e-07
8.10888e-08 0.00101535 7.72387e-07
7.85152e-08 0.00101535 7.72387e-07
8.10888e-08 0.00101535 7.67539e-07
7.85152e-08 0.00101535 7.67539e-07
8.10888e-08 0.00101535 7.62692e-07
7.85152e-08 0.00101535 7.62692e-07
8.10888e-08 0.00101535 7.57845e-07
7.85152e-08 0.00101535 7.57845e-07
8.10888e-08 0.00101534 7.52997e-07
7.85152e-08 0.00101535 7.52997e-07
8.10888e-08 0.00101534 7.4815e-07
7.85152e-08 0.00101535 7.4815e-07
8.10888e-08 0.00101534 7.43302e-07
7.85152e-08 0.00101535 7.43302e-07
8.10888e-08 0.00101534 7.38455e-07
7.85152e-08 0.00101535 7.38455e-07
8.10888e-08 0.00101534 7.33607e-07
7.85152e-08 0.00101534 7.33607e-07
8.10888e-08 0.00101534 7.2876e-07
7.85152e-08 0.00101534 7.2876e-07
8.10888e-08 0.00101534 7.23912e-07
7.85152e-08 0.00101534 7.23912e-07
8.10888e-08 0.00101534 7.19065e-07
7.85152e-08 0.00101534 7.19065e-07
8.10888e-08 0.00101534 7.14217e-07
7.85152e-08 0.00101534 7.14217e-07
8.10888e-08 0.00101533 7.0937e-07
7.85152e-08 0.00101534 7.0937e-07
8.10888e-08 0.00101533 7.04523e-07
7.85152e-08 0.00101534 7.04523e-07
8.10888e-08 0.00101533 6.99675e-07
7.85152e-08 0.00101534 6.99675e-07
8.10888e-08 0.00101533 6.94828e-07
7.85152e-08 0.00101534 6.94828e-07
8.10888e-08 0.00101533 6.8998e-07
7.85152e-08 0.00101533 6.8998e-07
8.10888e-08 0.00101533 6.85133e-07
7.85152e-08 0.00101533 6.85133e-07
8.10888e-08 0.00101533 6.80285e-07
7.85152e-08 0.00101533 6.80285e-07
8.10888e-08 0.00101533 6.75438e-07
7.85152e-08 0.00101533 6.75438e-07
8.10888e-08 0.00101533 6.7059e-07
7.85152e-08 0.00101533 6.7059e-07
8.10888e-08 0.00101532 6.65743e-07
7.85152e-08 0.00101533 6.65743e-07
8.10888e-08 0.00101532 6.60896e-07
7.85152e-08 0.00101533 6.60896e-07
8.10888e-08 0.00101532 6.56048e-07
7.85152e-08 0.00101533 6.56048e-07
8.10888e-08 0.00101532 6.51201e-07
7.85152e-08 0.00101533 6.51201e-07
8.10888e-08 0.00101532 6.46353e-07
7.85152e-08 0.00101532 6.46353e-07
8.10888e-08 0.00101532 6.41506e-07
7.85152e-08 0.00101532 6.41506e-07
8.10888e-08 0.00101532 6.36658e-07
7.85152e-08 0.00101532 6.36658e-07
8.10888e-08 0.00101532 6.31811e-07
7.85152e-08 0.00101532 6.31811e-07
8.10888e-08 0.00101531 6.26963e-07
7.85152e-08 0.00101532 6.26963e-07
8.10888e-08 0.00101531 6.22116e-07
7.85152e-08 0.00101532 6.22116e-07
8.10888e-08 0.00101531 6.17268e-07
7.85152e-08 0.00101532 6.17268e-07
8.10888e-08 0.00101531 6.12421e-07
7.85152e-08 0.00101532 6.12421e-07
8.10888e-08 0.00101531 6.07574e-07
7.85152e-08 0.00101531 6.07574e-07
8.10888e-08 0.00101531 6.02726e-07
7.85152e-08 0.00101531 6.02726e-07
8.10888e-08 0.00101531 5.97879e-07
7.85152e-08 0.00101531 5.97879e-07
8.10888e-08 0.00101531 5.93031e-07
7.85152e-08 0.00101531 5.93031e-07
8.10888e-08 0.00101531 5.88184e-07
7.85152e-08 0.00101531 5.88184e-07
8.10888e-08 0.0010153 5.83336e-07
7.85152e-08 0.00101531 5.83336e-07
8.10888e-08 0.0010153 5.78489e-07
7.85152e-08 0.00101531 5.78489e-07
8.10888e-08 0.0010153 5.73641e-07
7.85152e-08 0.00101531 5.73641e-07
4.63458e-08 0.00101545 9.27505e-07
4.37722e-08 0.00101545 9.27505e-07
4.63458e-08 0.00101545 9.22658e-07
4.37722e-08 0.00101545 9.22658e-07
4.63458e-08 0.00101544 9.1781e-07
4.37722e-08 0.00101545 9.1781e-07
4.63458e-08 0.00101544 9.12963e-07
4.37722e-08 0.00101545 9.12963e-07
4.63458e-08 0.00101544 9.08116e-07
4.37722e-08 0.00101545 9.08116e-07
4.63458e-08 0.00101544 9.03268e-07
4.37722e-08 0.00101545 9.03268e-07
4.63458e-08 0.00101544 8.98421e-07
4.37722e-08 0.00101544 8.98421e-07
4.63458e-08 0.00101544 8.93573e-07
4.37722e-08 0.00101544 8.93573e-07
4.63458e-08 0.00101544 8.88726e-07
4.37722e-08 0.00101544 8.88726e-07
4.63458e-08 0.00101544 8.83878e-07
4.37722e-08 0.00101544 8.83878e-07
4.63458e-08 0.00101544 8.79031e-07
4.37722e-08 0.00101544 8.79031e-07
4.63458e-08 0.00101543 8.74183e-07
4.37722e-08 0.00101544 8.74183e-07
4.63458e-08 0.00101543 8.69336e-07
4.37722e-08 0.00101544 8.69336e-07
4.63458e-08 0.00101543 8.64488e-07
4.37722e-08 0.00101544 8.64488e-07
4.63458e-08 0.00101543 8.59641e-07
4.37722e-08 0.00101544 8.59641e-07
4.63458e-08 0.00101543 8.54794e-07
4.37722e-08 0.00101543 8.54794e-07
4.63458e-08 0.00101543 8.49946e-07
4.37722e-08 0.00101543 8.49946e-07
4.63458e-08 0.00101543 8.45099e-07
4.37722e-08 0.00101543 8.45099e-07
4.63458e-08 0.00101543 8.40251e-07
4.37722e-08 0.00101543 8.40251e-07
4.63458e-08 0.00101543 8.35404e-07
4.37722e-08 0.00101543 8.35404e-07
4.63458e-08 0.00101542 8.30556e-07
4.37722e-08 0.00101543 8.30556e-07
4.63458e-08 0.00101542 8.25709e-07
4.37722e-08 0.00101543 8.25709e-07
4.63458e-08 0.00101542 8.20861e-07
4.37722e-08 0.00101543 8.20861e-07
4.63458e-08 0.00101542 8.16014e-07
4.37722e-08 0.00101543 8.16014e-07
4.63458e-08 0.00101542 8.11167e-07
4.37722e-08 0.00101542 8.11167e-07
4.63458e-08 0.00101542 8.06319e-07
4.37722e-08 0.00101542 8.06319e-07
4.63458e-08 0.00101542 8.01472e-07
4.37722e-08 0.00101542 8.01472e-07
4.63458e-08 0.00101542 7.96624e-07
4.37722e-08 0.00101542 7.96624e-07
4.63458e-08 0.00101542 7.91777e-07
4.37722e-08 0.00101542 7.91777e-07
4.63458e-08 0.00101541 7.86929e-07
4.37722e-08 0.00101542 7.86929e-07
4.63458e-08 0.00101541 7.82082e-07
4.37722e-08 0.00101542 7.82082e-07
4.63458e-08 0.00101541 7.77234e-07
4.37722e-08 0.00101542 7.77234e-07
4.63458e-08 0.00101541 7.72387e-07
4.37722e-08 0.00101542 7.72387e-07
4.63458e-08 0.00101541 7.67539e-07
4.37722e-08 0.00101541 7.67539e-07
4.63458e-08 0.00101541 7.62692e-07
4.37722e-08 0.00101541 7.62692e-07
4.63458e-08 0.00101541 7.57845e-07
4.37722e-08 0.00101541 7.57845e-07
4.63458e-08 0.00101541 7.52997e-07
4.37722e-08 0.00101541 7.52997e-07
4.63458e-08 0.0010154 7.4815e-07
4.37722e-08 0.00101541 7.4815e-07
4.63458e-08 0.0010154 7.43302e-07
4.37722e-08 0.00101541 7.43302e-07
4.63458e-08 0.0010154 7.38455e-07
4.37722e-08 0.00101541 7.38455e-07
4.63458e-08 0.0010154 7.33607e-07
4.37722e-08 0.00101541 7.33607e-07
4.63458e-08 0.0010154 7.2876e-07
4.37722e-08 0.0010154 7.2876e-07
4.63458e-08 0.0010154 7.23912e-07
4.37722e-08 0.0010154 7.23912e-07
4.63458e-08 0.0010154 7.19065e-07
4.37722e-08 0.0010154 7.19065e-07
4.63458e-08 0.0010154 7.14217e-07
4.37722e-08 0.0010154 7.14217e-07
4.63458e-08 0.0010154 7.0937e-07
4.37722e-08 0.0010154 7.0937e-07
4.63458e-08 0.00101539 7.04523e-07
4.37722e-08 0.0010154 7.04523e-07
4.63458e-08 0.00101539 6.99675e-07
4.37722e-08 0.0010154 6.99675e-07
4.63458e-08 0.00101539 6.94828e-07
4.37722e-08 0.0010154 6.94828e-07
4.63458e-08 0.00101539 6.8998e-07
4.37722e-08 0.0010154 6.8998e-07
4.63458e-08 0.00101539 6.85133e-07
4.37722e-08 0.00101539 6.85133e-07
4.63458e-08 0.00101539 6.80285e-07
4.37722e-08 0.00101539 6.80285e-07
4.63458e-08 0.00101539 6.75438e-07
4.37722e-08 0.00101539 6.75438e-07
4.63458e-08 0.00101539 6.7059e-07
4.37722e-08 0.00101539 6.7059e-07
4.63458e-08 0.00101539 6.65743e-07
4.37722e-08 0.00101539 6.65743e-07
4.63458e-08 0.00101538 6.60896e-07
4.37722e-08 0.00101539 6.60896e-07
4.63458e-08 0.00101538 6.56048e-07
4.37722e-08 0.00101539 6.56048e-07
4.63458e-08 0.00101538 6.51201e-07
4.37722e-08 0.00101539 6.51201e-07
4.63458e-08 0.00101538 6.46353e-07
4.37722e-08 0.00101539 6.46353e-07
4.63458e-08 0.00101538 6.41506e-07
4.37722e-08 0.00101538 6.41506e-07
4.63458e-08 0.00101538 6.36658e-07
4.37722e-08 0.00101538 6.36658e-07
4.63458e-08 0.00101538 6.31811e-07
4.37722e-08 0.00101538 6.31811e-07
4.63458e-08 0.00101538 6.26963e-07
4.37722e-08 0.00101538 6.26963e-07
4.63458e-08 0.00101538 6.22116e-07
4.37722e-08 0.00101538 6.22116e-07
4.63458e-08 0.00101537 6.17268e-07
4.37722e-08 0.00101538 6.17268e-07
4.63458e-08 0.00101537 6.12421e-07
4.37722e-08 0.00101538 6.12421e-07
4.63458e-08 0.00101537 6.07574e-07
4.37722e-08 0.00101538 6.07574e-07
4.63458e-08 0.00101537 6.02726e-07
4.37722e-08 0.00101538 6.02726e-07
4.63458e-08 0.00101537 5.97879e-07
4.37722e-08 0.00101537 5.97879e-07
4.63458e-08 0.00101537 5.93031e-07
4.37722e-08 0.00101537 5.93031e-07
4.63458e-08 0.00101537 5.88184e-07
4.37722e-08 0.00101537 5.88184e-07
4.63458e-08 0.00101537 5.83336e-07
4.37722e-08 0.00101537 5.83336e-07
4.63458e-08 0.00101537 5.78489e-07
4.37722e-08 0.00101537 5.78489e-07
4.63458e-08 0.00101536 5.73641e-07
4.37722e-08 0.00101537 5.73641e-07
