1.36526e-07 0.00410079 4.50892e-06
1.36526e-07 0.00410046 2.50934e-06
3.18306e-07 0.00410049 4.50892e-06
3.18306e-07 0.00410016 2.50934e-06
1.36526e-07 0.00410079 4.48153e-06
1.36526e-07 0.00410078 4.45414e-06
1.36526e-07 0.00410078 4.42674e-06
1.36526e-07 0.00410077 4.39935e-06
1.36526e-07 0.00410077 4.37196e-06
1.36526e-07 0.00410077 4.34457e-06
1.36526e-07 0.00410076 4.31718e-06
1.36526e-07 0.00410076 4.28979e-06
1.36526e-07 0.00410075 4.26239e-06
1.36526e-07 0.00410075 4.235e-06
1.36526e-07 0.00410074 4.20761e-06
1.36526e-07 0.00410074 4.18022e-06
1.36526e-07 0.00410073 4.15283e-06
1.36526e-07 0.00410073 4.12544e-06
1.36526e-07 0.00410072 4.09805e-06
1.36526e-07 0.00410072 4.07065e-06
1.36526e-07 0.00410072 4.04326e-06
1.36526e-07 0.00410071 4.01587e-06
1.36526e-07 0.00410071 3.98848e-06
1.36526e-07 0.0041007 3.96109e-06
1.36526e-07 0.0041007 3.9337e-06
1.36526e-07 0.00410069 3.9063e-06
1.36526e-07 0.00410069 3.87891e-06
1.36526e-07 0.00410068 3.85152e-06
1.36526e-07 0.00410068 3.82413e-06
1.36526e-07 0.00410067 3.79674e-06
1.36526e-07 0.00410067 3.76935e-06
1.36526e-07 0.00410067 3.74196e-06
1.36526e-07 0.00410066 3.71456e-06
1.36526e-07 0.00410066 3.68717e-06
1.36526e-07 0.00410065 3.65978e-06
1.36526e-07 0.00410065 3.63239e-06
1.36526e-07 0.00410064 3.605e-06
1.36526e-07 0.00410064 3.57761e-06
1.36526e-07 0.00410063 3.55021e-06
1.36526e-07 0.00410063 3.52282e-06
1.36526e-07 0.00410063 3.49543e-06
1.36526e-07 0.00410062 3.46804e-06
1.36526e-07 0.00410062 3.44065e-06
1.36526e-07 0.00410061 3.41326e-06
1.36526e-07 0.00410061 3.38587e-06
1.36526e-07 0.0041006 3.35847e-06
1.36526e-07 0.0041006 3.33108e-06
1.36526e-07 0.00410059 3.30369e-06
1.36526e-07 0.00410059 3.2763e-06
1.36526e-07 0.00410058 3.24891e-06
1.36526e-07 0.00410058 3.22152e-06
1.36526e-07 0.00410058 3.19412e-06
1.36526e-07 0.00410057 3.16673e-06
1.36526e-07 0.00410057 3.13934e-06
1.36526e-07 0.00410056 3.11195e-06
1.36526e-07 0.00410056 3.08456e-06
1.36526e-07 0.00410055 3.05717e-06
1.36526e-07 0.00410055 3.02978e-06
1.36526e-07 0.00410054 3.00238e-06
1.36526e-07 0.00410054 2.97499e-06
1.36526e-07 0.00410054 2.9476e-06
1.36526e-07 0.00410053 2.92021e-06
1.36526e-07 0.00410053 2.89282e-06
1.36526e-07 0.00410052 2.86543e-06
1.36526e-07 0.00410052 2.83804e-06
1.36526e-07 0.00410051 2.81064e-06
1.36526e-07 0.00410051 2.78325e-06
1.36526e-07 0.0041005 2.75586e-06
1.36526e-07 0.0041005 2.72847e-06
1.36526e-07 0.0041005 2.70108e-06
1.36526e-07 0.00410049 2.67369e-06
1.36526e-07 0.00410049 2.64629e-06
1.36526e-07 0.00410048 2.6189e-06
1.36526e-07 0.00410048 2.59151e-06
1.36526e-07 0.00410047 2.56412e-06
1.36526e-07 0.00410047 2.53673e-06
1.62494e-07 0.00410042 2.50934e-06
1.88463e-07 0.00410038 2.50934e-06
2.14431e-07 0.00410034 2.50934e-06
2.404e-07 0.00410029 2.50934e-06
2.66369e-07 0.00410025 2.50934e-06
2.92337e-07 0.00410021 2.50934e-06
1.62494e-07 0.00410075 4.50892e-06
1.88463e-07 0.00410071 4.50892e-06
2.14431e-07 0.00410066 4.50892e-06
2.404e-07 0.00410062 4.50892e-06
2.66369e-07 0.00410058 4.50892e-06
2.92337e-07 0.00410054 4.50892e-06
3.18306e-07 0.00410017 2.53673e-06
3.18306e-07 0.00410017 2.56412e-06
3.18306e-07 0.00410018 2.59151e-06
3.18306e-07 0.00410018 2.6189e-06
3.18306e-07 0.00410019 2.64629e-06
3.18306e-07 0.00410019 2.67369e-06
3.18306e-07 0.0041002 2.70108e-06
3.18306e-07 0.0041002 2.72847e-06
3.18306e-07 0.0041002 2.75586e-06
3.18306e-07 0.00410021 2.78325e-06
3.18306e-07 0.00410021 2.81064e-06
3.18306e-07 0.00410022 2.83804e-06
3.18306e-07 0.00410022 2.86543e-06
3.18306e-07 0.00410023 2.89282e-06
3.18306e-07 0.00410023 2.92021e-06
3.18306e-07 0.00410024 2.9476e-06
3.18306e-07 0.00410024 2.97499e-06
3.18306e-07 0.00410024 3.00238e-06
3.18306e-07 0.00410025 3.02978e-06
3.18306e-07 0.00410025 3.05717e-06
3.18306e-07 0.00410026 3.08456e-06
3.18306e-07 0.00410026 3.11195e-06
3.18306e-07 0.00410027 3.13934e-06
3.18306e-07 0.00410027 3.16673e-06
3.18306e-07 0.00410028 3.19412e-06
3.18306e-07 0.00410028 3.22152e-06
3.18306e-07 0.00410029 3.24891e-06
3.18306e-07 0.00410029 3.2763e-06
3.18306e-07 0.00410029 3.30369e-06
3.18306e-07 0.0041003 3.33108e-06
3.18306e-07 0.0041003 3.35847e-06
3.18306e-07 0.00410031 3.38587e-06
3.18306e-07 0.00410031 3.41326e-06
3.18306e-07 0.00410032 3.44065e-06
3.18306e-07 0.00410032 3.46804e-06
3.18306e-07 0.00410033 3.49543e-06
3.18306e-07 0.00410033 3.52282e-06
3.18306e-07 0.00410033 3.55021e-06
3.18306e-07 0.00410034 3.57761e-06
3.18306e-07 0.00410034 3.605e-06
3.18306e-07 0.00410035 3.63239e-06
3.18306e-07 0.00410035 3.65978e-06
3.18306e-07 0.00410036 3.68717e-06
3.18306e-07 0.00410036 3.71456e-06
3.18306e-07 0.00410037 3.74196e-06
3.18306e-07 0.00410037 3.76935e-06
3.18306e-07 0.00410038 3.79674e-06
3.18306e-07 0.00410038 3.82413e-06
3.18306e-07 0.00410038 3.85152e-06
3.18306e-07 0.00410039 3.87891e-06
3.18306e-07 0.00410039 3.9063e-06
3.18306e-07 0.0041004 3.9337e-06
3.18306e-07 0.0041004 3.96109e-06
3.18306e-07 0.00410041 3.98848e-06
3.18306e-07 0.00410041 4.01587e-06
3.18306e-07 0.00410042 4.04326e-06
3.18306e-07 0.00410042 4.07065e-06
3.18306e-07 0.00410042 4.09805e-06
3.18306e-07 0.00410043 4.12544e-06
3.18306e-07 0.00410043 4.15283e-06
3.18306e-07 0.00410044 4.18022e-06
3.18306e-07 0.00410044 4.20761e-06
3.18306e-07 0.00410045 4.235e-06
3.18306e-07 0.00410045 4.26239e-06
3.18306e-07 0.00410046 4.28979e-06
3.18306e-07 0.00410046 4.31718e-06
3.18306e-07 0.00410047 4.34457e-06
3.18306e-07 0.00410047 4.37196e-06
3.18306e-07 0.00410047 4.39935e-06
3.18306e-07 0.00410048 4.42674e-06
3.18306e-07 0.00410048 4.45414e-06
3.18306e-07 0.00410049 4.48153e-06
1.62494e-07 0.00410043 2.53673e-06
1.62494e-07 0.00410043 2.56412e-06
1.62494e-07 0.00410043 2.59151e-06
1.62494e-07 0.00410044 2.6189e-06
1.62494e-07 0.00410044 2.64629e-06
1.62494e-07 0.00410045 2.67369e-06
1.62494e-07 0.00410045 2.70108e-06
1.62494e-07 0.00410046 2.72847e-06
1.62494e-07 0.00410046 2.75586e-06
1.62494e-07 0.00410047 2.78325e-06
1.62494e-07 0.00410047 2.81064e-06
1.62494e-07 0.00410047 2.83804e-06
1.62494e-07 0.00410048 2.86543e-06
1.62494e-07 0.00410048 2.89282e-06
1.62494e-07 0.00410049 2.92021e-06
1.62494e-07 0.00410049 2.9476e-06
1.62494e-07 0.0041005 2.97499e-06
1.62494e-07 0.0041005 3.00238e-06
1.62494e-07 0.00410051 3.02978e-06
1.62494e-07 0.00410051 3.05717e-06
1.62494e-07 0.00410052 3.08456e-06
1.62494e-07 0.00410052 3.11195e-06
1.62494e-07 0.00410052 3.13934e-06
1.62494e-07 0.00410053 3.16673e-06
1.62494e-07 0.00410053 3.19412e-06
1.62494e-07 0.00410054 3.22152e-06
1.62494e-07 0.00410054 3.24891e-06
1.62494e-07 0.00410055 3.2763e-06
1.62494e-07 0.00410055 3.30369e-06
1.62494e-07 0.00410056 3.33108e-06
1.62494e-07 0.00410056 3.35847e-06
1.62494e-07 0.00410056 3.38587e-06
1.62494e-07 0.00410057 3.41326e-06
1.62494e-07 0.00410057 3.44065e-06
1.62494e-07 0.00410058 3.46804e-06
1.62494e-07 0.00410058 3.49543e-06
1.62494e-07 0.00410059 3.52282e-06
1.62494e-07 0.00410059 3.55021e-06
1.62494e-07 0.0041006 3.57761e-06
1.62494e-07 0.0041006 3.605e-06
1.62494e-07 0.00410061 3.63239e-06
1.62494e-07 0.00410061 3.65978e-06
1.62494e-07 0.00410061 3.68717e-06
1.62494e-07 0.00410062 3.71456e-06
1.62494e-07 0.00410062 3.74196e-06
1.62494e-07 0.00410063 3.76935e-06
1.62494e-07 0.00410063 3.79674e-06
1.62494e-07 0.00410064 3.82413e-06
1.62494e-07 0.00410064 3.85152e-06
1.62494e-07 0.00410065 3.87891e-06
1.62494e-07 0.00410065 3.9063e-06
1.62494e-07 0.00410065 3.9337e-06
1.62494e-07 0.00410066 3.96109e-06
1.62494e-07 0.00410066 3.98848e-06
1.62494e-07 0.00410067 4.01587e-06
1.62494e-07 0.00410067 4.04326e-06
1.62494e-07 0.00410068 4.07065e-06
1.62494e-07 0.00410068 4.09805e-06
1.62494e-07 0.00410069 4.12544e-06
1.62494e-07 0.00410069 4.15283e-06
1.62494e-07 0.0041007 4.18022e-06
1.62494e-07 0.0041007 4.20761e-06
1.62494e-07 0.0041007 4.235e-06
1.62494e-07 0.00410071 4.26239e-06
1.62494e-07 0.00410071 4.28979e-06
1.62494e-07 0.00410072 4.31718e-06
1.62494e-07 0.00410072 4.34457e-06
1.62494e-07 0.00410073 4.37196e-06
1.62494e-07 0.00410073 4.39935e-06
1.62494e-07 0.00410074 4.42674e-06
1.62494e-07 0.00410074 4.45414e-06
1.62494e-07 0.00410074 4.48153e-06
1.88463e-07 0.00410038 2.53673e-06
1.88463e-07 0.00410039 2.56412e-06
1.88463e-07 0.00410039 2.59151e-06
1.88463e-07 0.0041004 2.6189e-06
1.88463e-07 0.0041004 2.64629e-06
1.88463e-07 0.00410041 2.67369e-06
1.88463e-07 0.00410041 2.70108e-06
1.88463e-07 0.00410041 2.72847e-06
1.88463e-07 0.00410042 2.75586e-06
1.88463e-07 0.00410042 2.78325e-06
1.88463e-07 0.00410043 2.81064e-06
1.88463e-07 0.00410043 2.83804e-06
1.88463e-07 0.00410044 2.86543e-06
1.88463e-07 0.00410044 2.89282e-06
1.88463e-07 0.00410045 2.92021e-06
1.88463e-07 0.00410045 2.9476e-06
1.88463e-07 0.00410045 2.97499e-06
1.88463e-07 0.00410046 3.00238e-06
1.88463e-07 0.00410046 3.02978e-06
1.88463e-07 0.00410047 3.05717e-06
1.88463e-07 0.00410047 3.08456e-06
1.88463e-07 0.00410048 3.11195e-06
1.88463e-07 0.00410048 3.13934e-06
1.88463e-07 0.00410049 3.16673e-06
1.88463e-07 0.00410049 3.19412e-06
1.88463e-07 0.0041005 3.22152e-06
1.88463e-07 0.0041005 3.24891e-06
1.88463e-07 0.0041005 3.2763e-06
1.88463e-07 0.00410051 3.30369e-06
1.88463e-07 0.00410051 3.33108e-06
1.88463e-07 0.00410052 3.35847e-06
1.88463e-07 0.00410052 3.38587e-06
1.88463e-07 0.00410053 3.41326e-06
1.88463e-07 0.00410053 3.44065e-06
1.88463e-07 0.00410054 3.46804e-06
1.88463e-07 0.00410054 3.49543e-06
1.88463e-07 0.00410054 3.52282e-06
1.88463e-07 0.00410055 3.55021e-06
1.88463e-07 0.00410055 3.57761e-06
1.88463e-07 0.00410056 3.605e-06
1.88463e-07 0.00410056 3.63239e-06
1.88463e-07 0.00410057 3.65978e-06
1.88463e-07 0.00410057 3.68717e-06
1.88463e-07 0.00410058 3.71456e-06
1.88463e-07 0.00410058 3.74196e-06
1.88463e-07 0.00410058 3.76935e-06
1.88463e-07 0.00410059 3.79674e-06
1.88463e-07 0.00410059 3.82413e-06
1.88463e-07 0.0041006 3.85152e-06
1.88463e-07 0.0041006 3.87891e-06
1.88463e-07 0.00410061 3.9063e-06
1.88463e-07 0.00410061 3.9337e-06
1.88463e-07 0.00410062 3.96109e-06
1.88463e-07 0.00410062 3.98848e-06
1.88463e-07 0.00410063 4.01587e-06
1.88463e-07 0.00410063 4.04326e-06
1.88463e-07 0.00410063 4.07065e-06
1.88463e-07 0.00410064 4.09805e-06
1.88463e-07 0.00410064 4.12544e-06
1.88463e-07 0.00410065 4.15283e-06
1.88463e-07 0.00410065 4.18022e-06
1.88463e-07 0.00410066 4.20761e-06
1.88463e-07 0.00410066 4.235e-06
1.88463e-07 0.00410067 4.26239e-06
1.88463e-07 0.00410067 4.28979e-06
1.88463e-07 0.00410067 4.31718e-06
1.88463e-07 0.00410068 4.34457e-06
1.88463e-07 0.00410068 4.37196e-06
1.88463e-07 0.00410069 4.39935e-06
1.88463e-07 0.00410069 4.42674e-06
1.88463e-07 0.0041007 4.45414e-06
1.88463e-07 0.0041007 4.48153e-06
2.14431e-07 0.00410034 2.53673e-06
2.14431e-07 0.00410034 2.56412e-06
2.14431e-07 0.00410035 2.59151e-06
2.14431e-07 0.00410035 2.6189e-06
2.14431e-07 0.00410036 2.64629e-06
2.14431e-07 0.00410036 2.67369e-06
2.14431e-07 0.00410037 2.70108e-06
2.14431e-07 0.00410037 2.72847e-06
2.14431e-07 0.00410038 2.75586e-06
2.14431e-07 0.00410038 2.78325e-06
2.14431e-07 0.00410038 2.81064e-06
2.14431e-07 0.00410039 2.83804e-06
2.14431e-07 0.00410039 2.86543e-06
2.14431e-07 0.0041004 2.89282e-06
2.14431e-07 0.0041004 2.92021e-06
2.14431e-07 0.00410041 2.9476e-06
2.14431e-07 0.00410041 2.97499e-06
2.14431e-07 0.00410042 3.00238e-06
2.14431e-07 0.00410042 3.02978e-06
2.14431e-07 0.00410043 3.05717e-06
2.14431e-07 0.00410043 3.08456e-06
2.14431e-07 0.00410043 3.11195e-06
2.14431e-07 0.00410044 3.13934e-06
2.14431e-07 0.00410044 3.16673e-06
2.14431e-07 0.00410045 3.19412e-06
2.14431e-07 0.00410045 3.22152e-06
2.14431e-07 0.00410046 3.24891e-06
2.14431e-07 0.00410046 3.2763e-06
2.14431e-07 0.00410047 3.30369e-06
2.14431e-07 0.00410047 3.33108e-06
2.14431e-07 0.00410047 3.35847e-06
2.14431e-07 0.00410048 3.38587e-06
2.14431e-07 0.00410048 3.41326e-06
2.14431e-07 0.00410049 3.44065e-06
2.14431e-07 0.00410049 3.46804e-06
2.14431e-07 0.0041005 3.49543e-06
2.14431e-07 0.0041005 3.52282e-06
2.14431e-07 0.00410051 3.55021e-06
2.14431e-07 0.00410051 3.57761e-06
2.14431e-07 0.00410052 3.605e-06
2.14431e-07 0.00410052 3.63239e-06
2.14431e-07 0.00410052 3.65978e-06
2.14431e-07 0.00410053 3.68717e-06
2.14431e-07 0.00410053 3.71456e-06
2.14431e-07 0.00410054 3.74196e-06
2.14431e-07 0.00410054 3.76935e-06
2.14431e-07 0.00410055 3.79674e-06
2.14431e-07 0.00410055 3.82413e-06
2.14431e-07 0.00410056 3.85152e-06
2.14431e-07 0.00410056 3.87891e-06
2.14431e-07 0.00410056 3.9063e-06
2.14431e-07 0.00410057 3.9337e-06
2.14431e-07 0.00410057 3.96109e-06
2.14431e-07 0.00410058 3.98848e-06
2.14431e-07 0.00410058 4.01587e-06
2.14431e-07 0.00410059 4.04326e-06
2.14431e-07 0.00410059 4.07065e-06
2.14431e-07 0.0041006 4.09805e-06
2.14431e-07 0.0041006 4.12544e-06
2.14431e-07 0.0041006 4.15283e-06
2.14431e-07 0.00410061 4.18022e-06
2.14431e-07 0.00410061 4.20761e-06
2.14431e-07 0.00410062 4.235e-06
2.14431e-07 0.00410062 4.26239e-06
2.14431e-07 0.00410063 4.28979e-06
2.14431e-07 0.00410063 4.31718e-06
2.14431e-07 0.00410064 4.34457e-06
2.14431e-07 0.00410064 4.37196e-06
2.14431e-07 0.00410065 4.39935e-06
2.14431e-07 0.00410065 4.42674e-06
2.14431e-07 0.00410065 4.45414e-06
2.14431e-07 0.00410066 4.48153e-06
2.404e-07 0.0041003 2.53673e-06
2.404e-07 0.0041003 2.56412e-06
2.404e-07 0.00410031 2.59151e-06
2.404e-07 0.00410031 2.6189e-06
2.404e-07 0.00410031 2.64629e-06
2.404e-07 0.00410032 2.67369e-06
2.404e-07 0.00410032 2.70108e-06
2.404e-07 0.00410033 2.72847e-06
2.404e-07 0.00410033 2.75586e-06
2.404e-07 0.00410034 2.78325e-06
2.404e-07 0.00410034 2.81064e-06
2.404e-07 0.00410035 2.83804e-06
2.404e-07 0.00410035 2.86543e-06
2.404e-07 0.00410036 2.89282e-06
2.404e-07 0.00410036 2.92021e-06
2.404e-07 0.00410036 2.9476e-06
2.404e-07 0.00410037 2.97499e-06
2.404e-07 0.00410037 3.00238e-06
2.404e-07 0.00410038 3.02978e-06
2.404e-07 0.00410038 3.05717e-06
2.404e-07 0.00410039 3.08456e-06
2.404e-07 0.00410039 3.11195e-06
2.404e-07 0.0041004 3.13934e-06
2.404e-07 0.0041004 3.16673e-06
2.404e-07 0.0041004 3.19412e-06
2.404e-07 0.00410041 3.22152e-06
2.404e-07 0.00410041 3.24891e-06
2.404e-07 0.00410042 3.2763e-06
2.404e-07 0.00410042 3.30369e-06
2.404e-07 0.00410043 3.33108e-06
2.404e-07 0.00410043 3.35847e-06
2.404e-07 0.00410044 3.38587e-06
2.404e-07 0.00410044 3.41326e-06
2.404e-07 0.00410045 3.44065e-06
2.404e-07 0.00410045 3.46804e-06
2.404e-07 0.00410045 3.49543e-06
2.404e-07 0.00410046 3.52282e-06
2.404e-07 0.00410046 3.55021e-06
2.404e-07 0.00410047 3.57761e-06
2.404e-07 0.00410047 3.605e-06
2.404e-07 0.00410048 3.63239e-06
2.404e-07 0.00410048 3.65978e-06
2.404e-07 0.00410049 3.68717e-06
2.404e-07 0.00410049 3.71456e-06
2.404e-07 0.0041005 3.74196e-06
2.404e-07 0.0041005 3.76935e-06
2.404e-07 0.0041005 3.79674e-06
2.404e-07 0.00410051 3.82413e-06
2.404e-07 0.00410051 3.85152e-06
2.404e-07 0.00410052 3.87891e-06
2.404e-07 0.00410052 3.9063e-06
2.404e-07 0.00410053 3.9337e-06
2.404e-07 0.00410053 3.96109e-06
2.404e-07 0.00410054 3.98848e-06
2.404e-07 0.00410054 4.01587e-06
2.404e-07 0.00410054 4.04326e-06
2.404e-07 0.00410055 4.07065e-06
2.404e-07 0.00410055 4.09805e-06
2.404e-07 0.00410056 4.12544e-06
2.404e-07 0.00410056 4.15283e-06
2.404e-07 0.00410057 4.18022e-06
2.404e-07 0.00410057 4.20761e-06
2.404e-07 0.00410058 4.235e-06
2.404e-07 0.00410058 4.26239e-06
2.404e-07 0.00410058 4.28979e-06
2.404e-07 0.00410059 4.31718e-06
2.404e-07 0.00410059 4.34457e-06
2.404e-07 0.0041006 4.37196e-06
2.404e-07 0.0041006 4.39935e-06
2.404e-07 0.00410061 4.42674e-06
2.404e-07 0.00410061 4.45414e-06
2.404e-07 0.00410062 4.48153e-06
2.66369e-07 0.00410025 2.53673e-06
2.66369e-07 0.00410026 2.56412e-06
2.66369e-07 0.00410026 2.59151e-06
2.66369e-07 0.00410027 2.6189e-06
2.66369e-07 0.00410027 2.64629e-06
2.66369e-07 0.00410028 2.67369e-06
2.66369e-07 0.00410028 2.70108e-06
2.66369e-07 0.00410029 2.72847e-06
2.66369e-07 0.00410029 2.75586e-06
2.66369e-07 0.00410029 2.78325e-06
2.66369e-07 0.0041003 2.81064e-06
2.66369e-07 0.0041003 2.83804e-06
2.66369e-07 0.00410031 2.86543e-06
2.66369e-07 0.00410031 2.89282e-06
2.66369e-07 0.00410032 2.92021e-06
2.66369e-07 0.00410032 2.9476e-06
2.66369e-07 0.00410033 2.97499e-06
2.66369e-07 0.00410033 3.00238e-06
2.66369e-07 0.00410034 3.02978e-06
2.66369e-07 0.00410034 3.05717e-06
2.66369e-07 0.00410034 3.08456e-06
2.66369e-07 0.00410035 3.11195e-06
2.66369e-07 0.00410035 3.13934e-06
2.66369e-07 0.00410036 3.16673e-06
2.66369e-07 0.00410036 3.19412e-06
2.66369e-07 0.00410037 3.22152e-06
2.66369e-07 0.00410037 3.24891e-06
2.66369e-07 0.00410038 3.2763e-06
2.66369e-07 0.00410038 3.30369e-06
2.66369e-07 0.00410038 3.33108e-06
2.66369e-07 0.00410039 3.35847e-06
2.66369e-07 0.00410039 3.38587e-06
2.66369e-07 0.0041004 3.41326e-06
2.66369e-07 0.0041004 3.44065e-06
2.66369e-07 0.00410041 3.46804e-06
2.66369e-07 0.00410041 3.49543e-06
2.66369e-07 0.00410042 3.52282e-06
2.66369e-07 0.00410042 3.55021e-06
2.66369e-07 0.00410043 3.57761e-06
2.66369e-07 0.00410043 3.605e-06
2.66369e-07 0.00410043 3.63239e-06
2.66369e-07 0.00410044 3.65978e-06
2.66369e-07 0.00410044 3.68717e-06
2.66369e-07 0.00410045 3.71456e-06
2.66369e-07 0.00410045 3.74196e-06
2.66369e-07 0.00410046 3.76935e-06
2.66369e-07 0.00410046 3.79674e-06
2.66369e-07 0.00410047 3.82413e-06
2.66369e-07 0.00410047 3.85152e-06
2.66369e-07 0.00410047 3.87891e-06
2.66369e-07 0.00410048 3.9063e-06
2.66369e-07 0.00410048 3.9337e-06
2.66369e-07 0.00410049 3.96109e-06
2.66369e-07 0.00410049 3.98848e-06
2.66369e-07 0.0041005 4.01587e-06
2.66369e-07 0.0041005 4.04326e-06
2.66369e-07 0.00410051 4.07065e-06
2.66369e-07 0.00410051 4.09805e-06
2.66369e-07 0.00410052 4.12544e-06
2.66369e-07 0.00410052 4.15283e-06
2.66369e-07 0.00410052 4.18022e-06
2.66369e-07 0.00410053 4.20761e-06
2.66369e-07 0.00410053 4.235e-06
2.66369e-07 0.00410054 4.26239e-06
2.66369e-07 0.00410054 4.28979e-06
2.66369e-07 0.00410055 4.31718e-06
2.66369e-07 0.00410055 4.34457e-06
2.66369e-07 0.00410056 4.37196e-06
2.66369e-07 0.00410056 4.39935e-06
2.66369e-07 0.00410056 4.42674e-06
2.66369e-07 0.00410057 4.45414e-06
2.66369e-07 0.00410057 4.48153e-06
2.92337e-07 0.00410021 2.53673e-06
2.92337e-07 0.00410022 2.56412e-06
2.92337e-07 0.00410022 2.59151e-06
2.92337e-07 0.00410022 2.6189e-06
2.92337e-07 0.00410023 2.64629e-06
2.92337e-07 0.00410023 2.67369e-06
2.92337e-07 0.00410024 2.70108e-06
2.92337e-07 0.00410024 2.72847e-06
2.92337e-07 0.00410025 2.75586e-06
2.92337e-07 0.00410025 2.78325e-06
2.92337e-07 0.00410026 2.81064e-06
2.92337e-07 0.00410026 2.83804e-06
2.92337e-07 0.00410027 2.86543e-06
2.92337e-07 0.00410027 2.89282e-06
2.92337e-07 0.00410027 2.92021e-06
2.92337e-07 0.00410028 2.9476e-06
2.92337e-07 0.00410028 2.97499e-06
2.92337e-07 0.00410029 3.00238e-06
2.92337e-07 0.00410029 3.02978e-06
2.92337e-07 0.0041003 3.05717e-06
2.92337e-07 0.0041003 3.08456e-06
2.92337e-07 0.00410031 3.11195e-06
2.92337e-07 0.00410031 3.13934e-06
2.92337e-07 0.00410031 3.16673e-06
2.92337e-07 0.00410032 3.19412e-06
2.92337e-07 0.00410032 3.22152e-06
2.92337e-07 0.00410033 3.24891e-06
2.92337e-07 0.00410033 3.2763e-06
2.92337e-07 0.00410034 3.30369e-06
2.92337e-07 0.00410034 3.33108e-06
2.92337e-07 0.00410035 3.35847e-06
2.92337e-07 0.00410035 3.38587e-06
2.92337e-07 0.00410036 3.41326e-06
2.92337e-07 0.00410036 3.44065e-06
2.92337e-07 0.00410036 3.46804e-06
2.92337e-07 0.00410037 3.49543e-06
2.92337e-07 0.00410037 3.52282e-06
2.92337e-07 0.00410038 3.55021e-06
2.92337e-07 0.00410038 3.57761e-06
2.92337e-07 0.00410039 3.605e-06
2.92337e-07 0.00410039 3.63239e-06
2.92337e-07 0.0041004 3.65978e-06
2.92337e-07 0.0041004 3.68717e-06
2.92337e-07 0.0041004 3.71456e-06
2.92337e-07 0.00410041 3.74196e-06
2.92337e-07 0.00410041 3.76935e-06
2.92337e-07 0.00410042 3.79674e-06
2.92337e-07 0.00410042 3.82413e-06
2.92337e-07 0.00410043 3.85152e-06
2.92337e-07 0.00410043 3.87891e-06
2.92337e-07 0.00410044 3.9063e-06
2.92337e-07 0.00410044 3.9337e-06
2.92337e-07 0.00410045 3.96109e-06
2.92337e-07 0.00410045 3.98848e-06
2.92337e-07 0.00410045 4.01587e-06
2.92337e-07 0.00410046 4.04326e-06
2.92337e-07 0.00410046 4.07065e-06
2.92337e-07 0.00410047 4.09805e-06
2.92337e-07 0.00410047 4.12544e-06
2.92337e-07 0.00410048 4.15283e-06
2.92337e-07 0.00410048 4.18022e-06
2.92337e-07 0.00410049 4.20761e-06
2.92337e-07 0.00410049 4.235e-06
2.92337e-07 0.00410049 4.26239e-06
2.92337e-07 0.0041005 4.28979e-06
2.92337e-07 0.0041005 4.31718e-06
2.92337e-07 0.00410051 4.34457e-06
2.92337e-07 0.00410051 4.37196e-06
2.92337e-07 0.00410052 4.39935e-06
2.92337e-07 0.00410052 4.42674e-06
2.92337e-07 0.00410053 4.45414e-06
2.92337e-07 0.00410053 4.48153e-06
3.32848e-07 0.00410047 4.50892e-06
3.18306e-07 0.00410049 4.50892e-06
3.32848e-07 0.00410046 4.48153e-06
3.18306e-07 0.00410049 4.48153e-06
3.32848e-07 0.00410046 4.45414e-06
3.18306e-07 0.00410048 4.45414e-06
3.32848e-07 0.00410045 4.42674e-06
3.18306e-07 0.00410048 4.42674e-06
3.32848e-07 0.00410045 4.39935e-06
3.18306e-07 0.00410047 4.39935e-06
3.32848e-07 0.00410045 4.37196e-06
3.18306e-07 0.00410047 4.37196e-06
3.32848e-07 0.00410044 4.34457e-06
3.18306e-07 0.00410047 4.34457e-06
3.32848e-07 0.00410044 4.31718e-06
3.18306e-07 0.00410046 4.31718e-06
3.32848e-07 0.00410043 4.28979e-06
3.18306e-07 0.00410046 4.28979e-06
3.32848e-07 0.00410043 4.26239e-06
3.18306e-07 0.00410045 4.26239e-06
3.32848e-07 0.00410042 4.235e-06
3.18306e-07 0.00410045 4.235e-06
3.32848e-07 0.00410042 4.20761e-06
3.18306e-07 0.00410044 4.20761e-06
3.32848e-07 0.00410041 4.18022e-06
3.18306e-07 0.00410044 4.18022e-06
3.32848e-07 0.00410041 4.15283e-06
3.18306e-07 0.00410043 4.15283e-06
3.32848e-07 0.00410041 4.12544e-06
3.18306e-07 0.00410043 4.12544e-06
3.32848e-07 0.0041004 4.09805e-06
3.18306e-07 0.00410042 4.09805e-06
3.32848e-07 0.0041004 4.07065e-06
3.18306e-07 0.00410042 4.07065e-06
3.32848e-07 0.00410039 4.04326e-06
3.18306e-07 0.00410042 4.04326e-06
3.32848e-07 0.00410039 4.01587e-06
3.18306e-07 0.00410041 4.01587e-06
3.32848e-07 0.00410038 3.98848e-06
3.18306e-07 0.00410041 3.98848e-06
3.32848e-07 0.00410038 3.96109e-06
3.18306e-07 0.0041004 3.96109e-06
3.32848e-07 0.00410037 3.9337e-06
3.18306e-07 0.0041004 3.9337e-06
3.32848e-07 0.00410037 3.9063e-06
3.18306e-07 0.00410039 3.9063e-06
3.32848e-07 0.00410037 3.87891e-06
3.18306e-07 0.00410039 3.87891e-06
3.32848e-07 0.00410036 3.85152e-06
3.18306e-07 0.00410038 3.85152e-06
3.32848e-07 0.00410036 3.82413e-06
3.18306e-07 0.00410038 3.82413e-06
3.32848e-07 0.00410035 3.79674e-06
3.18306e-07 0.00410038 3.79674e-06
3.32848e-07 0.00410035 3.76935e-06
3.18306e-07 0.00410037 3.76935e-06
3.32848e-07 0.00410034 3.74196e-06
3.18306e-07 0.00410037 3.74196e-06
3.32848e-07 0.00410034 3.71456e-06
3.18306e-07 0.00410036 3.71456e-06
3.32848e-07 0.00410033 3.68717e-06
3.18306e-07 0.00410036 3.68717e-06
3.32848e-07 0.00410033 3.65978e-06
3.18306e-07 0.00410035 3.65978e-06
3.32848e-07 0.00410032 3.63239e-06
3.18306e-07 0.00410035 3.63239e-06
3.32848e-07 0.00410032 3.605e-06
3.18306e-07 0.00410034 3.605e-06
3.32848e-07 0.00410032 3.57761e-06
3.18306e-07 0.00410034 3.57761e-06
3.32848e-07 0.00410031 3.55021e-06
3.18306e-07 0.00410033 3.55021e-06
3.32848e-07 0.00410031 3.52282e-06
3.18306e-07 0.00410033 3.52282e-06
3.32848e-07 0.0041003 3.49543e-06
3.18306e-07 0.00410033 3.49543e-06
3.32848e-07 0.0041003 3.46804e-06
3.18306e-07 0.00410032 3.46804e-06
3.32848e-07 0.00410029 3.44065e-06
3.18306e-07 0.00410032 3.44065e-06
3.32848e-07 0.00410029 3.41326e-06
3.18306e-07 0.00410031 3.41326e-06
3.32848e-07 0.00410028 3.38587e-06
3.18306e-07 0.00410031 3.38587e-06
3.32848e-07 0.00410028 3.35847e-06
3.18306e-07 0.0041003 3.35847e-06
3.32848e-07 0.00410028 3.33108e-06
3.18306e-07 0.0041003 3.33108e-06
3.32848e-07 0.00410027 3.30369e-06
3.18306e-07 0.00410029 3.30369e-06
3.32848e-07 0.00410027 3.2763e-06
3.18306e-07 0.00410029 3.2763e-06
3.32848e-07 0.00410026 3.24891e-06
3.18306e-07 0.00410029 3.24891e-06
3.32848e-07 0.00410026 3.22152e-06
3.18306e-07 0.00410028 3.22152e-06
3.32848e-07 0.00410025 3.19412e-06
3.18306e-07 0.00410028 3.19412e-06
3.32848e-07 0.00410025 3.16673e-06
3.18306e-07 0.00410027 3.16673e-06
3.32848e-07 0.00410024 3.13934e-06
3.18306e-07 0.00410027 3.13934e-06
3.32848e-07 0.00410024 3.11195e-06
3.18306e-07 0.00410026 3.11195e-06
3.32848e-07 0.00410023 3.08456e-06
3.18306e-07 0.00410026 3.08456e-06
3.32848e-07 0.00410023 3.05717e-06
3.18306e-07 0.00410025 3.05717e-06
3.32848e-07 0.00410023 3.02978e-06
3.18306e-07 0.00410025 3.02978e-06
3.32848e-07 0.00410022 3.00238e-06
3.18306e-07 0.00410024 3.00238e-06
3.32848e-07 0.00410022 2.97499e-06
3.18306e-07 0.00410024 2.97499e-06
3.32848e-07 0.00410021 2.9476e-06
3.18306e-07 0.00410024 2.9476e-06
3.32848e-07 0.00410021 2.92021e-06
3.18306e-07 0.00410023 2.92021e-06
3.32848e-07 0.0041002 2.89282e-06
3.18306e-07 0.00410023 2.89282e-06
3.32848e-07 0.0041002 2.86543e-06
3.18306e-07 0.00410022 2.86543e-06
3.32848e-07 0.00410019 2.83804e-06
3.18306e-07 0.00410022 2.83804e-06
3.32848e-07 0.00410019 2.81064e-06
3.18306e-07 0.00410021 2.81064e-06
3.32848e-07 0.00410018 2.78325e-06
3.18306e-07 0.00410021 2.78325e-06
3.32848e-07 0.00410018 2.75586e-06
3.18306e-07 0.0041002 2.75586e-06
3.32848e-07 0.00410018 2.72847e-06
3.18306e-07 0.0041002 2.72847e-06
3.32848e-07 0.00410017 2.70108e-06
3.18306e-07 0.0041002 2.70108e-06
3.32848e-07 0.00410017 2.67369e-06
3.18306e-07 0.00410019 2.67369e-06
3.32848e-07 0.00410016 2.64629e-06
3.18306e-07 0.00410019 2.64629e-06
3.32848e-07 0.00410016 2.6189e-06
3.18306e-07 0.00410018 2.6189e-06
3.32848e-07 0.00410015 2.59151e-06
3.18306e-07 0.00410018 2.59151e-06
3.32848e-07 0.00410015 2.56412e-06
3.18306e-07 0.00410017 2.56412e-06
3.32848e-07 0.00410014 2.53673e-06
3.18306e-07 0.00410017 2.53673e-06
3.32848e-07 0.00410014 2.50934e-06
3.18306e-07 0.00410016 2.50934e-06
1.36526e-07 0.00410079 4.50892e-06
1.21983e-07 0.00410082 4.50892e-06
1.36526e-07 0.00410079 4.48153e-06
1.21983e-07 0.00410081 4.48153e-06
1.36526e-07 0.00410078 4.45414e-06
1.21983e-07 0.00410081 4.45414e-06
1.36526e-07 0.00410078 4.42674e-06
1.21983e-07 0.0041008 4.42674e-06
1.36526e-07 0.00410077 4.39935e-06
1.21983e-07 0.0041008 4.39935e-06
1.36526e-07 0.00410077 4.37196e-06
1.21983e-07 0.00410079 4.37196e-06
1.36526e-07 0.00410077 4.34457e-06
1.21983e-07 0.00410079 4.34457e-06
1.36526e-07 0.00410076 4.31718e-06
1.21983e-07 0.00410078 4.31718e-06
1.36526e-07 0.00410076 4.28979e-06
1.21983e-07 0.00410078 4.28979e-06
1.36526e-07 0.00410075 4.26239e-06
1.21983e-07 0.00410078 4.26239e-06
1.36526e-07 0.00410075 4.235e-06
1.21983e-07 0.00410077 4.235e-06
1.36526e-07 0.00410074 4.20761e-06
1.21983e-07 0.00410077 4.20761e-06
1.36526e-07 0.00410074 4.18022e-06
1.21983e-07 0.00410076 4.18022e-06
1.36526e-07 0.00410073 4.15283e-06
1.21983e-07 0.00410076 4.15283e-06
1.36526e-07 0.00410073 4.12544e-06
1.21983e-07 0.00410075 4.12544e-06
1.36526e-07 0.00410072 4.09805e-06
1.21983e-07 0.00410075 4.09805e-06
1.36526e-07 0.00410072 4.07065e-06
1.21983e-07 0.00410074 4.07065e-06
1.36526e-07 0.00410072 4.04326e-06
1.21983e-07 0.00410074 4.04326e-06
1.36526e-07 0.00410071 4.01587e-06
1.21983e-07 0.00410073 4.01587e-06
1.36526e-07 0.00410071 3.98848e-06
1.21983e-07 0.00410073 3.98848e-06
1.36526e-07 0.0041007 3.96109e-06
1.21983e-07 0.00410073 3.96109e-06
1.36526e-07 0.0041007 3.9337e-06
1.21983e-07 0.00410072 3.9337e-06
1.36526e-07 0.00410069 3.9063e-06
1.21983e-07 0.00410072 3.9063e-06
1.36526e-07 0.00410069 3.87891e-06
1.21983e-07 0.00410071 3.87891e-06
1.36526e-07 0.00410068 3.85152e-06
1.21983e-07 0.00410071 3.85152e-06
1.36526e-07 0.00410068 3.82413e-06
1.21983e-07 0.0041007 3.82413e-06
1.36526e-07 0.00410067 3.79674e-06
1.21983e-07 0.0041007 3.79674e-06
1.36526e-07 0.00410067 3.76935e-06
1.21983e-07 0.00410069 3.76935e-06
1.36526e-07 0.00410067 3.74196e-06
1.21983e-07 0.00410069 3.74196e-06
1.36526e-07 0.00410066 3.71456e-06
1.21983e-07 0.00410069 3.71456e-06
1.36526e-07 0.00410066 3.68717e-06
1.21983e-07 0.00410068 3.68717e-06
1.36526e-07 0.00410065 3.65978e-06
1.21983e-07 0.00410068 3.65978e-06
1.36526e-07 0.00410065 3.63239e-06
1.21983e-07 0.00410067 3.63239e-06
1.36526e-07 0.00410064 3.605e-06
1.21983e-07 0.00410067 3.605e-06
1.36526e-07 0.00410064 3.57761e-06
1.21983e-07 0.00410066 3.57761e-06
1.36526e-07 0.00410063 3.55021e-06
1.21983e-07 0.00410066 3.55021e-06
1.36526e-07 0.00410063 3.52282e-06
1.21983e-07 0.00410065 3.52282e-06
1.36526e-07 0.00410063 3.49543e-06
1.21983e-07 0.00410065 3.49543e-06
1.36526e-07 0.00410062 3.46804e-06
1.21983e-07 0.00410064 3.46804e-06
1.36526e-07 0.00410062 3.44065e-06
1.21983e-07 0.00410064 3.44065e-06
1.36526e-07 0.00410061 3.41326e-06
1.21983e-07 0.00410064 3.41326e-06
1.36526e-07 0.00410061 3.38587e-06
1.21983e-07 0.00410063 3.38587e-06
1.36526e-07 0.0041006 3.35847e-06
1.21983e-07 0.00410063 3.35847e-06
1.36526e-07 0.0041006 3.33108e-06
1.21983e-07 0.00410062 3.33108e-06
1.36526e-07 0.00410059 3.30369e-06
1.21983e-07 0.00410062 3.30369e-06
1.36526e-07 0.00410059 3.2763e-06
1.21983e-07 0.00410061 3.2763e-06
1.36526e-07 0.00410058 3.24891e-06
1.21983e-07 0.00410061 3.24891e-06
1.36526e-07 0.00410058 3.22152e-06
1.21983e-07 0.0041006 3.22152e-06
1.36526e-07 0.00410058 3.19412e-06
1.21983e-07 0.0041006 3.19412e-06
1.36526e-07 0.00410057 3.16673e-06
1.21983e-07 0.0041006 3.16673e-06
1.36526e-07 0.00410057 3.13934e-06
1.21983e-07 0.00410059 3.13934e-06
1.36526e-07 0.00410056 3.11195e-06
1.21983e-07 0.00410059 3.11195e-06
1.36526e-07 0.00410056 3.08456e-06
1.21983e-07 0.00410058 3.08456e-06
1.36526e-07 0.00410055 3.05717e-06
1.21983e-07 0.00410058 3.05717e-06
1.36526e-07 0.00410055 3.02978e-06
1.21983e-07 0.00410057 3.02978e-06
1.36526e-07 0.00410054 3.00238e-06
1.21983e-07 0.00410057 3.00238e-06
1.36526e-07 0.00410054 2.97499e-06
1.21983e-07 0.00410056 2.97499e-06
1.36526e-07 0.00410054 2.9476e-06
1.21983e-07 0.00410056 2.9476e-06
1.36526e-07 0.00410053 2.92021e-06
1.21983e-07 0.00410056 2.92021e-06
1.36526e-07 0.00410053 2.89282e-06
1.21983e-07 0.00410055 2.89282e-06
1.36526e-07 0.00410052 2.86543e-06
1.21983e-07 0.00410055 2.86543e-06
1.36526e-07 0.00410052 2.83804e-06
1.21983e-07 0.00410054 2.83804e-06
1.36526e-07 0.00410051 2.81064e-06
1.21983e-07 0.00410054 2.81064e-06
1.36526e-07 0.00410051 2.78325e-06
1.21983e-07 0.00410053 2.78325e-06
1.36526e-07 0.0041005 2.75586e-06
1.21983e-07 0.00410053 2.75586e-06
1.36526e-07 0.0041005 2.72847e-06
1.21983e-07 0.00410052 2.72847e-06
1.36526e-07 0.0041005 2.70108e-06
1.21983e-07 0.00410052 2.70108e-06
1.36526e-07 0.00410049 2.67369e-06
1.21983e-07 0.00410051 2.67369e-06
1.36526e-07 0.00410049 2.64629e-06
1.21983e-07 0.00410051 2.64629e-06
1.36526e-07 0.00410048 2.6189e-06
1.21983e-07 0.00410051 2.6189e-06
1.36526e-07 0.00410048 2.59151e-06
1.21983e-07 0.0041005 2.59151e-06
1.36526e-07 0.00410047 2.56412e-06
1.21983e-07 0.0041005 2.56412e-06
1.36526e-07 0.00410047 2.53673e-06
1.21983e-07 0.00410049 2.53673e-06
1.36526e-07 0.00410046 2.50934e-06
1.21983e-07 0.00410049 2.50934e-06
