1.79316e-07 0.00408049 4.26709e-06
1.79316e-07 0.00408014 2.64907e-06
3.26409e-07 0.0040802 4.26709e-06
3.26409e-07 0.00407984 2.64907e-06
1.79316e-07 0.00408049 4.24493e-06
1.79316e-07 0.00408048 4.22276e-06
1.79316e-07 0.00408048 4.2006e-06
1.79316e-07 0.00408047 4.17843e-06
1.79316e-07 0.00408047 4.15627e-06
1.79316e-07 0.00408046 4.1341e-06
1.79316e-07 0.00408046 4.11194e-06
1.79316e-07 0.00408045 4.08977e-06
1.79316e-07 0.00408045 4.06761e-06
1.79316e-07 0.00408044 4.04545e-06
1.79316e-07 0.00408044 4.02328e-06
1.79316e-07 0.00408044 4.00112e-06
1.79316e-07 0.00408043 3.97895e-06
1.79316e-07 0.00408043 3.95679e-06
1.79316e-07 0.00408042 3.93462e-06
1.79316e-07 0.00408042 3.91246e-06
1.79316e-07 0.00408041 3.89029e-06
1.79316e-07 0.00408041 3.86813e-06
1.79316e-07 0.0040804 3.84596e-06
1.79316e-07 0.0040804 3.8238e-06
1.79316e-07 0.00408039 3.80163e-06
1.79316e-07 0.00408039 3.77947e-06
1.79316e-07 0.00408038 3.7573e-06
1.79316e-07 0.00408038 3.73514e-06
1.79316e-07 0.00408037 3.71297e-06
1.79316e-07 0.00408037 3.69081e-06
1.79316e-07 0.00408036 3.66865e-06
1.79316e-07 0.00408036 3.64648e-06
1.79316e-07 0.00408035 3.62432e-06
1.79316e-07 0.00408035 3.60215e-06
1.79316e-07 0.00408034 3.57999e-06
1.79316e-07 0.00408034 3.55782e-06
1.79316e-07 0.00408033 3.53566e-06
1.79316e-07 0.00408033 3.51349e-06
1.79316e-07 0.00408032 3.49133e-06
1.79316e-07 0.00408032 3.46916e-06
1.79316e-07 0.00408031 3.447e-06
1.79316e-07 0.00408031 3.42483e-06
1.79316e-07 0.0040803 3.40267e-06
1.79316e-07 0.0040803 3.3805e-06
1.79316e-07 0.00408029 3.35834e-06
1.79316e-07 0.00408029 3.33618e-06
1.79316e-07 0.00408028 3.31401e-06
1.79316e-07 0.00408028 3.29185e-06
1.79316e-07 0.00408028 3.26968e-06
1.79316e-07 0.00408027 3.24752e-06
1.79316e-07 0.00408027 3.22535e-06
1.79316e-07 0.00408026 3.20319e-06
1.79316e-07 0.00408026 3.18102e-06
1.79316e-07 0.00408025 3.15886e-06
1.79316e-07 0.00408025 3.13669e-06
1.79316e-07 0.00408024 3.11453e-06
1.79316e-07 0.00408024 3.09236e-06
1.79316e-07 0.00408023 3.0702e-06
1.79316e-07 0.00408023 3.04803e-06
1.79316e-07 0.00408022 3.02587e-06
1.79316e-07 0.00408022 3.0037e-06
1.79316e-07 0.00408021 2.98154e-06
1.79316e-07 0.00408021 2.95938e-06
1.79316e-07 0.0040802 2.93721e-06
1.79316e-07 0.0040802 2.91505e-06
1.79316e-07 0.00408019 2.89288e-06
1.79316e-07 0.00408019 2.87072e-06
1.79316e-07 0.00408018 2.84855e-06
1.79316e-07 0.00408018 2.82639e-06
1.79316e-07 0.00408017 2.80422e-06
1.79316e-07 0.00408017 2.78206e-06
1.79316e-07 0.00408016 2.75989e-06
1.79316e-07 0.00408016 2.73773e-06
1.79316e-07 0.00408015 2.71556e-06
1.79316e-07 0.00408015 2.6934e-06
1.79316e-07 0.00408014 2.67123e-06
2.00329e-07 0.0040801 2.64907e-06
2.21342e-07 0.00408006 2.64907e-06
2.42356e-07 0.00408001 2.64907e-06
2.63369e-07 0.00407997 2.64907e-06
2.84382e-07 0.00407993 2.64907e-06
3.05395e-07 0.00407989 2.64907e-06
2.00329e-07 0.00408045 4.26709e-06
2.21342e-07 0.00408041 4.26709e-06
2.42356e-07 0.00408037 4.26709e-06
2.63369e-07 0.00408032 4.26709e-06
2.84382e-07 0.00408028 4.26709e-06
3.05395e-07 0.00408024 4.26709e-06
3.26409e-07 0.00407985 2.67123e-06
3.26409e-07 0.00407985 2.6934e-06
3.26409e-07 0.00407986 2.71556e-06
3.26409e-07 0.00407986 2.73773e-06
3.26409e-07 0.00407987 2.75989e-06
3.26409e-07 0.00407987 2.78206e-06
3.26409e-07 0.00407988 2.80422e-06
3.26409e-07 0.00407988 2.82639e-06
3.26409e-07 0.00407989 2.84855e-06
3.26409e-07 0.00407989 2.87072e-06
3.26409e-07 0.0040799 2.89288e-06
3.26409e-07 0.0040799 2.91505e-06
3.26409e-07 0.00407991 2.93721e-06
3.26409e-07 0.00407991 2.95938e-06
3.26409e-07 0.00407992 2.98154e-06
3.26409e-07 0.00407992 3.0037e-06
3.26409e-07 0.00407993 3.02587e-06
3.26409e-07 0.00407993 3.04803e-06
3.26409e-07 0.00407994 3.0702e-06
3.26409e-07 0.00407994 3.09236e-06
3.26409e-07 0.00407995 3.11453e-06
3.26409e-07 0.00407995 3.13669e-06
3.26409e-07 0.00407996 3.15886e-06
3.26409e-07 0.00407996 3.18102e-06
3.26409e-07 0.00407996 3.20319e-06
3.26409e-07 0.00407997 3.22535e-06
3.26409e-07 0.00407997 3.24752e-06
3.26409e-07 0.00407998 3.26968e-06
3.26409e-07 0.00407998 3.29185e-06
3.26409e-07 0.00407999 3.31401e-06
3.26409e-07 0.00407999 3.33618e-06
3.26409e-07 0.00408 3.35834e-06
3.26409e-07 0.00408 3.3805e-06
3.26409e-07 0.00408001 3.40267e-06
3.26409e-07 0.00408001 3.42483e-06
3.26409e-07 0.00408002 3.447e-06
3.26409e-07 0.00408002 3.46916e-06
3.26409e-07 0.00408003 3.49133e-06
3.26409e-07 0.00408003 3.51349e-06
3.26409e-07 0.00408004 3.53566e-06
3.26409e-07 0.00408004 3.55782e-06
3.26409e-07 0.00408005 3.57999e-06
3.26409e-07 0.00408005 3.60215e-06
3.26409e-07 0.00408006 3.62432e-06
3.26409e-07 0.00408006 3.64648e-06
3.26409e-07 0.00408007 3.66865e-06
3.26409e-07 0.00408007 3.69081e-06
3.26409e-07 0.00408008 3.71297e-06
3.26409e-07 0.00408008 3.73514e-06
3.26409e-07 0.00408009 3.7573e-06
3.26409e-07 0.00408009 3.77947e-06
3.26409e-07 0.0040801 3.80163e-06
3.26409e-07 0.0040801 3.8238e-06
3.26409e-07 0.00408011 3.84596e-06
3.26409e-07 0.00408011 3.86813e-06
3.26409e-07 0.00408011 3.89029e-06
3.26409e-07 0.00408012 3.91246e-06
3.26409e-07 0.00408012 3.93462e-06
3.26409e-07 0.00408013 3.95679e-06
3.26409e-07 0.00408013 3.97895e-06
3.26409e-07 0.00408014 4.00112e-06
3.26409e-07 0.00408014 4.02328e-06
3.26409e-07 0.00408015 4.04545e-06
3.26409e-07 0.00408015 4.06761e-06
3.26409e-07 0.00408016 4.08977e-06
3.26409e-07 0.00408016 4.11194e-06
3.26409e-07 0.00408017 4.1341e-06
3.26409e-07 0.00408017 4.15627e-06
3.26409e-07 0.00408018 4.17843e-06
3.26409e-07 0.00408018 4.2006e-06
3.26409e-07 0.00408019 4.22276e-06
3.26409e-07 0.00408019 4.24493e-06
2.00329e-07 0.0040801 2.67123e-06
2.00329e-07 0.00408011 2.6934e-06
2.00329e-07 0.00408011 2.71556e-06
2.00329e-07 0.00408012 2.73773e-06
2.00329e-07 0.00408012 2.75989e-06
2.00329e-07 0.00408013 2.78206e-06
2.00329e-07 0.00408013 2.80422e-06
2.00329e-07 0.00408014 2.82639e-06
2.00329e-07 0.00408014 2.84855e-06
2.00329e-07 0.00408015 2.87072e-06
2.00329e-07 0.00408015 2.89288e-06
2.00329e-07 0.00408016 2.91505e-06
2.00329e-07 0.00408016 2.93721e-06
2.00329e-07 0.00408017 2.95938e-06
2.00329e-07 0.00408017 2.98154e-06
2.00329e-07 0.00408017 3.0037e-06
2.00329e-07 0.00408018 3.02587e-06
2.00329e-07 0.00408018 3.04803e-06
2.00329e-07 0.00408019 3.0702e-06
2.00329e-07 0.00408019 3.09236e-06
2.00329e-07 0.0040802 3.11453e-06
2.00329e-07 0.0040802 3.13669e-06
2.00329e-07 0.00408021 3.15886e-06
2.00329e-07 0.00408021 3.18102e-06
2.00329e-07 0.00408022 3.20319e-06
2.00329e-07 0.00408022 3.22535e-06
2.00329e-07 0.00408023 3.24752e-06
2.00329e-07 0.00408023 3.26968e-06
2.00329e-07 0.00408024 3.29185e-06
2.00329e-07 0.00408024 3.31401e-06
2.00329e-07 0.00408025 3.33618e-06
2.00329e-07 0.00408025 3.35834e-06
2.00329e-07 0.00408026 3.3805e-06
2.00329e-07 0.00408026 3.40267e-06
2.00329e-07 0.00408027 3.42483e-06
2.00329e-07 0.00408027 3.447e-06
2.00329e-07 0.00408028 3.46916e-06
2.00329e-07 0.00408028 3.49133e-06
2.00329e-07 0.00408029 3.51349e-06
2.00329e-07 0.00408029 3.53566e-06
2.00329e-07 0.0040803 3.55782e-06
2.00329e-07 0.0040803 3.57999e-06
2.00329e-07 0.00408031 3.60215e-06
2.00329e-07 0.00408031 3.62432e-06
2.00329e-07 0.00408032 3.64648e-06
2.00329e-07 0.00408032 3.66865e-06
2.00329e-07 0.00408032 3.69081e-06
2.00329e-07 0.00408033 3.71297e-06
2.00329e-07 0.00408033 3.73514e-06
2.00329e-07 0.00408034 3.7573e-06
2.00329e-07 0.00408034 3.77947e-06
2.00329e-07 0.00408035 3.80163e-06
2.00329e-07 0.00408035 3.8238e-06
2.00329e-07 0.00408036 3.84596e-06
2.00329e-07 0.00408036 3.86813e-06
2.00329e-07 0.00408037 3.89029e-06
2.00329e-07 0.00408037 3.91246e-06
2.00329e-07 0.00408038 3.93462e-06
2.00329e-07 0.00408038 3.95679e-06
2.00329e-07 0.00408039 3.97895e-06
2.00329e-07 0.00408039 4.00112e-06
2.00329e-07 0.0040804 4.02328e-06
2.00329e-07 0.0040804 4.04545e-06
2.00329e-07 0.00408041 4.06761e-06
2.00329e-07 0.00408041 4.08977e-06
2.00329e-07 0.00408042 4.11194e-06
2.00329e-07 0.00408042 4.1341e-06
2.00329e-07 0.00408043 4.15627e-06
2.00329e-07 0.00408043 4.17843e-06
2.00329e-07 0.00408044 4.2006e-06
2.00329e-07 0.00408044 4.22276e-06
2.00329e-07 0.00408045 4.24493e-06
2.21342e-07 0.00408006 2.67123e-06
2.21342e-07 0.00408007 2.6934e-06
2.21342e-07 0.00408007 2.71556e-06
2.21342e-07 0.00408007 2.73773e-06
2.21342e-07 0.00408008 2.75989e-06
2.21342e-07 0.00408008 2.78206e-06
2.21342e-07 0.00408009 2.80422e-06
2.21342e-07 0.00408009 2.82639e-06
2.21342e-07 0.0040801 2.84855e-06
2.21342e-07 0.0040801 2.87072e-06
2.21342e-07 0.00408011 2.89288e-06
2.21342e-07 0.00408011 2.91505e-06
2.21342e-07 0.00408012 2.93721e-06
2.21342e-07 0.00408012 2.95938e-06
2.21342e-07 0.00408013 2.98154e-06
2.21342e-07 0.00408013 3.0037e-06
2.21342e-07 0.00408014 3.02587e-06
2.21342e-07 0.00408014 3.04803e-06
2.21342e-07 0.00408015 3.0702e-06
2.21342e-07 0.00408015 3.09236e-06
2.21342e-07 0.00408016 3.11453e-06
2.21342e-07 0.00408016 3.13669e-06
2.21342e-07 0.00408017 3.15886e-06
2.21342e-07 0.00408017 3.18102e-06
2.21342e-07 0.00408018 3.20319e-06
2.21342e-07 0.00408018 3.22535e-06
2.21342e-07 0.00408019 3.24752e-06
2.21342e-07 0.00408019 3.26968e-06
2.21342e-07 0.0040802 3.29185e-06
2.21342e-07 0.0040802 3.31401e-06
2.21342e-07 0.00408021 3.33618e-06
2.21342e-07 0.00408021 3.35834e-06
2.21342e-07 0.00408022 3.3805e-06
2.21342e-07 0.00408022 3.40267e-06
2.21342e-07 0.00408022 3.42483e-06
2.21342e-07 0.00408023 3.447e-06
2.21342e-07 0.00408023 3.46916e-06
2.21342e-07 0.00408024 3.49133e-06
2.21342e-07 0.00408024 3.51349e-06
2.21342e-07 0.00408025 3.53566e-06
2.21342e-07 0.00408025 3.55782e-06
2.21342e-07 0.00408026 3.57999e-06
2.21342e-07 0.00408026 3.60215e-06
2.21342e-07 0.00408027 3.62432e-06
2.21342e-07 0.00408027 3.64648e-06
2.21342e-07 0.00408028 3.66865e-06
2.21342e-07 0.00408028 3.69081e-06
2.21342e-07 0.00408029 3.71297e-06
2.21342e-07 0.00408029 3.73514e-06
2.21342e-07 0.0040803 3.7573e-06
2.21342e-07 0.0040803 3.77947e-06
2.21342e-07 0.00408031 3.80163e-06
2.21342e-07 0.00408031 3.8238e-06
2.21342e-07 0.00408032 3.84596e-06
2.21342e-07 0.00408032 3.86813e-06
2.21342e-07 0.00408033 3.89029e-06
2.21342e-07 0.00408033 3.91246e-06
2.21342e-07 0.00408034 3.93462e-06
2.21342e-07 0.00408034 3.95679e-06
2.21342e-07 0.00408035 3.97895e-06
2.21342e-07 0.00408035 4.00112e-06
2.21342e-07 0.00408036 4.02328e-06
2.21342e-07 0.00408036 4.04545e-06
2.21342e-07 0.00408036 4.06761e-06
2.21342e-07 0.00408037 4.08977e-06
2.21342e-07 0.00408037 4.11194e-06
2.21342e-07 0.00408038 4.1341e-06
2.21342e-07 0.00408038 4.15627e-06
2.21342e-07 0.00408039 4.17843e-06
2.21342e-07 0.00408039 4.2006e-06
2.21342e-07 0.0040804 4.22276e-06
2.21342e-07 0.0040804 4.24493e-06
2.42356e-07 0.00408002 2.67123e-06
2.42356e-07 0.00408002 2.6934e-06
2.42356e-07 0.00408003 2.71556e-06
2.42356e-07 0.00408003 2.73773e-06
2.42356e-07 0.00408004 2.75989e-06
2.42356e-07 0.00408004 2.78206e-06
2.42356e-07 0.00408005 2.80422e-06
2.42356e-07 0.00408005 2.82639e-06
2.42356e-07 0.00408006 2.84855e-06
2.42356e-07 0.00408006 2.87072e-06
2.42356e-07 0.00408007 2.89288e-06
2.42356e-07 0.00408007 2.91505e-06
2.42356e-07 0.00408008 2.93721e-06
2.42356e-07 0.00408008 2.95938e-06
2.42356e-07 0.00408009 2.98154e-06
2.42356e-07 0.00408009 3.0037e-06
2.42356e-07 0.0040801 3.02587e-06
2.42356e-07 0.0040801 3.04803e-06
2.42356e-07 0.00408011 3.0702e-06
2.42356e-07 0.00408011 3.09236e-06
2.42356e-07 0.00408011 3.11453e-06
2.42356e-07 0.00408012 3.13669e-06
2.42356e-07 0.00408012 3.15886e-06
2.42356e-07 0.00408013 3.18102e-06
2.42356e-07 0.00408013 3.20319e-06
2.42356e-07 0.00408014 3.22535e-06
2.42356e-07 0.00408014 3.24752e-06
2.42356e-07 0.00408015 3.26968e-06
2.42356e-07 0.00408015 3.29185e-06
2.42356e-07 0.00408016 3.31401e-06
2.42356e-07 0.00408016 3.33618e-06
2.42356e-07 0.00408017 3.35834e-06
2.42356e-07 0.00408017 3.3805e-06
2.42356e-07 0.00408018 3.40267e-06
2.42356e-07 0.00408018 3.42483e-06
2.42356e-07 0.00408019 3.447e-06
2.42356e-07 0.00408019 3.46916e-06
2.42356e-07 0.0040802 3.49133e-06
2.42356e-07 0.0040802 3.51349e-06
2.42356e-07 0.00408021 3.53566e-06
2.42356e-07 0.00408021 3.55782e-06
2.42356e-07 0.00408022 3.57999e-06
2.42356e-07 0.00408022 3.60215e-06
2.42356e-07 0.00408023 3.62432e-06
2.42356e-07 0.00408023 3.64648e-06
2.42356e-07 0.00408024 3.66865e-06
2.42356e-07 0.00408024 3.69081e-06
2.42356e-07 0.00408025 3.71297e-06
2.42356e-07 0.00408025 3.73514e-06
2.42356e-07 0.00408026 3.7573e-06
2.42356e-07 0.00408026 3.77947e-06
2.42356e-07 0.00408026 3.80163e-06
2.42356e-07 0.00408027 3.8238e-06
2.42356e-07 0.00408027 3.84596e-06
2.42356e-07 0.00408028 3.86813e-06
2.42356e-07 0.00408028 3.89029e-06
2.42356e-07 0.00408029 3.91246e-06
2.42356e-07 0.00408029 3.93462e-06
2.42356e-07 0.0040803 3.95679e-06
2.42356e-07 0.0040803 3.97895e-06
2.42356e-07 0.00408031 4.00112e-06
2.42356e-07 0.00408031 4.02328e-06
2.42356e-07 0.00408032 4.04545e-06
2.42356e-07 0.00408032 4.06761e-06
2.42356e-07 0.00408033 4.08977e-06
2.42356e-07 0.00408033 4.11194e-06
2.42356e-07 0.00408034 4.1341e-06
2.42356e-07 0.00408034 4.15627e-06
2.42356e-07 0.00408035 4.17843e-06
2.42356e-07 0.00408035 4.2006e-06
2.42356e-07 0.00408036 4.22276e-06
2.42356e-07 0.00408036 4.24493e-06
2.63369e-07 0.00407998 2.67123e-06
2.63369e-07 0.00407998 2.6934e-06
2.63369e-07 0.00407998 2.71556e-06
2.63369e-07 0.00407999 2.73773e-06
2.63369e-07 0.00407999 2.75989e-06
2.63369e-07 0.00408 2.78206e-06
2.63369e-07 0.00408 2.80422e-06
2.63369e-07 0.00408001 2.82639e-06
2.63369e-07 0.00408001 2.84855e-06
2.63369e-07 0.00408002 2.87072e-06
2.63369e-07 0.00408002 2.89288e-06
2.63369e-07 0.00408003 2.91505e-06
2.63369e-07 0.00408003 2.93721e-06
2.63369e-07 0.00408004 2.95938e-06
2.63369e-07 0.00408004 2.98154e-06
2.63369e-07 0.00408005 3.0037e-06
2.63369e-07 0.00408005 3.02587e-06
2.63369e-07 0.00408006 3.04803e-06
2.63369e-07 0.00408006 3.0702e-06
2.63369e-07 0.00408007 3.09236e-06
2.63369e-07 0.00408007 3.11453e-06
2.63369e-07 0.00408008 3.13669e-06
2.63369e-07 0.00408008 3.15886e-06
2.63369e-07 0.00408009 3.18102e-06
2.63369e-07 0.00408009 3.20319e-06
2.63369e-07 0.0040801 3.22535e-06
2.63369e-07 0.0040801 3.24752e-06
2.63369e-07 0.00408011 3.26968e-06
2.63369e-07 0.00408011 3.29185e-06
2.63369e-07 0.00408012 3.31401e-06
2.63369e-07 0.00408012 3.33618e-06
2.63369e-07 0.00408013 3.35834e-06
2.63369e-07 0.00408013 3.3805e-06
2.63369e-07 0.00408014 3.40267e-06
2.63369e-07 0.00408014 3.42483e-06
2.63369e-07 0.00408014 3.447e-06
2.63369e-07 0.00408015 3.46916e-06
2.63369e-07 0.00408015 3.49133e-06
2.63369e-07 0.00408016 3.51349e-06
2.63369e-07 0.00408016 3.53566e-06
2.63369e-07 0.00408017 3.55782e-06
2.63369e-07 0.00408017 3.57999e-06
2.63369e-07 0.00408018 3.60215e-06
2.63369e-07 0.00408018 3.62432e-06
2.63369e-07 0.00408019 3.64648e-06
2.63369e-07 0.00408019 3.66865e-06
2.63369e-07 0.0040802 3.69081e-06
2.63369e-07 0.0040802 3.71297e-06
2.63369e-07 0.00408021 3.73514e-06
2.63369e-07 0.00408021 3.7573e-06
2.63369e-07 0.00408022 3.77947e-06
2.63369e-07 0.00408022 3.80163e-06
2.63369e-07 0.00408023 3.8238e-06
2.63369e-07 0.00408023 3.84596e-06
2.63369e-07 0.00408024 3.86813e-06
2.63369e-07 0.00408024 3.89029e-06
2.63369e-07 0.00408025 3.91246e-06
2.63369e-07 0.00408025 3.93462e-06
2.63369e-07 0.00408026 3.95679e-06
2.63369e-07 0.00408026 3.97895e-06
2.63369e-07 0.00408027 4.00112e-06
2.63369e-07 0.00408027 4.02328e-06
2.63369e-07 0.00408028 4.04545e-06
2.63369e-07 0.00408028 4.06761e-06
2.63369e-07 0.00408029 4.08977e-06
2.63369e-07 0.00408029 4.11194e-06
2.63369e-07 0.00408029 4.1341e-06
2.63369e-07 0.0040803 4.15627e-06
2.63369e-07 0.0040803 4.17843e-06
2.63369e-07 0.00408031 4.2006e-06
2.63369e-07 0.00408031 4.22276e-06
2.63369e-07 0.00408032 4.24493e-06
2.84382e-07 0.00407993 2.67123e-06
2.84382e-07 0.00407994 2.6934e-06
2.84382e-07 0.00407994 2.71556e-06
2.84382e-07 0.00407995 2.73773e-06
2.84382e-07 0.00407995 2.75989e-06
2.84382e-07 0.00407996 2.78206e-06
2.84382e-07 0.00407996 2.80422e-06
2.84382e-07 0.00407997 2.82639e-06
2.84382e-07 0.00407997 2.84855e-06
2.84382e-07 0.00407998 2.87072e-06
2.84382e-07 0.00407998 2.89288e-06
2.84382e-07 0.00407999 2.91505e-06
2.84382e-07 0.00407999 2.93721e-06
2.84382e-07 0.00408 2.95938e-06
2.84382e-07 0.00408 2.98154e-06
2.84382e-07 0.00408001 3.0037e-06
2.84382e-07 0.00408001 3.02587e-06
2.84382e-07 0.00408002 3.04803e-06
2.84382e-07 0.00408002 3.0702e-06
2.84382e-07 0.00408003 3.09236e-06
2.84382e-07 0.00408003 3.11453e-06
2.84382e-07 0.00408003 3.13669e-06
2.84382e-07 0.00408004 3.15886e-06
2.84382e-07 0.00408004 3.18102e-06
2.84382e-07 0.00408005 3.20319e-06
2.84382e-07 0.00408005 3.22535e-06
2.84382e-07 0.00408006 3.24752e-06
2.84382e-07 0.00408006 3.26968e-06
2.84382e-07 0.00408007 3.29185e-06
2.84382e-07 0.00408007 3.31401e-06
2.84382e-07 0.00408008 3.33618e-06
2.84382e-07 0.00408008 3.35834e-06
2.84382e-07 0.00408009 3.3805e-06
2.84382e-07 0.00408009 3.40267e-06
2.84382e-07 0.0040801 3.42483e-06
2.84382e-07 0.0040801 3.447e-06
2.84382e-07 0.00408011 3.46916e-06
2.84382e-07 0.00408011 3.49133e-06
2.84382e-07 0.00408012 3.51349e-06
2.84382e-07 0.00408012 3.53566e-06
2.84382e-07 0.00408013 3.55782e-06
2.84382e-07 0.00408013 3.57999e-06
2.84382e-07 0.00408014 3.60215e-06
2.84382e-07 0.00408014 3.62432e-06
2.84382e-07 0.00408015 3.64648e-06
2.84382e-07 0.00408015 3.66865e-06
2.84382e-07 0.00408016 3.69081e-06
2.84382e-07 0.00408016 3.71297e-06
2.84382e-07 0.00408017 3.73514e-06
2.84382e-07 0.00408017 3.7573e-06
2.84382e-07 0.00408017 3.77947e-06
2.84382e-07 0.00408018 3.80163e-06
2.84382e-07 0.00408018 3.8238e-06
2.84382e-07 0.00408019 3.84596e-06
2.84382e-07 0.00408019 3.86813e-06
2.84382e-07 0.0040802 3.89029e-06
2.84382e-07 0.0040802 3.91246e-06
2.84382e-07 0.00408021 3.93462e-06
2.84382e-07 0.00408021 3.95679e-06
2.84382e-07 0.00408022 3.97895e-06
2.84382e-07 0.00408022 4.00112e-06
2.84382e-07 0.00408023 4.02328e-06
2.84382e-07 0.00408023 4.04545e-06
2.84382e-07 0.00408024 4.06761e-06
2.84382e-07 0.00408024 4.08977e-06
2.84382e-07 0.00408025 4.11194e-06
2.84382e-07 0.00408025 4.1341e-06
2.84382e-07 0.00408026 4.15627e-06
2.84382e-07 0.00408026 4.17843e-06
2.84382e-07 0.00408027 4.2006e-06
2.84382e-07 0.00408027 4.22276e-06
2.84382e-07 0.00408028 4.24493e-06
3.05395e-07 0.00407989 2.67123e-06
3.05395e-07 0.0040799 2.6934e-06
3.05395e-07 0.0040799 2.71556e-06
3.05395e-07 0.00407991 2.73773e-06
3.05395e-07 0.00407991 2.75989e-06
3.05395e-07 0.00407992 2.78206e-06
3.05395e-07 0.00407992 2.80422e-06
3.05395e-07 0.00407992 2.82639e-06
3.05395e-07 0.00407993 2.84855e-06
3.05395e-07 0.00407993 2.87072e-06
3.05395e-07 0.00407994 2.89288e-06
3.05395e-07 0.00407994 2.91505e-06
3.05395e-07 0.00407995 2.93721e-06
3.05395e-07 0.00407995 2.95938e-06
3.05395e-07 0.00407996 2.98154e-06
3.05395e-07 0.00407996 3.0037e-06
3.05395e-07 0.00407997 3.02587e-06
3.05395e-07 0.00407997 3.04803e-06
3.05395e-07 0.00407998 3.0702e-06
3.05395e-07 0.00407998 3.09236e-06
3.05395e-07 0.00407999 3.11453e-06
3.05395e-07 0.00407999 3.13669e-06
3.05395e-07 0.00408 3.15886e-06
3.05395e-07 0.00408 3.18102e-06
3.05395e-07 0.00408001 3.20319e-06
3.05395e-07 0.00408001 3.22535e-06
3.05395e-07 0.00408002 3.24752e-06
3.05395e-07 0.00408002 3.26968e-06
3.05395e-07 0.00408003 3.29185e-06
3.05395e-07 0.00408003 3.31401e-06
3.05395e-07 0.00408004 3.33618e-06
3.05395e-07 0.00408004 3.35834e-06
3.05395e-07 0.00408005 3.3805e-06
3.05395e-07 0.00408005 3.40267e-06
3.05395e-07 0.00408006 3.42483e-06
3.05395e-07 0.00408006 3.447e-06
3.05395e-07 0.00408007 3.46916e-06
3.05395e-07 0.00408007 3.49133e-06
3.05395e-07 0.00408007 3.51349e-06
3.05395e-07 0.00408008 3.53566e-06
3.05395e-07 0.00408008 3.55782e-06
3.05395e-07 0.00408009 3.57999e-06
3.05395e-07 0.00408009 3.60215e-06
3.05395e-07 0.0040801 3.62432e-06
3.05395e-07 0.0040801 3.64648e-06
3.05395e-07 0.00408011 3.66865e-06
3.05395e-07 0.00408011 3.69081e-06
3.05395e-07 0.00408012 3.71297e-06
3.05395e-07 0.00408012 3.73514e-06
3.05395e-07 0.00408013 3.7573e-06
3.05395e-07 0.00408013 3.77947e-06
3.05395e-07 0.00408014 3.80163e-06
3.05395e-07 0.00408014 3.8238e-06
3.05395e-07 0.00408015 3.84596e-06
3.05395e-07 0.00408015 3.86813e-06
3.05395e-07 0.00408016 3.89029e-06
3.05395e-07 0.00408016 3.91246e-06
3.05395e-07 0.00408017 3.93462e-06
3.05395e-07 0.00408017 3.95679e-06
3.05395e-07 0.00408018 3.97895e-06
3.05395e-07 0.00408018 4.00112e-06
3.05395e-07 0.00408019 4.02328e-06
3.05395e-07 0.00408019 4.04545e-06
3.05395e-07 0.0040802 4.06761e-06
3.05395e-07 0.0040802 4.08977e-06
3.05395e-07 0.00408021 4.11194e-06
3.05395e-07 0.00408021 4.1341e-06
3.05395e-07 0.00408022 4.15627e-06
3.05395e-07 0.00408022 4.17843e-06
3.05395e-07 0.00408022 4.2006e-06
3.05395e-07 0.00408023 4.22276e-06
3.05395e-07 0.00408023 4.24493e-06
3.38176e-07 0.00408017 4.26709e-06
3.26409e-07 0.0040802 4.26709e-06
3.38176e-07 0.00408017 4.24493e-06
3.26409e-07 0.00408019 4.24493e-06
3.38176e-07 0.00408016 4.22276e-06
3.26409e-07 0.00408019 4.22276e-06
3.38176e-07 0.00408016 4.2006e-06
3.26409e-07 0.00408018 4.2006e-06
3.38176e-07 0.00408015 4.17843e-06
3.26409e-07 0.00408018 4.17843e-06
3.38176e-07 0.00408015 4.15627e-06
3.26409e-07 0.00408017 4.15627e-06
3.38176e-07 0.00408014 4.1341e-06
3.26409e-07 0.00408017 4.1341e-06
3.38176e-07 0.00408014 4.11194e-06
3.26409e-07 0.00408016 4.11194e-06
3.38176e-07 0.00408013 4.08977e-06
3.26409e-07 0.00408016 4.08977e-06
3.38176e-07 0.00408013 4.06761e-06
3.26409e-07 0.00408015 4.06761e-06
3.38176e-07 0.00408012 4.04545e-06
3.26409e-07 0.00408015 4.04545e-06
3.38176e-07 0.00408012 4.02328e-06
3.26409e-07 0.00408014 4.02328e-06
3.38176e-07 0.00408012 4.00112e-06
3.26409e-07 0.00408014 4.00112e-06
3.38176e-07 0.00408011 3.97895e-06
3.26409e-07 0.00408013 3.97895e-06
3.38176e-07 0.00408011 3.95679e-06
3.26409e-07 0.00408013 3.95679e-06
3.38176e-07 0.0040801 3.93462e-06
3.26409e-07 0.00408012 3.93462e-06
3.38176e-07 0.0040801 3.91246e-06
3.26409e-07 0.00408012 3.91246e-06
3.38176e-07 0.00408009 3.89029e-06
3.26409e-07 0.00408011 3.89029e-06
3.38176e-07 0.00408009 3.86813e-06
3.26409e-07 0.00408011 3.86813e-06
3.38176e-07 0.00408008 3.84596e-06
3.26409e-07 0.00408011 3.84596e-06
3.38176e-07 0.00408008 3.8238e-06
3.26409e-07 0.0040801 3.8238e-06
3.38176e-07 0.00408007 3.80163e-06
3.26409e-07 0.0040801 3.80163e-06
3.38176e-07 0.00408007 3.77947e-06
3.26409e-07 0.00408009 3.77947e-06
3.38176e-07 0.00408006 3.7573e-06
3.26409e-07 0.00408009 3.7573e-06
3.38176e-07 0.00408006 3.73514e-06
3.26409e-07 0.00408008 3.73514e-06
3.38176e-07 0.00408005 3.71297e-06
3.26409e-07 0.00408008 3.71297e-06
3.38176e-07 0.00408005 3.69081e-06
3.26409e-07 0.00408007 3.69081e-06
3.38176e-07 0.00408004 3.66865e-06
3.26409e-07 0.00408007 3.66865e-06
3.38176e-07 0.00408004 3.64648e-06
3.26409e-07 0.00408006 3.64648e-06
3.38176e-07 0.00408003 3.62432e-06
3.26409e-07 0.00408006 3.62432e-06
3.38176e-07 0.00408003 3.60215e-06
3.26409e-07 0.00408005 3.60215e-06
3.38176e-07 0.00408002 3.57999e-06
3.26409e-07 0.00408005 3.57999e-06
3.38176e-07 0.00408002 3.55782e-06
3.26409e-07 0.00408004 3.55782e-06
3.38176e-07 0.00408001 3.53566e-06
3.26409e-07 0.00408004 3.53566e-06
3.38176e-07 0.00408001 3.51349e-06
3.26409e-07 0.00408003 3.51349e-06
3.38176e-07 0.00408 3.49133e-06
3.26409e-07 0.00408003 3.49133e-06
3.38176e-07 0.00408 3.46916e-06
3.26409e-07 0.00408002 3.46916e-06
3.38176e-07 0.00407999 3.447e-06
3.26409e-07 0.00408002 3.447e-06
3.38176e-07 0.00407999 3.42483e-06
3.26409e-07 0.00408001 3.42483e-06
3.38176e-07 0.00407998 3.40267e-06
3.26409e-07 0.00408001 3.40267e-06
3.38176e-07 0.00407998 3.3805e-06
3.26409e-07 0.00408 3.3805e-06
3.38176e-07 0.00407997 3.35834e-06
3.26409e-07 0.00408 3.35834e-06
3.38176e-07 0.00407997 3.33618e-06
3.26409e-07 0.00407999 3.33618e-06
3.38176e-07 0.00407996 3.31401e-06
3.26409e-07 0.00407999 3.31401e-06
3.38176e-07 0.00407996 3.29185e-06
3.26409e-07 0.00407998 3.29185e-06
3.38176e-07 0.00407996 3.26968e-06
3.26409e-07 0.00407998 3.26968e-06
3.38176e-07 0.00407995 3.24752e-06
3.26409e-07 0.00407997 3.24752e-06
3.38176e-07 0.00407995 3.22535e-06
3.26409e-07 0.00407997 3.22535e-06
3.38176e-07 0.00407994 3.20319e-06
3.26409e-07 0.00407996 3.20319e-06
3.38176e-07 0.00407994 3.18102e-06
3.26409e-07 0.00407996 3.18102e-06
3.38176e-07 0.00407993 3.15886e-06
3.26409e-07 0.00407996 3.15886e-06
3.38176e-07 0.00407993 3.13669e-06
3.26409e-07 0.00407995 3.13669e-06
3.38176e-07 0.00407992 3.11453e-06
3.26409e-07 0.00407995 3.11453e-06
3.38176e-07 0.00407992 3.09236e-06
3.26409e-07 0.00407994 3.09236e-06
3.38176e-07 0.00407991 3.0702e-06
3.26409e-07 0.00407994 3.0702e-06
3.38176e-07 0.00407991 3.04803e-06
3.26409e-07 0.00407993 3.04803e-06
3.38176e-07 0.0040799 3.02587e-06
3.26409e-07 0.00407993 3.02587e-06
3.38176e-07 0.0040799 3.0037e-06
3.26409e-07 0.00407992 3.0037e-06
3.38176e-07 0.00407989 2.98154e-06
3.26409e-07 0.00407992 2.98154e-06
3.38176e-07 0.00407989 2.95938e-06
3.26409e-07 0.00407991 2.95938e-06
3.38176e-07 0.00407988 2.93721e-06
3.26409e-07 0.00407991 2.93721e-06
3.38176e-07 0.00407988 2.91505e-06
3.26409e-07 0.0040799 2.91505e-06
3.38176e-07 0.00407987 2.89288e-06
3.26409e-07 0.0040799 2.89288e-06
3.38176e-07 0.00407987 2.87072e-06
3.26409e-07 0.00407989 2.87072e-06
3.38176e-07 0.00407986 2.84855e-06
3.26409e-07 0.00407989 2.84855e-06
3.38176e-07 0.00407986 2.82639e-06
3.26409e-07 0.00407988 2.82639e-06
3.38176e-07 0.00407985 2.80422e-06
3.26409e-07 0.00407988 2.80422e-06
3.38176e-07 0.00407985 2.78206e-06
3.26409e-07 0.00407987 2.78206e-06
3.38176e-07 0.00407984 2.75989e-06
3.26409e-07 0.00407987 2.75989e-06
3.38176e-07 0.00407984 2.73773e-06
3.26409e-07 0.00407986 2.73773e-06
3.38176e-07 0.00407983 2.71556e-06
3.26409e-07 0.00407986 2.71556e-06
3.38176e-07 0.00407983 2.6934e-06
3.26409e-07 0.00407985 2.6934e-06
3.38176e-07 0.00407982 2.67123e-06
3.26409e-07 0.00407985 2.67123e-06
3.38176e-07 0.00407982 2.64907e-06
3.26409e-07 0.00407984 2.64907e-06
1.79316e-07 0.00408049 4.26709e-06
1.67548e-07 0.00408052 4.26709e-06
1.79316e-07 0.00408049 4.24493e-06
1.67548e-07 0.00408051 4.24493e-06
1.79316e-07 0.00408048 4.22276e-06
1.67548e-07 0.00408051 4.22276e-06
1.79316e-07 0.00408048 4.2006e-06
1.67548e-07 0.0040805 4.2006e-06
1.79316e-07 0.00408047 4.17843e-06
1.67548e-07 0.0040805 4.17843e-06
1.79316e-07 0.00408047 4.15627e-06
1.67548e-07 0.00408049 4.15627e-06
1.79316e-07 0.00408046 4.1341e-06
1.67548e-07 0.00408049 4.1341e-06
1.79316e-07 0.00408046 4.11194e-06
1.67548e-07 0.00408048 4.11194e-06
1.79316e-07 0.00408045 4.08977e-06
1.67548e-07 0.00408048 4.08977e-06
1.79316e-07 0.00408045 4.06761e-06
1.67548e-07 0.00408047 4.06761e-06
1.79316e-07 0.00408044 4.04545e-06
1.67548e-07 0.00408047 4.04545e-06
1.79316e-07 0.00408044 4.02328e-06
1.67548e-07 0.00408046 4.02328e-06
1.79316e-07 0.00408044 4.00112e-06
1.67548e-07 0.00408046 4.00112e-06
1.79316e-07 0.00408043 3.97895e-06
1.67548e-07 0.00408045 3.97895e-06
1.79316e-07 0.00408043 3.95679e-06
1.67548e-07 0.00408045 3.95679e-06
1.79316e-07 0.00408042 3.93462e-06
1.67548e-07 0.00408044 3.93462e-06
1.79316e-07 0.00408042 3.91246e-06
1.67548e-07 0.00408044 3.91246e-06
1.79316e-07 0.00408041 3.89029e-06
1.67548e-07 0.00408043 3.89029e-06
1.79316e-07 0.00408041 3.86813e-06
1.67548e-07 0.00408043 3.86813e-06
1.79316e-07 0.0040804 3.84596e-06
1.67548e-07 0.00408043 3.84596e-06
1.79316e-07 0.0040804 3.8238e-06
1.67548e-07 0.00408042 3.8238e-06
1.79316e-07 0.00408039 3.80163e-06
1.67548e-07 0.00408042 3.80163e-06
1.79316e-07 0.00408039 3.77947e-06
1.67548e-07 0.00408041 3.77947e-06
1.79316e-07 0.00408038 3.7573e-06
1.67548e-07 0.00408041 3.7573e-06
1.79316e-07 0.00408038 3.73514e-06
1.67548e-07 0.0040804 3.73514e-06
1.79316e-07 0.00408037 3.71297e-06
1.67548e-07 0.0040804 3.71297e-06
1.79316e-07 0.00408037 3.69081e-06
1.67548e-07 0.00408039 3.69081e-06
1.79316e-07 0.00408036 3.66865e-06
1.67548e-07 0.00408039 3.66865e-06
1.79316e-07 0.00408036 3.64648e-06
1.67548e-07 0.00408038 3.64648e-06
1.79316e-07 0.00408035 3.62432e-06
1.67548e-07 0.00408038 3.62432e-06
1.79316e-07 0.00408035 3.60215e-06
1.67548e-07 0.00408037 3.60215e-06
1.79316e-07 0.00408034 3.57999e-06
1.67548e-07 0.00408037 3.57999e-06
1.79316e-07 0.00408034 3.55782e-06
1.67548e-07 0.00408036 3.55782e-06
1.79316e-07 0.00408033 3.53566e-06
1.67548e-07 0.00408036 3.53566e-06
1.79316e-07 0.00408033 3.51349e-06
1.67548e-07 0.00408035 3.51349e-06
1.79316e-07 0.00408032 3.49133e-06
1.67548e-07 0.00408035 3.49133e-06
1.79316e-07 0.00408032 3.46916e-06
1.67548e-07 0.00408034 3.46916e-06
1.79316e-07 0.00408031 3.447e-06
1.67548e-07 0.00408034 3.447e-06
1.79316e-07 0.00408031 3.42483e-06
1.67548e-07 0.00408033 3.42483e-06
1.79316e-07 0.0040803 3.40267e-06
1.67548e-07 0.00408033 3.40267e-06
1.79316e-07 0.0040803 3.3805e-06
1.67548e-07 0.00408032 3.3805e-06
1.79316e-07 0.00408029 3.35834e-06
1.67548e-07 0.00408032 3.35834e-06
1.79316e-07 0.00408029 3.33618e-06
1.67548e-07 0.00408031 3.33618e-06
1.79316e-07 0.00408028 3.31401e-06
1.67548e-07 0.00408031 3.31401e-06
1.79316e-07 0.00408028 3.29185e-06
1.67548e-07 0.0040803 3.29185e-06
1.79316e-07 0.00408028 3.26968e-06
1.67548e-07 0.0040803 3.26968e-06
1.79316e-07 0.00408027 3.24752e-06
1.67548e-07 0.00408029 3.24752e-06
1.79316e-07 0.00408027 3.22535e-06
1.67548e-07 0.00408029 3.22535e-06
1.79316e-07 0.00408026 3.20319e-06
1.67548e-07 0.00408028 3.20319e-06
1.79316e-07 0.00408026 3.18102e-06
1.67548e-07 0.00408028 3.18102e-06
1.79316e-07 0.00408025 3.15886e-06
1.67548e-07 0.00408028 3.15886e-06
1.79316e-07 0.00408025 3.13669e-06
1.67548e-07 0.00408027 3.13669e-06
1.79316e-07 0.00408024 3.11453e-06
1.67548e-07 0.00408027 3.11453e-06
1.79316e-07 0.00408024 3.09236e-06
1.67548e-07 0.00408026 3.09236e-06
1.79316e-07 0.00408023 3.0702e-06
1.67548e-07 0.00408026 3.0702e-06
1.79316e-07 0.00408023 3.04803e-06
1.67548e-07 0.00408025 3.04803e-06
1.79316e-07 0.00408022 3.02587e-06
1.67548e-07 0.00408025 3.02587e-06
1.79316e-07 0.00408022 3.0037e-06
1.67548e-07 0.00408024 3.0037e-06
1.79316e-07 0.00408021 2.98154e-06
1.67548e-07 0.00408024 2.98154e-06
1.79316e-07 0.00408021 2.95938e-06
1.67548e-07 0.00408023 2.95938e-06
1.79316e-07 0.0040802 2.93721e-06
1.67548e-07 0.00408023 2.93721e-06
1.79316e-07 0.0040802 2.91505e-06
1.67548e-07 0.00408022 2.91505e-06
1.79316e-07 0.00408019 2.89288e-06
1.67548e-07 0.00408022 2.89288e-06
1.79316e-07 0.00408019 2.87072e-06
1.67548e-07 0.00408021 2.87072e-06
1.79316e-07 0.00408018 2.84855e-06
1.67548e-07 0.00408021 2.84855e-06
1.79316e-07 0.00408018 2.82639e-06
1.67548e-07 0.0040802 2.82639e-06
1.79316e-07 0.00408017 2.80422e-06
1.67548e-07 0.0040802 2.80422e-06
1.79316e-07 0.00408017 2.78206e-06
1.67548e-07 0.00408019 2.78206e-06
1.79316e-07 0.00408016 2.75989e-06
1.67548e-07 0.00408019 2.75989e-06
1.79316e-07 0.00408016 2.73773e-06
1.67548e-07 0.00408018 2.73773e-06
1.79316e-07 0.00408015 2.71556e-06
1.67548e-07 0.00408018 2.71556e-06
1.79316e-07 0.00408015 2.6934e-06
1.67548e-07 0.00408017 2.6934e-06
1.79316e-07 0.00408014 2.67123e-06
1.67548e-07 0.00408017 2.67123e-06
1.79316e-07 0.00408014 2.64907e-06
1.67548e-07 0.00408016 2.64907e-06
