-1.91132e-07 0.0040482 1.46706e-06
-1.91132e-07 0.00404833 9.71921e-07
-1.46119e-07 0.00404801 1.46706e-06
-1.46119e-07 0.00404814 9.71921e-07
-1.91132e-07 0.0040482 1.46028e-06
-1.91132e-07 0.0040482 1.4535e-06
-1.91132e-07 0.0040482 1.44672e-06
-1.91132e-07 0.0040482 1.43993e-06
-1.91132e-07 0.0040482 1.43315e-06
-1.91132e-07 0.00404821 1.42637e-06
-1.91132e-07 0.00404821 1.41959e-06
-1.91132e-07 0.00404821 1.4128e-06
-1.91132e-07 0.00404821 1.40602e-06
-1.91132e-07 0.00404821 1.39924e-06
-1.91132e-07 0.00404822 1.39245e-06
-1.91132e-07 0.00404822 1.38567e-06
-1.91132e-07 0.00404822 1.37889e-06
-1.91132e-07 0.00404822 1.37211e-06
-1.91132e-07 0.00404822 1.36532e-06
-1.91132e-07 0.00404823 1.35854e-06
-1.91132e-07 0.00404823 1.35176e-06
-1.91132e-07 0.00404823 1.34497e-06
-1.91132e-07 0.00404823 1.33819e-06
-1.91132e-07 0.00404823 1.33141e-06
-1.91132e-07 0.00404823 1.32463e-06
-1.91132e-07 0.00404824 1.31784e-06
-1.91132e-07 0.00404824 1.31106e-06
-1.91132e-07 0.00404824 1.30428e-06
-1.91132e-07 0.00404824 1.29749e-06
-1.91132e-07 0.00404824 1.29071e-06
-1.91132e-07 0.00404824 1.28393e-06
-1.91132e-07 0.00404825 1.27715e-06
-1.91132e-07 0.00404825 1.27036e-06
-1.91132e-07 0.00404825 1.26358e-06
-1.91132e-07 0.00404825 1.2568e-06
-1.91132e-07 0.00404825 1.25002e-06
-1.91132e-07 0.00404826 1.24323e-06
-1.91132e-07 0.00404826 1.23645e-06
-1.91132e-07 0.00404826 1.22967e-06
-1.91132e-07 0.00404826 1.22288e-06
-1.91132e-07 0.00404826 1.2161e-06
-1.91132e-07 0.00404826 1.20932e-06
-1.91132e-07 0.00404827 1.20254e-06
-1.91132e-07 0.00404827 1.19575e-06
-1.91132e-07 0.00404827 1.18897e-06
-1.91132e-07 0.00404827 1.18219e-06
-1.91132e-07 0.00404827 1.1754e-06
-1.91132e-07 0.00404827 1.16862e-06
-1.91132e-07 0.00404828 1.16184e-06
-1.91132e-07 0.00404828 1.15506e-06
-1.91132e-07 0.00404828 1.14827e-06
-1.91132e-07 0.00404828 1.14149e-06
-1.91132e-07 0.00404828 1.13471e-06
-1.91132e-07 0.00404829 1.12792e-06
-1.91132e-07 0.00404829 1.12114e-06
-1.91132e-07 0.00404829 1.11436e-06
-1.91132e-07 0.00404829 1.10758e-06
-1.91132e-07 0.00404829 1.10079e-06
-1.91132e-07 0.00404829 1.09401e-06
-1.91132e-07 0.0040483 1.08723e-06
-1.91132e-07 0.0040483 1.08045e-06
-1.91132e-07 0.0040483 1.07366e-06
-1.91132e-07 0.0040483 1.06688e-06
-1.91132e-07 0.0040483 1.0601e-06
-1.91132e-07 0.00404831 1.05331e-06
-1.91132e-07 0.00404831 1.04653e-06
-1.91132e-07 0.00404831 1.03975e-06
-1.91132e-07 0.00404831 1.03297e-06
-1.91132e-07 0.00404831 1.02618e-06
-1.91132e-07 0.00404831 1.0194e-06
-1.91132e-07 0.00404832 1.01262e-06
-1.91132e-07 0.00404832 1.00583e-06
-1.91132e-07 0.00404832 9.99052e-07
-1.91132e-07 0.00404832 9.92269e-07
-1.91132e-07 0.00404832 9.85486e-07
-1.91132e-07 0.00404832 9.78703e-07
-1.84702e-07 0.0040483 9.71921e-07
-1.78272e-07 0.00404827 9.71921e-07
-1.71841e-07 0.00404825 9.71921e-07
-1.65411e-07 0.00404822 9.71921e-07
-1.5898e-07 0.00404819 9.71921e-07
-1.5255e-07 0.00404817 9.71921e-07
-1.84702e-07 0.00404817 1.46706e-06
-1.78272e-07 0.00404814 1.46706e-06
-1.71841e-07 0.00404812 1.46706e-06
-1.65411e-07 0.00404809 1.46706e-06
-1.5898e-07 0.00404806 1.46706e-06
-1.5255e-07 0.00404804 1.46706e-06
-1.46119e-07 0.00404814 9.78703e-07
-1.46119e-07 0.00404814 9.85486e-07
-1.46119e-07 0.00404814 9.92269e-07
-1.46119e-07 0.00404813 9.99052e-07
-1.46119e-07 0.00404813 1.00583e-06
-1.46119e-07 0.00404813 1.01262e-06
-1.46119e-07 0.00404813 1.0194e-06
-1.46119e-07 0.00404813 1.02618e-06
-1.46119e-07 0.00404812 1.03297e-06
-1.46119e-07 0.00404812 1.03975e-06
-1.46119e-07 0.00404812 1.04653e-06
-1.46119e-07 0.00404812 1.05331e-06
-1.46119e-07 0.00404812 1.0601e-06
-1.46119e-07 0.00404812 1.06688e-06
-1.46119e-07 0.00404811 1.07366e-06
-1.46119e-07 0.00404811 1.08045e-06
-1.46119e-07 0.00404811 1.08723e-06
-1.46119e-07 0.00404811 1.09401e-06
-1.46119e-07 0.00404811 1.10079e-06
-1.46119e-07 0.0040481 1.10758e-06
-1.46119e-07 0.0040481 1.11436e-06
-1.46119e-07 0.0040481 1.12114e-06
-1.46119e-07 0.0040481 1.12792e-06
-1.46119e-07 0.0040481 1.13471e-06
-1.46119e-07 0.0040481 1.14149e-06
-1.46119e-07 0.00404809 1.14827e-06
-1.46119e-07 0.00404809 1.15506e-06
-1.46119e-07 0.00404809 1.16184e-06
-1.46119e-07 0.00404809 1.16862e-06
-1.46119e-07 0.00404809 1.1754e-06
-1.46119e-07 0.00404808 1.18219e-06
-1.46119e-07 0.00404808 1.18897e-06
-1.46119e-07 0.00404808 1.19575e-06
-1.46119e-07 0.00404808 1.20254e-06
-1.46119e-07 0.00404808 1.20932e-06
-1.46119e-07 0.00404808 1.2161e-06
-1.46119e-07 0.00404807 1.22288e-06
-1.46119e-07 0.00404807 1.22967e-06
-1.46119e-07 0.00404807 1.23645e-06
-1.46119e-07 0.00404807 1.24323e-06
-1.46119e-07 0.00404807 1.25002e-06
-1.46119e-07 0.00404807 1.2568e-06
-1.46119e-07 0.00404806 1.26358e-06
-1.46119e-07 0.00404806 1.27036e-06
-1.46119e-07 0.00404806 1.27715e-06
-1.46119e-07 0.00404806 1.28393e-06
-1.46119e-07 0.00404806 1.29071e-06
-1.46119e-07 0.00404805 1.29749e-06
-1.46119e-07 0.00404805 1.30428e-06
-1.46119e-07 0.00404805 1.31106e-06
-1.46119e-07 0.00404805 1.31784e-06
-1.46119e-07 0.00404805 1.32463e-06
-1.46119e-07 0.00404805 1.33141e-06
-1.46119e-07 0.00404804 1.33819e-06
-1.46119e-07 0.00404804 1.34497e-06
-1.46119e-07 0.00404804 1.35176e-06
-1.46119e-07 0.00404804 1.35854e-06
-1.46119e-07 0.00404804 1.36532e-06
-1.46119e-07 0.00404804 1.37211e-06
-1.46119e-07 0.00404803 1.37889e-06
-1.46119e-07 0.00404803 1.38567e-06
-1.46119e-07 0.00404803 1.39245e-06
-1.46119e-07 0.00404803 1.39924e-06
-1.46119e-07 0.00404803 1.40602e-06
-1.46119e-07 0.00404802 1.4128e-06
-1.46119e-07 0.00404802 1.41959e-06
-1.46119e-07 0.00404802 1.42637e-06
-1.46119e-07 0.00404802 1.43315e-06
-1.46119e-07 0.00404802 1.43993e-06
-1.46119e-07 0.00404802 1.44672e-06
-1.46119e-07 0.00404801 1.4535e-06
-1.46119e-07 0.00404801 1.46028e-06
-1.84702e-07 0.0040483 9.78703e-07
-1.84702e-07 0.0040483 9.85486e-07
-1.84702e-07 0.00404829 9.92269e-07
-1.84702e-07 0.00404829 9.99052e-07
-1.84702e-07 0.00404829 1.00583e-06
-1.84702e-07 0.00404829 1.01262e-06
-1.84702e-07 0.00404829 1.0194e-06
-1.84702e-07 0.00404829 1.02618e-06
-1.84702e-07 0.00404828 1.03297e-06
-1.84702e-07 0.00404828 1.03975e-06
-1.84702e-07 0.00404828 1.04653e-06
-1.84702e-07 0.00404828 1.05331e-06
-1.84702e-07 0.00404828 1.0601e-06
-1.84702e-07 0.00404827 1.06688e-06
-1.84702e-07 0.00404827 1.07366e-06
-1.84702e-07 0.00404827 1.08045e-06
-1.84702e-07 0.00404827 1.08723e-06
-1.84702e-07 0.00404827 1.09401e-06
-1.84702e-07 0.00404827 1.10079e-06
-1.84702e-07 0.00404826 1.10758e-06
-1.84702e-07 0.00404826 1.11436e-06
-1.84702e-07 0.00404826 1.12114e-06
-1.84702e-07 0.00404826 1.12792e-06
-1.84702e-07 0.00404826 1.13471e-06
-1.84702e-07 0.00404826 1.14149e-06
-1.84702e-07 0.00404825 1.14827e-06
-1.84702e-07 0.00404825 1.15506e-06
-1.84702e-07 0.00404825 1.16184e-06
-1.84702e-07 0.00404825 1.16862e-06
-1.84702e-07 0.00404825 1.1754e-06
-1.84702e-07 0.00404824 1.18219e-06
-1.84702e-07 0.00404824 1.18897e-06
-1.84702e-07 0.00404824 1.19575e-06
-1.84702e-07 0.00404824 1.20254e-06
-1.84702e-07 0.00404824 1.20932e-06
-1.84702e-07 0.00404824 1.2161e-06
-1.84702e-07 0.00404823 1.22288e-06
-1.84702e-07 0.00404823 1.22967e-06
-1.84702e-07 0.00404823 1.23645e-06
-1.84702e-07 0.00404823 1.24323e-06
-1.84702e-07 0.00404823 1.25002e-06
-1.84702e-07 0.00404823 1.2568e-06
-1.84702e-07 0.00404822 1.26358e-06
-1.84702e-07 0.00404822 1.27036e-06
-1.84702e-07 0.00404822 1.27715e-06
-1.84702e-07 0.00404822 1.28393e-06
-1.84702e-07 0.00404822 1.29071e-06
-1.84702e-07 0.00404821 1.29749e-06
-1.84702e-07 0.00404821 1.30428e-06
-1.84702e-07 0.00404821 1.31106e-06
-1.84702e-07 0.00404821 1.31784e-06
-1.84702e-07 0.00404821 1.32463e-06
-1.84702e-07 0.00404821 1.33141e-06
-1.84702e-07 0.0040482 1.33819e-06
-1.84702e-07 0.0040482 1.34497e-06
-1.84702e-07 0.0040482 1.35176e-06
-1.84702e-07 0.0040482 1.35854e-06
-1.84702e-07 0.0040482 1.36532e-06
-1.84702e-07 0.00404819 1.37211e-06
-1.84702e-07 0.00404819 1.37889e-06
-1.84702e-07 0.00404819 1.38567e-06
-1.84702e-07 0.00404819 1.39245e-06
-1.84702e-07 0.00404819 1.39924e-06
-1.84702e-07 0.00404819 1.40602e-06
-1.84702e-07 0.00404818 1.4128e-06
-1.84702e-07 0.00404818 1.41959e-06
-1.84702e-07 0.00404818 1.42637e-06
-1.84702e-07 0.00404818 1.43315e-06
-1.84702e-07 0.00404818 1.43993e-06
-1.84702e-07 0.00404818 1.44672e-06
-1.84702e-07 0.00404817 1.4535e-06
-1.84702e-07 0.00404817 1.46028e-06
-1.78272e-07 0.00404827 9.78703e-07
-1.78272e-07 0.00404827 9.85486e-07
-1.78272e-07 0.00404827 9.92269e-07
-1.78272e-07 0.00404827 9.99052e-07
-1.78272e-07 0.00404826 1.00583e-06
-1.78272e-07 0.00404826 1.01262e-06
-1.78272e-07 0.00404826 1.0194e-06
-1.78272e-07 0.00404826 1.02618e-06
-1.78272e-07 0.00404826 1.03297e-06
-1.78272e-07 0.00404826 1.03975e-06
-1.78272e-07 0.00404825 1.04653e-06
-1.78272e-07 0.00404825 1.05331e-06
-1.78272e-07 0.00404825 1.0601e-06
-1.78272e-07 0.00404825 1.06688e-06
-1.78272e-07 0.00404825 1.07366e-06
-1.78272e-07 0.00404824 1.08045e-06
-1.78272e-07 0.00404824 1.08723e-06
-1.78272e-07 0.00404824 1.09401e-06
-1.78272e-07 0.00404824 1.10079e-06
-1.78272e-07 0.00404824 1.10758e-06
-1.78272e-07 0.00404824 1.11436e-06
-1.78272e-07 0.00404823 1.12114e-06
-1.78272e-07 0.00404823 1.12792e-06
-1.78272e-07 0.00404823 1.13471e-06
-1.78272e-07 0.00404823 1.14149e-06
-1.78272e-07 0.00404823 1.14827e-06
-1.78272e-07 0.00404823 1.15506e-06
-1.78272e-07 0.00404822 1.16184e-06
-1.78272e-07 0.00404822 1.16862e-06
-1.78272e-07 0.00404822 1.1754e-06
-1.78272e-07 0.00404822 1.18219e-06
-1.78272e-07 0.00404822 1.18897e-06
-1.78272e-07 0.00404821 1.19575e-06
-1.78272e-07 0.00404821 1.20254e-06
-1.78272e-07 0.00404821 1.20932e-06
-1.78272e-07 0.00404821 1.2161e-06
-1.78272e-07 0.00404821 1.22288e-06
-1.78272e-07 0.00404821 1.22967e-06
-1.78272e-07 0.0040482 1.23645e-06
-1.78272e-07 0.0040482 1.24323e-06
-1.78272e-07 0.0040482 1.25002e-06
-1.78272e-07 0.0040482 1.2568e-06
-1.78272e-07 0.0040482 1.26358e-06
-1.78272e-07 0.00404819 1.27036e-06
-1.78272e-07 0.00404819 1.27715e-06
-1.78272e-07 0.00404819 1.28393e-06
-1.78272e-07 0.00404819 1.29071e-06
-1.78272e-07 0.00404819 1.29749e-06
-1.78272e-07 0.00404819 1.30428e-06
-1.78272e-07 0.00404818 1.31106e-06
-1.78272e-07 0.00404818 1.31784e-06
-1.78272e-07 0.00404818 1.32463e-06
-1.78272e-07 0.00404818 1.33141e-06
-1.78272e-07 0.00404818 1.33819e-06
-1.78272e-07 0.00404818 1.34497e-06
-1.78272e-07 0.00404817 1.35176e-06
-1.78272e-07 0.00404817 1.35854e-06
-1.78272e-07 0.00404817 1.36532e-06
-1.78272e-07 0.00404817 1.37211e-06
-1.78272e-07 0.00404817 1.37889e-06
-1.78272e-07 0.00404816 1.38567e-06
-1.78272e-07 0.00404816 1.39245e-06
-1.78272e-07 0.00404816 1.39924e-06
-1.78272e-07 0.00404816 1.40602e-06
-1.78272e-07 0.00404816 1.4128e-06
-1.78272e-07 0.00404816 1.41959e-06
-1.78272e-07 0.00404815 1.42637e-06
-1.78272e-07 0.00404815 1.43315e-06
-1.78272e-07 0.00404815 1.43993e-06
-1.78272e-07 0.00404815 1.44672e-06
-1.78272e-07 0.00404815 1.4535e-06
-1.78272e-07 0.00404814 1.46028e-06
-1.71841e-07 0.00404825 9.78703e-07
-1.71841e-07 0.00404824 9.85486e-07
-1.71841e-07 0.00404824 9.92269e-07
-1.71841e-07 0.00404824 9.99052e-07
-1.71841e-07 0.00404824 1.00583e-06
-1.71841e-07 0.00404824 1.01262e-06
-1.71841e-07 0.00404823 1.0194e-06
-1.71841e-07 0.00404823 1.02618e-06
-1.71841e-07 0.00404823 1.03297e-06
-1.71841e-07 0.00404823 1.03975e-06
-1.71841e-07 0.00404823 1.04653e-06
-1.71841e-07 0.00404823 1.05331e-06
-1.71841e-07 0.00404822 1.0601e-06
-1.71841e-07 0.00404822 1.06688e-06
-1.71841e-07 0.00404822 1.07366e-06
-1.71841e-07 0.00404822 1.08045e-06
-1.71841e-07 0.00404822 1.08723e-06
-1.71841e-07 0.00404821 1.09401e-06
-1.71841e-07 0.00404821 1.10079e-06
-1.71841e-07 0.00404821 1.10758e-06
-1.71841e-07 0.00404821 1.11436e-06
-1.71841e-07 0.00404821 1.12114e-06
-1.71841e-07 0.00404821 1.12792e-06
-1.71841e-07 0.0040482 1.13471e-06
-1.71841e-07 0.0040482 1.14149e-06
-1.71841e-07 0.0040482 1.14827e-06
-1.71841e-07 0.0040482 1.15506e-06
-1.71841e-07 0.0040482 1.16184e-06
-1.71841e-07 0.0040482 1.16862e-06
-1.71841e-07 0.00404819 1.1754e-06
-1.71841e-07 0.00404819 1.18219e-06
-1.71841e-07 0.00404819 1.18897e-06
-1.71841e-07 0.00404819 1.19575e-06
-1.71841e-07 0.00404819 1.20254e-06
-1.71841e-07 0.00404818 1.20932e-06
-1.71841e-07 0.00404818 1.2161e-06
-1.71841e-07 0.00404818 1.22288e-06
-1.71841e-07 0.00404818 1.22967e-06
-1.71841e-07 0.00404818 1.23645e-06
-1.71841e-07 0.00404818 1.24323e-06
-1.71841e-07 0.00404817 1.25002e-06
-1.71841e-07 0.00404817 1.2568e-06
-1.71841e-07 0.00404817 1.26358e-06
-1.71841e-07 0.00404817 1.27036e-06
-1.71841e-07 0.00404817 1.27715e-06
-1.71841e-07 0.00404816 1.28393e-06
-1.71841e-07 0.00404816 1.29071e-06
-1.71841e-07 0.00404816 1.29749e-06
-1.71841e-07 0.00404816 1.30428e-06
-1.71841e-07 0.00404816 1.31106e-06
-1.71841e-07 0.00404816 1.31784e-06
-1.71841e-07 0.00404815 1.32463e-06
-1.71841e-07 0.00404815 1.33141e-06
-1.71841e-07 0.00404815 1.33819e-06
-1.71841e-07 0.00404815 1.34497e-06
-1.71841e-07 0.00404815 1.35176e-06
-1.71841e-07 0.00404814 1.35854e-06
-1.71841e-07 0.00404814 1.36532e-06
-1.71841e-07 0.00404814 1.37211e-06
-1.71841e-07 0.00404814 1.37889e-06
-1.71841e-07 0.00404814 1.38567e-06
-1.71841e-07 0.00404814 1.39245e-06
-1.71841e-07 0.00404813 1.39924e-06
-1.71841e-07 0.00404813 1.40602e-06
-1.71841e-07 0.00404813 1.4128e-06
-1.71841e-07 0.00404813 1.41959e-06
-1.71841e-07 0.00404813 1.42637e-06
-1.71841e-07 0.00404813 1.43315e-06
-1.71841e-07 0.00404812 1.43993e-06
-1.71841e-07 0.00404812 1.44672e-06
-1.71841e-07 0.00404812 1.4535e-06
-1.71841e-07 0.00404812 1.46028e-06
-1.65411e-07 0.00404822 9.78703e-07
-1.65411e-07 0.00404822 9.85486e-07
-1.65411e-07 0.00404821 9.92269e-07
-1.65411e-07 0.00404821 9.99052e-07
-1.65411e-07 0.00404821 1.00583e-06
-1.65411e-07 0.00404821 1.01262e-06
-1.65411e-07 0.00404821 1.0194e-06
-1.65411e-07 0.00404821 1.02618e-06
-1.65411e-07 0.0040482 1.03297e-06
-1.65411e-07 0.0040482 1.03975e-06
-1.65411e-07 0.0040482 1.04653e-06
-1.65411e-07 0.0040482 1.05331e-06
-1.65411e-07 0.0040482 1.0601e-06
-1.65411e-07 0.0040482 1.06688e-06
-1.65411e-07 0.00404819 1.07366e-06
-1.65411e-07 0.00404819 1.08045e-06
-1.65411e-07 0.00404819 1.08723e-06
-1.65411e-07 0.00404819 1.09401e-06
-1.65411e-07 0.00404819 1.10079e-06
-1.65411e-07 0.00404818 1.10758e-06
-1.65411e-07 0.00404818 1.11436e-06
-1.65411e-07 0.00404818 1.12114e-06
-1.65411e-07 0.00404818 1.12792e-06
-1.65411e-07 0.00404818 1.13471e-06
-1.65411e-07 0.00404818 1.14149e-06
-1.65411e-07 0.00404817 1.14827e-06
-1.65411e-07 0.00404817 1.15506e-06
-1.65411e-07 0.00404817 1.16184e-06
-1.65411e-07 0.00404817 1.16862e-06
-1.65411e-07 0.00404817 1.1754e-06
-1.65411e-07 0.00404816 1.18219e-06
-1.65411e-07 0.00404816 1.18897e-06
-1.65411e-07 0.00404816 1.19575e-06
-1.65411e-07 0.00404816 1.20254e-06
-1.65411e-07 0.00404816 1.20932e-06
-1.65411e-07 0.00404816 1.2161e-06
-1.65411e-07 0.00404815 1.22288e-06
-1.65411e-07 0.00404815 1.22967e-06
-1.65411e-07 0.00404815 1.23645e-06
-1.65411e-07 0.00404815 1.24323e-06
-1.65411e-07 0.00404815 1.25002e-06
-1.65411e-07 0.00404815 1.2568e-06
-1.65411e-07 0.00404814 1.26358e-06
-1.65411e-07 0.00404814 1.27036e-06
-1.65411e-07 0.00404814 1.27715e-06
-1.65411e-07 0.00404814 1.28393e-06
-1.65411e-07 0.00404814 1.29071e-06
-1.65411e-07 0.00404813 1.29749e-06
-1.65411e-07 0.00404813 1.30428e-06
-1.65411e-07 0.00404813 1.31106e-06
-1.65411e-07 0.00404813 1.31784e-06
-1.65411e-07 0.00404813 1.32463e-06
-1.65411e-07 0.00404813 1.33141e-06
-1.65411e-07 0.00404812 1.33819e-06
-1.65411e-07 0.00404812 1.34497e-06
-1.65411e-07 0.00404812 1.35176e-06
-1.65411e-07 0.00404812 1.35854e-06
-1.65411e-07 0.00404812 1.36532e-06
-1.65411e-07 0.00404812 1.37211e-06
-1.65411e-07 0.00404811 1.37889e-06
-1.65411e-07 0.00404811 1.38567e-06
-1.65411e-07 0.00404811 1.39245e-06
-1.65411e-07 0.00404811 1.39924e-06
-1.65411e-07 0.00404811 1.40602e-06
-1.65411e-07 0.0040481 1.4128e-06
-1.65411e-07 0.0040481 1.41959e-06
-1.65411e-07 0.0040481 1.42637e-06
-1.65411e-07 0.0040481 1.43315e-06
-1.65411e-07 0.0040481 1.43993e-06
-1.65411e-07 0.0040481 1.44672e-06
-1.65411e-07 0.00404809 1.4535e-06
-1.65411e-07 0.00404809 1.46028e-06
-1.5898e-07 0.00404819 9.78703e-07
-1.5898e-07 0.00404819 9.85486e-07
-1.5898e-07 0.00404819 9.92269e-07
-1.5898e-07 0.00404819 9.99052e-07
-1.5898e-07 0.00404818 1.00583e-06
-1.5898e-07 0.00404818 1.01262e-06
-1.5898e-07 0.00404818 1.0194e-06
-1.5898e-07 0.00404818 1.02618e-06
-1.5898e-07 0.00404818 1.03297e-06
-1.5898e-07 0.00404818 1.03975e-06
-1.5898e-07 0.00404817 1.04653e-06
-1.5898e-07 0.00404817 1.05331e-06
-1.5898e-07 0.00404817 1.0601e-06
-1.5898e-07 0.00404817 1.06688e-06
-1.5898e-07 0.00404817 1.07366e-06
-1.5898e-07 0.00404816 1.08045e-06
-1.5898e-07 0.00404816 1.08723e-06
-1.5898e-07 0.00404816 1.09401e-06
-1.5898e-07 0.00404816 1.10079e-06
-1.5898e-07 0.00404816 1.10758e-06
-1.5898e-07 0.00404816 1.11436e-06
-1.5898e-07 0.00404815 1.12114e-06
-1.5898e-07 0.00404815 1.12792e-06
-1.5898e-07 0.00404815 1.13471e-06
-1.5898e-07 0.00404815 1.14149e-06
-1.5898e-07 0.00404815 1.14827e-06
-1.5898e-07 0.00404815 1.15506e-06
-1.5898e-07 0.00404814 1.16184e-06
-1.5898e-07 0.00404814 1.16862e-06
-1.5898e-07 0.00404814 1.1754e-06
-1.5898e-07 0.00404814 1.18219e-06
-1.5898e-07 0.00404814 1.18897e-06
-1.5898e-07 0.00404813 1.19575e-06
-1.5898e-07 0.00404813 1.20254e-06
-1.5898e-07 0.00404813 1.20932e-06
-1.5898e-07 0.00404813 1.2161e-06
-1.5898e-07 0.00404813 1.22288e-06
-1.5898e-07 0.00404813 1.22967e-06
-1.5898e-07 0.00404812 1.23645e-06
-1.5898e-07 0.00404812 1.24323e-06
-1.5898e-07 0.00404812 1.25002e-06
-1.5898e-07 0.00404812 1.2568e-06
-1.5898e-07 0.00404812 1.26358e-06
-1.5898e-07 0.00404812 1.27036e-06
-1.5898e-07 0.00404811 1.27715e-06
-1.5898e-07 0.00404811 1.28393e-06
-1.5898e-07 0.00404811 1.29071e-06
-1.5898e-07 0.00404811 1.29749e-06
-1.5898e-07 0.00404811 1.30428e-06
-1.5898e-07 0.0040481 1.31106e-06
-1.5898e-07 0.0040481 1.31784e-06
-1.5898e-07 0.0040481 1.32463e-06
-1.5898e-07 0.0040481 1.33141e-06
-1.5898e-07 0.0040481 1.33819e-06
-1.5898e-07 0.0040481 1.34497e-06
-1.5898e-07 0.00404809 1.35176e-06
-1.5898e-07 0.00404809 1.35854e-06
-1.5898e-07 0.00404809 1.36532e-06
-1.5898e-07 0.00404809 1.37211e-06
-1.5898e-07 0.00404809 1.37889e-06
-1.5898e-07 0.00404808 1.38567e-06
-1.5898e-07 0.00404808 1.39245e-06
-1.5898e-07 0.00404808 1.39924e-06
-1.5898e-07 0.00404808 1.40602e-06
-1.5898e-07 0.00404808 1.4128e-06
-1.5898e-07 0.00404808 1.41959e-06
-1.5898e-07 0.00404807 1.42637e-06
-1.5898e-07 0.00404807 1.43315e-06
-1.5898e-07 0.00404807 1.43993e-06
-1.5898e-07 0.00404807 1.44672e-06
-1.5898e-07 0.00404807 1.4535e-06
-1.5898e-07 0.00404807 1.46028e-06
-1.5255e-07 0.00404816 9.78703e-07
-1.5255e-07 0.00404816 9.85486e-07
-1.5255e-07 0.00404816 9.92269e-07
-1.5255e-07 0.00404816 9.99052e-07
-1.5255e-07 0.00404816 1.00583e-06
-1.5255e-07 0.00404816 1.01262e-06
-1.5255e-07 0.00404815 1.0194e-06
-1.5255e-07 0.00404815 1.02618e-06
-1.5255e-07 0.00404815 1.03297e-06
-1.5255e-07 0.00404815 1.03975e-06
-1.5255e-07 0.00404815 1.04653e-06
-1.5255e-07 0.00404815 1.05331e-06
-1.5255e-07 0.00404814 1.0601e-06
-1.5255e-07 0.00404814 1.06688e-06
-1.5255e-07 0.00404814 1.07366e-06
-1.5255e-07 0.00404814 1.08045e-06
-1.5255e-07 0.00404814 1.08723e-06
-1.5255e-07 0.00404813 1.09401e-06
-1.5255e-07 0.00404813 1.10079e-06
-1.5255e-07 0.00404813 1.10758e-06
-1.5255e-07 0.00404813 1.11436e-06
-1.5255e-07 0.00404813 1.12114e-06
-1.5255e-07 0.00404813 1.12792e-06
-1.5255e-07 0.00404812 1.13471e-06
-1.5255e-07 0.00404812 1.14149e-06
-1.5255e-07 0.00404812 1.14827e-06
-1.5255e-07 0.00404812 1.15506e-06
-1.5255e-07 0.00404812 1.16184e-06
-1.5255e-07 0.00404812 1.16862e-06
-1.5255e-07 0.00404811 1.1754e-06
-1.5255e-07 0.00404811 1.18219e-06
-1.5255e-07 0.00404811 1.18897e-06
-1.5255e-07 0.00404811 1.19575e-06
-1.5255e-07 0.00404811 1.20254e-06
-1.5255e-07 0.0040481 1.20932e-06
-1.5255e-07 0.0040481 1.2161e-06
-1.5255e-07 0.0040481 1.22288e-06
-1.5255e-07 0.0040481 1.22967e-06
-1.5255e-07 0.0040481 1.23645e-06
-1.5255e-07 0.0040481 1.24323e-06
-1.5255e-07 0.00404809 1.25002e-06
-1.5255e-07 0.00404809 1.2568e-06
-1.5255e-07 0.00404809 1.26358e-06
-1.5255e-07 0.00404809 1.27036e-06
-1.5255e-07 0.00404809 1.27715e-06
-1.5255e-07 0.00404808 1.28393e-06
-1.5255e-07 0.00404808 1.29071e-06
-1.5255e-07 0.00404808 1.29749e-06
-1.5255e-07 0.00404808 1.30428e-06
-1.5255e-07 0.00404808 1.31106e-06
-1.5255e-07 0.00404808 1.31784e-06
-1.5255e-07 0.00404807 1.32463e-06
-1.5255e-07 0.00404807 1.33141e-06
-1.5255e-07 0.00404807 1.33819e-06
-1.5255e-07 0.00404807 1.34497e-06
-1.5255e-07 0.00404807 1.35176e-06
-1.5255e-07 0.00404807 1.35854e-06
-1.5255e-07 0.00404806 1.36532e-06
-1.5255e-07 0.00404806 1.37211e-06
-1.5255e-07 0.00404806 1.37889e-06
-1.5255e-07 0.00404806 1.38567e-06
-1.5255e-07 0.00404806 1.39245e-06
-1.5255e-07 0.00404805 1.39924e-06
-1.5255e-07 0.00404805 1.40602e-06
-1.5255e-07 0.00404805 1.4128e-06
-1.5255e-07 0.00404805 1.41959e-06
-1.5255e-07 0.00404805 1.42637e-06
-1.5255e-07 0.00404805 1.43315e-06
-1.5255e-07 0.00404804 1.43993e-06
-1.5255e-07 0.00404804 1.44672e-06
-1.5255e-07 0.00404804 1.4535e-06
-1.5255e-07 0.00404804 1.46028e-06
-1.42518e-07 0.004048 1.46706e-06
-1.46119e-07 0.00404801 1.46706e-06
-1.42518e-07 0.004048 1.46028e-06
-1.46119e-07 0.00404801 1.46028e-06
-1.42518e-07 0.004048 1.4535e-06
-1.46119e-07 0.00404801 1.4535e-06
-1.42518e-07 0.004048 1.44672e-06
-1.46119e-07 0.00404802 1.44672e-06
-1.42518e-07 0.004048 1.43993e-06
-1.46119e-07 0.00404802 1.43993e-06
-1.42518e-07 0.004048 1.43315e-06
-1.46119e-07 0.00404802 1.43315e-06
-1.42518e-07 0.00404801 1.42637e-06
-1.46119e-07 0.00404802 1.42637e-06
-1.42518e-07 0.00404801 1.41959e-06
-1.46119e-07 0.00404802 1.41959e-06
-1.42518e-07 0.00404801 1.4128e-06
-1.46119e-07 0.00404802 1.4128e-06
-1.42518e-07 0.00404801 1.40602e-06
-1.46119e-07 0.00404803 1.40602e-06
-1.42518e-07 0.00404801 1.39924e-06
-1.46119e-07 0.00404803 1.39924e-06
-1.42518e-07 0.00404801 1.39245e-06
-1.46119e-07 0.00404803 1.39245e-06
-1.42518e-07 0.00404802 1.38567e-06
-1.46119e-07 0.00404803 1.38567e-06
-1.42518e-07 0.00404802 1.37889e-06
-1.46119e-07 0.00404803 1.37889e-06
-1.42518e-07 0.00404802 1.37211e-06
-1.46119e-07 0.00404804 1.37211e-06
-1.42518e-07 0.00404802 1.36532e-06
-1.46119e-07 0.00404804 1.36532e-06
-1.42518e-07 0.00404802 1.35854e-06
-1.46119e-07 0.00404804 1.35854e-06
-1.42518e-07 0.00404803 1.35176e-06
-1.46119e-07 0.00404804 1.35176e-06
-1.42518e-07 0.00404803 1.34497e-06
-1.46119e-07 0.00404804 1.34497e-06
-1.42518e-07 0.00404803 1.33819e-06
-1.46119e-07 0.00404804 1.33819e-06
-1.42518e-07 0.00404803 1.33141e-06
-1.46119e-07 0.00404805 1.33141e-06
-1.42518e-07 0.00404803 1.32463e-06
-1.46119e-07 0.00404805 1.32463e-06
-1.42518e-07 0.00404803 1.31784e-06
-1.46119e-07 0.00404805 1.31784e-06
-1.42518e-07 0.00404804 1.31106e-06
-1.46119e-07 0.00404805 1.31106e-06
-1.42518e-07 0.00404804 1.30428e-06
-1.46119e-07 0.00404805 1.30428e-06
-1.42518e-07 0.00404804 1.29749e-06
-1.46119e-07 0.00404805 1.29749e-06
-1.42518e-07 0.00404804 1.29071e-06
-1.46119e-07 0.00404806 1.29071e-06
-1.42518e-07 0.00404804 1.28393e-06
-1.46119e-07 0.00404806 1.28393e-06
-1.42518e-07 0.00404805 1.27715e-06
-1.46119e-07 0.00404806 1.27715e-06
-1.42518e-07 0.00404805 1.27036e-06
-1.46119e-07 0.00404806 1.27036e-06
-1.42518e-07 0.00404805 1.26358e-06
-1.46119e-07 0.00404806 1.26358e-06
-1.42518e-07 0.00404805 1.2568e-06
-1.46119e-07 0.00404807 1.2568e-06
-1.42518e-07 0.00404805 1.25002e-06
-1.46119e-07 0.00404807 1.25002e-06
-1.42518e-07 0.00404805 1.24323e-06
-1.46119e-07 0.00404807 1.24323e-06
-1.42518e-07 0.00404806 1.23645e-06
-1.46119e-07 0.00404807 1.23645e-06
-1.42518e-07 0.00404806 1.22967e-06
-1.46119e-07 0.00404807 1.22967e-06
-1.42518e-07 0.00404806 1.22288e-06
-1.46119e-07 0.00404807 1.22288e-06
-1.42518e-07 0.00404806 1.2161e-06
-1.46119e-07 0.00404808 1.2161e-06
-1.42518e-07 0.00404806 1.20932e-06
-1.46119e-07 0.00404808 1.20932e-06
-1.42518e-07 0.00404806 1.20254e-06
-1.46119e-07 0.00404808 1.20254e-06
-1.42518e-07 0.00404807 1.19575e-06
-1.46119e-07 0.00404808 1.19575e-06
-1.42518e-07 0.00404807 1.18897e-06
-1.46119e-07 0.00404808 1.18897e-06
-1.42518e-07 0.00404807 1.18219e-06
-1.46119e-07 0.00404808 1.18219e-06
-1.42518e-07 0.00404807 1.1754e-06
-1.46119e-07 0.00404809 1.1754e-06
-1.42518e-07 0.00404807 1.16862e-06
-1.46119e-07 0.00404809 1.16862e-06
-1.42518e-07 0.00404808 1.16184e-06
-1.46119e-07 0.00404809 1.16184e-06
-1.42518e-07 0.00404808 1.15506e-06
-1.46119e-07 0.00404809 1.15506e-06
-1.42518e-07 0.00404808 1.14827e-06
-1.46119e-07 0.00404809 1.14827e-06
-1.42518e-07 0.00404808 1.14149e-06
-1.46119e-07 0.0040481 1.14149e-06
-1.42518e-07 0.00404808 1.13471e-06
-1.46119e-07 0.0040481 1.13471e-06
-1.42518e-07 0.00404808 1.12792e-06
-1.46119e-07 0.0040481 1.12792e-06
-1.42518e-07 0.00404809 1.12114e-06
-1.46119e-07 0.0040481 1.12114e-06
-1.42518e-07 0.00404809 1.11436e-06
-1.46119e-07 0.0040481 1.11436e-06
-1.42518e-07 0.00404809 1.10758e-06
-1.46119e-07 0.0040481 1.10758e-06
-1.42518e-07 0.00404809 1.10079e-06
-1.46119e-07 0.00404811 1.10079e-06
-1.42518e-07 0.00404809 1.09401e-06
-1.46119e-07 0.00404811 1.09401e-06
-1.42518e-07 0.0040481 1.08723e-06
-1.46119e-07 0.00404811 1.08723e-06
-1.42518e-07 0.0040481 1.08045e-06
-1.46119e-07 0.00404811 1.08045e-06
-1.42518e-07 0.0040481 1.07366e-06
-1.46119e-07 0.00404811 1.07366e-06
-1.42518e-07 0.0040481 1.06688e-06
-1.46119e-07 0.00404812 1.06688e-06
-1.42518e-07 0.0040481 1.0601e-06
-1.46119e-07 0.00404812 1.0601e-06
-1.42518e-07 0.0040481 1.05331e-06
-1.46119e-07 0.00404812 1.05331e-06
-1.42518e-07 0.00404811 1.04653e-06
-1.46119e-07 0.00404812 1.04653e-06
-1.42518e-07 0.00404811 1.03975e-06
-1.46119e-07 0.00404812 1.03975e-06
-1.42518e-07 0.00404811 1.03297e-06
-1.46119e-07 0.00404812 1.03297e-06
-1.42518e-07 0.00404811 1.02618e-06
-1.46119e-07 0.00404813 1.02618e-06
-1.42518e-07 0.00404811 1.0194e-06
-1.46119e-07 0.00404813 1.0194e-06
-1.42518e-07 0.00404811 1.01262e-06
-1.46119e-07 0.00404813 1.01262e-06
-1.42518e-07 0.00404812 1.00583e-06
-1.46119e-07 0.00404813 1.00583e-06
-1.42518e-07 0.00404812 9.99052e-07
-1.46119e-07 0.00404813 9.99052e-07
-1.42518e-07 0.00404812 9.92269e-07
-1.46119e-07 0.00404814 9.92269e-07
-1.42518e-07 0.00404812 9.85486e-07
-1.46119e-07 0.00404814 9.85486e-07
-1.42518e-07 0.00404812 9.78703e-07
-1.46119e-07 0.00404814 9.78703e-07
-1.42518e-07 0.00404813 9.71921e-07
-1.46119e-07 0.00404814 9.71921e-07
-1.91132e-07 0.0040482 1.46706e-06
-1.94733e-07 0.00404821 1.46706e-06
-1.91132e-07 0.0040482 1.46028e-06
-1.94733e-07 0.00404821 1.46028e-06
-1.91132e-07 0.0040482 1.4535e-06
-1.94733e-07 0.00404821 1.4535e-06
-1.91132e-07 0.0040482 1.44672e-06
-1.94733e-07 0.00404822 1.44672e-06
-1.91132e-07 0.0040482 1.43993e-06
-1.94733e-07 0.00404822 1.43993e-06
-1.91132e-07 0.0040482 1.43315e-06
-1.94733e-07 0.00404822 1.43315e-06
-1.91132e-07 0.00404821 1.42637e-06
-1.94733e-07 0.00404822 1.42637e-06
-1.91132e-07 0.00404821 1.41959e-06
-1.94733e-07 0.00404822 1.41959e-06
-1.91132e-07 0.00404821 1.4128e-06
-1.94733e-07 0.00404823 1.4128e-06
-1.91132e-07 0.00404821 1.40602e-06
-1.94733e-07 0.00404823 1.40602e-06
-1.91132e-07 0.00404821 1.39924e-06
-1.94733e-07 0.00404823 1.39924e-06
-1.91132e-07 0.00404822 1.39245e-06
-1.94733e-07 0.00404823 1.39245e-06
-1.91132e-07 0.00404822 1.38567e-06
-1.94733e-07 0.00404823 1.38567e-06
-1.91132e-07 0.00404822 1.37889e-06
-1.94733e-07 0.00404823 1.37889e-06
-1.91132e-07 0.00404822 1.37211e-06
-1.94733e-07 0.00404824 1.37211e-06
-1.91132e-07 0.00404822 1.36532e-06
-1.94733e-07 0.00404824 1.36532e-06
-1.91132e-07 0.00404823 1.35854e-06
-1.94733e-07 0.00404824 1.35854e-06
-1.91132e-07 0.00404823 1.35176e-06
-1.94733e-07 0.00404824 1.35176e-06
-1.91132e-07 0.00404823 1.34497e-06
-1.94733e-07 0.00404824 1.34497e-06
-1.91132e-07 0.00404823 1.33819e-06
-1.94733e-07 0.00404825 1.33819e-06
-1.91132e-07 0.00404823 1.33141e-06
-1.94733e-07 0.00404825 1.33141e-06
-1.91132e-07 0.00404823 1.32463e-06
-1.94733e-07 0.00404825 1.32463e-06
-1.91132e-07 0.00404824 1.31784e-06
-1.94733e-07 0.00404825 1.31784e-06
-1.91132e-07 0.00404824 1.31106e-06
-1.94733e-07 0.00404825 1.31106e-06
-1.91132e-07 0.00404824 1.30428e-06
-1.94733e-07 0.00404825 1.30428e-06
-1.91132e-07 0.00404824 1.29749e-06
-1.94733e-07 0.00404826 1.29749e-06
-1.91132e-07 0.00404824 1.29071e-06
-1.94733e-07 0.00404826 1.29071e-06
-1.91132e-07 0.00404824 1.28393e-06
-1.94733e-07 0.00404826 1.28393e-06
-1.91132e-07 0.00404825 1.27715e-06
-1.94733e-07 0.00404826 1.27715e-06
-1.91132e-07 0.00404825 1.27036e-06
-1.94733e-07 0.00404826 1.27036e-06
-1.91132e-07 0.00404825 1.26358e-06
-1.94733e-07 0.00404826 1.26358e-06
-1.91132e-07 0.00404825 1.2568e-06
-1.94733e-07 0.00404827 1.2568e-06
-1.91132e-07 0.00404825 1.25002e-06
-1.94733e-07 0.00404827 1.25002e-06
-1.91132e-07 0.00404826 1.24323e-06
-1.94733e-07 0.00404827 1.24323e-06
-1.91132e-07 0.00404826 1.23645e-06
-1.94733e-07 0.00404827 1.23645e-06
-1.91132e-07 0.00404826 1.22967e-06
-1.94733e-07 0.00404827 1.22967e-06
-1.91132e-07 0.00404826 1.22288e-06
-1.94733e-07 0.00404828 1.22288e-06
-1.91132e-07 0.00404826 1.2161e-06
-1.94733e-07 0.00404828 1.2161e-06
-1.91132e-07 0.00404826 1.20932e-06
-1.94733e-07 0.00404828 1.20932e-06
-1.91132e-07 0.00404827 1.20254e-06
-1.94733e-07 0.00404828 1.20254e-06
-1.91132e-07 0.00404827 1.19575e-06
-1.94733e-07 0.00404828 1.19575e-06
-1.91132e-07 0.00404827 1.18897e-06
-1.94733e-07 0.00404828 1.18897e-06
-1.91132e-07 0.00404827 1.18219e-06
-1.94733e-07 0.00404829 1.18219e-06
-1.91132e-07 0.00404827 1.1754e-06
-1.94733e-07 0.00404829 1.1754e-06
-1.91132e-07 0.00404827 1.16862e-06
-1.94733e-07 0.00404829 1.16862e-06
-1.91132e-07 0.00404828 1.16184e-06
-1.94733e-07 0.00404829 1.16184e-06
-1.91132e-07 0.00404828 1.15506e-06
-1.94733e-07 0.00404829 1.15506e-06
-1.91132e-07 0.00404828 1.14827e-06
-1.94733e-07 0.00404829 1.14827e-06
-1.91132e-07 0.00404828 1.14149e-06
-1.94733e-07 0.0040483 1.14149e-06
-1.91132e-07 0.00404828 1.13471e-06
-1.94733e-07 0.0040483 1.13471e-06
-1.91132e-07 0.00404829 1.12792e-06
-1.94733e-07 0.0040483 1.12792e-06
-1.91132e-07 0.00404829 1.12114e-06
-1.94733e-07 0.0040483 1.12114e-06
-1.91132e-07 0.00404829 1.11436e-06
-1.94733e-07 0.0040483 1.11436e-06
-1.91132e-07 0.00404829 1.10758e-06
-1.94733e-07 0.00404831 1.10758e-06
-1.91132e-07 0.00404829 1.10079e-06
-1.94733e-07 0.00404831 1.10079e-06
-1.91132e-07 0.00404829 1.09401e-06
-1.94733e-07 0.00404831 1.09401e-06
-1.91132e-07 0.0040483 1.08723e-06
-1.94733e-07 0.00404831 1.08723e-06
-1.91132e-07 0.0040483 1.08045e-06
-1.94733e-07 0.00404831 1.08045e-06
-1.91132e-07 0.0040483 1.07366e-06
-1.94733e-07 0.00404831 1.07366e-06
-1.91132e-07 0.0040483 1.06688e-06
-1.94733e-07 0.00404832 1.06688e-06
-1.91132e-07 0.0040483 1.0601e-06
-1.94733e-07 0.00404832 1.0601e-06
-1.91132e-07 0.00404831 1.05331e-06
-1.94733e-07 0.00404832 1.05331e-06
-1.91132e-07 0.00404831 1.04653e-06
-1.94733e-07 0.00404832 1.04653e-06
-1.91132e-07 0.00404831 1.03975e-06
-1.94733e-07 0.00404832 1.03975e-06
-1.91132e-07 0.00404831 1.03297e-06
-1.94733e-07 0.00404833 1.03297e-06
-1.91132e-07 0.00404831 1.02618e-06
-1.94733e-07 0.00404833 1.02618e-06
-1.91132e-07 0.00404831 1.0194e-06
-1.94733e-07 0.00404833 1.0194e-06
-1.91132e-07 0.00404832 1.01262e-06
-1.94733e-07 0.00404833 1.01262e-06
-1.91132e-07 0.00404832 1.00583e-06
-1.94733e-07 0.00404833 1.00583e-06
-1.91132e-07 0.00404832 9.99052e-07
-1.94733e-07 0.00404833 9.99052e-07
-1.91132e-07 0.00404832 9.92269e-07
-1.94733e-07 0.00404834 9.92269e-07
-1.91132e-07 0.00404832 9.85486e-07
-1.94733e-07 0.00404834 9.85486e-07
-1.91132e-07 0.00404832 9.78703e-07
-1.94733e-07 0.00404834 9.78703e-07
-1.91132e-07 0.00404833 9.71921e-07
-1.94733e-07 0.00404834 9.71921e-07
