-3.08705e-08 0.00100736 2.55261e-07
-3.08705e-08 0.0010074 6.49821e-08
-1.35725e-08 0.00100733 2.55261e-07
-1.35725e-08 0.00100736 6.49821e-08
-3.08705e-08 0.00100737 2.52654e-07
-3.08705e-08 0.00100737 2.50048e-07
-3.08705e-08 0.00100737 2.47441e-07
-3.08705e-08 0.00100737 2.44835e-07
-3.08705e-08 0.00100737 2.42228e-07
-3.08705e-08 0.00100737 2.39621e-07
-3.08705e-08 0.00100737 2.37015e-07
-3.08705e-08 0.00100737 2.34408e-07
-3.08705e-08 0.00100737 2.31802e-07
-3.08705e-08 0.00100737 2.29195e-07
-3.08705e-08 0.00100737 2.26589e-07
-3.08705e-08 0.00100737 2.23982e-07
-3.08705e-08 0.00100737 2.21376e-07
-3.08705e-08 0.00100737 2.18769e-07
-3.08705e-08 0.00100737 2.16162e-07
-3.08705e-08 0.00100737 2.13556e-07
-3.08705e-08 0.00100737 2.10949e-07
-3.08705e-08 0.00100737 2.08343e-07
-3.08705e-08 0.00100737 2.05736e-07
-3.08705e-08 0.00100737 2.0313e-07
-3.08705e-08 0.00100737 2.00523e-07
-3.08705e-08 0.00100737 1.97917e-07
-3.08705e-08 0.00100738 1.9531e-07
-3.08705e-08 0.00100738 1.92703e-07
-3.08705e-08 0.00100738 1.90097e-07
-3.08705e-08 0.00100738 1.8749e-07
-3.08705e-08 0.00100738 1.84884e-07
-3.08705e-08 0.00100738 1.82277e-07
-3.08705e-08 0.00100738 1.79671e-07
-3.08705e-08 0.00100738 1.77064e-07
-3.08705e-08 0.00100738 1.74457e-07
-3.08705e-08 0.00100738 1.71851e-07
-3.08705e-08 0.00100738 1.69244e-07
-3.08705e-08 0.00100738 1.66638e-07
-3.08705e-08 0.00100738 1.64031e-07
-3.08705e-08 0.00100738 1.61425e-07
-3.08705e-08 0.00100738 1.58818e-07
-3.08705e-08 0.00100738 1.56212e-07
-3.08705e-08 0.00100738 1.53605e-07
-3.08705e-08 0.00100738 1.50998e-07
-3.08705e-08 0.00100738 1.48392e-07
-3.08705e-08 0.00100738 1.45785e-07
-3.08705e-08 0.00100738 1.43179e-07
-3.08705e-08 0.00100738 1.40572e-07
-3.08705e-08 0.00100738 1.37966e-07
-3.08705e-08 0.00100739 1.35359e-07
-3.08705e-08 0.00100739 1.32753e-07
-3.08705e-08 0.00100739 1.30146e-07
-3.08705e-08 0.00100739 1.27539e-07
-3.08705e-08 0.00100739 1.24933e-07
-3.08705e-08 0.00100739 1.22326e-07
-3.08705e-08 0.00100739 1.1972e-07
-3.08705e-08 0.00100739 1.17113e-07
-3.08705e-08 0.00100739 1.14507e-07
-3.08705e-08 0.00100739 1.119e-07
-3.08705e-08 0.00100739 1.09294e-07
-3.08705e-08 0.00100739 1.06687e-07
-3.08705e-08 0.00100739 1.0408e-07
-3.08705e-08 0.00100739 1.01474e-07
-3.08705e-08 0.00100739 9.88673e-08
-3.08705e-08 0.00100739 9.62608e-08
-3.08705e-08 0.00100739 9.36542e-08
-3.08705e-08 0.00100739 9.10477e-08
-3.08705e-08 0.00100739 8.84411e-08
-3.08705e-08 0.00100739 8.58346e-08
-3.08705e-08 0.00100739 8.3228e-08
-3.08705e-08 0.00100739 8.06214e-08
-3.08705e-08 0.0010074 7.80149e-08
-3.08705e-08 0.0010074 7.54083e-08
-3.08705e-08 0.0010074 7.28018e-08
-3.08705e-08 0.0010074 7.01952e-08
-3.08705e-08 0.0010074 6.75887e-08
-2.83994e-08 0.00100739 6.49821e-08
-2.59282e-08 0.00100739 6.49821e-08
-2.34571e-08 0.00100738 6.49821e-08
-2.09859e-08 0.00100738 6.49821e-08
-1.85148e-08 0.00100737 6.49821e-08
-1.60436e-08 0.00100737 6.49821e-08
-2.83994e-08 0.00100736 2.55261e-07
-2.59282e-08 0.00100736 2.55261e-07
-2.34571e-08 0.00100735 2.55261e-07
-2.09859e-08 0.00100735 2.55261e-07
-1.85148e-08 0.00100734 2.55261e-07
-1.60436e-08 0.00100734 2.55261e-07
-1.35725e-08 0.00100736 6.75887e-08
-1.35725e-08 0.00100736 7.01952e-08
-1.35725e-08 0.00100736 7.28018e-08
-1.35725e-08 0.00100736 7.54083e-08
-1.35725e-08 0.00100736 7.80149e-08
-1.35725e-08 0.00100736 8.06214e-08
-1.35725e-08 0.00100736 8.3228e-08
-1.35725e-08 0.00100736 8.58346e-08
-1.35725e-08 0.00100736 8.84411e-08
-1.35725e-08 0.00100736 9.10477e-08
-1.35725e-08 0.00100736 9.36542e-08
-1.35725e-08 0.00100736 9.62608e-08
-1.35725e-08 0.00100736 9.88673e-08
-1.35725e-08 0.00100736 1.01474e-07
-1.35725e-08 0.00100736 1.0408e-07
-1.35725e-08 0.00100736 1.06687e-07
-1.35725e-08 0.00100736 1.09294e-07
-1.35725e-08 0.00100736 1.119e-07
-1.35725e-08 0.00100736 1.14507e-07
-1.35725e-08 0.00100736 1.17113e-07
-1.35725e-08 0.00100735 1.1972e-07
-1.35725e-08 0.00100735 1.22326e-07
-1.35725e-08 0.00100735 1.24933e-07
-1.35725e-08 0.00100735 1.27539e-07
-1.35725e-08 0.00100735 1.30146e-07
-1.35725e-08 0.00100735 1.32753e-07
-1.35725e-08 0.00100735 1.35359e-07
-1.35725e-08 0.00100735 1.37966e-07
-1.35725e-08 0.00100735 1.40572e-07
-1.35725e-08 0.00100735 1.43179e-07
-1.35725e-08 0.00100735 1.45785e-07
-1.35725e-08 0.00100735 1.48392e-07
-1.35725e-08 0.00100735 1.50998e-07
-1.35725e-08 0.00100735 1.53605e-07
-1.35725e-08 0.00100735 1.56212e-07
-1.35725e-08 0.00100735 1.58818e-07
-1.35725e-08 0.00100735 1.61425e-07
-1.35725e-08 0.00100735 1.64031e-07
-1.35725e-08 0.00100735 1.66638e-07
-1.35725e-08 0.00100735 1.69244e-07
-1.35725e-08 0.00100735 1.71851e-07
-1.35725e-08 0.00100735 1.74457e-07
-1.35725e-08 0.00100734 1.77064e-07
-1.35725e-08 0.00100734 1.79671e-07
-1.35725e-08 0.00100734 1.82277e-07
-1.35725e-08 0.00100734 1.84884e-07
-1.35725e-08 0.00100734 1.8749e-07
-1.35725e-08 0.00100734 1.90097e-07
-1.35725e-08 0.00100734 1.92703e-07
-1.35725e-08 0.00100734 1.9531e-07
-1.35725e-08 0.00100734 1.97917e-07
-1.35725e-08 0.00100734 2.00523e-07
-1.35725e-08 0.00100734 2.0313e-07
-1.35725e-08 0.00100734 2.05736e-07
-1.35725e-08 0.00100734 2.08343e-07
-1.35725e-08 0.00100734 2.10949e-07
-1.35725e-08 0.00100734 2.13556e-07
-1.35725e-08 0.00100734 2.16162e-07
-1.35725e-08 0.00100734 2.18769e-07
-1.35725e-08 0.00100734 2.21376e-07
-1.35725e-08 0.00100734 2.23982e-07
-1.35725e-08 0.00100734 2.26589e-07
-1.35725e-08 0.00100734 2.29195e-07
-1.35725e-08 0.00100734 2.31802e-07
-1.35725e-08 0.00100733 2.34408e-07
-1.35725e-08 0.00100733 2.37015e-07
-1.35725e-08 0.00100733 2.39621e-07
-1.35725e-08 0.00100733 2.42228e-07
-1.35725e-08 0.00100733 2.44835e-07
-1.35725e-08 0.00100733 2.47441e-07
-1.35725e-08 0.00100733 2.50048e-07
-1.35725e-08 0.00100733 2.52654e-07
-2.83994e-08 0.00100739 6.75887e-08
-2.83994e-08 0.00100739 7.01952e-08
-2.83994e-08 0.00100739 7.28018e-08
-2.83994e-08 0.00100739 7.54083e-08
-2.83994e-08 0.00100739 7.80149e-08
-2.83994e-08 0.00100739 8.06214e-08
-2.83994e-08 0.00100739 8.3228e-08
-2.83994e-08 0.00100739 8.58346e-08
-2.83994e-08 0.00100739 8.84411e-08
-2.83994e-08 0.00100739 9.10477e-08
-2.83994e-08 0.00100739 9.36542e-08
-2.83994e-08 0.00100739 9.62608e-08
-2.83994e-08 0.00100739 9.88673e-08
-2.83994e-08 0.00100739 1.01474e-07
-2.83994e-08 0.00100739 1.0408e-07
-2.83994e-08 0.00100739 1.06687e-07
-2.83994e-08 0.00100739 1.09294e-07
-2.83994e-08 0.00100738 1.119e-07
-2.83994e-08 0.00100738 1.14507e-07
-2.83994e-08 0.00100738 1.17113e-07
-2.83994e-08 0.00100738 1.1972e-07
-2.83994e-08 0.00100738 1.22326e-07
-2.83994e-08 0.00100738 1.24933e-07
-2.83994e-08 0.00100738 1.27539e-07
-2.83994e-08 0.00100738 1.30146e-07
-2.83994e-08 0.00100738 1.32753e-07
-2.83994e-08 0.00100738 1.35359e-07
-2.83994e-08 0.00100738 1.37966e-07
-2.83994e-08 0.00100738 1.40572e-07
-2.83994e-08 0.00100738 1.43179e-07
-2.83994e-08 0.00100738 1.45785e-07
-2.83994e-08 0.00100738 1.48392e-07
-2.83994e-08 0.00100738 1.50998e-07
-2.83994e-08 0.00100738 1.53605e-07
-2.83994e-08 0.00100738 1.56212e-07
-2.83994e-08 0.00100738 1.58818e-07
-2.83994e-08 0.00100738 1.61425e-07
-2.83994e-08 0.00100738 1.64031e-07
-2.83994e-08 0.00100738 1.66638e-07
-2.83994e-08 0.00100737 1.69244e-07
-2.83994e-08 0.00100737 1.71851e-07
-2.83994e-08 0.00100737 1.74457e-07
-2.83994e-08 0.00100737 1.77064e-07
-2.83994e-08 0.00100737 1.79671e-07
-2.83994e-08 0.00100737 1.82277e-07
-2.83994e-08 0.00100737 1.84884e-07
-2.83994e-08 0.00100737 1.8749e-07
-2.83994e-08 0.00100737 1.90097e-07
-2.83994e-08 0.00100737 1.92703e-07
-2.83994e-08 0.00100737 1.9531e-07
-2.83994e-08 0.00100737 1.97917e-07
-2.83994e-08 0.00100737 2.00523e-07
-2.83994e-08 0.00100737 2.0313e-07
-2.83994e-08 0.00100737 2.05736e-07
-2.83994e-08 0.00100737 2.08343e-07
-2.83994e-08 0.00100737 2.10949e-07
-2.83994e-08 0.00100737 2.13556e-07
-2.83994e-08 0.00100737 2.16162e-07
-2.83994e-08 0.00100737 2.18769e-07
-2.83994e-08 0.00100737 2.21376e-07
-2.83994e-08 0.00100737 2.23982e-07
-2.83994e-08 0.00100736 2.26589e-07
-2.83994e-08 0.00100736 2.29195e-07
-2.83994e-08 0.00100736 2.31802e-07
-2.83994e-08 0.00100736 2.34408e-07
-2.83994e-08 0.00100736 2.37015e-07
-2.83994e-08 0.00100736 2.39621e-07
-2.83994e-08 0.00100736 2.42228e-07
-2.83994e-08 0.00100736 2.44835e-07
-2.83994e-08 0.00100736 2.47441e-07
-2.83994e-08 0.00100736 2.50048e-07
-2.83994e-08 0.00100736 2.52654e-07
-2.59282e-08 0.00100739 6.75887e-08
-2.59282e-08 0.00100739 7.01952e-08
-2.59282e-08 0.00100739 7.28018e-08
-2.59282e-08 0.00100739 7.54083e-08
-2.59282e-08 0.00100739 7.80149e-08
-2.59282e-08 0.00100739 8.06214e-08
-2.59282e-08 0.00100738 8.3228e-08
-2.59282e-08 0.00100738 8.58346e-08
-2.59282e-08 0.00100738 8.84411e-08
-2.59282e-08 0.00100738 9.10477e-08
-2.59282e-08 0.00100738 9.36542e-08
-2.59282e-08 0.00100738 9.62608e-08
-2.59282e-08 0.00100738 9.88673e-08
-2.59282e-08 0.00100738 1.01474e-07
-2.59282e-08 0.00100738 1.0408e-07
-2.59282e-08 0.00100738 1.06687e-07
-2.59282e-08 0.00100738 1.09294e-07
-2.59282e-08 0.00100738 1.119e-07
-2.59282e-08 0.00100738 1.14507e-07
-2.59282e-08 0.00100738 1.17113e-07
-2.59282e-08 0.00100738 1.1972e-07
-2.59282e-08 0.00100738 1.22326e-07
-2.59282e-08 0.00100738 1.24933e-07
-2.59282e-08 0.00100738 1.27539e-07
-2.59282e-08 0.00100738 1.30146e-07
-2.59282e-08 0.00100738 1.32753e-07
-2.59282e-08 0.00100738 1.35359e-07
-2.59282e-08 0.00100738 1.37966e-07
-2.59282e-08 0.00100738 1.40572e-07
-2.59282e-08 0.00100737 1.43179e-07
-2.59282e-08 0.00100737 1.45785e-07
-2.59282e-08 0.00100737 1.48392e-07
-2.59282e-08 0.00100737 1.50998e-07
-2.59282e-08 0.00100737 1.53605e-07
-2.59282e-08 0.00100737 1.56212e-07
-2.59282e-08 0.00100737 1.58818e-07
-2.59282e-08 0.00100737 1.61425e-07
-2.59282e-08 0.00100737 1.64031e-07
-2.59282e-08 0.00100737 1.66638e-07
-2.59282e-08 0.00100737 1.69244e-07
-2.59282e-08 0.00100737 1.71851e-07
-2.59282e-08 0.00100737 1.74457e-07
-2.59282e-08 0.00100737 1.77064e-07
-2.59282e-08 0.00100737 1.79671e-07
-2.59282e-08 0.00100737 1.82277e-07
-2.59282e-08 0.00100737 1.84884e-07
-2.59282e-08 0.00100737 1.8749e-07
-2.59282e-08 0.00100737 1.90097e-07
-2.59282e-08 0.00100737 1.92703e-07
-2.59282e-08 0.00100737 1.9531e-07
-2.59282e-08 0.00100737 1.97917e-07
-2.59282e-08 0.00100736 2.00523e-07
-2.59282e-08 0.00100736 2.0313e-07
-2.59282e-08 0.00100736 2.05736e-07
-2.59282e-08 0.00100736 2.08343e-07
-2.59282e-08 0.00100736 2.10949e-07
-2.59282e-08 0.00100736 2.13556e-07
-2.59282e-08 0.00100736 2.16162e-07
-2.59282e-08 0.00100736 2.18769e-07
-2.59282e-08 0.00100736 2.21376e-07
-2.59282e-08 0.00100736 2.23982e-07
-2.59282e-08 0.00100736 2.26589e-07
-2.59282e-08 0.00100736 2.29195e-07
-2.59282e-08 0.00100736 2.31802e-07
-2.59282e-08 0.00100736 2.34408e-07
-2.59282e-08 0.00100736 2.37015e-07
-2.59282e-08 0.00100736 2.39621e-07
-2.59282e-08 0.00100736 2.42228e-07
-2.59282e-08 0.00100736 2.44835e-07
-2.59282e-08 0.00100736 2.47441e-07
-2.59282e-08 0.00100736 2.50048e-07
-2.59282e-08 0.00100736 2.52654e-07
-2.34571e-08 0.00100738 6.75887e-08
-2.34571e-08 0.00100738 7.01952e-08
-2.34571e-08 0.00100738 7.28018e-08
-2.34571e-08 0.00100738 7.54083e-08
-2.34571e-08 0.00100738 7.80149e-08
-2.34571e-08 0.00100738 8.06214e-08
-2.34571e-08 0.00100738 8.3228e-08
-2.34571e-08 0.00100738 8.58346e-08
-2.34571e-08 0.00100738 8.84411e-08
-2.34571e-08 0.00100738 9.10477e-08
-2.34571e-08 0.00100738 9.36542e-08
-2.34571e-08 0.00100738 9.62608e-08
-2.34571e-08 0.00100738 9.88673e-08
-2.34571e-08 0.00100738 1.01474e-07
-2.34571e-08 0.00100738 1.0408e-07
-2.34571e-08 0.00100738 1.06687e-07
-2.34571e-08 0.00100738 1.09294e-07
-2.34571e-08 0.00100738 1.119e-07
-2.34571e-08 0.00100737 1.14507e-07
-2.34571e-08 0.00100737 1.17113e-07
-2.34571e-08 0.00100737 1.1972e-07
-2.34571e-08 0.00100737 1.22326e-07
-2.34571e-08 0.00100737 1.24933e-07
-2.34571e-08 0.00100737 1.27539e-07
-2.34571e-08 0.00100737 1.30146e-07
-2.34571e-08 0.00100737 1.32753e-07
-2.34571e-08 0.00100737 1.35359e-07
-2.34571e-08 0.00100737 1.37966e-07
-2.34571e-08 0.00100737 1.40572e-07
-2.34571e-08 0.00100737 1.43179e-07
-2.34571e-08 0.00100737 1.45785e-07
-2.34571e-08 0.00100737 1.48392e-07
-2.34571e-08 0.00100737 1.50998e-07
-2.34571e-08 0.00100737 1.53605e-07
-2.34571e-08 0.00100737 1.56212e-07
-2.34571e-08 0.00100737 1.58818e-07
-2.34571e-08 0.00100737 1.61425e-07
-2.34571e-08 0.00100737 1.64031e-07
-2.34571e-08 0.00100737 1.66638e-07
-2.34571e-08 0.00100737 1.69244e-07
-2.34571e-08 0.00100736 1.71851e-07
-2.34571e-08 0.00100736 1.74457e-07
-2.34571e-08 0.00100736 1.77064e-07
-2.34571e-08 0.00100736 1.79671e-07
-2.34571e-08 0.00100736 1.82277e-07
-2.34571e-08 0.00100736 1.84884e-07
-2.34571e-08 0.00100736 1.8749e-07
-2.34571e-08 0.00100736 1.90097e-07
-2.34571e-08 0.00100736 1.92703e-07
-2.34571e-08 0.00100736 1.9531e-07
-2.34571e-08 0.00100736 1.97917e-07
-2.34571e-08 0.00100736 2.00523e-07
-2.34571e-08 0.00100736 2.0313e-07
-2.34571e-08 0.00100736 2.05736e-07
-2.34571e-08 0.00100736 2.08343e-07
-2.34571e-08 0.00100736 2.10949e-07
-2.34571e-08 0.00100736 2.13556e-07
-2.34571e-08 0.00100736 2.16162e-07
-2.34571e-08 0.00100736 2.18769e-07
-2.34571e-08 0.00100736 2.21376e-07
-2.34571e-08 0.00100736 2.23982e-07
-2.34571e-08 0.00100736 2.26589e-07
-2.34571e-08 0.00100735 2.29195e-07
-2.34571e-08 0.00100735 2.31802e-07
-2.34571e-08 0.00100735 2.34408e-07
-2.34571e-08 0.00100735 2.37015e-07
-2.34571e-08 0.00100735 2.39621e-07
-2.34571e-08 0.00100735 2.42228e-07
-2.34571e-08 0.00100735 2.44835e-07
-2.34571e-08 0.00100735 2.47441e-07
-2.34571e-08 0.00100735 2.50048e-07
-2.34571e-08 0.00100735 2.52654e-07
-2.09859e-08 0.00100738 6.75887e-08
-2.09859e-08 0.00100738 7.01952e-08
-2.09859e-08 0.00100738 7.28018e-08
-2.09859e-08 0.00100738 7.54083e-08
-2.09859e-08 0.00100738 7.80149e-08
-2.09859e-08 0.00100738 8.06214e-08
-2.09859e-08 0.00100738 8.3228e-08
-2.09859e-08 0.00100738 8.58346e-08
-2.09859e-08 0.00100737 8.84411e-08
-2.09859e-08 0.00100737 9.10477e-08
-2.09859e-08 0.00100737 9.36542e-08
-2.09859e-08 0.00100737 9.62608e-08
-2.09859e-08 0.00100737 9.88673e-08
-2.09859e-08 0.00100737 1.01474e-07
-2.09859e-08 0.00100737 1.0408e-07
-2.09859e-08 0.00100737 1.06687e-07
-2.09859e-08 0.00100737 1.09294e-07
-2.09859e-08 0.00100737 1.119e-07
-2.09859e-08 0.00100737 1.14507e-07
-2.09859e-08 0.00100737 1.17113e-07
-2.09859e-08 0.00100737 1.1972e-07
-2.09859e-08 0.00100737 1.22326e-07
-2.09859e-08 0.00100737 1.24933e-07
-2.09859e-08 0.00100737 1.27539e-07
-2.09859e-08 0.00100737 1.30146e-07
-2.09859e-08 0.00100737 1.32753e-07
-2.09859e-08 0.00100737 1.35359e-07
-2.09859e-08 0.00100737 1.37966e-07
-2.09859e-08 0.00100737 1.40572e-07
-2.09859e-08 0.00100737 1.43179e-07
-2.09859e-08 0.00100736 1.45785e-07
-2.09859e-08 0.00100736 1.48392e-07
-2.09859e-08 0.00100736 1.50998e-07
-2.09859e-08 0.00100736 1.53605e-07
-2.09859e-08 0.00100736 1.56212e-07
-2.09859e-08 0.00100736 1.58818e-07
-2.09859e-08 0.00100736 1.61425e-07
-2.09859e-08 0.00100736 1.64031e-07
-2.09859e-08 0.00100736 1.66638e-07
-2.09859e-08 0.00100736 1.69244e-07
-2.09859e-08 0.00100736 1.71851e-07
-2.09859e-08 0.00100736 1.74457e-07
-2.09859e-08 0.00100736 1.77064e-07
-2.09859e-08 0.00100736 1.79671e-07
-2.09859e-08 0.00100736 1.82277e-07
-2.09859e-08 0.00100736 1.84884e-07
-2.09859e-08 0.00100736 1.8749e-07
-2.09859e-08 0.00100736 1.90097e-07
-2.09859e-08 0.00100736 1.92703e-07
-2.09859e-08 0.00100736 1.9531e-07
-2.09859e-08 0.00100736 1.97917e-07
-2.09859e-08 0.00100736 2.00523e-07
-2.09859e-08 0.00100735 2.0313e-07
-2.09859e-08 0.00100735 2.05736e-07
-2.09859e-08 0.00100735 2.08343e-07
-2.09859e-08 0.00100735 2.10949e-07
-2.09859e-08 0.00100735 2.13556e-07
-2.09859e-08 0.00100735 2.16162e-07
-2.09859e-08 0.00100735 2.18769e-07
-2.09859e-08 0.00100735 2.21376e-07
-2.09859e-08 0.00100735 2.23982e-07
-2.09859e-08 0.00100735 2.26589e-07
-2.09859e-08 0.00100735 2.29195e-07
-2.09859e-08 0.00100735 2.31802e-07
-2.09859e-08 0.00100735 2.34408e-07
-2.09859e-08 0.00100735 2.37015e-07
-2.09859e-08 0.00100735 2.39621e-07
-2.09859e-08 0.00100735 2.42228e-07
-2.09859e-08 0.00100735 2.44835e-07
-2.09859e-08 0.00100735 2.47441e-07
-2.09859e-08 0.00100735 2.50048e-07
-2.09859e-08 0.00100735 2.52654e-07
-1.85148e-08 0.00100737 6.75887e-08
-1.85148e-08 0.00100737 7.01952e-08
-1.85148e-08 0.00100737 7.28018e-08
-1.85148e-08 0.00100737 7.54083e-08
-1.85148e-08 0.00100737 7.80149e-08
-1.85148e-08 0.00100737 8.06214e-08
-1.85148e-08 0.00100737 8.3228e-08
-1.85148e-08 0.00100737 8.58346e-08
-1.85148e-08 0.00100737 8.84411e-08
-1.85148e-08 0.00100737 9.10477e-08
-1.85148e-08 0.00100737 9.36542e-08
-1.85148e-08 0.00100737 9.62608e-08
-1.85148e-08 0.00100737 9.88673e-08
-1.85148e-08 0.00100737 1.01474e-07
-1.85148e-08 0.00100737 1.0408e-07
-1.85148e-08 0.00100737 1.06687e-07
-1.85148e-08 0.00100737 1.09294e-07
-1.85148e-08 0.00100737 1.119e-07
-1.85148e-08 0.00100737 1.14507e-07
-1.85148e-08 0.00100736 1.17113e-07
-1.85148e-08 0.00100736 1.1972e-07
-1.85148e-08 0.00100736 1.22326e-07
-1.85148e-08 0.00100736 1.24933e-07
-1.85148e-08 0.00100736 1.27539e-07
-1.85148e-08 0.00100736 1.30146e-07
-1.85148e-08 0.00100736 1.32753e-07
-1.85148e-08 0.00100736 1.35359e-07
-1.85148e-08 0.00100736 1.37966e-07
-1.85148e-08 0.00100736 1.40572e-07
-1.85148e-08 0.00100736 1.43179e-07
-1.85148e-08 0.00100736 1.45785e-07
-1.85148e-08 0.00100736 1.48392e-07
-1.85148e-08 0.00100736 1.50998e-07
-1.85148e-08 0.00100736 1.53605e-07
-1.85148e-08 0.00100736 1.56212e-07
-1.85148e-08 0.00100736 1.58818e-07
-1.85148e-08 0.00100736 1.61425e-07
-1.85148e-08 0.00100736 1.64031e-07
-1.85148e-08 0.00100736 1.66638e-07
-1.85148e-08 0.00100736 1.69244e-07
-1.85148e-08 0.00100736 1.71851e-07
-1.85148e-08 0.00100735 1.74457e-07
-1.85148e-08 0.00100735 1.77064e-07
-1.85148e-08 0.00100735 1.79671e-07
-1.85148e-08 0.00100735 1.82277e-07
-1.85148e-08 0.00100735 1.84884e-07
-1.85148e-08 0.00100735 1.8749e-07
-1.85148e-08 0.00100735 1.90097e-07
-1.85148e-08 0.00100735 1.92703e-07
-1.85148e-08 0.00100735 1.9531e-07
-1.85148e-08 0.00100735 1.97917e-07
-1.85148e-08 0.00100735 2.00523e-07
-1.85148e-08 0.00100735 2.0313e-07
-1.85148e-08 0.00100735 2.05736e-07
-1.85148e-08 0.00100735 2.08343e-07
-1.85148e-08 0.00100735 2.10949e-07
-1.85148e-08 0.00100735 2.13556e-07
-1.85148e-08 0.00100735 2.16162e-07
-1.85148e-08 0.00100735 2.18769e-07
-1.85148e-08 0.00100735 2.21376e-07
-1.85148e-08 0.00100735 2.23982e-07
-1.85148e-08 0.00100735 2.26589e-07
-1.85148e-08 0.00100735 2.29195e-07
-1.85148e-08 0.00100734 2.31802e-07
-1.85148e-08 0.00100734 2.34408e-07
-1.85148e-08 0.00100734 2.37015e-07
-1.85148e-08 0.00100734 2.39621e-07
-1.85148e-08 0.00100734 2.42228e-07
-1.85148e-08 0.00100734 2.44835e-07
-1.85148e-08 0.00100734 2.47441e-07
-1.85148e-08 0.00100734 2.50048e-07
-1.85148e-08 0.00100734 2.52654e-07
-1.60436e-08 0.00100737 6.75887e-08
-1.60436e-08 0.00100737 7.01952e-08
-1.60436e-08 0.00100737 7.28018e-08
-1.60436e-08 0.00100737 7.54083e-08
-1.60436e-08 0.00100737 7.80149e-08
-1.60436e-08 0.00100737 8.06214e-08
-1.60436e-08 0.00100737 8.3228e-08
-1.60436e-08 0.00100737 8.58346e-08
-1.60436e-08 0.00100737 8.84411e-08
-1.60436e-08 0.00100736 9.10477e-08
-1.60436e-08 0.00100736 9.36542e-08
-1.60436e-08 0.00100736 9.62608e-08
-1.60436e-08 0.00100736 9.88673e-08
-1.60436e-08 0.00100736 1.01474e-07
-1.60436e-08 0.00100736 1.0408e-07
-1.60436e-08 0.00100736 1.06687e-07
-1.60436e-08 0.00100736 1.09294e-07
-1.60436e-08 0.00100736 1.119e-07
-1.60436e-08 0.00100736 1.14507e-07
-1.60436e-08 0.00100736 1.17113e-07
-1.60436e-08 0.00100736 1.1972e-07
-1.60436e-08 0.00100736 1.22326e-07
-1.60436e-08 0.00100736 1.24933e-07
-1.60436e-08 0.00100736 1.27539e-07
-1.60436e-08 0.00100736 1.30146e-07
-1.60436e-08 0.00100736 1.32753e-07
-1.60436e-08 0.00100736 1.35359e-07
-1.60436e-08 0.00100736 1.37966e-07
-1.60436e-08 0.00100736 1.40572e-07
-1.60436e-08 0.00100736 1.43179e-07
-1.60436e-08 0.00100736 1.45785e-07
-1.60436e-08 0.00100735 1.48392e-07
-1.60436e-08 0.00100735 1.50998e-07
-1.60436e-08 0.00100735 1.53605e-07
-1.60436e-08 0.00100735 1.56212e-07
-1.60436e-08 0.00100735 1.58818e-07
-1.60436e-08 0.00100735 1.61425e-07
-1.60436e-08 0.00100735 1.64031e-07
-1.60436e-08 0.00100735 1.66638e-07
-1.60436e-08 0.00100735 1.69244e-07
-1.60436e-08 0.00100735 1.71851e-07
-1.60436e-08 0.00100735 1.74457e-07
-1.60436e-08 0.00100735 1.77064e-07
-1.60436e-08 0.00100735 1.79671e-07
-1.60436e-08 0.00100735 1.82277e-07
-1.60436e-08 0.00100735 1.84884e-07
-1.60436e-08 0.00100735 1.8749e-07
-1.60436e-08 0.00100735 1.90097e-07
-1.60436e-08 0.00100735 1.92703e-07
-1.60436e-08 0.00100735 1.9531e-07
-1.60436e-08 0.00100735 1.97917e-07
-1.60436e-08 0.00100735 2.00523e-07
-1.60436e-08 0.00100735 2.0313e-07
-1.60436e-08 0.00100734 2.05736e-07
-1.60436e-08 0.00100734 2.08343e-07
-1.60436e-08 0.00100734 2.10949e-07
-1.60436e-08 0.00100734 2.13556e-07
-1.60436e-08 0.00100734 2.16162e-07
-1.60436e-08 0.00100734 2.18769e-07
-1.60436e-08 0.00100734 2.21376e-07
-1.60436e-08 0.00100734 2.23982e-07
-1.60436e-08 0.00100734 2.26589e-07
-1.60436e-08 0.00100734 2.29195e-07
-1.60436e-08 0.00100734 2.31802e-07
-1.60436e-08 0.00100734 2.34408e-07
-1.60436e-08 0.00100734 2.37015e-07
-1.60436e-08 0.00100734 2.39621e-07
-1.60436e-08 0.00100734 2.42228e-07
-1.60436e-08 0.00100734 2.44835e-07
-1.60436e-08 0.00100734 2.47441e-07
-1.60436e-08 0.00100734 2.50048e-07
-1.60436e-08 0.00100734 2.52654e-07
-1.21886e-08 0.00100733 2.55261e-07
-1.35725e-08 0.00100733 2.55261e-07
-1.21886e-08 0.00100733 2.52654e-07
-1.35725e-08 0.00100733 2.52654e-07
-1.21886e-08 0.00100733 2.50048e-07
-1.35725e-08 0.00100733 2.50048e-07
-1.21886e-08 0.00100733 2.47441e-07
-1.35725e-08 0.00100733 2.47441e-07
-1.21886e-08 0.00100733 2.44835e-07
-1.35725e-08 0.00100733 2.44835e-07
-1.21886e-08 0.00100733 2.42228e-07
-1.35725e-08 0.00100733 2.42228e-07
-1.21886e-08 0.00100733 2.39621e-07
-1.35725e-08 0.00100733 2.39621e-07
-1.21886e-08 0.00100733 2.37015e-07
-1.35725e-08 0.00100733 2.37015e-07
-1.21886e-08 0.00100733 2.34408e-07
-1.35725e-08 0.00100733 2.34408e-07
-1.21886e-08 0.00100733 2.31802e-07
-1.35725e-08 0.00100734 2.31802e-07
-1.21886e-08 0.00100733 2.29195e-07
-1.35725e-08 0.00100734 2.29195e-07
-1.21886e-08 0.00100733 2.26589e-07
-1.35725e-08 0.00100734 2.26589e-07
-1.21886e-08 0.00100733 2.23982e-07
-1.35725e-08 0.00100734 2.23982e-07
-1.21886e-08 0.00100733 2.21376e-07
-1.35725e-08 0.00100734 2.21376e-07
-1.21886e-08 0.00100734 2.18769e-07
-1.35725e-08 0.00100734 2.18769e-07
-1.21886e-08 0.00100734 2.16162e-07
-1.35725e-08 0.00100734 2.16162e-07
-1.21886e-08 0.00100734 2.13556e-07
-1.35725e-08 0.00100734 2.13556e-07
-1.21886e-08 0.00100734 2.10949e-07
-1.35725e-08 0.00100734 2.10949e-07
-1.21886e-08 0.00100734 2.08343e-07
-1.35725e-08 0.00100734 2.08343e-07
-1.21886e-08 0.00100734 2.05736e-07
-1.35725e-08 0.00100734 2.05736e-07
-1.21886e-08 0.00100734 2.0313e-07
-1.35725e-08 0.00100734 2.0313e-07
-1.21886e-08 0.00100734 2.00523e-07
-1.35725e-08 0.00100734 2.00523e-07
-1.21886e-08 0.00100734 1.97917e-07
-1.35725e-08 0.00100734 1.97917e-07
-1.21886e-08 0.00100734 1.9531e-07
-1.35725e-08 0.00100734 1.9531e-07
-1.21886e-08 0.00100734 1.92703e-07
-1.35725e-08 0.00100734 1.92703e-07
-1.21886e-08 0.00100734 1.90097e-07
-1.35725e-08 0.00100734 1.90097e-07
-1.21886e-08 0.00100734 1.8749e-07
-1.35725e-08 0.00100734 1.8749e-07
-1.21886e-08 0.00100734 1.84884e-07
-1.35725e-08 0.00100734 1.84884e-07
-1.21886e-08 0.00100734 1.82277e-07
-1.35725e-08 0.00100734 1.82277e-07
-1.21886e-08 0.00100734 1.79671e-07
-1.35725e-08 0.00100734 1.79671e-07
-1.21886e-08 0.00100734 1.77064e-07
-1.35725e-08 0.00100734 1.77064e-07
-1.21886e-08 0.00100734 1.74457e-07
-1.35725e-08 0.00100735 1.74457e-07
-1.21886e-08 0.00100734 1.71851e-07
-1.35725e-08 0.00100735 1.71851e-07
-1.21886e-08 0.00100734 1.69244e-07
-1.35725e-08 0.00100735 1.69244e-07
-1.21886e-08 0.00100734 1.66638e-07
-1.35725e-08 0.00100735 1.66638e-07
-1.21886e-08 0.00100734 1.64031e-07
-1.35725e-08 0.00100735 1.64031e-07
-1.21886e-08 0.00100734 1.61425e-07
-1.35725e-08 0.00100735 1.61425e-07
-1.21886e-08 0.00100735 1.58818e-07
-1.35725e-08 0.00100735 1.58818e-07
-1.21886e-08 0.00100735 1.56212e-07
-1.35725e-08 0.00100735 1.56212e-07
-1.21886e-08 0.00100735 1.53605e-07
-1.35725e-08 0.00100735 1.53605e-07
-1.21886e-08 0.00100735 1.50998e-07
-1.35725e-08 0.00100735 1.50998e-07
-1.21886e-08 0.00100735 1.48392e-07
-1.35725e-08 0.00100735 1.48392e-07
-1.21886e-08 0.00100735 1.45785e-07
-1.35725e-08 0.00100735 1.45785e-07
-1.21886e-08 0.00100735 1.43179e-07
-1.35725e-08 0.00100735 1.43179e-07
-1.21886e-08 0.00100735 1.40572e-07
-1.35725e-08 0.00100735 1.40572e-07
-1.21886e-08 0.00100735 1.37966e-07
-1.35725e-08 0.00100735 1.37966e-07
-1.21886e-08 0.00100735 1.35359e-07
-1.35725e-08 0.00100735 1.35359e-07
-1.21886e-08 0.00100735 1.32753e-07
-1.35725e-08 0.00100735 1.32753e-07
-1.21886e-08 0.00100735 1.30146e-07
-1.35725e-08 0.00100735 1.30146e-07
-1.21886e-08 0.00100735 1.27539e-07
-1.35725e-08 0.00100735 1.27539e-07
-1.21886e-08 0.00100735 1.24933e-07
-1.35725e-08 0.00100735 1.24933e-07
-1.21886e-08 0.00100735 1.22326e-07
-1.35725e-08 0.00100735 1.22326e-07
-1.21886e-08 0.00100735 1.1972e-07
-1.35725e-08 0.00100735 1.1972e-07
-1.21886e-08 0.00100735 1.17113e-07
-1.35725e-08 0.00100736 1.17113e-07
-1.21886e-08 0.00100735 1.14507e-07
-1.35725e-08 0.00100736 1.14507e-07
-1.21886e-08 0.00100735 1.119e-07
-1.35725e-08 0.00100736 1.119e-07
-1.21886e-08 0.00100735 1.09294e-07
-1.35725e-08 0.00100736 1.09294e-07
-1.21886e-08 0.00100735 1.06687e-07
-1.35725e-08 0.00100736 1.06687e-07
-1.21886e-08 0.00100735 1.0408e-07
-1.35725e-08 0.00100736 1.0408e-07
-1.21886e-08 0.00100736 1.01474e-07
-1.35725e-08 0.00100736 1.01474e-07
-1.21886e-08 0.00100736 9.88673e-08
-1.35725e-08 0.00100736 9.88673e-08
-1.21886e-08 0.00100736 9.62608e-08
-1.35725e-08 0.00100736 9.62608e-08
-1.21886e-08 0.00100736 9.36542e-08
-1.35725e-08 0.00100736 9.36542e-08
-1.21886e-08 0.00100736 9.10477e-08
-1.35725e-08 0.00100736 9.10477e-08
-1.21886e-08 0.00100736 8.84411e-08
-1.35725e-08 0.00100736 8.84411e-08
-1.21886e-08 0.00100736 8.58346e-08
-1.35725e-08 0.00100736 8.58346e-08
-1.21886e-08 0.00100736 8.3228e-08
-1.35725e-08 0.00100736 8.3228e-08
-1.21886e-08 0.00100736 8.06214e-08
-1.35725e-08 0.00100736 8.06214e-08
-1.21886e-08 0.00100736 7.80149e-08
-1.35725e-08 0.00100736 7.80149e-08
-1.21886e-08 0.00100736 7.54083e-08
-1.35725e-08 0.00100736 7.54083e-08
-1.21886e-08 0.00100736 7.28018e-08
-1.35725e-08 0.00100736 7.28018e-08
-1.21886e-08 0.00100736 7.01952e-08
-1.35725e-08 0.00100736 7.01952e-08
-1.21886e-08 0.00100736 6.75887e-08
-1.35725e-08 0.00100736 6.75887e-08
-1.21886e-08 0.00100736 6.49821e-08
-1.35725e-08 0.00100736 6.49821e-08
-3.08705e-08 0.00100736 2.55261e-07
-3.22544e-08 0.00100737 2.55261e-07
-3.08705e-08 0.00100737 2.52654e-07
-3.22544e-08 0.00100737 2.52654e-07
-3.08705e-08 0.00100737 2.50048e-07
-3.22544e-08 0.00100737 2.50048e-07
-3.08705e-08 0.00100737 2.47441e-07
-3.22544e-08 0.00100737 2.47441e-07
-3.08705e-08 0.00100737 2.44835e-07
-3.22544e-08 0.00100737 2.44835e-07
-3.08705e-08 0.00100737 2.42228e-07
-3.22544e-08 0.00100737 2.42228e-07
-3.08705e-08 0.00100737 2.39621e-07
-3.22544e-08 0.00100737 2.39621e-07
-3.08705e-08 0.00100737 2.37015e-07
-3.22544e-08 0.00100737 2.37015e-07
-3.08705e-08 0.00100737 2.34408e-07
-3.22544e-08 0.00100737 2.34408e-07
-3.08705e-08 0.00100737 2.31802e-07
-3.22544e-08 0.00100737 2.31802e-07
-3.08705e-08 0.00100737 2.29195e-07
-3.22544e-08 0.00100737 2.29195e-07
-3.08705e-08 0.00100737 2.26589e-07
-3.22544e-08 0.00100737 2.26589e-07
-3.08705e-08 0.00100737 2.23982e-07
-3.22544e-08 0.00100737 2.23982e-07
-3.08705e-08 0.00100737 2.21376e-07
-3.22544e-08 0.00100737 2.21376e-07
-3.08705e-08 0.00100737 2.18769e-07
-3.22544e-08 0.00100737 2.18769e-07
-3.08705e-08 0.00100737 2.16162e-07
-3.22544e-08 0.00100737 2.16162e-07
-3.08705e-08 0.00100737 2.13556e-07
-3.22544e-08 0.00100737 2.13556e-07
-3.08705e-08 0.00100737 2.10949e-07
-3.22544e-08 0.00100737 2.10949e-07
-3.08705e-08 0.00100737 2.08343e-07
-3.22544e-08 0.00100738 2.08343e-07
-3.08705e-08 0.00100737 2.05736e-07
-3.22544e-08 0.00100738 2.05736e-07
-3.08705e-08 0.00100737 2.0313e-07
-3.22544e-08 0.00100738 2.0313e-07
-3.08705e-08 0.00100737 2.00523e-07
-3.22544e-08 0.00100738 2.00523e-07
-3.08705e-08 0.00100737 1.97917e-07
-3.22544e-08 0.00100738 1.97917e-07
-3.08705e-08 0.00100738 1.9531e-07
-3.22544e-08 0.00100738 1.9531e-07
-3.08705e-08 0.00100738 1.92703e-07
-3.22544e-08 0.00100738 1.92703e-07
-3.08705e-08 0.00100738 1.90097e-07
-3.22544e-08 0.00100738 1.90097e-07
-3.08705e-08 0.00100738 1.8749e-07
-3.22544e-08 0.00100738 1.8749e-07
-3.08705e-08 0.00100738 1.84884e-07
-3.22544e-08 0.00100738 1.84884e-07
-3.08705e-08 0.00100738 1.82277e-07
-3.22544e-08 0.00100738 1.82277e-07
-3.08705e-08 0.00100738 1.79671e-07
-3.22544e-08 0.00100738 1.79671e-07
-3.08705e-08 0.00100738 1.77064e-07
-3.22544e-08 0.00100738 1.77064e-07
-3.08705e-08 0.00100738 1.74457e-07
-3.22544e-08 0.00100738 1.74457e-07
-3.08705e-08 0.00100738 1.71851e-07
-3.22544e-08 0.00100738 1.71851e-07
-3.08705e-08 0.00100738 1.69244e-07
-3.22544e-08 0.00100738 1.69244e-07
-3.08705e-08 0.00100738 1.66638e-07
-3.22544e-08 0.00100738 1.66638e-07
-3.08705e-08 0.00100738 1.64031e-07
-3.22544e-08 0.00100738 1.64031e-07
-3.08705e-08 0.00100738 1.61425e-07
-3.22544e-08 0.00100738 1.61425e-07
-3.08705e-08 0.00100738 1.58818e-07
-3.22544e-08 0.00100738 1.58818e-07
-3.08705e-08 0.00100738 1.56212e-07
-3.22544e-08 0.00100738 1.56212e-07
-3.08705e-08 0.00100738 1.53605e-07
-3.22544e-08 0.00100738 1.53605e-07
-3.08705e-08 0.00100738 1.50998e-07
-3.22544e-08 0.00100739 1.50998e-07
-3.08705e-08 0.00100738 1.48392e-07
-3.22544e-08 0.00100739 1.48392e-07
-3.08705e-08 0.00100738 1.45785e-07
-3.22544e-08 0.00100739 1.45785e-07
-3.08705e-08 0.00100738 1.43179e-07
-3.22544e-08 0.00100739 1.43179e-07
-3.08705e-08 0.00100738 1.40572e-07
-3.22544e-08 0.00100739 1.40572e-07
-3.08705e-08 0.00100738 1.37966e-07
-3.22544e-08 0.00100739 1.37966e-07
-3.08705e-08 0.00100739 1.35359e-07
-3.22544e-08 0.00100739 1.35359e-07
-3.08705e-08 0.00100739 1.32753e-07
-3.22544e-08 0.00100739 1.32753e-07
-3.08705e-08 0.00100739 1.30146e-07
-3.22544e-08 0.00100739 1.30146e-07
-3.08705e-08 0.00100739 1.27539e-07
-3.22544e-08 0.00100739 1.27539e-07
-3.08705e-08 0.00100739 1.24933e-07
-3.22544e-08 0.00100739 1.24933e-07
-3.08705e-08 0.00100739 1.22326e-07
-3.22544e-08 0.00100739 1.22326e-07
-3.08705e-08 0.00100739 1.1972e-07
-3.22544e-08 0.00100739 1.1972e-07
-3.08705e-08 0.00100739 1.17113e-07
-3.22544e-08 0.00100739 1.17113e-07
-3.08705e-08 0.00100739 1.14507e-07
-3.22544e-08 0.00100739 1.14507e-07
-3.08705e-08 0.00100739 1.119e-07
-3.22544e-08 0.00100739 1.119e-07
-3.08705e-08 0.00100739 1.09294e-07
-3.22544e-08 0.00100739 1.09294e-07
-3.08705e-08 0.00100739 1.06687e-07
-3.22544e-08 0.00100739 1.06687e-07
-3.08705e-08 0.00100739 1.0408e-07
-3.22544e-08 0.00100739 1.0408e-07
-3.08705e-08 0.00100739 1.01474e-07
-3.22544e-08 0.00100739 1.01474e-07
-3.08705e-08 0.00100739 9.88673e-08
-3.22544e-08 0.00100739 9.88673e-08
-3.08705e-08 0.00100739 9.62608e-08
-3.22544e-08 0.00100739 9.62608e-08
-3.08705e-08 0.00100739 9.36542e-08
-3.22544e-08 0.0010074 9.36542e-08
-3.08705e-08 0.00100739 9.10477e-08
-3.22544e-08 0.0010074 9.10477e-08
-3.08705e-08 0.00100739 8.84411e-08
-3.22544e-08 0.0010074 8.84411e-08
-3.08705e-08 0.00100739 8.58346e-08
-3.22544e-08 0.0010074 8.58346e-08
-3.08705e-08 0.00100739 8.3228e-08
-3.22544e-08 0.0010074 8.3228e-08
-3.08705e-08 0.00100739 8.06214e-08
-3.22544e-08 0.0010074 8.06214e-08
-3.08705e-08 0.0010074 7.80149e-08
-3.22544e-08 0.0010074 7.80149e-08
-3.08705e-08 0.0010074 7.54083e-08
-3.22544e-08 0.0010074 7.54083e-08
-3.08705e-08 0.0010074 7.28018e-08
-3.22544e-08 0.0010074 7.28018e-08
-3.08705e-08 0.0010074 7.01952e-08
-3.22544e-08 0.0010074 7.01952e-08
-3.08705e-08 0.0010074 6.75887e-08
-3.22544e-08 0.0010074 6.75887e-08
-3.08705e-08 0.0010074 6.49821e-08
-3.22544e-08 0.0010074 6.49821e-08
