-6.13942e-09 0.00101547 2.55984e-08
-6.13942e-09 0.00101547 8.66848e-08
-1.16927e-08 0.00101546 2.55984e-08
-1.16927e-08 0.00101547 8.66848e-08
-6.13942e-09 0.00101547 2.64352e-08
-6.13942e-09 0.00101547 2.7272e-08
-6.13942e-09 0.00101547 2.81088e-08
-6.13942e-09 0.00101547 2.89456e-08
-6.13942e-09 0.00101547 2.97824e-08
-6.13942e-09 0.00101547 3.06192e-08
-6.13942e-09 0.00101547 3.1456e-08
-6.13942e-09 0.00101547 3.22928e-08
-6.13942e-09 0.00101547 3.31296e-08
-6.13942e-09 0.00101547 3.39664e-08
-6.13942e-09 0.00101547 3.48032e-08
-6.13942e-09 0.00101547 3.564e-08
-6.13942e-09 0.00101547 3.64768e-08
-6.13942e-09 0.00101547 3.73136e-08
-6.13942e-09 0.00101547 3.81504e-08
-6.13942e-09 0.00101547 3.89872e-08
-6.13942e-09 0.00101547 3.9824e-08
-6.13942e-09 0.00101547 4.06608e-08
-6.13942e-09 0.00101547 4.14976e-08
-6.13942e-09 0.00101547 4.23344e-08
-6.13942e-09 0.00101547 4.31712e-08
-6.13942e-09 0.00101547 4.4008e-08
-6.13942e-09 0.00101547 4.48448e-08
-6.13942e-09 0.00101547 4.56816e-08
-6.13942e-09 0.00101547 4.65184e-08
-6.13942e-09 0.00101547 4.73552e-08
-6.13942e-09 0.00101547 4.8192e-08
-6.13942e-09 0.00101547 4.90288e-08
-6.13942e-09 0.00101547 4.98656e-08
-6.13942e-09 0.00101547 5.07024e-08
-6.13942e-09 0.00101547 5.15392e-08
-6.13942e-09 0.00101547 5.2376e-08
-6.13942e-09 0.00101547 5.32128e-08
-6.13942e-09 0.00101547 5.40496e-08
-6.13942e-09 0.00101547 5.48864e-08
-6.13942e-09 0.00101547 5.57232e-08
-6.13942e-09 0.00101547 5.656e-08
-6.13942e-09 0.00101547 5.73968e-08
-6.13942e-09 0.00101547 5.82336e-08
-6.13942e-09 0.00101547 5.90704e-08
-6.13942e-09 0.00101547 5.99072e-08
-6.13942e-09 0.00101547 6.0744e-08
-6.13942e-09 0.00101547 6.15808e-08
-6.13942e-09 0.00101547 6.24176e-08
-6.13942e-09 0.00101547 6.32544e-08
-6.13942e-09 0.00101547 6.40912e-08
-6.13942e-09 0.00101547 6.4928e-08
-6.13942e-09 0.00101547 6.57648e-08
-6.13942e-09 0.00101547 6.66016e-08
-6.13942e-09 0.00101547 6.74384e-08
-6.13942e-09 0.00101547 6.82752e-08
-6.13942e-09 0.00101547 6.9112e-08
-6.13942e-09 0.00101547 6.99488e-08
-6.13942e-09 0.00101547 7.07856e-08
-6.13942e-09 0.00101547 7.16224e-08
-6.13942e-09 0.00101547 7.24592e-08
-6.13942e-09 0.00101547 7.3296e-08
-6.13942e-09 0.00101547 7.41328e-08
-6.13942e-09 0.00101547 7.49696e-08
-6.13942e-09 0.00101547 7.58064e-08
-6.13942e-09 0.00101547 7.66432e-08
-6.13942e-09 0.00101547 7.748e-08
-6.13942e-09 0.00101547 7.83168e-08
-6.13942e-09 0.00101547 7.91536e-08
-6.13942e-09 0.00101547 7.99904e-08
-6.13942e-09 0.00101547 8.08272e-08
-6.13942e-09 0.00101547 8.16639e-08
-6.13942e-09 0.00101547 8.25008e-08
-6.13942e-09 0.00101547 8.33376e-08
-6.13942e-09 0.00101547 8.41744e-08
-6.13942e-09 0.00101547 8.50111e-08
-6.13942e-09 0.00101547 8.5848e-08
-6.93275e-09 0.00101547 8.66848e-08
-7.72608e-09 0.00101547 8.66848e-08
-8.51941e-09 0.00101547 8.66848e-08
-9.31274e-09 0.00101547 8.66848e-08
-1.01061e-08 0.00101547 8.66848e-08
-1.08994e-08 0.00101547 8.66848e-08
-6.93275e-09 0.00101546 2.55984e-08
-7.72608e-09 0.00101546 2.55984e-08
-8.51941e-09 0.00101546 2.55984e-08
-9.31274e-09 0.00101546 2.55984e-08
-1.01061e-08 0.00101546 2.55984e-08
-1.08994e-08 0.00101546 2.55984e-08
-1.16927e-08 0.00101547 8.5848e-08
-1.16927e-08 0.00101547 8.50111e-08
-1.16927e-08 0.00101547 8.41744e-08
-1.16927e-08 0.00101547 8.33376e-08
-1.16927e-08 0.00101547 8.25008e-08
-1.16927e-08 0.00101547 8.16639e-08
-1.16927e-08 0.00101547 8.08272e-08
-1.16927e-08 0.00101547 7.99904e-08
-1.16927e-08 0.00101547 7.91536e-08
-1.16927e-08 0.00101547 7.83168e-08
-1.16927e-08 0.00101547 7.748e-08
-1.16927e-08 0.00101547 7.66432e-08
-1.16927e-08 0.00101547 7.58064e-08
-1.16927e-08 0.00101547 7.49696e-08
-1.16927e-08 0.00101547 7.41328e-08
-1.16927e-08 0.00101547 7.3296e-08
-1.16927e-08 0.00101547 7.24592e-08
-1.16927e-08 0.00101547 7.16224e-08
-1.16927e-08 0.00101547 7.07856e-08
-1.16927e-08 0.00101547 6.99488e-08
-1.16927e-08 0.00101547 6.9112e-08
-1.16927e-08 0.00101547 6.82752e-08
-1.16927e-08 0.00101547 6.74384e-08
-1.16927e-08 0.00101547 6.66016e-08
-1.16927e-08 0.00101547 6.57648e-08
-1.16927e-08 0.00101547 6.4928e-08
-1.16927e-08 0.00101547 6.40912e-08
-1.16927e-08 0.00101547 6.32544e-08
-1.16927e-08 0.00101547 6.24176e-08
-1.16927e-08 0.00101547 6.15808e-08
-1.16927e-08 0.00101547 6.0744e-08
-1.16927e-08 0.00101547 5.99072e-08
-1.16927e-08 0.00101547 5.90704e-08
-1.16927e-08 0.00101547 5.82336e-08
-1.16927e-08 0.00101547 5.73968e-08
-1.16927e-08 0.00101547 5.656e-08
-1.16927e-08 0.00101547 5.57232e-08
-1.16927e-08 0.00101547 5.48864e-08
-1.16927e-08 0.00101547 5.40496e-08
-1.16927e-08 0.00101547 5.32128e-08
-1.16927e-08 0.00101547 5.2376e-08
-1.16927e-08 0.00101547 5.15392e-08
-1.16927e-08 0.00101547 5.07024e-08
-1.16927e-08 0.00101547 4.98656e-08
-1.16927e-08 0.00101547 4.90288e-08
-1.16927e-08 0.00101547 4.8192e-08
-1.16927e-08 0.00101547 4.73552e-08
-1.16927e-08 0.00101547 4.65184e-08
-1.16927e-08 0.00101547 4.56816e-08
-1.16927e-08 0.00101547 4.48448e-08
-1.16927e-08 0.00101547 4.4008e-08
-1.16927e-08 0.00101547 4.31712e-08
-1.16927e-08 0.00101547 4.23344e-08
-1.16927e-08 0.00101547 4.14976e-08
-1.16927e-08 0.00101547 4.06608e-08
-1.16927e-08 0.00101547 3.9824e-08
-1.16927e-08 0.00101547 3.89872e-08
-1.16927e-08 0.00101547 3.81504e-08
-1.16927e-08 0.00101547 3.73136e-08
-1.16927e-08 0.00101546 3.64768e-08
-1.16927e-08 0.00101546 3.564e-08
-1.16927e-08 0.00101546 3.48032e-08
-1.16927e-08 0.00101546 3.39664e-08
-1.16927e-08 0.00101546 3.31296e-08
-1.16927e-08 0.00101546 3.22928e-08
-1.16927e-08 0.00101546 3.1456e-08
-1.16927e-08 0.00101546 3.06192e-08
-1.16927e-08 0.00101546 2.97824e-08
-1.16927e-08 0.00101546 2.89456e-08
-1.16927e-08 0.00101546 2.81088e-08
-1.16927e-08 0.00101546 2.7272e-08
-1.16927e-08 0.00101546 2.64352e-08
-6.93275e-09 0.00101547 8.5848e-08
-6.93275e-09 0.00101547 8.50111e-08
-6.93275e-09 0.00101547 8.41744e-08
-6.93275e-09 0.00101547 8.33376e-08
-6.93275e-09 0.00101547 8.25008e-08
-6.93275e-09 0.00101547 8.16639e-08
-6.93275e-09 0.00101547 8.08272e-08
-6.93275e-09 0.00101547 7.99904e-08
-6.93275e-09 0.00101547 7.91536e-08
-6.93275e-09 0.00101547 7.83168e-08
-6.93275e-09 0.00101547 7.748e-08
-6.93275e-09 0.00101547 7.66432e-08
-6.93275e-09 0.00101547 7.58064e-08
-6.93275e-09 0.00101547 7.49696e-08
-6.93275e-09 0.00101547 7.41328e-08
-6.93275e-09 0.00101547 7.3296e-08
-6.93275e-09 0.00101547 7.24592e-08
-6.93275e-09 0.00101547 7.16224e-08
-6.93275e-09 0.00101547 7.07856e-08
-6.93275e-09 0.00101547 6.99488e-08
-6.93275e-09 0.00101547 6.9112e-08
-6.93275e-09 0.00101547 6.82752e-08
-6.93275e-09 0.00101547 6.74384e-08
-6.93275e-09 0.00101547 6.66016e-08
-6.93275e-09 0.00101547 6.57648e-08
-6.93275e-09 0.00101547 6.4928e-08
-6.93275e-09 0.00101547 6.40912e-08
-6.93275e-09 0.00101547 6.32544e-08
-6.93275e-09 0.00101547 6.24176e-08
-6.93275e-09 0.00101547 6.15808e-08
-6.93275e-09 0.00101547 6.0744e-08
-6.93275e-09 0.00101547 5.99072e-08
-6.93275e-09 0.00101547 5.90704e-08
-6.93275e-09 0.00101547 5.82336e-08
-6.93275e-09 0.00101547 5.73968e-08
-6.93275e-09 0.00101547 5.656e-08
-6.93275e-09 0.00101547 5.57232e-08
-6.93275e-09 0.00101547 5.48864e-08
-6.93275e-09 0.00101547 5.40496e-08
-6.93275e-09 0.00101547 5.32128e-08
-6.93275e-09 0.00101547 5.2376e-08
-6.93275e-09 0.00101547 5.15392e-08
-6.93275e-09 0.00101547 5.07024e-08
-6.93275e-09 0.00101547 4.98656e-08
-6.93275e-09 0.00101547 4.90288e-08
-6.93275e-09 0.00101547 4.8192e-08
-6.93275e-09 0.00101547 4.73552e-08
-6.93275e-09 0.00101547 4.65184e-08
-6.93275e-09 0.00101547 4.56816e-08
-6.93275e-09 0.00101547 4.48448e-08
-6.93275e-09 0.00101547 4.4008e-08
-6.93275e-09 0.00101547 4.31712e-08
-6.93275e-09 0.00101547 4.23344e-08
-6.93275e-09 0.00101547 4.14976e-08
-6.93275e-09 0.00101547 4.06608e-08
-6.93275e-09 0.00101547 3.9824e-08
-6.93275e-09 0.00101547 3.89872e-08
-6.93275e-09 0.00101547 3.81504e-08
-6.93275e-09 0.00101547 3.73136e-08
-6.93275e-09 0.00101547 3.64768e-08
-6.93275e-09 0.00101547 3.564e-08
-6.93275e-09 0.00101547 3.48032e-08
-6.93275e-09 0.00101547 3.39664e-08
-6.93275e-09 0.00101547 3.31296e-08
-6.93275e-09 0.00101547 3.22928e-08
-6.93275e-09 0.00101547 3.1456e-08
-6.93275e-09 0.00101547 3.06192e-08
-6.93275e-09 0.00101547 2.97824e-08
-6.93275e-09 0.00101547 2.89456e-08
-6.93275e-09 0.00101547 2.81088e-08
-6.93275e-09 0.00101547 2.7272e-08
-6.93275e-09 0.00101547 2.64352e-08
-7.72608e-09 0.00101547 8.5848e-08
-7.72608e-09 0.00101547 8.50111e-08
-7.72608e-09 0.00101547 8.41744e-08
-7.72608e-09 0.00101547 8.33376e-08
-7.72608e-09 0.00101547 8.25008e-08
-7.72608e-09 0.00101547 8.16639e-08
-7.72608e-09 0.00101547 8.08272e-08
-7.72608e-09 0.00101547 7.99904e-08
-7.72608e-09 0.00101547 7.91536e-08
-7.72608e-09 0.00101547 7.83168e-08
-7.72608e-09 0.00101547 7.748e-08
-7.72608e-09 0.00101547 7.66432e-08
-7.72608e-09 0.00101547 7.58064e-08
-7.72608e-09 0.00101547 7.49696e-08
-7.72608e-09 0.00101547 7.41328e-08
-7.72608e-09 0.00101547 7.3296e-08
-7.72608e-09 0.00101547 7.24592e-08
-7.72608e-09 0.00101547 7.16224e-08
-7.72608e-09 0.00101547 7.07856e-08
-7.72608e-09 0.00101547 6.99488e-08
-7.72608e-09 0.00101547 6.9112e-08
-7.72608e-09 0.00101547 6.82752e-08
-7.72608e-09 0.00101547 6.74384e-08
-7.72608e-09 0.00101547 6.66016e-08
-7.72608e-09 0.00101547 6.57648e-08
-7.72608e-09 0.00101547 6.4928e-08
-7.72608e-09 0.00101547 6.40912e-08
-7.72608e-09 0.00101547 6.32544e-08
-7.72608e-09 0.00101547 6.24176e-08
-7.72608e-09 0.00101547 6.15808e-08
-7.72608e-09 0.00101547 6.0744e-08
-7.72608e-09 0.00101547 5.99072e-08
-7.72608e-09 0.00101547 5.90704e-08
-7.72608e-09 0.00101547 5.82336e-08
-7.72608e-09 0.00101547 5.73968e-08
-7.72608e-09 0.00101547 5.656e-08
-7.72608e-09 0.00101547 5.57232e-08
-7.72608e-09 0.00101547 5.48864e-08
-7.72608e-09 0.00101547 5.40496e-08
-7.72608e-09 0.00101547 5.32128e-08
-7.72608e-09 0.00101547 5.2376e-08
-7.72608e-09 0.00101547 5.15392e-08
-7.72608e-09 0.00101547 5.07024e-08
-7.72608e-09 0.00101547 4.98656e-08
-7.72608e-09 0.00101547 4.90288e-08
-7.72608e-09 0.00101547 4.8192e-08
-7.72608e-09 0.00101547 4.73552e-08
-7.72608e-09 0.00101547 4.65184e-08
-7.72608e-09 0.00101547 4.56816e-08
-7.72608e-09 0.00101547 4.48448e-08
-7.72608e-09 0.00101547 4.4008e-08
-7.72608e-09 0.00101547 4.31712e-08
-7.72608e-09 0.00101547 4.23344e-08
-7.72608e-09 0.00101547 4.14976e-08
-7.72608e-09 0.00101547 4.06608e-08
-7.72608e-09 0.00101547 3.9824e-08
-7.72608e-09 0.00101547 3.89872e-08
-7.72608e-09 0.00101547 3.81504e-08
-7.72608e-09 0.00101547 3.73136e-08
-7.72608e-09 0.00101547 3.64768e-08
-7.72608e-09 0.00101547 3.564e-08
-7.72608e-09 0.00101547 3.48032e-08
-7.72608e-09 0.00101547 3.39664e-08
-7.72608e-09 0.00101547 3.31296e-08
-7.72608e-09 0.00101547 3.22928e-08
-7.72608e-09 0.00101547 3.1456e-08
-7.72608e-09 0.00101547 3.06192e-08
-7.72608e-09 0.00101547 2.97824e-08
-7.72608e-09 0.00101547 2.89456e-08
-7.72608e-09 0.00101547 2.81088e-08
-7.72608e-09 0.00101546 2.7272e-08
-7.72608e-09 0.00101546 2.64352e-08
-8.51941e-09 0.00101547 8.5848e-08
-8.51941e-09 0.00101547 8.50111e-08
-8.51941e-09 0.00101547 8.41744e-08
-8.51941e-09 0.00101547 8.33376e-08
-8.51941e-09 0.00101547 8.25008e-08
-8.51941e-09 0.00101547 8.16639e-08
-8.51941e-09 0.00101547 8.08272e-08
-8.51941e-09 0.00101547 7.99904e-08
-8.51941e-09 0.00101547 7.91536e-08
-8.51941e-09 0.00101547 7.83168e-08
-8.51941e-09 0.00101547 7.748e-08
-8.51941e-09 0.00101547 7.66432e-08
-8.51941e-09 0.00101547 7.58064e-08
-8.51941e-09 0.00101547 7.49696e-08
-8.51941e-09 0.00101547 7.41328e-08
-8.51941e-09 0.00101547 7.3296e-08
-8.51941e-09 0.00101547 7.24592e-08
-8.51941e-09 0.00101547 7.16224e-08
-8.51941e-09 0.00101547 7.07856e-08
-8.51941e-09 0.00101547 6.99488e-08
-8.51941e-09 0.00101547 6.9112e-08
-8.51941e-09 0.00101547 6.82752e-08
-8.51941e-09 0.00101547 6.74384e-08
-8.51941e-09 0.00101547 6.66016e-08
-8.51941e-09 0.00101547 6.57648e-08
-8.51941e-09 0.00101547 6.4928e-08
-8.51941e-09 0.00101547 6.40912e-08
-8.51941e-09 0.00101547 6.32544e-08
-8.51941e-09 0.00101547 6.24176e-08
-8.51941e-09 0.00101547 6.15808e-08
-8.51941e-09 0.00101547 6.0744e-08
-8.51941e-09 0.00101547 5.99072e-08
-8.51941e-09 0.00101547 5.90704e-08
-8.51941e-09 0.00101547 5.82336e-08
-8.51941e-09 0.00101547 5.73968e-08
-8.51941e-09 0.00101547 5.656e-08
-8.51941e-09 0.00101547 5.57232e-08
-8.51941e-09 0.00101547 5.48864e-08
-8.51941e-09 0.00101547 5.40496e-08
-8.51941e-09 0.00101547 5.32128e-08
-8.51941e-09 0.00101547 5.2376e-08
-8.51941e-09 0.00101547 5.15392e-08
-8.51941e-09 0.00101547 5.07024e-08
-8.51941e-09 0.00101547 4.98656e-08
-8.51941e-09 0.00101547 4.90288e-08
-8.51941e-09 0.00101547 4.8192e-08
-8.51941e-09 0.00101547 4.73552e-08
-8.51941e-09 0.00101547 4.65184e-08
-8.51941e-09 0.00101547 4.56816e-08
-8.51941e-09 0.00101547 4.48448e-08
-8.51941e-09 0.00101547 4.4008e-08
-8.51941e-09 0.00101547 4.31712e-08
-8.51941e-09 0.00101547 4.23344e-08
-8.51941e-09 0.00101547 4.14976e-08
-8.51941e-09 0.00101547 4.06608e-08
-8.51941e-09 0.00101547 3.9824e-08
-8.51941e-09 0.00101547 3.89872e-08
-8.51941e-09 0.00101547 3.81504e-08
-8.51941e-09 0.00101547 3.73136e-08
-8.51941e-09 0.00101547 3.64768e-08
-8.51941e-09 0.00101547 3.564e-08
-8.51941e-09 0.00101547 3.48032e-08
-8.51941e-09 0.00101547 3.39664e-08
-8.51941e-09 0.00101547 3.31296e-08
-8.51941e-09 0.00101547 3.22928e-08
-8.51941e-09 0.00101547 3.1456e-08
-8.51941e-09 0.00101547 3.06192e-08
-8.51941e-09 0.00101546 2.97824e-08
-8.51941e-09 0.00101546 2.89456e-08
-8.51941e-09 0.00101546 2.81088e-08
-8.51941e-09 0.00101546 2.7272e-08
-8.51941e-09 0.00101546 2.64352e-08
-9.31274e-09 0.00101547 8.5848e-08
-9.31274e-09 0.00101547 8.50111e-08
-9.31274e-09 0.00101547 8.41744e-08
-9.31274e-09 0.00101547 8.33376e-08
-9.31274e-09 0.00101547 8.25008e-08
-9.31274e-09 0.00101547 8.16639e-08
-9.31274e-09 0.00101547 8.08272e-08
-9.31274e-09 0.00101547 7.99904e-08
-9.31274e-09 0.00101547 7.91536e-08
-9.31274e-09 0.00101547 7.83168e-08
-9.31274e-09 0.00101547 7.748e-08
-9.31274e-09 0.00101547 7.66432e-08
-9.31274e-09 0.00101547 7.58064e-08
-9.31274e-09 0.00101547 7.49696e-08
-9.31274e-09 0.00101547 7.41328e-08
-9.31274e-09 0.00101547 7.3296e-08
-9.31274e-09 0.00101547 7.24592e-08
-9.31274e-09 0.00101547 7.16224e-08
-9.31274e-09 0.00101547 7.07856e-08
-9.31274e-09 0.00101547 6.99488e-08
-9.31274e-09 0.00101547 6.9112e-08
-9.31274e-09 0.00101547 6.82752e-08
-9.31274e-09 0.00101547 6.74384e-08
-9.31274e-09 0.00101547 6.66016e-08
-9.31274e-09 0.00101547 6.57648e-08
-9.31274e-09 0.00101547 6.4928e-08
-9.31274e-09 0.00101547 6.40912e-08
-9.31274e-09 0.00101547 6.32544e-08
-9.31274e-09 0.00101547 6.24176e-08
-9.31274e-09 0.00101547 6.15808e-08
-9.31274e-09 0.00101547 6.0744e-08
-9.31274e-09 0.00101547 5.99072e-08
-9.31274e-09 0.00101547 5.90704e-08
-9.31274e-09 0.00101547 5.82336e-08
-9.31274e-09 0.00101547 5.73968e-08
-9.31274e-09 0.00101547 5.656e-08
-9.31274e-09 0.00101547 5.57232e-08
-9.31274e-09 0.00101547 5.48864e-08
-9.31274e-09 0.00101547 5.40496e-08
-9.31274e-09 0.00101547 5.32128e-08
-9.31274e-09 0.00101547 5.2376e-08
-9.31274e-09 0.00101547 5.15392e-08
-9.31274e-09 0.00101547 5.07024e-08
-9.31274e-09 0.00101547 4.98656e-08
-9.31274e-09 0.00101547 4.90288e-08
-9.31274e-09 0.00101547 4.8192e-08
-9.31274e-09 0.00101547 4.73552e-08
-9.31274e-09 0.00101547 4.65184e-08
-9.31274e-09 0.00101547 4.56816e-08
-9.31274e-09 0.00101547 4.48448e-08
-9.31274e-09 0.00101547 4.4008e-08
-9.31274e-09 0.00101547 4.31712e-08
-9.31274e-09 0.00101547 4.23344e-08
-9.31274e-09 0.00101547 4.14976e-08
-9.31274e-09 0.00101547 4.06608e-08
-9.31274e-09 0.00101547 3.9824e-08
-9.31274e-09 0.00101547 3.89872e-08
-9.31274e-09 0.00101547 3.81504e-08
-9.31274e-09 0.00101547 3.73136e-08
-9.31274e-09 0.00101547 3.64768e-08
-9.31274e-09 0.00101547 3.564e-08
-9.31274e-09 0.00101547 3.48032e-08
-9.31274e-09 0.00101547 3.39664e-08
-9.31274e-09 0.00101547 3.31296e-08
-9.31274e-09 0.00101547 3.22928e-08
-9.31274e-09 0.00101546 3.1456e-08
-9.31274e-09 0.00101546 3.06192e-08
-9.31274e-09 0.00101546 2.97824e-08
-9.31274e-09 0.00101546 2.89456e-08
-9.31274e-09 0.00101546 2.81088e-08
-9.31274e-09 0.00101546 2.7272e-08
-9.31274e-09 0.00101546 2.64352e-08
-1.01061e-08 0.00101547 8.5848e-08
-1.01061e-08 0.00101547 8.50111e-08
-1.01061e-08 0.00101547 8.41744e-08
-1.01061e-08 0.00101547 8.33376e-08
-1.01061e-08 0.00101547 8.25008e-08
-1.01061e-08 0.00101547 8.16639e-08
-1.01061e-08 0.00101547 8.08272e-08
-1.01061e-08 0.00101547 7.99904e-08
-1.01061e-08 0.00101547 7.91536e-08
-1.01061e-08 0.00101547 7.83168e-08
-1.01061e-08 0.00101547 7.748e-08
-1.01061e-08 0.00101547 7.66432e-08
-1.01061e-08 0.00101547 7.58064e-08
-1.01061e-08 0.00101547 7.49696e-08
-1.01061e-08 0.00101547 7.41328e-08
-1.01061e-08 0.00101547 7.3296e-08
-1.01061e-08 0.00101547 7.24592e-08
-1.01061e-08 0.00101547 7.16224e-08
-1.01061e-08 0.00101547 7.07856e-08
-1.01061e-08 0.00101547 6.99488e-08
-1.01061e-08 0.00101547 6.9112e-08
-1.01061e-08 0.00101547 6.82752e-08
-1.01061e-08 0.00101547 6.74384e-08
-1.01061e-08 0.00101547 6.66016e-08
-1.01061e-08 0.00101547 6.57648e-08
-1.01061e-08 0.00101547 6.4928e-08
-1.01061e-08 0.00101547 6.40912e-08
-1.01061e-08 0.00101547 6.32544e-08
-1.01061e-08 0.00101547 6.24176e-08
-1.01061e-08 0.00101547 6.15808e-08
-1.01061e-08 0.00101547 6.0744e-08
-1.01061e-08 0.00101547 5.99072e-08
-1.01061e-08 0.00101547 5.90704e-08
-1.01061e-08 0.00101547 5.82336e-08
-1.01061e-08 0.00101547 5.73968e-08
-1.01061e-08 0.00101547 5.656e-08
-1.01061e-08 0.00101547 5.57232e-08
-1.01061e-08 0.00101547 5.48864e-08
-1.01061e-08 0.00101547 5.40496e-08
-1.01061e-08 0.00101547 5.32128e-08
-1.01061e-08 0.00101547 5.2376e-08
-1.01061e-08 0.00101547 5.15392e-08
-1.01061e-08 0.00101547 5.07024e-08
-1.01061e-08 0.00101547 4.98656e-08
-1.01061e-08 0.00101547 4.90288e-08
-1.01061e-08 0.00101547 4.8192e-08
-1.01061e-08 0.00101547 4.73552e-08
-1.01061e-08 0.00101547 4.65184e-08
-1.01061e-08 0.00101547 4.56816e-08
-1.01061e-08 0.00101547 4.48448e-08
-1.01061e-08 0.00101547 4.4008e-08
-1.01061e-08 0.00101547 4.31712e-08
-1.01061e-08 0.00101547 4.23344e-08
-1.01061e-08 0.00101547 4.14976e-08
-1.01061e-08 0.00101547 4.06608e-08
-1.01061e-08 0.00101547 3.9824e-08
-1.01061e-08 0.00101547 3.89872e-08
-1.01061e-08 0.00101547 3.81504e-08
-1.01061e-08 0.00101547 3.73136e-08
-1.01061e-08 0.00101547 3.64768e-08
-1.01061e-08 0.00101547 3.564e-08
-1.01061e-08 0.00101547 3.48032e-08
-1.01061e-08 0.00101547 3.39664e-08
-1.01061e-08 0.00101546 3.31296e-08
-1.01061e-08 0.00101546 3.22928e-08
-1.01061e-08 0.00101546 3.1456e-08
-1.01061e-08 0.00101546 3.06192e-08
-1.01061e-08 0.00101546 2.97824e-08
-1.01061e-08 0.00101546 2.89456e-08
-1.01061e-08 0.00101546 2.81088e-08
-1.01061e-08 0.00101546 2.7272e-08
-1.01061e-08 0.00101546 2.64352e-08
-1.08994e-08 0.00101547 8.5848e-08
-1.08994e-08 0.00101547 8.50111e-08
-1.08994e-08 0.00101547 8.41744e-08
-1.08994e-08 0.00101547 8.33376e-08
-1.08994e-08 0.00101547 8.25008e-08
-1.08994e-08 0.00101547 8.16639e-08
-1.08994e-08 0.00101547 8.08272e-08
-1.08994e-08 0.00101547 7.99904e-08
-1.08994e-08 0.00101547 7.91536e-08
-1.08994e-08 0.00101547 7.83168e-08
-1.08994e-08 0.00101547 7.748e-08
-1.08994e-08 0.00101547 7.66432e-08
-1.08994e-08 0.00101547 7.58064e-08
-1.08994e-08 0.00101547 7.49696e-08
-1.08994e-08 0.00101547 7.41328e-08
-1.08994e-08 0.00101547 7.3296e-08
-1.08994e-08 0.00101547 7.24592e-08
-1.08994e-08 0.00101547 7.16224e-08
-1.08994e-08 0.00101547 7.07856e-08
-1.08994e-08 0.00101547 6.99488e-08
-1.08994e-08 0.00101547 6.9112e-08
-1.08994e-08 0.00101547 6.82752e-08
-1.08994e-08 0.00101547 6.74384e-08
-1.08994e-08 0.00101547 6.66016e-08
-1.08994e-08 0.00101547 6.57648e-08
-1.08994e-08 0.00101547 6.4928e-08
-1.08994e-08 0.00101547 6.40912e-08
-1.08994e-08 0.00101547 6.32544e-08
-1.08994e-08 0.00101547 6.24176e-08
-1.08994e-08 0.00101547 6.15808e-08
-1.08994e-08 0.00101547 6.0744e-08
-1.08994e-08 0.00101547 5.99072e-08
-1.08994e-08 0.00101547 5.90704e-08
-1.08994e-08 0.00101547 5.82336e-08
-1.08994e-08 0.00101547 5.73968e-08
-1.08994e-08 0.00101547 5.656e-08
-1.08994e-08 0.00101547 5.57232e-08
-1.08994e-08 0.00101547 5.48864e-08
-1.08994e-08 0.00101547 5.40496e-08
-1.08994e-08 0.00101547 5.32128e-08
-1.08994e-08 0.00101547 5.2376e-08
-1.08994e-08 0.00101547 5.15392e-08
-1.08994e-08 0.00101547 5.07024e-08
-1.08994e-08 0.00101547 4.98656e-08
-1.08994e-08 0.00101547 4.90288e-08
-1.08994e-08 0.00101547 4.8192e-08
-1.08994e-08 0.00101547 4.73552e-08
-1.08994e-08 0.00101547 4.65184e-08
-1.08994e-08 0.00101547 4.56816e-08
-1.08994e-08 0.00101547 4.48448e-08
-1.08994e-08 0.00101547 4.4008e-08
-1.08994e-08 0.00101547 4.31712e-08
-1.08994e-08 0.00101547 4.23344e-08
-1.08994e-08 0.00101547 4.14976e-08
-1.08994e-08 0.00101547 4.06608e-08
-1.08994e-08 0.00101547 3.9824e-08
-1.08994e-08 0.00101547 3.89872e-08
-1.08994e-08 0.00101547 3.81504e-08
-1.08994e-08 0.00101547 3.73136e-08
-1.08994e-08 0.00101547 3.64768e-08
-1.08994e-08 0.00101547 3.564e-08
-1.08994e-08 0.00101546 3.48032e-08
-1.08994e-08 0.00101546 3.39664e-08
-1.08994e-08 0.00101546 3.31296e-08
-1.08994e-08 0.00101546 3.22928e-08
-1.08994e-08 0.00101546 3.1456e-08
-1.08994e-08 0.00101546 3.06192e-08
-1.08994e-08 0.00101546 2.97824e-08
-1.08994e-08 0.00101546 2.89456e-08
-1.08994e-08 0.00101546 2.81088e-08
-1.08994e-08 0.00101546 2.7272e-08
-1.08994e-08 0.00101546 2.64352e-08
-1.2137e-08 0.00101546 2.55984e-08
-1.16927e-08 0.00101546 2.55984e-08
-1.2137e-08 0.00101546 2.64352e-08
-1.16927e-08 0.00101546 2.64352e-08
-1.2137e-08 0.00101546 2.7272e-08
-1.16927e-08 0.00101546 2.7272e-08
-1.2137e-08 0.00101546 2.81088e-08
-1.16927e-08 0.00101546 2.81088e-08
-1.2137e-08 0.00101546 2.89456e-08
-1.16927e-08 0.00101546 2.89456e-08
-1.2137e-08 0.00101546 2.97824e-08
-1.16927e-08 0.00101546 2.97824e-08
-1.2137e-08 0.00101546 3.06192e-08
-1.16927e-08 0.00101546 3.06192e-08
-1.2137e-08 0.00101546 3.1456e-08
-1.16927e-08 0.00101546 3.1456e-08
-1.2137e-08 0.00101546 3.22928e-08
-1.16927e-08 0.00101546 3.22928e-08
-1.2137e-08 0.00101546 3.31296e-08
-1.16927e-08 0.00101546 3.31296e-08
-1.2137e-08 0.00101546 3.39664e-08
-1.16927e-08 0.00101546 3.39664e-08
-1.2137e-08 0.00101546 3.48032e-08
-1.16927e-08 0.00101546 3.48032e-08
-1.2137e-08 0.00101546 3.564e-08
-1.16927e-08 0.00101546 3.564e-08
-1.2137e-08 0.00101546 3.64768e-08
-1.16927e-08 0.00101546 3.64768e-08
-1.2137e-08 0.00101546 3.73136e-08
-1.16927e-08 0.00101547 3.73136e-08
-1.2137e-08 0.00101546 3.81504e-08
-1.16927e-08 0.00101547 3.81504e-08
-1.2137e-08 0.00101547 3.89872e-08
-1.16927e-08 0.00101547 3.89872e-08
-1.2137e-08 0.00101547 3.9824e-08
-1.16927e-08 0.00101547 3.9824e-08
-1.2137e-08 0.00101547 4.06608e-08
-1.16927e-08 0.00101547 4.06608e-08
-1.2137e-08 0.00101547 4.14976e-08
-1.16927e-08 0.00101547 4.14976e-08
-1.2137e-08 0.00101547 4.23344e-08
-1.16927e-08 0.00101547 4.23344e-08
-1.2137e-08 0.00101547 4.31712e-08
-1.16927e-08 0.00101547 4.31712e-08
-1.2137e-08 0.00101547 4.4008e-08
-1.16927e-08 0.00101547 4.4008e-08
-1.2137e-08 0.00101547 4.48448e-08
-1.16927e-08 0.00101547 4.48448e-08
-1.2137e-08 0.00101547 4.56816e-08
-1.16927e-08 0.00101547 4.56816e-08
-1.2137e-08 0.00101547 4.65184e-08
-1.16927e-08 0.00101547 4.65184e-08
-1.2137e-08 0.00101547 4.73552e-08
-1.16927e-08 0.00101547 4.73552e-08
-1.2137e-08 0.00101547 4.8192e-08
-1.16927e-08 0.00101547 4.8192e-08
-1.2137e-08 0.00101547 4.90288e-08
-1.16927e-08 0.00101547 4.90288e-08
-1.2137e-08 0.00101547 4.98656e-08
-1.16927e-08 0.00101547 4.98656e-08
-1.2137e-08 0.00101547 5.07024e-08
-1.16927e-08 0.00101547 5.07024e-08
-1.2137e-08 0.00101547 5.15392e-08
-1.16927e-08 0.00101547 5.15392e-08
-1.2137e-08 0.00101547 5.2376e-08
-1.16927e-08 0.00101547 5.2376e-08
-1.2137e-08 0.00101547 5.32128e-08
-1.16927e-08 0.00101547 5.32128e-08
-1.2137e-08 0.00101547 5.40496e-08
-1.16927e-08 0.00101547 5.40496e-08
-1.2137e-08 0.00101547 5.48864e-08
-1.16927e-08 0.00101547 5.48864e-08
-1.2137e-08 0.00101547 5.57232e-08
-1.16927e-08 0.00101547 5.57232e-08
-1.2137e-08 0.00101547 5.656e-08
-1.16927e-08 0.00101547 5.656e-08
-1.2137e-08 0.00101547 5.73968e-08
-1.16927e-08 0.00101547 5.73968e-08
-1.2137e-08 0.00101547 5.82336e-08
-1.16927e-08 0.00101547 5.82336e-08
-1.2137e-08 0.00101547 5.90704e-08
-1.16927e-08 0.00101547 5.90704e-08
-1.2137e-08 0.00101547 5.99072e-08
-1.16927e-08 0.00101547 5.99072e-08
-1.2137e-08 0.00101547 6.0744e-08
-1.16927e-08 0.00101547 6.0744e-08
-1.2137e-08 0.00101547 6.15808e-08
-1.16927e-08 0.00101547 6.15808e-08
-1.2137e-08 0.00101547 6.24176e-08
-1.16927e-08 0.00101547 6.24176e-08
-1.2137e-08 0.00101547 6.32544e-08
-1.16927e-08 0.00101547 6.32544e-08
-1.2137e-08 0.00101547 6.40912e-08
-1.16927e-08 0.00101547 6.40912e-08
-1.2137e-08 0.00101547 6.4928e-08
-1.16927e-08 0.00101547 6.4928e-08
-1.2137e-08 0.00101547 6.57648e-08
-1.16927e-08 0.00101547 6.57648e-08
-1.2137e-08 0.00101547 6.66016e-08
-1.16927e-08 0.00101547 6.66016e-08
-1.2137e-08 0.00101547 6.74384e-08
-1.16927e-08 0.00101547 6.74384e-08
-1.2137e-08 0.00101547 6.82752e-08
-1.16927e-08 0.00101547 6.82752e-08
-1.2137e-08 0.00101547 6.9112e-08
-1.16927e-08 0.00101547 6.9112e-08
-1.2137e-08 0.00101547 6.99488e-08
-1.16927e-08 0.00101547 6.99488e-08
-1.2137e-08 0.00101547 7.07856e-08
-1.16927e-08 0.00101547 7.07856e-08
-1.2137e-08 0.00101547 7.16224e-08
-1.16927e-08 0.00101547 7.16224e-08
-1.2137e-08 0.00101547 7.24592e-08
-1.16927e-08 0.00101547 7.24592e-08
-1.2137e-08 0.00101547 7.3296e-08
-1.16927e-08 0.00101547 7.3296e-08
-1.2137e-08 0.00101547 7.41328e-08
-1.16927e-08 0.00101547 7.41328e-08
-1.2137e-08 0.00101547 7.49696e-08
-1.16927e-08 0.00101547 7.49696e-08
-1.2137e-08 0.00101547 7.58064e-08
-1.16927e-08 0.00101547 7.58064e-08
-1.2137e-08 0.00101547 7.66432e-08
-1.16927e-08 0.00101547 7.66432e-08
-1.2137e-08 0.00101547 7.748e-08
-1.16927e-08 0.00101547 7.748e-08
-1.2137e-08 0.00101547 7.83168e-08
-1.16927e-08 0.00101547 7.83168e-08
-1.2137e-08 0.00101547 7.91536e-08
-1.16927e-08 0.00101547 7.91536e-08
-1.2137e-08 0.00101547 7.99904e-08
-1.16927e-08 0.00101547 7.99904e-08
-1.2137e-08 0.00101547 8.08272e-08
-1.16927e-08 0.00101547 8.08272e-08
-1.2137e-08 0.00101547 8.16639e-08
-1.16927e-08 0.00101547 8.16639e-08
-1.2137e-08 0.00101547 8.25008e-08
-1.16927e-08 0.00101547 8.25008e-08
-1.2137e-08 0.00101547 8.33376e-08
-1.16927e-08 0.00101547 8.33376e-08
-1.2137e-08 0.00101547 8.41744e-08
-1.16927e-08 0.00101547 8.41744e-08
-1.2137e-08 0.00101547 8.50111e-08
-1.16927e-08 0.00101547 8.50111e-08
-1.2137e-08 0.00101547 8.5848e-08
-1.16927e-08 0.00101547 8.5848e-08
-1.2137e-08 0.00101547 8.66848e-08
-1.16927e-08 0.00101547 8.66848e-08
-6.13942e-09 0.00101547 2.55984e-08
-5.69516e-09 0.00101547 2.55984e-08
-6.13942e-09 0.00101547 2.64352e-08
-5.69516e-09 0.00101547 2.64352e-08
-6.13942e-09 0.00101547 2.7272e-08
-5.69516e-09 0.00101547 2.7272e-08
-6.13942e-09 0.00101547 2.81088e-08
-5.69516e-09 0.00101547 2.81088e-08
-6.13942e-09 0.00101547 2.89456e-08
-5.69516e-09 0.00101547 2.89456e-08
-6.13942e-09 0.00101547 2.97824e-08
-5.69516e-09 0.00101547 2.97824e-08
-6.13942e-09 0.00101547 3.06192e-08
-5.69516e-09 0.00101547 3.06192e-08
-6.13942e-09 0.00101547 3.1456e-08
-5.69516e-09 0.00101547 3.1456e-08
-6.13942e-09 0.00101547 3.22928e-08
-5.69516e-09 0.00101547 3.22928e-08
-6.13942e-09 0.00101547 3.31296e-08
-5.69516e-09 0.00101547 3.31296e-08
-6.13942e-09 0.00101547 3.39664e-08
-5.69516e-09 0.00101547 3.39664e-08
-6.13942e-09 0.00101547 3.48032e-08
-5.69516e-09 0.00101547 3.48032e-08
-6.13942e-09 0.00101547 3.564e-08
-5.69516e-09 0.00101547 3.564e-08
-6.13942e-09 0.00101547 3.64768e-08
-5.69516e-09 0.00101547 3.64768e-08
-6.13942e-09 0.00101547 3.73136e-08
-5.69516e-09 0.00101547 3.73136e-08
-6.13942e-09 0.00101547 3.81504e-08
-5.69516e-09 0.00101547 3.81504e-08
-6.13942e-09 0.00101547 3.89872e-08
-5.69516e-09 0.00101547 3.89872e-08
-6.13942e-09 0.00101547 3.9824e-08
-5.69516e-09 0.00101547 3.9824e-08
-6.13942e-09 0.00101547 4.06608e-08
-5.69516e-09 0.00101547 4.06608e-08
-6.13942e-09 0.00101547 4.14976e-08
-5.69516e-09 0.00101547 4.14976e-08
-6.13942e-09 0.00101547 4.23344e-08
-5.69516e-09 0.00101547 4.23344e-08
-6.13942e-09 0.00101547 4.31712e-08
-5.69516e-09 0.00101547 4.31712e-08
-6.13942e-09 0.00101547 4.4008e-08
-5.69516e-09 0.00101547 4.4008e-08
-6.13942e-09 0.00101547 4.48448e-08
-5.69516e-09 0.00101547 4.48448e-08
-6.13942e-09 0.00101547 4.56816e-08
-5.69516e-09 0.00101547 4.56816e-08
-6.13942e-09 0.00101547 4.65184e-08
-5.69516e-09 0.00101547 4.65184e-08
-6.13942e-09 0.00101547 4.73552e-08
-5.69516e-09 0.00101547 4.73552e-08
-6.13942e-09 0.00101547 4.8192e-08
-5.69516e-09 0.00101547 4.8192e-08
-6.13942e-09 0.00101547 4.90288e-08
-5.69516e-09 0.00101547 4.90288e-08
-6.13942e-09 0.00101547 4.98656e-08
-5.69516e-09 0.00101547 4.98656e-08
-6.13942e-09 0.00101547 5.07024e-08
-5.69516e-09 0.00101547 5.07024e-08
-6.13942e-09 0.00101547 5.15392e-08
-5.69516e-09 0.00101547 5.15392e-08
-6.13942e-09 0.00101547 5.2376e-08
-5.69516e-09 0.00101547 5.2376e-08
-6.13942e-09 0.00101547 5.32128e-08
-5.69516e-09 0.00101547 5.32128e-08
-6.13942e-09 0.00101547 5.40496e-08
-5.69516e-09 0.00101547 5.40496e-08
-6.13942e-09 0.00101547 5.48864e-08
-5.69516e-09 0.00101547 5.48864e-08
-6.13942e-09 0.00101547 5.57232e-08
-5.69516e-09 0.00101547 5.57232e-08
-6.13942e-09 0.00101547 5.656e-08
-5.69516e-09 0.00101547 5.656e-08
-6.13942e-09 0.00101547 5.73968e-08
-5.69516e-09 0.00101547 5.73968e-08
-6.13942e-09 0.00101547 5.82336e-08
-5.69516e-09 0.00101547 5.82336e-08
-6.13942e-09 0.00101547 5.90704e-08
-5.69516e-09 0.00101547 5.90704e-08
-6.13942e-09 0.00101547 5.99072e-08
-5.69516e-09 0.00101547 5.99072e-08
-6.13942e-09 0.00101547 6.0744e-08
-5.69516e-09 0.00101547 6.0744e-08
-6.13942e-09 0.00101547 6.15808e-08
-5.69516e-09 0.00101547 6.15808e-08
-6.13942e-09 0.00101547 6.24176e-08
-5.69516e-09 0.00101547 6.24176e-08
-6.13942e-09 0.00101547 6.32544e-08
-5.69516e-09 0.00101547 6.32544e-08
-6.13942e-09 0.00101547 6.40912e-08
-5.69516e-09 0.00101547 6.40912e-08
-6.13942e-09 0.00101547 6.4928e-08
-5.69516e-09 0.00101547 6.4928e-08
-6.13942e-09 0.00101547 6.57648e-08
-5.69516e-09 0.00101547 6.57648e-08
-6.13942e-09 0.00101547 6.66016e-08
-5.69516e-09 0.00101547 6.66016e-08
-6.13942e-09 0.00101547 6.74384e-08
-5.69516e-09 0.00101547 6.74384e-08
-6.13942e-09 0.00101547 6.82752e-08
-5.69516e-09 0.00101547 6.82752e-08
-6.13942e-09 0.00101547 6.9112e-08
-5.69516e-09 0.00101547 6.9112e-08
-6.13942e-09 0.00101547 6.99488e-08
-5.69516e-09 0.00101547 6.99488e-08
-6.13942e-09 0.00101547 7.07856e-08
-5.69516e-09 0.00101547 7.07856e-08
-6.13942e-09 0.00101547 7.16224e-08
-5.69516e-09 0.00101547 7.16224e-08
-6.13942e-09 0.00101547 7.24592e-08
-5.69516e-09 0.00101547 7.24592e-08
-6.13942e-09 0.00101547 7.3296e-08
-5.69516e-09 0.00101547 7.3296e-08
-6.13942e-09 0.00101547 7.41328e-08
-5.69516e-09 0.00101547 7.41328e-08
-6.13942e-09 0.00101547 7.49696e-08
-5.69516e-09 0.00101547 7.49696e-08
-6.13942e-09 0.00101547 7.58064e-08
-5.69516e-09 0.00101547 7.58064e-08
-6.13942e-09 0.00101547 7.66432e-08
-5.69516e-09 0.00101547 7.66432e-08
-6.13942e-09 0.00101547 7.748e-08
-5.69516e-09 0.00101547 7.748e-08
-6.13942e-09 0.00101547 7.83168e-08
-5.69516e-09 0.00101547 7.83168e-08
-6.13942e-09 0.00101547 7.91536e-08
-5.69516e-09 0.00101547 7.91536e-08
-6.13942e-09 0.00101547 7.99904e-08
-5.69516e-09 0.00101547 7.99904e-08
-6.13942e-09 0.00101547 8.08272e-08
-5.69516e-09 0.00101547 8.08272e-08
-6.13942e-09 0.00101547 8.16639e-08
-5.69516e-09 0.00101547 8.16639e-08
-6.13942e-09 0.00101547 8.25008e-08
-5.69516e-09 0.00101547 8.25008e-08
-6.13942e-09 0.00101547 8.33376e-08
-5.69516e-09 0.00101547 8.33376e-08
-6.13942e-09 0.00101547 8.41744e-08
-5.69516e-09 0.00101547 8.41744e-08
-6.13942e-09 0.00101547 8.50111e-08
-5.69516e-09 0.00101547 8.50111e-08
-6.13942e-09 0.00101547 8.5848e-08
-5.69516e-09 0.00101547 8.5848e-08
-6.13942e-09 0.00101547 8.66848e-08
-5.69516e-09 0.00101547 8.66848e-08
